"ID","Longitude","Latitude","ServiceTime (min)"
111077,4.72156,49.78164,2
111078,4.7286,49.77628,2
111079,4.72156,49.78164,2
111080,4.7286,49.77628,2
111081,4.7232,49.77887,2
111082,4.72348,49.77872,2
111083,4.7286,49.77628,2
111084,4.72377,49.77856,2
111085,4.7286,49.77628,2
111086,4.7286,49.77628,2
111087,4.72405,49.7784,2
111088,4.72425,49.77825,2
111089,4.72958,49.77622,2
111090,4.72441,49.77812,2
111091,4.72914,49.77625,2
111092,4.72992,49.77619,2
111093,4.72457,49.77799,2
111094,4.72455,49.7782,2
111095,4.72992,49.77619,2
111096,4.73027,49.77616,2
111097,4.72487,49.77844,2
111098,4.73064,49.77607,2
111099,4.72605,49.77873,2
111100,4.73095,49.77594,2
111101,4.72575,49.78004,2
111102,4.73126,49.77581,2
111103,4.72511,49.78006,2
111104,4.73126,49.77581,2
111105,4.72429,49.78032,2
111106,4.73158,49.77568,2
111107,4.72429,49.78032,2
111108,4.73185,49.77556,2
111109,4.72429,49.78032,2
111110,4.73208,49.77546,2
111111,4.72429,49.78032,2
111112,4.73231,49.77535,2
111113,4.72402,49.78007,2
111114,4.73231,49.77535,2
111115,4.72289,49.77988,2
111116,4.73249,49.7753,2
111117,4.73269,49.77527,2
111118,4.72261,49.77983,2
111119,4.73293,49.77523,2
111120,4.72233,49.77978,2
111121,4.73321,49.77519,2
111122,4.72243,49.77967,2
111123,4.73363,49.77513,2
111124,4.72281,49.77974,2
111125,4.73407,49.77507,2
111126,4.7232,49.77981,2
111127,4.73439,49.77502,2
111128,4.72358,49.77988,2
111129,4.73482,49.77497,2
111130,4.72396,49.77994,2
111131,4.73533,49.77489,2
111132,4.72434,49.77997,2
111133,4.73533,49.77489,2
111134,4.73533,49.77489,2
111135,4.72473,49.77996,2
111136,4.73567,49.77485,2
111137,4.72549,49.77993,2
111138,4.72587,49.77992,2
111139,4.7358,49.77482,2
111140,4.72187,49.78041,2
111141,4.7358,49.77482,2
111142,4.72223,49.78047,2
111143,4.73574,49.77471,2
111144,4.72228,49.78039,2
111145,4.73574,49.77471,2
111146,4.72232,49.78031,2
111147,4.73574,49.77471,2
111148,4.72248,49.78036,2
111149,4.73561,49.77474,2
111150,4.72242,49.78049,2
111151,4.72239,49.78076,2
111152,4.73543,49.77477,2
111153,4.73543,49.77477,2
111154,4.7223,49.78076,2
111155,4.73543,49.77477,2
111156,4.73543,49.77477,2
111157,4.72244,49.781,2
111158,4.73543,49.77477,2
111159,4.73852,49.77403,2
111160,4.72241,49.78115,2
111161,4.73543,49.77477,2
111162,4.73852,49.77403,2
111163,4.73543,49.77477,2
111164,4.73852,49.77403,2
111165,4.72235,49.78116,2
111166,4.73517,49.7748,2
111167,4.72228,49.78117,2
111168,4.73491,49.77483,2
111169,4.72222,49.78117,2
111170,4.73465,49.77487,2
111171,4.72211,49.78102,2
111172,4.73465,49.77487,2
111173,4.72221,49.78076,2
111174,4.73436,49.77491,2
111175,4.7223,49.78076,2
111176,4.73403,49.77495,2
111177,4.73596,49.77479,2
111178,4.73403,49.77495,2
111179,4.73378,49.77499,2
111180,4.73596,49.77479,2
111181,4.73359,49.77502,2
111182,4.73596,49.77479,2
111183,4.7334,49.77504,2
111184,4.73596,49.77479,2
111185,4.73249,49.7751,2
111186,4.73253,49.77524,2
111187,4.73596,49.77479,2
111188,4.73619,49.77474,2
111189,4.73271,49.77513,2
111190,4.73639,49.77467,2
111191,4.73288,49.77502,2
111192,4.73663,49.77459,2
111193,4.73306,49.7749,2
111194,4.73692,49.7745,2
111195,4.73285,49.77488,2
111196,4.73721,49.77441,2
111197,4.7332,49.77465,2
111198,4.7375,49.77432,2
111199,4.73355,49.77443,2
111200,4.73324,49.77479,2
111201,4.73759,49.77433,2
111202,4.73342,49.77468,2
111203,4.7377,49.7745,2
111204,4.73359,49.77457,2
111205,4.73782,49.77466,2
111206,4.73359,49.77457,2
111207,4.73794,49.77479,2
111208,4.73359,49.77457,2
111209,4.73777,49.77488,2
111210,4.73377,49.77446,2
111211,4.73807,49.77486,2
111212,4.73812,49.77488,2
111213,4.73434,49.77414,2
111214,4.73794,49.77421,2
111215,4.73395,49.77435,2
111216,4.73795,49.77457,2
111217,4.73413,49.77423,2
111218,4.73778,49.77432,2
111219,4.73379,49.77394,2
111220,4.73855,49.77408,2
111221,4.7315,49.77526,2
111222,4.73804,49.7747,2
111223,4.7351,49.77443,2
111224,4.73852,49.77487,2
111225,4.735,49.77439,2
111226,4.73856,49.77482,2
111227,4.73491,49.77436,2
111228,4.7386,49.77476,2
111229,4.73481,49.77432,2
111230,4.73863,49.77471,2
111231,4.73472,49.77428,2
111232,4.73867,49.77466,2
111233,4.7351,49.77443,2
111234,4.73852,49.77457,2
111235,4.73462,49.77425,2
111236,4.73843,49.7746,2
111237,4.73453,49.77421,2
111238,4.73833,49.77463,2
111239,4.73453,49.77421,2
111240,4.73824,49.77466,2
111241,4.73815,49.77468,2
111242,4.73453,49.77421,2
111243,4.73805,49.77471,2
111244,4.73423,49.77423,2
111245,4.738,49.77475,2
111246,4.73447,49.77432,2
111247,4.7347,49.77441,2
111248,4.738,49.77475,2
111249,4.73494,49.7745,2
111250,4.73889,49.77516,2
111251,4.73538,49.77465,2
111252,4.73867,49.77508,2
111253,4.73566,49.7752,2
111254,4.73584,49.77527,2
111255,4.73845,49.77501,2
111256,4.73602,49.77534,2
111257,4.73832,49.77496,2
111258,4.73638,49.77549,2
111259,4.73827,49.77494,2
111260,4.73656,49.77556,2
111261,4.73822,49.77492,2
111262,4.73674,49.77563,2
111263,4.73817,49.7749,2
111264,4.73852,49.77403,2
111265,4.73757,49.77582,2
111266,4.72764,49.77942,2
111267,4.73715,49.77579,2
111268,4.72777,49.77937,2
111269,4.7378,49.77604,2
111270,4.7279,49.77932,2
111271,4.73616,49.77483,2
111272,4.72803,49.77927,2
111273,4.73622,49.77472,2
111274,4.72816,49.77922,2
111275,4.73647,49.77482,2
111276,4.73673,49.77491,2
111277,4.73249,49.7751,2
111278,4.72608,49.77991,2
111279,4.73673,49.77491,2
111280,4.72617,49.77988,2
111281,4.73673,49.77491,2
111282,4.72627,49.77986,2
111283,4.73673,49.77491,2
111284,4.727851,49.779363,2
111285,4.73673,49.77491,2
111286,4.72647,49.77981,2
111287,4.73673,49.77491,2
111288,4.728042,49.779288,2
111289,4.73698,49.77501,2
111290,4.72666,49.77976,2
111291,4.73698,49.77501,2
111292,4.72676,49.77974,2
111293,4.73698,49.77501,2
111294,4.72825,49.77916,2
111295,4.72836,49.77906,2
111296,4.73698,49.77501,2
111297,4.72846,49.77896,2
111298,4.73698,49.77501,2
111299,4.72857,49.77886,2
111300,4.73698,49.77501,2
111301,4.73723,49.7751,2
111302,4.73723,49.7751,2
111303,4.73723,49.7751,2
111304,4.73723,49.7751,2
111305,4.73723,49.7751,2
111306,4.73201,49.77671,2
111307,4.73723,49.7751,2
111308,4.73648,49.77495,2
111309,4.73679,49.77507,2
111310,4.73711,49.77519,2
111311,4.73744,49.77518,2
111312,4.73762,49.77525,2
111313,4.7378,49.77532,2
111314,4.73798,49.77539,2
111315,4.73816,49.77545,2
111316,4.73834,49.77552,2
111317,4.73852,49.77559,2
111318,4.73828,49.77563,2
111319,4.73812,49.77557,2
111320,4.73797,49.77552,2
111321,4.73734,49.77528,2
111322,4.7375,49.77534,2
111323,4.73765,49.7754,2
111324,4.73781,49.77546,2
111325,4.73844,49.77569,2
111326,4.73338,49.77711,2
111327,4.73315,49.77704,2
111328,4.73293,49.77698,2
111329,4.7327,49.77691,2
111330,4.73247,49.77684,2
111331,4.73224,49.77678,2
111332,4.73179,49.77665,2
111333,4.73133,49.77651,2
111334,4.73179,49.77665,2
111335,4.73373,49.77708,2
111336,4.7336,49.77704,2
111337,4.7336,49.77704,2
111338,4.7336,49.77704,2
111339,4.7336,49.77704,2
111340,4.73334,49.77697,2
111341,4.7332,49.77693,2
111342,4.73307,49.77689,2
111343,4.73294,49.77685,2
111344,4.73281,49.77681,2
111345,4.73267,49.77678,2
111346,4.73293,49.77698,2
111347,4.73254,49.77674,2
111348,4.73293,49.77698,2
111349,4.72975,49.77678,2
111350,4.73241,49.7767,2
111351,4.73228,49.77666,2
111352,4.73228,49.77666,2
111353,4.73215,49.77662,2
111354,4.73201,49.77658,2
111355,4.73175,49.77651,2
111356,4.73149,49.77643,2
111357,4.73162,49.77647,2
111358,4.73188,49.77655,2
111359,4.73135,49.77639,2
111360,4.73135,49.77639,2
111361,4.73109,49.77648,2
111362,4.73128,49.7765,2
111363,4.73128,49.7765,2
111364,4.7306,49.77662,2
111365,4.73085,49.77667,2
111366,4.73092,49.77665,2
111367,4.73065,49.77659,2
111368,4.73045,49.7765,2
111369,4.7306,49.77662,2
111370,4.7312,49.77659,2
111371,4.73111,49.77667,2
111372,4.73102,49.77675,2
111373,4.73102,49.77675,2
111374,4.73094,49.77683,2
111375,4.73087,49.77691,2
111376,4.73079,49.77699,2
111377,4.73072,49.77706,2
111378,4.73072,49.77706,2
111379,4.73064,49.77714,2
111380,4.73057,49.7772,2
111381,4.7305,49.77727,2
111382,4.73044,49.77734,2
111383,4.73044,49.77734,2
111384,4.73037,49.7774,2
111385,4.7303,49.77747,2
111386,4.73023,49.77754,2
111387,4.73016,49.7776,2
111388,4.73009,49.77767,2
111389,4.73002,49.77774,2
111390,4.72994,49.77782,2
111391,4.72984,49.77791,2
111392,4.72974,49.77799,2
111393,4.72964,49.77808,2
111394,4.72955,49.77817,2
111395,4.72945,49.77825,2
111396,4.729,49.77846,2
111397,4.7254,49.7763,2
111398,4.7286,49.77628,2
111399,4.72923,49.77825,2
111400,4.73095,49.77594,2
111401,4.7289,49.77856,2
111402,4.73533,49.77489,2
111403,4.73574,49.77471,2
111404,4.72934,49.77816,2
111405,4.73574,49.77471,2
111406,4.72945,49.77806,2
111407,4.73249,49.7751,2
111408,4.72956,49.77796,2
111409,4.73673,49.77491,2
111410,4.72967,49.77786,2
111411,4.72978,49.77776,2
111412,4.73092,49.77665,2
111413,4.73085,49.77667,2
111414,4.72995,49.7776,2
111415,4.73038,49.77691,2
111416,4.72987,49.77767,2
111417,4.73038,49.77691,2
111418,4.72706,49.77675,2
111419,4.73003,49.77752,2
111420,4.73596,49.77479,2
111421,4.73011,49.77745,2
111422,4.73018,49.77737,2
111423,4.73026,49.7773,2
111424,4.73034,49.77722,2
111425,4.73041,49.77715,2
111426,4.73049,49.77707,2
111427,4.73068,49.77689,2
111428,4.73038,49.77691,2
111429,4.73056,49.77698,2
111430,4.73019,49.77683,2
111431,4.73019,49.77683,2
111432,4.73038,49.77691,2
111433,4.73038,49.77691,2
111434,4.73038,49.77691,2
111435,4.7347,49.77441,2
111436,4.73019,49.77683,2
111437,4.73001,49.77675,2
111438,4.72927,49.77666,2
111439,4.73019,49.77696,2
111440,4.7299,49.77685,2
111441,4.72979,49.77697,2
111442,4.72969,49.77708,2
111443,4.72959,49.7772,2
111444,4.72958,49.77622,2
111445,4.72949,49.77731,2
111446,4.72939,49.77743,2
111447,4.72961,49.7776,2
111448,4.72975,49.77678,2
111449,4.72968,49.77687,2
111450,4.7296,49.77695,2
111451,4.72952,49.77704,2
111452,4.72945,49.77713,2
111453,4.72937,49.77721,2
111454,4.7293,49.7773,2
111455,4.72922,49.77739,2
111456,4.72915,49.77747,2
111457,4.72909,49.77755,2
111458,4.72903,49.77763,2
111459,4.72897,49.77771,2
111460,4.72891,49.77779,2
111461,4.72956,49.7771,2
111462,4.72931,49.77753,2
111463,4.72925,49.7776,2
111464,4.72919,49.77768,2
111465,4.72913,49.77776,2
111466,4.72937,49.77758,2
111467,4.7297,49.77772,2
111468,4.72827,49.77743,2
111469,4.72615,49.77687,2
111470,4.72615,49.77687,2
111471,4.72708,49.77686,2
111472,4.72706,49.77675,2
111473,4.72812,49.77666,2
111474,4.72758,49.77743,2
111475,4.72869,49.77678,2
111476,4.72858,49.77694,2
111477,4.72848,49.77711,2
111478,4.72814,49.77678,2
111479,4.7281,49.7774,2
111480,4.72838,49.77727,2
111481,4.72827,49.77743,2
111482,4.72788,49.7774,2
111483,4.72712,49.77764,2
111484,4.72733,49.77733,2
111485,4.72698,49.77755,2
111486,4.72742,49.77747,2
111487,4.72789,49.77752,2
111488,4.72794,49.7776,2
111489,4.72769,49.77789,2
111490,4.72745,49.77818,2
111491,4.7272,49.77846,2
111492,4.72733,49.77854,2
111493,4.72705,49.77882,2
111494,4.72693,49.77874,2
111495,4.72615,49.77907,2
111496,4.72569,49.77915,2
111497,4.72522,49.77919,2
111498,4.72475,49.77924,2
111499,4.72751,49.77946,2
111500,4.72738,49.77951,2
111501,4.72725,49.77956,2
111502,4.72712,49.77961,2
111503,4.730497,49.777218,2
111504,4.72952,49.7781,2
111505,4.72686,49.7797,2
111506,4.72706,49.77976,2
111507,4.72742,49.77963,2
111508,4.72778,49.7795,2
111509,4.72813,49.77937,2
111510,4.72622,49.78,2
111511,4.72648,49.77993,2
111512,4.72674,49.77987,2
111513,4.7291,49.77857,2
111514,4.72845,49.77918,2
111515,4.72828,49.77936,2
111516,4.72814,49.77929,2
111517,4.72806,49.77941,2
111518,4.72815,49.77955,2
111519,4.72797,49.77953,2
111520,4.72789,49.77965,2
111521,4.73228,49.77666,2
111522,4.7278,49.77977,2
111523,4.72775,49.7799,2
111524,4.72777,49.78003,2
111525,4.72781,49.78016,2
111526,4.72793,49.78027,2
111527,4.72805,49.78038,2
111528,4.72816,49.78049,2
111529,4.72828,49.7806,2
111530,4.72802,49.77973,2
111531,4.72793,49.77992,2
111532,4.72798,49.78011,2
111533,4.72816,49.78028,2
111534,4.72833,49.78045,2
111535,4.72851,49.78061,2
111536,4.72868,49.78078,2
111537,4.72886,49.78095,2
111538,4.72851,49.78082,2
111539,4.72862,49.78093,2
111540,4.72874,49.78104,2
111541,4.72826,49.78114,2
111542,4.72813,49.78099,2
111543,4.72796,49.78087,2
111544,4.72796,49.78087,2
111545,4.72906,49.78112,2
111546,4.7293,49.7813,2
111547,4.72954,49.78149,2
111548,4.73,49.78187,2
111549,4.72977,49.78168,2
111550,4.73047,49.78225,2
111551,4.73024,49.78206,2
111552,4.73033,49.78232,2
111553,4.7301,49.78213,2
111554,4.72986,49.78194,2
111555,4.72963,49.78175,2
111556,4.72916,49.78138,2
111557,4.7294,49.78157,2
111558,4.72893,49.78119,2
111559,4.72627,49.77916,2
111560,4.72591,49.77924,2
111561,4.72553,49.77928,2
111562,4.72515,49.77932,2
111563,4.72477,49.77936,2
111564,4.72977,49.78168,2
111565,4.72439,49.7793,2
111566,4.72977,49.78168,2
111567,4.72402,49.77923,2
111568,4.72365,49.77916,2
111569,4.72338,49.77899,2
111570,4.72383,49.77908,2
111571,4.72429,49.77916,2
111572,4.72609,49.77888,2
111573,4.72609,49.77888,2
111574,4.72535,49.77868,2
111575,4.72296,49.77921,2
111576,4.72251,49.77956,2
111577,4.72182,49.77972,2
111578,4.72156,49.78016,2
111579,4.72144,49.78051,2
111580,4.72137,49.78072,2
111581,4.72129,49.78092,2
111582,4.72128,49.78113,2
111583,4.72133,49.78134,2
111584,4.72148,49.78148,2
111585,4.72183,49.78162,2
111586,4.72958,49.77622,2
111587,4.72214,49.78168,2
111588,4.7225,49.7817,2
111589,4.72346,49.78186,2
111590,4.72285,49.78183,2
111591,4.7286,49.77628,2
111592,4.7684,49.695085,2
111593,4.77351,49.70336,2
111594,4.774439,49.70234,2
111595,4.775315,49.696896,2
111596,4.77602,49.69631,2
111597,4.77602,49.69631,2
111598,4.77602,49.69631,2
111599,4.77602,49.69631,2
111600,4.77351,49.70336,2
111601,4.768157,49.694641,2
111602,4.76818,49.694829,2
111603,4.768125,49.694552,2
111604,4.768202,49.694721,2
111605,4.768202,49.694721,2
111606,4.768202,49.694721,2
111607,4.768292,49.694863,2
111608,4.768507,49.695299,2
111609,4.768675,49.695637,2
111610,4.768646,49.695592,2
111611,4.768737,49.695761,2
111612,4.768766,49.695806,2
111613,4.768646,49.695592,2
111614,4.768706,49.69569,2
111615,4.768585,49.695477,2
111616,4.768553,49.695388,2
111617,4.768461,49.695219,2
111618,4.775431,49.69586,2
111619,4.775431,49.69586,2
111620,4.77399,49.69953,2
111621,4.775431,49.69586,2
111622,4.775431,49.69586,2
111623,4.775431,49.69586,2
111624,4.775612,49.696171,2
111625,4.775612,49.696171,2
111626,4.775612,49.696171,2
111627,4.775612,49.696171,2
111628,4.775612,49.696171,2
111629,4.77515,49.69614,2
111630,4.77498,49.69452,2
111631,4.77498,49.69452,2
111632,4.77498,49.69452,2
111633,4.77498,49.69452,2
111634,4.77471,49.69511,2
111635,4.77498,49.69452,2
111636,4.77498,49.69452,2
111637,4.77498,49.69452,2
111638,4.77498,49.69452,2
111639,4.77498,49.69452,2
111640,4.77498,49.69452,2
111641,4.77498,49.69452,2
111642,4.77498,49.69452,2
111643,4.77498,49.69452,2
111644,4.77399,49.69953,2
111645,4.77498,49.69452,2
111646,4.77358,49.69393,2
111647,4.77498,49.69802,2
111648,4.77405,49.694208,2
111649,4.768,49.69532,2
111650,4.77405,49.694208,2
111651,4.768,49.69532,2
111652,4.77405,49.694208,2
111653,4.77405,49.694208,2
111654,4.774491,49.694729,2
111655,4.77405,49.694208,2
111656,4.77405,49.694208,2
111657,4.774491,49.694729,2
111658,4.774491,49.694729,2
111659,4.774491,49.694729,2
111660,4.77524,49.69469,2
111661,4.77516,49.69459,2
111662,4.77508,49.69449,2
111663,4.77501,49.69439,2
111664,4.77208,49.69846,2
111665,4.77477,49.69501,2
111666,4.77484,49.69419,2
111667,4.77475,49.69409,2
111668,4.77466,49.69399,2
111669,4.77458,49.6939,2
111670,4.77449,49.6938,2
111671,4.77436,49.69374,2
111672,4.77421,49.69378,2
111673,4.77405,49.69383,2
111674,4.77389,49.69388,2
111675,4.77515,49.69614,2
111676,4.77405,49.694208,2
111677,4.774806,49.701614,2
111678,4.774068,49.702689,2
111679,4.773949,49.702808,2
111680,4.773883,49.702881,2
111681,4.77387,49.702891,2
111682,4.77498,49.69802,2
111683,4.773433,49.703609,2
111684,4.773196,49.703857,2
111685,4.773063,49.703985,2
111686,4.772905,49.70415,2
111687,4.77276,49.704297,2
111688,4.772628,49.704434,2
111689,4.772468,49.704581,2
111690,4.772336,49.704718,2
111691,4.772336,49.704718,2
111692,4.772627,49.704425,2
111693,4.772892,49.704168,2
111694,4.77313,49.70393,2
111695,4.773314,49.703729,2
111696,4.773371,49.703467,2
111697,4.774016,49.702753,2
111698,4.773751,49.703019,2
111699,4.77358,49.703193,2
111700,4.773949,49.702808,2
111701,4.773421,49.703349,2
111702,4.774621,49.702085,2
111703,4.774252,49.702479,2
111704,4.774448,49.702232,2
111705,4.774566,49.702086,2
111706,4.774605,49.702031,2
111707,4.774769,49.701705,2
111708,4.77399,49.69953,2
111709,4.77399,49.69953,2
111710,4.77399,49.69953,2
111711,4.774579,49.700918,2
111712,4.774502,49.700767,2
111713,4.774502,49.700767,2
111714,4.774381,49.700536,2
111715,4.77436,49.70041,2
111716,4.77436,49.70041,2
111717,4.77423,49.70017,2
111718,4.774181,49.700135,2
111719,4.7741,49.69992,2
111720,4.773843,49.700007,2
111721,4.773843,49.700007,2
111722,4.773342,49.700242,2
111723,4.76989,49.69549,2
111724,4.7739,49.69956,2
111725,4.7739,49.69956,2
111726,4.7737,49.69918,2
111727,4.7737,49.69918,2
111728,4.773678,49.699166,2
111729,4.77362,49.69898,2
111730,4.77399,49.69953,2
111731,4.77332,49.69874,2
111732,4.773172,49.698727,2
111733,4.77399,49.69953,2
111734,4.77399,49.69953,2
111735,4.77265,49.69826,2
111736,4.77143,49.6974,2
111737,4.77515,49.69614,2
111738,4.772963,49.698417,2
111739,4.77399,49.69953,2
111740,4.77303,49.69798,2
111741,4.774502,49.700767,2
111742,4.77309,49.69794,2
111743,4.77326,49.69854,2
111744,4.77315,49.69789,2
111745,4.77351,49.70336,2
111746,4.77285,49.69778,2
111747,4.77351,49.70336,2
111748,4.77273,49.69786,2
111749,4.77299,49.6981,2
111750,4.771333,49.697641,2
111751,4.77489,49.70042,2
111752,4.77256,49.69799,2
111753,4.77251,49.69803,2
111754,4.77245,49.69807,2
111755,4.7724,49.69812,2
111756,4.77013,49.69444,2
111757,4.77489,49.7001,2
111758,4.77013,49.69444,2
111759,4.7751,49.70028,2
111760,4.77467,49.69991,2
111761,4.77446,49.69973,2
111762,4.77424,49.69954,2
111763,4.77435,49.69945,2
111764,4.77451,49.69958,2
111765,4.77466,49.69971,2
111766,4.77481,49.69984,2
111767,4.77497,49.69997,2
111768,4.77512,49.7001,2
111769,4.77528,49.70024,2
111770,4.77537,49.70042,2
111771,4.77537,49.70058,2
111772,4.77535,49.70074,2
111773,4.7753,49.70089,2
111774,4.77525,49.70105,2
111775,4.77509,49.701,2
111776,4.77519,49.70056,2
111777,4.77512,49.70043,2
111778,4.77473,49.70052,2
111779,4.77265,49.69826,2
111780,4.77278,49.69817,2
111781,4.7729,49.69808,2
111782,4.77299,49.6981,2
111783,4.7729,49.69774,2
111784,4.77279,49.69782,2
111785,4.77273,49.69786,2
111786,4.77268,49.69791,2
111787,4.77251,49.69803,2
111788,4.7724,49.69812,2
111789,4.77143,49.6974,2
111790,4.77143,49.6974,2
111791,4.77143,49.6974,2
111792,4.77143,49.6974,2
111793,4.77143,49.6974,2
111794,4.77143,49.6974,2
111795,4.77143,49.6974,2
111796,4.77143,49.6974,2
111797,4.77143,49.6974,2
111798,4.77164,49.69732,2
111799,4.77143,49.6974,2
111800,4.77143,49.69749,2
111801,4.7715,49.69744,2
111802,4.77157,49.69738,2
111803,4.77143,49.6974,2
111804,4.767627,49.693394,2
111805,4.767597,49.693646,2
111806,4.76784,49.69537,2
111807,4.76973,49.69688,2
111808,4.771052,49.697539,2
111809,4.77112,49.69754,2
111810,4.771347,49.697641,2
111811,4.77153,49.69777,2
111812,4.768,49.69532,2
111813,4.76986,49.6968,2
111814,4.77289,49.6987,2
111815,4.77148,49.69765,2
111816,4.77223,49.69858,2
111817,4.77184,49.69844,2
111818,4.77104,49.69818,2
111819,4.77022,49.69791,2
111820,4.77036,49.69783,2
111821,4.77091,49.69801,2
111822,4.77232,49.69848,2
111823,4.77148,49.69765,2
111824,4.77693,49.69821,2
111825,4.77363,49.69856,2
111826,4.77489,49.6983,2
111827,4.77489,49.6983,2
111828,4.77489,49.6983,2
111829,4.77498,49.69802,2
111830,4.775756,49.697732,2
111831,4.775966,49.697772,2
111832,4.77498,49.69802,2
111833,4.77498,49.69802,2
111834,4.77498,49.69802,2
111835,4.77498,49.69802,2
111836,4.77498,49.69802,2
111837,4.77498,49.69802,2
111838,4.77602,49.69631,2
111839,4.77631,49.69568,2
111840,4.7762,49.69556,2
111841,4.77602,49.69631,2
111842,4.775623,49.695533,2
111843,4.77602,49.69631,2
111844,4.775623,49.695533,2
111845,4.77602,49.69631,2
111846,4.77602,49.69631,2
111847,4.775623,49.695533,2
111848,4.775641,49.695326,2
111849,4.77602,49.69631,2
111850,4.77602,49.69631,2
111851,4.77602,49.69631,2
111852,4.77602,49.69631,2
111853,4.77602,49.69631,2
111854,4.77602,49.69631,2
111855,4.775771,49.695135,2
111856,4.77602,49.69631,2
111857,4.77602,49.69631,2
111858,4.77602,49.69631,2
111859,4.77602,49.69631,2
111860,4.77113,49.69725,2
111861,4.77139,49.69695,2
111862,4.77098,49.6967,2
111863,4.77067,49.69653,2
111864,4.77047,49.69642,2
111865,4.77027,49.69632,2
111866,4.77014,49.69639,2
111867,4.77,49.69632,2
111868,4.7701,49.69623,2
111869,4.77007,49.6962,2
111870,4.7699,49.69607,2
111871,4.76977,49.69589,2
111872,4.76974,49.6957,2
111873,4.76971,49.69551,2
111874,4.77399,49.69953,2
111875,4.76967,49.69532,2
111876,4.76951,49.69512,2
111877,4.76921,49.69508,2
111878,4.76908,49.69485,2
111879,4.77018,49.69449,2
111880,4.77018,49.69449,2
111881,4.76959,49.69455,2
111882,4.76986,49.69449,2
111883,4.77013,49.69444,2
111884,4.7704,49.69438,2
111885,4.77067,49.69432,2
111886,4.77018,49.69449,2
111887,4.77018,49.69449,2
111888,4.77156,49.69483,2
111889,4.77156,49.69483,2
111890,4.77005,49.69611,2
111891,4.77156,49.69483,2
111892,4.77156,49.69483,2
111893,4.77156,49.69483,2
111894,4.77156,49.69483,2
111895,4.77156,49.69483,2
111896,4.77156,49.69483,2
111897,4.77156,49.69483,2
111898,4.77156,49.69483,2
111899,4.77146,49.69483,2
111900,4.77156,49.69483,2
111901,4.76992,49.69568,2
111902,4.77156,49.69483,2
111903,4.77156,49.69483,2
111904,4.77156,49.69483,2
111905,4.77156,49.69483,2
111906,4.77156,49.69483,2
111907,4.77063,49.69445,2
111908,4.77019,49.69455,2
111909,4.76974,49.69464,2
111910,4.77053,49.69639,2
111911,4.77053,49.69639,2
111912,4.77053,49.69639,2
111913,4.76999,49.69509,2
111914,4.77056,49.69506,2
111915,4.77054,49.69517,2
111916,4.77003,49.69521,2
111917,4.76985,49.69531,2
111918,4.76989,49.69549,2
111919,4.76992,49.69568,2
111920,4.76995,49.69587,2
111921,4.77014,49.69589,2
111922,4.77071,49.69583,2
111923,4.77045,49.69597,2
111924,4.77012,49.69606,2
111925,4.77038,49.69623,2
111926,4.77058,49.69633,2
111927,4.77078,49.69644,2
111928,4.77113,49.69664,2
111929,4.77156,49.69694,2
111930,4.77129,49.69731,2
111931,4.70063,49.9967,2
111932,4.69743,49.999,2
111933,4.70063,49.9967,2
111934,4.69937,49.99873,2
111935,4.69937,49.99873,2
111936,4.70063,49.9967,2
111937,4.70063,49.9967,2
111938,4.700616,49.995835,2
111939,4.69937,49.99873,2
111940,4.69898,50.00348,2
111941,4.6991,49.99664,2
111942,4.69907,49.99673,2
111943,4.69904,49.99682,2
111944,4.69901,49.99691,2
111945,4.69897,49.997,2
111946,4.69894,49.99709,2
111947,4.69764,49.99848,2
111948,4.69891,49.99717,2
111949,4.69888,49.99726,2
111950,4.69885,49.99735,2
111951,4.69882,49.99744,2
111952,4.69884,49.99686,2
111953,4.6987,49.99724,2
111954,4.69863,49.99744,2
111955,4.69857,49.99763,2
111956,4.6985,49.99782,2
111957,4.69843,49.99801,2
111958,4.69837,49.9982,2
111959,4.6983,49.99859,2
111960,4.71001,50.00109,2
111961,4.69833,49.9984,2
111962,4.69826,49.99879,2
111963,4.6982,49.99916,2
111964,4.69818,49.99932,2
111965,4.69764,49.99848,2
111966,4.69764,49.99848,2
111967,4.69898,50.00348,2
111968,4.69764,49.99848,2
111969,4.71062,50.00373,2
111970,4.69764,49.99848,2
111971,4.69865,49.99689,2
111972,4.69764,49.99826,2
111973,4.69764,49.99848,2
111974,4.697842,49.999697,2
111975,4.69743,49.999,2
111976,4.69898,50.00348,2
111977,4.69815,49.99964,2
111978,4.711457,50.002109,2
111979,4.69764,49.99848,2
111980,4.69788,49.99972,2
111981,4.69764,49.99848,2
111982,4.69764,49.99848,2
111983,4.69823,49.99761,2
111984,4.69879,49.99753,2
111985,4.69875,49.99762,2
111986,4.69872,49.99771,2
111987,4.69917,49.99901,2
111988,4.69927,49.99913,2
111989,4.69937,49.99925,2
111990,4.69943,49.99937,2
111991,4.69946,49.99951,2
111992,4.69949,49.99964,2
111993,4.69966,49.99962,2
111994,4.69964,49.99948,2
111995,4.69961,49.99934,2
111996,4.69954,49.99921,2
111997,4.69944,49.99908,2
111998,4.69933,49.99896,2
111999,4.69965,49.99864,2
112000,4.69814,49.99979,2
112001,4.71019,50.00185,2
112002,4.70518,50.00896,2
112003,4.70999,50.00455,2
112004,4.70518,50.00896,2
112005,4.70513,50.00888,2
112006,4.70508,50.00881,2
112007,4.70503,50.00874,2
112008,4.70505,50.00874,2
112009,4.70498,50.00873,2
112010,4.70493,50.00871,2
112011,4.70491,50.00867,2
112012,4.70491,50.00867,2
112013,4.70491,50.00867,2
112014,4.70491,50.00867,2
112015,4.70491,50.00867,2
112016,4.70491,50.00867,2
112017,4.70491,50.00858,2
112018,4.70491,50.00853,2
112019,4.70491,50.00849,2
112020,4.70491,50.00844,2
112021,4.70498,50.00829,2
112022,4.7051,50.00819,2
112023,4.70522,50.00809,2
112024,4.70534,50.00799,2
112025,4.70546,50.00789,2
112026,4.70546,50.00789,2
112027,4.70981,50.00181,2
112028,4.70546,50.00789,2
112029,4.70546,50.00789,2
112030,4.70562,50.00785,2
112031,4.70556,50.00804,2
112032,4.70564,50.00786,2
112033,4.7057,50.00776,2
112034,4.71062,50.00373,2
112035,4.7057,50.00802,2
112036,4.70634,50.00751,2
112037,4.70543,50.00826,2
112038,4.70556,50.00804,2
112039,4.70529,50.00884,2
112040,4.70519,50.00859,2
112041,4.70529,50.00842,2
112042,4.70634,50.00751,2
112043,4.70602,50.00828,2
112044,4.70608,50.00816,2
112045,4.70614,50.00804,2
112046,4.70586,50.00823,2
112047,4.70593,50.00808,2
112048,4.70601,50.00794,2
112049,4.70609,50.00779,2
112050,4.70626,50.00781,2
112051,4.70634,50.00783,2
112052,4.70632,50.0077,2
112053,4.70944,50.00177,2
112054,4.70964,50.00191,2
112055,4.70636,50.0076,2
112056,4.70635,50.00771,2
112057,4.70635,50.00759,2
112058,4.70646,50.00759,2
112059,4.70667,50.00758,2
112060,4.70677,50.00757,2
112061,4.70655,50.00754,2
112062,4.70643,50.00747,2
112063,4.70595,50.00748,2
112064,4.70647,50.00743,2
112065,4.70654,50.00735,2
112066,4.70661,50.00728,2
112067,4.70657,50.00732,2
112068,4.70636,50.00714,2
112069,4.70653,50.00714,2
112070,4.70658,50.00709,2
112071,4.70663,50.00704,2
112072,4.70663,50.00704,2
112073,4.70634,50.00751,2
112074,4.70668,50.0072,2
112075,4.70668,50.0072,2
112076,4.70672,50.00716,2
112077,4.70679,50.00709,2
112078,4.70262,50.00109,2
112079,4.70683,50.00703,2
112080,4.70689,50.00696,2
112081,4.70694,50.00688,2
112082,4.70699,50.00681,2
112083,4.70704,50.00674,2
112084,4.70782,50.00628,2
112085,4.7098,50.00112,2
112086,4.70794,50.0062,2
112087,4.70807,50.00613,2
112088,4.70807,50.00613,2
112089,4.70819,50.00605,2
112090,4.70772,50.00618,2
112091,4.70845,50.00573,2
112092,4.70869,50.00558,2
112093,4.7095,50.0049,2
112094,4.70934,50.00509,2
112095,4.703166,50.002701,2
112096,4.70962,50.005,2
112097,4.70874,50.00103,2
112098,4.70966,50.00471,2
112099,4.70982,50.00451,2
112100,4.70958,50.00505,2
112101,4.70966,50.00495,2
112102,4.70974,50.00485,2
112103,4.70991,50.00465,2
112104,4.71016,50.00434,2
112105,4.71045,50.00401,2
112106,4.7107,50.00325,2
112107,4.71031,50.00418,2
112108,4.71062,50.00373,2
112109,4.71073,50.00368,2
112110,4.71016,50.00434,2
112111,4.70694,50.00688,2
112112,4.71007,50.00445,2
112113,4.70694,50.00688,2
112114,4.71088,50.00351,2
112115,4.71047,50.0031,2
112116,4.71084,50.00315,2
112117,4.70936,50.00296,2
112118,4.70801,50.00317,2
112119,4.70954,50.0031,2
112120,4.71012,50.00317,2
112121,4.70896,50.00302,2
112122,4.70837,50.00301,2
112123,4.70899,50.00291,2
112124,4.71119,50.00306,2
112125,4.71102,50.00334,2
112126,4.71062,50.00373,2
112127,4.71166,50.00279,2
112128,4.71154,50.00255,2
112129,4.71062,50.00373,2
112130,4.71301,50.00171,2
112131,4.71258,50.0021,2
112132,4.70784,50.00611,2
112133,4.71216,50.00249,2
112134,4.71073,50.00368,2
112135,4.71062,50.00373,2
112136,4.71062,50.00373,2
112137,4.70643,50.00747,2
112138,4.70643,50.00747,2
112139,4.70979,50.0048,2
112140,4.7097,50.0049,2
112141,4.7099,50.00442,2
112142,4.70958,50.0048,2
112143,4.70926,50.00519,2
112144,4.70905,50.00535,2
112145,4.70808,50.00596,2
112146,4.70813,50.00609,2
112147,4.70619,50.00728,2
112148,4.70594,50.00733,2
112149,4.70556,50.00804,2
112150,4.70643,50.00724,2
112151,4.70625,50.00724,2
112152,4.70619,50.00728,2
112153,4.70608,50.00722,2
112154,4.71062,50.00373,2
112155,4.70599,50.00708,2
112156,4.7059,50.00694,2
112157,4.70582,50.00679,2
112158,4.70544,50.00648,2
112159,4.70573,50.00665,2
112160,4.70564,50.0065,2
112161,4.70556,50.00636,2
112162,4.70547,50.00621,2
112163,4.70538,50.00607,2
112164,4.7053,50.00592,2
112165,4.7052,50.00609,2
112166,4.70528,50.00622,2
112167,4.70552,50.00662,2
112168,4.71067,50.00187,2
112169,4.7056,50.00675,2
112170,4.70568,50.00688,2
112171,4.70575,50.00701,2
112172,4.70583,50.00714,2
112173,4.70583,50.00714,2
112174,4.70594,50.00733,2
112175,4.70592,50.00739,2
112176,4.7059,50.00742,2
112177,4.70584,50.0075,2
112178,4.7058,50.00757,2
112179,4.70575,50.00767,2
112180,4.71308,50.00147,2
112181,4.7126,50.0014,2
112182,4.71163,50.00143,2
112183,4.70556,50.00804,2
112184,4.71109,50.00124,2
112185,4.70893,50.00094,2
112186,4.7098,50.00112,2
112187,4.70952,50.00114,2
112188,4.7103,50.00125,2
112189,4.71108,50.00135,2
112190,4.71235,50.00148,2
112191,4.71172,50.00154,2
112192,4.711457,50.002109,2
112193,4.71064,50.00225,2
112194,4.71078,50.00218,2
112195,4.71297,50.00157,2
112196,4.69937,49.99873,2
112197,4.71071,50.00223,2
112198,4.701821,49.994788,2
112199,4.71071,50.00223,2
112200,4.70524,50.00903,2
112201,4.71071,50.00223,2
112202,4.70491,50.00867,2
112203,4.70534,50.00799,2
112204,4.71071,50.00223,2
112205,4.70591,50.00727,2
112206,4.70556,50.00804,2
112207,4.71071,50.00223,2
112208,4.70063,49.9967,2
112209,4.71062,50.00373,2
112210,4.70262,50.00109,2
112211,4.70944,50.00177,2
112212,4.71021,50.00197,2
112213,4.71119,50.00166,2
112214,4.70634,50.00751,2
112215,4.70119,49.99556,2
112216,4.70981,50.00181,2
112217,4.70981,50.00181,2
112218,4.70993,50.00194,2
112219,4.70513,50.00596,2
112220,4.71212,50.00139,2
112221,4.70498,50.00829,2
112222,4.70634,50.00751,2
112223,4.69898,50.00348,2
112224,4.69898,50.00348,2
112225,4.69898,50.00348,2
112226,4.70238,50.00013,2
112227,4.70242,50.00019,2
112228,4.71148,50.00266,2
112229,4.70246,50.00026,2
112230,4.70936,50.00188,2
112231,4.70262,50.00109,2
112232,4.70262,50.00109,2
112233,4.70251,50.00033,2
112234,4.70255,50.0004,2
112235,4.41667,49.69897,2
112236,4.41667,49.69897,2
112237,4.41667,49.69897,2
112238,4.41667,49.69897,2
112239,4.416166,49.699648,2
112240,4.41667,49.69897,2
112241,4.42069,49.69779,2
112242,4.41762,49.6983,2
112243,4.41762,49.6983,2
112244,4.41762,49.6983,2
112245,4.41762,49.6983,2
112246,4.41762,49.6983,2
112247,4.41762,49.6983,2
112248,4.4181,49.69782,2
112249,4.4181,49.69782,2
112250,4.4181,49.69782,2
112251,4.4181,49.69782,2
112252,4.42069,49.69779,2
112253,4.4181,49.69782,2
112254,4.4181,49.69782,2
112255,4.4181,49.69782,2
112256,4.4181,49.69782,2
112257,4.4181,49.69782,2
112258,4.4181,49.69782,2
112259,4.4181,49.69782,2
112260,4.4181,49.69782,2
112261,4.4181,49.69782,2
112262,4.4181,49.69782,2
112263,4.4181,49.69782,2
112264,4.4181,49.69782,2
112265,4.4181,49.69782,2
112266,4.4181,49.69782,2
112267,4.4181,49.69782,2
112268,4.42069,49.69779,2
112269,4.4181,49.69782,2
112270,4.41857,49.69586,2
112271,4.42069,49.69779,2
112272,4.41857,49.69586,2
112273,4.41857,49.69586,2
112274,4.41857,49.69586,2
112275,4.41901,49.69483,2
112276,4.41901,49.69483,2
112277,4.41901,49.69483,2
112278,4.41901,49.69483,2
112279,4.41901,49.69483,2
112280,4.41667,49.69897,2
112281,4.414871,49.699823,2
112282,4.4155,49.69701,2
112283,4.415182,49.699629,2
112284,4.40274,49.70414,2
112285,4.41823,49.6948,2
112286,4.4155,49.69701,2
112287,4.41494,49.69595,2
112288,4.4155,49.69701,2
112289,4.41762,49.69824,2
112290,4.41152,49.68912,2
112291,4.41762,49.69824,2
112292,4.41152,49.68912,2
112293,4.413534,49.69963,2
112294,4.41494,49.69595,2
112295,4.42108,49.69698,2
112296,4.42085,49.69674,2
112297,4.42087,49.69683,2
112298,4.42088,49.69691,2
112299,4.4209,49.697,2
112300,4.421002,49.696986,2
112301,4.421136,49.697218,2
112302,4.42112,49.697173,2
112303,4.41667,49.69897,2
112304,4.42069,49.69779,2
112305,4.42242,49.69052,2
112306,4.421217,49.697513,2
112307,4.421442,49.697257,2
112308,4.421217,49.697513,2
112309,4.421217,49.697513,2
112310,4.421217,49.697513,2
112311,4.421666,49.697325,2
112312,4.42173,49.69782,2
112313,4.42173,49.69782,2
112314,4.42169,49.69737,2
112315,4.416027,49.699641,2
112316,4.42169,49.69737,2
112317,4.42169,49.69737,2
112318,4.41857,49.69586,2
112319,4.42169,49.69737,2
112320,4.42169,49.69737,2
112321,4.42169,49.69737,2
112322,4.42169,49.69737,2
112323,4.421002,49.696986,2
112324,4.42152,49.69595,2
112325,4.41935,49.69695,2
112326,4.41935,49.69695,2
112327,4.41935,49.69695,2
112328,4.41935,49.69695,2
112329,4.41935,49.69695,2
112330,4.41935,49.69695,2
112331,4.415043,49.699622,2
112332,4.41935,49.69695,2
112333,4.41935,49.69695,2
112334,4.41935,49.69695,2
112335,4.41935,49.69695,2
112336,4.41935,49.69695,2
112337,4.42069,49.69779,2
112338,4.41935,49.69695,2
112339,4.41935,49.69695,2
112340,4.41935,49.69695,2
112341,4.41935,49.69695,2
112342,4.421217,49.697513,2
112343,4.41857,49.69586,2
112344,4.41857,49.69586,2
112345,4.41857,49.69586,2
112346,4.41857,49.69586,2
112347,4.41857,49.69586,2
112348,4.41901,49.69483,2
112349,4.41857,49.69586,2
112350,4.41494,49.69595,2
112351,4.42069,49.69779,2
112352,4.42069,49.69779,2
112353,4.41857,49.69586,2
112354,4.41494,49.69595,2
112355,4.41857,49.69586,2
112356,4.404544,49.689022,2
112357,4.41857,49.69586,2
112358,4.41494,49.69595,2
112359,4.41857,49.69586,2
112360,4.41494,49.69595,2
112361,4.41857,49.69586,2
112362,4.41857,49.69586,2
112363,4.4181,49.69782,2
112364,4.41857,49.69586,2
112365,4.4181,49.69782,2
112366,4.41857,49.69586,2
112367,4.41857,49.69586,2
112368,4.41857,49.69586,2
112369,4.418191,49.696657,2
112370,4.41857,49.69586,2
112371,4.41857,49.69586,2
112372,4.41857,49.69586,2
112373,4.41857,49.69586,2
112374,4.41857,49.69586,2
112375,4.41857,49.69586,2
112376,4.41857,49.69586,2
112377,4.41857,49.69586,2
112378,4.41857,49.69586,2
112379,4.41857,49.69586,2
112380,4.41857,49.69586,2
112381,4.41857,49.69586,2
112382,4.41494,49.69595,2
112383,4.41857,49.69586,2
112384,4.41935,49.69695,2
112385,4.41857,49.69586,2
112386,4.41857,49.69586,2
112387,4.41857,49.69586,2
112388,4.41919,49.69515,2
112389,4.41823,49.6948,2
112390,4.41902,49.6951,2
112391,4.41936,49.69519,2
112392,4.41762,49.6983,2
112393,4.419545,49.695224,2
112394,4.418972,49.694757,2
112395,4.42069,49.69779,2
112396,4.35006,49.69676,2
112397,4.41823,49.6948,2
112398,4.41779,49.69474,2
112399,4.41823,49.6948,2
112400,4.41494,49.69595,2
112401,4.41855,49.69496,2
112402,4.418395,49.694875,2
112403,4.41494,49.69595,2
112404,4.41823,49.6948,2
112405,4.41901,49.69483,2
112406,4.41901,49.69483,2
112407,4.41901,49.69483,2
112408,4.41901,49.69483,2
112409,4.41901,49.69483,2
112410,4.41901,49.69483,2
112411,4.41901,49.69483,2
112412,4.41901,49.69483,2
112413,4.41901,49.69483,2
112414,4.41901,49.69483,2
112415,4.41901,49.69483,2
112416,4.41901,49.69483,2
112417,4.41901,49.69483,2
112418,4.41901,49.69483,2
112419,4.41901,49.69483,2
112420,4.41901,49.69483,2
112421,4.41901,49.69483,2
112422,4.41901,49.69483,2
112423,4.41901,49.69483,2
112424,4.41901,49.69483,2
112425,4.41901,49.69483,2
112426,4.41901,49.69483,2
112427,4.41901,49.69483,2
112428,4.41901,49.69483,2
112429,4.41901,49.69483,2
112430,4.41901,49.69483,2
112431,4.41901,49.69483,2
112432,4.41901,49.69483,2
112433,4.41901,49.69483,2
112434,4.41901,49.69483,2
112435,4.41901,49.69483,2
112436,4.41494,49.69595,2
112437,4.41901,49.69483,2
112438,4.41901,49.69483,2
112439,4.41901,49.69483,2
112440,4.41901,49.69483,2
112441,4.41901,49.69483,2
112442,4.41901,49.69483,2
112443,4.41901,49.69483,2
112444,4.41901,49.69483,2
112445,4.41901,49.69483,2
112446,4.41901,49.69483,2
112447,4.41901,49.69483,2
112448,4.41494,49.69595,2
112449,4.41935,49.69695,2
112450,4.416846,49.693923,2
112451,4.41494,49.69595,2
112452,4.41494,49.69595,2
112453,4.413679,49.692665,2
112454,4.41494,49.69595,2
112455,4.41494,49.69595,2
112456,4.41823,49.6948,2
112457,4.41823,49.6948,2
112458,4.41823,49.6948,2
112459,4.417326,49.694822,2
112460,4.41494,49.69595,2
112461,4.41494,49.69595,2
112462,4.41152,49.68912,2
112463,4.412617,49.692091,2
112464,4.41494,49.69595,2
112465,4.41494,49.69595,2
112466,4.41494,49.69595,2
112467,4.42069,49.69779,2
112468,4.41494,49.69595,2
112469,4.41494,49.69595,2
112470,4.41494,49.69595,2
112471,4.42069,49.69779,2
112472,4.41719,49.69572,2
112473,4.41719,49.69572,2
112474,4.41719,49.69572,2
112475,4.41719,49.69572,2
112476,4.41719,49.69572,2
112477,4.41719,49.69572,2
112478,4.41719,49.69572,2
112479,4.41719,49.69572,2
112480,4.41719,49.69572,2
112481,4.41719,49.69572,2
112482,4.41719,49.69572,2
112483,4.41719,49.69572,2
112484,4.41494,49.69595,2
112485,4.41719,49.69572,2
112486,4.41494,49.69595,2
112487,4.41494,49.69595,2
112488,4.41494,49.69595,2
112489,4.41494,49.69595,2
112490,4.41494,49.69595,2
112491,4.41494,49.69595,2
112492,4.41494,49.69595,2
112493,4.41494,49.69595,2
112494,4.4155,49.69701,2
112495,4.4155,49.69701,2
112496,4.4155,49.69701,2
112497,4.4155,49.69701,2
112498,4.4155,49.69701,2
112499,4.4155,49.69701,2
112500,4.4155,49.69701,2
112501,4.42069,49.69779,2
112502,4.4155,49.69701,2
112503,4.4155,49.69701,2
112504,4.42195,49.69838,2
112505,4.4155,49.69701,2
112506,4.41494,49.69595,2
112507,4.41494,49.69595,2
112508,4.41494,49.69595,2
112509,4.41494,49.69595,2
112510,4.41494,49.69595,2
112511,4.412383,49.695167,2
112512,4.411934,49.695031,2
112513,4.412257,49.695133,2
112514,4.41494,49.69595,2
112515,4.41494,49.69595,2
112516,4.41494,49.69595,2
112517,4.412826,49.69551,2
112518,4.411821,49.695662,2
112519,4.41494,49.69595,2
112520,4.41494,49.69595,2
112521,4.413573,49.695497,2
112522,4.41494,49.69595,2
112523,4.40274,49.70414,2
112524,4.40274,49.70414,2
112525,4.41494,49.69595,2
112526,4.413198,49.695467,2
112527,4.41494,49.69595,2
112528,4.41719,49.69572,2
112529,4.4181,49.69782,2
112530,4.4181,49.69782,2
112531,4.4181,49.69782,2
112532,4.4181,49.69782,2
112533,4.416947,49.697397,2
112534,4.4181,49.69782,2
112535,4.4181,49.69782,2
112536,4.4181,49.69782,2
112537,4.41667,49.69897,2
112538,4.4181,49.69782,2
112539,4.41667,49.69897,2
112540,4.41667,49.69897,2
112541,4.41667,49.69897,2
112542,4.41667,49.69897,2
112543,4.41667,49.69897,2
112544,4.41667,49.69897,2
112545,4.41667,49.69897,2
112546,4.41667,49.69897,2
112547,4.41667,49.69897,2
112548,4.41667,49.69897,2
112549,4.41762,49.69824,2
112550,4.41667,49.69897,2
112551,4.41667,49.69897,2
112552,4.41667,49.69897,2
112553,4.41667,49.69897,2
112554,4.41667,49.69897,2
112555,4.41667,49.69897,2
112556,4.41667,49.69897,2
112557,4.41667,49.69897,2
112558,4.41667,49.69897,2
112559,4.41667,49.69897,2
112560,4.41667,49.69897,2
112561,4.41667,49.69897,2
112562,4.41667,49.69897,2
112563,4.41667,49.69897,2
112564,4.41667,49.69897,2
112565,4.41667,49.69897,2
112566,4.41667,49.69897,2
112567,4.41667,49.69897,2
112568,4.41667,49.69897,2
112569,4.41667,49.69897,2
112570,4.41667,49.69897,2
112571,4.412715,49.695521,2
112572,4.41667,49.69897,2
112573,4.41667,49.69897,2
112574,4.41667,49.69897,2
112575,4.41667,49.69897,2
112576,4.41667,49.69897,2
112577,4.41667,49.69897,2
112578,4.41667,49.69897,2
112579,4.41667,49.69897,2
112580,4.41667,49.69897,2
112581,4.41762,49.6983,2
112582,4.41667,49.69897,2
112583,4.41667,49.69897,2
112584,4.94751,49.70201,2
112585,4.94457,49.70286,2
112586,4.94457,49.70286,2
112587,4.94751,49.70201,2
112588,4.94457,49.70286,2
112589,4.94751,49.70201,2
112590,4.94457,49.70286,2
112591,4.94457,49.70286,2
112592,4.94751,49.70201,2
112593,4.94479,49.70291,2
112594,4.94751,49.70201,2
112595,4.94479,49.70291,2
112596,4.94751,49.70201,2
112597,4.94479,49.70291,2
112598,4.94751,49.70201,2
112599,4.94479,49.70291,2
112600,4.94751,49.70201,2
112601,4.94479,49.70291,2
112602,4.94748,49.70197,2
112603,4.94479,49.70291,2
112604,4.94748,49.70197,2
112605,4.94479,49.70291,2
112606,4.94635,49.70291,2
112607,4.94748,49.70197,2
112608,4.945,49.70295,2
112609,4.94748,49.70197,2
112610,4.945,49.70295,2
112611,4.945,49.70295,2
112612,4.94748,49.70197,2
112613,4.94748,49.70197,2
112614,4.945,49.70295,2
112615,4.94748,49.70197,2
112616,4.945,49.70295,2
112617,4.94748,49.70197,2
112618,4.945,49.70295,2
112619,4.95033,49.7026,2
112620,4.94748,49.70197,2
112621,4.945,49.70295,2
112622,4.94748,49.70197,2
112623,4.945,49.70295,2
112624,4.9474,49.70187,2
112625,4.9452,49.703,2
112626,4.9474,49.70187,2
112627,4.94538,49.70304,2
112628,4.9474,49.70187,2
112629,4.94538,49.70304,2
112630,4.9474,49.70187,2
112631,4.94538,49.70304,2
112632,4.9474,49.70187,2
112633,4.94555,49.70306,2
112634,4.95033,49.7026,2
112635,4.94555,49.70306,2
112636,4.95033,49.7026,2
112637,4.9474,49.70187,2
112638,4.94555,49.70306,2
112639,4.95033,49.7026,2
112640,4.94572,49.70309,2
112641,4.95033,49.7026,2
112642,4.9474,49.70187,2
112643,4.94572,49.70309,2
112644,4.95033,49.7026,2
112645,4.95033,49.7026,2
112646,4.9474,49.70187,2
112647,4.94572,49.70309,2
112648,4.95033,49.7026,2
112649,4.94572,49.70309,2
112650,4.95033,49.7026,2
112651,4.9474,49.70187,2
112652,4.94564,49.7032,2
112653,4.95033,49.7026,2
112654,4.94622,49.70262,2
112655,4.95033,49.7026,2
112656,4.9474,49.70187,2
112657,4.94564,49.7032,2
112658,4.94488,49.70243,2
112659,4.95033,49.7026,2
112660,4.95033,49.7026,2
112661,4.94747,49.70205,2
112662,4.94564,49.7032,2
112663,4.95033,49.7026,2
112664,4.94747,49.70205,2
112665,4.95033,49.7026,2
112666,4.94747,49.70205,2
112667,4.94564,49.7032,2
112668,4.94747,49.70205,2
112669,4.94564,49.7032,2
112670,4.94747,49.70205,2
112671,4.95033,49.7026,2
112672,4.94747,49.70205,2
112673,4.94564,49.7032,2
112674,4.95033,49.7026,2
112675,4.94743,49.70211,2
112676,4.94743,49.70211,2
112677,4.94564,49.7032,2
112678,4.94743,49.70211,2
112679,4.94743,49.70211,2
112680,4.9463,49.70332,2
112681,4.94743,49.70211,2
112682,4.94665,49.70339,2
112683,4.94743,49.70211,2
112684,4.94743,49.70211,2
112685,4.94701,49.70346,2
112686,4.94743,49.70211,2
112687,4.94743,49.70211,2
112688,4.94572,49.70309,2
112689,4.94572,49.70309,2
112690,4.94736,49.70215,2
112691,4.94572,49.70309,2
112692,4.94799,49.70131,2
112693,4.94736,49.70215,2
112694,4.94511,49.70203,2
112695,4.94736,49.70215,2
112696,4.94572,49.70309,2
112697,4.94736,49.70215,2
112698,4.94736,49.70215,2
112699,4.94572,49.70309,2
112700,4.94736,49.70215,2
112701,4.94511,49.70203,2
112702,4.94736,49.70215,2
112703,4.94622,49.70283,2
112704,4.94722,49.70219,2
112705,4.94622,49.70283,2
112706,4.94622,49.70283,2
112707,4.94722,49.70219,2
112708,4.94622,49.70283,2
112709,4.94635,49.70275,2
112710,4.94722,49.70219,2
112711,4.94635,49.70275,2
112712,4.94722,49.70219,2
112713,4.94635,49.70275,2
112714,4.94635,49.70275,2
112715,4.94722,49.70219,2
112716,4.94635,49.70275,2
112717,4.94636,49.70124,2
112718,4.94647,49.70267,2
112719,4.94698,49.70228,2
112720,4.94636,49.70124,2
112721,4.94698,49.70228,2
112722,4.94647,49.70267,2
112723,4.94698,49.70228,2
112724,4.94689,49.70222,2
112725,4.94647,49.70267,2
112726,4.94681,49.70216,2
112727,4.94658,49.70259,2
112728,4.94681,49.70216,2
112729,4.9467,49.70252,2
112730,4.94681,49.70216,2
112731,4.94681,49.70216,2
112732,4.94685,49.70242,2
112733,4.94681,49.70216,2
112734,4.94685,49.70242,2
112735,4.94685,49.70242,2
112736,4.94672,49.70209,2
112737,4.94702,49.70229,2
112738,4.94672,49.70209,2
112739,4.94672,49.70209,2
112740,4.94683,49.70235,2
112741,4.94672,49.70209,2
112742,4.94685,49.70242,2
112743,4.94661,49.70244,2
112744,4.94648,49.7021,2
112745,4.94661,49.70244,2
112746,4.94663,49.70203,2
112747,4.94663,49.70203,2
112748,4.94661,49.70244,2
112749,4.95033,49.7026,2
112750,4.94663,49.70203,2
112751,4.94663,49.70203,2
112752,4.94661,49.70244,2
112753,4.94663,49.70203,2
112754,4.94661,49.70244,2
112755,4.94625,49.70193,2
112756,4.94406,49.70206,2
112757,4.94625,49.70193,2
112758,4.94642,49.70253,2
112759,4.94625,49.70193,2
112760,4.94625,49.70193,2
112761,4.94642,49.70253,2
112762,4.94625,49.70193,2
112763,4.94636,49.70124,2
112764,4.94625,49.70193,2
112765,4.94642,49.70253,2
112766,4.94625,49.70193,2
112767,4.94625,49.70193,2
112768,4.94642,49.70253,2
112769,4.94609,49.70268,2
112770,4.94615,49.70185,2
112771,4.94642,49.70253,2
112772,4.94609,49.70268,2
112773,4.94609,49.70268,2
112774,4.94615,49.70185,2
112775,4.94441,49.70218,2
112776,4.94638,49.70269,2
112777,4.94615,49.70185,2
112778,4.94704,49.70174,2
112779,4.94622,49.70262,2
112780,4.94613,49.70107,2
112781,4.94615,49.70185,2
112782,4.94622,49.70262,2
112783,4.94696,49.7017,2
112784,4.94622,49.70262,2
112785,4.9467,49.70134,2
112786,4.94615,49.70185,2
112787,4.94661,49.70244,2
112788,4.94751,49.70201,2
112789,4.94622,49.70262,2
112790,4.94481,49.70225,2
112791,4.94748,49.70197,2
112792,4.94615,49.70185,2
112793,4.94622,49.70262,2
112794,4.94622,49.70262,2
112795,4.94615,49.70185,2
112796,4.94543,49.70119,2
112797,4.94622,49.70262,2
112798,4.94615,49.70185,2
112799,4.94828,49.70119,2
112800,4.94622,49.70262,2
112801,4.94615,49.70185,2
112802,4.94622,49.70262,2
112803,4.94674,49.70166,2
112804,4.94615,49.70185,2
112805,4.94665,49.70156,2
112806,4.94622,49.70262,2
112807,4.94708,49.70147,2
112808,4.94615,49.70185,2
112809,4.94622,49.70262,2
112810,4.94615,49.70185,2
112811,4.94622,49.70262,2
112812,4.94622,49.70262,2
112813,4.94615,49.70185,2
112814,4.94622,49.70262,2
112815,4.94609,49.70268,2
112816,4.94615,49.70185,2
112817,4.94655,49.70197,2
112818,4.94609,49.70268,2
112819,4.94655,49.70197,2
112820,4.94609,49.70268,2
112821,4.94646,49.7019,2
112822,4.94609,49.70268,2
112823,4.94646,49.7019,2
112824,4.94646,49.7019,2
112825,4.94609,49.70268,2
112826,4.94509,49.70238,2
112827,4.94637,49.70184,2
112828,4.94637,49.70184,2
112829,4.94609,49.70268,2
112830,4.94636,49.70124,2
112831,4.94637,49.70184,2
112832,4.94609,49.70268,2
112833,4.94589,49.70095,2
112834,4.94637,49.70184,2
112835,4.94609,49.70268,2
112836,4.94609,49.70268,2
112837,4.94609,49.70268,2
112838,4.93385,49.70113,2
112839,4.94625,49.70175,2
112840,4.94609,49.70268,2
112841,4.94625,49.70175,2
112842,4.94609,49.70268,2
112843,4.94558,49.70144,2
112844,4.94625,49.70175,2
112845,4.94609,49.70268,2
112846,4.94625,49.70175,2
112847,4.94609,49.70268,2
112848,4.94625,49.70175,2
112849,4.94609,49.70268,2
112850,4.94607,49.70161,2
112851,4.94609,49.70268,2
112852,4.94607,49.70161,2
112853,4.94607,49.70161,2
112854,4.94606,49.7029,2
112855,4.94598,49.70172,2
112856,4.94606,49.7029,2
112857,4.9459,49.70148,2
112858,4.94606,49.7029,2
112859,4.9459,49.70148,2
112860,4.94606,49.7029,2
112861,4.9459,49.70148,2
112862,4.94606,49.7029,2
112863,4.9459,49.70148,2
112864,4.94606,49.7029,2
112865,4.9459,49.70148,2
112866,4.94606,49.7029,2
112867,4.94589,49.70166,2
112868,4.94606,49.7029,2
112869,4.94589,49.70166,2
112870,4.94606,49.7029,2
112871,4.94589,49.70166,2
112872,4.94606,49.7029,2
112873,4.94589,49.70166,2
112874,4.94589,49.70166,2
112875,4.94606,49.7029,2
112876,4.94589,49.70166,2
112877,4.94606,49.7029,2
112878,4.94589,49.70166,2
112879,4.94606,49.7029,2
112880,4.94572,49.70309,2
112881,4.94589,49.70166,2
112882,4.94606,49.7029,2
112883,4.94558,49.70144,2
112884,4.94558,49.70144,2
112885,4.94606,49.7029,2
112886,4.94558,49.70144,2
112887,4.94606,49.7029,2
112888,4.94702,49.70135,2
112889,4.94558,49.70144,2
112890,4.94606,49.7029,2
112891,4.94558,49.70144,2
112892,4.94606,49.7029,2
112893,4.9472,49.70263,2
112894,4.94536,49.70131,2
112895,4.94606,49.7029,2
112896,4.94536,49.70131,2
112897,4.94536,49.70131,2
112898,4.94606,49.7029,2
112899,4.94536,49.70131,2
112900,4.94578,49.7028,2
112901,4.94578,49.7028,2
112902,4.94578,49.7028,2
112903,4.94578,49.7028,2
112904,4.94536,49.70131,2
112905,4.94571,49.70278,2
112906,4.94571,49.70278,2
112907,4.94543,49.70119,2
112908,4.94571,49.70278,2
112909,4.94571,49.70278,2
112910,4.94543,49.70119,2
112911,4.94571,49.70278,2
112912,4.94571,49.70278,2
112913,4.94543,49.70119,2
112914,4.94571,49.70278,2
112915,4.94571,49.70278,2
112916,4.94608,49.70189,2
112917,4.94543,49.70119,2
112918,4.94571,49.70278,2
112919,4.94608,49.70189,2
112920,4.94571,49.70278,2
112921,4.94553,49.70126,2
112922,4.94571,49.70278,2
112923,4.94608,49.70189,2
112924,4.94553,49.70126,2
112925,4.94571,49.70278,2
112926,4.94551,49.70269,2
112927,4.94608,49.70189,2
112928,4.94553,49.70126,2
112929,4.94551,49.70269,2
112930,4.94564,49.70132,2
112931,4.94575,49.70138,2
112932,4.94551,49.70269,2
112933,4.94564,49.70132,2
112934,4.94564,49.70132,2
112935,4.94551,49.70269,2
112936,4.94572,49.70139,2
112937,4.94575,49.70138,2
112938,4.94551,49.70269,2
112939,4.94567,49.70219,2
112940,4.94567,49.70219,2
112941,4.94551,49.70269,2
112942,4.94545,49.70267,2
112943,4.94567,49.70219,2
112944,4.94545,49.70267,2
112945,4.94545,49.70267,2
112946,4.94559,49.70223,2
112947,4.94559,49.70223,2
112948,4.94545,49.70267,2
112949,4.94559,49.70223,2
112950,4.94559,49.70223,2
112951,4.94545,49.70267,2
112952,4.94551,49.70228,2
112953,4.94551,49.70228,2
112954,4.94538,49.70264,2
112955,4.94538,49.70264,2
112956,4.94551,49.70228,2
112957,4.94538,49.70264,2
112958,4.94542,49.70234,2
112959,4.94538,49.70264,2
112960,4.94538,49.70264,2
112961,4.94534,49.70239,2
112962,4.94532,49.70261,2
112963,4.94534,49.70239,2
112964,4.94532,49.70261,2
112965,4.94534,49.70239,2
112966,4.94532,49.70261,2
112967,4.94525,49.70258,2
112968,4.94534,49.70239,2
112969,4.94525,49.70258,2
112970,4.94614,49.70067,2
112971,4.94525,49.70258,2
112972,4.94614,49.70067,2
112973,4.94534,49.70239,2
112974,4.94525,49.70258,2
112975,4.94614,49.70067,2
112976,4.94543,49.7025,2
112977,4.94525,49.70258,2
112978,4.94614,49.70067,2
112979,4.94543,49.7025,2
112980,4.94525,49.70258,2
112981,4.94556,49.70241,2
112982,4.94525,49.70258,2
112983,4.94525,49.70258,2
112984,4.94543,49.7025,2
112985,4.94525,49.70258,2
112986,4.94525,49.70258,2
112987,4.94543,49.7025,2
112988,4.94525,49.70258,2
112989,4.94543,49.7025,2
112990,4.94525,49.70258,2
112991,4.94543,49.7025,2
112992,4.94525,49.70258,2
112993,4.94562,49.70237,2
112994,4.94562,49.70237,2
112995,4.94525,49.70258,2
112996,4.94562,49.70237,2
112997,4.94562,49.70237,2
112998,4.94525,49.70258,2
112999,4.94562,49.70237,2
113000,4.94525,49.70258,2
113001,4.94569,49.70233,2
113002,4.94525,49.70258,2
113003,4.94479,49.70291,2
113004,4.94569,49.70233,2
113005,4.94525,49.70258,2
113006,4.94525,49.70258,2
113007,4.94569,49.70233,2
113008,4.94518,49.70255,2
113009,4.94569,49.70233,2
113010,4.94518,49.70255,2
113011,4.94578,49.7028,2
113012,4.94608,49.70189,2
113013,4.94575,49.70229,2
113014,4.94518,49.70255,2
113015,4.94575,49.70229,2
113016,4.94575,49.70229,2
113017,4.94518,49.70255,2
113018,4.94575,49.70229,2
113019,4.94575,49.70229,2
113020,4.94518,49.70255,2
113021,4.94582,49.70225,2
113022,4.94582,49.70225,2
113023,4.94582,49.70225,2
113024,4.94511,49.70252,2
113025,4.94582,49.70225,2
113026,4.94511,49.70252,2
113027,4.94582,49.70225,2
113028,4.94511,49.70252,2
113029,4.94582,49.70225,2
113030,4.94511,49.70252,2
113031,4.94593,49.70217,2
113032,4.94511,49.70252,2
113033,4.94593,49.70217,2
113034,4.94593,49.70217,2
113035,4.94511,49.70252,2
113036,4.94593,49.70217,2
113037,4.94511,49.70252,2
113038,4.94593,49.70217,2
113039,4.94511,49.70252,2
113040,4.94609,49.70206,2
113041,4.94503,49.70249,2
113042,4.94609,49.70206,2
113043,4.94503,49.70249,2
113044,4.94609,49.70206,2
113045,4.94503,49.70249,2
113046,4.94609,49.70206,2
113047,4.94609,49.70206,2
113048,4.94598,49.70273,2
113049,4.94655,49.70197,2
113050,4.94609,49.70206,2
113051,4.94598,49.70273,2
113052,4.94609,49.70206,2
113053,4.94609,49.70206,2
113054,4.94598,49.70273,2
113055,4.94609,49.70206,2
113056,4.94608,49.70189,2
113057,4.94598,49.70273,2
113058,4.94608,49.70189,2
113059,4.94598,49.70273,2
113060,4.94608,49.70189,2
113061,4.94598,49.70273,2
113062,4.94625,49.70194,2
113063,4.94625,49.70194,2
113064,4.94598,49.70273,2
113065,4.94625,49.70194,2
113066,4.94625,49.70193,2
113067,4.94588,49.7027,2
113068,4.94625,49.70194,2
113069,4.94625,49.70194,2
113070,4.94588,49.7027,2
113071,4.94625,49.70193,2
113072,4.94625,49.70194,2
113073,4.94588,49.7027,2
113074,4.94625,49.70194,2
113075,4.94588,49.7027,2
113076,4.94625,49.70194,2
113077,4.94571,49.70264,2
113078,4.94625,49.70194,2
113079,4.94571,49.70264,2
113080,4.94625,49.70194,2
113081,4.94571,49.70264,2
113082,4.94625,49.70178,2
113083,4.94571,49.70264,2
113084,4.94637,49.70187,2
113085,4.94571,49.70264,2
113086,4.94637,49.70187,2
113087,4.94571,49.70264,2
113088,4.94637,49.70187,2
113089,4.94545,49.70253,2
113090,4.94654,49.70139,2
113091,4.94637,49.70187,2
113092,4.94625,49.70178,2
113093,4.94525,49.70245,2
113094,4.94525,49.70245,2
113095,4.94525,49.70245,2
113096,4.94525,49.70245,2
113097,4.94509,49.70238,2
113098,4.94646,49.70182,2
113099,4.94509,49.70238,2
113100,4.94509,49.70238,2
113101,4.94656,49.70176,2
113102,4.94509,49.70238,2
113103,4.94656,49.70176,2
113104,4.94509,49.70238,2
113105,4.94494,49.70231,2
113106,4.94656,49.70176,2
113107,4.94494,49.70231,2
113108,4.94665,49.70171,2
113109,4.94494,49.70231,2
113110,4.94665,49.70171,2
113111,4.94665,49.70171,2
113112,4.94496,49.70246,2
113113,4.94665,49.70171,2
113114,4.94496,49.70246,2
113115,4.94674,49.70166,2
113116,4.94496,49.70246,2
113117,4.94636,49.70124,2
113118,4.94674,49.70166,2
113119,4.94433,49.7028,2
113120,4.94511,49.70203,2
113121,4.94496,49.70246,2
113122,4.94674,49.70166,2
113123,4.94488,49.70243,2
113124,4.94684,49.70161,2
113125,4.94488,49.70243,2
113126,4.94684,49.70161,2
113127,4.94684,49.70161,2
113128,4.94488,49.70243,2
113129,4.94649,49.70165,2
113130,4.94649,49.70165,2
113131,4.94488,49.70243,2
113132,4.94649,49.70165,2
113133,4.94649,49.70165,2
113134,4.94488,49.70243,2
113135,4.94657,49.70161,2
113136,4.94657,49.70161,2
113137,4.9448,49.7024,2
113138,4.94657,49.70161,2
113139,4.94473,49.70236,2
113140,4.94657,49.70161,2
113141,4.94473,49.70236,2
113142,4.94657,49.70161,2
113143,4.94465,49.70233,2
113144,4.94657,49.70161,2
113145,4.94657,49.70161,2
113146,4.94465,49.70233,2
113147,4.94665,49.70156,2
113148,4.94465,49.70233,2
113149,4.95033,49.7026,2
113150,4.94665,49.70156,2
113151,4.94465,49.70233,2
113152,4.94654,49.70139,2
113153,4.94665,49.70156,2
113154,4.94465,49.70233,2
113155,4.94654,49.70139,2
113156,4.94665,49.70156,2
113157,4.94465,49.70233,2
113158,4.94665,49.70156,2
113159,4.94465,49.70233,2
113160,4.94654,49.70139,2
113161,4.94496,49.70214,2
113162,4.94496,49.70214,2
113163,4.94763,49.70116,2
113164,4.94654,49.70139,2
113165,4.94702,49.70135,2
113166,4.94496,49.70214,2
113167,4.94496,49.70214,2
113168,4.94702,49.70135,2
113169,4.94496,49.70214,2
113170,4.94702,49.70135,2
113171,4.94496,49.70214,2
113172,4.94496,49.70214,2
113173,4.94702,49.70135,2
113174,4.94496,49.70214,2
113175,4.94702,49.70135,2
113176,4.94511,49.70203,2
113177,4.94712,49.7013,2
113178,4.94551,49.70115,2
113179,4.94511,49.70203,2
113180,4.94551,49.70115,2
113181,4.94712,49.7013,2
113182,4.94511,49.70203,2
113183,4.94551,49.70115,2
113184,4.94496,49.70214,2
113185,4.94551,49.70115,2
113186,4.94712,49.7013,2
113187,4.94496,49.70214,2
113188,4.94551,49.70115,2
113189,4.94526,49.70191,2
113190,4.94551,49.70115,2
113191,4.94712,49.7013,2
113192,4.94551,49.70115,2
113193,4.94712,49.7013,2
113194,4.94481,49.70225,2
113195,4.94551,49.70115,2
113196,4.94712,49.7013,2
113197,4.94526,49.70191,2
113198,4.94654,49.70139,2
113199,4.94722,49.70124,2
113200,4.94511,49.70203,2
113201,4.94722,49.70124,2
113202,4.94511,49.70203,2
113203,4.94511,49.70203,2
113204,4.94722,49.70124,2
113205,4.94511,49.70203,2
113206,4.9459,49.70144,2
113207,4.94722,49.70124,2
113208,4.94546,49.70204,2
113209,4.94546,49.70204,2
113210,4.94748,49.70106,2
113211,4.94536,49.70197,2
113212,4.94536,49.70197,2
113213,4.94748,49.70106,2
113214,4.94546,49.70187,2
113215,4.94748,49.70106,2
113216,4.94546,49.70187,2
113217,4.94748,49.70106,2
113218,4.94494,49.70231,2
113219,4.94546,49.70187,2
113220,4.94692,49.70156,2
113221,4.947,49.70152,2
113222,4.94546,49.70187,2
113223,4.94708,49.70147,2
113224,4.94546,49.70187,2
113225,4.94479,49.70291,2
113226,4.94708,49.70147,2
113227,4.94573,49.70155,2
113228,4.945,49.70295,2
113229,4.9452,49.703,2
113230,4.94708,49.70147,2
113231,4.9459,49.70144,2
113232,4.94538,49.70304,2
113233,4.94716,49.70143,2
113234,4.9459,49.70144,2
113235,4.94555,49.70306,2
113236,4.94724,49.70138,2
113237,4.94724,49.70138,2
113238,4.9459,49.70144,2
113239,4.94724,49.70138,2
113240,4.9459,49.70144,2
113241,4.94724,49.70138,2
113242,4.9459,49.70144,2
113243,4.94724,49.70138,2
113244,4.9459,49.70144,2
113245,4.94724,49.70138,2
113246,4.9459,49.70144,2
113247,4.94724,49.70138,2
113248,4.9459,49.70144,2
113249,4.94724,49.70138,2
113250,4.9459,49.70144,2
113251,4.94594,49.70299,2
113252,4.94609,49.70132,2
113253,4.94732,49.70134,2
113254,4.94622,49.70283,2
113255,4.94609,49.70132,2
113256,4.95033,49.7026,2
113257,4.94635,49.70275,2
113258,4.9474,49.70129,2
113259,4.9474,49.70129,2
113260,4.94609,49.70132,2
113261,4.94647,49.70267,2
113262,4.9474,49.70129,2
113263,4.94658,49.70259,2
113264,4.9474,49.70129,2
113265,4.94609,49.70132,2
113266,4.94609,49.70132,2
113267,4.9474,49.70129,2
113268,4.94642,49.70253,2
113269,4.9474,49.70129,2
113270,4.94622,49.70262,2
113271,4.9474,49.70129,2
113272,4.94606,49.7029,2
113273,4.9474,49.70129,2
113274,4.94571,49.70278,2
113275,4.9474,49.70129,2
113276,4.94551,49.70269,2
113277,4.9474,49.70129,2
113278,4.94545,49.70267,2
113279,4.9474,49.70129,2
113280,4.94538,49.70264,2
113281,4.94755,49.7012,2
113282,4.94518,49.70255,2
113283,4.94511,49.70252,2
113284,4.94843,49.70113,2
113285,4.94503,49.70249,2
113286,4.94813,49.70125,2
113287,4.94503,49.70249,2
113288,4.94598,49.70273,2
113289,4.94755,49.7012,2
113290,4.94588,49.7027,2
113291,4.94571,49.70264,2
113292,4.94524,49.70244,2
113293,4.94509,49.70238,2
113294,4.94494,49.70231,2
113295,4.94765,49.70109,2
113296,4.94494,49.70231,2
113297,4.94765,49.70109,2
113298,4.94479,49.70225,2
113299,4.94658,49.70259,2
113300,4.94765,49.70109,2
113301,4.94658,49.70259,2
113302,4.94553,49.70263,2
113303,4.94765,49.70109,2
113304,4.94658,49.70259,2
113305,4.94765,49.70109,2
113306,4.94496,49.70246,2
113307,4.94765,49.70103,2
113308,4.94496,49.70246,2
113309,4.94765,49.70103,2
113310,4.94765,49.70103,2
113311,4.94765,49.70103,2
113312,4.94488,49.70243,2
113313,4.94765,49.70103,2
113314,4.9448,49.7024,2
113315,4.94765,49.70103,2
113316,4.94765,49.70096,2
113317,4.94473,49.70236,2
113318,4.94765,49.70096,2
113319,4.94465,49.70233,2
113320,4.94496,49.70214,2
113321,4.94747,49.70097,2
113322,4.94526,49.70191,2
113323,4.94642,49.70041,2
113324,4.947,49.70152,2
113325,4.94546,49.70204,2
113326,4.94525,49.7019,2
113327,4.94642,49.70041,2
113328,4.94642,49.70041,2
113329,4.9459,49.70144,2
113330,4.94642,49.70041,2
113331,4.94609,49.70132,2
113332,4.94642,49.70041,2
113333,4.94612,49.70113,2
113334,4.94642,49.70041,2
113335,4.94642,49.70041,2
113336,4.94633,49.7005,2
113337,4.94642,49.70041,2
113338,4.94666,49.70072,2
113339,4.94613,49.70092,2
113340,4.94633,49.7005,2
113341,4.94597,49.70084,2
113342,4.94633,49.7005,2
113343,4.94633,49.7005,2
113344,4.94662,49.70146,2
113345,4.94623,49.70058,2
113346,4.94671,49.70154,2
113347,4.94613,49.70107,2
113348,4.94623,49.70058,2
113349,4.94623,49.70058,2
113350,4.94613,49.70107,2
113351,4.94727,49.70187,2
113352,4.94751,49.70201,2
113353,4.94614,49.70067,2
113354,4.94751,49.70201,2
113355,4.94613,49.70107,2
113356,4.94747,49.70205,2
113357,4.94614,49.70067,2
113358,4.94613,49.70107,2
113359,4.94614,49.70067,2
113360,4.94743,49.70211,2
113361,4.94588,49.70129,2
113362,4.94736,49.70215,2
113363,4.94588,49.70129,2
113364,4.94722,49.70219,2
113365,4.94614,49.70067,2
113366,4.94612,49.70113,2
113367,4.94612,49.70113,2
113368,4.94722,49.70219,2
113369,4.94604,49.70075,2
113370,4.94612,49.70113,2
113371,4.94589,49.70095,2
113372,4.94612,49.70113,2
113373,4.94612,49.70113,2
113374,4.94615,49.70185,2
113375,4.94589,49.70095,2
113376,4.94612,49.70113,2
113377,4.94646,49.7019,2
113378,4.94612,49.70113,2
113379,4.94625,49.70175,2
113380,4.94589,49.70095,2
113381,4.94628,49.70119,2
113382,4.94641,49.70169,2
113383,4.94625,49.70175,2
113384,4.94628,49.70119,2
113385,4.94641,49.70169,2
113386,4.94589,49.70095,2
113387,4.94641,49.70169,2
113388,4.94607,49.70161,2
113389,4.9462,49.70108,2
113390,4.94641,49.70169,2
113391,4.94589,49.70095,2
113392,4.94642,49.70091,2
113393,4.94641,49.70169,2
113394,4.94642,49.70091,2
113395,4.94641,49.70169,2
113396,4.94581,49.70159,2
113397,4.94589,49.70095,2
113398,4.94641,49.70169,2
113399,4.94642,49.70091,2
113400,4.94641,49.70169,2
113401,4.94542,49.70121,2
113402,4.94589,49.70095,2
113403,4.94692,49.70141,2
113404,4.94589,49.70095,2
113405,4.94642,49.70091,2
113406,4.94692,49.70141,2
113407,4.94692,49.70141,2
113408,4.94536,49.70131,2
113409,4.94577,49.70097,2
113410,4.94642,49.70091,2
113411,4.94692,49.70141,2
113412,4.94613,49.70107,2
113413,4.94747,49.70205,2
113414,4.94692,49.70141,2
113415,4.94528,49.70132,2
113416,4.94577,49.70097,2
113417,4.94642,49.70091,2
113418,4.94692,49.70141,2
113419,4.94613,49.70107,2
113420,4.94553,49.70126,2
113421,4.94577,49.70097,2
113422,4.94654,49.70082,2
113423,4.94553,49.70126,2
113424,4.94481,49.70225,2
113425,4.94564,49.70132,2
113426,4.94577,49.70097,2
113427,4.94666,49.70072,2
113428,4.94481,49.70225,2
113429,4.94567,49.70219,2
113430,4.94568,49.70103,2
113431,4.94654,49.70082,2
113432,4.94481,49.70225,2
113433,4.94559,49.70223,2
113434,4.94568,49.70103,2
113435,4.94763,49.70116,2
113436,4.94551,49.70228,2
113437,4.94654,49.70082,2
113438,4.94543,49.7025,2
113439,4.94559,49.70109,2
113440,4.94562,49.70237,2
113441,4.94559,49.70109,2
113442,4.94666,49.70072,2
113443,4.94551,49.70115,2
113444,4.94562,49.70237,2
113445,4.94551,49.70115,2
113446,4.94654,49.70082,2
113447,4.94569,49.70233,2
113448,4.94551,49.70115,2
113449,4.94575,49.70229,2
113450,4.94666,49.70072,2
113451,4.94575,49.70229,2
113452,4.94551,49.70115,2
113453,4.94763,49.70116,2
113454,4.94582,49.70225,2
113455,4.94666,49.70072,2
113456,4.94763,49.70116,2
113457,4.94582,49.70225,2
113458,4.94542,49.70121,2
113459,4.94763,49.70116,2
113460,4.94609,49.70206,2
113461,4.94666,49.70072,2
113462,4.94763,49.70116,2
113463,4.94508,49.70146,2
113464,4.94763,49.70116,2
113465,4.94609,49.70206,2
113466,4.94597,49.70084,2
113467,4.94763,49.70116,2
113468,4.94625,49.70193,2
113469,4.94508,49.70146,2
113470,4.94625,49.70194,2
113471,4.94613,49.70092,2
113472,4.94637,49.70187,2
113473,4.94508,49.70146,2
113474,4.94613,49.70092,2
113475,4.94656,49.70176,2
113476,4.94649,49.70165,2
113477,4.94613,49.70092,2
113478,4.94657,49.70161,2
113479,4.9455,49.70156,2
113480,4.94613,49.70092,2
113481,4.94508,49.70146,2
113482,4.94702,49.70135,2
113483,4.94597,49.70084,2
113484,4.94712,49.7013,2
113485,4.94488,49.70161,2
113486,4.94722,49.70124,2
113487,4.94722,49.70124,2
113488,4.94488,49.70161,2
113489,4.94743,49.70113,2
113490,4.94488,49.70161,2
113491,4.94748,49.70106,2
113492,4.94708,49.70147,2
113493,4.94488,49.70161,2
113494,4.94732,49.70134,2
113495,4.94613,49.70107,2
113496,4.94755,49.7012,2
113497,4.94488,49.70161,2
113498,4.94636,49.70124,2
113499,4.94468,49.70175,2
113500,4.94755,49.7012,2
113501,4.94468,49.70175,2
113502,4.94765,49.70103,2
113503,4.94526,49.70174,2
113504,4.94645,49.70131,2
113505,4.94765,49.70103,2
113506,4.94468,49.70175,2
113507,4.94765,49.70096,2
113508,4.94645,49.70131,2
113509,4.94642,49.70041,2
113510,4.94526,49.70174,2
113511,4.94642,49.70041,2
113512,4.94645,49.70131,2
113513,4.94468,49.70175,2
113514,4.94645,49.70131,2
113515,4.94564,49.7032,2
113516,4.94654,49.70139,2
113517,4.95033,49.7026,2
113518,4.94468,49.70175,2
113519,4.94662,49.70146,2
113520,4.94564,49.7032,2
113521,4.95033,49.7026,2
113522,4.95033,49.7026,2
113523,4.95033,49.7026,2
113524,4.94633,49.7005,2
113525,4.94526,49.70174,2
113526,4.94662,49.70146,2
113527,4.94564,49.7032,2
113528,4.95033,49.7026,2
113529,4.94633,49.7005,2
113530,4.95033,49.7026,2
113531,4.94526,49.70174,2
113532,4.94662,49.70146,2
113533,4.94564,49.7032,2
113534,4.95033,49.7026,2
113535,4.94623,49.70058,2
113536,4.95033,49.7026,2
113537,4.94526,49.70174,2
113538,4.94662,49.70146,2
113539,4.94564,49.7032,2
113540,4.95033,49.7026,2
113541,4.94614,49.70067,2
113542,4.95033,49.7026,2
113543,4.94662,49.70146,2
113544,4.94564,49.7032,2
113545,4.95033,49.7026,2
113546,4.94585,49.70091,2
113547,4.94704,49.70174,2
113548,4.95033,49.7026,2
113549,4.94564,49.7032,2
113550,4.95033,49.7026,2
113551,4.94704,49.70174,2
113552,4.94585,49.70091,2
113553,4.94564,49.7032,2
113554,4.94577,49.70097,2
113555,4.94704,49.70174,2
113556,4.95033,49.7026,2
113557,4.94577,49.70097,2
113558,4.94564,49.7032,2
113559,4.95033,49.7026,2
113560,4.94568,49.70103,2
113561,4.94704,49.70174,2
113562,4.95033,49.7026,2
113563,4.94559,49.70109,2
113564,4.94564,49.7032,2
113565,4.95033,49.7026,2
113566,4.94704,49.70174,2
113567,4.95033,49.7026,2
113568,4.94551,49.70115,2
113569,4.94564,49.7032,2
113570,4.95033,49.7026,2
113571,4.94704,49.70174,2
113572,4.95033,49.7026,2
113573,4.94508,49.70146,2
113574,4.94564,49.7032,2
113575,4.94704,49.70174,2
113576,4.95033,49.7026,2
113577,4.94508,49.70146,2
113578,4.94564,49.7032,2
113579,4.94508,49.70146,2
113580,4.94704,49.70174,2
113581,4.94508,49.70146,2
113582,4.94564,49.7032,2
113583,4.94508,49.70146,2
113584,4.94704,49.70174,2
113585,4.94732,49.70118,2
113586,4.94705,49.70101,2
113587,4.94564,49.7032,2
113588,4.94704,49.70174,2
113589,4.94564,49.7032,2
113590,4.94488,49.70161,2
113591,4.94704,49.70174,2
113592,4.94622,49.70283,2
113593,4.94564,49.7032,2
113594,4.94704,49.70174,2
113595,4.94564,49.7032,2
113596,4.94468,49.70175,2
113597,4.94704,49.70174,2
113598,4.95033,49.7026,2
113599,4.94564,49.7032,2
113600,4.94468,49.70175,2
113601,4.94704,49.70174,2
113602,4.94564,49.7032,2
113603,4.94468,49.70175,2
113604,4.94704,49.70174,2
113605,4.94564,49.7032,2
113606,4.94704,49.70174,2
113607,4.94564,49.7032,2
113608,4.94696,49.7017,2
113609,4.94564,49.7032,2
113610,4.94712,49.7013,2
113611,4.94696,49.7017,2
113612,4.94696,49.7017,2
113613,4.94696,49.7017,2
113614,4.94696,49.7017,2
113615,4.94696,49.7017,2
113616,4.94696,49.7017,2
113617,4.94696,49.7017,2
113618,4.94433,49.7028,2
113619,4.94433,49.7028,2
113620,4.9467,49.70134,2
113621,4.94433,49.7028,2
113622,4.94433,49.7028,2
113623,4.94683,49.70145,2
113624,4.94433,49.7028,2
113625,4.94433,49.7028,2
113626,4.9467,49.70134,2
113627,4.94433,49.7028,2
113628,4.9467,49.70134,2
113629,4.94765,49.70109,2
113630,4.9467,49.70134,2
113631,4.9467,49.70134,2
113632,4.94722,49.70124,2
113633,4.94743,49.70181,2
113634,4.94743,49.70181,2
113635,4.94743,49.70181,2
113636,4.94712,49.70163,2
113637,4.94727,49.70187,2
113638,4.94735,49.70192,2
113639,4.94433,49.7028,2
113640,4.94751,49.70201,2
113641,4.94457,49.70286,2
113642,4.0813,49.60583,2
113643,4.0803,49.60633,2
113644,4.08014,49.60674,2
113645,4.07975,49.60708,2
113646,4.07971,49.60693,2
113647,4.08018,49.60898,2
113648,4.08066,49.60552,2
113649,4.08025,49.60465,2
113650,4.08073,49.60529,2
113651,4.08025,49.60465,2
113652,4.08037,49.60494,2
113653,4.08017,49.60468,2
113654,4.07996,49.60442,2
113655,4.08033,49.60462,2
113656,4.08025,49.60465,2
113657,4.07989,49.60408,2
113658,4.08025,49.60465,2
113659,4.07901,49.6041,2
113660,4.07892,49.6036,2
113661,4.07903,49.60351,2
113662,4.08025,49.60465,2
113663,4.08025,49.60465,2
113664,4.08071,49.60423,2
113665,4.08114,49.60469,2
113666,4.08127,49.60461,2
113667,4.08123,49.60465,2
113668,4.08114,49.60474,2
113669,4.08098,49.60488,2
113670,4.08116,49.60485,2
113671,4.08116,49.60485,2
113672,4.08121,49.60488,2
113673,4.08116,49.60485,2
113674,4.08111,49.60488,2
113675,4.10322,49.61925,2
113676,4.10234,49.6188,2
113677,4.10326,49.6192,2
113678,4.1033,49.61914,2
113679,4.10464,49.61918,2
113680,4.10437,49.61947,2
113681,4.10436,49.61935,2
113682,4.10326,49.6192,2
113683,4.10542,49.61948,2
113684,4.05464,49.60266,2
113685,4.05464,49.60266,2
113686,4.08137,49.60459,2
113687,4.05464,49.60266,2
113688,4.05464,49.60266,2
113689,4.08191,49.60556,2
113690,4.08203,49.60513,2
113691,4.08344,49.60333,2
113692,4.08186,49.60139,2
113693,4.08235,49.60169,2
113694,4.08223,49.60152,2
113695,4.08259,49.60165,2
113696,4.08267,49.60171,2
113697,4.08286,49.60187,2
113698,4.08296,49.60178,2
113699,4.08316,49.602,2
113700,4.0831,49.6022,2
113701,4.08332,49.60226,2
113702,4.08312,49.60257,2
113703,4.0833,49.60253,2
113704,4.08329,49.6028,2
113705,4.08334,49.60306,2
113706,4.08344,49.60333,2
113707,4.08311,49.60294,2
113708,4.08325,49.60331,2
113709,4.08391,49.60283,2
113710,4.0839,49.60322,2
113711,4.08351,49.60349,2
113712,4.08423,49.60258,2
113713,4.08441,49.60224,2
113714,4.08371,49.60348,2
113715,4.0838,49.6037,2
113716,4.08402,49.60368,2
113717,4.08432,49.60389,2
113718,4.083888,49.603737,2
113719,4.08492,49.6043,2
113720,4.08463,49.60409,2
113721,4.08507,49.60457,2
113722,4.08507,49.60457,2
113723,4.08509,49.60476,2
113724,4.08454,49.6042,2
113725,4.08312,49.60362,2
113726,4.08517,49.60484,2
113727,4.08296,49.60354,2
113728,4.08498,49.6048,2
113729,4.08216,49.60411,2
113730,4.08526,49.60544,2
113731,4.08132,49.60434,2
113732,4.08612,49.60584,2
113733,4.08103,49.60272,2
113734,4.08525,49.60512,2
113735,4.08146,49.60566,2
113736,4.08541,49.60537,2
113737,4.08009,49.60639,2
113738,4.08576,49.60554,2
113739,4.079701,49.606205,2
113740,4.08612,49.6057,2
113741,4.08003,49.60678,2
113742,4.08648,49.60587,2
113743,4.08046,49.60507,2
113744,4.08329,49.60344,2
113745,4.08116,49.60485,2
113746,4.08312,49.60349,2
113747,4.1042,49.61889,2
113748,4.08296,49.60354,2
113749,4.10542,49.61942,2
113750,4.08216,49.60411,2
113751,4.10637,49.61855,2
113752,4.08137,49.60459,2
113753,4.10538,49.61953,2
113754,4.08247,49.60375,2
113755,4.10542,49.61948,2
113756,4.0828,49.60359,2
113757,4.05464,49.60266,2
113758,4.08247,49.60375,2
113759,4.05421,49.602051,2
113760,4.08204,49.60401,2
113761,4.0817,49.60433,2
113762,4.08115,49.604,2
113763,4.08103,49.60365,2
113764,4.08146,49.60425,2
113765,4.08247,49.60375,2
113766,4.08082,49.6041,2
113767,4.08127,49.60383,2
113768,4.0812,49.60331,2
113769,4.08114,49.60296,2
113770,4.08134,49.6034,2
113771,4.08133,49.60297,2
113772,4.08115,49.60261,2
113773,4.08094,49.60258,2
113774,4.0814,49.60447,2
113775,4.08136,49.60452,2
113776,4.08132,49.60456,2
113777,4.08131,49.60484,2
113778,4.08147,49.60463,2
113779,4.08141,49.60473,2
113780,4.08151,49.60484,2
113781,4.08162,49.60493,2
113782,4.08116,49.60485,2
113783,4.08146,49.60566,2
113784,4.08203,49.60513,2
113785,4.08315,49.58353,2
113786,4.0832,49.58341,2
113787,4.08345,49.58371,2
113788,4.07994,49.58334,2
113789,4.0825,49.58389,2
113790,4.07994,49.58334,2
113791,4.07994,49.58334,2
113792,4.07994,49.58334,2
113793,4.08146,49.58365,2
113794,4.07994,49.58334,2
113795,4.07994,49.58334,2
113796,4.07994,49.58334,2
113797,4.07994,49.58334,2
113798,4.07994,49.58334,2
113799,4.08141,49.58062,2
113800,4.08141,49.58062,2
113801,4.08141,49.58062,2
113802,4.08141,49.58062,2
113803,4.07994,49.58334,2
113804,4.07878,49.58341,2
113805,4.07824,49.58343,2
113806,4.07812,49.58343,2
113807,4.07759,49.58216,2
113808,4.0769,49.58163,2
113809,4.07769,49.58283,2
113810,4.0775,49.58345,2
113811,4.0769,49.58336,2
113812,4.0763,49.5832,2
113813,4.07568,49.58296,2
113814,4.07514,49.58277,2
113815,4.07471,49.58263,2
113816,4.07471,49.58263,2
113817,4.07592,49.58312,2
113818,4.07852,49.58348,2
113819,4.07852,49.58348,2
113820,4.07666,49.58445,2
113821,4.07861,49.59344,2
113822,4.07671,49.58345,2
113823,4.07703,49.5835,2
113824,4.07767,49.58355,2
113825,4.07835,49.58409,2
113826,4.07859,49.58407,2
113827,4.07884,49.58406,2
113828,4.0759,49.58318,2
113829,4.07934,49.58548,2
113830,4.0759,49.58318,2
113831,4.07898,49.58381,2
113832,4.07923,49.58355,2
113833,4.0795,49.58377,2
113834,4.07915,49.58404,2
113835,4.07914,49.58386,2
113836,4.08018,49.584,2
113837,4.08076,49.58399,2
113838,4.08002,49.58389,2
113839,4.08106,49.58399,2
113840,4.08061,49.58387,2
113841,4.0812,49.58387,2
113842,4.0817,49.5839,2
113843,4.08135,49.58399,2
113844,4.08183,49.58404,2
113845,4.08204,49.58396,2
113846,4.08284,49.58469,2
113847,4.08271,49.58477,2
113848,4.07852,49.58348,2
113849,4.07852,49.58348,2
113850,4.08271,49.58477,2
113851,4.0775,49.58345,2
113852,4.07882,49.5846,2
113853,4.0775,49.58345,2
113854,4.07718,49.58183,2
113855,4.07592,49.58312,2
113856,4.07592,49.58312,2
113857,4.07994,49.58334,2
113858,4.07994,49.58334,2
113859,4.07806,49.58354,2
113860,4.07994,49.58334,2
113861,4.079,49.58338,2
113862,4.0785,49.58343,2
113863,4.07718,49.58183,2
113864,4.07718,49.58183,2
113865,4.0759,49.58318,2
113866,4.07674,49.58444,2
113867,4.07606,49.58414,2
113868,4.07566,49.58424,2
113869,4.07817,49.58376,2
113870,4.07954,49.58403,2
113871,4.08018,49.584,2
113872,4.08047,49.58399,2
113873,4.07843,49.59445,2
113874,4.69981,49.39763,2
113875,4.69981,49.39763,2
113876,4.701543,49.404794,2
113877,4.701543,49.404794,2
113878,4.701543,49.404794,2
113879,4.701543,49.404794,2
113880,4.699638,49.4044,2
113881,4.699638,49.4044,2
113882,4.699638,49.4044,2
113883,4.699638,49.4044,2
113884,4.699638,49.4044,2
113885,4.699638,49.4044,2
113886,4.699638,49.4044,2
113887,4.699638,49.4044,2
113888,4.699638,49.4044,2
113889,4.699638,49.4044,2
113890,4.699638,49.4044,2
113891,4.699638,49.4044,2
113892,4.69976,49.404074,2
113893,4.69976,49.404074,2
113894,4.69976,49.404074,2
113895,4.69976,49.404074,2
113896,4.69976,49.404074,2
113897,4.69976,49.404074,2
113898,4.699883,49.403739,2
113899,4.699883,49.403739,2
113900,4.699883,49.403739,2
113901,4.699883,49.403739,2
113902,4.699883,49.403739,2
113903,4.699883,49.403739,2
113904,4.700002,49.403342,2
113905,4.700002,49.403342,2
113906,4.700002,49.403342,2
113907,4.700002,49.403342,2
113908,4.700002,49.403342,2
113909,4.700002,49.403342,2
113910,4.700084,49.403017,2
113911,4.700084,49.403017,2
113912,4.700084,49.403017,2
113913,4.70204,49.40385,2
113914,4.700084,49.403017,2
113915,4.700084,49.403017,2
113916,4.699638,49.4044,2
113917,4.700067,49.402666,2
113918,4.69976,49.404074,2
113919,4.700067,49.402666,2
113920,4.699883,49.403739,2
113921,4.700067,49.402666,2
113922,4.700002,49.403342,2
113923,4.700067,49.402666,2
113924,4.700084,49.403017,2
113925,4.700067,49.402666,2
113926,4.70004,49.402667,2
113927,4.700067,49.402666,2
113928,4.699522,49.402776,2
113929,4.70004,49.402667,2
113930,4.699358,49.403121,2
113931,4.70004,49.402667,2
113932,4.699795,49.403319,2
113933,4.70004,49.402667,2
113934,4.699265,49.403473,2
113935,4.70004,49.402667,2
113936,4.69917,49.403816,2
113937,4.70004,49.402667,2
113938,4.699062,49.404169,2
113939,4.70004,49.402667,2
113940,4.699148,49.404527,2
113941,4.699522,49.402776,2
113942,4.699703,49.403716,2
113943,4.70204,49.40385,2
113944,4.700813,49.404809,2
113945,4.699522,49.402776,2
113946,4.699522,49.402776,2
113947,4.699522,49.402776,2
113948,4.699522,49.402776,2
113949,4.699522,49.402776,2
113950,4.699522,49.402776,2
113951,4.699522,49.402776,2
113952,4.699522,49.402776,2
113953,4.699522,49.402776,2
113954,4.70204,49.40385,2
113955,4.699522,49.402776,2
113956,4.699495,49.402794,2
113957,4.699495,49.402794,2
113958,4.699358,49.403121,2
113959,4.699358,49.403121,2
113960,4.699358,49.403121,2
113961,4.699358,49.403121,2
113962,4.699358,49.403121,2
113963,4.699358,49.403121,2
113964,4.699795,49.403319,2
113965,4.699795,49.403319,2
113966,4.699795,49.403319,2
113967,4.699795,49.403319,2
113968,4.699795,49.403319,2
113969,4.699795,49.403319,2
113970,4.699265,49.403473,2
113971,4.699265,49.403473,2
113972,4.70204,49.40385,2
113973,4.699265,49.403473,2
113974,4.699265,49.403473,2
113975,4.699265,49.403473,2
113976,4.69917,49.403816,2
113977,4.69917,49.403816,2
113978,4.69917,49.403816,2
113979,4.69917,49.403816,2
113980,4.69917,49.403816,2
113981,4.69917,49.403816,2
113982,4.699062,49.404169,2
113983,4.699062,49.404169,2
113984,4.699062,49.404169,2
113985,4.699062,49.404169,2
113986,4.699062,49.404169,2
113987,4.70244,49.40078,2
113988,4.699062,49.404169,2
113989,4.699062,49.404169,2
113990,4.699062,49.404169,2
113991,4.699147,49.404518,2
113992,4.699147,49.404518,2
113993,4.699147,49.404518,2
113994,4.699147,49.404518,2
113995,4.699147,49.404518,2
113996,4.699148,49.404527,2
113997,4.699148,49.404527,2
113998,4.699148,49.404527,2
113999,4.699148,49.404527,2
114000,4.699148,49.404527,2
114001,4.699148,49.404527,2
114002,4.699148,49.404527,2
114003,4.70204,49.40385,2
114004,4.699148,49.404527,2
114005,4.699148,49.404527,2
114006,4.699703,49.403716,2
114007,4.699703,49.403716,2
114008,4.70247,49.40115,2
114009,4.70247,49.40115,2
114010,4.699703,49.403716,2
114011,4.699703,49.403716,2
114012,4.700813,49.404809,2
114013,4.700813,49.404809,2
114014,4.700813,49.404809,2
114015,4.700813,49.404809,2
114016,4.700813,49.404809,2
114017,4.700813,49.404809,2
114018,4.72561,49.41096,2
114019,4.72559,49.41088,2
114020,4.71921,49.40637,2
114021,4.72468,49.40576,2
114022,4.723306,49.412867,2
114023,4.73025,49.4082,2
114024,4.73025,49.4082,2
114025,4.72654,49.40799,2
114026,4.71996,49.40646,2
114027,4.72668,49.40873,2
114028,4.71921,49.40637,2
114029,4.71996,49.40646,2
114030,4.71996,49.40646,2
114031,4.71996,49.40646,2
114032,4.71958,49.40642,2
114033,4.71958,49.40642,2
114034,4.71925,49.4065,2
114035,4.71996,49.40646,2
114036,4.7207,49.40655,2
114037,4.69981,49.39763,2
114038,4.72107,49.40659,2
114039,4.72654,49.40799,2
114040,4.72181,49.40668,2
114041,4.72177,49.40679,2
114042,4.72228,49.40685,2
114043,4.72256,49.40676,2
114044,4.72293,49.40681,2
114045,4.7233,49.40685,2
114046,4.72442,49.40669,2
114047,4.72465,49.40677,2
114048,4.72589,49.40679,2
114049,4.72483,49.40635,2
114050,4.72406,49.40667,2
114051,4.72479,49.40597,2
114052,4.72475,49.40558,2
114053,4.7247,49.40519,2
114054,4.72468,49.40576,2
114055,4.72477,49.4072,2
114056,4.72479,49.40763,2
114057,4.72498,49.40738,2
114058,4.72477,49.40806,2
114059,4.72498,49.40845,2
114060,4.72526,49.40841,2
114061,4.72625,49.40848,2
114062,4.72654,49.40799,2
114063,4.72654,49.40799,2
114064,4.69146,49.39495,2
114065,4.72649,49.40851,2
114066,4.72701,49.40831,2
114067,4.72714,49.40802,2
114068,4.72757,49.40803,2
114069,4.72755,49.40828,2
114070,4.72719,49.4087,2
114071,4.7278,49.40846,2
114072,4.7281,49.40842,2
114073,4.72695,49.40864,2
114074,4.72751,49.4085,2
114075,4.72816,49.40854,2
114076,4.72804,49.40837,2
114077,4.72802,49.40825,2
114078,4.72845,49.40824,2
114079,4.72848,49.40836,2
114080,4.7288,49.40825,2
114081,4.72893,49.40837,2
114082,4.72916,49.40826,2
114083,4.72937,49.40839,2
114084,4.72951,49.40828,2
114085,4.72981,49.4084,2
114086,4.72987,49.40829,2
114087,4.73061,49.4082,2
114088,4.73064,49.40861,2
114089,4.72654,49.40799,2
114090,4.73095,49.40807,2
114091,4.73077,49.40801,2
114092,4.73125,49.40787,2
114093,4.72602,49.40669,2
114094,4.7267,49.40745,2
114095,4.72745,49.40741,2
114096,4.72875,49.4074,2
114097,4.72993,49.40743,2
114098,4.72719,49.40745,2
114099,4.731,49.40776,2
114100,4.72645,49.408,2
114101,4.72676,49.40902,2
114102,4.72649,49.40872,2
114103,4.72692,49.40944,2
114104,4.72671,49.40932,2
114105,4.72656,49.409,2
114106,4.72659,49.40962,2
114107,4.72662,49.40983,2
114108,4.72636,49.40991,2
114109,4.72613,49.4102,2
114110,4.72586,49.41048,2
114111,4.72559,49.41076,2
114112,4.72597,49.41059,2
114113,4.72525,49.41133,2
114114,4.72423,49.41188,2
114115,4.725474,49.410919,2
114116,4.72426,49.41172,2
114117,4.7239,49.41194,2
114118,4.72367,49.41223,2
114119,4.72356,49.4129,2
114120,4.722823,49.412553,2
114121,4.72282,49.41263,2
114122,4.72178,49.41119,2
114123,4.72282,49.41263,2
114124,4.722514,49.412424,2
114125,4.72178,49.41119,2
114126,4.72282,49.41263,2
114127,4.722183,49.412125,2
114128,4.720869,49.411702,2
114129,4.72178,49.41083,2
114130,4.72155,49.41126,2
114131,4.72155,49.41126,2
114132,4.72338,49.4074,2
114133,4.719314,49.409648,2
114134,4.723531,49.413267,2
114135,4.72528,49.40846,2
114136,4.71996,49.40646,2
114137,4.72485,49.40682,2
114138,4.72468,49.40576,2
114139,4.72695,49.40864,2
114140,4.71921,49.40637,2
114141,4.72329,49.40696,2
114142,4.73025,49.4082,2
114143,4.72654,49.40799,2
114144,4.722179,49.777939,2
114145,4.72762,49.78187,2
114146,4.72762,49.78187,2
114147,4.73463,49.7743,2
114148,4.73156,49.77658,2
114149,4.73156,49.77658,2
114150,4.73104,49.77637,2
114151,4.72956,49.7771,2
114152,4.72758,49.77743,2
114153,4.73543,49.77477,2
114154,4.72615,49.77687,2
114155,4.72615,49.77687,2
114156,4.72615,49.77907,2
114157,4.72615,49.77907,2
114158,4.72269,49.77936,2
114159,4.72762,49.78187,2
114160,4.73303,49.77517,2
114161,4.73698,49.77501,2
114162,4.73723,49.7751,2
114163,4.73915,49.77395,2
114164,4.73852,49.77403,2
114165,4.77477,49.701723,2
114166,4.77351,49.70336,2
114167,4.77399,49.69953,2
114168,4.772963,49.698417,2
114169,4.77489,49.70042,2
114170,4.767744,49.692367,2
114171,4.76986,49.69449,2
114172,4.767599,49.693682,2
114173,4.77515,49.69614,2
114174,4.77326,49.69854,2
114175,4.77299,49.6981,2
114176,4.77693,49.69821,2
114177,4.773381,49.703673,2
114178,4.77693,49.69821,2
114179,4.77693,49.69821,2
114180,4.77498,49.69802,2
114181,4.70262,50.00109,2
114182,4.70796,50.00603,2
114183,4.71059,50.00384,2
114184,4.71062,50.00373,2
114185,4.71071,50.00223,2
114186,4.70595,50.00748,2
114187,4.69764,49.99848,2
114188,4.71062,50.00373,2
114189,4.71062,50.00373,2
114190,4.71071,50.00223,2
114191,4.41494,49.69595,2
114192,4.41494,49.69595,2
114193,4.41494,49.69595,2
114194,4.41494,49.69595,2
114195,4.41494,49.69595,2
114196,4.41667,49.69897,2
114197,4.41667,49.69897,2
114198,4.41935,49.69695,2
114199,4.94557,49.70101,2
114200,4.94743,49.70353,2
114201,4.94704,49.70174,2
114202,4.94657,49.70252,2
114203,4.94726,49.70224,2
114204,4.94553,49.70199,2
114205,4.94584,49.70206,2
114206,4.94732,49.70134,2
114207,4.94536,49.70131,2
114208,4.94734,49.70165,2
114209,4.94572,49.70309,2
114210,4.94743,49.70353,2
114211,4.94642,49.70253,2
114212,4.94654,49.70082,2
114213,4.94743,49.70181,2
114214,4.9474,49.70187,2
114215,4.94672,49.70209,2
114216,4.9459,49.70148,2
114217,4.94558,49.70144,2
114218,4.94712,49.7013,2
114219,4.94642,49.70041,2
114220,4.94623,49.70058,2
114221,4.94589,49.70095,2
114222,4.94508,49.70146,2
114223,4.9455,49.70156,2
114224,4.94488,49.70161,2
114225,4.94468,49.70175,2
114226,4.94564,49.7032,2
114227,4.94433,49.7028,2
114228,4.07968,49.60535,2
114229,4.08116,49.60485,2
114230,4.08216,49.60411,2
114231,4.08267,49.60171,2
114232,4.08509,49.60476,2
114233,4.0828,49.60359,2
114234,4.08116,49.60485,2
114235,4.08141,49.60473,2
114236,4.08025,49.60465,2
114237,4.08638,49.613942,2
114238,4.10326,49.6192,2
114239,4.08216,49.60411,2
114240,4.08216,49.60411,2
114241,4.141815,49.595007,2
114242,4.091267,49.606873,2
114243,4.08454,49.6042,2
114244,4.07718,49.58183,2
114245,4.083355,49.582876,2
114246,4.078,49.58343,2
114247,4.07718,49.58183,2
114248,4.07852,49.58348,2
114249,4.07904,49.58385,2
114250,4.07904,49.58385,2
114251,4.72282,49.41263,2
114252,4.72282,49.41263,2
114253,4.72727,49.40803,2
114254,4.72282,49.41263,2
114255,4.72282,49.41263,2
114256,4.72468,49.40576,2
114257,4.72282,49.41263,2
