"ID","Longitude","Latitude","ServiceTime (min)"
31652,4.43856,49.7759,2
31653,4.43605,49.77601,2
31654,4.43869,49.77453,2
31655,4.433677,49.775505,2
31656,4.433516,49.775301,2
31657,4.434333,49.77561,2
31658,4.434333,49.77561,2
31659,4.434333,49.77561,2
31660,4.434319,49.77561,2
31661,4.43411,49.775578,2
31662,4.434319,49.77561,2
31663,4.434319,49.77561,2
31664,4.434992,49.775796,2
31665,4.434333,49.77561,2
31666,4.434333,49.77561,2
31667,4.434992,49.775796,2
31668,4.434992,49.775796,2
31669,4.434992,49.775796,2
31670,4.434936,49.775779,2
31671,4.43529,49.775962,2
31672,4.43529,49.775962,2
31673,4.436401,49.775988,2
31674,4.436401,49.775988,2
31675,4.436401,49.775988,2
31676,4.43631,49.77601,2
31677,4.436585,49.776083,2
31678,4.4366,49.776092,2
31679,4.436401,49.775988,2
31680,4.436585,49.776083,2
31681,4.43566,49.7759,2
31682,4.436628,49.7761,2
31683,4.436721,49.776332,2
31684,4.436721,49.776332,2
31685,4.43627,49.77616,2
31686,4.43566,49.7759,2
31687,4.43627,49.77616,2
31688,4.43627,49.77616,2
31689,4.437324,49.776511,2
31690,4.43627,49.77616,2
31691,4.437324,49.776511,2
31692,4.437844,49.776996,2
31693,4.437844,49.776996,2
31694,4.437844,49.776996,2
31695,4.437432,49.776769,2
31696,4.437909,49.776905,2
31697,4.43783,49.776996,2
31698,4.43783,49.776996,2
31699,4.43783,49.776996,2
31700,4.437909,49.776905,2
31701,4.437324,49.776511,2
31702,4.437324,49.776511,2
31703,4.437324,49.776511,2
31704,4.437324,49.776511,2
31705,4.438327,49.777266,2
31706,4.43783,49.776996,2
31707,4.43783,49.776996,2
31708,4.438327,49.777266,2
31709,4.438578,49.777315,2
31710,4.438327,49.777266,2
31711,4.437909,49.776905,2
31712,4.438578,49.777315,2
31713,4.43856,49.7759,2
31714,4.43976,49.777708,2
31715,4.438872,49.777373,2
31716,4.441992,49.776331,2
31717,4.444326,49.776766,2
31718,4.446275,49.775933,2
31719,4.444228,49.777074,2
31720,4.43939,49.776816,2
31721,4.441265,49.77655,2
31722,4.439285,49.776953,2
31723,4.43939,49.776816,2
31724,4.43939,49.776816,2
31725,4.440728,49.77664,2
31726,4.443679,49.776885,2
31727,4.43869,49.77453,2
31728,4.43856,49.7759,2
31729,4.43856,49.7759,2
31730,4.43856,49.7759,2
31731,4.43856,49.7759,2
31732,4.43856,49.7759,2
31733,4.43856,49.7759,2
31734,4.43856,49.7759,2
31735,4.43856,49.7759,2
31736,4.43856,49.7759,2
31737,4.43605,49.77601,2
31738,4.437012,49.774998,2
31739,4.43856,49.7759,2
31740,4.43856,49.7759,2
31741,4.43856,49.7759,2
31742,4.43869,49.77453,2
31743,4.43869,49.77453,2
31744,4.44176,49.77646,2
31745,4.43869,49.77453,2
31746,4.43869,49.77453,2
31747,4.43449,49.77355,2
31748,4.43449,49.77355,2
31749,4.43856,49.7759,2
31750,4.43449,49.77355,2
31751,4.436581,49.774619,2
31752,4.43449,49.77355,2
31753,4.43856,49.7759,2
31754,4.43856,49.7759,2
31755,4.43449,49.77355,2
31756,4.43449,49.77355,2
31757,4.43631,49.77523,2
31758,4.435984,49.775276,2
31759,4.43631,49.77523,2
31760,4.43631,49.77523,2
31761,4.43631,49.77523,2
31762,4.43631,49.77523,2
31763,4.43631,49.77523,2
31764,4.43605,49.77601,2
31765,4.43605,49.77601,2
31766,4.43579,49.77696,2
31767,4.43579,49.77696,2
31768,4.43579,49.77696,2
31769,4.435873,49.776302,2
31770,4.43824,49.77444,2
31771,4.431978,49.769614,2
31772,4.43579,49.77696,2
31773,4.43579,49.77696,2
31774,4.43579,49.77696,2
31775,4.441992,49.776331,2
31776,4.43345,49.77651,2
31777,4.43579,49.77696,2
31778,4.43579,49.77696,2
31779,4.43579,49.77696,2
31780,4.43579,49.77696,2
31781,4.43579,49.77696,2
31782,4.43579,49.77696,2
31783,4.43579,49.77696,2
31784,4.43579,49.77696,2
31785,4.43579,49.77696,2
31786,4.435201,49.776475,2
31787,4.435201,49.776475,2
31788,4.435201,49.776475,2
31789,4.435201,49.776475,2
31790,4.435201,49.776475,2
31791,4.43605,49.77601,2
31792,4.435194,49.776305,2
31793,4.435873,49.776302,2
31794,4.43345,49.77651,2
31795,4.437324,49.776511,2
31796,4.437324,49.776511,2
31797,4.430112,49.775171,2
31798,4.43157,49.776224,2
31799,4.434333,49.77561,2
31800,4.434333,49.77561,2
31801,4.434333,49.77561,2
31802,4.435194,49.776305,2
31803,4.43566,49.7759,2
31804,4.43566,49.7759,2
31805,4.437381,49.776545,2
31806,4.438327,49.777266,2
31807,4.43449,49.77355,2
31808,4.43449,49.77355,2
31809,4.436897,49.774901,2
31810,4.43449,49.77355,2
31811,4.436782,49.774795,2
31812,4.43449,49.77355,2
31813,4.43449,49.77355,2
31814,4.43648,49.77754,2
31815,4.436231,49.777248,2
31816,4.43157,49.776224,2
31817,4.43449,49.77355,2
31818,4.43449,49.77355,2
31819,4.43605,49.77601,2
31820,4.43869,49.77453,2
31821,4.435194,49.776305,2
31822,4.439913,49.776726,2
31823,4.43856,49.7759,2
31824,4.439093,49.740737,2
31825,4.441773,49.776406,2
31826,4.440797,49.77663,2
31827,4.440333,49.778156,2
31828,4.43783,49.776996,2
31829,4.43566,49.7759,2
31830,4.434207,49.775594,2
31831,4.442687,49.77604,2
31832,4.442578,49.776096,2
31833,4.72306,49.74259,2
31834,4.72306,49.74259,2
31835,4.72306,49.74259,2
31836,4.72306,49.74259,2
31837,4.72306,49.74259,2
31838,4.72306,49.74259,2
31839,4.72306,49.74259,2
31840,4.72306,49.74259,2
31841,4.72306,49.74259,2
31842,4.72289,49.74438,2
31843,4.72289,49.74438,2
31844,4.72289,49.74438,2
31845,4.72289,49.74438,2
31846,4.72289,49.74438,2
31847,4.72289,49.74438,2
31848,4.72289,49.74438,2
31849,4.72289,49.74438,2
31850,4.72289,49.74438,2
31851,4.72289,49.74438,2
31852,4.72289,49.74438,2
31853,4.72289,49.74438,2
31854,4.72289,49.74438,2
31855,4.72289,49.74438,2
31856,4.72289,49.74438,2
31857,4.72289,49.74438,2
31858,4.72289,49.74438,2
31859,4.72289,49.74438,2
31860,4.722352,49.743743,2
31861,4.72289,49.74438,2
31862,4.72289,49.74438,2
31863,4.72289,49.74438,2
31864,4.72289,49.74438,2
31865,4.722352,49.743743,2
31866,4.72289,49.74438,2
31867,4.72289,49.74438,2
31868,4.72289,49.74438,2
31869,4.72289,49.74438,2
31870,4.72289,49.74438,2
31871,4.72289,49.74438,2
31872,4.72289,49.74438,2
31873,4.72289,49.74438,2
31874,4.72289,49.74438,2
31875,4.72289,49.74438,2
31876,4.72289,49.74438,2
31877,4.72289,49.74438,2
31878,4.72289,49.74438,2
31879,4.72289,49.74438,2
31880,4.72289,49.74438,2
31881,4.72289,49.74438,2
31882,4.72289,49.74438,2
31883,4.72289,49.74438,2
31884,4.72289,49.74438,2
31885,4.72289,49.74438,2
31886,4.72289,49.74438,2
31887,4.72289,49.74438,2
31888,4.72289,49.74438,2
31889,4.72289,49.74438,2
31890,4.72289,49.74438,2
31891,4.72289,49.74438,2
31892,4.72289,49.74438,2
31893,4.72289,49.74438,2
31894,4.72289,49.74438,2
31895,4.72289,49.74438,2
31896,4.72289,49.74438,2
31897,4.72289,49.74438,2
31898,4.72289,49.74438,2
31899,4.72506,49.74496,2
31900,4.72506,49.74496,2
31901,4.72506,49.74496,2
31902,4.72506,49.74496,2
31903,4.72506,49.74496,2
31904,4.72506,49.74496,2
31905,4.72506,49.74496,2
31906,4.72506,49.74496,2
31907,4.72506,49.74496,2
31908,4.72506,49.74496,2
31909,4.72506,49.74496,2
31910,4.72506,49.74496,2
31911,4.72506,49.74496,2
31912,4.72506,49.74496,2
31913,4.72506,49.74496,2
31914,4.72506,49.74496,2
31915,4.72506,49.74496,2
31916,4.72506,49.74496,2
31917,4.72506,49.74496,2
31918,4.72506,49.74496,2
31919,4.72506,49.74496,2
31920,4.72506,49.74496,2
31921,4.72506,49.74496,2
31922,4.72506,49.74496,2
31923,4.72506,49.74496,2
31924,4.72506,49.74496,2
31925,4.72506,49.74496,2
31926,4.72506,49.74496,2
31927,4.72506,49.74496,2
31928,4.72506,49.74496,2
31929,4.72506,49.74496,2
31930,4.72506,49.74496,2
31931,4.72506,49.74496,2
31932,4.72506,49.74496,2
31933,4.72506,49.74496,2
31934,4.72506,49.74496,2
31935,4.72506,49.74496,2
31936,4.72506,49.74496,2
31937,4.72506,49.74496,2
31938,4.72506,49.74496,2
31939,4.72506,49.74496,2
31940,4.72506,49.74496,2
31941,4.72506,49.74496,2
31942,4.72506,49.74496,2
31943,4.72506,49.74496,2
31944,4.72506,49.74496,2
31945,4.72506,49.74496,2
31946,4.72506,49.74496,2
31947,4.72506,49.74496,2
31948,4.72506,49.74496,2
31949,4.72506,49.74496,2
31950,4.72506,49.74496,2
31951,4.72506,49.74496,2
31952,4.72506,49.74496,2
31953,4.72506,49.74496,2
31954,4.72506,49.74496,2
31955,4.72506,49.74496,2
31956,4.72506,49.74496,2
31957,4.72506,49.74496,2
31958,4.72522,49.74455,2
31959,4.72522,49.74455,2
31960,4.72522,49.74455,2
31961,4.72522,49.74455,2
31962,4.72522,49.74455,2
31963,4.72522,49.74455,2
31964,4.72522,49.74455,2
31965,4.72522,49.74455,2
31966,4.72522,49.74455,2
31967,4.72522,49.74455,2
31968,4.72522,49.74455,2
31969,4.72522,49.74455,2
31970,4.72522,49.74455,2
31971,4.72522,49.74455,2
31972,4.72522,49.74455,2
31973,4.72522,49.74455,2
31974,4.72522,49.74455,2
31975,4.72522,49.74455,2
31976,4.72522,49.74455,2
31977,4.72522,49.74455,2
31978,4.72522,49.74455,2
31979,4.72522,49.74455,2
31980,4.72522,49.74455,2
31981,4.72522,49.74455,2
31982,4.72522,49.74455,2
31983,4.72522,49.74455,2
31984,4.72522,49.74455,2
31985,4.72522,49.74455,2
31986,4.72522,49.74455,2
31987,4.72522,49.74455,2
31988,4.72522,49.74455,2
31989,4.72522,49.74455,2
31990,4.72522,49.74455,2
31991,4.72522,49.74455,2
31992,4.72522,49.74455,2
31993,4.72522,49.74455,2
31994,4.72522,49.74455,2
31995,4.72522,49.74455,2
31996,4.72522,49.74455,2
31997,4.72522,49.74455,2
31998,4.72522,49.74455,2
31999,4.72522,49.74455,2
32000,4.72522,49.74455,2
32001,4.72522,49.74455,2
32002,4.72522,49.74455,2
32003,4.72522,49.74455,2
32004,4.72522,49.74455,2
32005,4.72522,49.74455,2
32006,4.72522,49.74455,2
32007,4.72522,49.74455,2
32008,4.72522,49.74455,2
32009,4.72522,49.74455,2
32010,4.72522,49.74455,2
32011,4.72522,49.74455,2
32012,4.72522,49.74455,2
32013,4.72522,49.74455,2
32014,4.72522,49.74455,2
32015,4.72522,49.74455,2
32016,4.72522,49.74455,2
32017,4.72522,49.74455,2
32018,4.72554,49.74372,2
32019,4.72554,49.74372,2
32020,4.72554,49.74372,2
32021,4.72554,49.74372,2
32022,4.72554,49.74372,2
32023,4.72554,49.74372,2
32024,4.72554,49.74372,2
32025,4.72554,49.74372,2
32026,4.72554,49.74372,2
32027,4.72554,49.74372,2
32028,4.72554,49.74372,2
32029,4.72554,49.74372,2
32030,4.72554,49.74372,2
32031,4.72554,49.74372,2
32032,4.72554,49.74372,2
32033,4.72554,49.74372,2
32034,4.72554,49.74372,2
32035,4.72554,49.74372,2
32036,4.72554,49.74372,2
32037,4.72554,49.74372,2
32038,4.72554,49.74372,2
32039,4.72554,49.74372,2
32040,4.72554,49.74372,2
32041,4.72554,49.74372,2
32042,4.72554,49.74372,2
32043,4.72554,49.74372,2
32044,4.72554,49.74372,2
32045,4.72554,49.74372,2
32046,4.72554,49.74372,2
32047,4.72323,49.74881,2
32048,4.72554,49.74372,2
32049,4.72323,49.74881,2
32050,4.72554,49.74372,2
32051,4.72323,49.74881,2
32052,4.72554,49.74372,2
32053,4.72323,49.74881,2
32054,4.72554,49.74372,2
32055,4.72323,49.74881,2
32056,4.72554,49.74372,2
32057,4.72323,49.74881,2
32058,4.72554,49.74372,2
32059,4.72323,49.74881,2
32060,4.72554,49.74372,2
32061,4.72323,49.74881,2
32062,4.72554,49.74372,2
32063,4.72323,49.74881,2
32064,4.72554,49.74372,2
32065,4.72323,49.74881,2
32066,4.72323,49.74881,2
32067,4.72554,49.74372,2
32068,4.72323,49.74881,2
32069,4.72554,49.74372,2
32070,4.72323,49.74881,2
32071,4.72554,49.74372,2
32072,4.72323,49.74881,2
32073,4.72554,49.74372,2
32074,4.72323,49.74881,2
32075,4.72554,49.74372,2
32076,4.72323,49.74881,2
32077,4.72554,49.74372,2
32078,4.72319,49.74882,2
32079,4.72554,49.74372,2
32080,4.72319,49.74882,2
32081,4.72554,49.74372,2
32082,4.72319,49.74882,2
32083,4.72554,49.74372,2
32084,4.72319,49.74882,2
32085,4.72554,49.74372,2
32086,4.72319,49.74882,2
32087,4.72364,49.7488,2
32088,4.72554,49.74372,2
32089,4.72319,49.74882,2
32090,4.72554,49.74372,2
32091,4.72319,49.74882,2
32092,4.72554,49.74372,2
32093,4.72319,49.74882,2
32094,4.72554,49.74372,2
32095,4.72319,49.74882,2
32096,4.72554,49.74372,2
32097,4.72319,49.74882,2
32098,4.72554,49.74372,2
32099,4.72319,49.74882,2
32100,4.72554,49.74372,2
32101,4.72319,49.74882,2
32102,4.72554,49.74372,2
32103,4.72319,49.74882,2
32104,4.72554,49.74372,2
32105,4.72319,49.74882,2
32106,4.72554,49.74372,2
32107,4.72319,49.74882,2
32108,4.72554,49.74372,2
32109,4.72319,49.74882,2
32110,4.72554,49.74372,2
32111,4.72315,49.74884,2
32112,4.72554,49.74372,2
32113,4.72315,49.74884,2
32114,4.72554,49.74372,2
32115,4.72315,49.74884,2
32116,4.72554,49.74372,2
32117,4.72315,49.74884,2
32118,4.72554,49.74372,2
32119,4.72315,49.74884,2
32120,4.72554,49.74372,2
32121,4.72315,49.74884,2
32122,4.72554,49.74372,2
32123,4.72315,49.74884,2
32124,4.72554,49.74372,2
32125,4.72315,49.74884,2
32126,4.72554,49.74372,2
32127,4.72315,49.74884,2
32128,4.72554,49.74372,2
32129,4.72315,49.74884,2
32130,4.72554,49.74372,2
32131,4.72315,49.74884,2
32132,4.72554,49.74372,2
32133,4.72315,49.74884,2
32134,4.72554,49.74372,2
32135,4.72315,49.74884,2
32136,4.72554,49.74372,2
32137,4.72315,49.74884,2
32138,4.72554,49.74372,2
32139,4.72315,49.74884,2
32140,4.72554,49.74372,2
32141,4.72311,49.74886,2
32142,4.72554,49.74372,2
32143,4.72311,49.74886,2
32144,4.72554,49.74372,2
32145,4.72311,49.74886,2
32146,4.72554,49.74372,2
32147,4.72311,49.74886,2
32148,4.72554,49.74372,2
32149,4.72311,49.74886,2
32150,4.72554,49.74372,2
32151,4.72311,49.74886,2
32152,4.72538,49.74413,2
32153,4.72311,49.74886,2
32154,4.72538,49.74413,2
32155,4.72311,49.74886,2
32156,4.72538,49.74413,2
32157,4.72311,49.74886,2
32158,4.72538,49.74413,2
32159,4.7191,49.76014,2
32160,4.72538,49.74413,2
32161,4.72311,49.74886,2
32162,4.72538,49.74413,2
32163,4.72311,49.74886,2
32164,4.72538,49.74413,2
32165,4.72311,49.74886,2
32166,4.72538,49.74413,2
32167,4.72311,49.74886,2
32168,4.72538,49.74413,2
32169,4.72311,49.74886,2
32170,4.72538,49.74413,2
32171,4.72307,49.74887,2
32172,4.72538,49.74413,2
32173,4.72307,49.74887,2
32174,4.72538,49.74413,2
32175,4.72307,49.74887,2
32176,4.72538,49.74413,2
32177,4.72307,49.74887,2
32178,4.72538,49.74413,2
32179,4.72307,49.74887,2
32180,4.72538,49.74413,2
32181,4.72307,49.74887,2
32182,4.72538,49.74413,2
32183,4.72307,49.74887,2
32184,4.72538,49.74413,2
32185,4.72307,49.74887,2
32186,4.72538,49.74413,2
32187,4.72307,49.74887,2
32188,4.72538,49.74413,2
32189,4.72307,49.74887,2
32190,4.72538,49.74413,2
32191,4.72307,49.74887,2
32192,4.72538,49.74413,2
32193,4.72307,49.74887,2
32194,4.72538,49.74413,2
32195,4.72307,49.74887,2
32196,4.72538,49.74413,2
32197,4.72307,49.74887,2
32198,4.72538,49.74413,2
32199,4.72307,49.74887,2
32200,4.72538,49.74413,2
32201,4.72307,49.74887,2
32202,4.72538,49.74413,2
32203,4.72303,49.74889,2
32204,4.72538,49.74413,2
32205,4.72303,49.74889,2
32206,4.72538,49.74413,2
32207,4.72303,49.74889,2
32208,4.72538,49.74413,2
32209,4.72303,49.74889,2
32210,4.72538,49.74413,2
32211,4.72303,49.74889,2
32212,4.72538,49.74413,2
32213,4.72303,49.74889,2
32214,4.72538,49.74413,2
32215,4.72303,49.74889,2
32216,4.72538,49.74413,2
32217,4.72303,49.74889,2
32218,4.72538,49.74413,2
32219,4.72303,49.74889,2
32220,4.72538,49.74413,2
32221,4.72303,49.74889,2
32222,4.72538,49.74413,2
32223,4.72303,49.74889,2
32224,4.72538,49.74413,2
32225,4.72303,49.74889,2
32226,4.72538,49.74413,2
32227,4.72303,49.74889,2
32228,4.72538,49.74413,2
32229,4.72303,49.74889,2
32230,4.72538,49.74413,2
32231,4.72303,49.74889,2
32232,4.72538,49.74413,2
32233,4.723,49.7489,2
32234,4.72538,49.74413,2
32235,4.723,49.7489,2
32236,4.72538,49.74413,2
32237,4.72538,49.74413,2
32238,4.723,49.7489,2
32239,4.72538,49.74413,2
32240,4.723,49.7489,2
32241,4.72538,49.74413,2
32242,4.723,49.7489,2
32243,4.72538,49.74413,2
32244,4.723,49.7489,2
32245,4.72538,49.74413,2
32246,4.723,49.7489,2
32247,4.72538,49.74413,2
32248,4.723,49.7489,2
32249,4.72538,49.74413,2
32250,4.723,49.7489,2
32251,4.72538,49.74413,2
32252,4.723,49.7489,2
32253,4.72538,49.74413,2
32254,4.723,49.7489,2
32255,4.72538,49.74413,2
32256,4.723,49.7489,2
32257,4.72571,49.7433,2
32258,4.723,49.7489,2
32259,4.72571,49.7433,2
32260,4.723,49.7489,2
32261,4.72571,49.7433,2
32262,4.723,49.7489,2
32263,4.72571,49.7433,2
32264,4.723,49.7489,2
32265,4.72571,49.7433,2
32266,4.723,49.7489,2
32267,4.72571,49.7433,2
32268,4.723,49.7489,2
32269,4.72571,49.7433,2
32270,4.723,49.7489,2
32271,4.72571,49.7433,2
32272,4.723,49.7489,2
32273,4.72571,49.7433,2
32274,4.723,49.7489,2
32275,4.72571,49.7433,2
32276,4.723,49.7489,2
32277,4.72571,49.7433,2
32278,4.72296,49.74892,2
32279,4.72475,49.74613,2
32280,4.72571,49.7433,2
32281,4.72296,49.74892,2
32282,4.72571,49.7433,2
32283,4.72296,49.74892,2
32284,4.72323,49.74881,2
32285,4.72571,49.7433,2
32286,4.72296,49.74892,2
32287,4.72319,49.74882,2
32288,4.72571,49.7433,2
32289,4.72296,49.74892,2
32290,4.72245,49.74308,2
32291,4.72319,49.74882,2
32292,4.72571,49.7433,2
32293,4.72296,49.74892,2
32294,4.72315,49.74884,2
32295,4.72571,49.7433,2
32296,4.72296,49.74892,2
32297,4.72571,49.7433,2
32298,4.72296,49.74892,2
32299,4.72307,49.74887,2
32300,4.72571,49.7433,2
32301,4.72296,49.74892,2
32302,4.72571,49.7433,2
32303,4.72296,49.74892,2
32304,4.72307,49.74887,2
32305,4.72571,49.7433,2
32306,4.72296,49.74892,2
32307,4.72506,49.74496,2
32308,4.72571,49.7433,2
32309,4.72296,49.74892,2
32310,4.723,49.7489,2
32311,4.72571,49.7433,2
32312,4.72296,49.74892,2
32313,4.72554,49.74372,2
32314,4.723,49.7489,2
32315,4.72571,49.7433,2
32316,4.72296,49.74892,2
32317,4.72554,49.74372,2
32318,4.72571,49.7433,2
32319,4.72296,49.74892,2
32320,4.72554,49.74372,2
32321,4.72292,49.74893,2
32322,4.72571,49.7433,2
32323,4.72296,49.74892,2
32324,4.72571,49.7433,2
32325,4.72296,49.74892,2
32326,4.72554,49.74372,2
32327,4.72292,49.74893,2
32328,4.72571,49.7433,2
32329,4.72296,49.74892,2
32330,4.72538,49.74413,2
32331,4.72571,49.7433,2
32332,4.72296,49.74892,2
32333,4.72538,49.74413,2
32334,4.72409,49.74617,2
32335,4.72571,49.7433,2
32336,4.72296,49.74892,2
32337,4.72538,49.74413,2
32338,4.72409,49.74617,2
32339,4.72571,49.7433,2
32340,4.72296,49.74892,2
32341,4.72571,49.7433,2
32342,4.72409,49.74617,2
32343,4.72571,49.7433,2
32344,4.72296,49.74892,2
32345,4.72571,49.7433,2
32346,4.72475,49.74613,2
32347,4.72571,49.7433,2
32348,4.72296,49.74892,2
32349,4.72475,49.74613,2
32350,4.72571,49.7433,2
32351,4.72296,49.74892,2
32352,4.72475,49.74613,2
32353,4.72571,49.7433,2
32354,4.72292,49.74893,2
32355,4.7249,49.74538,2
32356,4.72571,49.7433,2
32357,4.72292,49.74893,2
32358,4.7249,49.74538,2
32359,4.72571,49.7433,2
32360,4.72292,49.74893,2
32361,4.7249,49.74538,2
32362,4.72571,49.7433,2
32363,4.72292,49.74893,2
32364,4.7249,49.74538,2
32365,4.72571,49.7433,2
32366,4.72292,49.74893,2
32367,4.72571,49.7433,2
32368,4.72292,49.74893,2
32369,4.72571,49.7433,2
32370,4.72292,49.74893,2
32371,4.72245,49.74308,2
32372,4.72571,49.7433,2
32373,4.72292,49.74893,2
32374,4.72245,49.74308,2
32375,4.72571,49.7433,2
32376,4.72292,49.74893,2
32377,4.72245,49.74308,2
32378,4.72571,49.7433,2
32379,4.72292,49.74893,2
32380,4.72245,49.74308,2
32381,4.72571,49.7433,2
32382,4.72292,49.74893,2
32383,4.72306,49.74259,2
32384,4.72571,49.7433,2
32385,4.72292,49.74893,2
32386,4.72306,49.74259,2
32387,4.72571,49.7433,2
32388,4.72292,49.74893,2
32389,4.72306,49.74259,2
32390,4.72571,49.7433,2
32391,4.72292,49.74893,2
32392,4.72289,49.74438,2
32393,4.72571,49.7433,2
32394,4.72292,49.74893,2
32395,4.72289,49.74438,2
32396,4.72571,49.7433,2
32397,4.72292,49.74893,2
32398,4.72289,49.74438,2
32399,4.72571,49.7433,2
32400,4.72292,49.74893,2
32401,4.72506,49.74496,2
32402,4.72571,49.7433,2
32403,4.72292,49.74893,2
32404,4.72506,49.74496,2
32405,4.72571,49.7433,2
32406,4.72292,49.74893,2
32407,4.72506,49.74496,2
32408,4.72571,49.7433,2
32409,4.72292,49.74893,2
32410,4.72522,49.74455,2
32411,4.72571,49.7433,2
32412,4.72292,49.74893,2
32413,4.72522,49.74455,2
32414,4.72571,49.7433,2
32415,4.72292,49.74893,2
32416,4.72522,49.74455,2
32417,4.72571,49.7433,2
32418,4.72292,49.74893,2
32419,4.72571,49.7433,2
32420,4.72292,49.74893,2
32421,4.72571,49.7433,2
32422,4.72364,49.7488,2
32423,4.72571,49.7433,2
32424,4.72364,49.7488,2
32425,4.72571,49.7433,2
32426,4.72364,49.7488,2
32427,4.72322,49.74155,2
32428,4.72571,49.7433,2
32429,4.72364,49.7488,2
32430,4.72322,49.74155,2
32431,4.72571,49.7433,2
32432,4.72364,49.7488,2
32433,4.72322,49.74155,2
32434,4.72571,49.7433,2
32435,4.72364,49.7488,2
32436,4.72322,49.74155,2
32437,4.72571,49.7433,2
32438,4.72364,49.7488,2
32439,4.72566,49.74203,2
32440,4.72364,49.7488,2
32441,4.72312,49.74201,2
32442,4.72364,49.7488,2
32443,4.72312,49.74201,2
32444,4.72566,49.74203,2
32445,4.72364,49.7488,2
32446,4.72312,49.74201,2
32447,4.72566,49.74203,2
32448,4.72364,49.7488,2
32449,4.72377,49.74126,2
32450,4.72322,49.74155,2
32451,4.72364,49.7488,2
32452,4.72377,49.74126,2
32453,4.72322,49.74155,2
32454,4.72364,49.7488,2
32455,4.72377,49.74126,2
32456,4.72322,49.74155,2
32457,4.72364,49.7488,2
32458,4.72322,49.74155,2
32459,4.72364,49.7488,2
32460,4.72322,49.74155,2
32461,4.72364,49.7488,2
32462,4.72322,49.74155,2
32463,4.72364,49.7488,2
32464,4.72322,49.74155,2
32465,4.72364,49.7488,2
32466,4.72322,49.74155,2
32467,4.72364,49.7488,2
32468,4.72322,49.74155,2
32469,4.72364,49.7488,2
32470,4.72322,49.74155,2
32471,4.72364,49.7488,2
32472,4.72322,49.74155,2
32473,4.72364,49.7488,2
32474,4.72322,49.74155,2
32475,4.72364,49.7488,2
32476,4.72322,49.74155,2
32477,4.72409,49.74617,2
32478,4.72322,49.74155,2
32479,4.72409,49.74617,2
32480,4.72322,49.74155,2
32481,4.72409,49.74617,2
32482,4.72322,49.74155,2
32483,4.72409,49.74617,2
32484,4.72322,49.74155,2
32485,4.72409,49.74617,2
32486,4.72322,49.74155,2
32487,4.72409,49.74617,2
32488,4.72322,49.74155,2
32489,4.72409,49.74617,2
32490,4.72322,49.74155,2
32491,4.72409,49.74617,2
32492,4.72322,49.74155,2
32493,4.72409,49.74617,2
32494,4.72322,49.74155,2
32495,4.72409,49.74617,2
32496,4.72322,49.74155,2
32497,4.72409,49.74617,2
32498,4.72322,49.74155,2
32499,4.72409,49.74617,2
32500,4.72322,49.74155,2
32501,4.72409,49.74617,2
32502,4.72322,49.74155,2
32503,4.72409,49.74617,2
32504,4.72322,49.74155,2
32505,4.72409,49.74617,2
32506,4.72322,49.74155,2
32507,4.72409,49.74617,2
32508,4.72322,49.74155,2
32509,4.72409,49.74617,2
32510,4.72322,49.74155,2
32511,4.72409,49.74617,2
32512,4.72322,49.74155,2
32513,4.72409,49.74617,2
32514,4.72322,49.74155,2
32515,4.72409,49.74617,2
32516,4.72322,49.74155,2
32517,4.72409,49.74617,2
32518,4.72322,49.74155,2
32519,4.72409,49.74617,2
32520,4.72322,49.74155,2
32521,4.72409,49.74617,2
32522,4.72322,49.74155,2
32523,4.72409,49.74617,2
32524,4.72322,49.74155,2
32525,4.72409,49.74617,2
32526,4.72322,49.74155,2
32527,4.72409,49.74617,2
32528,4.72322,49.74155,2
32529,4.72409,49.74617,2
32530,4.72322,49.74155,2
32531,4.72409,49.74617,2
32532,4.72322,49.74155,2
32533,4.72409,49.74617,2
32534,4.72322,49.74155,2
32535,4.72409,49.74617,2
32536,4.72322,49.74155,2
32537,4.72409,49.74617,2
32538,4.72322,49.74155,2
32539,4.72409,49.74617,2
32540,4.72322,49.74155,2
32541,4.72409,49.74617,2
32542,4.72322,49.74155,2
32543,4.72409,49.74617,2
32544,4.72322,49.74155,2
32545,4.72409,49.74617,2
32546,4.72322,49.74155,2
32547,4.72409,49.74617,2
32548,4.72322,49.74155,2
32549,4.72409,49.74617,2
32550,4.72322,49.74155,2
32551,4.72409,49.74617,2
32552,4.72322,49.74155,2
32553,4.72409,49.74617,2
32554,4.72322,49.74155,2
32555,4.72409,49.74617,2
32556,4.72322,49.74155,2
32557,4.72409,49.74617,2
32558,4.72322,49.74155,2
32559,4.72409,49.74617,2
32560,4.72322,49.74155,2
32561,4.72409,49.74617,2
32562,4.72322,49.74155,2
32563,4.72409,49.74617,2
32564,4.72322,49.74155,2
32565,4.72409,49.74617,2
32566,4.72322,49.74155,2
32567,4.72409,49.74617,2
32568,4.72322,49.74155,2
32569,4.72409,49.74617,2
32570,4.72322,49.74155,2
32571,4.72409,49.74617,2
32572,4.72322,49.74155,2
32573,4.72409,49.74617,2
32574,4.72322,49.74155,2
32575,4.72409,49.74617,2
32576,4.72322,49.74155,2
32577,4.72409,49.74617,2
32578,4.72322,49.74155,2
32579,4.72409,49.74617,2
32580,4.72322,49.74155,2
32581,4.72409,49.74617,2
32582,4.72322,49.74155,2
32583,4.72409,49.74617,2
32584,4.72322,49.74155,2
32585,4.72409,49.74617,2
32586,4.72322,49.74155,2
32587,4.72409,49.74617,2
32588,4.72322,49.74155,2
32589,4.72409,49.74617,2
32590,4.72322,49.74155,2
32591,4.72409,49.74617,2
32592,4.72322,49.74155,2
32593,4.72409,49.74617,2
32594,4.72322,49.74155,2
32595,4.72409,49.74617,2
32596,4.72312,49.74201,2
32597,4.72312,49.74201,2
32598,4.72312,49.74201,2
32599,4.72475,49.74613,2
32600,4.72312,49.74201,2
32601,4.72475,49.74613,2
32602,4.72312,49.74201,2
32603,4.72475,49.74613,2
32604,4.72312,49.74201,2
32605,4.72475,49.74613,2
32606,4.72312,49.74201,2
32607,4.72475,49.74613,2
32608,4.72312,49.74201,2
32609,4.72475,49.74613,2
32610,4.72312,49.74201,2
32611,4.72475,49.74613,2
32612,4.72312,49.74201,2
32613,4.72475,49.74613,2
32614,4.72312,49.74201,2
32615,4.72475,49.74613,2
32616,4.72312,49.74201,2
32617,4.72475,49.74613,2
32618,4.72312,49.74201,2
32619,4.72475,49.74613,2
32620,4.72312,49.74201,2
32621,4.72312,49.74201,2
32622,4.72475,49.74613,2
32623,4.72312,49.74201,2
32624,4.72312,49.74201,2
32625,4.72475,49.74613,2
32626,4.72312,49.74201,2
32627,4.72475,49.74613,2
32628,4.72312,49.74201,2
32629,4.72475,49.74613,2
32630,4.72312,49.74201,2
32631,4.72475,49.74613,2
32632,4.72312,49.74201,2
32633,4.72475,49.74613,2
32634,4.72312,49.74201,2
32635,4.72475,49.74613,2
32636,4.72312,49.74201,2
32637,4.72475,49.74613,2
32638,4.72312,49.74201,2
32639,4.72475,49.74613,2
32640,4.72312,49.74201,2
32641,4.72475,49.74613,2
32642,4.72312,49.74201,2
32643,4.72475,49.74613,2
32644,4.72312,49.74201,2
32645,4.72475,49.74613,2
32646,4.72312,49.74201,2
32647,4.72475,49.74613,2
32648,4.72312,49.74201,2
32649,4.72475,49.74613,2
32650,4.72312,49.74201,2
32651,4.72475,49.74613,2
32652,4.72312,49.74201,2
32653,4.72475,49.74613,2
32654,4.72312,49.74201,2
32655,4.72475,49.74613,2
32656,4.72312,49.74201,2
32657,4.72475,49.74613,2
32658,4.72312,49.74201,2
32659,4.72475,49.74613,2
32660,4.72312,49.74201,2
32661,4.72475,49.74613,2
32662,4.72312,49.74201,2
32663,4.72475,49.74613,2
32664,4.72312,49.74201,2
32665,4.72475,49.74613,2
32666,4.72312,49.74201,2
32667,4.72475,49.74613,2
32668,4.72312,49.74201,2
32669,4.72475,49.74613,2
32670,4.72312,49.74201,2
32671,4.72475,49.74613,2
32672,4.72312,49.74201,2
32673,4.72475,49.74613,2
32674,4.72312,49.74201,2
32675,4.72475,49.74613,2
32676,4.72312,49.74201,2
32677,4.72475,49.74613,2
32678,4.72312,49.74201,2
32679,4.72475,49.74613,2
32680,4.72312,49.74201,2
32681,4.72475,49.74613,2
32682,4.72312,49.74201,2
32683,4.72475,49.74613,2
32684,4.72312,49.74201,2
32685,4.72475,49.74613,2
32686,4.72312,49.74201,2
32687,4.72475,49.74613,2
32688,4.72312,49.74201,2
32689,4.72475,49.74613,2
32690,4.72312,49.74201,2
32691,4.72475,49.74613,2
32692,4.72312,49.74201,2
32693,4.72475,49.74613,2
32694,4.72312,49.74201,2
32695,4.72475,49.74613,2
32696,4.72312,49.74201,2
32697,4.72475,49.74613,2
32698,4.72312,49.74201,2
32699,4.72475,49.74613,2
32700,4.72312,49.74201,2
32701,4.72475,49.74613,2
32702,4.72312,49.74201,2
32703,4.72475,49.74613,2
32704,4.72312,49.74201,2
32705,4.72475,49.74613,2
32706,4.72312,49.74201,2
32707,4.72475,49.74613,2
32708,4.72475,49.74613,2
32709,4.72377,49.74126,2
32710,4.72475,49.74613,2
32711,4.72377,49.74126,2
32712,4.72475,49.74613,2
32713,4.72377,49.74126,2
32714,4.7249,49.74538,2
32715,4.72377,49.74126,2
32716,4.7249,49.74538,2
32717,4.72377,49.74126,2
32718,4.7249,49.74538,2
32719,4.72377,49.74126,2
32720,4.7249,49.74538,2
32721,4.72377,49.74126,2
32722,4.7249,49.74538,2
32723,4.72377,49.74126,2
32724,4.7249,49.74538,2
32725,4.72377,49.74126,2
32726,4.7249,49.74538,2
32727,4.72377,49.74126,2
32728,4.7249,49.74538,2
32729,4.72377,49.74126,2
32730,4.7249,49.74538,2
32731,4.72377,49.74126,2
32732,4.7249,49.74538,2
32733,4.72377,49.74126,2
32734,4.7249,49.74538,2
32735,4.72377,49.74126,2
32736,4.7249,49.74538,2
32737,4.72377,49.74126,2
32738,4.7249,49.74538,2
32739,4.72377,49.74126,2
32740,4.7249,49.74538,2
32741,4.72377,49.74126,2
32742,4.7249,49.74538,2
32743,4.72377,49.74126,2
32744,4.7249,49.74538,2
32745,4.72377,49.74126,2
32746,4.7249,49.74538,2
32747,4.72377,49.74126,2
32748,4.7249,49.74538,2
32749,4.72377,49.74126,2
32750,4.7249,49.74538,2
32751,4.72377,49.74126,2
32752,4.7249,49.74538,2
32753,4.72377,49.74126,2
32754,4.7249,49.74538,2
32755,4.72377,49.74126,2
32756,4.7249,49.74538,2
32757,4.72377,49.74126,2
32758,4.7249,49.74538,2
32759,4.72377,49.74126,2
32760,4.7249,49.74538,2
32761,4.72377,49.74126,2
32762,4.7249,49.74538,2
32763,4.72377,49.74126,2
32764,4.7249,49.74538,2
32765,4.72377,49.74126,2
32766,4.72377,49.74126,2
32767,4.7249,49.74538,2
32768,4.72377,49.74126,2
32769,4.7249,49.74538,2
32770,4.72377,49.74126,2
32771,4.7249,49.74538,2
32772,4.72377,49.74126,2
32773,4.7249,49.74538,2
32774,4.72377,49.74126,2
32775,4.7249,49.74538,2
32776,4.72377,49.74126,2
32777,4.7249,49.74538,2
32778,4.72377,49.74126,2
32779,4.7249,49.74538,2
32780,4.72377,49.74126,2
32781,4.7249,49.74538,2
32782,4.72377,49.74126,2
32783,4.7249,49.74538,2
32784,4.72377,49.74126,2
32785,4.7249,49.74538,2
32786,4.72377,49.74126,2
32787,4.7249,49.74538,2
32788,4.72377,49.74126,2
32789,4.7249,49.74538,2
32790,4.72377,49.74126,2
32791,4.7249,49.74538,2
32792,4.7249,49.74538,2
32793,4.7249,49.74538,2
32794,4.7249,49.74538,2
32795,4.7249,49.74538,2
32796,4.7249,49.74538,2
32797,4.7249,49.74538,2
32798,4.7249,49.74538,2
32799,4.7249,49.74538,2
32800,4.7249,49.74538,2
32801,4.7249,49.74538,2
32802,4.7249,49.74538,2
32803,4.7249,49.74538,2
32804,4.7249,49.74538,2
32805,4.7249,49.74538,2
32806,4.7249,49.74538,2
32807,4.7249,49.74538,2
32808,4.7249,49.74538,2
32809,4.7249,49.74538,2
32810,4.7249,49.74538,2
32811,4.72245,49.74308,2
32812,4.72245,49.74308,2
32813,4.72245,49.74308,2
32814,4.72245,49.74308,2
32815,4.72245,49.74308,2
32816,4.72245,49.74308,2
32817,4.72245,49.74308,2
32818,4.72245,49.74308,2
32819,4.72245,49.74308,2
32820,4.72245,49.74308,2
32821,4.72245,49.74308,2
32822,4.72245,49.74308,2
32823,4.72245,49.74308,2
32824,4.72245,49.74308,2
32825,4.72245,49.74308,2
32826,4.72245,49.74308,2
32827,4.72245,49.74308,2
32828,4.72245,49.74308,2
32829,4.72245,49.74308,2
32830,4.72245,49.74308,2
32831,4.72245,49.74308,2
32832,4.72245,49.74308,2
32833,4.72245,49.74308,2
32834,4.72245,49.74308,2
32835,4.72245,49.74308,2
32836,4.72245,49.74308,2
32837,4.72245,49.74308,2
32838,4.72245,49.74308,2
32839,4.72245,49.74308,2
32840,4.72245,49.74308,2
32841,4.72245,49.74308,2
32842,4.72245,49.74308,2
32843,4.72245,49.74308,2
32844,4.72554,49.74372,2
32845,4.72245,49.74308,2
32846,4.72245,49.74308,2
32847,4.72245,49.74308,2
32848,4.72245,49.74308,2
32849,4.72245,49.74308,2
32850,4.72245,49.74308,2
32851,4.72245,49.74308,2
32852,4.72245,49.74308,2
32853,4.72245,49.74308,2
32854,4.72245,49.74308,2
32855,4.72245,49.74308,2
32856,4.72245,49.74308,2
32857,4.72245,49.74308,2
32858,4.72245,49.74308,2
32859,4.72245,49.74308,2
32860,4.72245,49.74308,2
32861,4.72245,49.74308,2
32862,4.72245,49.74308,2
32863,4.72245,49.74308,2
32864,4.72245,49.74308,2
32865,4.72245,49.74308,2
32866,4.72245,49.74308,2
32867,4.72245,49.74308,2
32868,4.72245,49.74308,2
32869,4.72306,49.74259,2
32870,4.72306,49.74259,2
32871,4.72306,49.74259,2
32872,4.72306,49.74259,2
32873,4.72306,49.74259,2
32874,4.72306,49.74259,2
32875,4.72306,49.74259,2
32876,4.72306,49.74259,2
32877,4.72306,49.74259,2
32878,4.72306,49.74259,2
32879,4.72306,49.74259,2
32880,4.72306,49.74259,2
32881,4.72306,49.74259,2
32882,4.72306,49.74259,2
32883,4.72306,49.74259,2
32884,4.72306,49.74259,2
32885,4.72306,49.74259,2
32886,4.72306,49.74259,2
32887,4.72306,49.74259,2
32888,4.72306,49.74259,2
32889,4.72306,49.74259,2
32890,4.72306,49.74259,2
32891,4.72306,49.74259,2
32892,4.72306,49.74259,2
32893,4.72306,49.74259,2
32894,4.72306,49.74259,2
32895,4.72306,49.74259,2
32896,4.72306,49.74259,2
32897,4.72306,49.74259,2
32898,4.72306,49.74259,2
32899,4.72306,49.74259,2
32900,4.72306,49.74259,2
32901,4.72306,49.74259,2
32902,4.72306,49.74259,2
32903,4.72306,49.74259,2
32904,4.72306,49.74259,2
32905,4.72306,49.74259,2
32906,4.72306,49.74259,2
32907,4.72306,49.74259,2
32908,4.72306,49.74259,2
32909,4.72306,49.74259,2
32910,4.72306,49.74259,2
32911,4.72306,49.74259,2
32912,4.72306,49.74259,2
32913,4.72306,49.74259,2
32914,4.72306,49.74259,2
32915,4.72306,49.74259,2
32916,4.72306,49.74259,2
32917,4.826805,50.110904,2
32918,4.826805,50.110904,2
32919,4.82735,50.110929,2
32920,4.82735,50.110929,2
32921,4.829498,50.110014,2
32922,4.829498,50.110014,2
32923,4.82905,50.10881,2
32924,4.82905,50.10881,2
32925,4.828946,50.108741,2
32926,4.82905,50.10881,2
32927,4.82905,50.10881,2
32928,4.82905,50.10881,2
32929,4.82905,50.10881,2
32930,4.82905,50.10881,2
32931,4.82563,50.10343,2
32932,4.82563,50.10343,2
32933,4.82905,50.10881,2
32934,4.828394,50.108025,2
32935,4.82905,50.10881,2
32936,4.82905,50.10881,2
32937,4.829029,50.107024,2
32938,4.829029,50.107024,2
32939,4.78031,50.127235,2
32940,4.82905,50.10881,2
32941,4.829029,50.107024,2
32942,4.828456,50.107296,2
32943,4.829029,50.107024,2
32944,4.828804,50.106993,2
32945,4.82905,50.10881,2
32946,4.82905,50.10881,2
32947,4.828804,50.106993,2
32948,4.829029,50.107024,2
32949,4.829029,50.107024,2
32950,4.828581,50.107563,2
32951,4.828804,50.106993,2
32952,4.835262,50.106843,2
32953,4.842356,50.09699,2
32954,4.847201,50.098965,2
32955,4.847851,50.101933,2
32956,4.84458,50.098192,2
32957,4.83051,50.111008,2
32958,4.84826,50.101179,2
32959,4.82905,50.10881,2
32960,4.828581,50.107563,2
32961,4.82905,50.10881,2
32962,4.826514,50.106698,2
32963,4.82905,50.10881,2
32964,4.77775,50.12482,2
32965,4.77899,50.126238,2
32966,4.77416,50.1239,2
32967,4.77899,50.126238,2
32968,4.77788,50.12581,2
32969,4.77788,50.12581,2
32970,4.777385,50.125677,2
32971,4.7768,50.12529,2
32972,4.77801,50.12582,2
32973,4.7768,50.12529,2
32974,4.7768,50.12529,2
32975,4.77775,50.12482,2
32976,4.77839,50.12601,2
32977,4.77827,50.12604,2
32978,4.78689,50.13047,2
32979,4.778948,50.126238,2
32980,4.7768,50.12529,2
32981,4.77827,50.12604,2
32982,4.77827,50.12604,2
32983,4.772227,50.127639,2
32984,4.77859,50.126048,2
32985,4.77904,50.12632,2
32986,4.77827,50.12604,2
32987,4.77788,50.12581,2
32988,4.779124,50.126415,2
32989,4.77811,50.12632,2
32990,4.779541,50.126658,2
32991,4.77788,50.12581,2
32992,4.7797,50.12687,2
32993,4.77953,50.12665,2
32994,4.780075,50.127006,2
32995,4.77991,50.12751,2
32996,4.780602,50.127786,2
32997,4.778709,50.126773,2
32998,4.77991,50.12751,2
32999,4.77991,50.12751,2
33000,4.77991,50.12751,2
33001,4.77991,50.12751,2
33002,4.781289,50.12814,2
33003,4.78305,50.12881,2
33004,4.77991,50.12751,2
33005,4.77991,50.12751,2
33006,4.7789,50.12761,2
33007,4.77892,50.12767,2
33008,4.778668,50.127663,2
33009,4.778046,50.128376,2
33010,4.771593,50.130139,2
33011,4.77866,50.12676,2
33012,4.7781,50.12756,2
33013,4.778966,50.12719,2
33014,4.77852,50.12803,2
33015,4.77805,50.1283,2
33016,4.77821,50.12747,2
33017,4.778709,50.126773,2
33018,4.778709,50.126773,2
33019,4.77822,50.12631,2
33020,4.778709,50.126773,2
33021,4.77856,50.12679,2
33022,4.77877,50.12703,2
33023,4.77788,50.12581,2
33024,4.77827,50.12604,2
33025,4.77788,50.12581,2
33026,4.77788,50.12581,2
33027,4.77788,50.12581,2
33028,4.77788,50.12581,2
33029,4.77788,50.12581,2
33030,4.7768,50.12529,2
33031,4.7768,50.12529,2
33032,4.77416,50.1239,2
33033,4.77416,50.1239,2
33034,4.775661,50.124697,2
33035,4.776377,50.12506,2
33036,4.777843,50.125614,2
33037,4.77416,50.1239,2
33038,4.776851,50.125041,2
33039,4.7768,50.12529,2
33040,4.7768,50.12529,2
33041,4.7768,50.12529,2
33042,4.77753,50.12449,2
33043,4.77788,50.12581,2
33044,4.77801,50.12582,2
33045,4.77801,50.12582,2
33046,4.7662,50.12135,2
33047,4.77714,50.12443,2
33048,4.77866,50.12676,2
33049,4.77866,50.12676,2
33050,4.77788,50.12581,2
33051,4.780075,50.127006,2
33052,4.777855,50.128191,2
33053,4.778046,50.128376,2
33054,4.776484,50.12785,2
33055,4.77827,50.12776,2
33056,4.776851,50.125041,2
33057,4.77866,50.12676,2
33058,4.77991,50.12751,2
33059,4.77991,50.12751,2
33060,4.778314,50.123817,2
33061,4.77991,50.12751,2
33062,4.77775,50.12482,2
33063,4.68765,49.98591,2
33064,4.68765,49.98591,2
33065,4.68765,49.98591,2
33066,4.68765,49.98591,2
33067,4.68765,49.98591,2
33068,4.68765,49.98591,2
33069,4.68765,49.98591,2
33070,4.68765,49.98591,2
33071,4.68765,49.98591,2
33072,4.68765,49.98591,2
33073,4.68765,49.98591,2
33074,4.68765,49.98591,2
33075,4.68765,49.98591,2
33076,4.68765,49.98591,2
33077,4.68765,49.98591,2
33078,4.68765,49.98591,2
33079,4.68765,49.98591,2
33080,4.68765,49.98591,2
33081,4.68765,49.98591,2
33082,4.68765,49.98591,2
33083,4.68765,49.98591,2
33084,4.68765,49.98591,2
33085,4.68765,49.98591,2
33086,4.68765,49.98591,2
33087,4.68765,49.98591,2
33088,4.68765,49.98591,2
33089,4.68765,49.98591,2
33090,4.68765,49.98591,2
33091,4.68765,49.98591,2
33092,4.68765,49.98591,2
33093,4.68765,49.98591,2
33094,4.68765,49.98591,2
33095,4.68765,49.98591,2
33096,4.68765,49.98591,2
33097,4.68765,49.98591,2
33098,4.68765,49.98591,2
33099,4.68765,49.98591,2
33100,4.68765,49.98591,2
33101,4.68765,49.98591,2
33102,4.68765,49.98591,2
33103,4.68765,49.98591,2
33104,4.68765,49.98591,2
33105,4.68765,49.98591,2
33106,4.68765,49.98591,2
33107,4.68765,49.98591,2
33108,4.68765,49.98591,2
33109,4.68765,49.98591,2
33110,4.68765,49.98591,2
33111,4.68765,49.98591,2
33112,4.68765,49.98591,2
33113,4.68765,49.98591,2
33114,4.68765,49.98591,2
33115,4.68765,49.98591,2
33116,4.68765,49.98591,2
33117,4.68765,49.98591,2
33118,4.68765,49.98591,2
33119,4.68765,49.98591,2
33120,4.68765,49.98591,2
33121,4.68765,49.98591,2
33122,4.68765,49.98591,2
33123,4.68765,49.98591,2
33124,4.68765,49.98591,2
33125,4.68765,49.98591,2
33126,4.68765,49.98591,2
33127,4.68765,49.98591,2
33128,4.68765,49.98591,2
33129,4.68765,49.98591,2
33130,4.68765,49.98591,2
33131,4.68609,49.98287,2
33132,4.68765,49.98591,2
33133,4.68612,49.98306,2
33134,4.68614,49.98325,2
33135,4.68765,49.98591,2
33136,4.68623,49.98343,2
33137,4.68623,49.98343,2
33138,4.68765,49.98591,2
33139,4.68623,49.98343,2
33140,4.68612,49.98306,2
33141,4.68765,49.98591,2
33142,4.68765,49.98591,2
33143,4.68614,49.98325,2
33144,4.68765,49.98591,2
33145,4.68612,49.98306,2
33146,4.68765,49.98591,2
33147,4.68612,49.98306,2
33148,4.68765,49.98591,2
33149,4.68612,49.98306,2
33150,4.68765,49.98591,2
33151,4.68612,49.98306,2
33152,4.68765,49.98591,2
33153,4.68612,49.98306,2
33154,4.68765,49.98591,2
33155,4.68612,49.98306,2
33156,4.68765,49.98591,2
33157,4.68612,49.98306,2
33158,4.68765,49.98591,2
33159,4.68609,49.98287,2
33160,4.68765,49.98591,2
33161,4.68609,49.98287,2
33162,4.68609,49.98287,2
33163,4.68609,49.98287,2
33164,4.68609,49.98287,2
33165,4.68609,49.98287,2
33166,4.68609,49.98287,2
33167,4.68609,49.98287,2
33168,4.68609,49.98287,2
33169,4.68609,49.98287,2
33170,4.68765,49.98591,2
33171,4.68609,49.98287,2
33172,4.68765,49.98591,2
33173,4.6879,49.98614,2
33174,4.6879,49.98614,2
33175,4.6879,49.98614,2
33176,4.6879,49.98614,2
33177,4.68765,49.98591,2
33178,4.6879,49.98614,2
33179,4.6879,49.98614,2
33180,4.6879,49.98614,2
33181,4.6879,49.98614,2
33182,4.6879,49.98614,2
33183,4.68781,49.98598,2
33184,4.68781,49.98598,2
33185,4.68781,49.98598,2
33186,4.68781,49.98598,2
33187,4.68781,49.98598,2
33188,4.68781,49.98598,2
33189,4.68781,49.98598,2
33190,4.68781,49.98598,2
33191,4.68781,49.98598,2
33192,4.68781,49.98598,2
33193,4.68771,49.98582,2
33194,4.68771,49.98582,2
33195,4.68771,49.98582,2
33196,4.68771,49.98582,2
33197,4.68771,49.98582,2
33198,4.68771,49.98582,2
33199,4.68771,49.98582,2
33200,4.68771,49.98582,2
33201,4.68771,49.98582,2
33202,4.68771,49.98582,2
33203,4.68761,49.98566,2
33204,4.68761,49.98566,2
33205,4.68761,49.98566,2
33206,4.68761,49.98566,2
33207,4.68761,49.98566,2
33208,4.68761,49.98566,2
33209,4.68761,49.98566,2
33210,4.68761,49.98566,2
33211,4.68761,49.98566,2
33212,4.68761,49.98566,2
33213,4.68652,49.98397,2
33214,4.68652,49.98397,2
33215,4.68652,49.98397,2
33216,4.68652,49.98397,2
33217,4.68652,49.98397,2
33218,4.68652,49.98397,2
33219,4.68652,49.98397,2
33220,4.68652,49.98397,2
33221,4.68652,49.98397,2
33222,4.68643,49.98379,2
33223,4.68643,49.98379,2
33224,4.68643,49.98379,2
33225,4.68643,49.98379,2
33226,4.68643,49.98379,2
33227,4.68643,49.98379,2
33228,4.68643,49.98379,2
33229,4.68643,49.98379,2
33230,4.68643,49.98379,2
33231,4.68643,49.98379,2
33232,4.68633,49.98361,2
33233,4.68633,49.98361,2
33234,4.68633,49.98361,2
33235,4.68633,49.98361,2
33236,4.68633,49.98361,2
33237,4.68633,49.98361,2
33238,4.68633,49.98361,2
33239,4.68633,49.98361,2
33240,4.68633,49.98361,2
33241,4.68633,49.98361,2
33242,4.68623,49.98343,2
33243,4.68623,49.98343,2
33244,4.6879,49.98614,2
33245,4.68623,49.98343,2
33246,4.68771,49.98582,2
33247,4.68623,49.98343,2
33248,4.68633,49.98361,2
33249,4.68623,49.98343,2
33250,4.68623,49.98343,2
33251,4.68623,49.98343,2
33252,4.68623,49.98343,2
33253,4.68623,49.98343,2
33254,4.68623,49.98343,2
33255,4.68614,49.98325,2
33256,4.68614,49.98325,2
33257,4.68614,49.98325,2
33258,4.68614,49.98325,2
33259,4.68614,49.98325,2
33260,4.68614,49.98325,2
33261,4.68614,49.98325,2
33262,4.68614,49.98325,2
33263,4.69726,49.77748,2
33264,4.69682,49.77769,2
33265,4.69521,49.7785,2
33266,4.68047,49.76891,2
33267,4.69521,49.7785,2
33268,4.69521,49.7785,2
33269,4.69499,49.7786,2
33270,4.69478,49.7787,2
33271,4.6926,49.78084,2
33272,4.69241,49.78094,2
33273,4.69222,49.78104,2
33274,4.69202,49.78114,2
33275,4.69183,49.78124,2
33276,4.69163,49.78133,2
33277,4.69144,49.78143,2
33278,4.69124,49.78153,2
33279,4.69695,49.77682,2
33280,4.69695,49.77682,2
33281,4.69695,49.77682,2
33282,4.69688,49.77686,2
33283,4.6965,49.77718,2
33284,4.69686,49.77697,2
33285,4.69608,49.7766,2
33286,4.69695,49.77682,2
33287,4.69695,49.77682,2
33288,4.69695,49.77682,2
33289,4.69608,49.77687,2
33290,4.69695,49.77682,2
33291,4.69621,49.77711,2
33292,4.69662,49.77616,2
33293,4.69645,49.77733,2
33294,4.69626,49.77664,2
33295,4.69695,49.77682,2
33296,4.69828,49.77698,2
33297,4.69828,49.77698,2
33298,4.69828,49.77698,2
33299,4.68058,49.77279,2
33300,4.68027,49.77348,2
33301,4.68019,49.77383,2
33302,4.67989,49.77438,2
33303,4.67993,49.77429,2
33304,4.6798,49.77458,2
33305,4.66888,49.78,2
33306,4.67813,49.77609,2
33307,4.67696,49.77655,2
33308,4.67841,49.77579,2
33309,4.67767,49.77618,2
33310,4.67841,49.77579,2
33311,4.67945,49.77497,2
33312,4.676391,49.776557,2
33313,4.67635,49.77658,2
33314,4.676391,49.776557,2
33315,4.676391,49.776557,2
33316,4.66888,49.78,2
33317,4.67635,49.77658,2
33318,4.664129,49.755331,2
33319,4.67322,49.77776,2
33320,4.67565,49.77637,2
33321,4.67635,49.77658,2
33322,4.69543,49.7784,2
33323,4.67322,49.77776,2
33324,4.67485,49.77725,2
33325,4.67092,49.77899,2
33326,4.66779,49.78061,2
33327,4.66888,49.78,2
33328,4.662867,49.778713,2
33329,4.662075,49.778683,2
33330,4.66132,49.777341,2
33331,4.661306,49.777341,2
33332,4.661306,49.777341,2
33333,4.660916,49.777313,2
33334,4.66616,49.76907,2
33335,4.66652,49.76905,2
33336,4.66724,49.76903,2
33337,4.66626,49.76918,2
33338,4.6668,49.76915,2
33339,4.66788,49.76915,2
33340,4.67981,49.76782,2
33341,4.66843,49.76917,2
33342,4.66733,49.76914,2
33343,4.66895,49.76911,2
33344,4.66929,49.76914,2
33345,4.66963,49.76918,2
33346,4.67008,49.76922,2
33347,4.67026,49.76925,2
33348,4.67045,49.76939,2
33349,4.67045,49.76939,2
33350,4.67106,49.76943,2
33351,4.67079,49.76943,2
33352,4.67062,49.76929,2
33353,4.67116,49.7693,2
33354,4.67158,49.76938,2
33355,4.67283,49.76616,2
33356,4.67184,49.76935,2
33357,4.67209,49.76931,2
33358,4.6723,49.76927,2
33359,4.67209,49.76931,2
33360,4.67209,49.76931,2
33361,4.68019,49.77383,2
33362,4.67214,49.76873,2
33363,4.67205,49.76874,2
33364,4.67187,49.76877,2
33365,4.67178,49.76878,2
33366,4.67169,49.7688,2
33367,4.6716,49.76881,2
33368,4.67151,49.76882,2
33369,4.67142,49.76884,2
33370,4.67169,49.76872,2
33371,4.67133,49.76885,2
33372,4.67139,49.76872,2
33373,4.67169,49.76868,2
33374,4.672,49.76863,2
33375,4.672,49.76863,2
33376,4.67226,49.76844,2
33377,4.67226,49.76799,2
33378,4.67226,49.76764,2
33379,4.67252,49.76639,2
33380,4.67229,49.76738,2
33381,4.67217,49.76821,2
33382,4.67283,49.76616,2
33383,4.67217,49.76821,2
33384,4.67254,49.7667,2
33385,4.66408,49.75553,2
33386,4.66408,49.75553,2
33387,4.66408,49.75553,2
33388,4.66408,49.75553,2
33389,4.66408,49.75553,2
33390,4.66408,49.75553,2
33391,4.663431,49.753718,2
33392,4.67535,49.7674,2
33393,4.67544,49.7673,2
33394,4.67978,49.76847,2
33395,4.67969,49.76807,2
33396,4.68934,49.77732,2
33397,4.67973,49.76811,2
33398,4.67977,49.76814,2
33399,4.67995,49.76829,2
33400,4.67986,49.76822,2
33401,4.67991,49.76833,2
33402,4.67991,49.76833,2
33403,4.67965,49.76838,2
33404,4.67991,49.76833,2
33405,4.67996,49.76837,2
33406,4.67997,49.76832,2
33407,4.67972,49.76868,2
33408,4.67953,49.76868,2
33409,4.67953,49.76858,2
33410,4.67995,49.7687,2
33411,4.67979,49.76876,2
33412,4.68007,49.76866,2
33413,4.67988,49.76886,2
33414,4.67953,49.76857,2
33415,4.67954,49.76856,2
33416,4.67954,49.76855,2
33417,4.67967,49.76896,2
33418,4.67954,49.76854,2
33419,4.67954,49.76853,2
33420,4.67979,49.76922,2
33421,4.67997,49.76913,2
33422,4.669784,49.76921,2
33423,4.68003,49.76894,2
33424,4.68003,49.76894,2
33425,4.68014,49.76903,2
33426,4.68057,49.7693,2
33427,4.68004,49.76922,2
33428,4.67955,49.76852,2
33429,4.67955,49.76851,2
33430,4.67987,49.76919,2
33431,4.67955,49.7685,2
33432,4.67955,49.76849,2
33433,4.67956,49.76848,2
33434,4.67956,49.76847,2
33435,4.67956,49.76846,2
33436,4.68052,49.76963,2
33437,4.68069,49.76956,2
33438,4.67968,49.76911,2
33439,4.68112,49.76967,2
33440,4.68112,49.76983,2
33441,4.68112,49.76983,2
33442,4.68101,49.76998,2
33443,4.68111,49.77012,2
33444,4.6661,49.7693,2
33445,4.6659,49.7695,2
33446,4.66589,49.76959,2
33447,4.6658,49.76976,2
33448,4.66614,49.76987,2
33449,4.66619,49.76999,2
33450,4.66595,49.76996,2
33451,4.66572,49.76991,2
33452,4.66561,49.76977,2
33453,4.6659,49.7695,2
33454,4.66525,49.76973,2
33455,4.66499,49.76973,2
33456,4.66473,49.76973,2
33457,4.66473,49.76961,2
33458,4.66499,49.76961,2
33459,4.66525,49.76961,2
33460,4.66551,49.76961,2
33461,4.66574,49.76952,2
33462,4.6659,49.7695,2
33463,4.66592,49.76929,2
33464,4.66347,49.76866,2
33465,4.69505,49.778,2
33466,4.694801,49.777791,2
33467,4.69298,49.7777,2
33468,4.69466,49.77773,2
33469,4.69414,49.77767,2
33470,4.6774,49.76816,2
33471,4.69356,49.77768,2
33472,4.69312,49.77769,2
33473,4.69282,49.77769,2
33474,4.68934,49.77732,2
33475,4.69282,49.77769,2
33476,4.69244,49.77768,2
33477,4.6915,49.77752,2
33478,4.6915,49.77752,2
33479,4.69125,49.77761,2
33480,4.69116,49.77758,2
33481,4.69012,49.77738,2
33482,4.68125,49.77548,2
33483,4.68894,49.77717,2
33484,4.68854,49.77719,2
33485,4.68839,49.77715,2
33486,4.68808,49.77708,2
33487,4.68792,49.77705,2
33488,4.68841,49.77704,2
33489,4.667681,49.769026,2
33490,4.68787,49.77691,2
33491,4.68668,49.77662,2
33492,4.68777,49.77701,2
33493,4.68735,49.77691,2
33494,4.68761,49.77697,2
33495,4.68698,49.77681,2
33496,4.68698,49.77681,2
33497,4.68289,49.77819,2
33498,4.68663,49.77673,2
33499,4.68628,49.77666,2
33500,4.686,49.7766,2
33501,4.68559,49.7765,2
33502,4.68634,49.77655,2
33503,4.68517,49.7764,2
33504,4.66888,49.78,2
33505,4.6845,49.77616,2
33506,4.68487,49.7763,2
33507,4.6845,49.77616,2
33508,4.68413,49.77602,2
33509,4.68413,49.77602,2
33510,4.68377,49.77588,2
33511,4.68454,49.77604,2
33512,4.6834,49.77574,2
33513,4.68306,49.77558,2
33514,4.68278,49.77537,2
33515,4.6825,49.77516,2
33516,4.68414,49.77589,2
33517,4.68494,49.77619,2
33518,4.68373,49.77574,2
33519,4.68373,49.77574,2
33520,4.68333,49.77558,2
33521,4.68301,49.77536,2
33522,4.68193,49.77475,2
33523,4.68221,49.77496,2
33524,4.68239,49.77491,2
33525,4.6827,49.77514,2
33526,4.68239,49.77491,2
33527,4.68099,49.77389,2
33528,4.68099,49.77389,2
33529,4.68193,49.77475,2
33530,4.68208,49.77469,2
33531,4.68934,49.77732,2
33532,4.68131,49.77506,2
33533,4.68134,49.77485,2
33534,4.68137,49.77464,2
33535,4.68099,49.77389,2
33536,4.68934,49.77732,2
33537,4.68103,49.77384,2
33538,4.68127,49.7752,2
33539,4.68118,49.77541,2
33540,4.68099,49.77389,2
33541,4.680257,49.773446,2
33542,4.68168,49.77447,2
33543,4.68167,49.77517,2
33544,4.68125,49.77548,2
33545,4.68108,49.76947,2
33546,4.68121,49.77085,2
33547,4.68123,49.77057,2
33548,4.6812,49.77045,2
33549,4.6812,49.77045,2
33550,4.6812,49.77045,2
33551,4.6812,49.77045,2
33552,4.6812,49.77045,2
33553,4.6812,49.77045,2
33554,4.68152,49.77049,2
33555,4.68141,49.77039,2
33556,4.68193,49.77034,2
33557,4.68137,49.77012,2
33558,4.68139,49.77009,2
33559,4.68141,49.77006,2
33560,4.664463,49.755675,2
33561,4.68142,49.76974,2
33562,4.67928,49.76932,2
33563,4.67877,49.77556,2
33564,4.67857,49.7755,2
33565,4.67837,49.77544,2
33566,4.67815,49.77543,2
33567,4.67793,49.77545,2
33568,4.67772,49.77547,2
33569,4.67754,49.77546,2
33570,4.67735,49.77544,2
33571,4.67713,49.77533,2
33572,4.67693,49.77508,2
33573,4.67681,49.7748,2
33574,4.67667,49.77488,2
33575,4.67675,49.77508,2
33576,4.67683,49.77529,2
33577,4.67705,49.77544,2
33578,4.67719,49.77557,2
33579,4.6774,49.77551,2
33580,4.67727,49.77571,2
33581,4.67749,49.77578,2
33582,4.6775,49.77581,2
33583,4.68934,49.77732,2
33584,4.67751,49.77585,2
33585,4.67757,49.77586,2
33586,4.67865,49.77566,2
33587,4.67838,49.77557,2
33588,4.67838,49.77557,2
33589,4.67778,49.77558,2
33590,4.68002,49.77579,2
33591,4.67983,49.77579,2
33592,4.67974,49.77584,2
33593,4.680576,49.775847,2
33594,4.6928,49.78074,2
33595,4.680576,49.775847,2
33596,4.67964,49.77592,2
33597,4.67984,49.77591,2
33598,4.68003,49.7759,2
33599,4.66888,49.78,2
33600,4.68029,49.7759,2
33601,4.67974,49.77584,2
33602,4.68095,49.77592,2
33603,4.68125,49.77586,2
33604,4.68103,49.77581,2
33605,4.68792,49.77705,2
33606,4.68043,49.77579,2
33607,4.6858,49.77655,2
33608,4.68019,49.77571,2
33609,4.67974,49.77584,2
33610,4.69543,49.7784,2
33611,4.679725,49.775145,2
33612,4.69543,49.7784,2
33613,4.679725,49.775145,2
33614,4.68099,49.77389,2
33615,4.69543,49.7784,2
33616,4.68168,49.77042,2
33617,4.69543,49.7784,2
33618,4.68099,49.77389,2
33619,4.69543,49.7784,2
33620,4.68168,49.77042,2
33621,4.68099,49.77389,2
33622,4.69543,49.7784,2
33623,4.68934,49.77732,2
33624,4.68134,49.77015,2
33625,4.69543,49.7784,2
33626,4.69543,49.7784,2
33627,4.68143,49.77002,2
33628,4.69543,49.7784,2
33629,4.6815,49.76993,2
33630,4.68032,49.76859,2
33631,4.68147,49.76996,2
33632,4.68047,49.78517,2
33633,4.68145,49.76999,2
33634,4.69828,49.77698,2
33635,4.69828,49.77698,2
33636,4.69787,49.77718,2
33637,4.68148,49.76984,2
33638,4.69826,49.77684,2
33639,4.68144,49.76977,2
33640,4.69857,49.7767,2
33641,4.6814,49.76971,2
33642,4.69754,49.77734,2
33643,4.68126,49.76979,2
33644,4.68126,49.76999,2
33645,4.69593,49.77813,2
33646,4.68126,49.76979,2
33647,4.68115,49.76944,2
33648,4.68027,49.77348,2
33649,4.68113,49.76963,2
33650,4.66888,49.78,2
33651,4.67635,49.77658,2
33652,4.68113,49.76963,2
33653,4.68019,49.77383,2
33654,4.6959,49.778,2
33655,4.68096,49.76946,2
33656,4.662867,49.778713,2
33657,4.66688,49.76903,2
33658,4.68073,49.76922,2
33659,4.67061,49.76976,2
33660,4.68057,49.7693,2
33661,4.66408,49.75553,2
33662,4.666368,49.781556,2
33663,4.66408,49.75553,2
33664,4.68042,49.76943,2
33665,4.67967,49.76896,2
33666,4.68073,49.76922,2
33667,4.67967,49.76896,2
33668,4.68004,49.76995,2
33669,4.68021,49.76906,2
33670,4.68104,49.76933,2
33671,4.68097,49.76926,2
33672,4.66347,49.76866,2
33673,4.68823,49.77712,2
33674,4.68095,49.76924,2
33675,4.68093,49.76921,2
33676,4.68091,49.76918,2
33677,4.68078,49.76906,2
33678,4.68127,49.7688,2
33679,4.68075,49.76886,2
33680,4.68119,49.76869,2
33681,4.68058,49.76908,2
33682,4.6805,49.76901,2
33683,4.68045,49.76896,2
33684,4.68021,49.76906,2
33685,4.68039,49.76891,2
33686,4.68034,49.76886,2
33687,4.68028,49.7688,2
33688,4.68062,49.76891,2
33689,4.68062,49.76891,2
33690,4.68051,49.76882,2
33691,4.68016,49.76876,2
33692,4.68043,49.76874,2
33693,4.68032,49.76859,2
33694,4.68037,49.76867,2
33695,4.68037,49.76867,2
33696,4.68026,49.76846,2
33697,4.68023,49.76841,2
33698,4.6802,49.76836,2
33699,4.68108,49.76947,2
33700,4.68006,49.76845,2
33701,4.68006,49.76845,2
33702,4.68012,49.76854,2
33703,4.68009,49.7685,2
33704,4.68022,49.76839,2
33705,4.68,49.76836,2
33706,4.67991,49.76833,2
33707,4.67217,49.76821,2
33708,4.67996,49.76811,2
33709,4.67984,49.76802,2
33710,4.67989,49.76796,2
33711,4.67995,49.7679,2
33712,4.68087,49.76802,2
33713,4.68009,49.76772,2
33714,4.68014,49.76766,2
33715,4.67992,49.76768,2
33716,4.67987,49.76775,2
33717,4.67969,49.76796,2
33718,4.68099,49.76799,2
33719,4.69876,49.77675,2
33720,4.69959,49.77735,2
33721,4.69897,49.77694,2
33722,4.69959,49.77735,2
33723,4.69852,49.77687,2
33724,4.6984,49.77692,2
33725,4.69817,49.77703,2
33726,4.69787,49.77718,2
33727,4.69787,49.77718,2
33728,4.69797,49.77713,2
33729,4.6982,49.77769,2
33730,4.69802,49.77755,2
33731,4.69787,49.77759,2
33732,4.69776,49.77765,2
33733,4.69766,49.7777,2
33734,4.69755,49.77776,2
33735,4.69745,49.77781,2
33736,4.69754,49.77734,2
33737,4.15882,49.48188,2
33738,4.15851,49.48178,2
33739,4.15814,49.48156,2
33740,4.15793,49.48163,2
33741,4.15873,49.48171,2
33742,4.15746,49.48139,2
33743,4.15684,49.48137,2
33744,4.15905,49.48195,2
33745,4.15934,49.48132,2
33746,4.15951,49.48136,2
33747,4.1594,49.48136,2
33748,4.15979,49.48099,2
33749,4.16009,49.48104,2
33750,4.1597,49.4806,2
33751,4.1597,49.4806,2
33752,4.16018,49.48052,2
33753,4.16017,49.48064,2
33754,4.16052,49.48055,2
33755,4.1605,49.48066,2
33756,4.16086,49.48057,2
33757,4.16084,49.48069,2
33758,4.16118,49.48071,2
33759,4.1612,49.48059,2
33760,4.16186,49.48076,2
33761,4.16154,49.48062,2
33762,4.16188,49.48064,2
33763,4.16192,49.47883,2
33764,4.16246,49.48015,2
33765,4.16179,49.47839,2
33766,4.16259,49.47956,2
33767,4.16226,49.47902,2
33768,4.16198,49.47846,2
33769,4.16257,49.48039,2
33770,4.16416,49.48063,2
33771,4.16416,49.48063,2
33772,4.16416,49.48063,2
33773,4.16416,49.48063,2
33774,4.1636,49.48059,2
33775,4.16463,49.48079,2
33776,4.16565,49.481,2
33777,4.16416,49.48063,2
33778,4.16237,49.48038,2
33779,4.16217,49.48067,2
33780,4.16227,49.48052,2
33781,4.16206,49.48087,2
33782,4.16193,49.48115,2
33783,4.16207,49.47903,2
33784,4.1613,49.48125,2
33785,4.16039,49.48109,2
33786,4.161,49.4812,2
33787,4.1607,49.48115,2
33788,4.16074,49.48103,2
33789,4.16074,49.4811,2
33790,4.16162,49.48183,2
33791,4.16161,49.4813,2
33792,4.16182,49.4814,2
33793,4.1616,49.48145,2
33794,4.16172,49.48161,2
33795,4.16162,49.48183,2
33796,4.16142,49.48184,2
33797,4.16101,49.48312,2
33798,4.16152,49.48204,2
33799,4.16142,49.48226,2
33800,4.16132,49.48248,2
33801,4.16106,49.48261,2
33802,4.16121,49.48269,2
33803,4.16088,49.483,2
33804,4.16111,49.48291,2
33805,4.16347,49.48675,2
33806,4.16347,49.48675,2
33807,4.16347,49.48675,2
33808,4.16413,49.48641,2
33809,4.16335,49.48654,2
33810,4.16331,49.48705,2
33811,4.16347,49.48675,2
33812,4.1597,49.4806,2
33813,4.1597,49.4806,2
33814,4.15898,49.48199,2
33815,4.16416,49.48063,2
33816,4.15728,49.48147,2
33817,4.16101,49.48312,2
33818,4.153515,49.478235,2
33819,4.159866,49.48194,2
33820,4.16044,49.48389,2
33821,4.1595,49.48103,2
33822,4.1595,49.48103,2
33823,4.16152,49.48073,2
33824,4.16183,49.47861,2
33825,4.16411,49.48069,2
33826,4.16411,49.48069,2
33827,4.1665,49.481201,2
33828,4.16125,49.48223,2
33829,4.16347,49.48675,2
33830,4.16413,49.48641,2
33831,4.158391,49.482348,2
33832,4.16052,49.48392,2
33833,4.16044,49.48389,2
33834,4.16078,49.48325,2
33835,4.16041,49.48314,2
33836,4.15987,49.48291,2
33837,4.15905,49.48195,2
33838,4.15916,49.48222,2
33839,4.15913,49.48193,2
33840,4.15808,49.48313,2
33841,4.1589,49.48193,2
33842,4.16719,49.48737,2
33843,4.17082,49.48613,2
33844,4.17493,49.4883,2
33845,4.17082,49.48613,2
33846,4.16491,49.48675,2
33847,4.16493,49.48662,2
33848,4.16519,49.4867,2
33849,4.16545,49.48678,2
33850,4.16527,49.48685,2
33851,4.16564,49.48696,2
33852,4.16571,49.48685,2
33853,4.166,49.48707,2
33854,4.16597,49.48693,2
33855,4.16623,49.48701,2
33856,4.16636,49.48717,2
33857,4.16649,49.48708,2
33858,4.16649,49.48708,2
33859,4.16674,49.48729,2
33860,4.16677,49.48717,2
33861,4.16707,49.48727,2
33862,4.16738,49.48737,2
33863,4.16768,49.48747,2
33864,4.16755,49.48755,2
33865,4.16798,49.4876,2
33866,4.16784,49.48768,2
33867,4.1685,49.48792,2
33868,4.16829,49.48795,2
33869,4.16876,49.48808,2
33870,4.16873,49.48822,2
33871,4.16895,49.48836,2
33872,4.16918,49.4885,2
33873,4.16902,49.48824,2
33874,4.16928,49.4884,2
33875,4.16714,49.48889,2
33876,4.16876,49.48869,2
33877,4.16714,49.48889,2
33878,4.16987,49.48887,2
33879,4.17006,49.48895,2
33880,4.17025,49.48903,2
33881,4.17044,49.48912,2
33882,4.17063,49.4892,2
33883,4.17011,49.48883,2
33884,4.17059,49.48904,2
33885,4.17081,49.48928,2
33886,4.17098,49.48936,2
33887,4.17103,49.48923,2
33888,4.17142,49.48941,2
33889,4.17133,49.48951,2
33890,4.17183,49.48957,2
33891,4.1715,49.48958,2
33892,4.17168,49.48965,2
33893,4.17011,49.48883,2
33894,4.17185,49.48972,2
33895,4.1703,49.489,2
33896,4.17197,49.49061,2
33897,4.17186,49.49031,2
33898,4.1716,49.49111,2
33899,4.1721,49.49005,2
33900,4.17212,49.48985,2
33901,4.17223,49.48976,2
33902,4.17243,49.48985,2
33903,4.17263,49.48995,2
33904,4.17246,49.48911,2
33905,4.17315,49.4902,2
33906,4.17238,49.4899,2
33907,4.17209,49.48969,2
33908,4.17483,49.49102,2
33909,4.17253,49.49004,2
33910,4.17294,49.49024,2
33911,4.17357,49.49055,2
33912,4.17419,49.49086,2
33913,4.17482,49.49116,2
33914,4.17212,49.48963,2
33915,4.17217,49.48924,2
33916,4.17222,49.48946,2
33917,4.17234,49.48928,2
33918,4.17222,49.48888,2
33919,4.17234,49.48877,2
33920,4.1719,49.48876,2
33921,4.17147,49.48875,2
33922,4.17157,49.48887,2
33923,4.1727,49.48865,2
33924,4.173,49.48859,2
33925,4.17441,49.48896,2
33926,4.17249,49.48872,2
33927,4.1728,49.48837,2
33928,4.17286,49.4882,2
33929,4.17354,49.48819,2
33930,4.17308,49.48819,2
33931,4.17504,49.48711,2
33932,4.17422,49.48828,2
33933,4.17493,49.4883,2
33934,4.17493,49.4883,2
33935,4.17493,49.4883,2
33936,4.17277,49.48799,2
33937,4.17277,49.48827,2
33938,4.17277,49.48827,2
33939,4.17642,49.48737,2
33940,4.17634,49.48748,2
33941,4.17394,49.48647,2
33942,4.17423,49.48604,2
33943,4.17452,49.4856,2
33944,4.1745,49.48533,2
33945,4.17297,49.48627,2
33946,4.17083,49.48607,2
33947,4.1728,49.48776,2
33948,4.17183,49.4876,2
33949,4.17215,49.48765,2
33950,4.17247,49.48771,2
33951,4.17152,49.48767,2
33952,4.1724,49.48758,2
33953,4.17199,49.48751,2
33954,4.17096,49.48791,2
33955,4.17013,49.48755,2
33956,4.16991,49.48759,2
33957,4.16978,49.48738,2
33958,4.16943,49.48722,2
33959,4.16932,49.48732,2
33960,4.16871,49.4869,2
33961,4.16806,49.48718,2
33962,4.16871,49.48647,2
33963,4.16877,49.48609,2
33964,4.1682,49.48589,2
33965,4.16773,49.48559,2
33966,4.16764,49.48569,2
33967,4.16707,49.48548,2
33968,4.17001,49.48777,2
33969,4.16966,49.48804,2
33970,4.16982,49.48802,2
33971,4.1694,49.48834,2
33972,4.17047,49.48847,2
33973,4.1705,49.48811,2
33974,4.17082,49.48613,2
33975,4.16876,49.48808,2
33976,4.16876,49.48808,2
33977,4.16987,49.48887,2
33978,4.16987,49.48887,2
33979,4.17088,49.4878,2
33980,4.17082,49.48613,2
33981,4.17183,49.48957,2
33982,4.17011,49.48883,2
33983,4.17011,49.48883,2
33984,4.16879,49.4865,2
33985,4.1682,49.48589,2
33986,4.16715,49.48742,2
33987,4.16806,49.48781,2
33988,4.16719,49.48737,2
33989,4.17232,49.48995,2
33990,4.17257,49.48894,2
33991,4.1719,49.48876,2
33992,4.1719,49.48883,2
33993,4.17298,49.48794,2
33994,4.17325,49.48749,2
33995,4.17362,49.48696,2
33996,4.17413,49.48685,2
33997,4.17421,49.48674,2
33998,4.17511,49.487,2
33999,4.17392,49.48621,2
34000,4.17481,49.48517,2
34001,4.17297,49.48627,2
34002,4.1728,49.48764,2
34003,4.17122,49.48777,2
34004,4.17159,49.48753,2
34005,4.16851,49.48809,2
34006,4.17121,49.48763,2
34007,4.17013,49.48755,2
34008,4.16932,49.48732,2
34009,4.16879,49.4865,2
34010,4.17082,49.48613,2
34011,4.94973,49.30219,2
34012,4.9496,49.30181,2
34013,4.94972,49.30242,2
34014,4.95876,49.30397,2
34015,4.94968,49.30087,2
34016,4.94972,49.30242,2
34017,4.94972,49.30242,2
34018,4.94972,49.30242,2
34019,4.94972,49.30242,2
34020,4.94972,49.30242,2
34021,4.94972,49.30242,2
34022,4.94972,49.30242,2
34023,4.94972,49.30242,2
34024,4.94972,49.30242,2
34025,4.94972,49.30242,2
34026,4.94972,49.30242,2
34027,4.94972,49.30242,2
34028,4.94972,49.30242,2
34029,4.94972,49.30242,2
34030,4.94972,49.30242,2
34031,4.94972,49.30242,2
34032,4.94968,49.30087,2
34033,4.94972,49.30242,2
34034,4.94972,49.30242,2
34035,4.94972,49.30242,2
34036,4.94972,49.30242,2
34037,4.94972,49.30242,2
34038,4.951379,49.29974,2
34039,4.951379,49.29974,2
34040,4.94972,49.30242,2
34041,4.94916,49.304,2
34042,4.94916,49.304,2
34043,4.949013,49.29998,2
34044,4.94916,49.304,2
34045,4.94916,49.304,2
34046,4.94972,49.30242,2
34047,4.949188,49.300453,2
34048,4.949188,49.300453,2
34049,4.949188,49.300453,2
34050,4.948983,49.300745,2
34051,4.948983,49.300745,2
34052,4.94895,49.30078,2
34053,4.94895,49.30078,2
34054,4.94968,49.30087,2
34055,4.94968,49.30087,2
34056,4.94916,49.304,2
34057,4.94851,49.3014,2
34058,4.94851,49.3014,2
34059,4.94851,49.3014,2
34060,4.94851,49.3014,2
34061,4.94916,49.304,2
34062,4.94851,49.3014,2
34063,4.948468,49.301709,2
34064,4.948468,49.301709,2
34065,4.947846,49.303799,2
34066,4.946551,49.303198,2
34067,4.946551,49.303198,2
34068,4.94886,49.32123,2
34069,4.94886,49.32123,2
34070,4.94972,49.30242,2
34071,4.94722,49.30366,2
34072,4.94886,49.32123,2
34073,4.94886,49.32123,2
34074,5.12468,49.69606,2
34075,5.12468,49.69606,2
34076,5.12295,49.69351,2
34077,5.12601,49.693606,2
34078,5.12189,49.692227,2
34079,5.12442,49.6939,2
34080,5.12295,49.69351,2
34081,5.122491,49.692079,2
34082,5.12514,49.69251,2
34083,5.12442,49.6939,2
34084,5.12243,49.69508,2
34085,5.12166,49.69357,2
34086,5.12166,49.69357,2
34087,5.122519,49.692087,2
34088,5.127905,49.696088,2
34089,5.12295,49.69351,2
34090,5.12295,49.69351,2
34091,5.123,49.6932,2
34092,5.12266,49.69277,2
34093,5.1227,49.69257,2
34094,5.12282,49.69271,2
34095,5.123,49.6932,2
34096,5.12293,49.69285,2
34097,5.123,49.6932,2
34098,5.12305,49.69312,2
34099,5.12274,49.69276,2
34100,5.12295,49.69351,2
34101,5.12295,49.69351,2
34102,5.12295,49.69351,2
34103,5.12295,49.69351,2
34104,5.12295,49.69351,2
34105,5.12295,49.69351,2
34106,5.12295,49.69351,2
34107,5.12295,49.69351,2
34108,5.12295,49.69351,2
34109,5.12295,49.69351,2
34110,5.12166,49.69357,2
34111,5.12295,49.69351,2
34112,5.12295,49.69351,2
34113,5.12295,49.69351,2
34114,5.12295,49.69351,2
34115,5.12295,49.69351,2
34116,5.12477,49.69231,2
34117,5.12161,49.69429,2
34118,5.12161,49.69429,2
34119,5.12161,49.69429,2
34120,5.12148,49.69404,2
34121,5.120945,49.691925,2
34122,5.12161,49.69429,2
34123,5.12161,49.69429,2
34124,5.12161,49.69429,2
34125,5.12161,49.69429,2
34126,5.12464,49.69575,2
34127,5.123,49.6932,2
34128,5.123,49.6932,2
34129,5.123,49.6932,2
34130,5.123,49.6932,2
34131,5.123,49.6932,2
34132,5.123,49.6932,2
34133,5.12161,49.69429,2
34134,5.12243,49.69508,2
34135,5.12243,49.69508,2
34136,5.12369,49.69566,2
34137,5.123,49.6932,2
34138,5.12365,49.69558,2
34139,5.12365,49.69558,2
34140,5.123,49.6932,2
34141,5.12365,49.69558,2
34142,5.12468,49.69606,2
34143,5.12497,49.69649,2
34144,5.12464,49.69575,2
34145,5.12464,49.69575,2
34146,5.12464,49.69575,2
34147,5.12274,49.69276,2
34148,5.12464,49.69575,2
34149,5.12464,49.69575,2
34150,5.12464,49.69575,2
34151,5.12464,49.69575,2
34152,5.12519,49.69737,2
34153,5.12464,49.69575,2
34154,5.12318,49.69388,2
34155,5.12464,49.69575,2
34156,5.12464,49.69575,2
34157,5.12464,49.69575,2
34158,5.12464,49.69575,2
34159,5.12497,49.69649,2
34160,5.12464,49.69575,2
34161,5.12464,49.69575,2
34162,5.12464,49.69575,2
34163,5.12464,49.69575,2
34164,5.12464,49.69575,2
34165,5.12464,49.69575,2
34166,5.12409,49.69478,2
34167,5.12464,49.69575,2
34168,5.12436,49.69495,2
34169,5.12464,49.69575,2
34170,5.12317,49.6915,2
34171,5.12464,49.69575,2
34172,5.12295,49.69351,2
34173,5.123,49.6932,2
34174,5.123777,49.694313,2
34175,5.12329,49.69439,2
34176,5.123652,49.694316,2
34177,5.12343,49.69423,2
34178,5.123542,49.694319,2
34179,5.12322,49.69428,2
34180,5.12287,49.69418,2
34181,5.12334,49.69373,2
34182,5.12395,49.69401,2
34183,5.12326,49.69435,2
34184,5.12442,49.69432,2
34185,5.12317,49.6915,2
34186,5.12486,49.69418,2
34187,5.12287,49.69418,2
34188,5.123,49.6932,2
34189,5.17836,49.62561,2
34190,5.12442,49.69432,2
34191,5.12464,49.69575,2
34192,5.12442,49.6939,2
34193,5.12457,49.694,2
34194,5.12439,49.69393,2
34195,5.12421,49.69386,2
34196,5.12442,49.6939,2
34197,5.12366,49.69369,2
34198,5.12442,49.6939,2
34199,5.12357,49.69355,2
34200,5.12387,49.69362,2
34201,5.12442,49.6939,2
34202,5.12317,49.6915,2
34203,5.124449,49.693939,2
34204,5.12525,49.6942,2
34205,5.123,49.6932,2
34206,5.12524,49.69432,2
34207,5.13623,49.70347,2
34208,5.13623,49.70347,2
34209,5.12166,49.69357,2
34210,5.12563,49.6944,2
34211,5.13623,49.70347,2
34212,5.12442,49.6939,2
34213,5.13623,49.70347,2
34214,5.123,49.6932,2
34215,5.12477,49.69231,2
34216,5.123,49.6932,2
34217,5.125962,49.694254,2
34218,5.126313,49.694597,2
34219,5.123,49.6932,2
34220,5.123,49.6932,2
34221,5.123,49.6932,2
34222,5.12442,49.6939,2
34223,5.13623,49.70347,2
34224,5.12729,49.694727,2
34225,5.13623,49.70347,2
34226,5.13623,49.70347,2
34227,5.13623,49.70347,2
34228,5.123,49.6932,2
34229,5.123,49.6932,2
34230,5.123,49.6932,2
34231,5.123,49.6932,2
34232,5.12254,49.69512,2
34233,5.123,49.6932,2
34234,5.123,49.6932,2
34235,5.123,49.6932,2
34236,5.123,49.6932,2
34237,5.121086,49.691976,2
34238,5.12274,49.69276,2
34239,5.12295,49.69351,2
34240,5.13623,49.70347,2
34241,5.12462,49.69549,2
34242,5.13623,49.70347,2
34243,5.007913,49.293139,2
34244,5.00401,49.29441,2
34245,5.00401,49.29441,2
34246,5.00401,49.29441,2
34247,5.00401,49.29441,2
34248,5.00539,49.29328,2
34249,5.00539,49.29328,2
34250,5.00401,49.29441,2
34251,5.00401,49.29441,2
34252,5.00401,49.29441,2
34253,5.00401,49.29441,2
34254,5.00401,49.29441,2
34255,5.00401,49.29441,2
34256,5.00401,49.29441,2
34257,5.00401,49.29441,2
34258,5.015224,49.293642,2
34259,5.00539,49.29328,2
34260,5.00539,49.29328,2
34261,5.01534,49.27452,2
34262,5.04518,49.27725,2
34263,5.00401,49.29441,2
34264,5.04518,49.27725,2
34265,5.00401,49.29441,2
34266,5.00401,49.29441,2
34267,5.00401,49.29441,2
34268,5.00401,49.29441,2
34269,5.00803,49.29582,2
34270,5.01698,49.31068,2
34271,5.039271,49.276032,2
34272,4.974237,49.304293,2
34273,4.97014,49.30665,2
34274,4.97152,49.30473,2
34275,4.97152,49.30473,2
34276,4.973056,49.30324,2
34277,4.969238,49.306263,2
34278,4.97152,49.30473,2
34279,4.97001,49.30496,2
34280,4.97001,49.30496,2
34281,4.97001,49.30496,2
34282,4.97001,49.30496,2
34283,4.97001,49.30496,2
34284,4.97001,49.30496,2
34285,4.97001,49.30496,2
34286,4.97001,49.30496,2
34287,4.9696,49.308502,2
34288,4.97001,49.30496,2
34289,4.97014,49.30665,2
34290,4.969303,49.30565,2
34291,4.969101,49.305466,2
34292,4.969232,49.306146,2
34293,4.969232,49.306146,2
34294,4.97152,49.30473,2
34295,4.97152,49.30473,2
34296,4.97152,49.30473,2
34297,4.97152,49.30473,2
34298,4.97152,49.30473,2
34299,4.97152,49.30473,2
34300,4.97152,49.30473,2
34301,4.97152,49.30473,2
34302,4.97152,49.30473,2
34303,4.97152,49.30473,2
34304,4.97152,49.30473,2
34305,4.97152,49.30473,2
34306,4.97239,49.30383,2
34307,4.97239,49.30383,2
34308,4.97152,49.30473,2
34309,4.97152,49.30473,2
34310,4.97152,49.30473,2
34311,4.97152,49.30473,2
34312,4.97152,49.30473,2
34313,4.97152,49.30473,2
34314,4.970924,49.306702,2
34315,4.97152,49.30473,2
34316,4.97152,49.30473,2
34317,4.97152,49.30473,2
34318,4.97152,49.30473,2
34319,4.97222,49.30518,2
34320,4.97222,49.30518,2
34321,4.97204,49.30461,2
34322,4.97152,49.30473,2
34323,4.97222,49.30518,2
34324,4.970178,49.306647,2
34325,4.969582,49.308422,2
34326,4.969267,49.306568,2
34327,4.969267,49.306568,2
34328,4.969267,49.306568,2
34329,4.969346,49.307033,2
34330,4.969364,49.307114,2
34331,4.969543,49.308198,2
34332,4.969463,49.307705,2
34333,4.969605,49.30861,2
34334,4.961276,49.304612,2
34335,4.969378,49.305505,2
34336,4.97001,49.30496,2
34337,4.97001,49.30496,2
34338,4.97001,49.30496,2
34339,4.97152,49.30473,2
34340,4.97178,49.30434,2
34341,4.97239,49.30383,2
34342,4.97222,49.30518,2
34343,4.97222,49.30518,2
34344,4.97222,49.30518,2
34345,4.969232,49.306146,2
34346,4.969232,49.306155,2
34347,5.15571,49.68008,2
34348,5.15537,49.6802,2
34349,5.15508,49.68027,2
34350,5.15479,49.68035,2
34351,5.15396,49.67887,2
34352,5.1563,49.67963,2
34353,5.1563,49.67963,2
34354,5.15501,49.68016,2
34355,5.15323,49.68083,2
34356,5.153391,49.679727,2
34357,5.153391,49.679727,2
34358,5.15288,49.67932,2
34359,5.15459,49.68072,2
34360,5.15428,49.68053,2
34361,5.15479,49.68047,2
34362,5.15479,49.68047,2
34363,5.15479,49.68047,2
34364,5.15157,49.6781,2
34365,5.15479,49.68047,2
34366,5.15157,49.6781,2
34367,5.15479,49.68047,2
34368,5.15411,49.68055,2
34369,5.15479,49.68047,2
34370,5.15402,49.68045,2
34371,5.15386,49.68051,2
34372,5.15371,49.68058,2
34373,5.15356,49.68064,2
34374,5.15381,49.68067,2
34375,5.15366,49.68074,2
34376,5.15351,49.6808,2
34377,5.15335,49.68086,2
34378,5.1532,49.68092,2
34379,5.15305,49.68098,2
34380,5.1529,49.68104,2
34381,5.15275,49.6811,2
34382,5.15326,49.68076,2
34383,5.15311,49.68082,2
34384,5.15296,49.68088,2
34385,5.1528,49.68094,2
34386,5.15243,49.68109,2
34387,5.15323,49.68204,2
34388,5.15258,49.68117,2
34389,5.1536,49.67667,2
34390,5.15266,49.68128,2
34391,5.1536,49.67667,2
34392,5.15274,49.68139,2
34393,5.15282,49.6815,2
34394,5.15289,49.68161,2
34395,5.15308,49.6818,2
34396,5.15228,49.6819,2
34397,5.15228,49.6819,2
34398,5.15311,49.6819,2
34399,5.15315,49.682,2
34400,5.15322,49.6822,2
34401,5.15318,49.6821,2
34402,5.15326,49.68231,2
34403,5.15323,49.68204,2
34404,5.1539,49.68236,2
34405,5.15501,49.6834,2
34406,5.15323,49.68204,2
34407,5.15323,49.68204,2
34408,5.15323,49.68204,2
34409,5.15323,49.68204,2
34410,5.15303,49.68153,2
34411,5.1529,49.68134,2
34412,5.15277,49.68116,2
34413,5.15323,49.68204,2
34414,5.15218,49.68128,2
34415,5.15181,49.6814,2
34416,5.15172,49.681311,2
34417,5.15108,49.68164,2
34418,5.15172,49.681311,2
34419,5.15072,49.68175,2
34420,5.14933,49.68231,2
34421,5.14333,49.68514,2
34422,5.14967,49.68217,2
34423,5.15002,49.68202,2
34424,5.14853,49.68251,2
34425,5.1483,49.68274,2
34426,5.14796,49.68288,2
34427,5.14297,49.68542,2
34428,5.14899,49.68245,2
34429,5.15079,49.6816,2
34430,5.15139,49.68141,2
34431,5.14909,49.68227,2
34432,5.15198,49.68121,2
34433,5.14864,49.6826,2
34434,5.14797,49.68274,2
34435,5.153706,49.679162,2
34436,5.14333,49.68514,2
34437,5.15216,49.68108,2
34438,5.151729,49.680718,2
34439,5.15323,49.68083,2
34440,5.1517,49.68069,2
34441,5.15143,49.68052,2
34442,5.15115,49.68035,2
34443,5.15161,49.68047,2
34444,5.150956,49.680278,2
34445,5.15087,49.68017,2
34446,5.15077,49.67994,2
34447,5.15101,49.67978,2
34448,5.15135,49.67966,2
34449,5.15156,49.67972,2
34450,5.15168,49.67953,2
34451,5.15115,49.6803,2
34452,5.15226,49.67932,2
34453,5.15115,49.6803,2
34454,5.15323,49.68083,2
34455,5.15115,49.6803,2
34456,5.15227,49.67896,2
34457,5.1524,49.67906,2
34458,5.15258,49.67919,2
34459,5.15215,49.67886,2
34460,5.15202,49.67876,2
34461,5.15189,49.67866,2
34462,5.15163,49.67846,2
34463,5.15176,49.67856,2
34464,5.15146,49.67824,2
34465,5.14977,49.67325,2
34466,5.15288,49.67932,2
34467,5.15132,49.678,2
34468,5.15139,49.67812,2
34469,5.15149,49.67797,2
34470,5.15157,49.6781,2
34471,5.15288,49.67932,2
34472,5.15174,49.67837,2
34473,5.15201,49.67857,2
34474,5.15234,49.67882,2
34475,5.152364,49.678924,2
34476,5.1527,49.6791,2
34477,5.15288,49.67932,2
34478,5.15262,49.67923,2
34479,5.15269,49.67928,2
34480,5.15277,49.67934,2
34481,5.15286,49.67941,2
34482,5.15295,49.67947,2
34483,5.15304,49.67954,2
34484,5.15314,49.67961,2
34485,5.15323,49.67968,2
34486,5.15333,49.67975,2
34487,5.15346,49.67985,2
34488,5.15288,49.67932,2
34489,5.15393,49.68025,2
34490,5.15479,49.68047,2
34491,5.15342,49.67963,2
34492,5.15323,49.68083,2
34493,5.15322,49.67949,2
34494,5.15323,49.68083,2
34495,5.153589,49.679291,2
34496,5.153589,49.679291,2
34497,5.153589,49.679291,2
34498,5.153706,49.679162,2
34499,5.15295,49.6793,2
34500,5.153981,49.678868,2
34501,5.154007,49.67885,2
34502,5.15345,49.67953,2
34503,5.15404,49.6788,2
34504,5.15412,49.67872,2
34505,5.15366,49.67885,2
34506,5.15366,49.67885,2
34507,5.15526,49.67854,2
34508,5.1536,49.67667,2
34509,5.15358,49.67915,2
34510,5.149044,49.682254,2
34511,5.149044,49.682254,2
34512,5.152364,49.678924,2
34513,5.152277,49.678863,2
34514,5.152364,49.678924,2
34515,5.152378,49.678933,2
34516,5.152277,49.678863,2
34517,5.14964,49.67479,2
34518,5.14964,49.67479,2
34519,5.15021,49.67578,2
34520,5.15055,49.67636,2
34521,5.15885,49.67683,2
34522,5.15885,49.67683,2
34523,5.15055,49.67603,2
34524,5.15332,49.67884,2
34525,5.1574,49.67668,2
34526,5.15228,49.6819,2
34527,5.15596,49.6843,2
34528,5.15228,49.6819,2
34529,5.15323,49.68204,2
34530,5.15761,49.68456,2
34531,5.15323,49.68204,2
34532,5.15486,49.68347,2
34533,5.15323,49.68204,2
34534,5.15868,49.68447,2
34535,5.15868,49.68447,2
34536,5.15868,49.68447,2
34537,5.160685,49.684392,2
34538,5.15868,49.68447,2
34539,5.15868,49.68447,2
34540,5.160685,49.684392,2
34541,5.160798,49.684443,2
34542,5.15868,49.68447,2
34543,5.15712,49.68638,2
34544,5.15868,49.68447,2
34545,5.15712,49.68638,2
34546,5.15349,49.68078,2
34547,5.15868,49.68447,2
34548,5.15868,49.68447,2
34549,5.15885,49.67683,2
34550,5.15942,49.6768,2
34551,5.15522,49.6786,2
34552,5.15215,49.67886,2
34553,5.15215,49.67886,2
34554,5.160642,49.684375,2
34555,5.15228,49.6819,2
34556,5.15115,49.6803,2
34557,5.15349,49.68078,2
34558,5.15358,49.67915,2
34559,5.15358,49.67915,2
34560,5.150181,49.681787,2
34561,5.151597,49.679346,2
34562,5.15885,49.67683,2
34563,5.149044,49.682254,2
34564,5.15673,49.67667,2
34565,5.15366,49.67885,2
34566,5.15522,49.6786,2
34567,5.16009,49.67683,2
34568,5.16009,49.67683,2
34569,5.14916,49.67826,2
34570,5.14916,49.67826,2
34571,5.15712,49.68638,2
34572,5.153512,49.679401,2
34573,5.14967,49.68217,2
34574,5.14964,49.67479,2
34575,5.14955,49.67484,2
34576,5.15898,49.67725,2
34577,5.15323,49.68083,2
34578,5.15323,49.68083,2
34579,5.15107,49.6823,2
34580,5.16119,49.67692,2
34581,5.16074,49.67688,2
34582,5.16028,49.67684,2
34583,5.16019,49.67703,2
34584,5.15898,49.67725,2
34585,5.15898,49.67725,2
34586,5.16009,49.67683,2
34587,5.15496,49.67938,2
34588,5.15977,49.67693,2
34589,5.1592,49.67722,2
34590,5.15908,49.67722,2
34591,5.15909,49.67744,2
34592,5.15873,49.6777,2
34593,5.15855,49.67783,2
34594,5.15808,49.67826,2
34595,5.15793,49.6784,2
34596,5.15898,49.67725,2
34597,5.15762,49.67869,2
34598,5.15732,49.67898,2
34599,5.1563,49.67963,2
34600,5.1544,49.68033,2
34601,5.15698,49.6791,2
34602,5.15722,49.67907,2
34603,5.15718,49.67911,2
34604,5.15713,49.67916,2
34605,5.1563,49.67963,2
34606,5.15709,49.6792,2
34607,5.15696,49.67931,2
34608,5.15522,49.6786,2
34609,5.15522,49.6786,2
34610,5.15683,49.67923,2
34611,5.15672,49.6793,2
34612,5.15661,49.67937,2
34613,5.15675,49.67944,2
34614,5.15665,49.67951,2
34615,5.15644,49.67964,2
34616,5.15655,49.67957,2
34617,5.15634,49.6797,2
34618,5.15624,49.67977,2
34619,5.1563,49.67963,2
34620,5.15603,49.67989,2
34621,5.1564,49.67951,2
34622,5.15629,49.67957,2
34623,5.15618,49.67964,2
34624,5.15607,49.67971,2
34625,5.15596,49.67978,2
34626,5.15585,49.67985,2
34627,5.15574,49.67992,2
34628,5.15634,49.6797,2
34629,5.1563,49.67963,2
34630,5.15634,49.6797,2
34631,5.1563,49.67963,2
34632,5.15509,49.67974,2
34633,5.155078,49.681179,2
34634,5.15509,49.67974,2
34635,5.1528,49.68094,2
34636,5.1563,49.67963,2
34637,5.15868,49.67756,2
34638,5.15549,49.68003,2
34639,5.1548,49.68074,2
34640,5.15508,49.67962,2
34641,5.15336,49.68078,2
34642,5.15508,49.6795,2
34643,5.15228,49.6819,2
34644,5.15507,49.67938,2
34645,5.14916,49.67826,2
34646,5.15507,49.67926,2
34647,5.15885,49.67683,2
34648,5.15506,49.67914,2
34649,5.15712,49.68638,2
34650,5.15496,49.67938,2
34651,5.15496,49.67938,2
34652,5.15496,49.67938,2
34653,5.15496,49.67938,2
34654,5.15488,49.67917,2
34655,5.1549,49.67959,2
34656,5.1551,49.6799,2
34657,5.15532,49.68004,2
34658,4.98822,49.328336,2
34659,4.98606,49.32867,2
34660,4.98593,49.32822,2
34661,4.98831,49.32819,2
34662,4.98405,49.32885,2
34663,4.98383,49.329,2
34664,4.98435,49.32893,2
34665,4.98606,49.32867,2
34666,4.985,49.32893,2
34667,4.98515,49.32856,2
34668,4.98605,49.32863,2
34669,4.98515,49.32856,2
34670,4.98567,49.32865,2
34671,4.98642,49.3286,2
34672,4.98606,49.32867,2
34673,4.98606,49.32867,2
34674,4.98697,49.3285,2
34675,4.98773,49.32834,2
34676,4.98607,49.32874,2
34677,4.98818,49.32838,2
34678,4.98822,49.32833,2
34679,4.98891,49.32836,2
34680,4.989116,49.32837,2
34681,4.989116,49.32837,2
34682,4.98831,49.32819,2
34683,4.9852,49.32814,2
34684,4.98831,49.32819,2
34685,4.991049,49.328777,2
34686,4.98822,49.328336,2
34687,4.98593,49.32822,2
34688,4.98703,49.32861,2
34689,4.98593,49.32822,2
34690,4.98779,49.32845,2
34691,4.98677,49.32788,2
34692,4.98679,49.32881,2
34693,4.9864,49.32801,2
34694,4.98523,49.32755,2
34695,4.98679,49.32881,2
34696,4.98822,49.32833,2
34697,4.98515,49.3278,2
34698,4.98567,49.32865,2
34699,4.437339,49.785592,2
34700,4.43972,49.77752,2
34701,4.43869,49.77453,2
34702,4.43449,49.77355,2
34703,4.444271,49.776785,2
34704,4.53224,49.78087,2
34705,4.437339,49.785592,2
34706,4.437909,49.776905,2
34707,4.444476,49.776701,2
34708,4.436796,49.774804,2
34709,4.44176,49.77646,2
34710,4.43631,49.77523,2
34711,4.43631,49.77523,2
34712,4.436721,49.776332,2
34713,4.435152,49.776638,2
34714,4.435201,49.776475,2
34715,4.43869,49.77453,2
34716,4.43631,49.77523,2
34717,4.4194,49.75763,2
34718,4.420048,49.771931,2
34719,4.72289,49.74438,2
34720,4.72289,49.74438,2
34721,4.72289,49.74438,2
34722,4.7249,49.74538,2
34723,4.72475,49.74613,2
34724,4.723,49.7489,2
34725,4.72323,49.74881,2
34726,4.72319,49.74882,2
34727,4.72307,49.74887,2
34728,4.72296,49.74892,2
34729,4.72292,49.74893,2
34730,4.72475,49.74613,2
34731,4.7249,49.74538,2
34732,4.72245,49.74308,2
34733,4.72245,49.74308,2
34734,4.72311,49.74886,2
34735,4.72245,49.74308,2
34736,4.72306,49.74259,2
34737,4.72307,49.74887,2
34738,4.72306,49.74259,2
34739,4.72303,49.74889,2
34740,4.72554,49.74372,2
34741,4.72296,49.74892,2
34742,4.72554,49.74372,2
34743,4.72292,49.74893,2
34744,4.72364,49.7488,2
34745,4.72571,49.7433,2
34746,4.72322,49.74155,2
34747,4.72498,49.7458,2
34748,4.7249,49.74538,2
34749,4.72554,49.74372,2
34750,4.72566,49.74203,2
34751,4.72577,49.74288,2
34752,4.72566,49.74203,2
34753,4.72322,49.74155,2
34754,4.72566,49.74203,2
34755,4.72475,49.74613,2
34756,4.7249,49.74538,2
34757,4.72306,49.74259,2
34758,4.72289,49.74438,2
34759,4.7249,49.74538,2
34760,4.72306,49.74259,2
34761,4.82905,50.10881,2
34762,4.82905,50.10881,2
34763,4.829029,50.107024,2
34764,4.829029,50.107024,2
34765,4.828581,50.107563,2
34766,4.82563,50.10343,2
34767,4.828804,50.106993,2
34768,4.82905,50.10881,2
34769,4.7768,50.12529,2
34770,4.77788,50.12581,2
34771,4.778709,50.126773,2
34772,4.780331,50.127387,2
34773,4.77788,50.12581,2
34774,4.771473,50.129962,2
34775,4.777903,50.127445,2
34776,4.77853,50.126534,2
34777,4.776766,50.125312,2
34778,4.77416,50.1239,2
34779,4.77788,50.12581,2
34780,4.68614,49.98325,2
34781,4.68627,49.98669,2
34782,4.68652,49.98397,2
34783,4.69876,49.77675,2
34784,4.683043,49.783939,2
34785,4.68052,49.76891,2
34786,4.6845,49.77616,2
34787,4.695077,49.778055,2
34788,4.68047,49.76891,2
34789,4.68934,49.77732,2
34790,4.68014,49.7701,2
34791,4.68099,49.77389,2
34792,4.68052,49.76891,2
34793,4.68099,49.77389,2
34794,4.68187,49.77047,2
34795,4.68108,49.76947,2
34796,4.67212,49.76559,2
34797,4.68014,49.7701,2
34798,4.66888,49.78,2
34799,4.68127,49.76955,2
34800,4.68127,49.76955,2
34801,4.68014,49.76827,2
34802,4.67998,49.76761,2
34803,4.66977,49.77962,2
34804,4.698387,49.776742,2
34805,4.69521,49.7785,2
34806,4.69198,49.78123,2
34807,4.66888,49.78,2
34808,4.68047,49.76891,2
34809,4.671948,49.769213,2
34810,4.675577,49.7697,2
34811,4.67952,49.76862,2
34812,4.68134,49.76975,2
34813,4.68121,49.7709,2
34814,4.68094,49.76984,2
34815,4.66347,49.76866,2
34816,4.68,49.76936,2
34817,4.666371,49.769195,2
34818,4.66347,49.76866,2
34819,4.66347,49.76866,2
34820,4.153515,49.478235,2
34821,4.16191,49.48099,2
34822,4.1619,49.480966,2
34823,4.16074,49.4811,2
34824,4.147047,49.477012,2
34825,4.16078,49.48318,2
34826,4.16191,49.48099,2
34827,4.16191,49.48099,2
34828,4.1735,49.48658,2
34829,4.16719,49.48737,2
34830,4.1703,49.489,2
34831,4.17277,49.48827,2
34832,4.1764,49.48743,2
34833,4.17088,49.4878,2
34834,4.17047,49.48847,2
34835,4.17047,49.48847,2
34836,4.17047,49.48847,2
34837,4.17047,49.48847,2
34838,4.16715,49.48742,2
34839,4.94972,49.30242,2
34840,4.95876,49.30397,2
34841,4.94972,49.30242,2
34842,4.94916,49.304,2
34843,4.94895,49.30078,2
34844,4.948983,49.300745,2
34845,4.94968,49.30087,2
34846,4.950815,49.303519,2
34847,4.948185,49.302084,2
34848,4.94968,49.3009,2
34849,5.123749,49.694314,2
34850,5.12339,49.694331,2
34851,5.123,49.6932,2
34852,5.123,49.6932,2
34853,5.006129,49.2945,2
34854,5.005538,49.294513,2
34855,5.00401,49.29441,2
34856,5.00401,49.29441,2
34857,5.039271,49.276032,2
34858,4.97001,49.30496,2
34859,4.97001,49.30496,2
34860,4.97152,49.30473,2
34861,4.97001,49.30496,2
34862,4.973397,49.303196,2
34863,4.97001,49.30496,2
34864,4.97001,49.30496,2
34865,5.14333,49.68514,2
34866,5.15369,49.67985,2
34867,5.1563,49.67963,2
34868,5.15582,49.68002,2
34869,5.15479,49.68047,2
34870,5.15479,49.68047,2
34871,5.15479,49.68047,2
34872,5.15396,49.68061,2
34873,5.151461,49.681389,2
34874,5.152321,49.681163,2
34875,5.149964,49.673076,2
34876,5.15288,49.67932,2
34877,5.14964,49.67479,2
34878,5.15288,49.67932,2
34879,5.14964,49.67479,2
34880,5.160642,49.684375,2
34881,5.159093,49.684411,2
34882,5.15582,49.68002,2
34883,4.98515,49.3278,2
34884,4.98822,49.32833,2
34885,4.98679,49.32881,2
34886,4.98822,49.32833,2
