"ID","Longitude","Latitude","ServiceTime (min)"
125440,4.73375,49.74346,2
125441,4.73608,49.74464,2
125442,4.73171,49.75327,2
125443,4.73171,49.75327,2
125444,4.73346,49.74198,2
125445,4.73171,49.75327,2
125446,4.73171,49.75327,2
125447,4.73586,49.74472,2
125448,4.73171,49.75327,2
125449,4.73586,49.74472,2
125450,4.73171,49.75327,2
125451,4.73184,49.75346,2
125452,4.73572,49.74462,2
125453,4.73184,49.75346,2
125454,4.73572,49.74462,2
125455,4.73184,49.75346,2
125456,4.73559,49.74449,2
125457,4.73177,49.75337,2
125458,4.73546,49.74437,2
125459,4.73019,49.75328,2
125460,4.73177,49.75337,2
125461,4.73533,49.74424,2
125462,4.73177,49.75337,2
125463,4.73533,49.74424,2
125464,4.73488,49.74376,2
125465,4.73193,49.75354,2
125466,4.73488,49.74376,2
125467,4.73193,49.75354,2
125468,4.73488,49.74376,2
125469,4.73488,49.74376,2
125470,4.73193,49.75354,2
125471,4.73056,49.75334,2
125472,4.73482,49.74369,2
125473,4.73482,49.74369,2
125474,4.73056,49.75334,2
125475,4.73482,49.74369,2
125476,4.73482,49.74369,2
125477,4.73056,49.75334,2
125478,4.73482,49.74369,2
125479,4.73139,49.75208,2
125480,4.73431,49.74303,2
125481,4.73056,49.75334,2
125482,4.7345,49.73817,2
125483,4.73056,49.75334,2
125484,4.73441,49.73796,2
125485,4.73659,49.73982,2
125486,4.73056,49.75334,2
125487,4.73056,49.75334,2
125488,4.7345,49.73817,2
125489,4.7345,49.73817,2
125490,4.73056,49.75334,2
125491,4.73056,49.75334,2
125492,4.73056,49.75334,2
125493,4.73056,49.75334,2
125494,4.73056,49.75334,2
125495,4.73056,49.75334,2
125496,4.73204,49.75361,2
125497,4.7312,49.75496,2
125498,4.7312,49.75496,2
125499,4.73151,49.75436,2
125500,4.73151,49.75436,2
125501,4.73151,49.75436,2
125502,4.73161,49.75435,2
125503,4.73151,49.75436,2
125504,4.73151,49.75436,2
125505,4.73151,49.75436,2
125506,4.73151,49.75436,2
125507,4.73151,49.75436,2
125508,4.73151,49.75436,2
125509,4.73151,49.75436,2
125510,4.73151,49.75436,2
125511,4.73211,49.75377,2
125512,4.73259,49.75455,2
125513,4.73211,49.75377,2
125514,4.73211,49.75377,2
125515,4.73227,49.75363,2
125516,4.73227,49.75363,2
125517,4.73239,49.75359,2
125518,4.732369,49.753625,2
125519,4.73253,49.75363,2
125520,4.73276,49.75526,2
125521,4.73263,49.75433,2
125522,4.73266,49.75456,2
125523,4.73254,49.75495,2
125524,4.73256,49.75514,2
125525,4.73248,49.75457,2
125526,4.7328,49.75549,2
125527,4.73259,49.75533,2
125528,4.73259,49.75455,2
125529,4.73251,49.75476,2
125530,4.73339,49.75304,2
125531,4.734,49.7527,2
125532,4.73229,49.75357,2
125533,4.73229,49.75357,2
125534,4.73217,49.75353,2
125535,4.73217,49.75353,2
125536,4.73217,49.75353,2
125537,4.73217,49.75353,2
125538,4.73217,49.75353,2
125539,4.73217,49.75353,2
125540,4.73217,49.75353,2
125541,4.73198,49.75338,2
125542,4.73198,49.75338,2
125543,4.73198,49.75338,2
125544,4.73186,49.75321,2
125545,4.73192,49.7533,2
125546,4.73186,49.75321,2
125547,4.73179,49.75312,2
125548,4.73173,49.75304,2
125549,4.73173,49.75304,2
125550,4.73167,49.75295,2
125551,4.73167,49.75295,2
125552,4.73167,49.75295,2
125553,4.73167,49.75295,2
125554,4.73285,49.75223,2
125555,4.73335,49.75233,2
125556,4.73264,49.75206,2
125557,4.73264,49.75206,2
125558,4.73206,49.75213,2
125559,4.73206,49.75213,2
125560,4.73206,49.75213,2
125561,4.73123,49.75221,2
125562,4.73098,49.75224,2
125563,4.73098,49.75224,2
125564,4.73098,49.75224,2
125565,4.73085,49.75225,2
125566,4.73085,49.75225,2
125567,4.73085,49.75225,2
125568,4.73085,49.75225,2
125569,4.73085,49.75225,2
125570,4.73085,49.75225,2
125571,4.73072,49.75226,2
125572,4.73072,49.75226,2
125573,4.73072,49.75226,2
125574,4.73059,49.75227,2
125575,4.73059,49.75227,2
125576,4.73046,49.75228,2
125577,4.73034,49.7523,2
125578,4.73285,49.75223,2
125579,4.73285,49.75223,2
125580,4.73285,49.75223,2
125581,4.73285,49.75223,2
125582,4.73285,49.75223,2
125583,4.73285,49.75223,2
125584,4.73285,49.75223,2
125585,4.73285,49.75223,2
125586,4.73285,49.75223,2
125587,4.73285,49.75223,2
125588,4.73285,49.75223,2
125589,4.73285,49.75223,2
125590,4.73285,49.75223,2
125591,4.73285,49.75223,2
125592,4.73285,49.75223,2
125593,4.73285,49.75223,2
125594,4.73285,49.75223,2
125595,4.73285,49.75223,2
125596,4.73285,49.75223,2
125597,4.73285,49.75223,2
125598,4.72999,49.75326,2
125599,4.73285,49.75223,2
125600,4.72999,49.75326,2
125601,4.73285,49.75223,2
125602,4.72999,49.75326,2
125603,4.7354,49.74575,2
125604,4.73264,49.75206,2
125605,4.73264,49.75206,2
125606,4.73264,49.75206,2
125607,4.73264,49.75206,2
125608,4.73264,49.75206,2
125609,4.73264,49.75206,2
125610,4.73264,49.75206,2
125611,4.7354,49.74575,2
125612,4.73264,49.75206,2
125613,4.73264,49.75206,2
125614,4.73264,49.75206,2
125615,4.73059,49.75227,2
125616,4.73034,49.7523,2
125617,4.73021,49.75231,2
125618,4.73553,49.73933,2
125619,4.72991,49.75276,2
125620,4.72991,49.75276,2
125621,4.72991,49.75276,2
125622,4.73028,49.75343,2
125623,4.72994,49.75283,2
125624,4.73056,49.75334,2
125625,4.73056,49.75334,2
125626,4.72994,49.75283,2
125627,4.73259,49.75455,2
125628,4.72994,49.75283,2
125629,4.72994,49.75283,2
125630,4.72998,49.75291,2
125631,4.72998,49.75291,2
125632,4.73002,49.75298,2
125633,4.73002,49.75298,2
125634,4.73007,49.75305,2
125635,4.7354,49.74575,2
125636,4.73011,49.75313,2
125637,4.73015,49.7532,2
125638,4.73015,49.7532,2
125639,4.73015,49.7532,2
125640,4.736237,49.748895,2
125641,4.73023,49.75335,2
125642,4.73023,49.75335,2
125643,4.72999,49.75326,2
125644,4.73346,49.74198,2
125645,4.72999,49.75326,2
125646,4.72999,49.75326,2
125647,4.72993,49.75315,2
125648,4.72986,49.75304,2
125649,4.7298,49.75293,2
125650,4.72974,49.75281,2
125651,4.72969,49.7527,2
125652,4.72969,49.7527,2
125653,4.72964,49.75259,2
125654,4.72964,49.75259,2
125655,4.72964,49.75259,2
125656,4.72964,49.75259,2
125657,4.72964,49.75259,2
125658,4.72964,49.75259,2
125659,4.72963,49.7526,2
125660,4.72963,49.7526,2
125661,4.72926,49.75265,2
125662,4.72963,49.7526,2
125663,4.72919,49.75274,2
125664,4.72941,49.75267,2
125665,4.72898,49.75281,2
125666,4.72951,49.75251,2
125667,4.72915,49.75242,2
125668,4.72906,49.75243,2
125669,4.72906,49.75243,2
125670,4.72897,49.75244,2
125671,4.72708,49.75347,2
125672,4.72708,49.75347,2
125673,4.72708,49.75347,2
125674,4.72701,49.75353,2
125675,4.72701,49.75353,2
125676,4.72701,49.75353,2
125677,4.72701,49.75353,2
125678,4.72701,49.75353,2
125679,4.72701,49.75353,2
125680,4.72701,49.75353,2
125681,4.72693,49.75358,2
125682,4.72693,49.75358,2
125683,4.72693,49.75358,2
125684,4.72693,49.75358,2
125685,4.72686,49.75364,2
125686,4.72686,49.75364,2
125687,4.72652,49.75379,2
125688,4.72652,49.75379,2
125689,4.73054,49.75216,2
125690,4.73054,49.75216,2
125691,4.73054,49.75216,2
125692,4.73086,49.75213,2
125693,4.73086,49.75213,2
125694,4.73086,49.75213,2
125695,4.73122,49.7521,2
125696,4.73122,49.7521,2
125697,4.73139,49.75208,2
125698,4.73147,49.75207,2
125699,4.73147,49.75207,2
125700,4.73147,49.75207,2
125701,4.73147,49.75207,2
125702,4.73572,49.74462,2
125703,4.73147,49.75207,2
125704,4.73572,49.74462,2
125705,4.73572,49.74462,2
125706,4.73147,49.75207,2
125707,4.73572,49.74462,2
125708,4.73147,49.75207,2
125709,4.73572,49.74462,2
125710,4.73147,49.75207,2
125711,4.73572,49.74462,2
125712,4.73572,49.74462,2
125713,4.73155,49.75206,2
125714,4.73572,49.74462,2
125715,4.73155,49.75206,2
125716,4.73572,49.74462,2
125717,4.73369,49.75183,2
125718,4.73404,49.75176,2
125719,4.73404,49.75176,2
125720,4.73404,49.75176,2
125721,4.73451,49.75162,2
125722,4.73464,49.75154,2
125723,4.73464,49.75154,2
125724,4.73464,49.75154,2
125725,4.73072,49.75226,2
125726,4.7349,49.75138,2
125727,4.73072,49.75226,2
125728,4.7349,49.75138,2
125729,4.7349,49.75138,2
125730,4.73477,49.75146,2
125731,4.7349,49.75138,2
125732,4.7349,49.75138,2
125733,4.7349,49.75138,2
125734,4.73503,49.7513,2
125735,4.73509,49.7512,2
125736,4.73515,49.75109,2
125737,4.73528,49.75087,2
125738,4.73534,49.75076,2
125739,4.73546,49.75055,2
125740,4.72876,49.75378,2
125741,4.72889,49.75376,2
125742,4.73546,49.75055,2
125743,4.73014,49.75348,2
125744,4.73153,49.75301,2
125745,4.73546,49.75055,2
125746,4.73171,49.75327,2
125747,4.73184,49.75346,2
125748,4.73558,49.75033,2
125749,4.73269,49.75479,2
125750,4.73269,49.75479,2
125751,4.73558,49.75033,2
125752,4.73217,49.75353,2
125753,4.73558,49.75033,2
125754,4.73167,49.75295,2
125755,4.73235,49.75209,2
125756,4.73571,49.75012,2
125757,4.73206,49.75213,2
125758,4.73577,49.75001,2
125759,4.7316,49.75217,2
125760,4.73085,49.75225,2
125761,4.73577,49.75001,2
125762,4.73072,49.75226,2
125763,4.73072,49.75226,2
125764,4.73577,49.75001,2
125765,4.73059,49.75227,2
125766,4.73577,49.75001,2
125767,4.73059,49.75227,2
125768,4.73046,49.75228,2
125769,4.73577,49.75001,2
125770,4.73034,49.7523,2
125771,4.73577,49.75001,2
125772,4.73583,49.7499,2
125773,4.73583,49.7499,2
125774,4.73034,49.7523,2
125775,4.73021,49.75231,2
125776,4.73583,49.7499,2
125777,4.72969,49.75236,2
125778,4.73583,49.7499,2
125779,4.72983,49.75241,2
125780,4.73583,49.7499,2
125781,4.72964,49.75259,2
125782,4.72932,49.75241,2
125783,4.73589,49.74979,2
125784,4.72923,49.75241,2
125785,4.73596,49.74968,2
125786,4.72708,49.75347,2
125787,4.73602,49.74957,2
125788,4.72701,49.75353,2
125789,4.73605,49.74946,2
125790,4.73609,49.74935,2
125791,4.72652,49.75379,2
125792,4.73122,49.7521,2
125793,4.73613,49.74924,2
125794,4.73054,49.75216,2
125795,4.73617,49.74912,2
125796,4.73086,49.75213,2
125797,4.73617,49.74912,2
125798,4.73106,49.75211,2
125799,4.73114,49.75211,2
125800,4.73617,49.74912,2
125801,4.73122,49.7521,2
125802,4.73139,49.75208,2
125803,4.73621,49.74901,2
125804,4.73147,49.75207,2
125805,4.73625,49.7489,2
125806,4.73614,49.74729,2
125807,4.73627,49.74878,2
125808,4.73147,49.75207,2
125809,4.73627,49.74878,2
125810,4.73386,49.7518,2
125811,4.73404,49.75176,2
125812,4.73627,49.74878,2
125813,4.73464,49.75154,2
125814,4.7349,49.75138,2
125815,4.73627,49.74878,2
125816,4.7354,49.74575,2
125817,4.73546,49.75055,2
125818,4.73627,49.74878,2
125819,4.73546,49.75055,2
125820,4.73627,49.74878,2
125821,4.73552,49.75044,2
125822,4.73627,49.74878,2
125823,4.73558,49.75033,2
125824,4.73577,49.75001,2
125825,4.73627,49.74878,2
125826,4.73583,49.7499,2
125827,4.7354,49.74575,2
125828,4.73627,49.74867,2
125829,4.73627,49.74878,2
125830,4.7354,49.74575,2
125831,4.73623,49.74764,2
125832,4.73627,49.74867,2
125833,4.7362,49.74752,2
125834,4.73627,49.74867,2
125835,4.73601,49.74696,2
125836,4.73627,49.74867,2
125837,4.7324,49.754,2
125838,4.73628,49.74855,2
125839,4.73595,49.74685,2
125840,4.73629,49.74844,2
125841,4.73629,49.74844,2
125842,4.73629,49.74844,2
125843,4.7354,49.74575,2
125844,4.73629,49.74844,2
125845,4.7354,49.74575,2
125846,4.73629,49.74844,2
125847,4.7354,49.74575,2
125848,4.73629,49.74844,2
125849,4.7354,49.74575,2
125850,4.73532,49.74584,2
125851,4.73629,49.74832,2
125852,4.73398,49.74382,2
125853,4.73629,49.74832,2
125854,4.73572,49.74462,2
125855,4.73629,49.74832,2
125856,4.73346,49.74198,2
125857,4.73343,49.73664,2
125858,4.7363,49.74821,2
125859,4.73265,49.7369,2
125860,4.73631,49.74798,2
125861,4.73149,49.73767,2
125862,4.7345,49.73817,2
125863,4.73631,49.74798,2
125864,4.73567,49.73925,2
125865,4.73629,49.74786,2
125866,4.73626,49.74775,2
125867,4.73623,49.74764,2
125868,4.73293,49.736,2
125869,4.73623,49.74764,2
125870,4.73343,49.73664,2
125871,4.73623,49.74764,2
125872,4.73441,49.73796,2
125873,4.73623,49.74764,2
125874,4.73623,49.74764,2
125875,4.73623,49.74764,2
125876,4.73659,49.73982,2
125877,4.73623,49.74764,2
125878,4.73659,49.73982,2
125879,4.7362,49.74752,2
125880,4.7345,49.73817,2
125881,4.7362,49.74752,2
125882,4.7362,49.74752,2
125883,4.73261,49.73555,2
125884,4.73617,49.74741,2
125885,4.73617,49.74741,2
125886,4.7345,49.73817,2
125887,4.73293,49.736,2
125888,4.73614,49.74729,2
125889,4.73611,49.74718,2
125890,4.73243,49.75419,2
125891,4.73601,49.74696,2
125892,4.73607,49.74707,2
125893,4.73601,49.74696,2
125894,4.73601,49.74696,2
125895,4.72745,49.75384,2
125896,4.72745,49.75384,2
125897,4.7354,49.74575,2
125898,4.72745,49.75384,2
125899,4.73595,49.74685,2
125900,4.72745,49.75384,2
125901,4.73595,49.74685,2
125902,4.72652,49.75379,2
125903,4.72745,49.75384,2
125904,4.73583,49.74664,2
125905,4.72758,49.75384,2
125906,4.73558,49.7462,2
125907,4.72771,49.75383,2
125908,4.73558,49.7462,2
125909,4.72784,49.75382,2
125910,4.73558,49.7462,2
125911,4.73546,49.74599,2
125912,4.72798,49.75382,2
125913,4.73546,49.74599,2
125914,4.73546,49.74599,2
125915,4.72811,49.75381,2
125916,4.735662,49.746409,2
125917,4.73546,49.74599,2
125918,4.72824,49.7538,2
125919,4.7354,49.74575,2
125920,4.72837,49.7538,2
125921,4.7354,49.74575,2
125922,4.7285,49.75379,2
125923,4.7354,49.74575,2
125924,4.72863,49.75378,2
125925,4.7354,49.74575,2
125926,4.72876,49.75378,2
125927,4.7354,49.74575,2
125928,4.72876,49.75378,2
125929,4.73539,49.74588,2
125930,4.72876,49.75378,2
125931,4.73539,49.74588,2
125932,4.72902,49.75373,2
125933,4.72902,49.75373,2
125934,4.7354,49.74575,2
125935,4.72889,49.75376,2
125936,4.7354,49.74575,2
125937,4.72889,49.75376,2
125938,4.7354,49.74575,2
125939,4.72889,49.75376,2
125940,4.7354,49.74575,2
125941,4.72914,49.7537,2
125942,4.7354,49.74575,2
125943,4.72914,49.7537,2
125944,4.7354,49.74575,2
125945,4.72914,49.7537,2
125946,4.7354,49.74575,2
125947,4.7354,49.74575,2
125948,4.72914,49.7537,2
125949,4.7354,49.74575,2
125950,4.72914,49.7537,2
125951,4.7354,49.74575,2
125952,4.7354,49.74575,2
125953,4.72914,49.7537,2
125954,4.72964,49.75359,2
125955,4.7354,49.74575,2
125956,4.7354,49.74575,2
125957,4.72976,49.75356,2
125958,4.7354,49.74575,2
125959,4.72976,49.75356,2
125960,4.7354,49.74575,2
125961,4.7354,49.74575,2
125962,4.72989,49.75353,2
125963,4.72989,49.75353,2
125964,4.7354,49.74575,2
125965,4.7354,49.74575,2
125966,4.72989,49.75353,2
125967,4.7354,49.74575,2
125968,4.72989,49.75353,2
125969,4.7354,49.74575,2
125970,4.72989,49.75353,2
125971,4.7354,49.74575,2
125972,4.72989,49.75353,2
125973,4.73532,49.74584,2
125974,4.72989,49.75353,2
125975,4.73532,49.74584,2
125976,4.73014,49.75348,2
125977,4.73532,49.74584,2
125978,4.73014,49.75348,2
125979,4.73532,49.74584,2
125980,4.73014,49.75348,2
125981,4.73532,49.74584,2
125982,4.73014,49.75348,2
125983,4.73532,49.74584,2
125984,4.73014,49.75348,2
125985,4.73532,49.74584,2
125986,4.73014,49.75348,2
125987,4.73532,49.74584,2
125988,4.73014,49.75348,2
125989,4.73532,49.74584,2
125990,4.73014,49.75348,2
125991,4.73504,49.74551,2
125992,4.73014,49.75348,2
125993,4.73476,49.74502,2
125994,4.73014,49.75348,2
125995,4.7346,49.74478,2
125996,4.73014,49.75348,2
125997,4.73014,49.75348,2
125998,4.73437,49.74442,2
125999,4.73042,49.75339,2
126000,4.73437,49.74442,2
126001,4.73437,49.74442,2
126002,4.73042,49.75339,2
126003,4.73437,49.74442,2
126004,4.73056,49.75334,2
126005,4.73429,49.7443,2
126006,4.73084,49.75324,2
126007,4.73153,49.75301,2
126008,4.73414,49.74406,2
126009,4.73153,49.75301,2
126010,4.73414,49.74406,2
126011,4.73153,49.75301,2
126012,4.73406,49.74394,2
126013,4.73153,49.75301,2
126014,4.73398,49.74382,2
126015,4.73153,49.75301,2
126016,4.73398,49.74382,2
126017,4.73398,49.74382,2
126018,4.73153,49.75301,2
126019,4.73398,49.74382,2
126020,4.73153,49.75301,2
126021,4.73398,49.74382,2
126022,4.73153,49.75301,2
126023,4.73391,49.7437,2
126024,4.73157,49.75309,2
126025,4.73383,49.74358,2
126026,4.73164,49.75318,2
126027,4.63026,49.93649,2
126028,4.63026,49.93649,2
126029,4.631,49.93699,2
126030,4.63049,49.93672,2
126031,4.63049,49.93672,2
126032,4.62914,49.93849,2
126033,4.62589,49.9343,2
126034,4.625163,49.93392,2
126035,4.63077,49.93723,2
126036,4.63073,49.93794,2
126037,4.63073,49.93794,2
126038,4.63069,49.93728,2
126039,4.63065,49.93731,2
126040,4.63026,49.93649,2
126041,4.63026,49.93649,2
126042,4.63026,49.93649,2
126043,4.63026,49.93649,2
126044,4.631,49.93699,2
126045,4.631,49.93699,2
126046,4.631,49.93699,2
126047,4.631,49.93699,2
126048,4.631,49.93699,2
126049,4.63049,49.93672,2
126050,4.63049,49.93672,2
126051,4.63049,49.93672,2
126052,4.63049,49.93672,2
126053,4.62952,49.9361,2
126054,4.62952,49.9361,2
126055,4.62952,49.9361,2
126056,4.62952,49.9361,2
126057,4.62952,49.9361,2
126058,4.63026,49.93649,2
126059,4.63026,49.93649,2
126060,4.63026,49.93649,2
126061,4.63026,49.93649,2
126062,4.63026,49.93649,2
126063,4.62863,49.93639,2
126064,4.62868,49.9365,2
126065,4.62883,49.93642,2
126066,4.62892,49.93663,2
126067,4.62876,49.93671,2
126068,4.62872,49.9366,2
126069,4.62885,49.93692,2
126070,4.62881,49.93682,2
126071,4.62891,49.93724,2
126072,4.62891,49.93724,2
126073,4.629,49.93684,2
126074,4.62898,49.93714,2
126075,4.62902,49.93703,2
126076,4.6294,49.93702,2
126077,4.62961,49.93698,2
126078,4.62971,49.93703,2
126079,4.62991,49.93713,2
126080,4.62911,49.93702,2
126081,4.62981,49.93708,2
126082,4.63001,49.93718,2
126083,4.63009,49.93724,2
126084,4.62999,49.93741,2
126085,4.62987,49.93725,2
126086,4.62963,49.93714,2
126087,4.63022,49.9376,2
126088,4.63012,49.9376,2
126089,4.63034,49.93752,2
126090,4.63024,49.93759,2
126091,4.63046,49.93782,2
126092,4.63033,49.93769,2
126093,4.63073,49.93794,2
126094,4.63073,49.93784,2
126095,4.63064,49.93777,2
126096,4.63053,49.9377,2
126097,4.63042,49.93763,2
126098,4.63112,49.93833,2
126099,4.6311,49.93816,2
126100,4.63083,49.93802,2
126101,4.63086,49.93818,2
126102,4.63059,49.93808,2
126103,4.63041,49.93815,2
126104,4.63021,49.93818,2
126105,4.63002,49.93812,2
126106,4.62983,49.93805,2
126107,4.62982,49.93802,2
126108,4.62988,49.93799,2
126109,4.63021,49.93806,2
126110,4.6297,49.93794,2
126111,4.62946,49.9381,2
126112,4.63077,49.93723,2
126113,4.62974,49.93791,2
126114,4.62976,49.93787,2
126115,4.6296,49.93776,2
126116,4.62955,49.93789,2
126117,4.62923,49.93767,2
126118,4.62905,49.93765,2
126119,4.62944,49.93765,2
126120,4.62928,49.93754,2
126121,4.62913,49.93744,2
126122,4.62905,49.93735,2
126123,4.62899,49.93724,2
126124,4.62878,49.93719,2
126125,4.62884,49.93703,2
126126,4.62886,49.93735,2
126127,4.62898,49.9375,2
126128,4.62896,49.93755,2
126129,4.62874,49.93769,2
126130,4.62847,49.93803,2
126131,4.62876,49.93784,2
126132,4.62853,49.93783,2
126133,4.62831,49.93797,2
126134,4.62832,49.93803,2
126135,4.62814,49.93791,2
126136,4.62849,49.93812,2
126137,4.62833,49.93804,2
126138,4.62924,49.93861,2
126139,4.62942,49.93868,2
126140,4.629,49.93842,2
126141,4.62605,49.93408,2
126142,4.62623,49.93385,2
126143,4.62623,49.93385,2
126144,4.625163,49.93392,2
126145,4.625163,49.93392,2
126146,4.625163,49.93392,2
126147,4.625163,49.93392,2
126148,4.625163,49.93392,2
126149,4.625163,49.93392,2
126150,4.625163,49.93392,2
126151,4.625163,49.93392,2
126152,4.625163,49.93392,2
126153,4.625163,49.93392,2
126154,4.625163,49.93392,2
126155,4.625163,49.93392,2
126156,4.625163,49.93392,2
126157,4.625163,49.93392,2
126158,4.62589,49.93403,2
126159,4.62589,49.93403,2
126160,4.625163,49.93392,2
126161,4.625163,49.93392,2
126162,4.625163,49.93392,2
126163,4.62589,49.93403,2
126164,4.625163,49.93392,2
126165,4.63026,49.93649,2
126166,4.63025,49.93888,2
126167,4.625163,49.93392,2
126168,4.63045,49.93891,2
126169,4.62952,49.9361,2
126170,4.625163,49.93392,2
126171,4.63026,49.93649,2
126172,4.63088,49.93853,2
126173,4.625163,49.93392,2
126174,4.63078,49.93863,2
126175,4.63052,49.93865,2
126176,4.625163,49.93392,2
126177,4.63067,49.93872,2
126178,4.6304,49.93895,2
126179,4.625848,49.933682,2
126180,4.625163,49.93392,2
126181,4.625848,49.933682,2
126182,4.625848,49.933682,2
126183,4.625848,49.933682,2
126184,4.62589,49.93403,2
126185,4.625848,49.933682,2
126186,4.62589,49.93403,2
126187,4.625848,49.933682,2
126188,4.625163,49.93392,2
126189,4.625163,49.93392,2
126190,4.625163,49.93392,2
126191,4.625163,49.93392,2
126192,4.63479,49.94353,2
126193,4.625163,49.93392,2
126194,4.625163,49.93392,2
126195,4.625163,49.93392,2
126196,4.625163,49.93392,2
126197,4.625163,49.93392,2
126198,4.625163,49.93392,2
126199,4.625163,49.93392,2
126200,4.63466,49.94351,2
126201,4.625163,49.93392,2
126202,4.625848,49.933682,2
126203,4.625848,49.933682,2
126204,4.625848,49.933682,2
126205,4.625848,49.933682,2
126206,4.625848,49.933682,2
126207,4.62589,49.93403,2
126208,4.625848,49.933682,2
126209,4.625848,49.933682,2
126210,4.625848,49.933682,2
126211,4.625848,49.933682,2
126212,4.625848,49.933682,2
126213,4.625848,49.933682,2
126214,4.62822,49.94083,2
126215,4.625848,49.933682,2
126216,4.625848,49.933682,2
126217,4.625848,49.933682,2
126218,4.625848,49.933682,2
126219,4.625163,49.93392,2
126220,4.625163,49.93392,2
126221,4.625163,49.93392,2
126222,4.625163,49.93392,2
126223,4.625163,49.93392,2
126224,4.625163,49.93392,2
126225,4.625163,49.93392,2
126226,4.625163,49.93392,2
126227,4.62589,49.93403,2
126228,4.625163,49.93392,2
126229,4.625163,49.93392,2
126230,4.625163,49.93392,2
126231,4.625163,49.93392,2
126232,4.625163,49.93392,2
126233,4.62928,49.93754,2
126234,4.625848,49.933682,2
126235,4.62928,49.93754,2
126236,4.62606,49.93376,2
126237,4.625848,49.933682,2
126238,4.625848,49.933682,2
126239,4.625848,49.933682,2
126240,4.625848,49.933682,2
126241,4.625848,49.933682,2
126242,4.625848,49.933682,2
126243,4.625848,49.933682,2
126244,4.625848,49.933682,2
126245,4.62606,49.93376,2
126246,4.62589,49.93403,2
126247,4.625848,49.933682,2
126248,4.625848,49.933682,2
126249,4.625848,49.933682,2
126250,4.625848,49.933682,2
126251,4.625163,49.93392,2
126252,4.625163,49.93392,2
126253,4.625163,49.93392,2
126254,4.625163,49.93392,2
126255,4.625163,49.93392,2
126256,4.625163,49.93392,2
126257,4.625163,49.93392,2
126258,4.625163,49.93392,2
126259,4.625163,49.93392,2
126260,4.625149,49.93392,2
126261,4.625163,49.93392,2
126262,4.62589,49.93403,2
126263,4.625163,49.93392,2
126264,4.2035,49.60711,2
126265,4.20819,49.61802,2
126266,4.20166,49.61099,2
126267,4.201581,49.611439,2
126268,4.2035,49.60711,2
126269,4.20067,49.6115,2
126270,4.20099,49.61084,2
126271,4.19967,49.60911,2
126272,4.19967,49.60911,2
126273,4.19119,49.63372,2
126274,4.19161,49.63423,2
126275,4.19192,49.6346,2
126276,4.19224,49.63498,2
126277,4.19481,49.6377,2
126278,4.17774,49.642321,2
126279,4.15655,49.6357,2
126280,4.19777,49.60964,2
126281,4.19967,49.60911,2
126282,4.20057,49.6114,2
126283,4.1984,49.60933,2
126284,4.20057,49.6114,2
126285,4.20545,49.6178,2
126286,4.20547,49.61754,2
126287,4.20545,49.6178,2
126288,4.204875,49.614568,2
126289,4.20547,49.61754,2
126290,4.20547,49.61754,2
126291,4.20166,49.61099,2
126292,4.20547,49.61754,2
126293,4.20351,49.61395,2
126294,4.20407,49.61381,2
126295,4.20281,49.61411,2
126296,4.20214,49.6142,2
126297,4.20292,49.61383,2
126298,4.20547,49.61754,2
126299,4.20547,49.61754,2
126300,4.20248,49.61381,2
126301,4.20324,49.61363,2
126302,4.20547,49.61754,2
126303,4.20547,49.61754,2
126304,4.20547,49.61754,2
126305,4.20547,49.61754,2
126306,4.20547,49.61754,2
126307,4.20547,49.61754,2
126308,4.20547,49.61754,2
126309,4.20547,49.61754,2
126310,4.20547,49.61754,2
126311,4.20547,49.61754,2
126312,4.20547,49.61754,2
126313,4.20372,49.61187,2
126314,4.20455,49.6116,2
126315,4.20334,49.61183,2
126316,4.2058,49.61162,2
126317,4.20547,49.61754,2
126318,4.20547,49.61754,2
126319,4.20547,49.61754,2
126320,4.20547,49.61754,2
126321,4.20547,49.61754,2
126322,4.20205,49.61328,2
126323,4.19967,49.60911,2
126324,4.20186,49.61328,2
126325,4.20547,49.61754,2
126326,4.20215,49.61237,2
126327,4.20547,49.61754,2
126328,4.20203,49.61216,2
126329,4.20228,49.61192,2
126330,4.202062,49.611746,2
126331,4.202076,49.611746,2
126332,4.202076,49.611746,2
126333,4.20547,49.61754,2
126334,4.20547,49.61754,2
126335,4.20166,49.61099,2
126336,4.20166,49.61099,2
126337,4.20166,49.61099,2
126338,4.20166,49.61099,2
126339,4.20166,49.61099,2
126340,4.20366,49.60717,2
126341,4.20663,49.6065,2
126342,4.21113,49.60584,2
126343,4.20166,49.61099,2
126344,4.19967,49.60911,2
126345,4.199908,49.611824,2
126346,4.199908,49.611824,2
126347,4.20101,49.610954,2
126348,4.199908,49.611824,2
126349,4.20085,49.6106,2
126350,4.20101,49.61054,2
126351,4.20079,49.60975,2
126352,4.20071,49.61036,2
126353,4.20079,49.60975,2
126354,4.19967,49.60911,2
126355,4.200832,49.610624,2
126356,4.19967,49.60911,2
126357,4.19967,49.60911,2
126358,4.19967,49.60911,2
126359,4.198908,49.60865,2
126360,4.19904,49.60902,2
126361,4.19923,49.60907,2
126362,4.19875,49.6093,2
126363,4.19827,49.60954,2
126364,4.1978,49.60977,2
126365,4.19846,49.60936,2
126366,4.19898,49.6087,2
126367,4.198908,49.60865,2
126368,4.198908,49.60865,2
126369,4.19869,49.60778,2
126370,4.19169,49.59999,2
126371,4.19294,49.60934,2
126372,4.19897,49.60744,2
126373,4.198704,49.607989,2
126374,4.19064,49.63272,2
126375,4.19115,49.63379,2
126376,4.19115,49.63379,2
126377,4.19102,49.63376,2
126378,4.19126,49.63404,2
126379,4.1895,49.63497,2
126380,4.1895,49.63497,2
126381,4.18945,49.63491,2
126382,4.18956,49.635,2
126383,4.19169,49.63456,2
126384,4.1921,49.63507,2
126385,4.19189,49.63482,2
126386,4.19177,49.63441,2
126387,4.19231,49.63532,2
126388,4.19208,49.63479,2
126389,4.19239,49.63517,2
126390,4.19255,49.63536,2
126391,4.19255,49.63536,2
126392,4.19271,49.63555,2
126393,4.19348,49.63652,2
126394,4.19481,49.6377,2
126395,4.19405,49.63707,2
126396,4.19455,49.63764,2
126397,4.19514,49.63817,2
126398,4.180699,49.642294,2
126399,4.179087,49.642489,2
126400,4.179087,49.642489,2
126401,4.179087,49.642489,2
126402,4.180447,49.642226,2
126403,4.175861,49.641245,2
126404,4.180447,49.642226,2
126405,4.178066,49.642559,2
126406,4.175861,49.641245,2
126407,4.178066,49.642559,2
126408,4.17724,49.641906,2
126409,4.178066,49.642559,2
126410,4.202704,49.65014,2
126411,4.15655,49.6357,2
126412,4.80709,49.89131,2
126413,4.80509,49.8733,2
126414,4.81122,49.89402,2
126415,4.80491,49.87247,2
126416,4.80881,49.8936,2
126417,4.80491,49.87268,2
126418,4.80781,49.89291,2
126419,4.80491,49.8729,2
126420,4.80745,49.89249,2
126421,4.80727,49.89228,2
126422,4.80491,49.87311,2
126423,4.80685,49.8868,2
126424,4.80727,49.89228,2
126425,4.80717,49.89205,2
126426,4.80491,49.87333,2
126427,4.80708,49.89182,2
126428,4.80491,49.87354,2
126429,4.80491,49.87376,2
126430,4.80699,49.89158,2
126431,4.805,49.87311,2
126432,4.806864,49.891187,2
126433,4.80692,49.89137,2
126434,4.80586,49.87403,2
126435,4.80359,49.87433,2
126436,4.80688,49.89119,2
126437,4.8028,49.87468,2
126438,4.80427,49.87416,2
126439,4.80539,49.86255,2
126440,4.80685,49.891,2
126441,4.80317,49.87465,2
126442,4.812365,49.874825,2
126443,4.80677,49.89064,2
126444,4.80357,49.8744,2
126445,4.80483,49.87239,2
126446,4.80681,49.89082,2
126447,4.80357,49.8744,2
126448,4.8048,49.87417,2
126449,4.80483,49.87239,2
126450,4.80692,49.89137,2
126451,4.80673,49.89046,2
126452,4.80456,49.8743,2
126453,4.80483,49.87239,2
126454,4.80669,49.89027,2
126455,4.80432,49.87443,2
126456,4.80483,49.87239,2
126457,4.804302,49.874504,2
126458,4.80665,49.89009,2
126459,4.80483,49.87239,2
126460,4.80662,49.88991,2
126461,4.80383,49.87469,2
126462,4.80483,49.87239,2
126463,4.80653,49.88985,2
126464,4.80383,49.87469,2
126465,4.80483,49.87239,2
126466,4.80623,49.88983,2
126467,4.80359,49.87482,2
126468,4.80483,49.87239,2
126469,4.80742,49.89234,2
126470,4.80594,49.8898,2
126471,4.80334,49.87494,2
126472,4.80483,49.87239,2
126473,4.80564,49.88977,2
126474,4.80304,49.87501,2
126475,4.80483,49.87239,2
126476,4.80539,49.88971,2
126477,4.80274,49.87501,2
126478,4.80483,49.87239,2
126479,4.80535,49.88952,2
126480,4.80514,49.8739,2
126481,4.80483,49.87239,2
126482,4.80539,49.87387,2
126483,4.80532,49.88933,2
126484,4.80483,49.87239,2
126485,4.80496,49.87401,2
126486,4.806312,49.887255,2
126487,4.80483,49.87239,2
126488,4.80573,49.88882,2
126489,4.80569,49.87387,2
126490,4.80483,49.87239,2
126491,4.80591,49.88878,2
126492,4.80612,49.87375,2
126493,4.80539,49.87381,2
126494,4.80483,49.87239,2
126495,4.80591,49.88885,2
126496,4.80578,49.87406,2
126497,4.80483,49.87239,2
126498,4.80592,49.88893,2
126499,4.80592,49.87396,2
126500,4.80593,49.88903,2
126501,4.80605,49.87425,2
126502,4.80595,49.88912,2
126503,4.80577,49.88925,2
126504,4.80588,49.87379,2
126505,4.80729,49.87281,2
126506,4.80587,49.87367,2
126507,4.80562,49.88927,2
126508,4.80617,49.87363,2
126509,4.80547,49.88928,2
126510,4.80539,49.87381,2
126511,4.80569,49.8892,2
126512,4.80648,49.87358,2
126513,4.80545,49.88913,2
126514,4.8055,49.88931,2
126515,4.80636,49.87371,2
126516,4.80554,49.88951,2
126517,4.80684,49.87364,2
126518,4.80566,49.88965,2
126519,4.80708,49.87362,2
126520,4.80595,49.88968,2
126521,4.80758,49.87365,2
126522,4.80539,49.86255,2
126523,4.80625,49.88971,2
126524,4.80678,49.87353,2
126525,4.80655,49.88974,2
126526,4.8071,49.87351,2
126527,4.80669,49.88956,2
126528,4.80733,49.87364,2
126529,4.80669,49.88956,2
126530,4.80804,49.87353,2
126531,4.80661,49.88871,2
126532,4.80664,49.88751,2
126533,4.80783,49.87365,2
126534,4.80638,49.88712,2
126535,4.80829,49.87341,2
126536,4.80667,49.88678,2
126537,4.80829,49.87353,2
126538,4.81114,49.87311,2
126539,4.80673,49.88654,2
126540,4.80685,49.88606,2
126541,4.80829,49.87363,2
126542,4.80755,49.87579,2
126543,4.80686,49.88576,2
126544,4.8083,49.87373,2
126545,4.80762,49.88313,2
126546,4.80831,49.87382,2
126547,4.806849,49.885726,2
126548,4.812478,49.893103,2
126549,4.80832,49.87391,2
126550,4.80604,49.86938,2
126551,4.80833,49.87401,2
126552,4.812478,49.893103,2
126553,4.812478,49.893112,2
126554,4.80834,49.8741,2
126555,4.80655,49.88974,2
126556,4.80834,49.8741,2
126557,4.80653,49.88985,2
126558,4.80835,49.8742,2
126559,4.80569,49.8892,2
126560,4.80836,49.87429,2
126561,4.8162,49.89168,2
126562,4.80837,49.87439,2
126563,4.80566,49.88965,2
126564,4.806749,49.88738,2
126565,4.81875,49.88897,2
126566,4.80839,49.87457,2
126567,4.81875,49.88897,2
126568,4.80839,49.87457,2
126569,4.80483,49.87239,2
126570,4.8084,49.87467,2
126571,4.80604,49.86938,2
126572,4.81875,49.88897,2
126573,4.81875,49.88897,2
126574,4.80841,49.87476,2
126575,4.820862,49.891953,2
126576,4.80878,49.87528,2
126577,4.81875,49.88897,2
126578,4.80996,49.87606,2
126579,4.82027,49.89101,2
126580,4.82027,49.89101,2
126581,4.80816,49.87517,2
126582,4.81875,49.88897,2
126583,4.80829,49.87363,2
126584,4.80765,49.87582,2
126585,4.80928,49.87568,2
126586,4.80755,49.87579,2
126587,4.81986,49.89044,2
126588,4.80613,49.87852,2
126589,4.81953,49.88844,2
126590,4.81876,49.88915,2
126591,4.80715,49.87707,2
126592,4.80128,49.87743,2
126593,4.81887,49.8889,2
126594,4.80613,49.87837,2
126595,4.81893,49.88865,2
126596,4.80755,49.87579,2
126597,4.80692,49.8765,2
126598,4.80755,49.87579,2
126599,4.80814,49.87387,2
126600,4.81953,49.88844,2
126601,4.80569,49.8892,2
126602,4.80604,49.86938,2
126603,4.7928,49.87635,2
126604,4.80496,49.88125,2
126605,4.80832,49.87329,2
126606,4.81953,49.88844,2
126607,4.80414,49.88625,2
126608,4.81918,49.88846,2
126609,4.80595,49.87859,2
126610,4.80826,49.87275,2
126611,4.80692,49.8765,2
126612,4.81918,49.88846,2
126613,4.8061,49.87799,2
126614,4.80767,49.87267,2
126615,4.81953,49.88844,2
126616,4.80682,49.87698,2
126617,4.80555,49.87023,2
126618,4.82039,49.8871,2
126619,4.80604,49.86938,2
126620,4.82086,49.886806,2
126621,4.80715,49.87647,2
126622,4.805661,49.870434,2
126623,4.820696,49.886297,2
126624,4.80755,49.87579,2
126625,4.80591,49.87178,2
126626,4.80556,49.87195,2
126627,4.81953,49.88844,2
126628,4.80641,49.87742,2
126629,4.80821,49.87174,2
126630,4.80821,49.87174,2
126631,4.80841,49.874384,2
126632,4.80613,49.87881,2
126633,4.82064,49.88651,2
126634,4.806908,49.890934,2
126635,4.80715,49.87707,2
126636,4.806908,49.890934,2
126637,4.82069,49.8861,2
126638,4.80692,49.8765,2
126639,4.80669,49.88956,2
126640,4.80806,49.87503,2
126641,4.82075,49.8859,2
126642,4.80823,49.87476,2
126643,4.820845,49.885926,2
126644,4.82081,49.8857,2
126645,4.80822,49.87465,2
126646,4.80821,49.87454,2
126647,4.80762,49.87279,2
126648,4.82093,49.88591,2
126649,4.8082,49.87443,2
126650,4.82099,49.88572,2
126651,4.81953,49.88844,2
126652,4.80819,49.87432,2
126653,4.82104,49.88557,2
126654,4.80817,49.87421,2
126655,4.82027,49.88729,2
126656,4.80816,49.87409,2
126657,4.82027,49.88729,2
126658,4.82118,49.88518,2
126659,4.80817,49.87421,2
126660,4.80814,49.87387,2
126661,4.82044,49.88555,2
126662,4.82111,49.88538,2
126663,4.80814,49.87387,2
126664,4.820858,49.885907,2
126665,4.82125,49.88499,2
126666,4.80814,49.87387,2
126667,4.82131,49.88479,2
126668,4.80813,49.87376,2
126669,4.82171,49.88484,2
126670,4.82162,49.8847,2
126671,4.80808,49.87365,2
126672,4.81183,49.87501,2
126673,4.80808,49.87365,2
126674,4.82266,49.88503,2
126675,4.80812,49.87365,2
126676,4.80812,49.87365,2
126677,4.82333,49.88525,2
126678,4.80812,49.87365,2
126679,4.82325,49.88543,2
126680,4.80811,49.87353,2
126681,4.80811,49.8734,2
126682,4.82351,49.88552,2
126683,4.80814,49.87328,2
126684,4.82357,49.88646,2
126685,4.82495,49.88107,2
126686,4.82547,49.88069,2
126687,4.82334,49.88541,2
126688,4.82599,49.88031,2
126689,4.82303,49.88524,2
126690,4.82338,49.88195,2
126691,4.82292,49.88604,2
126692,4.82283,49.88576,2
126693,4.82436,49.88141,2
126694,4.82293,49.8855,2
126695,4.82322,49.88192,2
126696,4.82265,49.88627,2
126697,4.82266,49.88216,2
126698,4.82254,49.8868,2
126699,4.82338,49.88195,2
126700,4.8081,49.87276,2
126701,4.820963,49.883228,2
126702,4.80779,49.88317,2
126703,4.82294,49.88497,2
126704,4.80569,49.8892,2
126705,4.80569,49.8892,2
126706,4.82228,49.88483,2
126707,4.80569,49.8892,2
126708,4.820951,49.883264,2
126709,4.80569,49.8892,2
126710,4.821972,49.883387,2
126711,4.82109,49.88334,2
126712,4.80569,49.8892,2
126713,4.812463,49.893076,2
126714,4.81953,49.88844,2
126715,4.80569,49.8892,2
126716,4.822083,49.883098,2
126717,4.82218,49.882817,2
126718,4.80569,49.8892,2
126719,4.82206,49.88354,2
126720,4.80569,49.8892,2
126721,4.82223,49.8832,2
126722,4.80569,49.8892,2
126723,4.82223,49.8832,2
126724,4.80569,49.8892,2
126725,4.82237,49.88285,2
126726,4.8162,49.89168,2
126727,4.82244,49.8825,2
126728,4.80569,49.8892,2
126729,4.82378,49.88169,2
126730,4.8233,49.88203,2
126731,4.80569,49.8892,2
126732,4.80569,49.8892,2
126733,4.80569,49.8892,2
126734,4.80569,49.8892,2
126735,4.82533,49.88097,2
126736,4.80569,49.8892,2
126737,4.80569,49.8892,2
126738,4.82603,49.88046,2
126739,4.80569,49.8892,2
126740,4.82338,49.88195,2
126741,4.80569,49.8892,2
126742,4.82338,49.88195,2
126743,4.82338,49.88195,2
126744,4.80569,49.8892,2
126745,4.80569,49.8892,2
126746,4.80569,49.8892,2
126747,4.80569,49.8892,2
126748,4.80569,49.8892,2
126749,4.80604,49.86938,2
126750,4.80569,49.8892,2
126751,4.82014,49.8852,2
126752,4.80569,49.8892,2
126753,4.80569,49.8892,2
126754,4.80569,49.8892,2
126755,4.82012,49.88542,2
126756,4.82045,49.88549,2
126757,4.82044,49.88555,2
126758,4.80569,49.8892,2
126759,4.80569,49.8892,2
126760,4.80569,49.8892,2
126761,4.80569,49.8892,2
126762,4.80569,49.8892,2
126763,4.82044,49.88555,2
126764,4.80569,49.8892,2
126765,4.80569,49.8892,2
126766,4.80569,49.8892,2
126767,4.80569,49.8892,2
126768,4.80569,49.8892,2
126769,4.80569,49.8892,2
126770,4.80569,49.8892,2
126771,4.80569,49.8892,2
126772,4.80569,49.8892,2
126773,4.80569,49.8892,2
126774,4.80569,49.8892,2
126775,4.80569,49.8892,2
126776,4.80569,49.8892,2
126777,4.80569,49.8892,2
126778,4.80569,49.8892,2
126779,4.80569,49.8892,2
126780,4.80569,49.8892,2
126781,4.80569,49.8892,2
126782,4.80569,49.8892,2
126783,4.80569,49.8892,2
126784,4.80569,49.8892,2
126785,4.80569,49.8892,2
126786,4.80569,49.8892,2
126787,4.80569,49.8892,2
126788,4.80569,49.8892,2
126789,4.80545,49.88913,2
126790,4.8055,49.88931,2
126791,4.82044,49.88555,2
126792,4.80586,49.87403,2
126793,4.8162,49.89168,2
126794,4.80832,49.87329,2
126795,4.82334,49.88541,2
126796,4.80832,49.87329,2
126797,4.82334,49.88541,2
126798,4.80832,49.87329,2
126799,4.80846,49.87317,2
126800,4.80755,49.87579,2
126801,4.80857,49.87311,2
126802,4.80873,49.87318,2
126803,4.80889,49.87325,2
126804,4.80889,49.87325,2
126805,4.81093,49.87452,2
126806,4.80908,49.87327,2
126807,4.80926,49.87328,2
126808,4.81248,49.87401,2
126809,4.80893,49.8732,2
126810,4.80895,49.87314,2
126811,4.80893,49.8732,2
126812,4.80856,49.87291,2
126813,4.80856,49.87291,2
126814,4.80755,49.87579,2
126815,4.80831,49.87279,2
126816,4.80794,49.87277,2
126817,4.80778,49.87278,2
126818,4.80762,49.87279,2
126819,4.80745,49.8728,2
126820,4.80772,49.87272,2
126821,4.80729,49.87281,2
126822,4.80679,49.87272,2
126823,4.80669,49.87265,2
126824,4.80659,49.87258,2
126825,4.80649,49.8725,2
126826,4.8064,49.87243,2
126827,4.80628,49.87238,2
126828,4.80613,49.87238,2
126829,4.80598,49.87237,2
126830,4.80582,49.87237,2
126831,4.80567,49.87237,2
126832,4.80567,49.87237,2
126833,4.80547,49.87238,2
126834,4.80516,49.87241,2
126835,4.80571,49.87225,2
126836,4.80592,49.87226,2
126837,4.80592,49.87226,2
126838,4.80612,49.87227,2
126839,4.80633,49.87227,2
126840,4.8065,49.87233,2
126841,4.80663,49.87243,2
126842,4.80677,49.87253,2
126843,4.80702,49.87267,2
126844,4.80772,49.87272,2
126845,4.80745,49.87269,2
126846,4.80767,49.87267,2
126847,4.80788,49.87266,2
126848,4.82188,49.88252,2
126849,4.8081,49.87265,2
126850,4.80831,49.87264,2
126851,4.80831,49.87264,2
126852,4.80831,49.87264,2
126853,4.82425,49.8856,2
126854,4.80831,49.87264,2
126855,4.80831,49.87264,2
126856,4.80831,49.87264,2
126857,4.80831,49.87264,2
126858,4.80847,49.87273,2
126859,4.80847,49.87273,2
126860,4.80848,49.87277,2
126861,4.80772,49.87272,2
126862,4.794904,49.874766,2
126863,4.80424,49.86275,2
126864,4.80279,49.87292,2
126865,4.795674,49.873735,2
126866,4.795661,49.873745,2
126867,4.80569,49.8892,2
126868,4.7947,49.87462,2
126869,4.7947,49.87462,2
126870,4.80279,49.87292,2
126871,4.80279,49.87292,2
126872,4.80279,49.87292,2
126873,4.794904,49.874766,2
126874,4.80846,49.87268,2
126875,4.80483,49.87239,2
126876,4.80845,49.87258,2
126877,4.80483,49.87239,2
126878,4.8084,49.87249,2
126879,4.804365,49.870954,2
126880,4.80483,49.87239,2
126881,4.80834,49.8724,2
126882,4.80483,49.87239,2
126883,4.80829,49.87231,2
126884,4.80483,49.87239,2
126885,4.80823,49.87222,2
126886,4.80483,49.87239,2
126887,4.80818,49.87213,2
126888,4.80483,49.87239,2
126889,4.80539,49.87381,2
126890,4.80807,49.87203,2
126891,4.80483,49.87239,2
126892,4.80796,49.87197,2
126893,4.80483,49.87239,2
126894,4.80785,49.8719,2
126895,4.80483,49.87239,2
126896,4.82039,49.8871,2
126897,4.80773,49.87184,2
126898,4.80762,49.87177,2
126899,4.80483,49.87239,2
126900,4.80751,49.8717,2
126901,4.80483,49.87239,2
126902,4.80739,49.87164,2
126903,4.8113,49.87399,2
126904,4.80483,49.87239,2
126905,4.80728,49.87157,2
126906,4.8113,49.87399,2
126907,4.80483,49.87239,2
126908,4.8072,49.87148,2
126909,4.8081,49.87276,2
126910,4.80712,49.87131,2
126911,4.80698,49.87116,2
126912,4.80677,49.87104,2
126913,4.80636,49.8708,2
126914,4.80616,49.87068,2
126915,4.80658,49.8706,2
126916,4.80396,49.86798,2
126917,4.8035,49.8668,2
126918,4.80327,49.86669,2
126919,4.8061,49.8708,2
126920,4.80645,49.871,2
126921,4.807,49.87146,2
126922,4.80702,49.87155,2
126923,4.8068,49.8716,2
126924,4.80658,49.87164,2
126925,4.80635,49.87169,2
126926,4.80613,49.87174,2
126927,4.80556,49.87195,2
126928,4.80549,49.87209,2
126929,4.8055,49.87224,2
126930,4.80567,49.87221,2
126931,4.8057,49.87205,2
126932,4.80582,49.87192,2
126933,4.80607,49.87187,2
126934,4.80632,49.87181,2
126935,4.80632,49.87181,2
126936,4.80656,49.87176,2
126937,4.80681,49.87171,2
126938,4.80706,49.87166,2
126939,4.80717,49.87166,2
126940,4.8073,49.87174,2
126941,4.80743,49.87181,2
126942,4.80756,49.87189,2
126943,4.80768,49.87196,2
126944,4.80768,49.87196,2
126945,4.80794,49.87212,2
126946,4.81183,49.87501,2
126947,4.80781,49.87204,2
126948,4.80794,49.87212,2
126949,4.80804,49.87223,2
126950,4.80816,49.87242,2
126951,4.80828,49.87262,2
126952,4.8072,49.87148,2
126953,4.80698,49.87041,2
126954,4.80764,49.87183,2
126955,4.80685,49.87028,2
126956,4.80672,49.87015,2
126957,4.8072,49.87148,2
126958,4.80633,49.86976,2
126959,4.80607,49.8695,2
126960,4.80559,49.86898,2
126961,4.80553,49.86867,2
126962,4.80535,49.86761,2
126963,4.80753,49.87042,2
126964,4.80559,49.8673,2
126965,4.80679,49.8863,2
126966,4.80638,49.8696,2
126967,4.80649,49.86971,2
126968,4.80671,49.86992,2
126969,4.80604,49.86938,2
126970,4.80682,49.87003,2
126971,4.80692,49.87014,2
126972,4.80714,49.87035,2
126973,4.80742,49.89234,2
126974,4.80735,49.87053,2
126975,4.8082,49.87206,2
126976,4.80821,49.87174,2
126977,4.80813,49.87158,2
126978,4.80798,49.87126,2
126979,4.808,49.87168,2
126980,4.80749,49.87089,2
126981,4.8071,49.87051,2
126982,4.80763,49.87082,2
126983,4.8055,49.86852,2
126984,4.80547,49.86837,2
126985,4.80544,49.86822,2
126986,4.80542,49.86806,2
126987,4.80536,49.86776,2
126988,4.80538,49.86745,2
126989,4.80541,49.8673,2
126990,4.80549,49.86679,2
126991,4.80554,49.86651,2
126992,4.80567,49.86681,2
126993,4.80604,49.86938,2
126994,4.80554,49.86756,2
126995,4.80552,49.86768,2
126996,4.80586,49.87403,2
126997,4.80555,49.86781,2
126998,4.80557,49.86794,2
126999,4.8056,49.86806,2
127000,4.80715,49.87707,2
127001,4.82338,49.88195,2
127002,4.80567,49.86844,2
127003,4.80569,49.86857,2
127004,4.80574,49.86882,2
127005,4.82338,49.88195,2
127006,4.81105,49.87346,2
127007,4.81105,49.8738,2
127008,4.82338,49.88195,2
127009,4.81103,49.87404,2
127010,4.8113,49.87399,2
127011,4.8113,49.87399,2
127012,4.81147,49.87411,2
127013,4.81158,49.87427,2
127014,4.80604,49.86938,2
127015,4.81168,49.87443,2
127016,4.81179,49.87459,2
127017,4.81195,49.87466,2
127018,4.81231,49.87448,2
127019,4.81259,49.87403,2
127020,4.81241,49.87455,2
127021,4.811428,49.874134,2
127022,4.81292,49.87512,2
127023,4.81103,49.87494,2
127024,4.8119,49.87501,2
127025,4.806908,49.890934,2
127026,4.81183,49.87501,2
127027,4.81243,49.87594,2
127028,4.80755,49.87579,2
127029,4.81183,49.87501,2
127030,4.811935,49.87513,2
127031,4.8112,49.87673,2
127032,4.810902,49.877603,2
127033,4.806908,49.890934,2
127034,4.80941,49.880356,2
127035,4.81953,49.88844,2
127036,4.81087,49.87535,2
127037,4.81093,49.87452,2
127038,4.81121,49.87406,2
127039,4.812365,49.874825,2
127040,4.80669,49.88956,2
127041,4.80941,49.880356,2
127042,4.80669,49.88956,2
127043,4.80669,49.88956,2
127044,4.80669,49.88956,2
127045,4.80669,49.88956,2
127046,4.80669,49.88956,2
127047,4.81183,49.87501,2
127048,4.80587,49.86441,2
127049,4.80565,49.86425,2
127050,4.80544,49.8641,2
127051,4.80554,49.88892,2
127052,4.80535,49.8639,2
127053,4.81875,49.88897,2
127054,4.80532,49.8637,2
127055,4.8053,49.86349,2
127056,4.8053,49.86328,2
127057,4.81114,49.87311,2
127058,4.81114,49.87311,2
127059,4.8053,49.86394,2
127060,4.8053,49.86394,2
127061,4.80533,49.86302,2
127062,4.80554,49.86302,2
127063,4.80893,49.8732,2
127064,4.80576,49.86301,2
127065,4.80597,49.86301,2
127066,4.80619,49.863,2
127067,4.80641,49.863,2
127068,4.80877,49.86484,2
127069,4.80629,49.86289,2
127070,4.80586,49.86289,2
127071,4.79656,49.95063,2
127072,4.80543,49.8629,2
127073,4.80582,49.87237,2
127074,4.80518,49.86281,2
127075,4.80582,49.87237,2
127076,4.80538,49.86226,2
127077,4.80682,49.87003,2
127078,4.80682,49.87003,2
127079,4.80538,49.86226,2
127080,4.80539,49.86255,2
127081,4.80539,49.86255,2
127082,4.80128,49.87743,2
127083,4.80539,49.86255,2
127084,4.80539,49.86255,2
127085,4.80539,49.86255,2
127086,4.80539,49.86255,2
127087,4.80539,49.86255,2
127088,4.80539,49.86255,2
127089,4.80539,49.86255,2
127090,4.80539,49.86255,2
127091,4.80481,49.86288,2
127092,4.80438,49.86256,2
127093,4.80373,49.86236,2
127094,4.80372,49.86248,2
127095,4.80424,49.86275,2
127096,4.80479,49.863,2
127097,4.80585,49.87381,2
127098,4.8053,49.86394,2
127099,4.82334,49.88541,2
127100,4.8053,49.86394,2
127101,4.8053,49.86394,2
127102,4.8053,49.86394,2
127103,4.8053,49.86394,2
127104,4.80513,49.8634,2
127105,4.80539,49.86424,2
127106,4.8053,49.86394,2
127107,4.8053,49.86394,2
127108,4.80709,49.88584,2
127109,4.80697,49.88632,2
127110,4.80691,49.88656,2
127111,4.806736,49.888252,2
127112,4.80681,49.88781,2
127113,4.8068,49.88841,2
127114,4.82338,49.88195,2
127115,4.80699,49.8892,2
127116,4.80544,49.87226,2
127117,4.80771,49.88921,2
127118,4.80514,49.87229,2
127119,4.81256,49.87354,2
127120,4.80772,49.87272,2
127121,4.80818,49.8893,2
127122,4.80482,49.87232,2
127123,4.80443,49.8723,2
127124,4.80738,49.88932,2
127125,4.80416,49.87234,2
127126,4.80746,49.88928,2
127127,4.80344,49.87267,2
127128,4.80483,49.87239,2
127129,4.80351,49.87278,2
127130,4.80669,49.88956,2
127131,4.80669,49.88956,2
127132,4.8021,49.87317,2
127133,4.80669,49.88956,2
127134,4.80203,49.87306,2
127135,4.80096,49.87341,2
127136,4.80716,49.88989,2
127137,4.80424,49.87096,2
127138,4.82334,49.88541,2
127139,4.82334,49.88541,2
127140,4.8068,49.88994,2
127141,4.8047,49.8723,2
127142,4.81195,49.87466,2
127143,4.80686,49.89021,2
127144,4.80024,49.8737,2
127145,4.80692,49.89049,2
127146,4.80509,49.87255,2
127147,4.80698,49.89076,2
127148,4.805,49.87311,2
127149,4.80509,49.87293,2
127150,4.80703,49.89103,2
127151,4.80509,49.87368,2
127152,5.15811,49.639,2
127153,5.15837,49.63923,2
127154,5.15866,49.63945,2
127155,5.159,49.63964,2
127156,5.15934,49.63982,2
127157,5.15872,49.63956,2
127158,5.15853,49.63953,2
127159,5.15961,49.63996,2
127160,5.15999,49.64016,2
127161,5.16018,49.64026,2
127162,5.16037,49.64037,2
127163,5.16107,49.64056,2
127164,5.16248,49.64027,2
127165,5.16294,49.64022,2
127166,5.16339,49.64017,2
127167,5.16375,49.64011,2
127168,5.164,49.64007,2
127169,5.16505,49.63968,2
127170,5.16424,49.64003,2
127171,5.15902,49.63672,2
127172,5.16466,49.63987,2
127173,5.16485,49.63977,2
127174,5.16478,49.63987,2
127175,5.16473,49.63998,2
127176,5.16358,49.64027,2
127177,5.16366,49.64025,2
127178,5.16399,49.63667,2
127179,5.16341,49.64028,2
127180,5.16399,49.63667,2
127181,5.16333,49.64029,2
127182,5.16325,49.6403,2
127183,5.16316,49.64031,2
127184,5.16308,49.64032,2
127185,5.163,49.64033,2
127186,5.16291,49.64034,2
127187,5.16283,49.64035,2
127188,5.16274,49.64036,2
127189,5.16322,49.64066,2
127190,5.15937,49.63489,2
127191,5.16306,49.64065,2
127192,5.1629,49.64064,2
127193,5.16274,49.64064,2
127194,5.16234,49.64051,2
127195,5.16225,49.64043,2
127196,5.16163,49.64056,2
127197,5.16144,49.6406,2
127198,5.16125,49.64065,2
127199,5.16106,49.64069,2
127200,5.16059,49.64046,2
127201,5.16222,49.64142,2
127202,5.16272,49.64203,2
127203,5.1627,49.64229,2
127204,5.1626,49.64215,2
127205,5.16251,49.64201,2
127206,5.16241,49.64187,2
127207,5.16217,49.64159,2
127208,5.16174,49.64119,2
127209,5.16116,49.64086,2
127210,5.16062,49.64061,2
127211,5.15634,49.64085,2
127212,5.15751,49.64093,2
127213,5.15605,49.64093,2
127214,5.15634,49.64085,2
127215,5.154549,49.640789,2
127216,5.15293,49.64365,2
127217,5.15353,49.6429,2
127218,5.15799,49.6376,2
127219,5.15361,49.64219,2
127220,5.15353,49.6429,2
127221,5.1543,49.64184,2
127222,5.15293,49.64365,2
127223,5.15356,49.64284,2
127224,5.15398,49.64303,2
127225,5.154,49.64318,2
127226,5.154,49.64318,2
127227,5.154,49.64318,2
127228,5.15293,49.64365,2
127229,5.15347,49.64323,2
127230,5.15306,49.643,2
127231,5.15353,49.6429,2
127232,5.15353,49.6429,2
127233,5.15353,49.6429,2
127234,5.16673,49.63197,2
127235,5.15293,49.64365,2
127236,5.15293,49.64365,2
127237,5.16167,49.63503,2
127238,5.163261,49.633926,2
127239,5.1633,49.63389,2
127240,5.16333,49.633682,2
127241,5.155947,49.639282,2
127242,5.15293,49.64365,2
127243,5.15293,49.64365,2
127244,5.16167,49.63503,2
127245,5.14925,49.64351,2
127246,5.163697,49.633566,2
127247,5.15293,49.64365,2
127248,5.15293,49.64365,2
127249,5.15293,49.64365,2
127250,5.15293,49.64365,2
127251,5.15293,49.64365,2
127252,5.15293,49.64365,2
127253,5.15293,49.64365,2
127254,5.15293,49.64365,2
127255,5.15293,49.64365,2
127256,5.15293,49.64365,2
127257,5.15293,49.64365,2
127258,5.15293,49.64365,2
127259,5.15293,49.64365,2
127260,5.151974,49.642529,2
127261,5.152238,49.642289,2
127262,5.164241,49.63314,2
127263,5.15293,49.64365,2
127264,5.15293,49.64365,2
127265,5.15292,49.64153,2
127266,5.15293,49.64365,2
127267,5.15293,49.64365,2
127268,5.15293,49.64365,2
127269,5.15293,49.64365,2
127270,5.153787,49.640762,2
127271,5.153787,49.640762,2
127272,5.14826,49.63841,2
127273,5.148047,49.638307,2
127274,5.1563,49.63814,2
127275,5.1563,49.63814,2
127276,5.1563,49.63814,2
127277,5.1563,49.63814,2
127278,5.1563,49.63814,2
127279,5.16258,49.64063,2
127280,5.1563,49.63814,2
127281,5.1563,49.63814,2
127282,5.1563,49.63814,2
127283,5.15799,49.63548,2
127284,5.1563,49.63814,2
127285,5.1563,49.63814,2
127286,5.149632,49.638953,2
127287,5.165026,49.632321,2
127288,5.15754,49.63796,2
127289,5.15799,49.6376,2
127290,5.16167,49.63503,2
127291,5.16167,49.63503,2
127292,5.16167,49.63503,2
127293,5.16167,49.63503,2
127294,5.16167,49.63503,2
127295,5.16167,49.63503,2
127296,5.16167,49.63503,2
127297,5.16167,49.63503,2
127298,5.15799,49.6376,2
127299,5.16167,49.63503,2
127300,5.15823,49.63744,2
127301,5.15823,49.63744,2
127302,5.15823,49.63744,2
127303,5.1586,49.63719,2
127304,5.15896,49.63694,2
127305,5.15932,49.63669,2
127306,5.15968,49.63644,2
127307,5.16005,49.63619,2
127308,5.16041,49.63594,2
127309,5.16077,49.6357,2
127310,5.16106,49.63576,2
127311,5.16106,49.63606,2
127312,5.16105,49.63632,2
127313,5.16101,49.63654,2
127314,5.16098,49.63677,2
127315,5.16006,49.63771,2
127316,5.16086,49.63634,2
127317,5.16082,49.63663,2
127318,5.16068,49.63689,2
127319,5.16019,49.63738,2
127320,5.15994,49.63762,2
127321,5.16017,49.63681,2
127322,5.16041,49.63665,2
127323,5.16066,49.63649,2
127324,5.16091,49.63632,2
127325,5.16131,49.63572,2
127326,5.16186,49.63601,2
127327,5.16242,49.63624,2
127328,5.16105,49.63573,2
127329,5.16159,49.63603,2
127330,5.16186,49.63617,2
127331,5.15937,49.63489,2
127332,5.16213,49.63632,2
127333,5.16242,49.63637,2
127334,5.16271,49.63624,2
127335,5.16283,49.63623,2
127336,5.1631,49.63638,2
127337,5.16338,49.63652,2
127338,5.16361,49.63663,2
127339,5.16447,49.63297,2
127340,5.16381,49.63673,2
127341,5.16447,49.63297,2
127342,5.16401,49.63682,2
127343,5.16421,49.63692,2
127344,5.16441,49.63701,2
127345,5.1646,49.63711,2
127346,5.16479,49.63719,2
127347,5.16483,49.63587,2
127348,5.16497,49.63727,2
127349,5.16483,49.63587,2
127350,5.16515,49.63736,2
127351,5.16547,49.63747,2
127352,5.16591,49.63761,2
127353,5.16604,49.63771,2
127354,5.166,49.63789,2
127355,5.16627,49.63797,2
127356,5.16646,49.63785,2
127357,5.16668,49.63785,2
127358,5.16715,49.63795,2
127359,5.16508,49.63673,2
127360,5.16716,49.63808,2
127361,5.16508,49.63673,2
127362,5.16679,49.63843,2
127363,5.16609,49.63903,2
127364,5.15634,49.64085,2
127365,5.16545,49.63948,2
127366,5.15851,49.64559,2
127367,5.15306,49.643,2
127368,5.16478,49.63987,2
127369,5.16167,49.63503,2
127370,5.16478,49.63987,2
127371,5.15851,49.64559,2
127372,5.16764,49.63761,2
127373,5.15851,49.64559,2
127374,5.15125,49.64311,2
127375,5.16776,49.63749,2
127376,5.15293,49.64365,2
127377,5.16729,49.63785,2
127378,5.1563,49.63814,2
127379,5.16697,49.63779,2
127380,5.16167,49.63503,2
127381,5.16167,49.63503,2
127382,5.16665,49.63772,2
127383,5.16098,49.63677,2
127384,5.16636,49.63764,2
127385,5.16199,49.63471,2
127386,5.16599,49.63751,2
127387,5.16555,49.63737,2
127388,5.163261,49.633926,2
127389,5.16551,49.63727,2
127390,5.1641,49.63309,2
127391,5.16581,49.63713,2
127392,5.1643,49.63292,2
127393,5.16621,49.63728,2
127394,5.16451,49.63275,2
127395,5.1666,49.63743,2
127396,5.16491,49.63241,2
127397,5.167,49.63754,2
127398,5.16647,49.63675,2
127399,5.16517,49.63222,2
127400,5.16647,49.63675,2
127401,5.16517,49.63222,2
127402,5.16732,49.63733,2
127403,5.16523,49.63217,2
127404,5.16523,49.63217,2
127405,5.16719,49.63725,2
127406,5.16685,49.63738,2
127407,5.16493,49.63259,2
127408,5.16645,49.63723,2
127409,5.16432,49.63309,2
127410,5.16605,49.63708,2
127411,5.16432,49.63309,2
127412,5.16565,49.63697,2
127413,5.16536,49.6372,2
127414,5.16417,49.63322,2
127415,5.16517,49.63722,2
127416,5.1648,49.63705,2
127417,5.16363,49.63364,2
127418,5.16472,49.63699,2
127419,5.1649,49.63686,2
127420,5.16508,49.63673,2
127421,5.16526,49.6366,2
127422,5.16544,49.63647,2
127423,5.16562,49.63634,2
127424,5.1654,49.63632,2
127425,5.16504,49.63658,2
127426,5.16468,49.63685,2
127427,5.16449,49.63691,2
127428,5.16424,49.63679,2
127429,5.16399,49.63667,2
127430,5.16375,49.63655,2
127431,5.16375,49.63647,2
127432,5.16396,49.63632,2
127433,5.16418,49.63622,2
127434,5.16443,49.63633,2
127435,5.16455,49.63624,2
127436,5.16433,49.63614,2
127437,5.16409,49.63607,2
127438,5.1639,49.6362,2
127439,5.16371,49.63633,2
127440,5.16352,49.63646,2
127441,5.16342,49.63639,2
127442,5.15293,49.64365,2
127443,5.16301,49.63618,2
127444,5.16295,49.63605,2
127445,5.16322,49.63583,2
127446,5.16348,49.63561,2
127447,5.16376,49.63539,2
127448,5.16392,49.63538,2
127449,5.16422,49.63554,2
127450,5.16453,49.6357,2
127451,5.16483,49.63587,2
127452,5.16462,49.63284,2
127453,5.16513,49.63603,2
127454,5.16462,49.63284,2
127455,5.16544,49.63619,2
127456,5.16462,49.63284,2
127457,5.16462,49.63284,2
127458,5.16628,49.63665,2
127459,5.16647,49.63675,2
127460,5.16667,49.63686,2
127461,5.16687,49.63696,2
127462,5.16706,49.63707,2
127463,5.16726,49.63718,2
127464,5.16739,49.6371,2
127465,5.16723,49.63701,2
127466,5.16707,49.63692,2
127467,5.16691,49.63684,2
127468,5.16675,49.63675,2
127469,5.16659,49.63666,2
127470,5.16643,49.63658,2
127471,5.16627,49.63649,2
127472,5.1661,49.6364,2
127473,5.16594,49.63632,2
127474,5.16561,49.63614,2
127475,5.16543,49.63604,2
127476,5.16525,49.63594,2
127477,5.16507,49.63584,2
127478,5.16488,49.63575,2
127479,5.1647,49.63565,2
127480,5.16452,49.63555,2
127481,5.16434,49.63545,2
127482,5.16416,49.63535,2
127483,5.16398,49.63526,2
127484,5.1574,49.63789,2
127485,5.15772,49.63762,2
127486,5.15786,49.63752,2
127487,5.15798,49.63744,2
127488,5.1581,49.63736,2
127489,5.15821,49.63728,2
127490,5.15833,49.6372,2
127491,5.15851,49.64559,2
127492,5.15844,49.63712,2
127493,5.15856,49.63704,2
127494,5.15868,49.63696,2
127495,5.15879,49.63688,2
127496,5.15891,49.6368,2
127497,5.159156,49.636754,2
127498,5.15914,49.63664,2
127499,5.16679,49.63843,2
127500,5.15926,49.63657,2
127501,5.15926,49.63657,2
127502,5.15937,49.63649,2
127503,5.15949,49.63641,2
127504,5.1596,49.63633,2
127505,5.15972,49.63625,2
127506,5.15984,49.63617,2
127507,5.15995,49.63609,2
127508,5.16007,49.63601,2
127509,5.16018,49.63593,2
127510,5.1603,49.63585,2
127511,5.16818,49.63729,2
127512,5.16042,49.63577,2
127513,5.16042,49.63577,2
127514,5.16053,49.63569,2
127515,5.16065,49.63561,2
127516,5.16076,49.63553,2
127517,5.16072,49.63551,2
127518,5.16051,49.63539,2
127519,5.16031,49.63526,2
127520,5.1601,49.63514,2
127521,5.15989,49.63501,2
127522,5.15968,49.63489,2
127523,5.15943,49.63492,2
127524,5.1592,49.63502,2
127525,5.15897,49.63513,2
127526,5.15874,49.63523,2
127527,5.1585,49.63534,2
127528,5.15826,49.63543,2
127529,5.15772,49.63553,2
127530,5.15775,49.63541,2
127531,5.16167,49.63503,2
127532,5.15819,49.63532,2
127533,5.149632,49.638953,2
127534,5.15858,49.63516,2
127535,5.16051,49.63539,2
127536,5.15896,49.63499,2
127537,5.15934,49.63482,2
127538,5.15976,49.63478,2
127539,5.16044,49.63518,2
127540,5.16119,49.63396,2
127541,5.16078,49.63539,2
127542,5.15937,49.63489,2
127543,5.16167,49.63503,2
127544,5.16167,49.63503,2
127545,5.16167,49.63503,2
127546,5.16121,49.63523,2
127547,5.16192,49.63438,2
127548,5.16139,49.63415,2
127549,5.16131,49.6341,2
127550,5.16123,49.63405,2
127551,5.16115,49.634,2
127552,5.16107,49.63396,2
127553,5.16099,49.63391,2
127554,5.16091,49.63386,2
127555,5.16119,49.63396,2
127556,5.16119,49.63396,2
127557,5.16241,49.63442,2
127558,5.16272,49.63416,2
127559,5.163327,49.633871,2
127560,5.16305,49.6339,2
127561,5.16277,49.634315,2
127562,5.163261,49.633926,2
127563,5.16334,49.63367,2
127564,5.16334,49.63367,2
127565,5.16334,49.63367,2
127566,5.16334,49.63367,2
127567,5.16334,49.63367,2
127568,5.16334,49.63367,2
127569,5.16334,49.63367,2
127570,5.16334,49.63367,2
127571,5.16334,49.63367,2
127572,5.16334,49.63367,2
127573,5.16334,49.63367,2
127574,5.16334,49.63367,2
127575,5.16334,49.63367,2
127576,5.16334,49.63367,2
127577,5.16334,49.63367,2
127578,5.16334,49.63367,2
127579,5.16355,49.63351,2
127580,5.16359,49.63343,2
127581,5.16338,49.63333,2
127582,5.16318,49.63322,2
127583,5.16298,49.63312,2
127584,5.16278,49.63302,2
127585,5.16258,49.63292,2
127586,5.16238,49.63282,2
127587,5.16219,49.63271,2
127588,5.16236,49.63265,2
127589,5.16268,49.63282,2
127590,5.16299,49.63298,2
127591,5.16331,49.63314,2
127592,5.16091,49.63632,2
127593,5.16091,49.63632,2
127594,5.16331,49.63314,2
127595,5.16363,49.6333,2
127596,5.1639,49.63325,2
127597,5.1639,49.63325,2
127598,5.16471,49.63258,2
127599,5.16471,49.63258,2
127600,5.16491,49.63241,2
127601,5.16491,49.63241,2
127602,5.16491,49.63241,2
127603,5.16491,49.63241,2
127604,5.16517,49.63222,2
127605,5.16517,49.63222,2
127606,5.16517,49.63222,2
127607,5.16523,49.63217,2
127608,5.16523,49.63217,2
127609,5.16523,49.63217,2
127610,5.16508,49.63246,2
127611,5.16477,49.63272,2
127612,5.16477,49.63272,2
127613,5.16462,49.63284,2
127614,5.16447,49.63297,2
127615,5.16432,49.63309,2
127616,5.16432,49.63309,2
127617,5.16417,49.63322,2
127618,5.16417,49.63322,2
127619,5.16417,49.63322,2
127620,5.16417,49.63322,2
127621,5.16417,49.63322,2
127622,5.16417,49.63322,2
127623,5.16417,49.63322,2
127624,5.16417,49.63322,2
127625,5.16402,49.63335,2
127626,5.16402,49.63335,2
127627,5.16375,49.63352,2
127628,5.16363,49.63364,2
127629,5.16348,49.63375,2
127630,5.16333,49.63386,2
127631,5.16591,49.63761,2
127632,5.154,49.64318,2
127633,5.16591,49.63761,2
127634,4.44474,49.5779,2
127635,4.44474,49.5779,2
127636,4.44474,49.5779,2
127637,4.444541,49.578277,2
127638,4.4434,49.5783,2
127639,4.4434,49.5783,2
127640,4.444551,49.58019,2
127641,4.44455,49.580172,2
127642,4.4434,49.5783,2
127643,4.443443,49.579805,2
127644,4.4434,49.5783,2
127645,4.44479,49.57675,2
127646,4.44479,49.57675,2
127647,4.442939,49.579643,2
127648,4.44479,49.57675,2
127649,4.444044,49.578968,2
127650,4.4434,49.5783,2
127651,4.459961,49.589911,2
127652,4.46235,49.58999,2
127653,4.46235,49.58999,2
127654,4.46235,49.58999,2
127655,4.46235,49.58999,2
127656,4.461485,49.590666,2
127657,4.46083,49.58918,2
127658,4.44479,49.57675,2
127659,4.44479,49.57675,2
127660,4.44133,49.57717,2
127661,4.44479,49.57675,2
127662,4.44133,49.57717,2
127663,4.43998,49.57765,2
127664,4.44094,49.57661,2
127665,4.44479,49.57675,2
127666,4.4434,49.5783,2
127667,4.44094,49.57661,2
127668,4.4434,49.5783,2
127669,4.44094,49.57661,2
127670,4.44331,49.57768,2
127671,4.46083,49.58918,2
127672,4.460756,49.58908,2
127673,4.46235,49.58999,2
127674,4.46083,49.58918,2
127675,4.44379,49.57919,2
127676,4.443303,49.579754,2
127677,4.44252,49.57754,2
127678,4.46141,49.590524,2
127679,4.46274,49.58475,2
127680,4.44479,49.57675,2
127681,4.44133,49.57717,2
127682,4.444745,49.576853,2
127683,4.44479,49.57675,2
127684,4.44379,49.57919,2
127685,4.44479,49.57675,2
127686,4.44094,49.57661,2
127687,4.44479,49.57675,2
127688,4.44094,49.57661,2
127689,4.44094,49.57661,2
127690,4.44206,49.57667,2
127691,4.44206,49.57667,2
127692,4.44094,49.57661,2
127693,4.44133,49.57717,2
127694,4.43998,49.57765,2
127695,4.43998,49.57765,2
127696,4.43998,49.57765,2
127697,4.43998,49.57765,2
127698,4.43998,49.57765,2
127699,4.44254,49.5781,2
127700,4.44254,49.5781,2
127701,4.44254,49.5781,2
127702,4.44254,49.5781,2
127703,4.4434,49.5783,2
127704,4.44254,49.5781,2
127705,4.44331,49.57768,2
127706,4.44331,49.57768,2
127707,4.44479,49.57675,2
127708,4.443338,49.577588,2
127709,4.444627,49.578015,2
127710,4.444627,49.578015,2
127711,4.444627,49.578015,2
127712,4.444627,49.578015,2
127713,4.44474,49.5779,2
127714,4.44474,49.5779,2
127715,4.79452,49.40271,2
127716,4.79452,49.40271,2
127717,4.78866,49.40047,2
127718,4.78932,49.40074,2
127719,4.78965,49.40087,2
127720,4.79211,49.40179,2
127721,4.79003,49.40067,2
127722,4.79004,49.40102,2
127723,4.79047,49.4012,2
127724,4.7909,49.40138,2
127725,4.79008,49.4009,2
127726,4.79043,49.40104,2
127727,4.79077,49.40119,2
127728,4.79133,49.40156,2
127729,4.79112,49.40133,2
127730,4.79147,49.40148,2
127731,4.79189,49.40164,2
127732,4.79192,49.40179,2
127733,4.79167,49.4017,2
127734,4.79217,49.40189,2
127735,4.79263,49.40267,2
127736,4.793323,49.400827,2
127737,4.7938,49.400143,2
127738,4.79271,49.40197,2
127739,4.79211,49.40179,2
127740,4.79313,49.40214,2
127741,4.79325,49.40233,2
127742,4.79335,49.40223,2
127743,4.79355,49.40232,2
127744,4.79361,49.40248,2
127745,4.79374,49.4024,2
127746,4.79394,49.40247,2
127747,4.79411,49.40268,2
127748,4.79471,49.40279,2
127749,4.7949,49.40286,2
127750,4.79461,49.40288,2
127751,4.79512,49.40309,2
127752,4.79529,49.40302,2
127753,4.79548,49.4031,2
127754,4.79567,49.40317,2
127755,4.79562,49.40329,2
127756,4.79587,49.40325,2
127757,4.79615,49.40336,2
127758,4.79319,49.40264,2
127759,4.79319,49.40264,2
127760,4.79319,49.40264,2
127761,4.79319,49.40264,2
127762,4.79281,49.40296,2
127763,4.79345,49.40316,2
127764,4.79311,49.40307,2
127765,4.79379,49.40324,2
127766,4.79412,49.40333,2
127767,4.79446,49.40341,2
127768,4.79259,49.40287,2
127769,4.79233,49.40279,2
127770,4.79207,49.4027,2
127771,4.79148,49.40276,2
127772,4.79141,49.40291,2
127773,4.79155,49.40261,2
127774,4.79151,49.40257,2
127775,4.79127,49.40248,2
127776,4.79263,49.4023,2
127777,4.793245,49.400928,2
127778,4.749379,49.395856,2
127779,4.784596,49.400906,2
127780,4.79192,49.40179,2
127781,4.79043,49.40104,2
127782,4.79241,49.40199,2
127783,4.79413,49.40255,2
127784,4.79238,49.40184,2
127785,4.79263,49.4023,2
127786,4.79136,49.40238,2
127787,4.749379,49.395856,2
127788,4.79432,49.40263,2
127789,4.79432,49.40263,2
127790,4.79303,49.40224,2
127791,4.786432,49.389185,2
127792,4.78874,49.38972,2
127793,4.789532,49.390668,2
127794,4.789461,49.390049,2
127795,4.78878,49.38972,2
127796,4.78878,49.38972,2
127797,4.78878,49.38972,2
127798,4.78878,49.38972,2
127799,4.78878,49.38972,2
127800,4.786239,49.390914,2
127801,4.78878,49.38972,2
127802,4.78878,49.38972,2
127803,4.78878,49.38972,2
127804,4.78878,49.38972,2
127805,4.78878,49.38972,2
127806,4.78878,49.38972,2
127807,4.78878,49.38972,2
127808,4.78878,49.38972,2
127809,4.78878,49.38972,2
127810,4.78878,49.38972,2
127811,4.78995,49.3911,2
127812,4.787812,49.389822,2
127813,4.78757,49.3899,2
127814,4.78878,49.38972,2
127815,4.78878,49.38972,2
127816,4.788314,49.389668,2
127817,4.78878,49.38972,2
127818,4.78878,49.38972,2
127819,4.78878,49.38972,2
127820,4.789187,49.389497,2
127821,4.78709,49.39011,2
127822,4.78878,49.38972,2
127823,4.78878,49.38972,2
127824,4.789187,49.389497,2
127825,4.78878,49.38972,2
127826,4.78709,49.39011,2
127827,4.78878,49.38972,2
127828,4.78878,49.38972,2
127829,4.78878,49.38972,2
127830,4.78878,49.38972,2
127831,4.78878,49.38972,2
127832,4.788457,49.389494,2
127833,4.78878,49.38972,2
127834,4.78995,49.3911,2
127835,4.78878,49.38972,2
127836,4.78878,49.38972,2
127837,4.789951,49.391082,2
127838,4.78995,49.3911,2
127839,4.79116,49.39186,2
127840,4.790718,49.391569,2
127841,4.78878,49.38972,2
127842,4.78878,49.38972,2
127843,4.787623,49.389035,2
127844,4.78878,49.38972,2
127845,4.78878,49.38972,2
127846,4.78878,49.38972,2
127847,4.78878,49.38972,2
127848,4.789951,49.391082,2
127849,4.78878,49.38972,2
127850,4.78878,49.38972,2
127851,4.78878,49.38972,2
127852,4.78878,49.38972,2
127853,4.78878,49.38972,2
127854,4.78878,49.38972,2
127855,4.78878,49.38972,2
127856,4.78878,49.38972,2
127857,4.78878,49.38972,2
127858,4.786613,49.390664,2
127859,4.775502,49.393289,2
127860,4.78878,49.38972,2
127861,4.786974,49.389003,2
127862,4.788017,49.389225,2
127863,4.403387,49.61435,2
127864,4.402929,49.614313,2
127865,4.402763,49.614288,2
127866,4.402485,49.614266,2
127867,4.40175,49.614198,2
127868,4.40175,49.614198,2
127869,4.40015,49.61415,2
127870,4.40015,49.61415,2
127871,4.40222,49.61536,2
127872,4.40222,49.61536,2
127873,4.40222,49.61536,2
127874,4.40222,49.61536,2
127875,4.40222,49.61536,2
127876,4.40227,49.61578,2
127877,4.40227,49.61578,2
127878,4.40227,49.61578,2
127879,4.40227,49.61578,2
127880,4.40227,49.61578,2
127881,4.4008,49.6153,2
127882,4.40015,49.61415,2
127883,4.40015,49.61415,2
127884,4.39924,49.61589,2
127885,4.3985,49.61415,2
127886,4.3985,49.61415,2
127887,4.3985,49.61415,2
127888,4.39924,49.61589,2
127889,4.4001,49.61547,2
127890,4.39924,49.61589,2
127891,4.4001,49.61547,2
127892,4.400544,49.615494,2
127893,4.400505,49.615225,2
127894,4.400505,49.615225,2
127895,4.39989,49.61583,2
127896,4.39924,49.61589,2
127897,4.39924,49.61589,2
127898,4.39924,49.61589,2
127899,4.39924,49.61589,2
127900,4.39924,49.61589,2
127901,4.39863,49.61726,2
127902,4.39924,49.61589,2
127903,4.39863,49.61726,2
127904,4.39863,49.61726,2
127905,4.40222,49.61536,2
127906,4.39924,49.61589,2
127907,4.404901,49.614503,2
127908,4.404705,49.614453,2
127909,4.402929,49.614313,2
127910,4.405236,49.614588,2
127911,4.40015,49.61415,2
127912,4.40015,49.61415,2
127913,4.39924,49.61589,2
127914,4.39989,49.61583,2
127915,4.40222,49.61536,2
127916,4.39863,49.61726,2
127917,4.39985,49.61457,2
127918,4.39985,49.61457,2
127919,4.40227,49.61578,2
127920,4.39963,49.61827,2
127921,4.404468,49.614394,2
127922,4.401555,49.614183,2
127923,4.422191,49.600793,2
127924,4.42061,49.60238,2
127925,4.42061,49.60238,2
127926,4.42061,49.60238,2
127927,4.42061,49.60238,2
127928,4.42061,49.60238,2
127929,4.42061,49.60238,2
127930,4.42061,49.60238,2
127931,4.42402,49.59913,2
127932,4.42061,49.60238,2
127933,4.42061,49.60238,2
127934,4.42061,49.60238,2
127935,4.42061,49.60238,2
127936,4.421994,49.601722,2
127937,4.421994,49.601722,2
127938,4.421994,49.601722,2
127939,4.421994,49.601722,2
127940,4.423204,49.601899,2
127941,4.42396,49.60055,2
127942,4.42325,49.6005,2
127943,4.42061,49.60238,2
127944,4.41935,49.60075,2
127945,4.41935,49.60075,2
127946,4.41935,49.60075,2
127947,4.41935,49.60075,2
127948,4.41935,49.60075,2
127949,4.41935,49.60075,2
127950,4.41935,49.60075,2
127951,4.42061,49.60238,2
127952,4.41935,49.60075,2
127953,4.41935,49.60075,2
127954,4.41935,49.60075,2
127955,4.41935,49.60075,2
127956,4.41935,49.60075,2
127957,4.417851,49.588236,2
127958,4.41935,49.60075,2
127959,4.41935,49.60075,2
127960,4.41935,49.60075,2
127961,4.41935,49.60075,2
127962,4.42061,49.60238,2
127963,4.42061,49.60238,2
127964,4.42061,49.60238,2
127965,4.42061,49.60238,2
127966,4.42061,49.60238,2
127967,4.42061,49.60238,2
127968,4.42061,49.60238,2
127969,4.42061,49.60238,2
127970,4.41935,49.60075,2
127971,4.41935,49.60075,2
127972,4.42402,49.59913,2
127973,4.42402,49.59913,2
127974,4.41935,49.60075,2
127975,4.425272,49.590929,2
127976,4.41912,49.58639,2
127977,4.42152,49.60137,2
127978,4.42152,49.60137,2
127979,4.42152,49.60137,2
127980,4.426101,49.595317,2
127981,4.426162,49.595136,2
127982,4.42152,49.60137,2
127983,4.42152,49.60137,2
127984,4.426111,49.595227,2
127985,4.42152,49.60137,2
127986,4.42152,49.60137,2
127987,4.41935,49.59972,2
127988,4.41935,49.60075,2
127989,4.41935,49.59972,2
127990,4.42061,49.60238,2
127991,4.42143,49.59857,2
127992,4.41935,49.59972,2
127993,4.424142,49.598801,2
127994,4.429844,49.597283,2
127995,4.42143,49.59857,2
127996,4.41935,49.60075,2
127997,4.437304,49.583057,2
127998,4.425245,49.591963,2
127999,4.42325,49.58861,2
128000,4.42325,49.58861,2
128001,4.417062,49.588896,2
128002,4.422058,49.588037,2
128003,4.421185,49.588672,2
128004,4.420588,49.587928,2
128005,4.41922,49.58618,2
128006,4.41672,49.586252,2
128007,4.41452,49.585517,2
128008,4.4104,49.58475,2
128009,4.4104,49.58475,2
128010,4.4104,49.58475,2
128011,4.4104,49.58475,2
128012,4.41961,49.58831,2
128013,4.41961,49.58831,2
128014,4.42143,49.59857,2
128015,4.42143,49.59857,2
128016,4.42061,49.60238,2
128017,4.42541,49.59977,2
128018,4.425278,49.599545,2
128019,4.425278,49.599545,2
128020,4.427408,49.599912,2
128021,4.426703,49.600248,2
128022,4.42061,49.60238,2
128023,4.42061,49.60238,2
128024,4.42061,49.60238,2
128025,4.42061,49.60238,2
128026,4.42061,49.60238,2
128027,4.425339,49.591233,2
128028,4.425245,49.591963,2
128029,4.425245,49.591963,2
128030,4.42152,49.60137,2
128031,4.425339,49.591233,2
128032,4.41961,49.58831,2
128033,4.42325,49.58861,2
128034,4.42325,49.58861,2
128035,4.42325,49.58861,2
128036,4.42325,49.58861,2
128037,4.42325,49.58861,2
128038,4.42325,49.58861,2
128039,4.42325,49.58861,2
128040,4.42325,49.58861,2
128041,4.423153,49.588468,2
128042,4.422927,49.588687,2
128043,4.423153,49.588468,2
128044,4.423153,49.588468,2
128045,4.423153,49.588468,2
128046,4.422666,49.588386,2
128047,4.422666,49.588386,2
128048,4.422058,49.588037,2
128049,4.421702,49.587774,2
128050,4.422058,49.588037,2
128051,4.421412,49.587779,2
128052,4.422944,49.589091,2
128053,4.420588,49.587928,2
128054,4.420588,49.587928,2
128055,4.41961,49.58831,2
128056,4.420632,49.588314,2
128057,4.420631,49.588305,2
128058,4.41912,49.58639,2
128059,4.41922,49.58618,2
128060,4.41961,49.58831,2
128061,4.41922,49.58618,2
128062,4.426111,49.595227,2
128063,4.417519,49.586543,2
128064,4.417519,49.586543,2
128065,4.417126,49.586397,2
128066,4.41672,49.586252,2
128067,4.41672,49.586252,2
128068,4.415641,49.585893,2
128069,4.415641,49.585893,2
128070,4.415641,49.585893,2
128071,4.41452,49.585517,2
128072,4.41961,49.58831,2
128073,4.42874,49.5977,2
128074,4.414506,49.585508,2
128075,4.411207,49.584576,2
128076,4.4104,49.58475,2
128077,4.4104,49.58475,2
128078,4.4104,49.58475,2
128079,4.4104,49.58475,2
128080,4.4104,49.58475,2
128081,4.418417,49.58722,2
128082,4.418417,49.58722,2
128083,4.41831,49.587644,2
128084,4.41831,49.587644,2
128085,4.41831,49.587644,2
128086,4.41831,49.587644,2
128087,4.41789,49.588181,2
128088,4.41789,49.588181,2
128089,4.417007,49.588897,2
128090,4.41789,49.588181,2
128091,4.417013,49.591754,2
128092,4.417424,49.592016,2
128093,4.42143,49.59857,2
128094,4.42143,49.59857,2
128095,4.42143,49.59857,2
128096,4.42143,49.59857,2
128097,4.42143,49.59857,2
128098,4.42143,49.59857,2
128099,4.42143,49.59857,2
128100,4.42222,49.59947,2
128101,4.42402,49.59913,2
128102,4.42222,49.59947,2
128103,4.42222,49.59947,2
128104,4.42222,49.59947,2
128105,4.42222,49.59947,2
128106,4.42222,49.59947,2
128107,4.42143,49.59857,2
128108,4.42222,49.59947,2
128109,4.42143,49.59857,2
128110,4.42143,49.59857,2
128111,4.42143,49.59857,2
128112,4.421017,49.59775,2
128113,4.42143,49.59857,2
128114,4.42143,49.59857,2
128115,4.42143,49.59857,2
128116,4.42143,49.59857,2
128117,4.42143,49.59857,2
128118,4.42143,49.59857,2
128119,4.42143,49.59857,2
128120,4.42143,49.59857,2
128121,4.421847,49.599128,2
128122,4.42143,49.59857,2
128123,4.42061,49.60238,2
128124,4.42143,49.59857,2
128125,4.42143,49.59857,2
128126,4.42143,49.59857,2
128127,4.42143,49.59857,2
128128,4.42143,49.59857,2
128129,4.42143,49.59857,2
128130,4.42143,49.59857,2
128131,4.42143,49.59857,2
128132,4.42143,49.59857,2
128133,4.42143,49.59857,2
128134,4.42143,49.59857,2
128135,4.42143,49.59857,2
128136,4.42143,49.59857,2
128137,4.423565,49.599898,2
128138,4.423565,49.599898,2
128139,4.423565,49.599898,2
128140,4.423565,49.599898,2
128141,4.423565,49.599898,2
128142,4.423994,49.599567,2
128143,4.423994,49.599567,2
128144,4.423994,49.599567,2
128145,4.423994,49.599567,2
128146,4.423403,49.598993,2
128147,4.42402,49.59913,2
128148,4.42402,49.59913,2
128149,4.423403,49.598993,2
128150,4.42402,49.59913,2
128151,4.42402,49.59913,2
128152,4.42402,49.59913,2
128153,4.423403,49.598993,2
128154,4.423403,49.598993,2
128155,4.423944,49.599029,2
128156,4.42393,49.599029,2
128157,4.424634,49.598999,2
128158,4.424634,49.598999,2
128159,4.425143,49.598945,2
128160,4.42061,49.60238,2
128161,4.425143,49.598936,2
128162,4.425143,49.598936,2
128163,4.42541,49.59977,2
128164,4.425199,49.598612,2
128165,4.425215,49.598001,2
128166,4.425215,49.598001,2
128167,4.425215,49.598001,2
128168,4.425215,49.598001,2
128169,4.425282,49.597613,2
128170,4.427788,49.597031,2
128171,4.42762,49.597,2
128172,4.42683,49.59683,2
128173,4.42836,49.59725,2
128174,4.42874,49.5977,2
128175,4.428335,49.597237,2
128176,4.429441,49.597227,2
128177,4.42874,49.5977,2
128178,4.42874,49.5977,2
128179,4.426703,49.600248,2
128180,4.429,49.59809,2
128181,4.429,49.59809,2
128182,4.429,49.59809,2
128183,4.42152,49.60137,2
128184,4.427407,49.599203,2
128185,4.427503,49.598859,2
128186,4.427407,49.599203,2
128187,4.427408,49.599912,2
128188,4.427408,49.599912,2
128189,4.428319,49.600543,2
128190,4.426703,49.600248,2
128191,4.42325,49.6005,2
128192,4.42325,49.6005,2
128193,4.42325,49.6005,2
128194,4.42061,49.60238,2
128195,4.42061,49.60238,2
128196,5.16283,49.65656,2
128197,5.16361,49.65511,2
128198,5.16361,49.65511,2
128199,5.16361,49.65511,2
128200,5.16361,49.65511,2
128201,5.16361,49.65511,2
128202,5.16361,49.65511,2
128203,5.16361,49.65511,2
128204,5.16361,49.65511,2
128205,5.16361,49.65511,2
128206,5.16283,49.65656,2
128207,5.16361,49.65511,2
128208,5.16361,49.65511,2
128209,5.16361,49.65511,2
128210,5.16309,49.65487,2
128211,5.16361,49.65511,2
128212,5.16361,49.65511,2
128213,5.16361,49.65511,2
128214,5.16361,49.65511,2
128215,5.16361,49.65511,2
128216,5.16361,49.65511,2
128217,5.16361,49.65511,2
128218,5.16361,49.65511,2
128219,5.16361,49.65511,2
128220,5.16253,49.65368,2
128221,5.16379,49.65518,2
128222,5.16363,49.65497,2
128223,5.16349,49.65481,2
128224,5.16338,49.65474,2
128225,5.16283,49.65564,2
128226,5.16361,49.65511,2
128227,5.16347,49.65501,2
128228,5.16336,49.65489,2
128229,5.16326,49.65482,2
128230,5.16361,49.65511,2
128231,5.16316,49.65474,2
128232,5.16301,49.65486,2
128233,5.16266,49.65503,2
128234,5.16309,49.65487,2
128235,5.16158,49.65432,2
128236,5.16158,49.65432,2
128237,5.16158,49.65432,2
128238,5.16301,49.65486,2
128239,5.161867,49.655248,2
128240,5.16311,49.65468,2
128241,5.16305,49.65461,2
128242,5.163,49.65455,2
128243,5.16361,49.65511,2
128244,5.16285,49.65402,2
128245,5.16253,49.65384,2
128246,5.16361,49.65511,2
128247,5.16253,49.65368,2
128248,5.16228,49.65279,2
128249,5.16239,49.6531,2
128250,5.16304,49.65432,2
128251,5.16301,49.65486,2
128252,5.16304,49.65432,2
128253,5.16361,49.65511,2
128254,5.16361,49.65511,2
128255,5.16361,49.65511,2
128256,5.16361,49.65511,2
128257,5.16361,49.65511,2
128258,5.16366,49.65489,2
128259,5.16392,49.65479,2
128260,5.1637,49.65474,2
128261,5.16504,49.65354,2
128262,5.16504,49.65354,2
128263,5.16528,49.65224,2
128264,5.16504,49.65354,2
128265,5.16504,49.65354,2
128266,5.16504,49.65354,2
128267,5.16504,49.65354,2
128268,5.16504,49.65354,2
128269,5.16504,49.65354,2
128270,5.16504,49.65354,2
128271,5.16451,49.65036,2
128272,5.16461,49.64977,2
128273,5.16534,49.65298,2
128274,5.16437,49.64932,2
128275,5.1648,49.65138,2
128276,5.16492,49.65172,2
128277,5.16504,49.65206,2
128278,5.16515,49.6524,2
128279,5.16528,49.65273,2
128280,5.16364,49.65543,2
128281,5.16283,49.65564,2
128282,5.16196,49.65588,2
128283,5.1625,49.65583,2
128284,5.16283,49.65564,2
128285,5.16291,49.65555,2
128286,5.16315,49.65547,2
128287,5.16243,49.65572,2
128288,5.16267,49.65563,2
128289,5.1622,49.6558,2
128290,5.16196,49.65588,2
128291,5.16172,49.65534,2
128292,5.16301,49.65486,2
128293,5.161883,49.656533,2
128294,5.16207,49.65654,2
128295,5.16191,49.65664,2
128296,5.16191,49.65681,2
128297,5.16191,49.65681,2
128298,5.16191,49.65681,2
128299,5.162036,49.656799,2
128300,5.16191,49.65681,2
128301,5.16189,49.65698,2
128302,5.16192,49.65637,2
128303,5.164768,49.663376,2
128304,5.164768,49.663376,2
128305,5.16534,49.65298,2
128306,5.16504,49.65206,2
128307,5.16534,49.65298,2
128308,5.16361,49.65511,2
128309,5.16361,49.65511,2
128310,5.16528,49.65224,2
128311,5.17001,49.65872,2
128312,5.16361,49.65511,2
128313,5.16361,49.65511,2
128314,5.158439,49.652569,2
128315,5.16253,49.65368,2
128316,5.16486,49.65101,2
128317,5.16158,49.65432,2
128318,5.16192,49.65637,2
128319,5.161718,49.655297,2
128320,4.73346,49.74198,2
128321,4.73276,49.75526,2
128322,4.73229,49.75357,2
128323,4.73005,49.75337,2
128324,4.73284,49.73613,2
128325,4.72999,49.75326,2
128326,4.72999,49.75326,2
128327,4.72771,49.75,2
128328,4.73155,49.75206,2
128329,4.73155,49.75206,2
128330,4.7354,49.74575,2
128331,4.7354,49.74575,2
128332,4.73476,49.74502,2
128333,4.73346,49.74198,2
128334,4.73339,49.73687,2
128335,4.732313,49.73564,2
128336,4.7354,49.74575,2
128337,4.73285,49.75223,2
128338,4.73167,49.75295,2
128339,4.73285,49.75223,2
128340,4.73285,49.75223,2
128341,4.73264,49.75206,2
128342,4.72991,49.75276,2
128343,4.72652,49.75379,2
128344,4.73054,49.75216,2
128345,4.73147,49.75207,2
128346,4.7354,49.74575,2
128347,4.73098,49.75224,2
128348,4.7354,49.74575,2
128349,4.734,49.73771,2
128350,4.73351,49.73705,2
128351,4.73261,49.73555,2
128352,4.73515,49.73881,2
128353,4.72999,49.75326,2
128354,4.631,49.93699,2
128355,4.62896,49.93855,2
128356,4.62898,49.93836,2
128357,4.20547,49.61754,2
128358,4.20166,49.61099,2
128359,4.207145,49.627847,2
128360,4.205254,49.615111,2
128361,4.20547,49.61754,2
128362,4.20213,49.61222,2
128363,4.20166,49.61099,2
128364,4.19206,49.63489,2
128365,4.19206,49.63489,2
128366,4.175861,49.641245,2
128367,4.201706,49.611069,2
128368,4.20166,49.61099,2
128369,4.19169,49.63456,2
128370,4.19206,49.63489,2
128371,4.20166,49.61099,2
128372,4.20166,49.61099,2
128373,4.80698,49.87041,2
128374,4.81953,49.88844,2
128375,4.80535,49.87375,2
128376,4.80483,49.87239,2
128377,4.80678,49.88901,2
128378,4.80554,49.88892,2
128379,4.82109,49.88516,2
128380,4.80547,49.88928,2
128381,4.80567,49.86681,2
128382,4.80526,49.86389,2
128383,4.80526,49.86389,2
128384,4.80569,49.8892,2
128385,4.80586,49.87403,2
128386,4.80483,49.87239,2
128387,4.805,49.87311,2
128388,4.80357,49.8744,2
128389,4.80586,49.87403,2
128390,4.80586,49.87426,2
128391,4.80357,49.8744,2
128392,4.80357,49.8744,2
128393,4.80438,49.86256,2
128394,4.80539,49.87381,2
128395,4.80578,49.87406,2
128396,4.80586,49.87403,2
128397,4.80928,49.87568,2
128398,4.80755,49.87579,2
128399,4.81953,49.88844,2
128400,4.80893,49.8732,2
128401,4.80778,49.87278,2
128402,4.80724,49.87269,2
128403,4.808505,49.872622,2
128404,4.8035,49.8668,2
128405,4.80569,49.86857,2
128406,4.80669,49.88956,2
128407,4.80424,49.86275,2
128408,4.80424,49.86275,2
128409,4.80669,49.88956,2
128410,4.80669,49.88956,2
128411,4.81953,49.88844,2
128412,4.820909,49.885538,2
128413,4.82111,49.88538,2
128414,4.82109,49.88516,2
128415,4.80893,49.8732,2
128416,4.80764,49.87183,2
128417,4.80764,49.87183,2
128418,5.16334,49.63367,2
128419,5.16794,49.63231,2
128420,5.15872,49.63956,2
128421,5.15872,49.63956,2
128422,5.154549,49.640789,2
128423,5.16167,49.63503,2
128424,5.16167,49.63503,2
128425,5.16495,49.63718,2
128426,5.16167,49.63601,2
128427,5.16167,49.63503,2
128428,5.16167,49.63503,2
128429,5.16063,49.63715,2
128430,5.16451,49.63275,2
128431,4.44331,49.57768,2
128432,4.4434,49.5783,2
128433,4.4434,49.5783,2
128434,4.46083,49.58918,2
128435,4.792523,49.401958,2
128436,4.79372,49.400199,2
128437,4.784144,49.400969,2
128438,4.797794,49.398723,2
128439,4.79282,49.40214,2
128440,4.79064,49.4012,2
128441,4.792403,49.402041,2
128442,4.785795,49.390834,2
128443,4.788881,49.390007,2
128444,4.78874,49.38972,2
128445,4.788468,49.390294,2
128446,4.78878,49.38972,2
128447,4.412052,49.63738,2
128448,4.412025,49.637381,2
128449,4.412025,49.637381,2
128450,4.3985,49.61415,2
128451,4.4001,49.61547,2
128452,4.399847,49.614329,2
128453,4.4001,49.61547,2
128454,4.400505,49.615225,2
128455,4.4001,49.61547,2
128456,4.39993,49.61452,2
128457,4.41935,49.59972,2
128458,4.4104,49.58475,2
128459,4.419219,49.610278,2
128460,4.41961,49.58831,2
128461,4.41935,49.59972,2
128462,4.4104,49.58475,2
128463,4.422927,49.588687,2
128464,4.421412,49.587779,2
128465,4.411207,49.584576,2
128466,4.42143,49.59857,2
128467,4.423565,49.599898,2
128468,4.42393,49.599029,2
128469,4.425278,49.599545,2
128470,4.42152,49.60137,2
128471,4.42393,49.599029,2
128472,4.423971,49.59901,2
128473,4.427985,49.597108,2
128474,4.41935,49.60075,2
128475,4.41935,49.60075,2
128476,4.41935,49.60075,2
128477,4.41935,49.60075,2
128478,4.42061,49.60238,2
128479,5.16534,49.65298,2
128480,5.143099,49.653259,2
128481,5.16283,49.65656,2
128482,5.16361,49.65511,2
128483,5.163893,49.65583,2
128484,5.16361,49.65511,2
128485,5.16301,49.65486,2
128486,5.16534,49.65298,2
128487,5.162106,49.656806,2
128488,5.170295,49.666662,2
128489,5.164768,49.663376,2
