"ID","Longitude","Latitude","ServiceTime (min)"
7347,4.72636,49.75167,2
7348,4.72636,49.75167,2
7349,4.72636,49.75167,2
7350,4.72698,49.75186,2
7351,4.72698,49.75186,2
7352,4.72698,49.75186,2
7353,4.72681,49.75179,2
7354,4.72665,49.75173,2
7355,4.72665,49.75173,2
7356,4.72649,49.75167,2
7357,4.72649,49.75167,2
7358,4.72633,49.75161,2
7359,4.72633,49.75161,2
7360,4.72617,49.75155,2
7361,4.72601,49.75149,2
7362,4.72601,49.75149,2
7363,4.72601,49.75149,2
7364,4.72601,49.75149,2
7365,4.72588,49.75144,2
7366,4.72567,49.75136,2
7367,4.72556,49.75132,2
7368,4.72556,49.75132,2
7369,4.72524,49.75121,2
7370,4.72524,49.75121,2
7371,4.72514,49.75118,2
7372,4.72514,49.75118,2
7373,4.72514,49.75118,2
7374,4.72503,49.75114,2
7375,4.72497,49.75108,2
7376,4.72533,49.75087,2
7377,4.72533,49.75087,2
7378,4.72511,49.75115,2
7379,4.72534,49.75103,2
7380,4.72556,49.7509,2
7381,4.72579,49.75077,2
7382,4.72551,49.75077,2
7383,4.7257,49.75067,2
7384,4.72563,49.7504,2
7385,4.72552,49.75031,2
7386,4.72541,49.75022,2
7387,4.7253,49.75012,2
7388,4.72514,49.75007,2
7389,4.72496,49.75005,2
7390,4.72478,49.75003,2
7391,4.72478,49.75003,2
7392,4.72477,49.75015,2
7393,4.72518,49.75021,2
7394,4.72531,49.75032,2
7395,4.72544,49.75043,2
7396,4.72558,49.75054,2
7397,4.72558,49.75054,2
7398,4.72558,49.75054,2
7399,4.72558,49.75054,2
7400,4.72558,49.75054,2
7401,4.72558,49.75054,2
7402,4.72558,49.75054,2
7403,4.72575,49.75049,2
7404,4.72586,49.75059,2
7405,4.72586,49.75059,2
7406,4.72586,49.75059,2
7407,4.72586,49.75059,2
7408,4.72586,49.75059,2
7409,4.72586,49.75059,2
7410,4.72586,49.75059,2
7411,4.72586,49.75059,2
7412,4.72603,49.75092,2
7413,4.72613,49.75101,2
7414,4.7263,49.75121,2
7415,4.72611,49.75131,2
7416,4.72642,49.75108,2
7417,4.72622,49.7509,2
7418,4.72622,49.7509,2
7419,4.72622,49.7509,2
7420,4.72585,49.75059,2
7421,4.72597,49.75053,2
7422,4.72597,49.75053,2
7423,4.72609,49.75047,2
7424,4.72621,49.75041,2
7425,4.7263,49.75034,2
7426,4.72599,49.7501,2
7427,4.72584,49.74998,2
7428,4.72553,49.74975,2
7429,4.72537,49.74963,2
7430,4.72514,49.74966,2
7431,4.7249,49.7497,2
7432,4.72509,49.74955,2
7433,4.72532,49.74951,2
7434,4.72552,49.74955,2
7435,4.72568,49.74967,2
7436,4.72583,49.74979,2
7437,4.72598,49.7499,2
7438,4.72614,49.75002,2
7439,4.72629,49.75014,2
7440,4.72644,49.75026,2
7441,4.72633,49.75035,2
7442,4.72707,49.75098,2
7443,4.72707,49.75098,2
7444,4.72734,49.75087,2
7445,4.72734,49.75087,2
7446,4.7268,49.75106,2
7447,4.72709,49.75079,2
7448,4.7266,49.75039,2
7449,4.72687,49.75079,2
7450,4.72687,49.75079,2
7451,4.72654,49.75053,2
7452,4.72654,49.75053,2
7453,4.72658,49.75036,2
7454,4.72673,49.75028,2
7455,4.72688,49.75021,2
7456,4.72703,49.75013,2
7457,4.72718,49.75005,2
7458,4.72718,49.75005,2
7459,4.72732,49.74997,2
7460,4.7265,49.75026,2
7461,4.7267,49.75015,2
7462,4.72691,49.75004,2
7463,4.72712,49.74992,2
7464,4.72733,49.74981,2
7465,4.72733,49.74981,2
7466,4.72673,49.75028,2
7467,4.72733,49.74981,2
7468,4.72733,49.74981,2
7469,4.72758,49.75173,2
7470,4.72758,49.75173,2
7471,4.72758,49.75173,2
7472,4.72758,49.75173,2
7473,4.72758,49.75173,2
7474,4.72758,49.75173,2
7475,4.72673,49.75028,2
7476,4.72758,49.75173,2
7477,4.72758,49.75173,2
7478,4.72758,49.75173,2
7479,4.72758,49.75173,2
7480,4.72758,49.75173,2
7481,4.72758,49.75173,2
7482,4.72691,49.75105,2
7483,4.72691,49.75105,2
7484,4.72691,49.75105,2
7485,4.72734,49.75087,2
7486,4.72691,49.75105,2
7487,4.72691,49.75105,2
7488,4.72691,49.75105,2
7489,4.72691,49.75105,2
7490,4.72691,49.75105,2
7491,4.72691,49.75105,2
7492,4.72691,49.75105,2
7493,4.72758,49.75173,2
7494,4.72691,49.75105,2
7495,4.72691,49.75105,2
7496,4.72675,49.75113,2
7497,4.72691,49.75105,2
7498,4.72659,49.75121,2
7499,4.72033,49.74905,2
7500,4.72691,49.75105,2
7501,4.72033,49.74905,2
7502,4.7202,49.74905,2
7503,4.72675,49.75113,2
7504,4.7202,49.74905,2
7505,4.71999,49.74905,2
7506,4.72675,49.75113,2
7507,4.71943,49.74903,2
7508,4.72675,49.75113,2
7509,4.71903,49.74746,2
7510,4.72675,49.75113,2
7511,4.71903,49.74746,2
7512,4.71899,49.7478,2
7513,4.72675,49.75113,2
7514,4.72675,49.75113,2
7515,4.72675,49.75113,2
7516,4.72675,49.75113,2
7517,4.72675,49.75113,2
7518,4.72675,49.75113,2
7519,4.72675,49.75113,2
7520,4.72675,49.75113,2
7521,4.72659,49.75121,2
7522,4.72659,49.75121,2
7523,4.72659,49.75121,2
7524,4.72659,49.75121,2
7525,4.72659,49.75121,2
7526,4.72659,49.75121,2
7527,4.72659,49.75121,2
7528,4.72659,49.75121,2
7529,4.72659,49.75121,2
7530,4.72033,49.74905,2
7531,4.72033,49.74905,2
7532,4.72033,49.74905,2
7533,4.72033,49.74905,2
7534,4.72033,49.74905,2
7535,4.72033,49.74905,2
7536,4.72033,49.74905,2
7537,4.7202,49.74905,2
7538,4.7202,49.74905,2
7539,4.7202,49.74905,2
7540,4.7202,49.74905,2
7541,4.7202,49.74905,2
7542,4.7202,49.74905,2
7543,4.7202,49.74905,2
7544,4.71999,49.74905,2
7545,4.71999,49.74905,2
7546,4.71999,49.74905,2
7547,4.71999,49.74905,2
7548,4.71999,49.74905,2
7549,4.71999,49.74905,2
7550,4.71999,49.74905,2
7551,4.71999,49.74905,2
7552,4.71971,49.74904,2
7553,4.71971,49.74904,2
7554,4.71971,49.74904,2
7555,4.71971,49.74904,2
7556,4.71971,49.74904,2
7557,4.71971,49.74904,2
7558,4.71971,49.74904,2
7559,4.71943,49.74903,2
7560,4.71943,49.74903,2
7561,4.71943,49.74903,2
7562,4.71943,49.74903,2
7563,4.71943,49.74903,2
7564,4.71943,49.74903,2
7565,4.71943,49.74903,2
7566,4.71943,49.74903,2
7567,4.71915,49.74902,2
7568,4.71915,49.74902,2
7569,4.71915,49.74902,2
7570,4.71915,49.74902,2
7571,4.71915,49.74902,2
7572,4.71915,49.74902,2
7573,4.71915,49.74902,2
7574,4.71986,49.74893,2
7575,4.7193,49.74891,2
7576,4.7191,49.74891,2
7577,4.71911,49.7488,2
7578,4.72551,49.75077,2
7579,4.71911,49.74869,2
7580,4.72551,49.75077,2
7581,4.71912,49.74857,2
7582,4.71913,49.74846,2
7583,4.71913,49.74835,2
7584,4.71914,49.74824,2
7585,4.71914,49.74813,2
7586,4.71928,49.74813,2
7587,4.71973,49.74815,2
7588,4.71985,49.74803,2
7589,4.71963,49.74803,2
7590,4.7194,49.74802,2
7591,4.71917,49.74801,2
7592,4.71917,49.74801,2
7593,4.71915,49.748,2
7594,4.71917,49.74786,2
7595,4.71918,49.74771,2
7596,4.71919,49.74757,2
7597,4.71921,49.74742,2
7598,4.71922,49.74728,2
7599,4.71938,49.74725,2
7600,4.71986,49.74724,2
7601,4.71985,49.74712,2
7602,4.71937,49.74714,2
7603,4.71923,49.74713,2
7604,4.71924,49.74687,2
7605,4.71925,49.74674,2
7606,4.71926,49.74662,2
7607,4.719227,49.746571,2
7608,4.71927,49.74636,2
7609,4.71928,49.74623,2
7610,4.71929,49.7461,2
7611,4.7193,49.74597,2
7612,4.71893,49.74569,2
7613,4.71931,49.74585,2
7614,4.71918,49.74639,2
7615,4.71918,49.74639,2
7616,4.71915,49.74575,2
7617,4.71913,49.74586,2
7618,4.71912,49.74598,2
7619,4.71912,49.74609,2
7620,4.71911,49.7462,2
7621,4.7191,49.74632,2
7622,4.71909,49.74643,2
7623,4.71909,49.74655,2
7624,4.719227,49.746571,2
7625,4.719227,49.746571,2
7626,4.71906,49.74689,2
7627,4.71906,49.747,2
7628,4.71904,49.74728,2
7629,4.71904,49.74728,2
7630,4.71904,49.74728,2
7631,4.71904,49.74728,2
7632,4.71904,49.74728,2
7633,4.71904,49.74728,2
7634,4.71904,49.74728,2
7635,4.71904,49.74728,2
7636,4.71904,49.74728,2
7637,4.71904,49.74728,2
7638,4.71903,49.74746,2
7639,4.72537,49.74963,2
7640,4.71903,49.74746,2
7641,4.72698,49.75186,2
7642,4.72537,49.74963,2
7643,4.72558,49.75054,2
7644,4.71903,49.74746,2
7645,4.72586,49.75059,2
7646,4.71903,49.74746,2
7647,4.72693,49.75066,2
7648,4.71903,49.74746,2
7649,4.72673,49.75028,2
7650,4.71903,49.74746,2
7651,4.71894,49.74851,2
7652,4.71903,49.74746,2
7653,4.71903,49.74746,2
7654,4.71903,49.74746,2
7655,4.71903,49.74746,2
7656,4.71901,49.74763,2
7657,4.71901,49.74763,2
7658,4.71901,49.74763,2
7659,4.71901,49.74763,2
7660,4.71901,49.74763,2
7661,4.71901,49.74763,2
7662,4.71901,49.74763,2
7663,4.71901,49.74763,2
7664,4.71901,49.74763,2
7665,4.71901,49.74763,2
7666,4.71899,49.7478,2
7667,4.71899,49.7478,2
7668,4.71899,49.7478,2
7669,4.71899,49.7478,2
7670,4.71899,49.7478,2
7671,4.71899,49.7478,2
7672,4.71899,49.7478,2
7673,4.71899,49.7478,2
7674,4.71899,49.7478,2
7675,4.71899,49.7478,2
7676,4.71897,49.74798,2
7677,4.71897,49.74798,2
7678,4.71897,49.74798,2
7679,4.71897,49.74798,2
7680,4.71897,49.74798,2
7681,4.71897,49.74798,2
7682,4.71897,49.74798,2
7683,4.71897,49.74798,2
7684,4.71897,49.74798,2
7685,4.71897,49.74798,2
7686,4.71894,49.74851,2
7687,4.71894,49.74851,2
7688,4.71894,49.74851,2
7689,4.71894,49.74851,2
7690,4.71894,49.74851,2
7691,4.72533,49.74899,2
7692,4.72505,49.74897,2
7693,4.72491,49.74897,2
7694,4.72491,49.74897,2
7695,4.72491,49.74897,2
7696,4.72491,49.74897,2
7697,4.72501,49.74755,2
7698,4.72501,49.74755,2
7699,4.72501,49.74755,2
7700,4.72503,49.74744,2
7701,4.72505,49.74737,2
7702,4.72507,49.74731,2
7703,4.72505,49.74737,2
7704,4.72507,49.74731,2
7705,4.72509,49.74724,2
7706,4.72509,49.74724,2
7707,4.72509,49.74724,2
7708,4.72511,49.74718,2
7709,4.72503,49.74744,2
7710,4.72515,49.74705,2
7711,4.72515,49.74705,2
7712,4.72515,49.74705,2
7713,4.72515,49.74705,2
7714,4.72515,49.74705,2
7715,4.72515,49.74705,2
7716,4.72517,49.74699,2
7717,4.72519,49.74692,2
7718,4.72521,49.74686,2
7719,4.72523,49.74679,2
7720,4.72525,49.74673,2
7721,4.72527,49.74666,2
7722,4.72532,49.74655,2
7723,4.72538,49.74641,2
7724,4.72545,49.74627,2
7725,4.72571,49.74566,2
7726,4.72586,49.74527,2
7727,4.72594,49.74508,2
7728,4.72594,49.74508,2
7729,4.72594,49.74508,2
7730,4.726,49.74493,2
7731,4.72604,49.74483,2
7732,4.72608,49.74473,2
7733,4.72613,49.74464,2
7734,4.72621,49.74443,2
7735,4.72633,49.74412,2
7736,4.72644,49.7438,2
7737,4.72656,49.74349,2
7738,4.72656,49.74218,2
7739,4.72498,49.74812,2
7740,4.72498,49.74812,2
7741,4.72656,49.74218,2
7742,4.72498,49.74812,2
7743,4.72498,49.74812,2
7744,4.72498,49.74812,2
7745,4.72636,49.73619,2
7746,4.72636,49.73619,2
7747,4.72514,49.74039,2
7748,4.72498,49.74812,2
7749,4.72529,49.74058,2
7750,4.72543,49.74076,2
7751,4.72537,49.74055,2
7752,4.72545,49.74052,2
7753,4.72544,49.74671,2
7754,4.72701,49.74268,2
7755,4.72544,49.74671,2
7756,4.72544,49.74671,2
7757,4.72656,49.74399,2
7758,4.72544,49.74671,2
7759,4.7264,49.74441,2
7760,4.7264,49.74441,2
7761,4.72629,49.74468,2
7762,4.72623,49.74481,2
7763,4.72618,49.74494,2
7764,4.72544,49.74671,2
7765,4.72618,49.74494,2
7766,4.7261,49.74514,2
7767,4.72489,49.74934,2
7768,4.72606,49.74523,2
7769,4.72489,49.74934,2
7770,4.72489,49.74934,2
7771,4.72603,49.74531,2
7772,4.72603,49.74531,2
7773,4.726,49.7454,2
7774,4.72596,49.74549,2
7775,4.72593,49.74557,2
7776,4.72593,49.74557,2
7777,4.72575,49.74601,2
7778,4.72568,49.74615,2
7779,4.72562,49.7463,2
7780,4.72555,49.74644,2
7781,4.7262,49.74661,2
7782,4.72549,49.74659,2
7783,4.7262,49.74661,2
7784,4.7262,49.74661,2
7785,4.72544,49.74671,2
7786,4.7262,49.74661,2
7787,4.72544,49.74671,2
7788,4.72544,49.74671,2
7789,4.72544,49.74671,2
7790,4.72541,49.74681,2
7791,4.72541,49.74681,2
7792,4.72538,49.74692,2
7793,4.72534,49.74702,2
7794,4.72531,49.74713,2
7795,4.72531,49.74713,2
7796,4.72531,49.74713,2
7797,4.72528,49.74723,2
7798,4.72528,49.74723,2
7799,4.72521,49.74744,2
7800,4.72575,49.74601,2
7801,4.72521,49.74744,2
7802,4.72544,49.74671,2
7803,4.72519,49.74754,2
7804,4.72516,49.74773,2
7805,4.72516,49.74773,2
7806,4.72516,49.74773,2
7807,4.72944,49.74126,2
7808,4.72516,49.74773,2
7809,4.72944,49.74126,2
7810,4.72944,49.74126,2
7811,4.72514,49.74783,2
7812,4.72512,49.74793,2
7813,4.72297,49.73589,2
7814,4.72511,49.74803,2
7815,4.72944,49.74126,2
7816,4.72509,49.74813,2
7817,4.72509,49.74813,2
7818,4.72509,49.74813,2
7819,4.72509,49.74813,2
7820,4.72509,49.74813,2
7821,4.72334,49.75198,2
7822,4.72341,49.75191,2
7823,4.72371,49.75154,2
7824,4.72377,49.75147,2
7825,4.72383,49.7514,2
7826,4.72389,49.75133,2
7827,4.72395,49.75125,2
7828,4.72401,49.75118,2
7829,4.72401,49.75118,2
7830,4.72401,49.75118,2
7831,4.72406,49.75111,2
7832,4.72475,49.75013,2
7833,4.72475,49.75013,2
7834,4.72406,49.75111,2
7835,4.72406,49.75111,2
7836,4.72412,49.75103,2
7837,4.72412,49.75103,2
7838,4.72447,49.75051,2
7839,4.72449,49.75041,2
7840,4.72458,49.75012,2
7841,4.72462,49.74992,2
7842,4.72489,49.74934,2
7843,4.72463,49.74986,2
7844,4.72464,49.7498,2
7845,4.72466,49.74974,2
7846,4.72466,49.74974,2
7847,4.72467,49.74968,2
7848,4.72467,49.74968,2
7849,4.72468,49.74962,2
7850,4.72349,49.75205,2
7851,4.72469,49.74954,2
7852,4.72469,49.74954,2
7853,4.72462,49.74992,2
7854,4.72469,49.74954,2
7855,4.72469,49.74954,2
7856,4.7247,49.74947,2
7857,4.72471,49.74932,2
7858,4.7247,49.74939,2
7859,4.72472,49.74924,2
7860,4.72473,49.74917,2
7861,4.72474,49.74909,2
7862,4.72493,49.74896,2
7863,4.72491,49.74915,2
7864,4.7249,49.74924,2
7865,4.7249,49.74924,2
7866,4.72489,49.74934,2
7867,4.72489,49.74934,2
7868,4.72489,49.74934,2
7869,4.72488,49.74943,2
7870,4.73099,49.7421,2
7871,4.72487,49.74952,2
7872,4.72486,49.74962,2
7873,4.72484,49.74972,2
7874,4.72484,49.74972,2
7875,4.72482,49.74983,2
7876,4.72482,49.74983,2
7877,4.7248,49.74993,2
7878,4.7248,49.74993,2
7879,4.7248,49.74993,2
7880,4.7248,49.74993,2
7881,4.7248,49.74993,2
7882,4.7248,49.74993,2
7883,4.72478,49.75004,2
7884,4.72478,49.75004,2
7885,4.72478,49.75004,2
7886,4.72475,49.75013,2
7887,4.72473,49.75021,2
7888,4.72473,49.75021,2
7889,4.72473,49.75021,2
7890,4.72473,49.75021,2
7891,4.72473,49.75021,2
7892,4.72473,49.75021,2
7893,4.72471,49.75028,2
7894,4.72471,49.75028,2
7895,4.72469,49.75036,2
7896,4.72467,49.75043,2
7897,4.72465,49.75051,2
7898,4.72463,49.75059,2
7899,4.7246,49.75066,2
7900,4.72621,49.74443,2
7901,4.726171,49.73648,2
7902,4.7246,49.75066,2
7903,4.7246,49.75066,2
7904,4.7246,49.75066,2
7905,4.72451,49.75081,2
7906,4.72445,49.75087,2
7907,4.72473,49.75021,2
7908,4.72636,49.75167,2
7909,4.72433,49.75102,2
7910,4.72408,49.75133,2
7911,4.72408,49.75133,2
7912,4.724,49.75144,2
7913,4.724,49.75144,2
7914,4.72391,49.75154,2
7915,4.72383,49.75164,2
7916,4.72375,49.75174,2
7917,4.72366,49.75185,2
7918,4.72349,49.75205,2
7919,4.72341,49.75215,2
7920,4.72324,49.75236,2
7921,4.72316,49.75246,2
7922,4.72307,49.75257,2
7923,4.72307,49.75257,2
7924,4.72307,49.75257,2
7925,4.72307,49.75257,2
7926,4.7229,49.75279,2
7927,4.72283,49.75288,2
7928,4.72277,49.75295,2
7929,4.72277,49.75295,2
7930,4.72277,49.75295,2
7931,4.72277,49.75295,2
7932,4.72277,49.75295,2
7933,4.72272,49.75301,2
7934,4.72272,49.75301,2
7935,4.72272,49.75301,2
7936,4.72267,49.75308,2
7937,4.72267,49.75308,2
7938,4.72261,49.75315,2
7939,4.72261,49.75315,2
7940,4.73099,49.7421,2
7941,4.72261,49.75315,2
7942,4.72261,49.75315,2
7943,4.72256,49.75321,2
7944,4.7225,49.75328,2
7945,4.7225,49.75328,2
7946,4.7225,49.75328,2
7947,4.7225,49.75328,2
7948,4.7225,49.75328,2
7949,4.7225,49.75328,2
7950,4.7225,49.75328,2
7951,4.7225,49.75328,2
7952,4.7225,49.75328,2
7953,4.7225,49.75328,2
7954,4.7225,49.75328,2
7955,4.7225,49.75328,2
7956,4.7225,49.75328,2
7957,4.7225,49.75328,2
7958,4.7225,49.75328,2
7959,4.7225,49.75328,2
7960,4.72245,49.75335,2
7961,4.72239,49.75341,2
7962,4.72239,49.75341,2
7963,4.72239,49.75341,2
7964,4.72461,49.74998,2
7965,4.72234,49.75348,2
7966,4.72234,49.75348,2
7967,4.72223,49.75361,2
7968,4.72217,49.75368,2
7969,4.72212,49.75375,2
7970,4.72206,49.75382,2
7971,4.72206,49.75382,2
7972,4.72201,49.75388,2
7973,4.72195,49.75395,2
7974,4.7219,49.75402,2
7975,4.72621,49.74443,2
7976,4.72544,49.74671,2
7977,4.73099,49.7421,2
7978,4.73099,49.7421,2
7979,4.73099,49.7421,2
7980,4.72491,49.74897,2
7981,4.72501,49.74755,2
7982,4.72509,49.74724,2
7983,4.72509,49.74724,2
7984,4.72509,49.74724,2
7985,4.72416,49.74703,2
7986,4.72515,49.74705,2
7987,4.73099,49.7421,2
7988,4.73099,49.7421,2
7989,4.73099,49.7421,2
7990,4.72621,49.74443,2
7991,4.73099,49.7421,2
7992,4.73099,49.7421,2
7993,4.72621,49.74443,2
7994,4.73099,49.7421,2
7995,4.72621,49.74443,2
7996,4.73099,49.7421,2
7997,4.73099,49.7421,2
7998,4.73099,49.7421,2
7999,4.73099,49.7421,2
8000,4.73099,49.7421,2
8001,4.73099,49.7421,2
8002,4.73099,49.7421,2
8003,4.73099,49.7421,2
8004,4.73099,49.7421,2
8005,4.73099,49.7421,2
8006,4.72498,49.74812,2
8007,4.72537,49.74055,2
8008,4.72636,49.73619,2
8009,4.72305,49.73627,2
8010,4.72537,49.74055,2
8011,4.72537,49.74055,2
8012,4.72581,49.74586,2
8013,4.72575,49.74601,2
8014,4.72575,49.74601,2
8015,4.72575,49.74601,2
8016,4.72575,49.74601,2
8017,4.72575,49.74601,2
8018,4.72575,49.74601,2
8019,4.72541,49.73491,2
8020,4.72498,49.74812,2
8021,4.72498,49.74812,2
8022,4.72575,49.74601,2
8023,4.72538,49.74641,2
8024,4.72575,49.74601,2
8025,4.7262,49.74661,2
8026,4.72541,49.74681,2
8027,4.72493,49.74885,2
8028,4.72493,49.74885,2
8029,4.72541,49.74681,2
8030,4.72507,49.74886,2
8031,4.72535,49.74887,2
8032,4.72516,49.74773,2
8033,4.72509,49.74813,2
8034,4.72549,49.74888,2
8035,4.72341,49.75191,2
8036,4.72359,49.75169,2
8037,4.72563,49.74888,2
8038,4.72406,49.75111,2
8039,4.72577,49.74889,2
8040,4.72466,49.74974,2
8041,4.7259,49.7489,2
8042,4.72466,49.74974,2
8043,4.72475,49.74902,2
8044,4.72618,49.74891,2
8045,4.72509,49.74813,2
8046,4.7248,49.74993,2
8047,4.72632,49.74892,2
8048,4.7246,49.75066,2
8049,4.72646,49.74892,2
8050,4.72457,49.75074,2
8051,4.72659,49.74905,2
8052,4.7244,49.75094,2
8053,4.72645,49.74904,2
8054,4.7244,49.75094,2
8055,4.72631,49.74903,2
8056,4.72391,49.75154,2
8057,4.72307,49.75257,2
8058,4.72631,49.74903,2
8059,4.72307,49.75257,2
8060,4.72277,49.75295,2
8061,4.72603,49.74902,2
8062,4.7225,49.75328,2
8063,4.72589,49.74901,2
8064,4.72239,49.75341,2
8065,4.72575,49.74901,2
8066,4.72561,49.749,2
8067,4.72547,49.74899,2
8068,4.64094,49.93201,2
8069,4.64038,49.93688,2
8070,4.64033,49.93624,2
8071,4.64069,49.93635,2
8072,4.64021,49.93732,2
8073,4.6399,49.93797,2
8074,4.64058,49.93679,2
8075,4.64,49.93767,2
8076,4.64004,49.9379,2
8077,4.63995,49.93802,2
8078,4.63994,49.93775,2
8079,4.63995,49.93802,2
8080,4.63979,49.93825,2
8081,4.63983,49.93791,2
8082,4.6397,49.93839,2
8083,4.63978,49.93799,2
8084,4.63997,49.93848,2
8085,4.63972,49.93807,2
8086,4.64022,49.93851,2
8087,4.63967,49.93815,2
8088,4.64034,49.93852,2
8089,4.63967,49.93815,2
8090,4.6407,49.93855,2
8091,4.63997,49.93848,2
8092,4.63956,49.93831,2
8093,4.63955,49.9384,2
8094,4.64059,49.93854,2
8095,4.63937,49.9386,2
8096,4.6407,49.93855,2
8097,4.63927,49.93867,2
8098,4.63917,49.93874,2
8099,4.63839,49.93941,2
8100,4.63942,49.93856,2
8101,4.63862,49.93922,2
8102,4.63872,49.93917,2
8103,4.6402,49.93911,2
8104,4.63872,49.93917,2
8105,4.64077,49.93861,2
8106,4.63872,49.93917,2
8107,4.64077,49.93861,2
8108,4.63872,49.93917,2
8109,4.64172,49.93861,2
8110,4.64172,49.93861,2
8111,4.63883,49.93913,2
8112,4.6419,49.93863,2
8113,4.64077,49.93861,2
8114,4.63883,49.93913,2
8115,4.63883,49.93913,2
8116,4.63955,49.9384,2
8117,4.63903,49.93904,2
8118,4.63839,49.93941,2
8119,4.63956,49.93831,2
8120,4.63903,49.93904,2
8121,4.63903,49.93904,2
8122,4.63903,49.93904,2
8123,4.63937,49.9386,2
8124,4.63903,49.93904,2
8125,4.63867,49.93922,2
8126,4.63927,49.93867,2
8127,4.63883,49.93928,2
8128,4.63922,49.93871,2
8129,4.63869,49.9393,2
8130,4.63862,49.93922,2
8131,4.63869,49.9393,2
8132,4.63872,49.93917,2
8133,4.63949,49.93864,2
8134,4.63949,49.93864,2
8135,4.63903,49.93904,2
8136,4.63968,49.93863,2
8137,4.63958,49.93866,2
8138,4.63949,49.93864,2
8139,4.64019,49.93862,2
8140,4.641,49.93856,2
8141,4.63949,49.93864,2
8142,4.64048,49.93865,2
8143,4.63958,49.93866,2
8144,4.6399,49.93797,2
8145,4.63968,49.93863,2
8146,4.6399,49.93859,2
8147,4.6399,49.93797,2
8148,4.64048,49.93865,2
8149,4.6399,49.93797,2
8150,4.6399,49.93797,2
8151,4.6399,49.93797,2
8152,4.6399,49.93797,2
8153,4.6399,49.93797,2
8154,4.6399,49.93797,2
8155,4.6399,49.93797,2
8156,4.6399,49.93797,2
8157,4.6399,49.93797,2
8158,4.6399,49.93797,2
8159,4.6399,49.93797,2
8160,4.6399,49.93797,2
8161,4.6399,49.93797,2
8162,4.6399,49.93797,2
8163,4.63937,49.9386,2
8164,4.64065,49.93653,2
8165,4.64033,49.93624,2
8166,4.64077,49.93861,2
8167,4.641,49.93856,2
8168,4.64049,49.93643,2
8169,4.6399,49.93797,2
8170,4.63942,49.93856,2
8171,4.64077,49.93861,2
8172,4.6399,49.93797,2
8173,4.63937,49.9386,2
8174,4.63995,49.93802,2
8175,4.63185,49.93008,2
8176,4.63206,49.93013,2
8177,4.63227,49.93017,2
8178,4.63248,49.93022,2
8179,4.63269,49.93026,2
8180,4.6329,49.93031,2
8181,4.6331,49.93036,2
8182,4.63328,49.93044,2
8183,4.63347,49.93052,2
8184,4.63365,49.93059,2
8185,4.63384,49.93067,2
8186,4.63402,49.93075,2
8187,4.63421,49.93083,2
8188,4.6344,49.9309,2
8189,4.63451,49.93096,2
8190,4.63458,49.93102,2
8191,4.63473,49.93114,2
8192,4.63481,49.9312,2
8193,4.63489,49.93126,2
8194,4.63496,49.93132,2
8195,4.63504,49.93138,2
8196,4.63512,49.93144,2
8197,4.63519,49.93151,2
8198,4.63519,49.93151,2
8199,4.63942,49.93856,2
8200,4.63527,49.93157,2
8201,4.63942,49.93856,2
8202,4.63535,49.93163,2
8203,4.63542,49.93169,2
8204,4.6355,49.93175,2
8205,4.63557,49.93181,2
8206,4.63565,49.93187,2
8207,4.63573,49.93193,2
8208,4.6358,49.93199,2
8209,4.63588,49.93205,2
8210,4.63603,49.93217,2
8211,4.63611,49.93223,2
8212,4.63618,49.93229,2
8213,4.63625,49.93236,2
8214,4.63632,49.93242,2
8215,4.63641,49.93247,2
8216,4.63641,49.93247,2
8217,4.63652,49.9325,2
8218,4.63652,49.9325,2
8219,4.63663,49.93254,2
8220,4.63937,49.9386,2
8221,4.63673,49.93258,2
8222,4.63937,49.9386,2
8223,4.63684,49.93261,2
8224,4.63695,49.93265,2
8225,4.63705,49.93269,2
8226,4.63716,49.93272,2
8227,4.63728,49.93275,2
8228,4.63739,49.93277,2
8229,4.6375,49.9328,2
8230,4.6376,49.93283,2
8231,4.6377,49.93285,2
8232,4.6378,49.93288,2
8233,4.63791,49.9329,2
8234,4.63811,49.93296,2
8235,4.63821,49.93298,2
8236,4.63831,49.93301,2
8237,4.63839,49.93306,2
8238,4.63847,49.93311,2
8239,4.63854,49.93317,2
8240,4.64077,49.93861,2
8241,4.64077,49.93861,2
8242,4.63867,49.93329,2
8243,4.64077,49.93861,2
8244,4.63963,49.93438,2
8245,4.63905,49.93373,2
8246,4.63963,49.93438,2
8247,4.63963,49.93438,2
8248,4.63963,49.93438,2
8249,4.63963,49.93438,2
8250,4.6399,49.93797,2
8251,4.64036,49.93494,2
8252,4.64042,49.93521,2
8253,4.64048,49.93547,2
8254,4.64056,49.93573,2
8255,4.64064,49.93599,2
8256,4.64071,49.93627,2
8257,4.63937,49.9386,2
8258,4.64069,49.93635,2
8259,4.64069,49.93635,2
8260,4.64067,49.93644,2
8261,4.64067,49.93644,2
8262,4.64069,49.93635,2
8263,4.64063,49.93662,2
8264,4.64063,49.93662,2
8265,4.64063,49.93662,2
8266,4.64063,49.93662,2
8267,4.64063,49.93662,2
8268,4.6406,49.93671,2
8269,4.6406,49.93671,2
8270,4.64058,49.93679,2
8271,4.64056,49.93688,2
8272,4.64054,49.93697,2
8273,4.64051,49.93706,2
8274,4.64012,49.93778,2
8275,4.64012,49.93778,2
8276,4.64004,49.9379,2
8277,4.63995,49.93802,2
8278,4.63995,49.93802,2
8279,4.63995,49.93802,2
8280,4.63995,49.93802,2
8281,4.63979,49.93825,2
8282,4.63985,49.93847,2
8283,4.63997,49.93848,2
8284,4.64009,49.9385,2
8285,4.64009,49.9385,2
8286,4.64009,49.9385,2
8287,4.63987,49.93813,2
8288,4.63987,49.93813,2
8289,4.64009,49.9385,2
8290,4.64009,49.9385,2
8291,4.64009,49.9385,2
8292,4.64009,49.9385,2
8293,4.64009,49.9385,2
8294,4.64046,49.93853,2
8295,4.64059,49.93854,2
8296,4.6407,49.93855,2
8297,4.64118,49.93857,2
8298,4.64118,49.93857,2
8299,4.64118,49.93857,2
8300,4.64118,49.93857,2
8301,4.64077,49.93861,2
8302,4.64136,49.93858,2
8303,4.64077,49.93861,2
8304,4.64077,49.93861,2
8305,4.64172,49.93861,2
8306,4.64172,49.93861,2
8307,4.64172,49.93861,2
8308,4.64077,49.93861,2
8309,4.640421,49.935931,2
8310,4.64033,49.93624,2
8311,4.64033,49.93624,2
8312,4.6404,49.93629,2
8313,4.64045,49.93598,2
8314,4.64053,49.93628,2
8315,4.64049,49.93643,2
8316,4.64045,49.93658,2
8317,4.64045,49.93658,2
8318,4.64045,49.93658,2
8319,4.63558,49.93173,2
8320,4.64045,49.93658,2
8321,4.63983,49.9346,2
8322,4.64045,49.93658,2
8323,4.63558,49.93173,2
8324,4.64042,49.93673,2
8325,4.64003,49.93482,2
8326,4.63688,49.79826,2
8327,4.63688,49.79826,2
8328,4.6348,49.79997,2
8329,4.6348,49.79997,2
8330,4.63683,49.79807,2
8331,4.63673,49.79802,2
8332,4.63665,49.7979,2
8333,4.63665,49.7979,2
8334,4.641093,49.791399,2
8335,4.63506,49.79637,2
8336,4.6348,49.79997,2
8337,4.63506,49.79637,2
8338,4.6348,49.79997,2
8339,4.63506,49.79637,2
8340,4.6348,49.79997,2
8341,4.63506,49.79637,2
8342,4.6348,49.79997,2
8343,4.63506,49.79637,2
8344,4.6348,49.79997,2
8345,4.63514,49.79604,2
8346,4.6348,49.79997,2
8347,4.63615,49.79759,2
8348,4.6348,49.79997,2
8349,4.632884,49.799837,2
8350,4.6348,49.79997,2
8351,4.633124,49.799626,2
8352,4.6348,49.79997,2
8353,4.63654,49.79771,2
8354,4.633311,49.799461,2
8355,4.63577,49.79747,2
8356,4.63311,49.79974,2
8357,4.63506,49.79637,2
8358,4.633296,49.799425,2
8359,4.635401,49.795657,2
8360,4.63527,49.79785,2
8361,4.63527,49.79785,2
8362,4.63471,49.79721,2
8363,4.63447,49.79766,2
8364,4.63463,49.79736,2
8365,4.63455,49.79751,2
8366,4.63455,49.79751,2
8367,4.63455,49.79751,2
8368,4.63455,49.79751,2
8369,4.63455,49.79751,2
8370,4.63439,49.79781,2
8371,4.63232,49.80025,2
8372,4.63486,49.79649,2
8373,4.63468,49.79694,2
8374,4.633296,49.799425,2
8375,4.63431,49.79796,2
8376,4.63422,49.79812,2
8377,4.63406,49.79842,2
8378,4.63406,49.79842,2
8379,4.63414,49.79827,2
8380,4.64141,49.7938,2
8381,4.6338,49.79947,2
8382,4.63379,49.7991,2
8383,4.6338,49.79947,2
8384,4.63421,49.799,2
8385,4.6338,49.79947,2
8386,4.6338,49.79947,2
8387,4.6348,49.79997,2
8388,4.637,49.79754,2
8389,4.6348,49.79997,2
8390,4.6348,49.79997,2
8391,4.6348,49.79997,2
8392,4.6348,49.79997,2
8393,4.63935,49.7956,2
8394,4.6348,49.79997,2
8395,4.6348,49.79997,2
8396,4.6348,49.79997,2
8397,4.6348,49.79997,2
8398,4.6348,49.79997,2
8399,4.6348,49.79997,2
8400,4.6348,49.79997,2
8401,4.62974,49.79718,2
8402,4.6348,49.79997,2
8403,4.63383,49.80149,2
8404,4.6348,49.79997,2
8405,4.6348,49.79997,2
8406,4.6348,49.79997,2
8407,4.63803,49.79884,2
8408,4.6348,49.79997,2
8409,4.63423,49.79937,2
8410,4.6338,49.79947,2
8411,4.63404,49.79919,2
8412,4.63404,49.79919,2
8413,4.6338,49.79947,2
8414,4.63834,49.79966,2
8415,4.63951,49.79989,2
8416,4.63834,49.79966,2
8417,4.6393,49.79997,2
8418,4.63834,49.79966,2
8419,4.6393,49.79997,2
8420,4.641853,49.79196,2
8421,4.641694,49.791495,2
8422,4.63714,49.79847,2
8423,4.641694,49.791495,2
8424,4.625118,49.795645,2
8425,4.63834,49.79966,2
8426,4.641693,49.791478,2
8427,4.63834,49.79966,2
8428,4.641693,49.791478,2
8429,4.64141,49.7938,2
8430,4.625503,49.798036,2
8431,4.641693,49.791478,2
8432,4.641693,49.791478,2
8433,4.63311,49.79974,2
8434,4.641694,49.791495,2
8435,4.641694,49.791495,2
8436,4.640284,49.791935,2
8437,4.641526,49.791777,2
8438,4.639812,49.792241,2
8439,4.641537,49.791705,2
8440,4.63883,49.792924,2
8441,4.638763,49.79297,2
8442,4.641839,49.79196,2
8443,4.64141,49.7938,2
8444,4.638763,49.79297,2
8445,4.641839,49.79196,2
8446,4.63538,49.79568,2
8447,4.63538,49.79568,2
8448,4.64016,49.79363,2
8449,4.63538,49.79568,2
8450,4.634214,49.795787,2
8451,4.64016,49.79363,2
8452,4.633147,49.797362,2
8453,4.64016,49.79363,2
8454,4.635943,49.794434,2
8455,4.64016,49.79363,2
8456,4.635708,49.794771,2
8457,4.641374,49.7878,2
8458,4.64016,49.79363,2
8459,4.6284,49.79254,2
8460,4.6284,49.79254,2
8461,4.64016,49.79363,2
8462,4.6284,49.79254,2
8463,4.64016,49.79363,2
8464,4.64016,49.79363,2
8465,4.6284,49.79254,2
8466,4.64016,49.79363,2
8467,4.6284,49.79254,2
8468,4.64096,49.7935,2
8469,4.63311,49.79974,2
8470,4.64016,49.79363,2
8471,4.63311,49.79974,2
8472,4.63311,49.79974,2
8473,4.64016,49.79363,2
8474,4.64016,49.79363,2
8475,4.62613,49.79293,2
8476,4.64016,49.79363,2
8477,4.6284,49.79254,2
8478,4.64016,49.79363,2
8479,4.64162,49.79157,2
8480,4.64016,49.79363,2
8481,4.63625,49.79558,2
8482,4.63765,49.79604,2
8483,4.64016,49.79363,2
8484,4.63722,49.79586,2
8485,4.64016,49.79363,2
8486,4.63911,49.79561,2
8487,4.64016,49.79363,2
8488,4.638558,49.796424,2
8489,4.64016,49.79363,2
8490,4.64141,49.7938,2
8491,4.62757,49.79264,2
8492,4.637,49.79754,2
8493,4.63921,49.79567,2
8494,4.64016,49.79363,2
8495,4.64141,49.7938,2
8496,4.63956,49.79543,2
8497,4.64016,49.79363,2
8498,4.63903,49.79675,2
8499,4.64016,49.79363,2
8500,4.636271,49.79432,2
8501,4.64319,49.79715,2
8502,4.64016,49.79363,2
8503,4.6284,49.79254,2
8504,4.62393,49.79328,2
8505,4.64016,49.79363,2
8506,4.637003,49.793938,2
8507,4.63792,49.79718,2
8508,4.637056,49.793883,2
8509,4.64016,49.79363,2
8510,4.637097,49.793864,2
8511,4.63921,49.79567,2
8512,4.6284,49.79254,2
8513,4.64016,49.79363,2
8514,4.638404,49.793004,2
8515,4.64016,49.79363,2
8516,4.638404,49.793004,2
8517,4.6284,49.79254,2
8518,4.639557,49.792416,2
8519,4.637,49.79754,2
8520,4.64016,49.79363,2
8521,4.643348,49.790332,2
8522,4.63834,49.79966,2
8523,4.64016,49.79363,2
8524,4.63711,49.793846,2
8525,4.63834,49.79966,2
8526,4.63711,49.793846,2
8527,4.640207,49.800651,2
8528,4.64016,49.79363,2
8529,4.63834,49.79966,2
8530,4.6348,49.79997,2
8531,4.64016,49.79363,2
8532,4.641093,49.791399,2
8533,4.63833,49.79618,2
8534,4.63411,49.79368,2
8535,4.63586,49.79939,2
8536,4.63833,49.79618,2
8537,4.63411,49.79368,2
8538,4.64016,49.79363,2
8539,4.640998,49.791464,2
8540,4.63688,49.79826,2
8541,4.64016,49.79363,2
8542,4.640217,49.791982,2
8543,4.63688,49.79826,2
8544,4.634024,49.796186,2
8545,4.64141,49.7938,2
8546,4.64016,49.79363,2
8547,4.639691,49.792324,2
8548,4.639422,49.792509,2
8549,4.64016,49.79363,2
8550,4.63683,49.79807,2
8551,4.638979,49.792832,2
8552,4.62171,49.79359,2
8553,4.64016,49.79363,2
8554,4.63683,49.79807,2
8555,4.64016,49.79363,2
8556,4.638763,49.79297,2
8557,4.6338,49.79947,2
8558,4.64016,49.79363,2
8559,4.637767,49.793645,2
8560,4.63506,49.79637,2
8561,4.63527,49.79785,2
8562,4.64016,49.79363,2
8563,4.637686,49.793701,2
8564,4.637659,49.793728,2
8565,4.64142,49.79395,2
8566,4.64016,49.79363,2
8567,4.6348,49.79997,2
8568,4.64144,49.797842,2
8569,4.637349,49.793931,2
8570,4.6348,49.79997,2
8571,4.64016,49.79363,2
8572,4.63984,49.792842,2
8573,4.6284,49.79254,2
8574,4.64016,49.79363,2
8575,4.638763,49.79297,2
8576,4.64016,49.79363,2
8577,4.638582,49.793567,2
8578,4.64016,49.79363,2
8579,4.639597,49.792389,2
8580,4.64016,49.79363,2
8581,4.637029,49.794207,2
8582,4.639745,49.792287,2
8583,4.63683,49.79801,2
8584,4.631422,49.793891,2
8585,4.6284,49.79254,2
8586,4.63988,49.792204,2
8587,4.63591,49.79435,2
8588,4.636815,49.794391,2
8589,4.625671,49.795607,2
8590,4.636869,49.794354,2
8591,4.63803,49.79884,2
8592,4.636748,49.794446,2
8593,4.63538,49.79568,2
8594,4.63803,49.79884,2
8595,4.63506,49.79637,2
8596,4.63803,49.79884,2
8597,4.63538,49.79568,2
8598,4.63506,49.79637,2
8599,4.63538,49.79568,2
8600,4.635529,49.795107,2
8601,4.634525,49.795602,2
8602,4.6284,49.79254,2
8603,4.63428,49.79602,2
8604,4.635529,49.795107,2
8605,4.635529,49.795107,2
8606,4.635529,49.795107,2
8607,4.635529,49.795107,2
8608,4.634483,49.795612,2
8609,4.634483,49.795612,2
8610,4.64141,49.7938,2
8611,4.632967,49.797374,2
8612,4.638763,49.79297,2
8613,4.634214,49.795787,2
8614,4.634214,49.795787,2
8615,4.64218,49.79304,2
8616,4.634214,49.795787,2
8617,4.634484,49.795621,2
8618,4.634214,49.795787,2
8619,4.634525,49.795602,2
8620,4.634377,49.795704,2
8621,4.634282,49.795768,2
8622,4.635238,49.795112,2
8623,4.635865,49.794552,2
8624,4.64141,49.7938,2
8625,4.635869,49.794651,2
8626,4.635238,49.795112,2
8627,4.63863,49.79501,2
8628,4.635238,49.795112,2
8629,4.635869,49.794651,2
8630,4.638404,49.793004,2
8631,4.635681,49.79479,2
8632,4.635841,49.794643,2
8633,4.63591,49.79435,2
8634,4.63546,49.79419,2
8635,4.63501,49.79402,2
8636,4.63456,49.79385,2
8637,4.63411,49.79368,2
8638,4.6284,49.79254,2
8639,4.6284,49.79254,2
8640,4.6284,49.79254,2
8641,4.63834,49.79966,2
8642,4.6284,49.79254,2
8643,4.6284,49.79254,2
8644,4.6383,49.79514,2
8645,4.6284,49.79254,2
8646,4.61875,49.79402,2
8647,4.61875,49.79402,2
8648,4.61875,49.79402,2
8649,4.61875,49.79402,2
8650,4.61875,49.79402,2
8651,4.61875,49.79402,2
8652,4.63311,49.79974,2
8653,4.63311,49.79974,2
8654,4.61875,49.79402,2
8655,4.6284,49.79254,2
8656,4.63037,49.79209,2
8657,4.6284,49.79254,2
8658,4.64141,49.7938,2
8659,4.6284,49.79254,2
8660,4.63463,49.79736,2
8661,4.63463,49.79736,2
8662,4.6348,49.79997,2
8663,4.63067,49.79203,2
8664,4.6284,49.79254,2
8665,4.63013,49.792,2
8666,4.6284,49.79254,2
8667,4.63013,49.792,2
8668,4.62909,49.7923,2
8669,4.6294,49.79234,2
8670,4.635571,49.795411,2
8671,4.6348,49.79997,2
8672,4.616657,49.795732,2
8673,4.62816,49.79252,2
8674,4.62816,49.79252,2
8675,4.62245,49.79349,2
8676,4.62467,49.79318,2
8677,4.62245,49.79349,2
8678,4.62245,49.79349,2
8679,4.62816,49.79252,2
8680,4.62816,49.79252,2
8681,4.6284,49.79254,2
8682,4.6284,49.79254,2
8683,4.62845,49.79258,2
8684,4.62685,49.79279,2
8685,4.62613,49.79293,2
8686,4.62862,49.79242,2
8687,4.62685,49.79279,2
8688,4.62613,49.79293,2
8689,4.622439,49.793468,2
8690,4.62974,49.79718,2
8691,4.641647,49.797821,2
8692,4.62541,49.79307,2
8693,4.62097,49.7937,2
8694,4.61802,49.79413,2
8695,4.62023,49.7938,2
8696,4.61641,49.79416,2
8697,4.61691,49.79429,2
8698,4.61742,49.79418,2
8699,4.61691,49.79417,2
8700,4.63558,49.79542,2
8701,4.63692,49.79556,2
8702,4.63722,49.79586,2
8703,4.63692,49.79556,2
8704,4.64003,49.79807,2
8705,4.63722,49.79586,2
8706,4.64003,49.79807,2
8707,4.62772,49.79174,2
8708,4.64003,49.79807,2
8709,4.63635,49.79549,2
8710,4.64003,49.79807,2
8711,4.63722,49.79586,2
8712,4.64003,49.79807,2
8713,4.64003,49.79807,2
8714,4.62772,49.79174,2
8715,4.64003,49.79807,2
8716,4.622439,49.793468,2
8717,4.64003,49.79807,2
8718,4.6284,49.79254,2
8719,4.64003,49.79807,2
8720,4.64003,49.79807,2
8721,4.63727,49.79582,2
8722,4.64003,49.79807,2
8723,4.6284,49.79254,2
8724,4.63722,49.79586,2
8725,4.62097,49.7937,2
8726,4.63722,49.79586,2
8727,4.63752,49.79645,2
8728,4.63792,49.7961,2
8729,4.63722,49.79586,2
8730,4.63635,49.79549,2
8731,4.63833,49.79618,2
8732,4.63311,49.79974,2
8733,4.63752,49.79645,2
8734,4.63722,49.79586,2
8735,4.6383,49.79514,2
8736,4.6284,49.79254,2
8737,4.637726,49.793673,2
8738,4.6383,49.79514,2
8739,4.6383,49.79514,2
8740,4.6383,49.79514,2
8741,4.63722,49.79586,2
8742,4.63722,49.79586,2
8743,4.63722,49.79586,2
8744,4.6284,49.79254,2
8745,4.63722,49.79586,2
8746,4.63722,49.79586,2
8747,4.63722,49.79586,2
8748,4.63625,49.79558,2
8749,4.63921,49.79567,2
8750,4.63921,49.79567,2
8751,4.63873,49.79612,2
8752,4.63921,49.79567,2
8753,4.63921,49.79567,2
8754,4.63978,49.79526,2
8755,4.63921,49.79567,2
8756,4.64141,49.7938,2
8757,4.63921,49.79567,2
8758,4.63921,49.79567,2
8759,4.63946,49.79487,2
8760,4.64141,49.7938,2
8761,4.63921,49.79567,2
8762,4.64141,49.7938,2
8763,4.634024,49.796186,2
8764,4.64141,49.7938,2
8765,4.63792,49.79562,2
8766,4.63852,49.79447,2
8767,4.63852,49.79447,2
8768,4.63852,49.79447,2
8769,4.63855,49.79442,2
8770,4.6383,49.79514,2
8771,4.6383,49.79514,2
8772,4.6383,49.79514,2
8773,4.63956,49.79543,2
8774,4.6383,49.79514,2
8775,4.6383,49.79514,2
8776,4.6383,49.79514,2
8777,4.63852,49.79447,2
8778,4.63852,49.79447,2
8779,4.63311,49.79974,2
8780,4.63852,49.79447,2
8781,4.63311,49.79974,2
8782,4.63956,49.79543,2
8783,4.64032,49.79719,2
8784,4.63955,49.79687,2
8785,4.63955,49.79687,2
8786,4.6348,49.79997,2
8787,4.6348,49.79997,2
8788,4.63955,49.79687,2
8789,4.6348,49.79997,2
8790,4.63955,49.79687,2
8791,4.6348,49.79997,2
8792,4.6348,49.79997,2
8793,4.6348,49.79997,2
8794,4.64442,49.7972,2
8795,4.6348,49.79997,2
8796,4.6348,49.79997,2
8797,4.64003,49.79807,2
8798,4.6348,49.79997,2
8799,4.63902,49.79849,2
8800,4.62171,49.79359,2
8801,4.64003,49.79807,2
8802,4.63933,49.79838,2
8803,4.64071,49.79754,2
8804,4.64095,49.79753,2
8805,4.64319,49.79715,2
8806,4.6428,49.79715,2
8807,4.64375,49.79713,2
8808,4.64319,49.79715,2
8809,4.64308,49.79707,2
8810,4.63803,49.79884,2
8811,4.64176,49.79699,2
8812,4.63803,49.79884,2
8813,4.63803,49.79884,2
8814,4.6428,49.79715,2
8815,4.63803,49.79884,2
8816,4.64119,49.79723,2
8817,4.634024,49.796186,2
8818,4.64319,49.79715,2
8819,4.64319,49.79715,2
8820,4.64319,49.79715,2
8821,4.64319,49.79715,2
8822,4.64241,49.797,2
8823,4.62393,49.79328,2
8824,4.62393,49.79328,2
8825,4.62393,49.79328,2
8826,4.629018,49.797826,2
8827,4.62393,49.79328,2
8828,4.62393,49.79328,2
8829,4.62393,49.79328,2
8830,4.62393,49.79328,2
8831,4.63964,49.79826,2
8832,4.64003,49.79807,2
8833,4.63921,49.79567,2
8834,4.63921,49.79567,2
8835,4.63921,49.79567,2
8836,4.63921,49.79567,2
8837,4.63311,49.79974,2
8838,4.63812,49.79717,2
8839,4.633058,49.79969,2
8840,4.63821,49.79706,2
8841,4.63803,49.79729,2
8842,4.63795,49.7974,2
8843,4.63775,49.79762,2
8844,4.63311,49.79974,2
8845,4.63764,49.79773,2
8846,4.63754,49.79784,2
8847,4.63506,49.79637,2
8848,4.63744,49.79794,2
8849,4.63734,49.79805,2
8850,4.63723,49.79816,2
8851,4.63713,49.79827,2
8852,4.63635,49.79549,2
8853,4.63635,49.79549,2
8854,4.63921,49.79567,2
8855,4.63921,49.79567,2
8856,4.63822,49.79671,2
8857,4.63822,49.79671,2
8858,4.63822,49.79671,2
8859,4.63921,49.79567,2
8860,4.63921,49.79567,2
8861,4.63734,49.79783,2
8862,4.63695,49.7975,2
8863,4.637,49.79754,2
8864,4.62097,49.7937,2
8865,4.62097,49.7937,2
8866,4.637,49.79754,2
8867,4.637,49.79754,2
8868,4.63768,49.79867,2
8869,4.64074,49.79771,2
8870,4.64029,49.7979,2
8871,4.64003,49.79807,2
8872,4.64003,49.79807,2
8873,4.64003,49.79807,2
8874,4.64003,49.79807,2
8875,4.63311,49.79974,2
8876,4.64003,49.79807,2
8877,4.64003,49.79807,2
8878,4.64026,49.79804,2
8879,4.63688,49.79826,2
8880,4.63995,49.79815,2
8881,4.64003,49.79807,2
8882,4.64003,49.79807,2
8883,4.63969,49.79812,2
8884,4.63908,49.79833,2
8885,4.64003,49.79807,2
8886,4.63837,49.79872,2
8887,4.6387,49.7986,2
8888,4.64053,49.7979,2
8889,4.63834,49.79966,2
8890,4.63834,49.79966,2
8891,4.64003,49.79807,2
8892,4.63463,49.79736,2
8893,4.63755,49.79875,2
8894,4.63727,49.79839,2
8895,4.63714,49.79847,2
8896,4.63649,49.79903,2
8897,4.63649,49.79903,2
8898,4.63649,49.79903,2
8899,4.63649,49.79903,2
8900,4.6348,49.79997,2
8901,4.6348,49.79997,2
8902,4.6348,49.79997,2
8903,4.6348,49.79997,2
8904,4.63216,49.79991,2
8905,4.63216,49.79991,2
8906,4.6348,49.79997,2
8907,4.6348,49.79997,2
8908,4.6348,49.79997,2
8909,4.6348,49.79997,2
8910,4.6348,49.79997,2
8911,4.6348,49.79997,2
8912,4.6348,49.79997,2
8913,4.6348,49.79997,2
8914,4.6348,49.79997,2
8915,4.6348,49.79997,2
8916,4.6348,49.79997,2
8917,4.63635,49.79897,2
8918,4.63673,49.7985,2
8919,5.08046,49.60627,2
8920,5.08046,49.60627,2
8921,5.08046,49.60627,2
8922,5.08046,49.60627,2
8923,5.08046,49.60627,2
8924,5.08056,49.60629,2
8925,5.08065,49.60631,2
8926,5.08065,49.60631,2
8927,5.07711,49.60519,2
8928,5.08083,49.60635,2
8929,5.08083,49.60635,2
8930,5.08092,49.60638,2
8931,5.08092,49.60638,2
8932,5.08255,49.60642,2
8933,5.08255,49.60642,2
8934,5.08204,49.60636,2
8935,5.08255,49.60642,2
8936,5.08255,49.60642,2
8937,5.08098,49.60627,2
8938,5.08098,49.60627,2
8939,5.08111,49.60626,2
8940,5.08111,49.60626,2
8941,5.08117,49.60585,2
8942,5.08116,49.60614,2
8943,5.08124,49.60604,2
8944,5.08132,49.60593,2
8945,5.08147,49.60572,2
8946,5.08138,49.60563,2
8947,5.08125,49.60555,2
8948,5.08049,49.60508,2
8949,5.08029,49.60509,2
8950,5.08029,49.60509,2
8951,5.08045,49.60503,2
8952,5.0855,49.60928,2
8953,5.06175,49.59655,2
8954,5.08041,49.60498,2
8955,5.0855,49.60928,2
8956,5.08036,49.60493,2
8957,5.0855,49.60928,2
8958,5.08,49.60549,2
8959,5.0855,49.60928,2
8960,5.08019,49.6053,2
8961,5.0855,49.60928,2
8962,5.07973,49.60561,2
8963,5.0855,49.60928,2
8964,5.07973,49.60561,2
8965,5.0855,49.60928,2
8966,5.0855,49.60928,2
8967,5.08,49.60549,2
8968,5.07871,49.61138,2
8969,5.0855,49.60928,2
8970,5.08,49.60549,2
8971,5.0855,49.60928,2
8972,5.08009,49.60553,2
8973,5.0855,49.60928,2
8974,5.07983,49.60588,2
8975,5.0855,49.60928,2
8976,5.08,49.60549,2
8977,5.0855,49.60928,2
8978,5.07983,49.60588,2
8979,5.0855,49.60928,2
8980,5.08,49.60549,2
8981,5.0855,49.60928,2
8982,5.0855,49.60928,2
8983,5.07982,49.60592,2
8984,5.0855,49.60928,2
8985,5.07983,49.60588,2
8986,5.0855,49.60928,2
8987,5.08036,49.60612,2
8988,5.08046,49.60614,2
8989,5.08057,49.60617,2
8990,5.08067,49.60619,2
8991,5.08029,49.60509,2
8992,5.08077,49.60622,2
8993,5.08087,49.60624,2
8994,5.06175,49.59655,2
8995,5.06175,49.59655,2
8996,5.06175,49.59655,2
8997,5.06175,49.59655,2
8998,5.06175,49.59655,2
8999,5.06175,49.59655,2
9000,5.06175,49.59655,2
9001,5.06175,49.59655,2
9002,5.06175,49.59655,2
9003,5.06175,49.59655,2
9004,5.06175,49.59655,2
9005,5.06175,49.59655,2
9006,5.07651,49.60499,2
9007,5.06175,49.59655,2
9008,5.06175,49.59655,2
9009,5.06175,49.59655,2
9010,5.06175,49.59655,2
9011,5.06175,49.59655,2
9012,5.06175,49.59655,2
9013,5.06175,49.59655,2
9014,5.06175,49.59655,2
9015,5.06175,49.59655,2
9016,5.06175,49.59655,2
9017,5.06175,49.59655,2
9018,5.06175,49.59655,2
9019,5.06175,49.59655,2
9020,5.06175,49.59655,2
9021,5.06175,49.59655,2
9022,5.06175,49.59655,2
9023,5.06175,49.59655,2
9024,5.07875,49.60981,2
9025,5.06175,49.59655,2
9026,5.06175,49.59655,2
9027,5.06175,49.59655,2
9028,5.06175,49.59655,2
9029,5.06175,49.59655,2
9030,5.06175,49.59655,2
9031,5.06175,49.59655,2
9032,5.06175,49.59655,2
9033,5.06195,49.60211,2
9034,5.06217,49.6019,2
9035,5.06261,49.60149,2
9036,5.0631,49.601,2
9037,5.06175,49.59655,2
9038,5.06175,49.59655,2
9039,5.06175,49.59655,2
9040,5.06175,49.59655,2
9041,5.07555,49.60503,2
9042,5.06175,49.59655,2
9043,5.06175,49.59655,2
9044,5.06175,49.59655,2
9045,5.06175,49.59655,2
9046,5.06175,49.59655,2
9047,5.07797,49.60605,2
9048,5.06175,49.59655,2
9049,5.06181,49.59657,2
9050,5.06175,49.59655,2
9051,5.06175,49.59655,2
9052,5.06175,49.59655,2
9053,5.06175,49.59655,2
9054,5.06175,49.59655,2
9055,5.06175,49.59655,2
9056,5.06175,49.59655,2
9057,5.06175,49.59655,2
9058,5.06175,49.59655,2
9059,5.06175,49.59655,2
9060,5.06175,49.59655,2
9061,5.06175,49.59655,2
9062,5.06175,49.59655,2
9063,5.06175,49.59655,2
9064,5.06175,49.59655,2
9065,5.06175,49.59655,2
9066,5.07288,49.60539,2
9067,5.06175,49.59655,2
9068,5.06175,49.59655,2
9069,5.06175,49.59655,2
9070,5.06175,49.59655,2
9071,5.06175,49.59655,2
9072,5.06175,49.59655,2
9073,5.06175,49.59655,2
9074,5.06175,49.59655,2
9075,5.06175,49.59655,2
9076,5.06175,49.59655,2
9077,5.06175,49.59655,2
9078,5.06175,49.59655,2
9079,5.06175,49.59655,2
9080,5.06175,49.59655,2
9081,5.06175,49.59655,2
9082,5.06175,49.59655,2
9083,5.06175,49.59655,2
9084,5.06175,49.59655,2
9085,5.06175,49.59655,2
9086,5.075946,49.607717,2
9087,5.07146,49.60306,2
9088,5.075893,49.607763,2
9089,5.06175,49.59655,2
9090,5.07146,49.60306,2
9091,5.075706,49.607884,2
9092,5.07197,49.60266,2
9093,5.07248,49.60227,2
9094,5.075613,49.607958,2
9095,5.07299,49.60187,2
9096,5.075506,49.608024,2
9097,5.0735,49.60148,2
9098,5.075439,49.60807,2
9099,5.07401,49.60108,2
9100,5.07447,49.60067,2
9101,5.075293,49.608172,2
9102,5.07465,49.60057,2
9103,5.071937,49.612131,2
9104,5.0855,49.60928,2
9105,5.07423,49.60109,2
9106,5.074732,49.608293,2
9107,5.07285,49.60216,2
9108,5.07251,49.60243,2
9109,5.074718,49.608284,2
9110,5.07216,49.6027,2
9111,5.074718,49.608284,2
9112,5.07715,49.58177,2
9113,5.074886,49.608325,2
9114,5.0751,49.60461,2
9115,5.07393,49.60814,2
9116,5.07378,49.60802,2
9117,5.07407,49.60806,2
9118,5.07392,49.60795,2
9119,5.07377,49.60784,2
9120,5.07361,49.60772,2
9121,5.07363,49.60791,2
9122,5.07348,49.6078,2
9123,5.07333,49.60769,2
9124,5.07346,49.60761,2
9125,5.07331,49.6075,2
9126,5.07313,49.60785,2
9127,5.07313,49.60785,2
9128,5.07313,49.60785,2
9129,5.07252,49.60592,2
9130,5.07288,49.60539,2
9131,5.08013,49.58214,2
9132,5.073702,49.604802,2
9133,5.06175,49.59655,2
9134,5.06175,49.59655,2
9135,5.07368,49.60478,2
9136,5.07379,49.60485,2
9137,5.07387,49.60491,2
9138,5.07392,49.60494,2
9139,5.07398,49.60498,2
9140,5.07403,49.60501,2
9141,5.0741,49.60505,2
9142,5.07416,49.60508,2
9143,5.07422,49.60512,2
9144,5.07429,49.60515,2
9145,5.07429,49.60515,2
9146,5.07429,49.60515,2
9147,5.07429,49.60515,2
9148,5.07435,49.60519,2
9149,5.07442,49.60522,2
9150,5.07448,49.60526,2
9151,5.07448,49.60526,2
9152,5.07455,49.60529,2
9153,5.07461,49.60533,2
9154,5.07468,49.60537,2
9155,5.07474,49.6054,2
9156,5.07481,49.60544,2
9157,5.07496,49.60546,2
9158,5.07504,49.60544,2
9159,5.085855,49.608373,2
9160,5.07511,49.60543,2
9161,5.07451,49.60521,2
9162,5.07512,49.60566,2
9163,5.07512,49.60566,2
9164,5.07512,49.60566,2
9165,5.07512,49.60566,2
9166,5.07512,49.60566,2
9167,5.07512,49.60566,2
9168,5.07512,49.60566,2
9169,5.07512,49.60566,2
9170,5.07512,49.60566,2
9171,5.07512,49.60566,2
9172,5.07512,49.60566,2
9173,5.07512,49.60566,2
9174,5.07269,49.60614,2
9175,5.07269,49.60614,2
9176,5.07269,49.60614,2
9177,5.07269,49.60614,2
9178,5.07269,49.60614,2
9179,5.0751,49.60531,2
9180,5.07495,49.60534,2
9181,5.07489,49.60533,2
9182,5.07288,49.60539,2
9183,5.07476,49.60526,2
9184,5.07463,49.60519,2
9185,5.0745,49.60512,2
9186,5.07437,49.60505,2
9187,5.0814,49.60583,2
9188,5.07424,49.60498,2
9189,5.07411,49.60491,2
9190,5.07413,49.60491,2
9191,5.07418,49.60478,2
9192,5.07418,49.60478,2
9193,5.07418,49.60478,2
9194,5.06175,49.59655,2
9195,5.07418,49.60478,2
9196,5.07386,49.60474,2
9197,5.07418,49.60478,2
9198,5.0739,49.60477,2
9199,5.07401,49.60472,2
9200,5.07412,49.60466,2
9201,5.07447,49.60454,2
9202,5.07535,49.60467,2
9203,5.0742,49.60485,2
9204,5.07423,49.605,2
9205,5.07433,49.60493,2
9206,5.07503,49.60454,2
9207,5.07503,49.60454,2
9208,5.07467,49.60473,2
9209,5.07487,49.60461,2
9210,5.0751,49.60461,2
9211,5.07453,49.60465,2
9212,5.0747,49.60456,2
9213,5.07535,49.60467,2
9214,5.07535,49.60467,2
9215,5.07429,49.60515,2
9216,5.07535,49.60467,2
9217,5.07442,49.60522,2
9218,5.07468,49.60537,2
9219,5.07565,49.60498,2
9220,5.07519,49.60541,2
9221,5.07555,49.60503,2
9222,5.07512,49.60566,2
9223,5.07535,49.60516,2
9224,5.07544,49.60457,2
9225,5.07526,49.60522,2
9226,5.07606,49.60492,2
9227,5.07518,49.60528,2
9228,5.07606,49.60492,2
9229,5.07702,49.60647,2
9230,5.07702,49.60647,2
9231,5.0753,49.60723,2
9232,5.07751,49.60638,2
9233,5.07265,49.6118,2
9234,5.07617,49.60659,2
9235,5.06175,49.59655,2
9236,5.07762,49.60554,2
9237,5.07615,49.60723,2
9238,5.07762,49.60554,2
9239,5.07748,49.60545,2
9240,5.07615,49.60723,2
9241,5.07729,49.60538,2
9242,5.07692,49.60526,2
9243,5.07615,49.60723,2
9244,5.07664,49.60516,2
9245,5.07265,49.6118,2
9246,5.0759,49.6049,2
9247,5.07702,49.60647,2
9248,5.07598,49.60491,2
9249,5.07615,49.60723,2
9250,5.07615,49.60723,2
9251,5.07606,49.60492,2
9252,5.07661,49.60502,2
9253,5.0767,49.60505,2
9254,5.07751,49.60638,2
9255,5.0768,49.60509,2
9256,5.07715,49.60588,2
9257,5.07715,49.60588,2
9258,5.07269,49.60614,2
9259,5.077,49.60516,2
9260,5.07749,49.60572,2
9261,5.07773,49.60581,2
9262,5.08013,49.58214,2
9263,5.07781,49.60601,2
9264,5.07741,49.60535,2
9265,5.07768,49.60613,2
9266,5.07797,49.60474,2
9267,5.07797,49.60474,2
9268,5.07755,49.60625,2
9269,5.08013,49.58214,2
9270,5.07781,49.60601,2
9271,5.07831,49.60488,2
9272,5.07781,49.60601,2
9273,5.07589,49.60479,2
9274,5.07791,49.60619,2
9275,5.07574,49.60469,2
9276,5.07803,49.60628,2
9277,5.07951,49.60608,2
9278,5.07998,49.60657,2
9279,5.07831,49.60619,2
9280,5.08111,49.60626,2
9281,5.07748,49.60545,2
9282,5.07841,49.60609,2
9283,5.08039,49.60504,2
9284,5.07806,49.60595,2
9285,5.08039,49.60504,2
9286,5.08039,49.60504,2
9287,5.07834,49.60569,2
9288,5.08026,49.60609,2
9289,5.07741,49.60535,2
9290,5.06175,49.59655,2
9291,5.07762,49.60554,2
9292,5.06175,49.59655,2
9293,5.06175,49.59655,2
9294,5.07762,49.60554,2
9295,5.06175,49.59655,2
9296,5.07762,49.60554,2
9297,5.06175,49.59655,2
9298,5.07747,49.60568,2
9299,5.07747,49.60568,2
9300,5.06175,49.59655,2
9301,5.07729,49.60538,2
9302,5.06175,49.59655,2
9303,5.07714,49.60533,2
9304,5.05911,49.59848,2
9305,5.07703,49.6053,2
9306,5.07692,49.60526,2
9307,5.05911,49.59848,2
9308,5.06175,49.59655,2
9309,5.07682,49.60523,2
9310,5.06175,49.59655,2
9311,5.0764,49.60508,2
9312,5.06175,49.59655,2
9313,5.07572,49.60502,2
9314,5.07831,49.60488,2
9315,5.07572,49.60502,2
9316,5.07572,49.60502,2
9317,5.06175,49.59655,2
9318,5.06175,49.59655,2
9319,5.07572,49.60502,2
9320,5.07715,49.58177,2
9321,5.07572,49.60502,2
9322,5.07715,49.58177,2
9323,5.07572,49.60502,2
9324,5.0759,49.6049,2
9325,5.07621,49.60493,2
9326,5.07628,49.60493,2
9327,5.07642,49.60495,2
9328,5.07651,49.60499,2
9329,5.07661,49.60502,2
9330,5.07691,49.60481,2
9331,5.07691,49.60513,2
9332,5.0769,49.60512,2
9333,5.07711,49.60519,2
9334,5.08013,49.58214,2
9335,5.07572,49.60502,2
9336,5.07711,49.60519,2
9337,5.07711,49.60519,2
9338,5.07711,49.60519,2
9339,5.07711,49.60519,2
9340,5.07722,49.60523,2
9341,5.07734,49.60527,2
9342,5.08028,49.60622,2
9343,5.07747,49.60531,2
9344,5.0776,49.60536,2
9345,5.07741,49.60535,2
9346,5.07767,49.6051,2
9347,5.07767,49.6051,2
9348,5.08013,49.58214,2
9349,5.07288,49.60539,2
9350,5.07288,49.60539,2
9351,5.07797,49.60474,2
9352,5.07288,49.60539,2
9353,5.07797,49.60474,2
9354,5.07797,49.60474,2
9355,5.07862,49.60518,2
9356,5.07797,49.60474,2
9357,5.07797,49.60474,2
9358,5.07827,49.60556,2
9359,5.06175,49.59655,2
9360,5.07848,49.60559,2
9361,5.07797,49.60474,2
9362,5.07797,49.60474,2
9363,5.08013,49.58214,2
9364,5.07813,49.60495,2
9365,5.07794,49.60508,2
9366,5.07793,49.6052,2
9367,5.07788,49.60538,2
9368,5.07799,49.60488,2
9369,5.07788,49.60538,2
9370,5.07806,49.60493,2
9371,5.07806,49.60493,2
9372,5.07806,49.60493,2
9373,5.07806,49.60493,2
9374,5.07806,49.60493,2
9375,5.08013,49.58214,2
9376,5.06175,49.59655,2
9377,5.07802,49.60486,2
9378,5.07789,49.6048,2
9379,5.07776,49.60473,2
9380,5.07786,49.60463,2
9381,5.07765,49.60469,2
9382,5.07772,49.60476,2
9383,5.07771,49.60493,2
9384,5.07766,49.60499,2
9385,5.07761,49.60504,2
9386,5.07755,49.60509,2
9387,5.07748,49.60545,2
9388,5.0775,49.60514,2
9389,5.07748,49.60545,2
9390,5.07739,49.60525,2
9391,5.07734,49.6053,2
9392,5.0772,49.60522,2
9393,5.07745,49.60507,2
9394,5.07738,49.60505,2
9395,5.07746,49.60497,2
9396,5.07755,49.60488,2
9397,5.0775,49.60474,2
9398,5.0775,49.60474,2
9399,5.07751,49.60465,2
9400,5.07723,49.60458,2
9401,5.07572,49.60502,2
9402,5.07772,49.60458,2
9403,5.07758,49.60454,2
9404,5.07743,49.60451,2
9405,5.07729,49.60447,2
9406,5.07725,49.60458,2
9407,5.07322,49.61056,2
9408,5.07719,49.60467,2
9409,5.07698,49.60482,2
9410,5.06175,49.59655,2
9411,5.07615,49.60723,2
9412,5.07708,49.60485,2
9413,5.07698,49.60482,2
9414,5.07704,49.6046,2
9415,5.07615,49.60723,2
9416,5.07698,49.60482,2
9417,5.07703,49.60422,2
9418,5.07677,49.60421,2
9419,5.07653,49.6043,2
9420,5.07653,49.6044,2
9421,5.07652,49.6045,2
9422,5.07651,49.6046,2
9423,5.08013,49.58214,2
9424,5.07647,49.60469,2
9425,5.07663,49.60448,2
9426,5.07671,49.60435,2
9427,5.07665,49.60472,2
9428,5.07643,49.60471,2
9429,5.07631,49.60472,2
9430,5.07589,49.60479,2
9431,5.07607,49.60473,2
9432,5.07589,49.60485,2
9433,5.07562,49.60463,2
9434,5.07671,49.60435,2
9435,5.06175,49.59655,2
9436,5.07671,49.60435,2
9437,5.07447,49.60067,2
9438,5.07671,49.60435,2
9439,5.07831,49.60488,2
9440,5.07447,49.60067,2
9441,5.07671,49.60435,2
9442,5.07671,49.60435,2
9443,5.07671,49.60435,2
9444,5.07669,49.60454,2
9445,5.07961,49.60678,2
9446,5.07669,49.60454,2
9447,5.07669,49.60454,2
9448,5.07669,49.60454,2
9449,5.07669,49.60454,2
9450,5.07669,49.60454,2
9451,5.07669,49.60454,2
9452,5.07669,49.60454,2
9453,5.07665,49.60472,2
9454,5.07665,49.60472,2
9455,5.07665,49.60472,2
9456,5.07665,49.60472,2
9457,5.07665,49.60472,2
9458,5.07665,49.60472,2
9459,5.07665,49.60472,2
9460,5.07665,49.60472,2
9461,5.08009,49.60618,2
9462,5.07998,49.60616,2
9463,5.07998,49.60616,2
9464,5.07986,49.60613,2
9465,5.07975,49.60611,2
9466,5.07963,49.60609,2
9467,5.07951,49.60606,2
9468,5.07951,49.60608,2
9469,5.07951,49.60608,2
9470,5.07951,49.60608,2
9471,5.07951,49.60608,2
9472,5.07942,49.60618,2
9473,5.07973,49.60561,2
9474,5.07932,49.60628,2
9475,5.07923,49.60638,2
9476,5.07913,49.60648,2
9477,5.07884,49.60644,2
9478,5.078688,49.606765,2
9479,5.078688,49.606765,2
9480,5.07884,49.60644,2
9481,5.07884,49.60644,2
9482,5.07884,49.60644,2
9483,5.07884,49.60644,2
9484,5.07884,49.60644,2
9485,5.07884,49.60644,2
9486,5.07884,49.60644,2
9487,5.07963,49.60676,2
9488,5.07983,49.60668,2
9489,5.06175,49.59655,2
9490,5.07998,49.60657,2
9491,5.07998,49.60657,2
9492,5.07512,49.60566,2
9493,5.07998,49.60657,2
9494,5.07998,49.60657,2
9495,5.07998,49.60657,2
9496,5.07998,49.60657,2
9497,5.07998,49.60657,2
9498,5.08003,49.6065,2
9499,5.08003,49.6065,2
9500,5.08008,49.60642,2
9501,5.07664,49.60516,2
9502,5.08013,49.60635,2
9503,5.08023,49.6062,2
9504,5.08019,49.6062,2
9505,5.08007,49.60614,2
9506,5.08004,49.6062,2
9507,5.0751,49.60531,2
9508,5.07996,49.60631,2
9509,5.07992,49.60637,2
9510,5.07985,49.60648,2
9511,5.07981,49.60653,2
9512,5.07976,49.60656,2
9513,5.07963,49.60662,2
9514,5.0795,49.60668,2
9515,5.08028,49.60622,2
9516,5.08037,49.60625,2
9517,5.07146,49.60322,2
9518,5.07447,49.60067,2
9519,5.07447,49.60067,2
9520,5.07447,49.60067,2
9521,5.07754,49.58144,2
9522,5.07447,49.60067,2
9523,5.07447,49.60067,2
9524,5.07447,49.60067,2
9525,5.07447,49.60067,2
9526,5.07447,49.60067,2
9527,5.07715,49.60588,2
9528,5.07447,49.60067,2
9529,5.07447,49.60067,2
9530,5.0794,49.58253,2
9531,5.07447,49.60067,2
9532,5.07447,49.60067,2
9533,5.08013,49.58214,2
9534,5.07447,49.60067,2
9535,5.07838,49.60505,2
9536,5.07447,49.60067,2
9537,5.07447,49.60067,2
9538,5.07447,49.60067,2
9539,5.07447,49.60067,2
9540,5.07447,49.60067,2
9541,5.07447,49.60067,2
9542,5.07447,49.60067,2
9543,5.07447,49.60067,2
9544,5.07953,49.58141,2
9545,5.07447,49.60067,2
9546,5.07953,49.58141,2
9547,5.07953,49.58141,2
9548,5.05457,49.56598,2
9549,5.07447,49.60067,2
9550,5.07447,49.60067,2
9551,5.07871,49.61138,2
9552,5.07447,49.60067,2
9553,5.07447,49.60067,2
9554,5.07814,49.58152,2
9555,5.07447,49.60067,2
9556,5.07953,49.58141,2
9557,5.07447,49.60067,2
9558,5.07447,49.60067,2
9559,4.30763,49.41082,2
9560,4.30763,49.41082,2
9561,4.31213,49.40672,2
9562,4.30468,49.41065,2
9563,4.31219,49.40654,2
9564,4.29343,49.41302,2
9565,4.31262,49.40671,2
9566,4.29569,49.41409,2
9567,4.30292,49.41108,2
9568,4.299364,49.414148,2
9569,4.29569,49.41409,2
9570,4.30053,49.40908,2
9571,4.30053,49.40908,2
9572,4.29569,49.41409,2
9573,4.31433,49.40573,2
9574,4.30071,49.39943,2
9575,4.30707,49.40987,2
9576,4.297209,49.413968,2
9577,4.30997,49.40872,2
9578,4.298959,49.413984,2
9579,4.31191,49.40703,2
9580,4.29145,49.4133,2
9581,4.29145,49.4133,2
9582,4.29145,49.4133,2
9583,4.29343,49.41302,2
9584,4.296257,49.412483,2
9585,4.296175,49.412502,2
9586,4.29619,49.413248,2
9587,4.29145,49.4133,2
9588,4.29145,49.4133,2
9589,4.29145,49.4133,2
9590,4.29145,49.4133,2
9591,4.30097,49.41166,2
9592,4.30396,49.41177,2
9593,4.30179,49.41108,2
9594,4.30179,49.41108,2
9595,4.30283,49.41117,2
9596,4.30179,49.41108,2
9597,4.30283,49.41117,2
9598,4.30179,49.41108,2
9599,4.30179,49.41108,2
9600,4.30248,49.41029,2
9601,4.30232,49.4109,2
9602,4.30249,49.41092,2
9603,4.29569,49.41409,2
9604,4.30256,49.41045,2
9605,4.30261,49.40998,2
9606,4.30238,49.41044,2
9607,4.30243,49.40998,2
9608,4.30241,49.40951,2
9609,4.30258,49.40951,2
9610,4.30361,49.4092,2
9611,4.30361,49.4092,2
9612,4.30361,49.4092,2
9613,4.30361,49.4092,2
9614,4.30182,49.40922,2
9615,4.30053,49.40908,2
9616,4.29925,49.40906,2
9617,4.30228,49.40871,2
9618,4.30258,49.4092,2
9619,4.30361,49.4092,2
9620,4.30306,49.40914,2
9621,4.30331,49.40914,2
9622,4.30237,49.4112,2
9623,4.30237,49.4112,2
9624,4.30255,49.41116,2
9625,4.30238,49.41132,2
9626,4.30256,49.41128,2
9627,4.30266,49.41126,2
9628,4.30275,49.41124,2
9629,4.30284,49.41123,2
9630,4.29569,49.41409,2
9631,4.30292,49.41108,2
9632,4.3031,49.41105,2
9633,4.30302,49.41119,2
9634,4.30311,49.41117,2
9635,4.30335,49.41098,2
9636,4.30342,49.41109,2
9637,4.3032,49.41115,2
9638,4.30368,49.4109,2
9639,4.30375,49.41101,2
9640,4.30401,49.41081,2
9641,4.30408,49.41092,2
9642,4.30441,49.41084,2
9643,4.30348,49.41183,2
9644,4.30474,49.41075,2
9645,4.30501,49.41056,2
9646,4.29605,49.41408,2
9647,4.30478,49.410628,2
9648,4.30529,49.41082,2
9649,4.30562,49.41125,2
9650,4.30599,49.41147,2
9651,4.30617,49.41141,2
9652,4.30636,49.41135,2
9653,4.30602,49.41133,2
9654,4.30654,49.41129,2
9655,4.30642,49.4112,2
9656,4.30673,49.41123,2
9657,4.30692,49.41117,2
9658,4.3071,49.41111,2
9659,4.30729,49.41106,2
9660,4.30723,49.41095,2
9661,4.30748,49.411,2
9662,4.29569,49.41409,2
9663,4.30682,49.41107,2
9664,4.30763,49.41082,2
9665,4.30804,49.4107,2
9666,4.30766,49.41094,2
9667,4.30785,49.41088,2
9668,4.30804,49.41083,2
9669,4.30871,49.41032,2
9670,4.30859,49.41021,2
9671,4.30847,49.41009,2
9672,4.30835,49.40997,2
9673,4.30824,49.40986,2
9674,4.30845,49.40993,2
9675,4.30812,49.40974,2
9676,4.308,49.40962,2
9677,4.30574,49.41154,2
9678,4.29145,49.4133,2
9679,4.296128,49.413437,2
9680,4.30547,49.41149,2
9681,4.29145,49.4133,2
9682,4.30545,49.41162,2
9683,4.30524,49.41155,2
9684,4.30477,49.41167,2
9685,4.30487,49.41177,2
9686,4.30462,49.41182,2
9687,4.30446,49.41184,2
9688,4.30415,49.41187,2
9689,4.30383,49.41191,2
9690,4.30351,49.41194,2
9691,4.3032,49.41197,2
9692,4.30304,49.41199,2
9693,4.30301,49.41188,2
9694,4.30253,49.41193,2
9695,4.30288,49.41201,2
9696,4.30283,49.41117,2
9697,4.30272,49.41203,2
9698,4.30256,49.41204,2
9699,4.3024,49.41206,2
9700,4.30217,49.41205,2
9701,4.30193,49.412,2
9702,4.30525,49.41159,2
9703,4.30525,49.41159,2
9704,4.29936,49.41185,2
9705,4.30283,49.41117,2
9706,4.29423,49.41288,2
9707,4.29774,49.41212,2
9708,4.29734,49.41219,2
9709,4.29455,49.41282,2
9710,4.29487,49.41276,2
9711,4.29518,49.4127,2
9712,4.2955,49.41263,2
9713,4.29582,49.41257,2
9714,4.29653,49.41233,2
9715,4.29694,49.41226,2
9716,4.30188,49.41139,2
9717,4.30188,49.41139,2
9718,4.29613,49.4124,2
9719,4.29613,49.4124,2
9720,4.299667,49.414134,2
9721,4.3069,49.41007,2
9722,4.30716,49.40997,2
9723,4.30716,49.40997,2
9724,4.30798,49.41035,2
9725,4.30716,49.40997,2
9726,4.30707,49.40987,2
9727,4.30636,49.40948,2
9728,4.29595,49.41401,2
9729,4.30486,49.40936,2
9730,4.30581,49.40939,2
9731,4.30527,49.4093,2
9732,4.30472,49.40921,2
9733,4.30668,49.40966,2
9734,4.30269,49.4093,2
9735,4.30443,49.40909,2
9736,4.3069,49.40957,2
9737,4.30724,49.4081,2
9738,4.30728,49.40857,2
9739,4.30724,49.4081,2
9740,4.30725,49.40945,2
9741,4.30724,49.40776,2
9742,4.299626,49.414144,2
9743,4.30724,49.40776,2
9744,4.30724,49.40776,2
9745,4.30698,49.40835,2
9746,4.30724,49.4081,2
9747,4.30584,49.40881,2
9748,4.30625,49.40857,2
9749,4.30662,49.40846,2
9750,4.30731,49.40812,2
9751,4.30908,49.40729,2
9752,4.30724,49.40776,2
9753,4.30758,49.40965,2
9754,4.30814,49.40941,2
9755,4.30855,49.40924,2
9756,4.31225,49.40662,2
9757,4.30895,49.40908,2
9758,4.29562,49.41404,2
9759,4.30897,49.40922,2
9760,4.30907,49.40933,2
9761,4.30917,49.40944,2
9762,4.30928,49.40955,2
9763,4.30938,49.40966,2
9764,4.30948,49.40976,2
9765,4.30958,49.40987,2
9766,4.30969,49.40998,2
9767,4.29569,49.41409,2
9768,4.29569,49.41409,2
9769,4.29569,49.41409,2
9770,4.29569,49.41409,2
9771,4.29651,49.41381,2
9772,4.296366,49.413883,2
9773,4.299669,49.413461,2
9774,4.30927,49.40895,2
9775,4.30913,49.40915,2
9776,4.30959,49.40882,2
9777,4.3096,49.40895,2
9778,4.30157,49.41173,2
9779,4.30157,49.41173,2
9780,4.30157,49.41173,2
9781,4.30157,49.41173,2
9782,4.30157,49.41173,2
9783,4.30157,49.41173,2
9784,4.30157,49.41173,2
9785,4.30157,49.41173,2
9786,4.30157,49.41173,2
9787,4.30157,49.41173,2
9788,4.30157,49.41173,2
9789,4.30157,49.41173,2
9790,4.30157,49.41173,2
9791,4.30157,49.41173,2
9792,4.29145,49.4133,2
9793,4.30157,49.41173,2
9794,4.30092,49.41155,2
9795,4.30157,49.41173,2
9796,4.30157,49.41173,2
9797,4.30179,49.41108,2
9798,4.30157,49.41173,2
9799,4.30179,49.41108,2
9800,4.30157,49.41173,2
9801,4.30248,49.41029,2
9802,4.30997,49.40855,2
9803,4.30361,49.4092,2
9804,4.30972,49.40827,2
9805,4.30431,49.40916,2
9806,4.30274,49.41112,2
9807,4.30931,49.40828,2
9808,4.30516,49.41169,2
9809,4.31,49.40835,2
9810,4.323591,49.413464,2
9811,4.30994,49.40793,2
9812,4.31225,49.40662,2
9813,4.297621,49.413934,2
9814,4.30444,49.41172,2
9815,4.30923,49.40817,2
9816,4.30399,49.41189,2
9817,4.31068,49.4078,2
9818,4.31059,49.4077,2
9819,4.29896,49.41192,2
9820,4.31124,49.40746,2
9821,4.31133,49.40756,2
9822,4.31144,49.40733,2
9823,4.30188,49.41139,2
9824,4.31124,49.40713,2
9825,4.30707,49.40987,2
9826,4.3113,49.40697,2
9827,4.30758,49.40965,2
9828,4.31105,49.40693,2
9829,4.31085,49.40674,2
9830,4.31104,49.40671,2
9831,4.31197,49.40634,2
9832,4.30997,49.40872,2
9833,4.31185,49.4068,2
9834,4.315439,49.406715,2
9835,4.31163,49.40718,2
9836,4.31155,49.40723,2
9837,4.31131,49.40778,2
9838,4.30997,49.40872,2
9839,4.31262,49.40683,2
9840,4.30997,49.40872,2
9841,4.31238,49.40677,2
9842,4.30997,49.40872,2
9843,4.30997,49.40872,2
9844,4.30997,49.40872,2
9845,4.30997,49.40872,2
9846,4.31156,49.40801,2
9847,4.31216,49.40797,2
9848,4.31243,49.40819,2
9849,4.31202,49.40805,2
9850,4.31271,49.4084,2
9851,4.3123,49.40826,2
9852,4.31257,49.40848,2
9853,4.31217,49.40775,2
9854,4.29605,49.41408,2
9855,4.30997,49.40872,2
9856,4.30997,49.40872,2
9857,4.29855,49.41198,2
9858,4.30997,49.40872,2
9859,4.30997,49.40872,2
9860,4.30997,49.40872,2
9861,4.30997,49.40872,2
9862,4.30248,49.41029,2
9863,4.30997,49.40872,2
9864,4.30248,49.41029,2
9865,4.30997,49.40872,2
9866,4.30997,49.40872,2
9867,4.30997,49.40872,2
9868,4.30997,49.40872,2
9869,4.30997,49.40872,2
9870,4.30997,49.40872,2
9871,4.3147,49.40606,2
9872,4.31472,49.40649,2
9873,4.30188,49.41139,2
9874,4.31177,49.40729,2
9875,4.31232,49.40632,2
9876,4.31182,49.40703,2
9877,4.30798,49.41035,2
9878,4.31213,49.40672,2
9879,4.30335,49.41196,2
9880,4.31182,49.40703,2
9881,4.29953,49.414164,2
9882,4.29578,49.41402,2
9883,4.31149,49.40779,2
9884,4.30071,49.39943,2
9885,4.31182,49.40703,2
9886,4.298461,49.413929,2
9887,4.29546,49.41405,2
9888,4.70409,49.39884,2
9889,4.70392,49.39989,2
9890,4.70216,49.39787,2
9891,4.70619,49.40025,2
9892,4.70135,49.40639,2
9893,4.70253,49.4019,2
9894,4.70253,49.4019,2
9895,4.70253,49.4019,2
9896,4.70253,49.4019,2
9897,4.70261,49.39828,2
9898,4.70261,49.39828,2
9899,4.70221,49.39847,2
9900,4.70301,49.39829,2
9901,4.70286,49.39825,2
9902,4.70293,49.3984,2
9903,4.70308,49.39844,2
9904,4.7063,49.39976,2
9905,4.70323,49.39849,2
9906,4.70352,49.39858,2
9907,4.70352,49.39858,2
9908,4.70352,49.39858,2
9909,4.70367,49.39863,2
9910,4.70367,49.39863,2
9911,4.70367,49.39863,2
9912,4.70367,49.39863,2
9913,4.70367,49.39863,2
9914,4.70367,49.39863,2
9915,4.70367,49.39863,2
9916,4.70316,49.39834,2
9917,4.70346,49.39844,2
9918,4.70331,49.39839,2
9919,4.70382,49.39863,2
9920,4.70377,49.39852,2
9921,4.70377,49.39852,2
9922,4.70215,49.39744,2
9923,4.70377,49.39852,2
9924,4.70377,49.39852,2
9925,4.70377,49.39852,2
9926,4.70377,49.39852,2
9927,4.70377,49.39852,2
9928,4.70377,49.39852,2
9929,4.7044,49.39904,2
9930,4.70432,49.39894,2
9931,4.70392,49.39989,2
9932,4.70427,49.39889,2
9933,4.70427,49.39889,2
9934,4.70444,49.39939,2
9935,4.70444,49.39939,2
9936,4.70344,49.39953,2
9937,4.70358,49.39944,2
9938,4.70336,49.3994,2
9939,4.70342,49.39937,2
9940,4.70326,49.39949,2
9941,4.70422,49.39907,2
9942,4.70349,49.39934,2
9943,4.70342,49.39937,2
9944,4.70423,49.39884,2
9945,4.70203,49.39847,2
9946,4.70419,49.39879,2
9947,4.70203,49.39847,2
9948,4.70414,49.39875,2
9949,4.70203,49.39847,2
9950,4.70384,49.39864,2
9951,4.70203,49.39847,2
9952,4.70402,49.3986,2
9953,4.70203,49.39847,2
9954,4.70394,49.39846,2
9955,4.7039,49.3983,2
9956,4.70386,49.39813,2
9957,4.70388,49.39798,2
9958,4.70375,49.39842,2
9959,4.70375,49.39842,2
9960,4.70375,49.39842,2
9961,4.70373,49.39832,2
9962,4.70578,49.39955,2
9963,4.70371,49.39823,2
9964,4.70368,49.39813,2
9965,4.7038,49.39787,2
9966,4.70425,49.39791,2
9967,4.70425,49.39791,2
9968,4.70422,49.398,2
9969,4.70433,49.39813,2
9970,4.70443,49.39825,2
9971,4.70443,49.39825,2
9972,4.70443,49.39825,2
9973,4.70385,49.39759,2
9974,4.70443,49.39825,2
9975,4.70454,49.39838,2
9976,4.70464,49.3985,2
9977,4.70464,49.3985,2
9978,4.70466,49.39863,2
9979,4.70646,49.39969,2
9980,4.7058,49.39941,2
9981,4.70578,49.39955,2
9982,4.70578,49.39955,2
9983,4.70578,49.39955,2
9984,4.70578,49.39955,2
9985,4.70578,49.39955,2
9986,4.70578,49.39955,2
9987,4.70578,49.39955,2
9988,4.70578,49.39955,2
9989,4.70646,49.39969,2
9990,4.7063,49.39976,2
9991,4.70608,49.39974,2
9992,4.7059,49.39966,2
9993,4.7063,49.39976,2
9994,4.70646,49.39969,2
9995,4.70646,49.39969,2
9996,4.70654,49.39974,2
9997,4.70678,49.39971,2
9998,4.70697,49.39979,2
9999,4.7073,49.39947,2
10000,4.7074,49.3999,2
10001,4.70663,49.39978,2
10002,4.7074,49.3999,2
10003,4.70767,49.40009,2
10004,4.70812,49.40019,2
10005,4.70862,49.40026,2
10006,4.70862,49.40026,2
10007,4.70963,49.40007,2
10008,4.70914,49.40016,2
10009,4.71011,49.39997,2
10010,4.71059,49.39987,2
10011,4.71204,49.39956,2
10012,4.71212,49.39967,2
10013,4.71169,49.39976,2
10014,4.70738,49.39951,2
10015,4.70646,49.3998,2
10016,4.70638,49.39992,2
10017,4.70629,49.40007,2
10018,4.70609,49.40043,2
10019,4.70589,49.40079,2
10020,4.7056,49.40112,2
10021,4.7056,49.40112,2
10022,4.7056,49.40112,2
10023,4.7056,49.40112,2
10024,4.70599,49.40061,2
10025,4.70579,49.40097,2
10026,4.70559,49.40133,2
10027,4.70569,49.40115,2
10028,4.7056,49.40112,2
10029,4.70549,49.40151,2
10030,4.70495,49.40246,2
10031,4.703379,49.4043,2
10032,4.69981,49.39763,2
10033,4.70215,49.39744,2
10034,4.70215,49.39744,2
10035,4.70215,49.3975,2
10036,4.70198,49.39788,2
10037,4.702,49.39805,2
10038,4.70215,49.39771,2
10039,4.70215,49.39778,2
10040,4.70201,49.39825,2
10041,4.70217,49.39796,2
10042,4.70217,49.39796,2
10043,4.70217,49.39796,2
10044,4.70217,49.39796,2
10045,4.70234,49.39813,2
10046,4.70234,49.39813,2
10047,4.70234,49.39813,2
10048,4.70234,49.39813,2
10049,4.70261,49.39828,2
10050,4.70261,49.39828,2
10051,4.70261,49.39828,2
10052,4.7022,49.39836,2
10053,4.7022,49.39836,2
10054,4.7022,49.39836,2
10055,4.70261,49.39828,2
10056,4.7022,49.39836,2
10057,4.70261,49.39828,2
10058,4.70202,49.39836,2
10059,4.70204,49.39859,2
10060,4.70204,49.39859,2
10061,4.70203,49.39847,2
10062,4.70205,49.39881,2
10063,4.70205,49.3987,2
10064,4.70223,49.3987,2
10065,4.70223,49.39881,2
10066,4.70223,49.39881,2
10067,4.70227,49.39974,2
10068,4.70225,49.39895,2
10069,4.70207,49.39899,2
10070,4.70208,49.39907,2
10071,4.7021,49.39915,2
10072,4.70211,49.39923,2
10073,4.70228,49.39914,2
10074,4.70212,49.39931,2
10075,4.70178,49.39892,2
10076,4.70212,49.39931,2
10077,4.70212,49.39931,2
10078,4.70212,49.39931,2
10079,4.70213,49.39939,2
10080,4.70214,49.39946,2
10081,4.70232,49.3995,2
10082,4.70214,49.39953,2
10083,4.70215,49.39967,2
10084,4.70215,49.39967,2
10085,4.70217,49.39985,2
10086,4.70228,49.39914,2
10087,4.70352,49.39946,2
10088,4.70239,49.40021,2
10089,4.70239,49.40021,2
10090,4.70239,49.40021,2
10091,4.70239,49.40021,2
10092,4.7023,49.39933,2
10093,4.7024,49.4004,2
10094,4.70239,49.40021,2
10095,4.7025,49.40153,2
10096,4.70223,49.4005,2
10097,4.70226,49.40087,2
10098,4.7023,49.40125,2
10099,4.70233,49.40162,2
10100,4.70252,49.40172,2
10101,4.70239,49.40237,2
10102,4.70255,49.40209,2
10103,4.70011,49.41111,2
10104,4.70242,49.40302,2
10105,4.70228,49.40358,2
10106,4.70223,49.40377,2
10107,4.70223,49.40377,2
10108,4.70233,49.4034,2
10109,4.70247,49.40284,2
10110,4.70242,49.40302,2
10111,4.70252,49.40265,2
10112,4.70238,49.40321,2
10113,4.7021,49.40432,2
10114,4.70215,49.40414,2
10115,4.7022,49.40395,2
10116,4.70134,49.40644,2
10117,4.702,49.40469,2
10118,4.70205,49.40451,2
10119,4.70352,49.39858,2
10120,4.70367,49.39863,2
10121,4.70367,49.39863,2
10122,4.70377,49.39852,2
10123,4.70375,49.39842,2
10124,4.70409,49.39884,2
10125,4.70578,49.39955,2
10126,4.70722,49.39999,2
10127,4.7074,49.3999,2
10128,4.71084,49.39994,2
10129,4.71169,49.39976,2
10130,4.70738,49.39951,2
10131,4.7056,49.40112,2
10132,4.70552,49.40111,2
10133,4.7074,49.3999,2
10134,4.7056,49.40112,2
10135,4.70539,49.40169,2
10136,4.70529,49.40187,2
10137,4.70552,49.40111,2
10138,4.70211,49.39746,2
10139,4.70215,49.39757,2
10140,4.70197,49.39768,2
10141,4.70199,49.398,2
10142,4.70201,49.39817,2
10143,4.702,49.39811,2
10144,4.70215,49.39771,2
10145,4.70215,49.39771,2
10146,4.70219,49.39824,2
10147,4.70221,49.39847,2
10148,4.70204,49.39859,2
10149,4.70237,49.40003,2
10150,4.70231,49.40274,2
10151,4.70231,49.40274,2
10152,4.703359,49.404166,2
10153,4.70234,49.39813,2
10154,4.70236,49.40199,2
10155,4.70337,49.39853,2
10156,4.74989,49.39616,2
10157,4.72642,49.75108,2
10158,4.72556,49.75132,2
10159,4.72592,49.75141,2
10160,4.7262,49.75056,2
10161,4.72622,49.7509,2
10162,4.72818,49.75063,2
10163,4.72654,49.75053,2
10164,4.72733,49.74981,2
10165,4.71854,49.74636,2
10166,4.71918,49.74639,2
10167,4.71894,49.74851,2
10168,4.72489,49.74934,2
10169,4.72944,49.74126,2
10170,4.72944,49.74126,2
10171,4.72944,49.74126,2
10172,4.72944,49.74126,2
10173,4.72944,49.74126,2
10174,4.722931,49.739518,2
10175,4.72498,49.74812,2
10176,4.72514,49.74039,2
10177,4.724085,49.737528,2
10178,4.7259,49.74566,2
10179,4.72498,49.74812,2
10180,4.72418,49.75096,2
10181,4.72425,49.75113,2
10182,4.72498,49.74812,2
10183,4.72515,49.74705,2
10184,4.73099,49.7421,2
10185,4.73099,49.7421,2
10186,4.72498,49.74812,2
10187,4.72636,49.73619,2
10188,4.72472,49.73717,2
10189,4.72472,49.73717,2
10190,4.73073,49.75011,2
10191,4.72498,49.74812,2
10192,4.72544,49.74671,2
10193,4.72613,49.74505,2
10194,4.64071,49.93627,2
10195,4.64044,49.93724,2
10196,4.64059,49.93854,2
10197,4.64077,49.93861,2
10198,4.64116,49.93868,2
10199,4.64116,49.93868,2
10200,4.63997,49.93848,2
10201,4.63961,49.93823,2
10202,4.63955,49.9384,2
10203,4.63989,49.93783,2
10204,4.63949,49.93864,2
10205,4.6399,49.93797,2
10206,4.63558,49.93173,2
10207,4.64094,49.93201,2
10208,4.64228,49.93866,2
10209,4.64056,49.93573,2
10210,4.6399,49.93797,2
10211,4.6399,49.93797,2
10212,4.64077,49.93861,2
10213,4.64034,49.93703,2
10214,4.64034,49.93703,2
10215,4.64034,49.93703,2
10216,4.63869,49.9393,2
10217,4.6348,49.79997,2
10218,4.63834,49.79966,2
10219,4.62613,49.79293,2
10220,4.62613,49.79293,2
10221,4.63734,49.79783,2
10222,4.62974,49.79718,2
10223,4.648964,49.787198,2
10224,4.641389,49.787836,2
10225,4.638763,49.79297,2
10226,4.6284,49.79254,2
10227,4.6284,49.79254,2
10228,4.6284,49.79254,2
10229,4.62909,49.7923,2
10230,4.622439,49.793468,2
10231,4.6348,49.79997,2
10232,4.637,49.79754,2
10233,4.624287,49.793217,2
10234,4.63455,49.79751,2
10235,4.630158,49.796628,2
10236,4.62831,49.79505,2
10237,4.6284,49.79254,2
10238,4.641674,49.791065,2
10239,4.63687,49.79804,2
10240,4.6284,49.79254,2
10241,4.6284,49.79254,2
10242,4.6284,49.79254,2
10243,4.628664,49.792434,2
10244,4.63722,49.79586,2
10245,4.63722,49.79586,2
10246,4.63921,49.79567,2
10247,4.639548,49.798345,2
10248,4.63785,49.79751,2
10249,4.63785,49.79751,2
10250,4.63687,49.79804,2
10251,4.637,49.79754,2
10252,4.63834,49.79966,2
10253,4.6348,49.79997,2
10254,4.63506,49.79637,2
10255,4.63506,49.79637,2
10256,4.6348,49.79997,2
10257,4.63673,49.7985,2
10258,4.63687,49.79804,2
10259,4.63921,49.79567,2
10260,4.63921,49.79567,2
10261,4.64016,49.79363,2
10262,4.63687,49.79804,2
10263,4.63785,49.79751,2
10264,4.63734,49.79783,2
10265,4.635908,49.795198,2
10266,4.62831,49.79505,2
10267,4.62831,49.79505,2
10268,4.63683,49.79807,2
10269,5.0751,49.60531,2
10270,5.07741,49.60535,2
10271,5.07741,49.60535,2
10272,5.07572,49.60502,2
10273,5.07269,49.60614,2
10274,5.088414,49.596066,2
10275,5.07408,49.60914,2
10276,5.07662,49.60598,2
10277,5.07662,49.60598,2
10278,5.07651,49.60499,2
10279,5.0769,49.60512,2
10280,5.07741,49.60535,2
10281,5.07741,49.60535,2
10282,5.07715,49.60588,2
10283,5.0861,49.6044,2
10284,5.07451,49.60521,2
10285,5.06175,49.59655,2
10286,5.080051,49.598152,2
10287,5.07572,49.60502,2
10288,5.075012,49.608349,2
10289,5.07318,49.60758,2
10290,5.07313,49.60785,2
10291,5.07313,49.60785,2
10292,5.07313,49.60785,2
10293,5.07313,49.60785,2
10294,5.07313,49.60785,2
10295,5.08013,49.58214,2
10296,5.07451,49.60521,2
10297,5.07572,49.60502,2
10298,5.07512,49.60566,2
10299,5.07269,49.60614,2
10300,5.07269,49.60614,2
10301,5.07269,49.60614,2
10302,5.07269,49.60614,2
10303,5.07269,49.60614,2
10304,5.07269,49.60614,2
10305,5.07269,49.60614,2
10306,5.07269,49.60614,2
10307,5.07451,49.60591,2
10308,5.07615,49.60723,2
10309,5.07265,49.6118,2
10310,5.07615,49.60723,2
10311,5.07615,49.60723,2
10312,5.07697,49.6068,2
10313,5.07662,49.60598,2
10314,5.07715,49.60588,2
10315,5.07715,49.60588,2
10316,5.07797,49.60625,2
10317,5.07797,49.60625,2
10318,5.07698,49.60482,2
10319,5.07698,49.60482,2
10320,5.07745,49.60457,2
10321,5.07979,49.606,2
10322,5.0861,49.6044,2
10323,5.08036,49.60493,2
10324,5.07983,49.60588,2
10325,5.07983,49.60588,2
10326,5.06175,49.59655,2
10327,5.06175,49.59655,2
10328,5.07715,49.60588,2
10329,5.07447,49.60067,2
10330,5.08039,49.60504,2
10331,5.07715,49.60588,2
10332,5.06175,49.59655,2
10333,5.07146,49.60306,2
10334,5.07447,49.60067,2
10335,5.07447,49.60067,2
10336,5.07447,49.60067,2
10337,5.07447,49.60067,2
10338,4.30361,49.4092,2
10339,4.30997,49.40872,2
10340,4.30434,49.41073,2
10341,4.302273,49.408467,2
10342,4.29815,49.41205,2
10343,4.30092,49.41155,2
10344,4.30157,49.41173,2
10345,4.29423,49.41288,2
10346,4.29855,49.41198,2
10347,4.30525,49.41159,2
10348,4.29145,49.4133,2
10349,4.30179,49.41108,2
10350,4.30248,49.41029,2
10351,4.30248,49.41029,2
10352,4.30468,49.41065,2
10353,4.30468,49.41065,2
10354,4.30188,49.41139,2
10355,4.30551,49.411,2
10356,4.30997,49.40872,2
10357,4.30927,49.40962,2
10358,4.30997,49.40872,2
10359,4.31061,49.40776,2
10360,4.31061,49.40776,2
10361,4.31061,49.40776,2
10362,4.30997,49.40872,2
10363,4.29569,49.41409,2
10364,4.70242,49.40059,2
10365,4.70011,49.41111,2
10366,4.70738,49.39951,2
10367,4.70227,49.39974,2
10368,4.70353,49.40044,2
10369,4.70425,49.39791,2
10370,4.70661,49.39962,2
10371,4.70738,49.39951,2
10372,4.7056,49.40112,2
10373,4.70236,49.40199,2
10374,4.70236,49.40199,2
10375,4.70409,49.39884,2
10376,4.70738,49.39951,2
10377,4.7056,49.40112,2
10378,4.70234,49.39813,2
10379,4.7022,49.40013,2
10380,4.70236,49.40199,2
10381,4.70222,49.40311,2
10382,4.70227,49.39974,2
10383,4.749353,49.395874,2
10384,4.69981,49.39763,2
