"ID","Longitude","Latitude","ServiceTime (min)"
140864,4.71444,49.77014,2
140865,4.71315,49.77039,2
140866,4.71315,49.77039,2
140867,4.71315,49.77039,2
140868,4.71241,49.76982,2
140869,4.71241,49.76982,2
140870,4.71241,49.76982,2
140871,4.71241,49.76982,2
140872,4.71241,49.76982,2
140873,4.71221,49.76993,2
140874,4.71221,49.76993,2
140875,4.71241,49.76982,2
140876,4.71241,49.76982,2
140877,4.71221,49.76993,2
140878,4.71241,49.76982,2
140879,4.71241,49.76982,2
140880,4.71221,49.76993,2
140881,4.71221,49.76993,2
140882,4.71241,49.76982,2
140883,4.71221,49.76993,2
140884,4.71444,49.77014,2
140885,4.71241,49.76982,2
140886,4.71221,49.76993,2
140887,4.71221,49.76993,2
140888,4.71221,49.76993,2
140889,4.71241,49.76982,2
140890,4.71241,49.76982,2
140891,4.71241,49.76982,2
140892,4.71221,49.76993,2
140893,4.71221,49.76993,2
140894,4.71221,49.76993,2
140895,4.71241,49.76982,2
140896,4.71221,49.76993,2
140897,4.71221,49.76993,2
140898,4.71221,49.76993,2
140899,4.71221,49.76993,2
140900,4.71221,49.76993,2
140901,4.71241,49.76982,2
140902,4.71221,49.76993,2
140903,4.71221,49.76993,2
140904,4.71241,49.76982,2
140905,4.71241,49.76982,2
140906,4.71221,49.76993,2
140907,4.71221,49.76993,2
140908,4.71241,49.76982,2
140909,4.71241,49.76982,2
140910,4.71221,49.76993,2
140911,4.71221,49.76993,2
140912,4.71264,49.77012,2
140913,4.71271,49.77023,2
140914,4.71284,49.77047,2
140915,4.71271,49.77023,2
140916,4.71271,49.77023,2
140917,4.71271,49.77023,2
140918,4.71271,49.77023,2
140919,4.71271,49.77023,2
140920,4.71271,49.77023,2
140921,4.71271,49.77023,2
140922,4.71308,49.77089,2
140923,4.71316,49.77104,2
140924,4.71324,49.77118,2
140925,4.71332,49.77133,2
140926,4.7134,49.77147,2
140927,4.7134,49.77147,2
140928,4.7134,49.77147,2
140929,4.7134,49.77147,2
140930,4.7134,49.77147,2
140931,4.7134,49.77147,2
140932,4.7134,49.77147,2
140933,4.7134,49.77147,2
140934,4.71357,49.77177,2
140935,4.71357,49.77177,2
140936,4.71357,49.77177,2
140937,4.71357,49.77177,2
140938,4.71357,49.77177,2
140939,4.71357,49.77177,2
140940,4.71364,49.77156,2
140941,4.71359,49.77147,2
140942,4.71354,49.77138,2
140943,4.71343,49.77119,2
140944,4.71338,49.7711,2
140945,4.71333,49.771,2
140946,4.71333,49.771,2
140947,4.71333,49.771,2
140948,4.71328,49.77091,2
140949,4.71322,49.77081,2
140950,4.71317,49.77072,2
140951,4.71312,49.77063,2
140952,4.71307,49.77053,2
140953,4.71307,49.77053,2
140954,4.71307,49.77053,2
140955,4.71307,49.77053,2
140956,4.71307,49.77053,2
140957,4.71296,49.77034,2
140958,4.7129,49.77024,2
140959,4.71273,49.76994,2
140960,4.71273,49.76994,2
140961,4.71273,49.76994,2
140962,4.71315,49.77039,2
140963,4.71315,49.77039,2
140964,4.71315,49.77039,2
140965,4.71315,49.77039,2
140966,4.71331,49.77035,2
140967,4.71331,49.77035,2
140968,4.71331,49.77035,2
140969,4.71347,49.77032,2
140970,4.71364,49.77029,2
140971,4.71412,49.77019,2
140972,4.7191,49.76014,2
140973,4.71412,49.77019,2
140974,4.71429,49.77016,2
140975,4.71429,49.77016,2
140976,4.71429,49.77016,2
140977,4.71445,49.77013,2
140978,4.71333,49.77047,2
140979,4.71355,49.77043,2
140980,4.71355,49.77043,2
140981,4.71378,49.77038,2
140982,4.71378,49.77038,2
140983,4.71401,49.77034,2
140984,4.71424,49.77029,2
140985,4.71424,49.77029,2
140986,4.71424,49.77029,2
140987,4.71424,49.77029,2
140988,4.71424,49.77029,2
140989,4.71424,49.77029,2
140990,4.71447,49.77025,2
140991,4.71447,49.77025,2
140992,4.71447,49.77025,2
140993,4.71447,49.77025,2
140994,4.71447,49.77025,2
140995,4.71447,49.77025,2
140996,4.71402,49.76942,2
140997,4.71402,49.76942,2
140998,4.71402,49.76942,2
140999,4.71402,49.76942,2
141000,4.71402,49.76942,2
141001,4.71402,49.76942,2
141002,4.71408,49.76952,2
141003,4.71408,49.76952,2
141004,4.71414,49.76962,2
141005,4.71414,49.76962,2
141006,4.71414,49.76962,2
141007,4.7142,49.76973,2
141008,4.71426,49.76983,2
141009,4.71432,49.76993,2
141010,4.71438,49.77004,2
141011,4.71444,49.77014,2
141012,4.71444,49.77014,2
141013,4.71241,49.76982,2
141014,4.71221,49.76993,2
141015,4.71221,49.76993,2
141016,4.7134,49.77147,2
141017,4.71348,49.77162,2
141018,4.71333,49.771,2
141019,4.71307,49.77053,2
141020,4.71285,49.77014,2
141021,4.71315,49.77039,2
141022,4.71331,49.77035,2
141023,4.71424,49.77029,2
141024,4.71402,49.76942,2
141025,4.71444,49.77014,2
141026,4.71375,49.77175,2
141027,4.72016,49.77381,2
141028,4.72011,49.77354,2
141029,4.718,49.77478,2
141030,4.72087,49.77389,2
141031,4.72113,49.77392,2
141032,4.72087,49.77389,2
141033,4.72087,49.77389,2
141034,4.72087,49.77389,2
141035,4.72087,49.77389,2
141036,4.72087,49.77389,2
141037,4.72087,49.77389,2
141038,4.72113,49.77309,2
141039,4.72087,49.77389,2
141040,4.72087,49.77389,2
141041,4.72131,49.77306,2
141042,4.72087,49.77389,2
141043,4.72131,49.77306,2
141044,4.72087,49.77389,2
141045,4.72156,49.77317,2
141046,4.72087,49.77389,2
141047,4.72149,49.77306,2
141048,4.72087,49.77389,2
141049,4.72087,49.77389,2
141050,4.72087,49.77389,2
141051,4.72162,49.77328,2
141052,4.72087,49.77389,2
141053,4.72033,49.77332,2
141054,4.72018,49.77339,2
141055,4.72087,49.77389,2
141056,4.72087,49.77389,2
141057,4.72012,49.77349,2
141058,4.72087,49.77389,2
141059,4.72087,49.77389,2
141060,4.7201,49.7736,2
141061,4.72087,49.77389,2
141062,4.7201,49.7736,2
141063,4.72087,49.77389,2
141064,4.7201,49.7736,2
141065,4.72087,49.77389,2
141066,4.72087,49.77389,2
141067,4.72087,49.77389,2
141068,4.72087,49.77389,2
141069,4.72087,49.77389,2
141070,4.7206,49.77399,2
141071,4.72087,49.77389,2
141072,4.72087,49.77389,2
141073,4.7206,49.77399,2
141074,4.72087,49.77389,2
141075,4.72029,49.774,2
141076,4.72016,49.77381,2
141077,4.72087,49.77389,2
141078,4.72087,49.77389,2
141079,4.72087,49.77389,2
141080,4.72087,49.77389,2
141081,4.72087,49.77389,2
141082,4.72087,49.77389,2
141083,4.72087,49.77389,2
141084,4.72087,49.77389,2
141085,4.72087,49.77389,2
141086,4.72087,49.77389,2
141087,4.72087,49.77389,2
141088,4.72087,49.77389,2
141089,4.72087,49.77389,2
141090,4.72087,49.77389,2
141091,4.72087,49.77389,2
141092,4.72087,49.77389,2
141093,4.72087,49.77389,2
141094,4.72087,49.77389,2
141095,4.72087,49.77389,2
141096,4.72087,49.77389,2
141097,4.72159,49.77375,2
141098,4.72087,49.77389,2
141099,4.72159,49.77375,2
141100,4.72159,49.77375,2
141101,4.72159,49.77375,2
141102,4.72159,49.77375,2
141103,4.72159,49.77375,2
141104,4.72159,49.77375,2
141105,4.72159,49.77375,2
141106,4.72159,49.77375,2
141107,4.72087,49.77389,2
141108,4.72159,49.77375,2
141109,4.72159,49.77375,2
141110,4.72087,49.77389,2
141111,4.72087,49.77389,2
141112,4.72087,49.77389,2
141113,4.72087,49.77389,2
141114,4.72087,49.77389,2
141115,4.72087,49.77389,2
141116,4.71862,49.7741,2
141117,4.72087,49.77389,2
141118,4.71858,49.77486,2
141119,4.71879,49.77407,2
141120,4.71862,49.7741,2
141121,4.72087,49.77389,2
141122,4.71862,49.7741,2
141123,4.72087,49.77389,2
141124,4.71862,49.7741,2
141125,4.72087,49.77389,2
141126,4.7183,49.77417,2
141127,4.72087,49.77389,2
141128,4.71816,49.77421,2
141129,4.72087,49.77389,2
141130,4.71803,49.77423,2
141131,4.71862,49.7741,2
141132,4.71791,49.77426,2
141133,4.71862,49.7741,2
141134,4.71779,49.77429,2
141135,4.71862,49.7741,2
141136,4.71755,49.77434,2
141137,4.71862,49.7741,2
141138,4.71743,49.77437,2
141139,4.71862,49.7741,2
141140,4.7173,49.7744,2
141141,4.71862,49.7741,2
141142,4.71718,49.77443,2
141143,4.71862,49.7741,2
141144,4.7173,49.7744,2
141145,4.71862,49.7741,2
141146,4.71862,49.7741,2
141147,4.71706,49.77446,2
141148,4.72117,49.77398,2
141149,4.71702,49.77456,2
141150,4.71702,49.77456,2
141151,4.71702,49.77456,2
141152,4.71846,49.77414,2
141153,4.71702,49.77456,2
141154,4.71779,49.77429,2
141155,4.71779,49.77429,2
141156,4.7183,49.77417,2
141157,4.71779,49.77429,2
141158,4.71858,49.77486,2
141159,4.71841,49.77437,2
141160,4.71779,49.77429,2
141161,4.71841,49.77437,2
141162,4.71779,49.77429,2
141163,4.71835,49.77428,2
141164,4.71779,49.77429,2
141165,4.71779,49.77429,2
141166,4.71743,49.77437,2
141167,4.7173,49.7744,2
141168,4.7173,49.7744,2
141169,4.7173,49.7744,2
141170,4.7173,49.7744,2
141171,4.7173,49.7744,2
141172,4.7173,49.7744,2
141173,4.7173,49.7744,2
141174,4.7173,49.7744,2
141175,4.71694,49.77448,2
141176,4.71702,49.77456,2
141177,4.71702,49.77456,2
141178,4.71702,49.77456,2
141179,4.71702,49.77456,2
141180,4.71702,49.77456,2
141181,4.71702,49.77456,2
141182,4.71702,49.77456,2
141183,4.71702,49.77456,2
141184,4.71862,49.7741,2
141185,4.71702,49.77456,2
141186,4.71702,49.77456,2
141187,4.71711,49.77477,2
141188,4.71723,49.77474,2
141189,4.71734,49.77471,2
141190,4.71746,49.77469,2
141191,4.71758,49.77466,2
141192,4.7177,49.77463,2
141193,4.71933,49.77466,2
141194,4.71781,49.77462,2
141195,4.71792,49.77467,2
141196,4.71795,49.7747,2
141197,4.71804,49.77486,2
141198,4.71807,49.77494,2
141199,4.71811,49.77501,2
141200,4.71814,49.77509,2
141201,4.71818,49.77516,2
141202,4.71822,49.77523,2
141203,4.71846,49.77414,2
141204,4.71858,49.77486,2
141205,4.71858,49.77486,2
141206,4.71858,49.77486,2
141207,4.71858,49.77486,2
141208,4.71858,49.77486,2
141209,4.71841,49.77437,2
141210,4.71841,49.77437,2
141211,4.71841,49.77437,2
141212,4.71841,49.77437,2
141213,4.71841,49.77437,2
141214,4.71841,49.77437,2
141215,4.71841,49.77437,2
141216,4.71841,49.77437,2
141217,4.71841,49.77437,2
141218,4.71841,49.77437,2
141219,4.71862,49.7741,2
141220,4.7175,49.7743,2
141221,4.71917,49.77275,2
141222,4.71889,49.77269,2
141223,4.72087,49.77389,2
141224,4.71917,49.77275,2
141225,4.72001,49.77245,2
141226,4.71986,49.77248,2
141227,4.71986,49.77248,2
141228,4.71986,49.77248,2
141229,4.71986,49.77248,2
141230,4.71971,49.77252,2
141231,4.71971,49.77252,2
141232,4.71971,49.77252,2
141233,4.71971,49.77252,2
141234,4.71971,49.77252,2
141235,4.71971,49.77252,2
141236,4.71941,49.77258,2
141237,4.71941,49.77258,2
141238,4.71925,49.77261,2
141239,4.71925,49.77261,2
141240,4.71925,49.77261,2
141241,4.71925,49.77261,2
141242,4.71917,49.77275,2
141243,4.71925,49.77261,2
141244,4.71917,49.77275,2
141245,4.71889,49.77269,2
141246,4.71917,49.77275,2
141247,4.71889,49.77269,2
141248,4.71889,49.77269,2
141249,4.71863,49.77276,2
141250,4.72016,49.77381,2
141251,4.71837,49.77282,2
141252,4.71837,49.77282,2
141253,4.7185,49.77291,2
141254,4.71917,49.77275,2
141255,4.71917,49.77275,2
141256,4.71917,49.77275,2
141257,4.71917,49.77275,2
141258,4.71889,49.77282,2
141259,4.71917,49.77275,2
141260,4.71889,49.77282,2
141261,4.71917,49.77275,2
141262,4.71934,49.77271,2
141263,4.71969,49.77264,2
141264,4.71969,49.77264,2
141265,4.71969,49.77264,2
141266,4.71969,49.77264,2
141267,4.71969,49.77264,2
141268,4.71986,49.77261,2
141269,4.71986,49.77261,2
141270,4.71986,49.77261,2
141271,4.71986,49.77261,2
141272,4.71986,49.77261,2
141273,4.71986,49.77261,2
141274,4.72003,49.77257,2
141275,4.72003,49.77257,2
141276,4.71951,49.77268,2
141277,4.71951,49.77268,2
141278,4.71951,49.77268,2
141279,4.719469,49.77279,2
141280,4.71951,49.77268,2
141281,4.71951,49.77268,2
141282,4.71951,49.77268,2
141283,4.71951,49.77268,2
141284,4.71951,49.77268,2
141285,4.71951,49.77268,2
141286,4.72013,49.77343,2
141287,4.72013,49.77343,2
141288,4.72011,49.77354,2
141289,4.72011,49.77354,2
141290,4.72013,49.77343,2
141291,4.72087,49.77389,2
141292,4.72087,49.77389,2
141293,4.72087,49.77389,2
141294,4.72087,49.77389,2
141295,4.72087,49.77389,2
141296,4.72087,49.77389,2
141297,4.72087,49.77389,2
141298,4.72077,49.77314,2
141299,4.72113,49.77309,2
141300,4.72113,49.77309,2
141301,4.72113,49.77309,2
141302,4.72131,49.77306,2
141303,4.72131,49.77306,2
141304,4.72131,49.77306,2
141305,4.72131,49.77306,2
141306,4.72149,49.77306,2
141307,4.72149,49.77306,2
141308,4.72149,49.77306,2
141309,4.72149,49.77306,2
141310,4.72149,49.77306,2
141311,4.72156,49.77317,2
141312,4.72156,49.77317,2
141313,4.72001,49.77245,2
141314,4.72156,49.77317,2
141315,4.71986,49.77248,2
141316,4.72162,49.77328,2
141317,4.71971,49.77252,2
141318,4.71971,49.77252,2
141319,4.72162,49.77328,2
141320,4.71956,49.77255,2
141321,4.72162,49.77328,2
141322,4.71941,49.77258,2
141323,4.72033,49.77332,2
141324,4.71925,49.77261,2
141325,4.71925,49.77261,2
141326,4.72033,49.77332,2
141327,4.71889,49.77269,2
141328,4.72018,49.77339,2
141329,4.71889,49.77269,2
141330,4.72012,49.77349,2
141331,4.71889,49.77269,2
141332,4.72012,49.77349,2
141333,4.72012,49.77349,2
141334,4.71917,49.77275,2
141335,4.72012,49.77349,2
141336,4.7201,49.7736,2
141337,4.71889,49.77269,2
141338,4.7201,49.7736,2
141339,4.71837,49.77282,2
141340,4.72087,49.77389,2
141341,4.71889,49.77269,2
141342,4.72087,49.77389,2
141343,4.71917,49.77275,2
141344,4.71917,49.77275,2
141345,4.72087,49.77389,2
141346,4.71917,49.77275,2
141347,4.71934,49.77271,2
141348,4.71934,49.77271,2
141349,4.71969,49.77264,2
141350,4.72087,49.77389,2
141351,4.71969,49.77264,2
141352,4.72087,49.77389,2
141353,4.72003,49.77257,2
141354,4.72087,49.77389,2
141355,4.72003,49.77257,2
141356,4.7185,49.77291,2
141357,4.72087,49.77389,2
141358,4.72025,49.77335,2
141359,4.72087,49.77389,2
141360,4.71951,49.77268,2
141361,4.71951,49.77268,2
141362,4.7206,49.77399,2
141363,4.72029,49.774,2
141364,4.72025,49.77335,2
141365,4.71951,49.77268,2
141366,4.72029,49.774,2
141367,4.71951,49.77268,2
141368,4.71951,49.77268,2
141369,4.72013,49.77343,2
141370,4.72016,49.77381,2
141371,4.72087,49.77389,2
141372,4.72087,49.77389,2
141373,4.72016,49.77381,2
141374,4.30131,49.62884,2
141375,4.29835,49.62857,2
141376,4.30131,49.62884,2
141377,4.30131,49.62884,2
141378,4.30056,49.628766,2
141379,4.302072,49.628526,2
141380,4.30131,49.62884,2
141381,4.301086,49.6259,2
141382,4.30131,49.62884,2
141383,4.299652,49.631422,2
141384,4.317139,49.638656,2
141385,4.322681,49.63782,2
141386,4.327811,49.642739,2
141387,4.335847,49.642337,2
141388,4.29889,49.62853,2
141389,4.30131,49.62884,2
141390,4.30131,49.62884,2
141391,4.30131,49.62884,2
141392,4.300681,49.629033,2
141393,4.30131,49.62884,2
141394,4.300681,49.629033,2
141395,4.30131,49.62884,2
141396,4.30131,49.62884,2
141397,4.30131,49.62884,2
141398,4.30131,49.62884,2
141399,4.30131,49.62884,2
141400,4.30131,49.62884,2
141401,4.30131,49.62884,2
141402,4.301264,49.625862,2
141403,4.30131,49.62884,2
141404,4.30131,49.62884,2
141405,4.30131,49.62884,2
141406,4.30131,49.62884,2
141407,4.302335,49.629249,2
141408,4.302335,49.629249,2
141409,4.302579,49.629838,2
141410,4.30131,49.62884,2
141411,4.300853,49.629929,2
141412,4.30131,49.62884,2
141413,4.30397,49.6299,2
141414,4.30374,49.62982,2
141415,4.30131,49.62884,2
141416,4.32039,49.63844,2
141417,4.32039,49.63844,2
141418,4.32039,49.63844,2
141419,4.32039,49.63844,2
141420,4.32039,49.63844,2
141421,4.32039,49.63844,2
141422,4.319582,49.638535,2
141423,4.32039,49.63844,2
141424,4.32039,49.63844,2
141425,4.32039,49.63844,2
141426,4.32039,49.63844,2
141427,4.32039,49.63844,2
141428,4.32039,49.63844,2
141429,4.30131,49.62884,2
141430,4.69285,49.75488,2
141431,4.69227,49.75486,2
141432,4.69245,49.75483,2
141433,4.69263,49.7548,2
141434,4.69241,49.75496,2
141435,4.6922,49.755,2
141436,4.69198,49.75504,2
141437,4.680523,49.754225,2
141438,4.67521,49.752962,2
141439,4.69198,49.75504,2
141440,4.69198,49.75504,2
141441,4.69162,49.75511,2
141442,4.69198,49.75504,2
141443,4.68735,49.75413,2
141444,4.69295,49.7547,2
141445,4.6889,49.75286,2
141446,4.69314,49.75456,2
141447,4.6933,49.7542,2
141448,4.68821,49.75417,2
141449,4.69315,49.7542,2
141450,4.69637,49.75496,2
141451,4.68789,49.75375,2
141452,4.68834,49.75422,2
141453,4.69301,49.75421,2
141454,4.68834,49.75422,2
141455,4.68834,49.75422,2
141456,4.69299,49.7541,2
141457,4.69314,49.75409,2
141458,4.69328,49.75408,2
141459,4.69325,49.75396,2
141460,4.68698,49.75464,2
141461,4.69321,49.75359,2
141462,4.6932,49.75317,2
141463,4.69307,49.7532,2
141464,4.69294,49.75322,2
141465,4.69288,49.75311,2
141466,4.69301,49.75309,2
141467,4.69314,49.75306,2
141468,4.69201,49.75253,2
141469,4.69244,49.75258,2
141470,4.69287,49.75263,2
141471,4.69111,49.7552,2
141472,4.69111,49.7552,2
141473,4.69111,49.7552,2
141474,4.69111,49.7552,2
141475,4.69077,49.75523,2
141476,4.69059,49.75524,2
141477,4.69075,49.75512,2
141478,4.69037,49.75512,2
141479,4.69108,49.75509,2
141480,4.69056,49.75513,2
141481,4.69041,49.75525,2
141482,4.69006,49.75518,2
141483,4.69006,49.75518,2
141484,4.69006,49.75518,2
141485,4.68989,49.75515,2
141486,4.69,49.75505,2
141487,4.68971,49.75512,2
141488,4.68981,49.75501,2
141489,4.68936,49.75505,2
141490,4.68944,49.75495,2
141491,4.68925,49.75491,2
141492,4.68919,49.75502,2
141493,4.68907,49.75488,2
141494,4.68876,49.75494,2
141495,4.68841,49.75492,2
141496,4.68841,49.75492,2
141497,4.68841,49.75492,2
141498,4.68841,49.75492,2
141499,4.68725,49.7547,2
141500,4.68725,49.7547,2
141501,4.68698,49.75464,2
141502,4.68623,49.75148,2
141503,4.68714,49.75365,2
141504,4.68623,49.75148,2
141505,4.687391,49.754308,2
141506,4.68965,49.75316,2
141507,4.68689,49.75465,2
141508,4.68484,49.75503,2
141509,4.68696,49.75464,2
141510,4.6868,49.75466,2
141511,4.6868,49.75466,2
141512,4.68665,49.75468,2
141513,4.68665,49.75468,2
141514,4.68665,49.75468,2
141515,4.6865,49.75469,2
141516,4.6865,49.75469,2
141517,4.68635,49.75471,2
141518,4.6862,49.75473,2
141519,4.686009,49.753508,2
141520,4.68604,49.75474,2
141521,4.68589,49.75476,2
141522,4.68574,49.75478,2
141523,4.68557,49.75482,2
141524,4.68505,49.75502,2
141525,4.68488,49.75507,2
141526,4.69463,49.75483,2
141527,4.68488,49.75507,2
141528,4.6847,49.75511,2
141529,4.69024,49.75521,2
141530,4.68451,49.75516,2
141531,4.69006,49.75518,2
141532,4.68989,49.75515,2
141533,4.68431,49.7552,2
141534,4.68614,49.75517,2
141535,4.68901,49.75499,2
141536,4.68591,49.75511,2
141537,4.68841,49.75492,2
141538,4.68583,49.75493,2
141539,4.686,49.75488,2
141540,4.68623,49.75148,2
141541,4.68606,49.755,2
141542,4.68622,49.75505,2
141543,4.68643,49.75506,2
141544,4.68663,49.75506,2
141545,4.68775,49.75489,2
141546,4.68525,49.75487,2
141547,4.68683,49.75507,2
141548,4.68505,49.75502,2
141549,4.68704,49.75508,2
141550,4.68485,49.7539,2
141551,4.68484,49.75503,2
141552,4.68724,49.75508,2
141553,4.668842,49.75198,2
141554,4.68484,49.75503,2
141555,4.68328,49.75349,2
141556,4.68484,49.75503,2
141557,4.69056,49.75513,2
141558,4.68745,49.75509,2
141559,4.68643,49.75363,2
141560,4.68484,49.75503,2
141561,4.69056,49.75513,2
141562,4.68765,49.7551,2
141563,4.6867,49.74905,2
141564,4.68484,49.75503,2
141565,4.69375,49.75483,2
141566,4.68484,49.75503,2
141567,4.68786,49.75511,2
141568,4.6867,49.74905,2
141569,4.69463,49.75483,2
141570,4.6867,49.74905,2
141571,4.68808,49.75512,2
141572,4.69375,49.75483,2
141573,4.68781,49.75522,2
141574,4.68623,49.75148,2
141575,4.69375,49.75483,2
141576,4.68753,49.75521,2
141577,4.6867,49.74905,2
141578,4.69375,49.75483,2
141579,4.68746,49.7542,2
141580,4.68725,49.7552,2
141581,4.69375,49.75483,2
141582,4.69395,49.75233,2
141583,4.68698,49.7552,2
141584,4.69375,49.75483,2
141585,4.6867,49.75519,2
141586,4.69375,49.75483,2
141587,4.68642,49.75518,2
141588,4.69046,49.75265,2
141589,4.69014,49.75286,2
141590,4.68999,49.75297,2
141591,4.69028,49.7531,2
141592,4.69034,49.75322,2
141593,4.6901,49.75345,2
141594,4.69036,49.75381,2
141595,4.69061,49.75384,2
141596,4.69071,49.75394,2
141597,4.69059,49.75395,2
141598,4.69046,49.75396,2
141599,4.69034,49.75396,2
141600,4.69025,49.7539,2
141601,4.69017,49.75384,2
141602,4.69156,49.755,2
141603,4.69137,49.75501,2
141604,4.68876,49.75494,2
141605,4.68876,49.75494,2
141606,4.69129,49.75483,2
141607,4.68876,49.75494,2
141608,4.69121,49.75466,2
141609,4.69113,49.75448,2
141610,4.69105,49.7543,2
141611,4.69097,49.75413,2
141612,4.69089,49.75395,2
141613,4.6908,49.75376,2
141614,4.6907,49.75356,2
141615,4.6906,49.75335,2
141616,4.69051,49.75318,2
141617,4.69044,49.75305,2
141618,4.69037,49.75292,2
141619,4.68411,49.75524,2
141620,4.68391,49.75528,2
141621,4.68371,49.75532,2
141622,4.69732,49.75502,2
141623,4.68351,49.75536,2
141624,4.68331,49.7554,2
141625,4.6867,49.74905,2
141626,4.68311,49.75544,2
141627,4.6867,49.74905,2
141628,4.68291,49.75548,2
141629,4.68251,49.75548,2
141630,4.6889,49.75286,2
141631,4.6815,49.75548,2
141632,4.68417,49.75508,2
141633,4.675868,49.753102,2
141634,4.68133,49.75548,2
141635,4.68101,49.75546,2
141636,4.68089,49.75538,2
141637,4.67926,49.75537,2
141638,4.67751,49.75562,2
141639,4.683887,49.755301,2
141640,4.684038,49.75528,2
141641,4.68077,49.7553,2
141642,4.68484,49.75503,2
141643,4.68051,49.75476,2
141644,4.68166,49.75536,2
141645,4.68269,49.75534,2
141646,4.68293,49.7553,2
141647,4.68317,49.75525,2
141648,4.68366,49.75516,2
141649,4.68342,49.75521,2
141650,4.681148,49.753638,2
141651,4.68384,49.75513,2
141652,4.681148,49.753638,2
141653,4.681566,49.753693,2
141654,4.68395,49.75511,2
141655,4.681566,49.753693,2
141656,4.68902,49.75301,2
141657,4.681566,49.753693,2
141658,4.68428,49.75507,2
141659,4.681148,49.753638,2
141660,4.68902,49.75301,2
141661,4.680365,49.753204,2
141662,4.6844,49.75505,2
141663,4.680365,49.753204,2
141664,4.6889,49.75286,2
141665,4.68451,49.75503,2
141666,4.680518,49.752913,2
141667,4.680378,49.753186,2
141668,4.6889,49.7527,2
141669,4.68468,49.75499,2
141670,4.680518,49.752913,2
141671,4.680365,49.753204,2
141672,4.6889,49.7527,2
141673,4.68494,49.75492,2
141674,4.68494,49.75492,2
141675,4.67744,49.7422,2
141676,4.68494,49.75492,2
141677,4.68485,49.7539,2
141678,4.68485,49.7539,2
141679,4.68485,49.7539,2
141680,4.68504,49.75449,2
141681,4.68467,49.75393,2
141682,4.68467,49.75393,2
141683,4.68467,49.75393,2
141684,4.68514,49.75478,2
141685,4.68942,49.75311,2
141686,4.68496,49.75481,2
141687,4.68467,49.75393,2
141688,4.68477,49.75422,2
141689,4.68467,49.75393,2
141690,4.683943,49.753808,2
141691,4.68522,49.75362,2
141692,4.68487,49.75452,2
141693,4.683709,49.75384,2
141694,4.683435,49.753917,2
141695,4.68317,49.75408,2
141696,4.68289,49.75413,2
141697,4.68028,49.75436,2
141698,4.67994,49.75444,2
141699,4.67959,49.75451,2
141700,4.69463,49.75483,2
141701,4.679371,49.754499,2
141702,4.67908,49.75455,2
141703,4.678955,49.754489,2
141704,4.678955,49.754489,2
141705,4.67628,49.753615,2
141706,4.68155,49.75419,2
141707,4.67645,49.7536,2
141708,4.67853,49.75435,2
141709,4.680277,49.754302,2
141710,4.664679,49.750685,2
141711,4.66845,49.751897,2
141712,4.668548,49.751922,2
141713,4.69059,49.75524,2
141714,4.668464,49.751906,2
141715,4.69059,49.75524,2
141716,4.676111,49.753259,2
141717,4.676111,49.753259,2
141718,4.682212,49.754165,2
141719,4.69586,49.75504,2
141720,4.679371,49.754499,2
141721,4.679908,49.754416,2
141722,4.679908,49.754416,2
141723,4.68027,49.75425,2
141724,4.682475,49.754142,2
141725,4.68155,49.75414,2
141726,4.68252,49.75409,2
141727,4.68298,49.75399,2
141728,4.68337,49.75352,2
141729,4.68319,49.75352,2
141730,4.68324,49.75286,2
141731,4.68398,49.75382,2
141732,4.68386,49.753819,2
141733,4.68476,49.7537,2
141734,4.68491,49.75367,2
141735,4.684288,49.753766,2
141736,4.68491,49.75367,2
141737,4.685361,49.753592,2
141738,4.685416,49.753582,2
141739,4.68538,49.75371,2
141740,4.680088,49.755302,2
141741,4.68524,49.75373,2
141742,4.68547,49.75369,2
141743,4.68568,49.75366,2
141744,4.686671,49.753441,2
141745,4.68619,49.75363,2
141746,4.68643,49.75363,2
141747,4.68607,49.75352,2
141748,4.686644,49.753451,2
141749,4.68623,49.75148,2
141750,4.68655,49.75352,2
141751,4.68623,49.75148,2
141752,4.686644,49.753451,2
141753,4.68654,49.75304,2
141754,4.68654,49.75304,2
141755,4.68608,49.75227,2
141756,4.68571,49.75228,2
141757,4.68533,49.75229,2
141758,4.6841,49.75234,2
141759,4.68499,49.75228,2
141760,4.684162,49.752555,2
141761,4.684311,49.753074,2
141762,4.68468,49.75227,2
141763,4.684311,49.753074,2
141764,4.684312,49.753083,2
141765,4.68427,49.75216,2
141766,4.684312,49.753083,2
141767,4.683845,49.753181,2
141768,4.68461,49.75206,2
141769,4.68382,49.75282,2
141770,4.683871,49.752849,2
141771,4.68155,49.74997,2
141772,4.68445,49.75019,2
141773,4.68445,49.75019,2
141774,4.6847,49.75215,2
141775,4.683871,49.752849,2
141776,4.683871,49.752849,2
141777,4.685,49.75217,2
141778,4.68942,49.75311,2
141779,4.68533,49.75217,2
141780,4.6857,49.75216,2
141781,4.676054,49.753233,2
141782,4.68608,49.75215,2
141783,4.68615,49.75149,2
141784,4.68614,49.75121,2
141785,4.6863,49.75065,2
141786,4.68619,49.75093,2
141787,4.68735,49.75413,2
141788,4.68633,49.75136,2
141789,4.68646,49.7507,2
141790,4.68634,49.7517,2
141791,4.68635,49.75204,2
141792,4.68648,49.75246,2
141793,4.68664,49.75282,2
141794,4.68672,49.75301,2
141795,4.68679,49.75319,2
141796,4.68679,49.75319,2
141797,4.68685,49.75339,2
141798,4.68686,49.75346,2
141799,4.68736,49.75352,2
141800,4.68783,49.75346,2
141801,4.6873,49.75364,2
141802,4.68746,49.75362,2
141803,4.68763,49.75361,2
141804,4.68879,49.75466,2
141805,4.68864,49.75447,2
141806,4.6885,49.75429,2
141807,4.68822,49.75392,2
141808,4.69732,49.75502,2
141809,4.68807,49.75374,2
141810,4.68788,49.75357,2
141811,4.68788,49.75357,2
141812,4.6882,49.7535,2
141813,4.68852,49.75343,2
141814,4.68884,49.75337,2
141815,4.68884,49.75337,2
141816,4.68916,49.7533,2
141817,4.68916,49.7533,2
141818,4.68879,49.75326,2
141819,4.68911,49.75319,2
141820,4.68915,49.75316,2
141821,4.68902,49.75301,2
141822,4.68984,49.75308,2
141823,4.68973,49.75298,2
141824,4.68997,49.75281,2
141825,4.69732,49.75502,2
141826,4.69065,49.75244,2
141827,4.69182,49.75239,2
141828,4.69269,49.75249,2
141829,4.69085,49.75248,2
141830,4.68155,49.75419,2
141831,4.69157,49.75248,2
141832,4.6934,49.75251,2
141833,4.6936,49.75249,2
141834,4.69332,49.75263,2
141835,4.69395,49.75233,2
141836,4.69418,49.75229,2
141837,4.6941,49.75174,2
141838,4.69397,49.752,2
141839,4.69381,49.75247,2
141840,4.69391,49.75166,2
141841,4.73205,49.77842,2
141842,4.69198,49.75504,2
141843,4.69059,49.75357,2
141844,4.685416,49.753582,2
141845,4.70009,49.75504,2
141846,4.70069,49.75528,2
141847,4.69375,49.75483,2
141848,4.70114,49.75537,2
141849,4.70114,49.75537,2
141850,4.70032,49.75569,2
141851,4.69375,49.75483,2
141852,4.69956,49.7553,2
141853,4.69936,49.75528,2
141854,4.69915,49.75527,2
141855,4.69894,49.75525,2
141856,4.69874,49.75524,2
141857,4.69853,49.75522,2
141858,4.69812,49.75519,2
141859,4.69791,49.75518,2
141860,4.676111,49.753259,2
141861,4.6977,49.75516,2
141862,4.69747,49.75515,2
141863,4.69725,49.75513,2
141864,4.69703,49.75512,2
141865,4.6968,49.75511,2
141866,4.69699,49.755,2
141867,4.69876,49.75512,2
141868,4.69658,49.75509,2
141869,4.69665,49.75498,2
141870,4.69665,49.75498,2
141871,4.69637,49.75496,2
141872,4.69638,49.75508,2
141873,4.69621,49.75506,2
141874,4.69603,49.75505,2
141875,4.69568,49.7549,2
141876,4.69545,49.75489,2
141877,4.69501,49.75485,2
141878,4.69614,49.75494,2
141879,4.69463,49.75483,2
141880,4.69482,49.75484,2
141881,4.69534,49.75499,2
141882,4.69551,49.75501,2
141883,4.69522,49.75487,2
141884,4.69517,49.75498,2
141885,4.6948,49.75496,2
141886,4.6944,49.75482,2
141887,4.69444,49.75494,2
141888,4.69414,49.75481,2
141889,4.69428,49.75493,2
141890,4.69387,49.75479,2
141891,4.69412,49.75492,2
141892,4.693,49.75487,2
141893,4.6938,49.75491,2
141894,4.69396,49.75492,2
141895,4.69364,49.7549,2
141896,4.69348,49.75489,2
141897,4.6936,49.75478,2
141898,4.6932,49.75469,2
141899,4.69375,49.75483,2
141900,4.69339,49.75434,2
141901,4.69332,49.75488,2
141902,4.69339,49.75358,2
141903,4.69323,49.75284,2
141904,4.69343,49.75395,2
141905,4.69586,49.75504,2
141906,4.69316,49.75487,2
141907,4.69307,49.75475,2
141908,4.693,49.75487,2
141909,4.52143,49.92563,2
141910,4.52158,49.92573,2
141911,4.5215,49.92568,2
141912,4.52176,49.92551,2
141913,4.52192,49.92557,2
141914,4.52158,49.92573,2
141915,4.52173,49.92582,2
141916,4.52178,49.92601,2
141917,4.52166,49.92578,2
141918,4.52184,49.92605,2
141919,4.52235,49.92536,2
141920,4.52187,49.9259,2
141921,4.52194,49.92594,2
141922,4.52208,49.92603,2
141923,4.52208,49.92603,2
141924,4.52218,49.92591,2
141925,4.52226,49.92574,2
141926,4.52226,49.92574,2
141927,4.52226,49.92574,2
141928,4.52008,49.92512,2
141929,4.52226,49.92574,2
141930,4.52264,49.9251,2
141931,4.52226,49.92574,2
141932,4.51949,49.92507,2
141933,4.52226,49.92574,2
141934,4.52134,49.92563,2
141935,4.51981,49.92506,2
141936,4.52087,49.92498,2
141937,4.51965,49.92506,2
141938,4.52191,49.92608,2
141939,4.52197,49.92612,2
141940,4.52203,49.92616,2
141941,4.52202,49.92616,2
141942,4.52178,49.92601,2
141943,4.52172,49.92597,2
141944,4.52074,49.92585,2
141945,4.52153,49.92586,2
141946,4.52153,49.92586,2
141947,4.52159,49.9259,2
141948,4.52146,49.92581,2
141949,4.52186,49.92549,2
141950,4.52186,49.92549,2
141951,4.52146,49.92581,2
141952,4.52146,49.92581,2
141953,4.52138,49.92576,2
141954,4.52122,49.92566,2
141955,4.52114,49.92561,2
141956,4.52103,49.92556,2
141957,4.52103,49.92556,2
141958,4.52071,49.92562,2
141959,4.52071,49.9256,2
141960,4.52094,49.92608,2
141961,4.52075,49.92568,2
141962,4.5209,49.926,2
141963,4.52086,49.92592,2
141964,4.52035,49.92541,2
141965,4.52074,49.92606,2
141966,4.520432,49.925658,2
141967,4.520432,49.925658,2
141968,4.52081,49.92622,2
141969,4.52081,49.92622,2
141970,4.52081,49.92622,2
141971,4.52088,49.92635,2
141972,4.52094,49.92608,2
141973,4.52074,49.92585,2
141974,4.52094,49.92648,2
141975,4.52094,49.92648,2
141976,4.52101,49.92661,2
141977,4.52094,49.92608,2
141978,4.52106,49.92556,2
141979,4.52057,49.92569,2
141980,4.52054,49.92565,2
141981,4.52037,49.92567,2
141982,4.52035,49.92541,2
141983,4.51992,49.92662,2
141984,4.51994,49.92656,2
141985,4.51994,49.92656,2
141986,4.51995,49.92649,2
141987,4.51997,49.92643,2
141988,4.51999,49.92636,2
141989,4.52,49.9263,2
141990,4.52004,49.92617,2
141991,4.52002,49.92623,2
141992,4.52005,49.92611,2
141993,4.52005,49.92611,2
141994,4.52007,49.92604,2
141995,4.52008,49.92598,2
141996,4.52008,49.92598,2
141997,4.52008,49.92598,2
141998,4.5201,49.92591,2
141999,4.52012,49.92585,2
142000,4.52013,49.92578,2
142001,4.52013,49.92578,2
142002,4.52013,49.92578,2
142003,4.52013,49.92578,2
142004,4.52013,49.92578,2
142005,4.52015,49.92572,2
142006,4.52015,49.92572,2
142007,4.52018,49.92558,2
142008,4.52035,49.92541,2
142009,4.52021,49.9255,2
142010,4.52021,49.9255,2
142011,4.52021,49.9255,2
142012,4.51933,49.92507,2
142013,4.52021,49.9255,2
142014,4.52025,49.92535,2
142015,4.52013,49.92525,2
142016,4.52023,49.92542,2
142017,4.52027,49.92527,2
142018,4.520282,49.925409,2
142019,4.52021,49.92516,2
142020,4.52003,49.92532,2
142021,4.51992,49.9254,2
142022,4.51992,49.9254,2
142023,4.51982,49.92547,2
142024,4.51971,49.92554,2
142025,4.51961,49.92561,2
142026,4.51951,49.92569,2
142027,4.5194,49.92576,2
142028,4.5193,49.92583,2
142029,4.51949,49.92553,2
142030,4.5197,49.92546,2
142031,4.51934,49.92563,2
142032,4.51919,49.92574,2
142033,4.51963,49.92543,2
142034,4.51978,49.92532,2
142035,4.51993,49.92522,2
142036,4.5197,49.92546,2
142037,4.52008,49.92512,2
142038,4.52008,49.92512,2
142039,4.52008,49.92512,2
142040,4.52008,49.92512,2
142041,4.52008,49.92512,2
142042,4.52008,49.92512,2
142043,4.52008,49.92512,2
142044,4.52008,49.92512,2
142045,4.52166,49.92578,2
142046,4.52008,49.92512,2
142047,4.52166,49.92578,2
142048,4.51922,49.92502,2
142049,4.52154,49.92653,2
142050,4.52154,49.92653,2
142051,4.5218,49.92586,2
142052,4.52115,49.92651,2
142053,4.5218,49.92586,2
142054,4.52154,49.92653,2
142055,4.52194,49.92594,2
142056,4.52154,49.92653,2
142057,4.52201,49.92599,2
142058,4.52154,49.92653,2
142059,4.52215,49.92607,2
142060,4.52154,49.92653,2
142061,4.52235,49.92557,2
142062,4.52154,49.92653,2
142063,4.52154,49.92653,2
142064,4.52166,49.92593,2
142065,4.52154,49.92653,2
142066,4.51922,49.92502,2
142067,4.52122,49.92566,2
142068,4.51922,49.92502,2
142069,4.51922,49.92502,2
142070,4.52088,49.92635,2
142071,4.51922,49.92502,2
142072,4.52074,49.92606,2
142073,4.51922,49.92502,2
142074,4.51922,49.92502,2
142075,4.52035,49.92541,2
142076,4.51922,49.92502,2
142077,4.51922,49.92502,2
142078,4.52017,49.92565,2
142079,4.51922,49.92502,2
142080,4.52021,49.9255,2
142081,4.51922,49.92502,2
142082,4.52021,49.9255,2
142083,4.51922,49.92502,2
142084,4.52025,49.92535,2
142085,4.51922,49.92502,2
142086,4.52029,49.92519,2
142087,4.51922,49.92502,2
142088,4.51922,49.92502,2
142089,4.5197,49.92546,2
142090,4.51922,49.92502,2
142091,4.52009,49.92488,2
142092,4.51922,49.92502,2
142093,4.51922,49.92502,2
142094,4.51885,49.92509,2
142095,4.51853,49.9251,2
142096,4.51901,49.92509,2
142097,4.51949,49.92507,2
142098,4.51949,49.92507,2
142099,4.51949,49.92507,2
142100,4.51949,49.92507,2
142101,4.51949,49.92507,2
142102,4.51869,49.9251,2
142103,4.51977,49.92494,2
142104,4.52002,49.92493,2
142105,4.520278,49.925301,2
142106,4.52139,49.92407,2
142107,4.51981,49.92506,2
142108,4.51981,49.92506,2
142109,4.51981,49.92506,2
142110,4.52013,49.92578,2
142111,4.51981,49.92506,2
142112,4.51981,49.92506,2
142113,4.51997,49.92505,2
142114,4.51997,49.92505,2
142115,4.52186,49.92549,2
142116,4.51997,49.92505,2
142117,4.51997,49.92505,2
142118,4.51965,49.92506,2
142119,4.51965,49.92506,2
142120,4.51965,49.92506,2
142121,4.51965,49.92506,2
142122,4.51965,49.92506,2
142123,4.51965,49.92506,2
142124,4.51965,49.92506,2
142125,4.51965,49.92506,2
142126,4.51965,49.92506,2
142127,4.51965,49.92506,2
142128,4.51965,49.92506,2
142129,4.51965,49.92506,2
142130,4.51965,49.92506,2
142131,4.51965,49.92506,2
142132,4.51965,49.92506,2
142133,4.51965,49.92506,2
142134,4.52079,49.92576,2
142135,4.52079,49.92576,2
142136,4.52082,49.92584,2
142137,4.52226,49.92574,2
142138,4.52186,49.92549,2
142139,4.52106,49.92556,2
142140,4.52186,49.92549,2
142141,4.5215,49.92568,2
142142,4.515351,49.942445,2
142143,4.52037,49.92567,2
142144,4.52079,49.92576,2
142145,4.52071,49.92562,2
142146,4.52065,49.92587,2
142147,4.52065,49.92587,2
142148,4.52065,49.92587,2
142149,4.11824,49.46953,2
142150,4.11813,49.46945,2
142151,4.11653,49.46922,2
142152,4.11799,49.46818,2
142153,4.11805,49.46823,2
142154,4.11731,49.46853,2
142155,4.11743,49.4682,2
142156,4.11744,49.46781,2
142157,4.11594,49.4685,2
142158,4.11545,49.46869,2
142159,4.11496,49.46887,2
142160,4.11604,49.46835,2
142161,4.11561,49.46819,2
142162,4.11518,49.46803,2
142163,4.11574,49.46838,2
142164,4.11489,49.46805,2
142165,4.11452,49.46774,2
142166,4.11469,49.46761,2
142167,4.11407,49.4681,2
142168,4.11519,49.46722,2
142169,4.11382,49.46829,2
142170,4.11357,49.46848,2
142171,4.11333,49.46867,2
142172,4.11308,49.46886,2
142173,4.11283,49.46905,2
142174,4.11552,49.46696,2
142175,4.11491,49.46762,2
142176,4.11569,49.46683,2
142177,4.11431,49.4679,2
142178,4.11438,49.46737,2
142179,4.11348,49.46737,2
142180,4.11148,49.4684,2
142181,4.11464,49.46705,2
142182,4.11464,49.46705,2
142183,4.1144,49.46801,2
142184,4.11406,49.46828,2
142185,4.11371,49.46855,2
142186,4.11336,49.46882,2
142187,4.11302,49.46909,2
142188,4.11281,49.46926,2
142189,4.11262,49.46942,2
142190,4.11234,49.46966,2
142191,4.11205,49.46989,2
142192,4.11177,49.47012,2
142193,4.11364,49.46851,2
142194,4.11245,49.46918,2
142195,4.11225,49.46916,2
142196,4.11238,49.46906,2
142197,4.111838,49.468865,2
142198,4.111812,49.468928,2
142199,4.11182,49.4686,2
142200,4.12406,49.46951,2
142201,4.12438,49.46924,2
142202,4.11125,49.46816,2
142203,4.11148,49.4684,2
142204,4.11135,49.46843,2
142205,4.11135,49.46843,2
142206,4.11135,49.46843,2
142207,4.11135,49.46843,2
142208,4.11135,49.46843,2
142209,4.11135,49.46843,2
142210,4.11074,49.46815,2
142211,4.11074,49.46815,2
142212,4.11074,49.46815,2
142213,4.11074,49.46815,2
142214,4.11074,49.46815,2
142215,4.11074,49.46815,2
142216,4.11556,49.49189,2
142217,4.11459,49.49004,2
142218,4.1152,49.49053,2
142219,4.11539,49.49074,2
142220,4.11459,49.49004,2
142221,4.1145,49.49007,2
142222,4.11459,49.49004,2
142223,4.11511,49.48934,2
142224,4.11459,49.49052,2
142225,4.11573,49.48945,2
142226,4.11511,49.48934,2
142227,4.11488,49.48929,2
142228,4.11408,49.48947,2
142229,4.11511,49.48934,2
142230,4.11377,49.48961,2
142231,4.11459,49.49004,2
142232,4.11273,49.48916,2
142233,4.11309,49.48922,2
142234,4.11242,49.48895,2
142235,4.11213,49.48852,2
142236,4.111857,49.488532,2
142237,4.11156,49.48826,2
142238,4.11127,49.48803,2
142239,4.11127,49.48803,2
142240,4.11099,49.4878,2
142241,4.11053,49.48753,2
142242,4.11053,49.48753,2
142243,4.11127,49.48803,2
142244,4.11099,49.4878,2
142245,4.11065,49.48744,2
142246,4.11307,49.48936,2
142247,4.11338,49.48954,2
142248,4.11366,49.4897,2
142249,4.11449,49.49053,2
142250,4.11383,49.48985,2
142251,4.11365,49.49003,2
142252,4.11346,49.4902,2
142253,4.11327,49.49037,2
142254,4.11168,49.49139,2
142255,4.11306,49.49054,2
142256,4.11514,49.4669,2
142257,4.11204,49.49122,2
142258,4.1121,49.49126,2
142259,4.11204,49.49122,2
142260,4.11204,49.49122,2
142261,4.11204,49.49122,2
142262,4.11285,49.4907,2
142263,4.11285,49.4907,2
142264,4.11148,49.4684,2
142265,4.12251,49.46806,2
142266,4.11786,49.47139,2
142267,4.12251,49.46806,2
142268,4.11148,49.4684,2
142269,4.12164,49.46877,2
142270,4.11867,49.47078,2
142271,4.11883,49.47062,2
142272,4.11799,49.46994,2
142273,4.11476,49.46787,2
142274,4.11424,49.4677,2
142275,4.11514,49.4669,2
142276,4.1144,49.46801,2
142277,4.11364,49.46851,2
142278,4.1136,49.48959,2
142279,4.11556,49.49189,2
142280,4.11459,49.48997,2
142281,4.11569,49.48957,2
142282,4.11349,49.48945,2
142283,4.11258,49.48889,2
142284,4.11214,49.48872,2
142285,4.11185,49.48849,2
142286,4.11121,49.4878,2
142287,4.11038,49.4866,2
142288,4.11491,49.46762,2
142289,4.113359,49.467818,2
142290,4.11424,49.4677,2
142291,4.11424,49.4677,2
142292,4.11204,49.49122,2
142293,4.11204,49.49122,2
142294,4.11408,49.48947,2
142295,4.11514,49.4669,2
142296,4.11511,49.48934,2
142297,4.11797,49.47148,2
142298,4.11808,49.47126,2
142299,4.11808,49.47126,2
142300,4.11826,49.47111,2
142301,4.1182,49.47135,2
142302,4.11839,49.4712,2
142303,4.11844,49.47096,2
142304,4.11876,49.47088,2
142305,4.11853,49.471012,2
142306,4.11867,49.47078,2
142307,4.11914,49.47051,2
142308,4.11917,49.47046,2
142309,4.11883,49.47062,2
142310,4.11883,49.47062,2
142311,4.11883,49.47062,2
142312,4.1185,49.47071,2
142313,4.11829,49.47063,2
142314,4.11825,49.47047,2
142315,4.11809,49.47053,2
142316,4.11807,49.47035,2
142317,4.11424,49.4677,2
142318,4.11795,49.47043,2
142319,4.11424,49.4677,2
142320,4.1179,49.47023,2
142321,4.11773,49.47011,2
142322,4.11767,49.47024,2
142323,4.11754,49.47015,2
142324,4.11799,49.46994,2
142325,4.11733,49.46998,2
142326,4.1161,49.47017,2
142327,4.11879,49.46809,2
142328,4.11733,49.46998,2
142329,4.11733,49.46998,2
142330,4.11879,49.46809,2
142331,4.11513,49.47039,2
142332,4.11468,49.46997,2
142333,4.11474,49.46994,2
142334,4.11478,49.47014,2
142335,4.11468,49.46997,2
142336,4.11409,49.46963,2
142337,4.11537,49.47188,2
142338,5.03074,49.61231,2
142339,5.03113,49.61136,2
142340,5.03485,49.61485,2
142341,5.03074,49.61231,2
142342,5.03519,49.61628,2
142343,5.03537,49.61569,2
142344,5.03303,49.61614,2
142345,5.03537,49.61569,2
142346,5.03537,49.61569,2
142347,5.03537,49.61569,2
142348,5.03537,49.61569,2
142349,5.03537,49.61569,2
142350,5.03537,49.61569,2
142351,5.03537,49.61569,2
142352,5.03537,49.61569,2
142353,5.03537,49.61569,2
142354,5.03537,49.61569,2
142355,5.03588,49.61652,2
142356,5.03521,49.61653,2
142357,5.03606,49.6164,2
142358,5.03541,49.61672,2
142359,5.03483,49.61649,2
142360,5.03519,49.61628,2
142361,5.03519,49.61628,2
142362,5.03128,49.61839,2
142363,5.03291,49.61615,2
142364,5.03303,49.61614,2
142365,5.03303,49.61624,2
142366,5.03303,49.61614,2
142367,5.03485,49.61485,2
142368,5.02922,49.61202,2
142369,5.02922,49.61202,2
142370,5.02922,49.61202,2
142371,5.03291,49.61416,2
142372,5.03282,49.61406,2
142373,5.03272,49.61398,2
142374,5.0326,49.6139,2
142375,5.03247,49.61382,2
142376,5.03235,49.61375,2
142377,5.03223,49.61367,2
142378,5.02922,49.61202,2
142379,5.0321,49.61359,2
142380,5.03198,49.61352,2
142381,5.03173,49.61336,2
142382,5.03161,49.61329,2
142383,5.03149,49.61321,2
142384,5.03137,49.61313,2
142385,5.03124,49.61305,2
142386,5.03112,49.61297,2
142387,5.031,49.61289,2
142388,5.02922,49.61202,2
142389,5.03088,49.61281,2
142390,5.03088,49.61281,2
142391,5.03076,49.61274,2
142392,5.03064,49.61266,2
142393,5.03052,49.61258,2
142394,5.02922,49.61202,2
142395,5.02922,49.61202,2
142396,5.02922,49.61202,2
142397,5.02922,49.61202,2
142398,5.02922,49.61202,2
142399,5.02922,49.61202,2
142400,5.02922,49.61202,2
142401,5.02922,49.61202,2
142402,5.02922,49.61202,2
142403,5.02922,49.61202,2
142404,5.02922,49.61202,2
142405,5.03283,49.61389,2
142406,5.02922,49.61202,2
142407,5.02922,49.61202,2
142408,5.02922,49.61202,2
142409,5.03035,49.6139,2
142410,5.02922,49.61202,2
142411,5.02922,49.61202,2
142412,5.02922,49.61202,2
142413,5.02922,49.61202,2
142414,5.02922,49.61202,2
142415,5.02922,49.61202,2
142416,5.02922,49.61202,2
142417,5.02922,49.61202,2
142418,5.02922,49.61202,2
142419,5.02922,49.61202,2
142420,5.02922,49.61202,2
142421,5.02922,49.61202,2
142422,5.02922,49.61202,2
142423,5.02534,49.61087,2
142424,5.02551,49.61108,2
142425,5.02922,49.61202,2
142426,5.02922,49.61202,2
142427,5.02922,49.61202,2
142428,5.02922,49.61202,2
142429,5.02922,49.61202,2
142430,5.027112,49.611554,2
142431,5.02922,49.61202,2
142432,5.02922,49.61202,2
142433,5.02922,49.61202,2
142434,5.02922,49.61202,2
142435,5.02922,49.61202,2
142436,5.02922,49.61202,2
142437,5.02922,49.61202,2
142438,5.02922,49.61202,2
142439,5.02922,49.61202,2
142440,5.02922,49.61202,2
142441,5.02922,49.61202,2
142442,5.02922,49.61202,2
142443,5.02922,49.61202,2
142444,5.02922,49.61202,2
142445,5.02922,49.61202,2
142446,5.03055,49.61238,2
142447,5.02922,49.61202,2
142448,5.02922,49.61202,2
142449,5.02922,49.61202,2
142450,5.02922,49.61202,2
142451,5.02922,49.61202,2
142452,5.03055,49.61238,2
142453,5.03056,49.61216,2
142454,5.03065,49.61227,2
142455,5.02529,49.61062,2
142456,5.03519,49.60151,2
142457,5.03521,49.61653,2
142458,5.03195,49.61024,2
142459,5.03061,49.61181,2
142460,5.03094,49.61136,2
142461,5.03127,49.6109,2
142462,5.03502,49.60149,2
142463,5.03406,49.60603,2
142464,5.03167,49.61034,2
142465,5.03172,49.61055,2
142466,5.03186,49.61079,2
142467,5.03186,49.61079,2
142468,5.03181,49.61082,2
142469,5.03423,49.60606,2
142470,5.03067,49.61247,2
142471,5.03074,49.61214,2
142472,5.03065,49.61227,2
142473,5.03065,49.61227,2
142474,5.03065,49.61227,2
142475,5.0307,49.61253,2
142476,5.03094,49.61269,2
142477,5.03117,49.61284,2
142478,5.0314,49.61299,2
142479,5.03164,49.61314,2
142480,5.03188,49.61329,2
142481,5.03211,49.61344,2
142482,5.03235,49.61359,2
142483,5.03259,49.61374,2
142484,5.03283,49.61389,2
142485,5.03303,49.61406,2
142486,5.02922,49.61202,2
142487,5.03519,49.61628,2
142488,5.03519,49.61628,2
142489,5.03519,49.61628,2
142490,5.03519,49.61628,2
142491,5.03537,49.61569,2
142492,5.03519,49.61628,2
142493,5.03595,49.61666,2
142494,5.03519,49.61628,2
142495,5.01114,49.60272,2
142496,5.01827,49.60744,2
142497,5.011214,49.602948,2
142498,5.01793,49.60758,2
142499,5.01599,49.60731,2
142500,5.01599,49.60731,2
142501,5.01593,49.6074,2
142502,5.03303,49.61614,2
142503,5.03303,49.61614,2
142504,5.030148,49.619305,2
142505,5.035592,49.615005,2
142506,5.03537,49.61569,2
142507,5.02922,49.61202,2
142508,5.03537,49.61569,2
142509,5.02922,49.61202,2
142510,5.02922,49.61202,2
142511,5.03035,49.6139,2
142512,5.02922,49.61202,2
142513,5.02922,49.61202,2
142514,5.03359,49.59921,2
142515,5.03359,49.59921,2
142516,5.03173,49.61037,2
142517,5.03359,49.59921,2
142518,5.03359,49.59921,2
142519,5.03173,49.61037,2
142520,5.03173,49.61037,2
142521,5.03359,49.59921,2
142522,5.03359,49.59921,2
142523,5.03359,49.59921,2
142524,5.03359,49.59921,2
142525,5.03359,49.59921,2
142526,5.03359,49.59921,2
142527,5.03359,49.59921,2
142528,5.03359,49.59921,2
142529,5.03359,49.59921,2
142530,5.03359,49.59921,2
142531,5.03359,49.59921,2
142532,5.03359,49.59921,2
142533,5.03359,49.59921,2
142534,5.0332,49.59851,2
142535,5.03359,49.59921,2
142536,5.03359,49.59921,2
142537,5.03359,49.59921,2
142538,4.15966,49.49209,2
142539,4.15999,49.49211,2
142540,4.160062,49.492098,2
142541,4.15534,49.49321,2
142542,4.161,49.49133,2
142543,4.16236,49.491543,2
142544,4.15504,49.49429,2
142545,4.15496,49.49477,2
142546,4.15498,49.49384,2
142547,4.15538,49.49279,2
142548,4.15516,49.49319,2
142549,4.15534,49.49321,2
142550,4.15538,49.49279,2
142551,4.15551,49.49221,2
142552,4.15544,49.4928,2
142553,4.15625,49.49177,2
142554,4.15561,49.49238,2
142555,4.15589,49.492,2
142556,4.15538,49.49279,2
142557,4.15648,49.49188,2
142558,4.15897,49.49203,2
142559,4.15897,49.49203,2
142560,4.15897,49.49203,2
142561,4.15897,49.49203,2
142562,4.15897,49.49203,2
142563,4.15897,49.49203,2
142564,4.15896,49.49208,2
142565,4.15897,49.49203,2
142566,4.15861,49.49249,2
142567,4.15839,49.49277,2
142568,4.15885,49.4922,2
142569,4.1591,49.492,2
142570,4.1592,49.49217,2
142571,4.1596,49.49214,2
142572,4.15999,49.49211,2
142573,4.160126,49.492322,2
142574,4.16039,49.492785,2
142575,4.16025,49.49282,2
142576,4.16086,49.49283,2
142577,4.16152,49.49264,2
142578,4.160408,49.492884,2
142579,4.16073,49.49154,2
142580,4.16084,49.49148,2
142581,4.15958,49.49193,2
142582,4.16048,49.4915,2
142583,4.16048,49.4915,2
142584,4.16027,49.49111,2
142585,4.16027,49.49111,2
142586,4.16065,49.49143,2
142587,4.1591,49.49206,2
142588,4.16106,49.49135,2
142589,4.16117,49.49128,2
142590,4.16128,49.49122,2
142591,4.16139,49.49115,2
142592,4.16084,49.49132,2
142593,4.16104,49.4912,2
142594,4.161,49.49133,2
142595,4.162428,49.491901,2
142596,4.162128,49.4924,2
142597,4.161873,49.492592,2
142598,4.162128,49.4924,2
142599,4.16123,49.49109,2
142600,4.161,49.49133,2
142601,4.161,49.49133,2
142602,4.161673,49.490852,2
142603,4.161,49.49133,2
142604,4.161,49.49133,2
142605,4.161,49.49133,2
142606,4.16284,49.48882,2
142607,4.15892,49.49223,2
142608,5.00587,49.39763,2
142609,5.00794,49.39563,2
142610,5.00998,49.38,2
142611,4.999787,49.390667,2
142612,5.00587,49.39763,2
142613,5.00587,49.39763,2
142614,5.00699,49.39794,2
142615,5.00626,49.39656,2
142616,5.00565,49.39605,2
142617,5.006568,49.396872,2
142618,5.00565,49.39605,2
142619,5.00414,49.39467,2
142620,5.00414,49.39467,2
142621,5.00414,49.39467,2
142622,4.99951,49.3907,2
142623,5.00418,49.39504,2
142624,5.00565,49.39605,2
142625,5.00543,49.39636,2
142626,5.005387,49.396952,2
142627,5.00998,49.38,2
142628,5.00998,49.38,2
142629,5.00998,49.38,2
142630,5.00998,49.38,2
142631,4.99951,49.3907,2
142632,4.99951,49.3907,2
142633,5.00626,49.39656,2
142634,5.00565,49.39605,2
142635,5.00587,49.39763,2
142636,5.00626,49.39656,2
142637,5.00699,49.39794,2
142638,5.00699,49.39794,2
142639,5.00699,49.39794,2
142640,5.00565,49.39605,2
142641,5.00565,49.39605,2
142642,5.00565,49.39605,2
142643,5.00565,49.39605,2
142644,5.007466,49.396151,2
142645,5.00414,49.39467,2
142646,5.00414,49.39467,2
142647,5.00582,49.39574,2
142648,5.00582,49.39574,2
142649,5.00414,49.39467,2
142650,5.00414,49.39467,2
142651,5.00414,49.39467,2
142652,5.00414,49.39467,2
142653,5.00414,49.39467,2
142654,5.00414,49.39467,2
142655,5.00414,49.39467,2
142656,5.00626,49.39656,2
142657,5.00565,49.39605,2
142658,5.00565,49.39605,2
142659,5.00418,49.39504,2
142660,5.00418,49.39504,2
142661,5.00565,49.39605,2
142662,5.00565,49.39605,2
142663,5.00565,49.39605,2
142664,5.00565,49.39605,2
142665,5.00565,49.39605,2
142666,5.00543,49.39636,2
142667,5.00582,49.39574,2
142668,5.00565,49.39605,2
142669,5.00565,49.39605,2
142670,5.00626,49.39656,2
142671,5.00626,49.39656,2
142672,5.005387,49.396952,2
142673,5.00626,49.39656,2
142674,5.00557,49.39675,2
142675,5.00998,49.38,2
142676,5.00998,49.38,2
142677,5.00998,49.38,2
142678,5.00998,49.38,2
142679,5.00582,49.39574,2
142680,4.99951,49.3907,2
142681,5.00582,49.39574,2
142682,5.00626,49.39656,2
142683,4.99951,49.3907,2
142684,4.99951,49.3907,2
142685,4.99951,49.3907,2
142686,4.99951,49.3907,2
142687,4.99951,49.3907,2
142688,5.004646,49.394883,2
142689,5.007418,49.378814,2
142690,4.9723,49.40081,2
142691,4.974288,49.399561,2
142692,4.974288,49.399552,2
142693,4.972791,49.399639,2
142694,4.9726,49.40104,2
142695,4.974367,49.401896,2
142696,4.97198,49.400744,2
142697,4.973523,49.401285,2
142698,4.973281,49.401138,2
142699,4.974287,49.399543,2
142700,4.972791,49.399639,2
142701,4.973313,49.401488,2
142702,4.97198,49.400744,2
142703,4.97343,49.40064,2
142704,4.9723,49.40081,2
142705,4.9723,49.40081,2
142706,4.97505,49.402061,2
142707,4.973523,49.401285,2
142708,4.97343,49.40064,2
142709,4.93292,49.70078,2
142710,4.93292,49.70078,2
142711,4.93292,49.70078,2
142712,4.93331,49.70088,2
142713,4.93273,49.70073,2
142714,4.93331,49.70088,2
142715,4.93331,49.70088,2
142716,4.93254,49.70067,2
142717,4.93331,49.70088,2
142718,4.93331,49.70088,2
142719,4.93254,49.70067,2
142720,4.93331,49.70088,2
142721,4.93254,49.70067,2
142722,4.93254,49.70067,2
142723,4.93254,49.70067,2
142724,4.93273,49.70073,2
142725,4.93207,49.70193,2
142726,4.93207,49.70193,2
142727,4.93254,49.70067,2
142728,4.93294,49.70161,2
142729,4.93273,49.70073,2
142730,4.93254,49.70067,2
142731,4.93254,49.70067,2
142732,4.93269,49.70175,2
142733,4.93254,49.70067,2
142734,4.93254,49.70067,2
142735,4.93235,49.70061,2
142736,4.93217,49.70056,2
142737,4.93171,49.70088,2
142738,4.9319,49.70063,2
142739,4.9319,49.70063,2
142740,4.9319,49.70063,2
142741,4.93181,49.70075,2
142742,4.93181,49.70075,2
142743,4.93206,49.70069,2
142744,4.93171,49.70088,2
142745,4.93171,49.70088,2
142746,4.93171,49.70088,2
142747,4.93171,49.70088,2
142748,4.93171,49.70088,2
142749,4.93171,49.70088,2
142750,4.93162,49.701,2
142751,4.93152,49.70112,2
142752,4.93132,49.70105,2
142753,4.93123,49.70116,2
142754,4.93104,49.70109,2
142755,4.93085,49.70102,2
142756,4.93112,49.70099,2
142757,4.93112,49.70099,2
142758,4.93093,49.70092,2
142759,4.93363,49.70164,2
142760,4.93093,49.70092,2
142761,4.93093,49.70092,2
142762,4.93093,49.70092,2
142763,4.93074,49.70085,2
142764,4.93074,49.70085,2
142765,4.93074,49.70085,2
142766,4.93074,49.70085,2
142767,4.93218,49.70244,2
142768,4.93218,49.70244,2
142769,4.93218,49.70244,2
142770,4.9308,49.70235,2
142771,4.93218,49.70244,2
142772,4.93218,49.70244,2
142773,4.93218,49.70244,2
142774,4.93218,49.70244,2
142775,4.93311,49.70301,2
142776,4.93218,49.70244,2
142777,4.93218,49.70244,2
142778,4.93193,49.70233,2
142779,4.93193,49.70233,2
142780,4.93193,49.70233,2
142781,4.93168,49.70222,2
142782,4.93168,49.70222,2
142783,4.93363,49.70164,2
142784,4.93363,49.70164,2
142785,4.93141,49.70224,2
142786,4.93363,49.70164,2
142787,4.93,49.70253,2
142788,4.93027,49.70242,2
142789,4.93054,49.70232,2
142790,4.93054,49.70232,2
142791,4.93081,49.70221,2
142792,4.93081,49.70221,2
142793,4.93081,49.70221,2
142794,4.93081,49.70221,2
142795,4.93081,49.70221,2
142796,4.93081,49.70221,2
142797,4.93081,49.70221,2
142798,4.93133,49.70201,2
142799,4.93133,49.70201,2
142800,4.93133,49.70201,2
142801,4.93133,49.70201,2
142802,4.93133,49.70201,2
142803,4.93133,49.70201,2
142804,4.93133,49.70201,2
142805,4.93133,49.70201,2
142806,4.93155,49.70195,2
142807,4.93155,49.70195,2
142808,4.9305,49.70169,2
142809,4.93155,49.70195,2
142810,4.93155,49.70195,2
142811,4.93177,49.70189,2
142812,4.93177,49.70189,2
142813,4.93177,49.70189,2
142814,4.93177,49.70189,2
142815,4.932,49.70182,2
142816,4.93222,49.70176,2
142817,4.93222,49.70176,2
142818,4.9329,49.7016,2
142819,4.9329,49.7016,2
142820,4.9329,49.7016,2
142821,4.9329,49.7016,2
142822,4.9329,49.7016,2
142823,4.93307,49.70165,2
142824,4.93238,49.70184,2
142825,4.93307,49.70165,2
142826,4.93307,49.70165,2
142827,4.93307,49.70165,2
142828,4.93113,49.70222,2
142829,4.93176,49.70202,2
142830,4.93176,49.70202,2
142831,4.93176,49.70202,2
142832,4.93176,49.70202,2
142833,4.93176,49.70202,2
142834,4.93207,49.70193,2
142835,4.93238,49.70184,2
142836,4.93238,49.70184,2
142837,4.93238,49.70184,2
142838,4.93238,49.70184,2
142839,4.93269,49.70175,2
142840,4.93269,49.70175,2
142841,4.93269,49.70175,2
142842,4.93269,49.70175,2
142843,4.93269,49.70175,2
142844,4.93269,49.70175,2
142845,4.93269,49.70175,2
142846,4.93183,49.70243,2
142847,4.93269,49.70175,2
142848,4.93292,49.70173,2
142849,4.93292,49.70173,2
142850,4.93307,49.70171,2
142851,4.93307,49.70171,2
142852,4.93307,49.70171,2
142853,4.93198,49.70129,2
142854,4.93173,49.7012,2
142855,4.93173,49.7012,2
142856,4.93173,49.7012,2
142857,4.93173,49.7012,2
142858,4.93239,49.70157,2
142859,4.93214,49.70148,2
142860,4.93189,49.70139,2
142861,4.93164,49.7013,2
142862,4.93484,49.70319,2
142863,4.93278,49.70248,2
142864,4.93278,49.70248,2
142865,4.93278,49.70248,2
142866,4.93238,49.70291,2
142867,4.93238,49.70291,2
142868,4.93238,49.70291,2
142869,4.93238,49.70291,2
142870,4.93208,49.70311,2
142871,4.93238,49.70291,2
142872,4.93238,49.70291,2
142873,4.93238,49.70291,2
142874,4.93238,49.70291,2
142875,4.93238,49.70291,2
142876,4.93238,49.70291,2
142877,4.93238,49.70291,2
142878,4.93238,49.70291,2
142879,4.93238,49.70291,2
142880,4.93238,49.70291,2
142881,4.93238,49.70291,2
142882,4.93316,49.70297,2
142883,4.93311,49.70301,2
142884,4.93344,49.70175,2
142885,4.93331,49.70296,2
142886,4.93311,49.70301,2
142887,4.93311,49.70301,2
142888,4.93331,49.70296,2
142889,4.93311,49.70301,2
142890,4.93311,49.70301,2
142891,4.93311,49.70301,2
142892,4.93311,49.70301,2
142893,4.93311,49.70301,2
142894,4.93311,49.70301,2
142895,4.93311,49.70301,2
142896,4.93252,49.70254,2
142897,4.93208,49.70311,2
142898,4.93078,49.70308,2
142899,4.93414,49.70477,2
142900,4.93372,49.70455,2
142901,4.93249,49.70405,2
142902,4.93249,49.70405,2
142903,4.93078,49.70308,2
142904,4.93176,49.70202,2
142905,4.93249,49.70405,2
142906,4.93176,49.70202,2
142907,4.93344,49.70175,2
142908,4.93249,49.70405,2
142909,4.93078,49.70308,2
142910,4.93249,49.70405,2
142911,4.93078,49.70308,2
142912,4.93078,49.70308,2
142913,4.93078,49.70308,2
142914,4.93294,49.70161,2
142915,4.93249,49.70405,2
142916,4.93249,49.70405,2
142917,4.93078,49.70308,2
142918,4.93311,49.70301,2
142919,4.93249,49.70405,2
142920,4.93285,49.70216,2
142921,4.93249,49.70405,2
142922,4.93249,49.70405,2
142923,4.93078,49.70308,2
142924,4.93249,49.70405,2
142925,4.93249,49.70405,2
142926,4.93078,49.70308,2
142927,4.93078,49.70308,2
142928,4.93078,49.70308,2
142929,4.93249,49.70405,2
142930,4.93249,49.70405,2
142931,4.93078,49.70308,2
142932,4.93249,49.70405,2
142933,4.93148,49.70026,2
142934,4.93235,49.70061,2
142935,4.93176,49.70202,2
142936,4.93446,49.70121,2
142937,4.93372,49.70455,2
142938,4.93078,49.70308,2
142939,4.93372,49.70455,2
142940,4.93372,49.70455,2
142941,4.93372,49.70455,2
142942,4.93372,49.70455,2
142943,4.93372,49.70455,2
142944,4.93372,49.70455,2
142945,4.93372,49.70455,2
142946,4.93372,49.70455,2
142947,4.93372,49.70455,2
142948,4.93372,49.70455,2
142949,4.93372,49.70455,2
142950,4.93372,49.70455,2
142951,4.93372,49.70455,2
142952,4.93372,49.70455,2
142953,4.93372,49.70455,2
142954,4.93078,49.70308,2
142955,4.93372,49.70455,2
142956,4.93372,49.70455,2
142957,4.93078,49.70308,2
142958,4.93078,49.70308,2
142959,4.93078,49.70308,2
142960,4.93078,49.70308,2
142961,4.93078,49.70308,2
142962,4.93078,49.70308,2
142963,4.93078,49.70308,2
142964,4.93078,49.70308,2
142965,4.93078,49.70308,2
142966,4.93078,49.70308,2
142967,4.93315,49.70204,2
142968,4.93424,49.70115,2
142969,4.93078,49.70308,2
142970,4.93309,49.7023,2
142971,4.93301,49.70221,2
142972,4.93078,49.70308,2
142973,4.93301,49.70221,2
142974,4.93078,49.70308,2
142975,4.93307,49.70171,2
142976,4.93446,49.70121,2
142977,4.93078,49.70308,2
142978,4.93285,49.70216,2
142979,4.93078,49.70308,2
142980,4.93285,49.70216,2
142981,4.93078,49.70308,2
142982,4.93285,49.70216,2
142983,4.93078,49.70308,2
142984,4.93285,49.70216,2
142985,4.93299,49.70199,2
142986,4.93078,49.70308,2
142987,4.93314,49.70182,2
142988,4.93078,49.70308,2
142989,4.93314,49.70182,2
142990,4.93078,49.70308,2
142991,4.93314,49.70182,2
142992,4.93078,49.70308,2
142993,4.93314,49.70179,2
142994,4.93078,49.70308,2
142995,4.93314,49.70179,2
142996,4.93314,49.70179,2
142997,4.93078,49.70308,2
142998,4.93314,49.70179,2
142999,4.93078,49.70308,2
143000,4.93314,49.70179,2
143001,4.93078,49.70308,2
143002,4.93292,49.70173,2
143003,4.93078,49.70308,2
143004,4.93292,49.70173,2
143005,4.93292,49.70173,2
143006,4.93078,49.70308,2
143007,4.93294,49.70161,2
143008,4.93078,49.70308,2
143009,4.93294,49.70161,2
143010,4.93294,49.70161,2
143011,4.9332,49.70168,2
143012,4.9332,49.70168,2
143013,4.93207,49.70193,2
143014,4.9332,49.70168,2
143015,4.9332,49.70168,2
143016,4.9332,49.70168,2
143017,4.9332,49.70168,2
143018,4.93285,49.70216,2
143019,4.9332,49.70168,2
143020,4.93314,49.70182,2
143021,4.9332,49.70168,2
143022,4.93382,49.70153,2
143023,4.93363,49.70164,2
143024,4.9332,49.70168,2
143025,4.93351,49.70155,2
143026,4.93382,49.70153,2
143027,4.93332,49.70167,2
143028,4.93382,49.70153,2
143029,4.93385,49.70106,2
143030,4.93382,49.70153,2
143031,4.93385,49.701,2
143032,4.93382,49.70153,2
143033,4.93418,49.70122,2
143034,4.93427,49.70122,2
143035,4.93382,49.70153,2
143036,4.93382,49.70153,2
143037,4.93437,49.70121,2
143038,4.93382,49.70153,2
143039,4.93446,49.70121,2
143040,4.93424,49.70115,2
143041,4.93363,49.70164,2
143042,4.93424,49.70115,2
143043,4.93424,49.70115,2
143044,4.93363,49.70164,2
143045,4.93424,49.70115,2
143046,4.93121,49.70031,2
143047,4.93148,49.70038,2
143048,4.93162,49.70042,2
143049,4.93148,49.70038,2
143050,4.93196,49.7005,2
143051,4.93326,49.70074,2
143052,4.93382,49.70153,2
143053,4.93326,49.70074,2
143054,4.9337,49.70144,2
143055,4.9337,49.70144,2
143056,4.93363,49.70164,2
143057,4.9337,49.70144,2
143058,4.93353,49.70081,2
143059,4.9337,49.70144,2
143060,4.93312,49.70083,2
143061,4.93351,49.70155,2
143062,4.93351,49.70155,2
143063,4.9337,49.70144,2
143064,4.93171,49.70088,2
143065,4.9319,49.70063,2
143066,4.93351,49.70155,2
143067,4.93093,49.70092,2
143068,4.93074,49.70085,2
143069,4.93351,49.70155,2
143070,4.93193,49.70233,2
143071,4.93351,49.70155,2
143072,4.93143,49.70211,2
143073,4.93332,49.70167,2
143074,4.93332,49.70167,2
143075,4.93081,49.70221,2
143076,4.931279,49.701976,2
143077,4.93332,49.70167,2
143078,4.93155,49.70195,2
143079,4.93107,49.7021,2
143080,4.93332,49.70167,2
143081,4.9329,49.7016,2
143082,4.93332,49.70167,2
143083,4.93307,49.70165,2
143084,4.93332,49.70167,2
143085,4.93324,49.70169,2
143086,4.93332,49.70167,2
143087,4.93314,49.70179,2
143088,4.93385,49.70116,2
143089,4.93385,49.70113,2
143090,4.93385,49.70113,2
143091,4.93484,49.70319,2
143092,4.93385,49.70113,2
143093,4.93337,49.70255,2
143094,4.93385,49.70113,2
143095,4.93385,49.70113,2
143096,4.93484,49.70319,2
143097,4.93385,49.70113,2
143098,4.93311,49.70301,2
143099,4.93385,49.7011,2
143100,4.93321,49.70428,2
143101,4.93385,49.70106,2
143102,4.93385,49.70106,2
143103,4.93385,49.70106,2
143104,4.93385,49.70106,2
143105,4.93385,49.70103,2
143106,4.93385,49.70103,2
143107,4.9335,49.70093,2
143108,4.93427,49.70122,2
143109,4.93427,49.70122,2
143110,4.93437,49.70121,2
143111,4.93427,49.70122,2
143112,4.93427,49.70122,2
143113,4.93427,49.70122,2
143114,4.93427,49.70122,2
143115,4.93351,49.70155,2
143116,4.93427,49.70122,2
143117,4.93427,49.70122,2
143118,4.93427,49.70122,2
143119,4.93446,49.70121,2
143120,4.93424,49.70115,2
143121,4.93424,49.70115,2
143122,4.93424,49.70115,2
143123,4.93424,49.70115,2
143124,4.93424,49.70115,2
143125,4.93424,49.70115,2
143126,4.93424,49.70115,2
143127,4.93424,49.70115,2
143128,4.93424,49.70115,2
143129,4.93424,49.70115,2
143130,4.93424,49.70115,2
143131,4.93424,49.70115,2
143132,4.93424,49.70115,2
143133,4.93424,49.70115,2
143134,4.93424,49.70115,2
143135,4.93424,49.70115,2
143136,4.93424,49.70115,2
143137,4.93424,49.70115,2
143138,4.93516,49.70126,2
143139,4.93516,49.70126,2
143140,4.93067,49.70017,2
143141,4.93067,49.70017,2
143142,4.93067,49.70017,2
143143,4.93067,49.70017,2
143144,4.93363,49.70164,2
143145,4.93067,49.70017,2
143146,4.93067,49.70017,2
143147,4.93067,49.70017,2
143148,4.93089,49.70022,2
143149,4.93107,49.70027,2
143150,4.93121,49.70031,2
143151,4.93135,49.70034,2
143152,4.93162,49.70042,2
143153,4.93148,49.70038,2
143154,4.93148,49.70038,2
143155,4.93148,49.70038,2
143156,4.93176,49.70046,2
143157,4.93176,49.70046,2
143158,4.93196,49.7005,2
143159,4.93196,49.7005,2
143160,4.93196,49.7005,2
143161,4.93202,49.70039,2
143162,4.93202,49.70039,2
143163,4.93225,49.70045,2
143164,4.93225,49.70045,2
143165,4.93299,49.70067,2
143166,4.93225,49.70045,2
143167,4.93246,49.70052,2
143168,4.93246,49.70052,2
143169,4.93273,49.7006,2
143170,4.93299,49.70067,2
143171,4.94393,49.70238,2
143172,4.93326,49.70074,2
143173,4.93326,49.70074,2
143174,4.93353,49.70081,2
143175,4.93331,49.70088,2
143176,4.93331,49.70088,2
143177,4.93331,49.70088,2
143178,4.93312,49.70083,2
143179,4.92702,49.40565,2
143180,4.929108,49.404569,2
143181,4.929103,49.404479,2
143182,4.926286,49.407056,2
143183,4.92702,49.40565,2
143184,4.92702,49.40565,2
143185,4.92702,49.40565,2
143186,4.92702,49.40565,2
143187,4.92702,49.40565,2
143188,4.927446,49.406833,2
143189,4.92875,49.40542,2
143190,4.92875,49.40542,2
143191,4.928292,49.406689,2
143192,4.928883,49.406659,2
143193,4.928883,49.406659,2
143194,4.929722,49.406641,2
143195,4.930493,49.406624,2
143196,4.9294,49.4052,2
143197,4.930589,49.406631,2
143198,4.930589,49.406631,2
143199,4.930589,49.406631,2
143200,4.930589,49.406631,2
143201,4.929021,49.406386,2
143202,4.929124,49.405701,2
143203,4.929106,49.40589,2
143204,4.929106,49.40589,2
143205,4.929106,49.40589,2
143206,4.929123,49.405692,2
143207,4.9297,49.40602,2
143208,4.92914,49.405476,2
143209,4.92914,49.405476,2
143210,4.929094,49.404839,2
143211,4.929545,49.404505,2
143212,4.9294,49.4052,2
143213,4.929585,49.404468,2
143214,4.9294,49.4052,2
143215,4.929585,49.404468,2
143216,4.929229,49.403973,2
143217,4.929253,49.403622,2
143218,4.92702,49.40565,2
143219,4.92589,49.40993,2
143220,4.92702,49.40565,2
143221,4.9294,49.4052,2
143222,4.9294,49.4052,2
143223,4.927946,49.406373,2
143224,4.930603,49.406631,2
143225,4.929722,49.406641,2
143226,4.929679,49.40497,2
143227,4.9294,49.4052,2
143228,4.929229,49.403973,2
143229,4.917961,49.407486,2
143230,4.895354,49.40547,2
143231,4.988643,49.480882,2
143232,4.9906,49.48301,2
143233,4.99516,49.48378,2
143234,4.9954,49.48389,2
143235,4.99564,49.48401,2
143236,4.99168,49.48338,2
143237,4.990331,49.48284,2
143238,4.990331,49.48284,2
143239,4.990331,49.48284,2
143240,4.99133,49.483222,2
143241,4.99337,49.48316,2
143242,4.9906,49.48304,2
143243,4.99128,49.48277,2
143244,4.99337,49.48316,2
143245,4.99337,49.48316,2
143246,4.99337,49.48316,2
143247,4.99337,49.48316,2
143248,4.99337,49.48316,2
143249,4.99337,49.48316,2
143250,4.99337,49.48316,2
143251,4.99337,49.48316,2
143252,4.99337,49.48316,2
143253,4.99337,49.48316,2
143254,4.99337,49.48316,2
143255,4.99337,49.48316,2
143256,4.99337,49.48316,2
143257,4.99337,49.48316,2
143258,4.994893,49.483827,2
143259,4.995033,49.483878,2
143260,4.994907,49.483827,2
143261,4.99433,49.483606,2
143262,4.993767,49.483393,2
143263,4.99337,49.48316,2
143264,4.99337,49.48316,2
143265,4.99337,49.48316,2
143266,4.9928,49.48203,2
143267,4.9928,49.48203,2
143268,4.9906,49.48304,2
143269,4.9906,49.48304,2
143270,4.9906,49.48304,2
143271,4.9906,49.48304,2
143272,4.992994,49.482053,2
143273,4.992994,49.482053,2
143274,4.993021,49.482044,2
143275,4.994006,49.481887,2
143276,4.99081,49.48223,2
143277,4.9906,49.48301,2
143278,4.99081,49.48223,2
143279,4.99081,49.48223,2
143280,4.98026,49.47107,2
143281,4.993088,49.482006,2
143282,4.99337,49.48316,2
143283,4.99337,49.48316,2
143284,4.9906,49.48304,2
143285,4.99081,49.48223,2
143286,4.99081,49.48223,2
143287,4.99337,49.48316,2
143288,5.02918,49.62402,2
143289,5.02905,49.62407,2
143290,5.02918,49.62402,2
143291,5.02918,49.62402,2
143292,5.02905,49.62407,2
143293,5.03126,49.62368,2
143294,5.03048,49.62385,2
143295,5.03048,49.62385,2
143296,5.03048,49.62385,2
143297,5.03048,49.62385,2
143298,5.03048,49.62385,2
143299,5.03126,49.62368,2
143300,5.026199,49.624156,2
143301,5.03212,49.62612,2
143302,5.02905,49.62407,2
143303,5.02905,49.62407,2
143304,5.02905,49.62407,2
143305,5.02905,49.62407,2
143306,5.02905,49.62407,2
143307,5.02905,49.62407,2
143308,5.03212,49.62612,2
143309,5.03212,49.62612,2
143310,5.03212,49.62612,2
143311,5.031057,49.625252,2
143312,5.03212,49.62612,2
143313,5.029715,49.624194,2
143314,5.03009,49.62522,2
143315,5.030666,49.625188,2
143316,5.02905,49.62407,2
143317,5.028739,49.626157,2
143318,5.02918,49.62402,2
143319,5.02797,49.62407,2
143320,5.02611,49.62399,2
143321,5.03126,49.62368,2
143322,5.03126,49.62368,2
143323,5.03212,49.62612,2
143324,5.01798,49.6236,2
143325,5.01828,49.623496,2
143326,5.01828,49.623496,2
143327,5.012976,49.622598,2
143328,5.02905,49.62407,2
143329,5.030406,49.624179,2
143330,5.028739,49.626157,2
143331,5.02611,49.62399,2
143332,5.02196,49.62396,2
143333,5.03111,49.625466,2
143334,5.03212,49.62612,2
143335,4.71271,49.77023,2
143336,4.71271,49.77023,2
143337,4.71357,49.77177,2
143338,4.71447,49.77025,2
143339,4.71447,49.77025,2
143340,4.71299,49.77074,2
143341,4.7175,49.7743,2
143342,4.72087,49.77389,2
143343,4.72087,49.77389,2
143344,4.72149,49.77306,2
143345,4.72018,49.77339,2
143346,4.72016,49.77381,2
143347,4.72113,49.77392,2
143348,4.71767,49.77432,2
143349,4.72087,49.77389,2
143350,4.72087,49.77389,2
143351,4.71889,49.77269,2
143352,4.71863,49.77276,2
143353,4.7185,49.77291,2
143354,4.71951,49.77268,2
143355,4.72047,49.77325,2
143356,4.72047,49.77325,2
143357,4.72113,49.77392,2
143358,4.300681,49.629033,2
143359,4.30131,49.62884,2
143360,4.3014,49.62881,2
143361,4.30225,49.628855,2
143362,4.30131,49.62884,2
143363,4.30131,49.62884,2
143364,4.328272,49.641438,2
143365,4.300313,49.629192,2
143366,4.69501,49.75212,2
143367,4.69375,49.75483,2
143368,4.69814,49.75508,2
143369,4.69501,49.75212,2
143370,4.689438,49.755103,2
143371,4.69375,49.75483,2
143372,4.69375,49.75483,2
143373,4.69375,49.75483,2
143374,4.68725,49.7547,2
143375,4.68725,49.7547,2
143376,4.68698,49.75464,2
143377,4.71179,49.75679,2
143378,4.69059,49.75357,2
143379,4.68484,49.75503,2
143380,4.68324,49.75286,2
143381,4.683957,49.753808,2
143382,4.67744,49.7422,2
143383,4.69501,49.75212,2
143384,4.69157,49.75248,2
143385,4.69085,49.75248,2
143386,4.69085,49.75248,2
143387,4.69375,49.75483,2
143388,4.69732,49.75502,2
143389,4.69375,49.75483,2
143390,4.68623,49.75148,2
143391,4.68834,49.75422,2
143392,4.6867,49.74905,2
143393,4.68623,49.75148,2
143394,4.68623,49.75148,2
143395,4.67675,49.75575,2
143396,4.52057,49.92666,2
143397,4.52208,49.92619,2
143398,4.52057,49.92666,2
143399,4.52057,49.92666,2
143400,4.52057,49.92666,2
143401,4.520282,49.925409,2
143402,4.51949,49.92507,2
143403,4.51922,49.92502,2
143404,4.51922,49.92502,2
143405,4.520249,49.925284,2
143406,4.519348,49.925031,2
143407,4.52197,49.92624,2
143408,4.521126,49.924316,2
143409,4.52035,49.92541,2
143410,4.5213,49.92571,2
143411,4.52035,49.92541,2
143412,4.521126,49.924316,2
143413,4.51871,49.92463,2
143414,4.1161,49.47017,2
143415,4.11781,49.47034,2
143416,4.11733,49.46998,2
143417,4.11733,49.46998,2
143418,4.114128,49.467735,2
143419,4.11805,49.46823,2
143420,4.116836,49.469087,2
143421,4.11459,49.49052,2
143422,4.11459,49.49004,2
143423,4.1145,49.49007,2
143424,4.1136,49.48959,2
143425,4.1136,49.48959,2
143426,4.11887,49.46812,2
143427,4.1179,49.46927,2
143428,4.11604,49.46835,2
143429,4.11511,49.48934,2
143430,4.110478,49.46264,2
143431,4.11431,49.4679,2
143432,4.11364,49.46851,2
143433,5.032761,49.614035,2
143434,5.02922,49.61202,2
143435,5.02922,49.61202,2
143436,5.02922,49.61202,2
143437,5.03038,49.612416,2
143438,5.03407,49.61567,2
143439,5.03407,49.61567,2
143440,5.03519,49.61628,2
143441,5.01599,49.60731,2
143442,5.03303,49.61614,2
143443,5.03303,49.61406,2
143444,5.03407,49.61567,2
143445,5.02922,49.61202,2
143446,5.03173,49.61037,2
143447,4.15966,49.49209,2
143448,4.15897,49.49203,2
143449,4.161,49.49133,2
143450,4.161,49.49133,2
143451,4.16027,49.49111,2
143452,4.161851,49.4912,2
143453,4.1591,49.49206,2
143454,5.00565,49.39605,2
143455,5.00582,49.39574,2
143456,5.00565,49.39605,2
143457,5.00998,49.38,2
143458,4.99951,49.3907,2
143459,5.00626,49.39656,2
143460,4.973281,49.401138,2
143461,4.973293,49.401093,2
143462,4.971508,49.4047,2
143463,4.97343,49.40064,2
143464,4.97343,49.40064,2
143465,4.962429,49.422667,2
143466,4.93315,49.70204,2
143467,4.93342,49.70252,2
143468,4.93424,49.70115,2
143469,4.93222,49.70176,2
143470,4.93273,49.70156,2
143471,4.93316,49.70297,2
143472,4.93078,49.70308,2
143473,4.93078,49.70308,2
143474,4.93078,49.70308,2
143475,4.93078,49.70308,2
143476,4.93078,49.70308,2
143477,4.93078,49.70308,2
143478,4.93078,49.70308,2
143479,4.93078,49.70308,2
143480,4.93078,49.70308,2
143481,4.93078,49.70308,2
143482,4.93078,49.70308,2
143483,4.93078,49.70308,2
143484,4.93078,49.70308,2
143485,4.93078,49.70308,2
143486,4.9332,49.70168,2
143487,4.93385,49.70113,2
143488,4.93067,49.70017,2
143489,4.93254,49.70067,2
143490,4.93254,49.70067,2
143491,4.93223,49.70138,2
143492,4.93223,49.70138,2
143493,4.93238,49.70291,2
143494,4.93372,49.70455,2
143495,4.92585,49.40708,2
143496,4.92585,49.40708,2
143497,4.92948,49.40751,2
143498,4.929123,49.405692,2
143499,4.92585,49.40708,2
143500,4.9297,49.40602,2
143501,4.929106,49.40589,2
143502,4.99347,49.48324,2
143503,4.99337,49.48316,2
143504,4.9906,49.48304,2
143505,4.994006,49.481887,2
143506,4.99093,49.482683,2
143507,4.9906,49.48301,2
143508,5.03212,49.62612,2
143509,5.029368,49.622872,2
143510,5.02905,49.62407,2
143511,5.02905,49.62407,2
143512,5.02905,49.62407,2
