"ID","Longitude","Latitude","ServiceTime (min)"
13237,4.27666,49.85781,2
13238,4.278577,49.857314,2
13239,4.27714,49.85644,2
13240,4.27558,49.85901,2
13241,4.27558,49.85901,2
13242,4.2719,49.85937,2
13243,4.2719,49.85937,2
13244,4.2719,49.85937,2
13245,4.26964,49.85983,2
13246,4.269163,49.859988,2
13247,4.27104,49.86121,2
13248,4.277418,49.857153,2
13249,4.27558,49.85901,2
13250,4.27558,49.85901,2
13251,4.2719,49.85937,2
13252,4.2719,49.85937,2
13253,4.2719,49.85937,2
13254,4.2719,49.85937,2
13255,4.267991,49.860949,2
13256,4.2719,49.85937,2
13257,4.2719,49.85937,2
13258,4.2719,49.85937,2
13259,4.2719,49.85937,2
13260,4.27246,49.85927,2
13261,4.2719,49.85937,2
13262,4.2719,49.85937,2
13263,4.2719,49.85937,2
13264,4.2719,49.85937,2
13265,4.2719,49.85937,2
13266,4.2719,49.85937,2
13267,4.2719,49.85937,2
13268,4.2719,49.85937,2
13269,4.2719,49.85937,2
13270,4.2719,49.85937,2
13271,4.269163,49.859988,2
13272,4.271538,49.861791,2
13273,4.272062,49.86207,2
13274,4.272062,49.86207,2
13275,4.27714,49.85644,2
13276,4.72474,49.77251,2
13277,4.72454,49.77061,2
13278,4.72273,49.771,2
13279,4.72169,49.77123,2
13280,4.72454,49.77061,2
13281,4.72169,49.77123,2
13282,4.72436,49.77065,2
13283,4.72045,49.77151,2
13284,4.72417,49.77069,2
13285,4.72045,49.77151,2
13286,4.72399,49.77073,2
13287,4.72045,49.77151,2
13288,4.72399,49.77073,2
13289,4.72005,49.77161,2
13290,4.7237,49.7708,2
13291,4.7229,49.77101,2
13292,4.7234,49.77086,2
13293,4.72323,49.7709,2
13294,4.72323,49.7709,2
13295,4.72323,49.7709,2
13296,4.72323,49.7709,2
13297,4.72323,49.7709,2
13298,4.72306,49.77093,2
13299,4.72306,49.77093,2
13300,4.72474,49.77251,2
13301,4.72306,49.77093,2
13302,4.72474,49.77251,2
13303,4.72474,49.77251,2
13304,4.72306,49.77093,2
13305,4.7229,49.77097,2
13306,4.72474,49.77251,2
13307,4.72273,49.771,2
13308,4.72474,49.77251,2
13309,4.72273,49.771,2
13310,4.72474,49.77251,2
13311,4.72273,49.771,2
13312,4.72474,49.77251,2
13313,4.72273,49.771,2
13314,4.72474,49.77251,2
13315,4.7224,49.77107,2
13316,4.7224,49.77107,2
13317,4.72169,49.77123,2
13318,4.72143,49.77129,2
13319,4.72045,49.77151,2
13320,4.72045,49.77151,2
13321,4.72045,49.77151,2
13322,4.72086,49.77142,2
13323,4.72005,49.77161,2
13324,4.723639,49.775053,2
13325,4.71562,49.7778,2
13326,4.723639,49.775053,2
13327,4.723639,49.775053,2
13328,4.723639,49.775053,2
13329,4.723685,49.775133,2
13330,4.723685,49.775133,2
13331,4.723685,49.775133,2
13332,4.723685,49.775133,2
13333,4.723685,49.775133,2
13334,4.723685,49.775133,2
13335,4.723685,49.775133,2
13336,4.72323,49.7709,2
13337,4.723685,49.775133,2
13338,4.723685,49.775133,2
13339,4.723685,49.775133,2
13340,4.723685,49.775133,2
13341,4.723685,49.775133,2
13342,4.72393,49.77455,2
13343,4.72393,49.77455,2
13344,4.72393,49.77455,2
13345,4.72393,49.77455,2
13346,4.72393,49.77455,2
13347,4.72393,49.77455,2
13348,4.72393,49.77455,2
13349,4.72393,49.77455,2
13350,4.72393,49.77455,2
13351,4.72382,49.77438,2
13352,4.72382,49.77438,2
13353,4.72382,49.77438,2
13354,4.72319,49.77331,2
13355,4.72363,49.77419,2
13356,4.7236,49.77383,2
13357,4.7236,49.77383,2
13358,4.7236,49.77383,2
13359,4.72312,49.77036,2
13360,4.7236,49.77383,2
13361,4.72363,49.77419,2
13362,4.72363,49.77419,2
13363,4.72349,49.77385,2
13364,4.72349,49.77385,2
13365,4.72349,49.77385,2
13366,4.72349,49.77385,2
13367,4.72349,49.77385,2
13368,4.72349,49.77385,2
13369,4.72319,49.77331,2
13370,4.7236,49.77383,2
13371,4.72319,49.77331,2
13372,4.72319,49.77331,2
13373,4.72319,49.77331,2
13374,4.7236,49.77383,2
13375,4.72319,49.77331,2
13376,4.7236,49.77383,2
13377,4.7236,49.77383,2
13378,4.72319,49.77331,2
13379,4.7236,49.77383,2
13380,4.7236,49.77383,2
13381,4.7236,49.77383,2
13382,4.72308,49.77419,2
13383,4.72308,49.77419,2
13384,4.72308,49.77419,2
13385,4.72308,49.77419,2
13386,4.72308,49.77419,2
13387,4.72308,49.77419,2
13388,4.72308,49.77419,2
13389,4.72308,49.77419,2
13390,4.72308,49.77419,2
13391,4.72308,49.77419,2
13392,4.72308,49.77419,2
13393,4.72308,49.77419,2
13394,4.72308,49.77419,2
13395,4.72308,49.77419,2
13396,4.72308,49.77419,2
13397,4.72547,49.77348,2
13398,4.72547,49.77348,2
13399,4.72547,49.77348,2
13400,4.72547,49.77348,2
13401,4.72541,49.77338,2
13402,4.72541,49.77338,2
13403,4.72541,49.77338,2
13404,4.72541,49.77338,2
13405,4.7253,49.77317,2
13406,4.71994,49.77165,2
13407,4.7253,49.77317,2
13408,4.72169,49.77123,2
13409,4.7253,49.77317,2
13410,4.72411,49.77095,2
13411,4.7253,49.77317,2
13412,4.7253,49.77317,2
13413,4.7253,49.77317,2
13414,4.72518,49.77297,2
13415,4.72518,49.77297,2
13416,4.72512,49.77286,2
13417,4.72501,49.77266,2
13418,4.72501,49.77266,2
13419,4.72501,49.77266,2
13420,4.72501,49.77266,2
13421,4.72501,49.77266,2
13422,4.72501,49.77266,2
13423,4.72501,49.77266,2
13424,4.72169,49.77123,2
13425,4.72319,49.77331,2
13426,4.72404,49.7712,2
13427,4.72404,49.7712,2
13428,4.72404,49.7712,2
13429,4.72404,49.7712,2
13430,4.72399,49.77109,2
13431,4.72394,49.77099,2
13432,4.72394,49.77099,2
13433,4.72368,49.77349,2
13434,4.72394,49.77099,2
13435,4.72349,49.77385,2
13436,4.72394,49.77099,2
13437,4.72394,49.77099,2
13438,4.72394,49.77099,2
13439,4.72394,49.77099,2
13440,4.72394,49.77099,2
13441,4.72394,49.77099,2
13442,4.72206,49.77081,2
13443,4.72394,49.77099,2
13444,4.72394,49.77099,2
13445,4.72394,49.77099,2
13446,4.72194,49.77118,2
13447,4.72394,49.77099,2
13448,4.72394,49.77099,2
13449,4.72388,49.77088,2
13450,4.72388,49.77088,2
13451,4.72388,49.77088,2
13452,4.72388,49.77088,2
13453,4.7246,49.77187,2
13454,4.7246,49.77187,2
13455,4.7246,49.77187,2
13456,4.72169,49.77123,2
13457,4.7246,49.77187,2
13458,4.7246,49.77187,2
13459,4.7246,49.77187,2
13460,4.72454,49.77177,2
13461,4.72454,49.77177,2
13462,4.72454,49.77177,2
13463,4.72169,49.77123,2
13464,4.72454,49.77177,2
13465,4.72454,49.77177,2
13466,4.72444,49.77157,2
13467,4.72444,49.77157,2
13468,4.72444,49.77157,2
13469,4.72444,49.77157,2
13470,4.7244,49.77149,2
13471,4.7244,49.77149,2
13472,4.7244,49.77149,2
13473,4.7244,49.77149,2
13474,4.7244,49.77149,2
13475,4.7244,49.77149,2
13476,4.7244,49.77149,2
13477,4.7244,49.77149,2
13478,4.7244,49.77149,2
13479,4.7244,49.77149,2
13480,4.7244,49.77149,2
13481,4.72474,49.77251,2
13482,4.7244,49.77149,2
13483,4.7244,49.77149,2
13484,4.7244,49.77149,2
13485,4.72422,49.77117,2
13486,4.72433,49.77139,2
13487,4.72437,49.77144,2
13488,4.7243,49.77135,2
13489,4.72426,49.77127,2
13490,4.72416,49.77106,2
13491,4.72411,49.77095,2
13492,4.72411,49.77153,2
13493,4.72411,49.77153,2
13494,4.72169,49.77123,2
13495,4.72411,49.77153,2
13496,4.72411,49.77153,2
13497,4.72411,49.77153,2
13498,4.72372,49.77162,2
13499,4.72372,49.77162,2
13500,4.72333,49.77171,2
13501,4.72103,49.7715,2
13502,4.72372,49.77162,2
13503,4.72333,49.77171,2
13504,4.72333,49.77171,2
13505,4.72333,49.77171,2
13506,4.72333,49.77171,2
13507,4.72333,49.77171,2
13508,4.72333,49.77171,2
13509,4.72339,49.77182,2
13510,4.72339,49.77182,2
13511,4.72339,49.77182,2
13512,4.72339,49.77182,2
13513,4.72339,49.77182,2
13514,4.72339,49.77182,2
13515,4.72339,49.77182,2
13516,4.72339,49.77182,2
13517,4.72332,49.771,2
13518,4.72255,49.77189,2
13519,4.72332,49.771,2
13520,4.72339,49.77182,2
13521,4.72378,49.77173,2
13522,4.72378,49.77173,2
13523,4.72378,49.77173,2
13524,4.72378,49.77173,2
13525,4.72378,49.77173,2
13526,4.72378,49.77173,2
13527,4.72378,49.77173,2
13528,4.72378,49.77173,2
13529,4.72339,49.77182,2
13530,4.72339,49.77182,2
13531,4.72339,49.77182,2
13532,4.72324,49.77164,2
13533,4.72365,49.77154,2
13534,4.72365,49.77154,2
13535,4.72365,49.77154,2
13536,4.72365,49.77154,2
13537,4.72365,49.77154,2
13538,4.72347,49.77146,2
13539,4.72347,49.77146,2
13540,4.72327,49.77151,2
13541,4.72367,49.77141,2
13542,4.72367,49.77141,2
13543,4.72387,49.77137,2
13544,4.72407,49.77132,2
13545,4.72407,49.77132,2
13546,4.72407,49.77132,2
13547,4.72407,49.77132,2
13548,4.72407,49.77132,2
13549,4.72353,49.77075,2
13550,4.72339,49.77085,2
13551,4.72353,49.77075,2
13552,4.72353,49.77075,2
13553,4.72353,49.77075,2
13554,4.72353,49.77075,2
13555,4.72339,49.77085,2
13556,4.72339,49.77085,2
13557,4.72339,49.77085,2
13558,4.72339,49.77085,2
13559,4.72339,49.77085,2
13560,4.72169,49.77123,2
13561,4.72339,49.77085,2
13562,4.72326,49.7706,2
13563,4.72326,49.7706,2
13564,4.72326,49.7706,2
13565,4.72326,49.7706,2
13566,4.72294,49.76997,2
13567,4.72312,49.77036,2
13568,4.72312,49.77036,2
13569,4.72312,49.77036,2
13570,4.72312,49.77036,2
13571,4.72312,49.77036,2
13572,4.72254,49.7705,2
13573,4.72293,49.77053,2
13574,4.72293,49.77053,2
13575,4.7227,49.77059,2
13576,4.72293,49.77053,2
13577,4.72293,49.77053,2
13578,4.7227,49.77059,2
13579,4.7227,49.77059,2
13580,4.72293,49.77053,2
13581,4.72293,49.77053,2
13582,4.72246,49.77064,2
13583,4.72223,49.7707,2
13584,4.72223,49.7707,2
13585,4.72424,49.77497,2
13586,4.72365,49.77154,2
13587,4.7236,49.77383,2
13588,4.72223,49.7707,2
13589,4.72223,49.7707,2
13590,4.72319,49.77331,2
13591,4.7236,49.77383,2
13592,4.7236,49.77383,2
13593,4.72223,49.7707,2
13594,4.72332,49.7732,2
13595,4.72236,49.77101,2
13596,4.72223,49.77077,2
13597,4.72223,49.77077,2
13598,4.72308,49.77419,2
13599,4.72541,49.77338,2
13600,4.72209,49.77052,2
13601,4.72541,49.77338,2
13602,4.7253,49.77317,2
13603,4.72194,49.77025,2
13604,4.72206,49.77081,2
13605,4.72206,49.77081,2
13606,4.72206,49.77081,2
13607,4.72206,49.77081,2
13608,4.72404,49.7712,2
13609,4.72206,49.77081,2
13610,4.72394,49.77099,2
13611,4.72388,49.77088,2
13612,4.72206,49.77081,2
13613,4.7246,49.77187,2
13614,4.72454,49.77177,2
13615,4.72206,49.77081,2
13616,4.72449,49.77167,2
13617,4.72206,49.77081,2
13618,4.72444,49.77157,2
13619,4.72206,49.77081,2
13620,4.72444,49.77157,2
13621,4.72206,49.77081,2
13622,4.72444,49.77157,2
13623,4.72206,49.77081,2
13624,4.7244,49.77149,2
13625,4.72547,49.77348,2
13626,4.72206,49.77081,2
13627,4.72541,49.77338,2
13628,4.72333,49.77171,2
13629,4.72219,49.77105,2
13630,4.72339,49.77182,2
13631,4.71999,49.77174,2
13632,4.72378,49.77173,2
13633,4.72407,49.77132,2
13634,4.72034,49.77166,2
13635,4.7232,49.77047,2
13636,4.72034,49.77166,2
13637,4.72312,49.77009,2
13638,4.72034,49.77166,2
13639,4.72312,49.77009,2
13640,4.72069,49.77158,2
13641,4.72293,49.77053,2
13642,4.72069,49.77158,2
13643,4.7227,49.77059,2
13644,4.72069,49.77158,2
13645,4.72246,49.77064,2
13646,4.72086,49.77154,2
13647,4.72159,49.77138,2
13648,4.72223,49.7707,2
13649,4.72159,49.77138,2
13650,4.72159,49.77138,2
13651,4.72159,49.77138,2
13652,4.7219,49.77131,2
13653,4.72223,49.77077,2
13654,4.71999,49.77174,2
13655,4.7219,49.77131,2
13656,4.72034,49.77166,2
13657,4.7219,49.77131,2
13658,4.72034,49.77166,2
13659,4.7219,49.77131,2
13660,4.72034,49.77166,2
13661,4.7219,49.77131,2
13662,4.7219,49.77131,2
13663,4.72051,49.77162,2
13664,4.72069,49.77158,2
13665,4.7219,49.77131,2
13666,4.72317,49.77103,2
13667,4.72069,49.77158,2
13668,4.72159,49.77138,2
13669,4.72332,49.771,2
13670,4.7219,49.77131,2
13671,4.72332,49.771,2
13672,4.72386,49.77089,2
13673,4.72386,49.77089,2
13674,4.72386,49.77089,2
13675,4.72386,49.77089,2
13676,4.72386,49.77089,2
13677,4.72454,49.77074,2
13678,4.72386,49.77089,2
13679,4.72454,49.77061,2
13680,4.72474,49.77251,2
13681,4.72386,49.77089,2
13682,4.72386,49.77089,2
13683,4.72454,49.77061,2
13684,4.72474,49.77251,2
13685,4.72386,49.77089,2
13686,4.72454,49.77061,2
13687,4.72386,49.77089,2
13688,4.72436,49.77065,2
13689,4.72474,49.77251,2
13690,4.72386,49.77089,2
13691,4.72323,49.7709,2
13692,4.72386,49.77089,2
13693,4.7189,49.74923,2
13694,4.7189,49.74923,2
13695,4.71892,49.74905,2
13696,4.71904,49.74987,2
13697,4.71879,49.74706,2
13698,4.71879,49.74706,2
13699,4.71879,49.74706,2
13700,4.71842,49.74684,2
13701,4.71842,49.74684,2
13702,4.71842,49.74684,2
13703,4.71842,49.74684,2
13704,4.71886,49.74976,2
13705,4.71886,49.74976,2
13706,4.71886,49.74976,2
13707,4.71886,49.74976,2
13708,4.71886,49.74976,2
13709,4.71886,49.74976,2
13710,4.71886,49.74976,2
13711,4.71886,49.74976,2
13712,4.71888,49.74958,2
13713,4.71888,49.74958,2
13714,4.71888,49.74958,2
13715,4.71888,49.74958,2
13716,4.71888,49.74958,2
13717,4.71888,49.74958,2
13718,4.71888,49.74958,2
13719,4.71888,49.74958,2
13720,4.71889,49.7494,2
13721,4.71889,49.7494,2
13722,4.71889,49.7494,2
13723,4.71889,49.7494,2
13724,4.71889,49.7494,2
13725,4.71889,49.7494,2
13726,4.71889,49.7494,2
13727,4.71889,49.7494,2
13728,4.7189,49.74923,2
13729,4.7189,49.74923,2
13730,4.7189,49.74923,2
13731,4.7189,49.74923,2
13732,4.7189,49.74923,2
13733,4.7189,49.74923,2
13734,4.7189,49.74923,2
13735,4.7189,49.74923,2
13736,4.7189,49.74923,2
13737,4.7189,49.74923,2
13738,4.7189,49.74923,2
13739,4.7189,49.74923,2
13740,4.7189,49.74923,2
13741,4.7189,49.74923,2
13742,4.7189,49.74923,2
13743,4.7189,49.74923,2
13744,4.7189,49.74923,2
13745,4.71892,49.74905,2
13746,4.71892,49.74905,2
13747,4.71892,49.74905,2
13748,4.71892,49.74905,2
13749,4.71892,49.74905,2
13750,4.71892,49.74905,2
13751,4.71892,49.74905,2
13752,4.71892,49.74905,2
13753,4.71904,49.74987,2
13754,4.71904,49.74987,2
13755,4.71904,49.74987,2
13756,4.71904,49.74987,2
13757,4.71904,49.74987,2
13758,4.71869,49.74901,2
13759,4.71806,49.74898,2
13760,4.71767,49.74896,2
13761,4.71749,49.74896,2
13762,4.71732,49.74895,2
13763,4.71715,49.74895,2
13764,4.71697,49.74895,2
13765,4.7168,49.74894,2
13766,4.71663,49.74894,2
13767,4.71646,49.74893,2
13768,4.71628,49.74893,2
13769,4.71611,49.74892,2
13770,4.71594,49.74892,2
13771,4.71576,49.74892,2
13772,4.71559,49.74891,2
13773,4.71537,49.74891,2
13774,4.71512,49.7489,2
13775,4.71486,49.7489,2
13776,4.7146,49.74889,2
13777,4.71434,49.74888,2
13778,4.71443,49.74877,2
13779,4.71486,49.74878,2
13780,4.71529,49.74879,2
13781,4.7156,49.7488,2
13782,4.71579,49.7488,2
13783,4.71598,49.7488,2
13784,4.71617,49.74881,2
13785,4.71635,49.74881,2
13786,4.71654,49.74882,2
13787,4.71673,49.74882,2
13788,4.71692,49.74883,2
13789,4.7171,49.74883,2
13790,4.71729,49.74884,2
13791,4.71748,49.74884,2
13792,4.71767,49.74885,2
13793,4.71767,49.74882,2
13794,4.71767,49.74882,2
13795,4.71767,49.74882,2
13796,4.71767,49.74882,2
13797,4.71767,49.74882,2
13798,4.71767,49.74882,2
13799,4.71767,49.74882,2
13800,4.71767,49.74882,2
13801,4.71767,49.74882,2
13802,4.71767,49.74882,2
13803,4.71768,49.74866,2
13804,4.71768,49.74866,2
13805,4.71768,49.74866,2
13806,4.71768,49.74866,2
13807,4.71768,49.74866,2
13808,4.71768,49.74866,2
13809,4.71768,49.74866,2
13810,4.71768,49.74866,2
13811,4.71768,49.74866,2
13812,4.71768,49.74866,2
13813,4.71769,49.7485,2
13814,4.71769,49.7485,2
13815,4.71769,49.7485,2
13816,4.71769,49.7485,2
13817,4.71769,49.7485,2
13818,4.71769,49.7485,2
13819,4.71769,49.7485,2
13820,4.71769,49.7485,2
13821,4.71769,49.7485,2
13822,4.71769,49.7485,2
13823,4.7177,49.74834,2
13824,4.7177,49.74834,2
13825,4.7177,49.74834,2
13826,4.7177,49.74834,2
13827,4.7177,49.74834,2
13828,4.7177,49.74834,2
13829,4.7177,49.74834,2
13830,4.7177,49.74834,2
13831,4.7177,49.74834,2
13832,4.7177,49.74834,2
13833,4.71771,49.74818,2
13834,4.71771,49.74818,2
13835,4.71771,49.74818,2
13836,4.71771,49.74818,2
13837,4.71771,49.74818,2
13838,4.71771,49.74818,2
13839,4.71771,49.74818,2
13840,4.71771,49.74818,2
13841,4.71771,49.74818,2
13842,4.71771,49.74818,2
13843,4.71879,49.74706,2
13844,4.71879,49.74706,2
13845,4.71879,49.74706,2
13846,4.71879,49.74706,2
13847,4.71879,49.74706,2
13848,4.71879,49.74706,2
13849,4.71879,49.74706,2
13850,4.71879,49.74706,2
13851,4.71879,49.74706,2
13852,4.71879,49.74706,2
13853,4.71879,49.74706,2
13854,4.71879,49.74706,2
13855,4.71879,49.74706,2
13856,4.71879,49.74706,2
13857,4.71879,49.74706,2
13858,4.71879,49.74706,2
13859,4.71879,49.74706,2
13860,4.71879,49.74706,2
13861,4.71879,49.74706,2
13862,4.71879,49.74706,2
13863,4.71879,49.74706,2
13864,4.71879,49.74706,2
13865,4.71879,49.74706,2
13866,4.71879,49.74706,2
13867,4.71842,49.74684,2
13868,4.71842,49.74684,2
13869,4.71842,49.74684,2
13870,4.71842,49.74684,2
13871,4.71842,49.74684,2
13872,4.71842,49.74684,2
13873,4.71842,49.74684,2
13874,4.71842,49.74684,2
13875,4.71842,49.74684,2
13876,4.71842,49.74684,2
13877,4.71842,49.74684,2
13878,4.71842,49.74684,2
13879,4.71842,49.74684,2
13880,4.71842,49.74684,2
13881,4.71842,49.74684,2
13882,4.71842,49.74684,2
13883,4.71842,49.74684,2
13884,4.71842,49.74684,2
13885,4.71842,49.74684,2
13886,4.71842,49.74684,2
13887,4.71842,49.74684,2
13888,4.71842,49.74684,2
13889,4.71842,49.74684,2
13890,4.71846,49.74639,2
13891,4.71846,49.74639,2
13892,4.71846,49.74639,2
13893,4.71846,49.74639,2
13894,4.71846,49.74639,2
13895,4.71846,49.74639,2
13896,4.71846,49.74639,2
13897,4.71846,49.74639,2
13898,4.71846,49.74639,2
13899,4.71846,49.74639,2
13900,4.71846,49.74639,2
13901,4.71846,49.74639,2
13902,4.71846,49.74639,2
13903,4.71846,49.74639,2
13904,4.71888,49.74958,2
13905,4.71846,49.74639,2
13906,4.71851,49.74595,2
13907,4.71889,49.7494,2
13908,4.71851,49.74595,2
13909,4.7189,49.74923,2
13910,4.71851,49.74595,2
13911,4.71851,49.74595,2
13912,4.71851,49.74595,2
13913,4.71851,49.74595,2
13914,4.71851,49.74595,2
13915,4.71851,49.74595,2
13916,4.71851,49.74595,2
13917,4.71851,49.74595,2
13918,4.71851,49.74595,2
13919,4.71851,49.74595,2
13920,4.71851,49.74595,2
13921,4.71851,49.74595,2
13922,4.71851,49.74595,2
13923,4.71851,49.74595,2
13924,4.71851,49.74595,2
13925,4.71851,49.74595,2
13926,4.71851,49.74595,2
13927,4.71851,49.74595,2
13928,4.71851,49.74595,2
13929,4.71851,49.74595,2
13930,4.71851,49.74595,2
13931,4.71851,49.74595,2
13932,4.71851,49.74595,2
13933,4.72806,49.77267,2
13934,4.72806,49.77267,2
13935,4.7282,49.77293,2
13936,4.7282,49.77293,2
13937,4.7282,49.77293,2
13938,4.72845,49.77338,2
13939,4.72845,49.77338,2
13940,4.72831,49.77313,2
13941,4.72831,49.77313,2
13942,4.72792,49.774,2
13943,4.72743,49.77407,2
13944,4.73115,49.77275,2
13945,4.73115,49.77275,2
13946,4.73115,49.77275,2
13947,4.73115,49.77275,2
13948,4.73115,49.77275,2
13949,4.73115,49.77275,2
13950,4.73115,49.77275,2
13951,4.73075,49.77123,2
13952,4.73115,49.77275,2
13953,4.73259,49.77058,2
13954,4.73115,49.77275,2
13955,4.73256,49.77052,2
13956,4.73256,49.77052,2
13957,4.73115,49.77275,2
13958,4.73276,49.77025,2
13959,4.73276,49.77025,2
13960,4.73115,49.77275,2
13961,4.7282,49.77115,2
13962,4.72599,49.77007,2
13963,4.73115,49.77275,2
13964,4.73115,49.77275,2
13965,4.73115,49.77275,2
13966,4.72559,49.76986,2
13967,4.73115,49.77275,2
13968,4.72559,49.76986,2
13969,4.72522,49.76961,2
13970,4.73115,49.77275,2
13971,4.72522,49.76961,2
13972,4.7254,49.76973,2
13973,4.73125,49.77294,2
13974,4.72522,49.76961,2
13975,4.72504,49.76948,2
13976,4.72522,49.76961,2
13977,4.73125,49.77294,2
13978,4.72522,49.76961,2
13979,4.72455,49.76802,2
13980,4.72522,49.76961,2
13981,4.73125,49.77294,2
13982,4.72475,49.76933,2
13983,4.73125,49.77294,2
13984,4.73256,49.77052,2
13985,4.72422,49.76944,2
13986,4.73256,49.77052,2
13987,4.73125,49.77294,2
13988,4.72423,49.76952,2
13989,4.73125,49.77294,2
13990,4.72455,49.76802,2
13991,4.72455,49.76802,2
13992,4.73125,49.77294,2
13993,4.72455,49.76802,2
13994,4.73125,49.77294,2
13995,4.73125,49.77294,2
13996,4.72305,49.76784,2
13997,4.73125,49.77294,2
13998,4.73125,49.77294,2
13999,4.72384,49.76917,2
14000,4.73125,49.77294,2
14001,4.72355,49.76868,2
14002,4.73125,49.77294,2
14003,4.72389,49.7695,2
14004,4.72401,49.76946,2
14005,4.73125,49.77294,2
14006,4.72347,49.76838,2
14007,4.72389,49.7695,2
14008,4.73125,49.77294,2
14009,4.72389,49.7695,2
14010,4.72389,49.7695,2
14011,4.73125,49.77294,2
14012,4.72322,49.76813,2
14013,4.73135,49.77313,2
14014,4.72322,49.76813,2
14015,4.73135,49.77313,2
14016,4.72322,49.76813,2
14017,4.72322,49.76813,2
14018,4.73135,49.77313,2
14019,4.72322,49.76813,2
14020,4.72322,49.76813,2
14021,4.73135,49.77313,2
14022,4.72322,49.76813,2
14023,4.72322,49.76813,2
14024,4.73135,49.77313,2
14025,4.73135,49.77313,2
14026,4.72322,49.76813,2
14027,4.72322,49.76813,2
14028,4.73135,49.77313,2
14029,4.72322,49.76813,2
14030,4.72322,49.76813,2
14031,4.73135,49.77313,2
14032,4.72375,49.76902,2
14033,4.73135,49.77313,2
14034,4.72384,49.76917,2
14035,4.73135,49.77313,2
14036,4.72366,49.76886,2
14037,4.72366,49.76886,2
14038,4.73135,49.77313,2
14039,4.72366,49.76886,2
14040,4.72366,49.76886,2
14041,4.73135,49.77313,2
14042,4.72911,49.77162,2
14043,4.72925,49.77158,2
14044,4.73146,49.77332,2
14045,4.72831,49.77385,2
14046,4.73146,49.77332,2
14047,4.72743,49.77407,2
14048,4.73146,49.77332,2
14049,4.73146,49.77332,2
14050,4.72827,49.77313,2
14051,4.727,49.77341,2
14052,4.73146,49.77332,2
14053,4.72716,49.77326,2
14054,4.73146,49.77332,2
14055,4.72734,49.77295,2
14056,4.73146,49.77332,2
14057,4.72607,49.77285,2
14058,4.72522,49.76961,2
14059,4.72607,49.77285,2
14060,4.72522,49.76961,2
14061,4.73146,49.77332,2
14062,4.72498,49.77087,2
14063,4.72498,49.77087,2
14064,4.73146,49.77332,2
14065,4.73146,49.77332,2
14066,4.72498,49.77087,2
14067,4.72522,49.76961,2
14068,4.72498,49.77087,2
14069,4.73146,49.77332,2
14070,4.72498,49.77087,2
14071,4.73146,49.77332,2
14072,4.72498,49.77087,2
14073,4.73017,49.77414,2
14074,4.72522,49.76961,2
14075,4.7191,49.76014,2
14076,4.7306,49.77411,2
14077,4.72498,49.77087,2
14078,4.72827,49.77313,2
14079,4.72827,49.77313,2
14080,4.72522,49.76961,2
14081,4.72827,49.77313,2
14082,4.72755,49.7733,2
14083,4.72827,49.77313,2
14084,4.72803,49.77319,2
14085,4.72779,49.77324,2
14086,4.727,49.77341,2
14087,4.727,49.77341,2
14088,4.727,49.77341,2
14089,4.727,49.77341,2
14090,4.727,49.77341,2
14091,4.727,49.77341,2
14092,4.727,49.77341,2
14093,4.727,49.77341,2
14094,4.727,49.77341,2
14095,4.72792,49.7724,2
14096,4.72816,49.77303,2
14097,4.72816,49.77303,2
14098,4.72785,49.7731,2
14099,4.72746,49.77319,2
14100,4.72716,49.77326,2
14101,4.72716,49.77326,2
14102,4.72792,49.7724,2
14103,4.72673,49.77334,2
14104,4.72788,49.77316,2
14105,4.7274,49.77307,2
14106,4.72734,49.77295,2
14107,4.72734,49.77295,2
14108,4.72734,49.77295,2
14109,4.72734,49.77295,2
14110,4.72734,49.77295,2
14111,4.72522,49.76961,2
14112,4.72522,49.76961,2
14113,4.72734,49.77295,2
14114,4.72522,49.76961,2
14115,4.72734,49.77295,2
14116,4.72729,49.77283,2
14117,4.72729,49.77283,2
14118,4.72723,49.77271,2
14119,4.72717,49.77259,2
14120,4.72711,49.77247,2
14121,4.72706,49.77235,2
14122,4.727,49.77223,2
14123,4.72689,49.7724,2
14124,4.72696,49.77254,2
14125,4.72709,49.77281,2
14126,4.72522,49.76961,2
14127,4.72728,49.77322,2
14128,4.72498,49.77087,2
14129,4.72498,49.77087,2
14130,4.72607,49.77285,2
14131,4.72607,49.77285,2
14132,4.72613,49.77294,2
14133,4.72613,49.77294,2
14134,4.72619,49.77304,2
14135,4.72625,49.77313,2
14136,4.72625,49.77313,2
14137,4.72498,49.77087,2
14138,4.72498,49.77087,2
14139,4.72522,49.76961,2
14140,4.72522,49.76961,2
14141,4.72689,49.7724,2
14142,4.72792,49.7724,2
14143,4.72852,49.77351,2
14144,4.72852,49.77351,2
14145,4.72852,49.77351,2
14146,4.72852,49.77351,2
14147,4.72852,49.77351,2
14148,4.72852,49.77351,2
14149,4.72852,49.77351,2
14150,4.72522,49.76961,2
14151,4.72559,49.76986,2
14152,4.72559,49.76986,2
14153,4.72522,49.76961,2
14154,4.72792,49.7724,2
14155,4.72522,49.76961,2
14156,4.72522,49.76961,2
14157,4.72522,49.76961,2
14158,4.72522,49.76961,2
14159,4.72522,49.76961,2
14160,4.72522,49.76961,2
14161,4.72522,49.76961,2
14162,4.72522,49.76961,2
14163,4.72522,49.76961,2
14164,4.72522,49.76961,2
14165,4.72522,49.76961,2
14166,4.72522,49.76961,2
14167,4.72522,49.76961,2
14168,4.72522,49.76961,2
14169,4.72522,49.76961,2
14170,4.73003,49.77139,2
14171,4.72322,49.76813,2
14172,4.72322,49.76813,2
14173,4.72994,49.77095,2
14174,4.731017,49.77117,2
14175,4.731017,49.77117,2
14176,4.72522,49.76961,2
14177,4.73115,49.77275,2
14178,4.731017,49.77117,2
14179,4.73125,49.77294,2
14180,4.73135,49.77313,2
14181,4.73075,49.77123,2
14182,4.73146,49.77332,2
14183,4.73075,49.77123,2
14184,4.73075,49.77123,2
14185,4.73075,49.77123,2
14186,4.73164,49.77101,2
14187,4.7309,49.77119,2
14188,4.73164,49.77101,2
14189,4.72857,49.77306,2
14190,4.73276,49.77025,2
14191,4.73276,49.77025,2
14192,4.73276,49.77025,2
14193,4.73003,49.77139,2
14194,4.73276,49.77025,2
14195,4.73256,49.77052,2
14196,4.73276,49.77025,2
14197,4.7282,49.77115,2
14198,4.72455,49.76802,2
14199,4.7282,49.77115,2
14200,4.7282,49.77115,2
14201,4.7282,49.77115,2
14202,4.72801,49.77105,2
14203,4.72801,49.77105,2
14204,4.72801,49.77105,2
14205,4.72801,49.77105,2
14206,4.72782,49.77095,2
14207,4.72782,49.77095,2
14208,4.72322,49.76813,2
14209,4.73075,49.77123,2
14210,4.72763,49.77086,2
14211,4.72725,49.77067,2
14212,4.72725,49.77067,2
14213,4.72725,49.77067,2
14214,4.72725,49.77067,2
14215,4.72725,49.77067,2
14216,4.72725,49.77067,2
14217,4.72725,49.77067,2
14218,4.72725,49.77067,2
14219,4.72725,49.77067,2
14220,4.72725,49.77067,2
14221,4.72664,49.77037,2
14222,4.72621,49.77017,2
14223,4.72621,49.77017,2
14224,4.72599,49.77007,2
14225,4.72522,49.76961,2
14226,4.72599,49.77007,2
14227,4.72522,49.76961,2
14228,4.72599,49.77007,2
14229,4.72522,49.76961,2
14230,4.72599,49.77007,2
14231,4.72522,49.76961,2
14232,4.72599,49.77007,2
14233,4.72599,49.77007,2
14234,4.72599,49.77007,2
14235,4.72599,49.77007,2
14236,4.72599,49.77007,2
14237,4.72599,49.77007,2
14238,4.72578,49.76997,2
14239,4.72792,49.7724,2
14240,4.72559,49.76986,2
14241,4.7254,49.76973,2
14242,4.7254,49.76973,2
14243,4.7254,49.76973,2
14244,4.7254,49.76973,2
14245,4.72522,49.76961,2
14246,4.72766,49.77081,2
14247,4.7254,49.76973,2
14248,4.7254,49.76973,2
14249,4.72322,49.76813,2
14250,4.73003,49.77139,2
14251,4.72504,49.76948,2
14252,4.72504,49.76948,2
14253,4.72504,49.76948,2
14254,4.72455,49.76802,2
14255,4.72475,49.76933,2
14256,4.72455,49.76802,2
14257,4.72882,49.77168,2
14258,4.72347,49.76838,2
14259,4.72522,49.76961,2
14260,4.72389,49.7695,2
14261,4.72347,49.76838,2
14262,4.72389,49.7695,2
14263,4.72389,49.7695,2
14264,4.72522,49.76961,2
14265,4.72347,49.76838,2
14266,4.72389,49.7695,2
14267,4.72389,49.7695,2
14268,4.72389,49.7695,2
14269,4.72389,49.7695,2
14270,4.72389,49.7695,2
14271,4.72389,49.7695,2
14272,4.72522,49.76961,2
14273,4.72389,49.7695,2
14274,4.72389,49.7695,2
14275,4.72389,49.7695,2
14276,4.72389,49.7695,2
14277,4.72389,49.7695,2
14278,4.72389,49.7695,2
14279,4.72782,49.77095,2
14280,4.72322,49.76813,2
14281,4.72322,49.76813,2
14282,4.72322,49.76813,2
14283,4.72322,49.76813,2
14284,4.72322,49.76813,2
14285,4.72322,49.76813,2
14286,4.72322,49.76813,2
14287,4.72322,49.76813,2
14288,4.72792,49.7724,2
14289,4.72322,49.76813,2
14290,4.72322,49.76813,2
14291,4.72322,49.76813,2
14292,4.72322,49.76813,2
14293,4.72322,49.76813,2
14294,4.72322,49.76813,2
14295,4.72322,49.76813,2
14296,4.72322,49.76813,2
14297,4.72322,49.76813,2
14298,4.72792,49.7724,2
14299,4.72322,49.76813,2
14300,4.72322,49.76813,2
14301,4.72792,49.7724,2
14302,4.72322,49.76813,2
14303,4.72322,49.76813,2
14304,4.72322,49.76813,2
14305,4.72322,49.76813,2
14306,4.72322,49.76813,2
14307,4.72322,49.76813,2
14308,4.72522,49.76961,2
14309,4.72322,49.76813,2
14310,4.72322,49.76813,2
14311,4.72322,49.76813,2
14312,4.72322,49.76813,2
14313,4.72322,49.76813,2
14314,4.72322,49.76813,2
14315,4.72322,49.76813,2
14316,4.72522,49.76961,2
14317,4.72322,49.76813,2
14318,4.72322,49.76813,2
14319,4.72322,49.76813,2
14320,4.72322,49.76813,2
14321,4.72322,49.76813,2
14322,4.72322,49.76813,2
14323,4.72322,49.76813,2
14324,4.72322,49.76813,2
14325,4.72322,49.76813,2
14326,4.72322,49.76813,2
14327,4.72322,49.76813,2
14328,4.72322,49.76813,2
14329,4.72322,49.76813,2
14330,4.72322,49.76813,2
14331,4.72322,49.76813,2
14332,4.72322,49.76813,2
14333,4.72322,49.76813,2
14334,4.72322,49.76813,2
14335,4.72322,49.76813,2
14336,4.72322,49.76813,2
14337,4.72792,49.7724,2
14338,4.72322,49.76813,2
14339,4.72322,49.76813,2
14340,4.72322,49.76813,2
14341,4.72322,49.76813,2
14342,4.72522,49.76961,2
14343,4.72322,49.76813,2
14344,4.72322,49.76813,2
14345,4.72322,49.76813,2
14346,4.72322,49.76813,2
14347,4.72322,49.76813,2
14348,4.72322,49.76813,2
14349,4.72322,49.76813,2
14350,4.72322,49.76813,2
14351,4.72322,49.76813,2
14352,4.72322,49.76813,2
14353,4.72322,49.76813,2
14354,4.72322,49.76813,2
14355,4.72322,49.76813,2
14356,4.72322,49.76813,2
14357,4.72322,49.76813,2
14358,4.72322,49.76813,2
14359,4.72322,49.76813,2
14360,4.72322,49.76813,2
14361,4.72366,49.76886,2
14362,4.72366,49.76886,2
14363,4.72366,49.76886,2
14364,4.72366,49.76886,2
14365,4.72366,49.76886,2
14366,4.72366,49.76886,2
14367,4.72366,49.76886,2
14368,4.72366,49.76886,2
14369,4.72366,49.76886,2
14370,4.72366,49.76886,2
14371,4.72366,49.76886,2
14372,4.72366,49.76886,2
14373,4.72366,49.76886,2
14374,4.72366,49.76886,2
14375,4.72366,49.76886,2
14376,4.72366,49.76886,2
14377,4.72366,49.76886,2
14378,4.72366,49.76886,2
14379,4.72366,49.76886,2
14380,4.72366,49.76886,2
14381,4.72366,49.76886,2
14382,4.72882,49.77168,2
14383,4.72882,49.77168,2
14384,4.72882,49.77168,2
14385,4.72782,49.77095,2
14386,4.72882,49.77168,2
14387,4.72882,49.77168,2
14388,4.72896,49.77165,2
14389,4.72911,49.77162,2
14390,4.72911,49.77162,2
14391,4.72911,49.77162,2
14392,4.72911,49.77162,2
14393,4.7286,49.77186,2
14394,4.72792,49.7724,2
14395,4.72806,49.77267,2
14396,4.70312,49.99187,2
14397,4.70312,49.99187,2
14398,4.70491,49.9873,2
14399,4.70331,49.9905,2
14400,4.70269,49.98978,2
14401,4.70232,49.98986,2
14402,4.70232,49.98986,2
14403,4.70255,49.99144,2
14404,4.70324,49.99079,2
14405,4.70326,49.99238,2
14406,4.70366,49.99241,2
14407,4.70491,49.9873,2
14408,4.70194,49.99013,2
14409,4.70194,49.99013,2
14410,4.70199,49.99008,2
14411,4.70203,49.99003,2
14412,4.70206,49.99,2
14413,4.70212,49.98994,2
14414,4.70219,49.98988,2
14415,4.70223,49.98984,2
14416,4.70228,49.98979,2
14417,4.70234,49.98973,2
14418,4.70242,49.98966,2
14419,4.70247,49.98961,2
14420,4.70254,49.98955,2
14421,4.703341,49.988265,2
14422,4.7111,49.98883,2
14423,4.70933,49.98398,2
14424,4.704656,49.984512,2
14425,4.702261,49.984828,2
14426,4.68774,49.98154,2
14427,4.70344,49.99229,2
14428,4.68774,49.98154,2
14429,4.70232,49.98986,2
14430,4.70246,49.98982,2
14431,4.70246,49.98982,2
14432,4.70268,49.98962,2
14433,4.70232,49.98995,2
14434,4.70232,49.98995,2
14435,4.70223,49.99005,2
14436,4.70247,49.99011,2
14437,4.70238,49.99025,2
14438,4.70238,49.99025,2
14439,4.70238,49.99025,2
14440,4.70286,49.98982,2
14441,4.70272,49.99003,2
14442,4.70255,49.9903,2
14443,4.70249,49.99035,2
14444,4.70241,49.99042,2
14445,4.7021,49.99049,2
14446,4.7021,49.99049,2
14447,4.7021,49.99049,2
14448,4.70224,49.99056,2
14449,4.70206,49.9907,2
14450,4.70206,49.9907,2
14451,4.70249,49.99035,2
14452,4.70197,49.99077,2
14453,4.70197,49.99073,2
14454,4.70214,49.99087,2
14455,4.70227,49.99111,2
14456,4.70237,49.99108,2
14457,4.70344,49.99227,2
14458,4.70248,49.99118,2
14459,4.70272,49.99139,2
14460,4.70193,49.99197,2
14461,4.70193,49.99197,2
14462,4.70268,49.99136,2
14463,4.69903,49.98997,2
14464,4.70275,49.99108,2
14465,4.70255,49.99134,2
14466,4.70251,49.99127,2
14467,4.7025,49.99119,2
14468,4.70254,49.99112,2
14469,4.70259,49.99104,2
14470,4.70268,49.99089,2
14471,4.703341,49.988265,2
14472,4.70273,49.99082,2
14473,4.704656,49.984512,2
14474,4.70277,49.99106,2
14475,4.702261,49.984828,2
14476,4.7044,49.99113,2
14477,4.70393,49.99112,2
14478,4.70433,49.99124,2
14479,4.70491,49.99142,2
14480,4.70487,49.992,2
14481,4.70465,49.99121,2
14482,4.70446,49.99115,2
14483,4.70379,49.99095,2
14484,4.70344,49.99098,2
14485,4.70357,49.99102,2
14486,4.70304,49.99086,2
14487,4.70299,49.99076,2
14488,4.70315,49.99057,2
14489,4.70331,49.99039,2
14490,4.70348,49.99021,2
14491,4.70351,49.99017,2
14492,4.70361,49.99009,2
14493,4.70375,49.98998,2
14494,4.70407,49.9897,2
14495,4.70415,49.9896,2
14496,4.70419,49.98955,2
14497,4.70427,49.98946,2
14498,4.70434,49.98936,2
14499,4.70442,49.98927,2
14500,4.70446,49.98922,2
14501,4.70452,49.98914,2
14502,4.70331,49.9905,2
14503,4.70454,49.98911,2
14504,4.70497,49.98839,2
14505,4.7047,49.98916,2
14506,4.704786,49.988784,2
14507,4.70498,49.98802,2
14508,4.70476,49.98871,2
14509,4.70481,49.98784,2
14510,4.70496,49.98723,2
14511,4.704893,49.988387,2
14512,4.70479,49.98828,2
14513,4.70479,49.98718,2
14514,4.70492,49.988072,2
14515,4.70491,49.9873,2
14516,4.70492,49.988072,2
14517,4.70491,49.9873,2
14518,4.70491,49.9873,2
14519,4.70465,49.98911,2
14520,4.70503,49.98918,2
14521,4.70541,49.98924,2
14522,4.7046,49.98922,2
14523,4.70468,49.9892,2
14524,4.70442,49.98952,2
14525,4.70409,49.98989,2
14526,4.70391,49.99003,2
14527,4.7038,49.99012,2
14528,4.70402,49.98995,2
14529,4.70365,49.99025,2
14530,4.70263,49.99153,2
14531,4.70649,49.99176,2
14532,4.70259,49.99148,2
14533,4.70313,49.99213,2
14534,4.70274,49.99166,2
14535,4.70279,49.99172,2
14536,4.70282,49.99175,2
14537,4.70285,49.99179,2
14538,4.7029,49.99185,2
14539,4.70294,49.99189,2
14540,4.70275,49.99142,2
14541,4.7028,49.99148,2
14542,4.70285,49.99154,2
14543,4.70336,49.99217,2
14544,4.70338,49.99219,2
14545,4.70302,49.99176,2
14546,4.70341,49.99223,2
14547,4.70312,49.99187,2
14548,4.70341,49.99223,2
14549,4.70317,49.99193,2
14550,4.70344,49.99227,2
14551,4.70322,49.99199,2
14552,4.70327,49.99205,2
14553,4.70336,49.99217,2
14554,4.70344,49.99229,2
14555,4.70344,49.99238,2
14556,4.7032,49.99221,2
14557,4.70307,49.99205,2
14558,4.70302,49.99199,2
14559,4.70325,49.99227,2
14560,4.70325,49.99227,2
14561,4.70232,49.99219,2
14562,4.70373,49.99242,2
14563,4.70388,49.99243,2
14564,4.70396,49.99243,2
14565,4.70396,49.99243,2
14566,4.70404,49.99243,2
14567,4.70411,49.99244,2
14568,4.82102,50.14656,2
14569,4.82102,50.14656,2
14570,4.82102,50.14656,2
14571,4.82102,50.14656,2
14572,4.82102,50.14656,2
14573,4.82102,50.14656,2
14574,4.82102,50.14656,2
14575,4.82102,50.14656,2
14576,4.82102,50.14656,2
14577,4.82068,50.14592,2
14578,4.82068,50.14592,2
14579,4.82068,50.14592,2
14580,4.82068,50.14592,2
14581,4.82068,50.14592,2
14582,4.82068,50.14592,2
14583,4.82068,50.14592,2
14584,4.82068,50.14592,2
14585,4.82068,50.14592,2
14586,4.82068,50.14592,2
14587,4.82068,50.14592,2
14588,4.82068,50.14592,2
14589,4.82068,50.14592,2
14590,4.82068,50.14592,2
14591,4.82068,50.14592,2
14592,4.82068,50.14592,2
14593,4.82,50.14599,2
14594,4.82,50.14599,2
14595,4.82,50.14599,2
14596,4.82,50.14599,2
14597,4.82,50.14599,2
14598,4.82,50.14599,2
14599,4.82,50.14599,2
14600,4.82,50.14599,2
14601,4.82,50.14599,2
14602,4.82,50.14599,2
14603,4.82,50.14599,2
14604,4.82,50.14599,2
14605,4.82,50.14599,2
14606,4.82,50.14599,2
14607,4.82,50.14599,2
14608,4.82,50.14599,2
14609,4.82055,50.14762,2
14610,4.82055,50.14762,2
14611,4.82055,50.14762,2
14612,4.82055,50.14762,2
14613,4.82055,50.14762,2
14614,4.82055,50.14762,2
14615,4.82055,50.14762,2
14616,4.82055,50.14762,2
14617,4.82055,50.14762,2
14618,4.82055,50.14762,2
14619,4.82055,50.14762,2
14620,4.82055,50.14762,2
14621,4.82055,50.14762,2
14622,4.82055,50.14762,2
14623,4.82055,50.14762,2
14624,4.82055,50.14762,2
14625,4.81988,50.14835,2
14626,4.81988,50.14835,2
14627,4.81988,50.14835,2
14628,4.81988,50.14835,2
14629,4.81988,50.14835,2
14630,4.81988,50.14835,2
14631,4.81988,50.14835,2
14632,4.81988,50.14835,2
14633,4.81988,50.14835,2
14634,4.81988,50.14835,2
14635,4.81988,50.14835,2
14636,4.81988,50.14835,2
14637,4.81988,50.14835,2
14638,4.81988,50.14835,2
14639,4.81988,50.14835,2
14640,4.81988,50.14835,2
14641,4.8204,50.14775,2
14642,4.8204,50.14775,2
14643,4.8204,50.14775,2
14644,4.8204,50.14775,2
14645,4.8204,50.14775,2
14646,4.8204,50.14775,2
14647,4.8204,50.14775,2
14648,4.8204,50.14775,2
14649,4.8204,50.14775,2
14650,4.81952,50.14857,2
14651,4.81988,50.14835,2
14652,4.8204,50.14775,2
14653,4.8204,50.14775,2
14654,4.8204,50.14775,2
14655,4.8204,50.14775,2
14656,4.8204,50.14775,2
14657,4.8204,50.14775,2
14658,4.81988,50.14835,2
14659,4.81988,50.14835,2
14660,4.81988,50.14835,2
14661,4.81988,50.14835,2
14662,4.81988,50.14835,2
14663,4.81988,50.14835,2
14664,4.81988,50.14835,2
14665,4.81988,50.14835,2
14666,4.81988,50.14835,2
14667,4.81988,50.14835,2
14668,4.81988,50.14835,2
14669,4.81988,50.14835,2
14670,4.81988,50.14835,2
14671,4.81988,50.14835,2
14672,4.81988,50.14639,2
14673,4.81988,50.14639,2
14674,4.81988,50.14639,2
14675,4.81988,50.14639,2
14676,4.81988,50.14639,2
14677,4.81988,50.14639,2
14678,4.81988,50.14639,2
14679,4.81988,50.14639,2
14680,4.81988,50.14639,2
14681,4.81988,50.14639,2
14682,4.81988,50.14639,2
14683,4.81988,50.14639,2
14684,4.81988,50.14639,2
14685,4.81988,50.14639,2
14686,4.81988,50.14639,2
14687,4.82103,50.14719,2
14688,4.82103,50.14719,2
14689,4.82103,50.14719,2
14690,4.82103,50.14719,2
14691,4.82103,50.14719,2
14692,4.82103,50.14719,2
14693,4.82103,50.14719,2
14694,4.82103,50.14719,2
14695,4.82103,50.14719,2
14696,4.82103,50.14719,2
14697,4.82103,50.14719,2
14698,4.82085,50.14736,2
14699,4.82085,50.14736,2
14700,4.82085,50.14736,2
14701,4.82085,50.14736,2
14702,4.82085,50.14736,2
14703,4.82085,50.14736,2
14704,4.82085,50.14736,2
14705,4.82085,50.14736,2
14706,4.82085,50.14736,2
14707,4.82085,50.14736,2
14708,4.8207,50.14749,2
14709,4.8207,50.14749,2
14710,4.8207,50.14749,2
14711,4.8207,50.14749,2
14712,4.8207,50.14749,2
14713,4.8207,50.14749,2
14714,4.8207,50.14749,2
14715,4.8207,50.14749,2
14716,4.81988,50.14835,2
14717,4.81988,50.14835,2
14718,4.81988,50.14835,2
14719,4.81988,50.14835,2
14720,4.81988,50.14835,2
14721,4.81988,50.14835,2
14722,4.81988,50.14835,2
14723,4.81988,50.14835,2
14724,4.81988,50.14835,2
14725,4.81988,50.14835,2
14726,4.81988,50.14835,2
14727,4.81988,50.14835,2
14728,4.82005,50.14807,2
14729,4.82005,50.14807,2
14730,4.82005,50.14807,2
14731,4.82005,50.14807,2
14732,4.82005,50.14807,2
14733,4.82005,50.14807,2
14734,4.82005,50.14807,2
14735,4.82005,50.14807,2
14736,4.82005,50.14807,2
14737,4.82005,50.14807,2
14738,4.82005,50.14807,2
14739,4.82005,50.14807,2
14740,4.82005,50.14807,2
14741,4.82005,50.14807,2
14742,4.81988,50.14835,2
14743,4.81988,50.14835,2
14744,4.81988,50.14835,2
14745,4.81988,50.14835,2
14746,4.81988,50.14835,2
14747,4.81988,50.14835,2
14748,4.81988,50.14835,2
14749,4.81988,50.14835,2
14750,4.81988,50.14835,2
14751,4.81988,50.14835,2
14752,4.81988,50.14835,2
14753,4.81988,50.14835,2
14754,4.81988,50.14835,2
14755,4.81988,50.14835,2
14756,4.81952,50.14857,2
14757,4.81952,50.14857,2
14758,4.81952,50.14857,2
14759,4.81952,50.14857,2
14760,4.81952,50.14857,2
14761,4.81952,50.14857,2
14762,4.81952,50.14857,2
14763,4.81952,50.14857,2
14764,4.81952,50.14857,2
14765,4.81952,50.14857,2
14766,4.81952,50.14857,2
14767,4.81952,50.14857,2
14768,4.81988,50.14835,2
14769,4.81988,50.14835,2
14770,4.81988,50.14835,2
14771,4.82182,50.14688,2
14772,4.82182,50.14688,2
14773,4.82102,50.14656,2
14774,4.82068,50.14592,2
14775,4.82,50.14599,2
14776,4.82055,50.14762,2
14777,4.81988,50.14835,2
14778,4.8204,50.14775,2
14779,4.81988,50.14835,2
14780,4.81988,50.14639,2
14781,4.82103,50.14719,2
14782,4.82085,50.14736,2
14783,4.8207,50.14749,2
14784,4.81988,50.14835,2
14785,4.82005,50.14807,2
14786,4.82005,50.14807,2
14787,4.81988,50.14835,2
14788,4.81988,50.14835,2
14789,4.81952,50.14857,2
14790,4.81952,50.14857,2
14791,4.8204,50.14775,2
14792,4.81988,50.14835,2
14793,4.81988,50.14835,2
14794,4.81988,50.14835,2
14795,4.81988,50.14835,2
14796,4.81988,50.14835,2
14797,4.81988,50.14835,2
14798,4.81988,50.14835,2
14799,4.82182,50.14688,2
14800,4.82182,50.14688,2
14801,4.82182,50.14688,2
14802,4.82182,50.14688,2
14803,4.82182,50.14688,2
14804,4.82182,50.14688,2
14805,4.82182,50.14688,2
14806,4.82182,50.14688,2
14807,4.82182,50.14688,2
14808,4.82182,50.14688,2
14809,4.82182,50.14688,2
14810,4.82182,50.14688,2
14811,4.82182,50.14688,2
14812,4.82182,50.14688,2
14813,4.82182,50.14688,2
14814,4.82182,50.14688,2
14815,4.82102,50.14656,2
14816,4.82102,50.14656,2
14817,4.82102,50.14656,2
14818,4.82102,50.14656,2
14819,4.82102,50.14656,2
14820,4.82102,50.14656,2
14821,4.82102,50.14656,2
14822,4.23453,49.9219,2
14823,4.249639,49.919311,2
14824,4.24366,49.94929,2
14825,4.24366,49.94929,2
14826,4.258391,49.922684,2
14827,4.25188,49.93148,2
14828,4.24617,49.9209,2
14829,4.24617,49.9209,2
14830,4.24617,49.9209,2
14831,4.24617,49.9209,2
14832,4.24617,49.9209,2
14833,4.22528,49.93933,2
14834,4.226271,49.912949,2
14835,4.24617,49.9209,2
14836,4.22303,49.91611,2
14837,4.22882,49.92165,2
14838,4.23453,49.9219,2
14839,4.23423,49.93056,2
14840,4.23423,49.93056,2
14841,4.22848,49.92808,2
14842,4.23042,49.92182,2
14843,4.24366,49.94929,2
14844,4.22882,49.92165,2
14845,4.24366,49.94929,2
14846,4.22303,49.91611,2
14847,4.22303,49.91611,2
14848,4.25188,49.93148,2
14849,4.25188,49.93148,2
14850,4.25188,49.93148,2
14851,4.25188,49.93148,2
14852,4.25188,49.93148,2
14853,4.25188,49.93148,2
14854,4.259699,49.939943,2
14855,4.25188,49.93148,2
14856,4.25188,49.93148,2
14857,4.24617,49.9209,2
14858,4.248098,49.921589,2
14859,4.242406,49.920412,2
14860,4.24617,49.9209,2
14861,4.24617,49.9209,2
14862,4.245334,49.919845,2
14863,4.24617,49.9209,2
14864,4.24617,49.9209,2
14865,4.24617,49.9209,2
14866,4.24617,49.9209,2
14867,4.24617,49.9209,2
14868,4.24617,49.9209,2
14869,4.24617,49.9209,2
14870,4.24617,49.9209,2
14871,4.24617,49.9209,2
14872,4.24617,49.9209,2
14873,4.24617,49.9209,2
14874,4.24617,49.9209,2
14875,4.24617,49.9209,2
14876,4.242667,49.917732,2
14877,4.24617,49.9209,2
14878,4.22627,49.913282,2
14879,4.22627,49.913282,2
14880,4.227826,49.915107,2
14881,4.236495,49.919687,2
14882,4.229178,49.919298,2
14883,4.229178,49.919298,2
14884,4.230101,49.920173,2
14885,4.23042,49.92182,2
14886,4.229101,49.921338,2
14887,4.22783,49.92095,2
14888,4.22783,49.92095,2
14889,4.22783,49.92095,2
14890,4.22783,49.92095,2
14891,4.22783,49.92095,2
14892,4.22783,49.92095,2
14893,4.22783,49.92095,2
14894,4.22783,49.92095,2
14895,4.22783,49.92095,2
14896,4.22783,49.92095,2
14897,4.22783,49.92095,2
14898,4.22303,49.91611,2
14899,4.22882,49.92165,2
14900,4.22616,49.92219,2
14901,4.22882,49.92165,2
14902,4.22882,49.92165,2
14903,4.22882,49.92165,2
14904,4.22882,49.92165,2
14905,4.23423,49.9452,2
14906,4.22882,49.92165,2
14907,4.22938,49.91917,2
14908,4.22882,49.92165,2
14909,4.22882,49.92165,2
14910,4.229502,49.922014,2
14911,4.23423,49.9452,2
14912,4.229502,49.922014,2
14913,4.22938,49.91917,2
14914,4.23042,49.92182,2
14915,4.229988,49.92198,2
14916,4.229988,49.92198,2
14917,4.23453,49.9219,2
14918,4.23453,49.9219,2
14919,4.23453,49.9219,2
14920,4.23453,49.9219,2
14921,4.22896,49.92118,2
14922,4.23453,49.9219,2
14923,4.23453,49.9219,2
14924,4.23453,49.9219,2
14925,4.23453,49.9219,2
14926,4.2296,49.91945,2
14927,4.23453,49.9219,2
14928,4.23453,49.9219,2
14929,4.23453,49.9219,2
14930,4.23453,49.9219,2
14931,4.23453,49.9219,2
14932,4.23453,49.9219,2
14933,4.23453,49.9219,2
14934,4.23453,49.9219,2
14935,4.23453,49.9219,2
14936,4.23453,49.9219,2
14937,4.23453,49.9219,2
14938,4.23453,49.9219,2
14939,4.23453,49.9219,2
14940,4.23423,49.93056,2
14941,4.23423,49.93056,2
14942,4.23423,49.93056,2
14943,4.23423,49.93056,2
14944,4.23423,49.93056,2
14945,4.23423,49.93056,2
14946,4.23423,49.93056,2
14947,4.23076,49.92346,2
14948,4.246165,49.917533,2
14949,4.23423,49.93056,2
14950,4.237382,49.919952,2
14951,4.24617,49.9209,2
14952,4.231118,49.919825,2
14953,4.230101,49.920173,2
14954,4.230942,49.919953,2
14955,4.23042,49.92182,2
14956,4.23042,49.92182,2
14957,4.23042,49.92182,2
14958,4.22848,49.92808,2
14959,4.23042,49.92182,2
14960,4.2296,49.91945,2
14961,4.22848,49.92808,2
14962,4.22848,49.92808,2
14963,4.22848,49.92808,2
14964,4.22848,49.92808,2
14965,4.22848,49.92808,2
14966,4.22896,49.92118,2
14967,4.22853,49.92801,2
14968,4.25188,49.93148,2
14969,4.22783,49.92095,2
14970,4.22834,49.92804,2
14971,4.22848,49.92808,2
14972,4.22848,49.92808,2
14973,4.22848,49.92808,2
14974,4.22848,49.92808,2
14975,4.22848,49.92808,2
14976,4.22848,49.92808,2
14977,4.22848,49.92808,2
14978,4.22848,49.92808,2
14979,4.2296,49.91945,2
14980,4.22212,49.93855,2
14981,4.22848,49.92808,2
14982,4.22848,49.92808,2
14983,4.22528,49.93933,2
14984,4.22528,49.93933,2
14985,4.22528,49.93933,2
14986,4.22528,49.93933,2
14987,4.22528,49.93933,2
14988,4.22528,49.93933,2
14989,4.22528,49.93933,2
14990,4.22528,49.93933,2
14991,4.22528,49.93933,2
14992,4.22528,49.93933,2
14993,4.22528,49.93933,2
14994,4.22528,49.93933,2
14995,4.22528,49.93933,2
14996,4.22528,49.93933,2
14997,4.24366,49.94929,2
14998,4.22882,49.92165,2
14999,4.22528,49.93933,2
15000,4.22528,49.93933,2
15001,4.22528,49.93933,2
15002,4.24366,49.94929,2
15003,4.24366,49.94929,2
15004,4.24366,49.94929,2
15005,4.22882,49.92165,2
15006,4.22882,49.92165,2
15007,4.24366,49.94929,2
15008,4.24366,49.94929,2
15009,4.24366,49.94929,2
15010,4.24366,49.94929,2
15011,4.22882,49.92165,2
15012,4.24366,49.94929,2
15013,4.24366,49.94929,2
15014,4.24366,49.94929,2
15015,4.24366,49.94929,2
15016,4.24366,49.94929,2
15017,4.24366,49.94929,2
15018,4.24366,49.94929,2
15019,4.24366,49.94929,2
15020,4.24366,49.94929,2
15021,4.24366,49.94929,2
15022,4.24366,49.94929,2
15023,4.24366,49.94929,2
15024,4.24366,49.94929,2
15025,4.24366,49.94929,2
15026,4.249063,49.951255,2
15027,4.24366,49.94929,2
15028,4.24366,49.94929,2
15029,4.24366,49.94929,2
15030,4.24366,49.94929,2
15031,4.24366,49.94929,2
15032,4.24366,49.94929,2
15033,4.23453,49.9219,2
15034,4.24366,49.94929,2
15035,4.24366,49.94929,2
15036,4.24366,49.94929,2
15037,4.24366,49.94929,2
15038,4.24366,49.94929,2
15039,4.24366,49.94929,2
15040,4.24366,49.94929,2
15041,4.24366,49.94929,2
15042,4.24366,49.94929,2
15043,4.24366,49.94929,2
15044,4.22882,49.92165,2
15045,4.2296,49.91945,2
15046,4.24366,49.94929,2
15047,4.23042,49.92182,2
15048,4.231118,49.919825,2
15049,4.22848,49.92808,2
15050,4.23453,49.9219,2
15051,4.2296,49.91945,2
15052,4.2296,49.91945,2
15053,4.22528,49.93933,2
15054,4.22528,49.93933,2
15055,4.22848,49.92808,2
15056,4.229824,49.920204,2
15057,4.42472,49.39957,2
15058,4.42507,49.39889,2
15059,4.42194,49.39891,2
15060,4.42342,49.39896,2
15061,4.4229,49.39886,2
15062,4.42398,49.39882,2
15063,4.42487,49.3989,2
15064,4.42452,49.3988,2
15065,4.42385,49.39887,2
15066,4.42425,49.39881,2
15067,4.42385,49.39887,2
15068,4.42385,49.39887,2
15069,4.42385,49.39887,2
15070,4.42032,49.39911,2
15071,4.42086,49.39908,2
15072,4.42058,49.39898,2
15073,4.42154,49.39904,2
15074,4.42237,49.399,2
15075,4.42285,49.39898,2
15076,4.42666,49.39881,2
15077,4.42371,49.39894,2
15078,4.42344,49.39884,2
15079,4.424,49.39893,2
15080,4.42458,49.39891,2
15081,4.42317,49.39885,2
15082,4.4258,49.39915,2
15083,4.42479,49.39878,2
15084,4.42534,49.39877,2
15085,4.42385,49.39887,2
15086,4.42385,49.39887,2
15087,4.42385,49.39887,2
15088,4.42385,49.39887,2
15089,4.42385,49.39887,2
15090,4.76443,49.32292,2
15091,4.74142,49.3329,2
15092,4.74142,49.3329,2
15093,4.74142,49.3329,2
15094,4.74142,49.3329,2
15095,4.74142,49.3329,2
15096,4.74773,49.33975,2
15097,4.763864,49.322791,2
15098,4.76404,49.32314,2
15099,4.76404,49.32314,2
15100,4.76404,49.32314,2
15101,4.76404,49.32314,2
15102,4.76404,49.32314,2
15103,4.767489,49.32297,2
15104,4.765879,49.322652,2
15105,4.76404,49.32314,2
15106,4.74142,49.3329,2
15107,4.74142,49.3329,2
15108,4.74142,49.3329,2
15109,4.74142,49.3329,2
15110,4.74142,49.3329,2
15111,4.74142,49.3329,2
15112,4.74142,49.3329,2
15113,4.74142,49.3329,2
15114,4.74773,49.33975,2
15115,4.74142,49.3329,2
15116,4.74142,49.3329,2
15117,4.76404,49.32314,2
15118,4.76404,49.32314,2
15119,4.76404,49.32314,2
15120,4.76404,49.32314,2
15121,4.76404,49.32314,2
15122,4.764042,49.323642,2
15123,4.76404,49.32314,2
15124,4.76313,49.32238,2
15125,4.76404,49.32314,2
15126,4.76313,49.32238,2
15127,4.76404,49.32314,2
15128,4.76404,49.32314,2
15129,4.76404,49.32314,2
15130,4.76404,49.32314,2
15131,4.76404,49.32314,2
15132,4.76404,49.32314,2
15133,4.76404,49.32314,2
15134,4.76404,49.32314,2
15135,4.76404,49.32314,2
15136,4.76404,49.32314,2
15137,4.76404,49.32314,2
15138,4.76404,49.32314,2
15139,4.767489,49.32297,2
15140,4.768561,49.323245,2
15141,4.76404,49.32314,2
15142,4.76404,49.32314,2
15143,4.76404,49.32314,2
15144,4.76404,49.32314,2
15145,4.74142,49.3329,2
15146,4.76404,49.32314,2
15147,4.76404,49.32314,2
15148,4.76404,49.32314,2
15149,4.76404,49.32314,2
15150,5.07819,49.66209,2
15151,5.07723,49.66172,2
15152,5.07713,49.66164,2
15153,5.0775,49.66174,2
15154,5.07786,49.66185,2
15155,5.07822,49.66197,2
15156,5.07858,49.66169,2
15157,5.07838,49.66193,2
15158,5.07878,49.66145,2
15159,5.07898,49.66121,2
15160,5.07892,49.66138,2
15161,5.07892,49.66138,2
15162,5.084331,49.668455,2
15163,5.07919,49.6612,2
15164,5.0784,49.66224,2
15165,5.07846,49.6622,2
15166,5.07876,49.66236,2
15167,5.07906,49.66251,2
15168,5.07936,49.66266,2
15169,5.07723,49.66172,2
15170,5.07902,49.66234,2
15171,5.07968,49.66245,2
15172,5.07996,49.66219,2
15173,5.08057,49.66342,2
15174,5.08053,49.66355,2
15175,5.08057,49.66342,2
15176,5.08006,49.66335,2
15177,5.08006,49.66335,2
15178,5.08068,49.66357,2
15179,5.08011,49.66336,2
15180,5.08099,49.66361,2
15181,5.08114,49.66363,2
15182,5.08136,49.66321,2
15183,5.08148,49.66405,2
15184,5.08106,49.66362,2
15185,5.08129,49.66364,2
15186,5.08121,49.66363,2
15187,5.08091,49.6636,2
15188,5.08043,49.66342,2
15189,5.08038,49.66341,2
15190,5.08033,49.6634,2
15191,5.07723,49.66172,2
15192,5.08034,49.66352,2
15193,5.08091,49.66457,2
15194,5.08019,49.66349,2
15195,5.08005,49.66347,2
15196,5.07871,49.66345,2
15197,5.07892,49.66339,2
15198,5.07954,49.66282,2
15199,5.07929,49.66285,2
15200,5.07888,49.66323,2
15201,5.08279,49.66553,2
15202,5.08251,49.66519,2
15203,5.08288,49.66541,2
15204,5.08251,49.66519,2
15205,5.08377,49.66804,2
15206,5.08281,49.66525,2
15207,5.08251,49.66519,2
15208,5.08169,49.66449,2
15209,5.0825,49.66447,2
15210,5.08204,49.66439,2
15211,5.08251,49.66519,2
15212,5.08251,49.66519,2
15213,5.08251,49.66519,2
15214,5.08251,49.66519,2
15215,5.08177,49.66556,2
15216,5.08251,49.66519,2
15217,5.08229,49.6656,2
15218,5.08251,49.66519,2
15219,5.08254,49.66557,2
15220,5.08251,49.66519,2
15221,5.08206,49.66552,2
15222,5.08251,49.66519,2
15223,5.08234,49.66548,2
15224,5.08251,49.66519,2
15225,5.08263,49.66544,2
15226,5.08251,49.66519,2
15227,5.08264,49.66529,2
15228,5.08179,49.66567,2
15229,5.08251,49.66519,2
15230,5.08204,49.66564,2
15231,5.08251,49.66519,2
15232,5.08152,49.66516,2
15233,5.08377,49.66804,2
15234,5.08377,49.66804,2
15235,5.08377,49.66804,2
15236,5.08377,49.66804,2
15237,5.07538,49.66372,2
15238,5.08057,49.66342,2
15239,5.07892,49.66138,2
15240,5.08227,49.66443,2
15241,5.07996,49.66219,2
15242,5.08377,49.66804,2
15243,5.07982,49.66434,2
15244,5.07844,49.66332,2
15245,5.08091,49.66457,2
15246,5.08091,49.66457,2
15247,5.07823,49.66256,2
15248,5.07723,49.66172,2
15249,5.07738,49.66183,2
15250,5.07892,49.66138,2
15251,5.07913,49.6632,2
15252,5.08227,49.66443,2
15253,5.08152,49.66516,2
15254,5.08377,49.66804,2
15255,5.08377,49.66804,2
15256,5.07846,49.6622,2
15257,5.07846,49.6622,2
15258,5.07996,49.66219,2
15259,5.08152,49.66516,2
15260,5.07892,49.66138,2
15261,5.07869,49.66181,2
15262,5.07723,49.66172,2
15263,5.08346,49.66267,2
15264,5.07898,49.66121,2
15265,5.07898,49.66121,2
15266,5.07793,49.6632,2
15267,5.08057,49.66342,2
15268,5.08057,49.66342,2
15269,5.08032,49.66448,2
15270,5.08018,49.66455,2
15271,5.08004,49.66447,2
15272,5.07989,49.66438,2
15273,5.08025,49.66459,2
15274,5.08011,49.66451,2
15275,5.07996,49.66443,2
15276,5.07975,49.6643,2
15277,5.07948,49.66449,2
15278,5.07948,49.66449,2
15279,5.07858,49.6639,2
15280,5.0787,49.664,2
15281,5.07888,49.66404,2
15282,5.07906,49.66408,2
15283,5.07925,49.66412,2
15284,5.0796,49.66422,2
15285,5.0796,49.66422,2
15286,5.07676,49.66272,2
15287,5.07829,49.66315,2
15288,5.07829,49.66285,2
15289,5.07831,49.66254,2
15290,5.07836,49.66342,2
15291,5.07792,49.66332,2
15292,5.0775,49.66322,2
15293,5.07709,49.66311,2
15294,5.07657,49.66275,2
15295,5.07613,49.66267,2
15296,5.0757,49.66259,2
15297,5.07752,49.66309,2
15298,5.07676,49.66272,2
15299,5.07711,49.66298,2
15300,5.0769,49.66278,2
15301,5.0766,49.66263,2
15302,5.07676,49.66272,2
15303,5.07538,49.66372,2
15304,5.07542,49.66268,2
15305,5.0754,49.66242,2
15306,5.07538,49.66224,2
15307,5.07546,49.66208,2
15308,5.07558,49.66238,2
15309,5.07558,49.66217,2
15310,5.07575,49.66197,2
15311,5.0759,49.66177,2
15312,5.07607,49.66158,2
15313,5.07559,49.66192,2
15314,5.0757,49.66176,2
15315,5.07582,49.6616,2
15316,5.08091,49.66457,2
15317,5.07599,49.66147,2
15318,5.07572,49.66191,2
15319,5.07572,49.66191,2
15320,5.07572,49.66191,2
15321,5.07603,49.66101,2
15322,5.07675,49.66155,2
15323,5.07626,49.66155,2
15324,5.07654,49.66162,2
15325,5.07682,49.66169,2
15326,5.07711,49.66175,2
15327,5.07765,49.66192,2
15328,5.07792,49.662,2
15329,5.126844,49.624824,2
15330,5.129009,49.626211,2
15331,5.129009,49.626211,2
15332,5.125687,49.629209,2
15333,5.12516,49.6294,2
15334,5.12516,49.6294,2
15335,5.1236,49.63023,2
15336,5.12044,49.62917,2
15337,5.12225,49.62966,2
15338,5.1218,49.62947,2
15339,5.12166,49.62923,2
15340,5.12161,49.62931,2
15341,5.12044,49.62917,2
15342,5.12166,49.62923,2
15343,5.12044,49.62917,2
15344,5.12044,49.62917,2
15345,5.12044,49.62917,2
15346,5.12044,49.62917,2
15347,5.12044,49.62917,2
15348,5.12044,49.62917,2
15349,5.118342,49.62874,2
15350,5.12044,49.62917,2
15351,5.12044,49.62917,2
15352,5.118259,49.628724,2
15353,5.117778,49.628528,2
15354,5.116923,49.626813,2
15355,5.117365,49.628313,2
15356,5.11564,49.62783,2
15357,5.12044,49.62917,2
15358,5.119,49.63022,2
15359,5.12044,49.62917,2
15360,5.12044,49.62917,2
15361,5.12044,49.62917,2
15362,5.12044,49.62917,2
15363,5.12044,49.62917,2
15364,5.12044,49.62917,2
15365,5.12044,49.62917,2
15366,5.12044,49.62917,2
15367,5.124023,49.630406,2
15368,5.12373,49.63405,2
15369,5.12161,49.62931,2
15370,5.124461,49.630585,2
15371,5.119091,49.630286,2
15372,5.11897,49.63007,2
15373,5.11897,49.63007,2
15374,5.11897,49.63007,2
15375,5.12044,49.62917,2
15376,5.124214,49.630366,2
15377,5.12161,49.62931,2
15378,5.12161,49.62931,2
15379,5.12161,49.62931,2
15380,5.12166,49.62923,2
15381,5.12161,49.62931,2
15382,5.12161,49.62931,2
15383,5.12044,49.62917,2
15384,5.11564,49.62783,2
15385,5.11686,49.626923,2
15386,5.11564,49.62783,2
15387,5.112027,49.631419,2
15388,5.118357,49.628748,2
15389,5.12044,49.62917,2
15390,5.12044,49.62917,2
15391,5.12044,49.62917,2
15392,5.12161,49.62931,2
15393,5.124476,49.630594,2
15394,5.11897,49.63007,2
15395,5.12485,49.62956,2
15396,4.774282,49.349922,2
15397,4.77364,49.34772,2
15398,4.77999,49.3463,2
15399,4.77276,49.34808,2
15400,4.77262,49.34801,2
15401,4.774165,49.349789,2
15402,4.77347,49.34738,2
15403,4.7648,49.34897,2
15404,4.77285,49.34781,2
15405,4.77281,49.34746,2
15406,4.773,49.34763,2
15407,4.77549,49.34387,2
15408,4.77203,49.34627,2
15409,4.77205,49.346,2
15410,4.779429,49.346213,2
15411,4.78202,49.34655,2
15412,4.77593,49.34578,2
15413,4.77755,49.34669,2
15414,4.77347,49.34738,2
15415,4.77347,49.34738,2
15416,4.7781,49.34617,2
15417,4.77261,49.34717,2
15418,4.7729,49.34732,2
15419,4.77316,49.34758,2
15420,4.77347,49.34738,2
15421,4.77464,49.34393,2
15422,4.77507,49.3439,2
15423,4.7781,49.34617,2
15424,4.77464,49.34538,2
15425,4.77262,49.34688,2
15426,4.77355,49.34316,2
15427,4.77876,49.34619,2
15428,4.77523,49.34377,2
15429,4.77468,49.34381,2
15430,4.77239,49.34821,2
15431,4.77701,49.34638,2
15432,4.7781,49.34617,2
15433,4.78067,49.34636,2
15434,4.775,49.34656,2
15435,4.7781,49.34617,2
15436,4.7781,49.34617,2
15437,4.778245,49.346183,2
15438,4.77436,49.3469,2
15439,4.77467,49.3468,2
15440,4.7781,49.34617,2
15441,4.7753,49.34659,2
15442,4.77644,49.34644,2
15443,4.77234,49.34644,2
15444,4.77585,49.34631,2
15445,4.77308,49.34289,2
15446,4.77585,49.34631,2
15447,4.77562,49.3464,2
15448,4.77475,49.34665,2
15449,4.77577,49.3437,2
15450,4.77615,49.34647,2
15451,4.77648,49.34632,2
15452,4.77557,49.34653,2
15453,4.77223,49.34657,2
15454,4.77426,49.3437,2
15455,4.7781,49.34617,2
15456,4.77332,49.34303,2
15457,4.7781,49.34617,2
15458,4.7781,49.34617,2
15459,4.77737,49.3467,2
15460,4.77805,49.34739,2
15461,4.77779,49.34707,2
15462,4.7745,49.34673,2
15463,4.77507,49.34334,2
15464,4.77673,49.34552,2
15465,4.77593,49.34578,2
15466,4.77595,49.34539,2
15467,4.7748,49.34511,2
15468,4.77604,49.34302,2
15469,4.77377,49.34538,2
15470,4.77513,49.3432,2
15471,4.77619,49.3464,2
15472,4.77424,49.34681,2
15473,4.77394,49.34677,2
15474,4.77672,49.34641,2
15475,4.77347,49.34738,2
15476,4.77356,49.34773,2
15477,4.77347,49.34738,2
15478,4.7793,49.34623,2
15479,4.77422,49.34325,2
15480,4.77797,49.34572,2
15481,4.77672,49.34641,2
15482,4.77587,49.34457,2
15483,4.77499,49.3467,2
15484,4.7781,49.34617,2
15485,4.77483,49.34675,2
15486,4.77483,49.34675,2
15487,4.77347,49.34738,2
15488,4.77507,49.34327,2
15489,4.77525,49.34648,2
15490,4.77347,49.34738,2
15491,4.81378,49.34648,2
15492,4.78157,49.34633,2
15493,4.773806,49.349464,2
15494,4.76278,49.34916,2
15495,4.76477,49.34885,2
15496,4.77476,49.34671,2
15497,4.77878,49.34607,2
15498,4.77184,49.34598,2
15499,4.78136,49.34643,2
15500,4.775737,49.343772,2
15501,4.77593,49.34578,2
15502,4.77779,49.34564,2
15503,4.77691,49.34628,2
15504,4.77605,49.34636,2
15505,4.77586,49.3465,2
15506,4.7759,49.3438,2
15507,4.812485,49.347883,2
15508,4.812595,49.348465,2
15509,4.77387,49.34338,2
15510,4.77262,49.34262,2
15511,4.77285,49.34275,2
15512,4.756209,49.358205,2
15513,4.77377,49.34538,2
15514,4.76075,49.36178,2
15515,4.76073,49.36223,2
15516,4.76105,49.3635,2
15517,4.75976,49.3653,2
15518,4.75932,49.3654,2
15519,4.75851,49.36571,2
15520,4.75889,49.36558,2
15521,4.75932,49.36577,2
15522,4.75946,49.36584,2
15523,4.76091,49.36221,2
15524,4.76108,49.36264,2
15525,4.75984,49.36533,2
15526,4.76123,49.36351,2
15527,4.76056,49.36598,2
15528,4.76017,49.36553,2
15529,4.76075,49.36658,2
15530,4.76125,49.36718,2
15531,4.76246,49.36781,2
15532,4.76202,49.36764,2
15533,4.76252,49.36821,2
15534,4.76027,49.36564,2
15535,4.76124,49.36307,2
15536,4.76144,49.36722,2
15537,5.13282,49.66832,2
15538,5.13282,49.66832,2
15539,5.13282,49.66832,2
15540,5.13282,49.66832,2
15541,5.13282,49.66832,2
15542,5.13282,49.66832,2
15543,5.13553,49.66574,2
15544,5.13553,49.66574,2
15545,5.13609,49.66594,2
15546,5.13609,49.66594,2
15547,5.13282,49.66832,2
15548,5.13282,49.66832,2
15549,5.13282,49.66832,2
15550,5.13282,49.66832,2
15551,5.13571,49.6658,2
15552,5.13282,49.66832,2
15553,5.13582,49.66593,2
15554,5.13611,49.66611,2
15555,5.13553,49.66574,2
15556,5.13609,49.66594,2
15557,5.13523,49.66555,2
15558,5.13551,49.66556,2
15559,5.13282,49.66832,2
15560,5.13282,49.66832,2
15561,5.13282,49.66832,2
15562,5.13282,49.66832,2
15563,5.13282,49.66832,2
15564,5.13282,49.66832,2
15565,5.13282,49.66832,2
15566,5.13282,49.66832,2
15567,5.13475,49.66865,2
15568,5.13247,49.66894,2
15569,5.13282,49.66832,2
15570,5.13247,49.66894,2
15571,5.13282,49.66832,2
15572,5.13247,49.66894,2
15573,5.13247,49.66894,2
15574,5.13247,49.66894,2
15575,5.13247,49.66894,2
15576,5.13247,49.66894,2
15577,5.13247,49.66894,2
15578,5.13247,49.66894,2
15579,5.13247,49.66894,2
15580,5.13455,49.66754,2
15581,5.13247,49.66894,2
15582,5.13247,49.66894,2
15583,5.13247,49.66894,2
15584,5.13247,49.66894,2
15585,5.130477,49.669214,2
15586,5.13031,49.67,2
15587,5.13031,49.67,2
15588,5.13031,49.67,2
15589,5.13282,49.66832,2
15590,5.13282,49.66832,2
15591,5.13282,49.66832,2
15592,5.13282,49.66832,2
15593,5.13282,49.66832,2
15594,5.13282,49.66832,2
15595,5.13282,49.66832,2
15596,5.13282,49.66832,2
15597,5.13282,49.66832,2
15598,5.13282,49.66832,2
15599,5.13282,49.66832,2
15600,5.13282,49.66832,2
15601,5.13282,49.66832,2
15602,5.13282,49.66832,2
15603,5.13282,49.66832,2
15604,5.13282,49.66832,2
15605,5.13282,49.66832,2
15606,5.13282,49.66832,2
15607,5.13282,49.66832,2
15608,5.12906,49.67041,2
15609,5.13282,49.66832,2
15610,5.13282,49.66832,2
15611,5.13282,49.66832,2
15612,5.13282,49.66832,2
15613,5.13282,49.66832,2
15614,5.13282,49.66832,2
15615,5.13282,49.66832,2
15616,5.13282,49.66832,2
15617,5.13282,49.66832,2
15618,5.13282,49.66832,2
15619,5.13282,49.66832,2
15620,5.120197,49.672892,2
15621,5.13282,49.66832,2
15622,5.136847,49.665445,2
15623,5.13906,49.667164,2
15624,5.13282,49.66832,2
15625,5.13247,49.66894,2
15626,5.131665,49.669411,2
15627,5.128132,49.670885,2
15628,5.13282,49.66832,2
15629,5.13282,49.66832,2
15630,5.132169,49.670019,2
15631,5.13282,49.66832,2
15632,5.13455,49.66754,2
15633,5.126815,49.651883,2
15634,5.126091,49.652313,2
15635,5.13173,49.6515,2
15636,5.13121,49.65082,2
15637,5.13204,49.65138,2
15638,5.13121,49.65082,2
15639,5.13121,49.65082,2
15640,5.132431,49.651807,2
15641,5.132265,49.650544,2
15642,5.13121,49.65082,2
15643,5.13173,49.6515,2
15644,5.13121,49.65082,2
15645,5.132052,49.651708,2
15646,5.132052,49.651708,2
15647,5.13121,49.65082,2
15648,5.13184,49.652387,2
15649,5.13065,49.65194,2
15650,5.13191,49.65253,2
15651,5.13121,49.65082,2
15652,5.13121,49.65082,2
15653,5.13121,49.65082,2
15654,5.13181,49.65233,2
15655,5.13027,49.6518,2
15656,5.13065,49.65194,2
15657,5.13078,49.65193,2
15658,5.13074,49.65127,2
15659,5.13121,49.65082,2
15660,5.13121,49.65082,2
15661,5.13121,49.65082,2
15662,5.13074,49.65127,2
15663,5.13121,49.65082,2
15664,5.130975,49.651014,2
15665,5.13091,49.64968,2
15666,5.13091,49.64968,2
15667,5.13121,49.65082,2
15668,5.13091,49.64968,2
15669,5.13121,49.65082,2
15670,5.13121,49.65082,2
15671,5.13091,49.64968,2
15672,5.13092,49.64963,2
15673,5.13121,49.65082,2
15674,5.13121,49.65082,2
15675,5.13121,49.65082,2
15676,5.128696,49.650581,2
15677,5.127568,49.65147,2
15678,5.121674,49.647715,2
15679,5.126629,49.652022,2
15680,5.13119,49.6522,2
15681,5.13119,49.6522,2
15682,5.13119,49.6522,2
15683,5.12343,49.64584,2
15684,5.13065,49.65194,2
15685,5.13121,49.65082,2
15686,5.13121,49.65082,2
15687,5.13121,49.65082,2
15688,5.13121,49.65082,2
15689,5.128317,49.650239,2
15690,5.121674,49.647715,2
15691,5.12166,49.647715,2
15692,5.13199,49.60737,2
15693,5.12875,49.60546,2
15694,5.129065,49.609782,2
15695,5.128779,49.609609,2
15696,5.13199,49.60737,2
15697,5.13173,49.60656,2
15698,5.128201,49.608149,2
15699,5.12918,49.60818,2
15700,5.13173,49.60656,2
15701,5.13173,49.60656,2
15702,5.12918,49.60818,2
15703,5.12918,49.60818,2
15704,5.12918,49.60818,2
15705,5.12858,49.60922,2
15706,5.12918,49.60818,2
15707,5.13173,49.60656,2
15708,5.12858,49.60922,2
15709,5.13087,49.6072,2
15710,5.15552,49.61746,2
15711,5.12858,49.60922,2
15712,5.13173,49.60656,2
15713,5.13199,49.60737,2
15714,5.129897,49.607292,2
15715,5.13087,49.6072,2
15716,5.13173,49.60656,2
15717,5.14899,49.58965,2
15718,5.13173,49.60656,2
15719,5.14899,49.58965,2
15720,5.13087,49.6072,2
15721,5.13173,49.60656,2
15722,5.13173,49.60656,2
15723,5.13173,49.60656,2
15724,5.132462,49.606154,2
15725,5.13173,49.60656,2
15726,5.13173,49.60656,2
15727,5.13173,49.60656,2
15728,5.13173,49.60656,2
15729,5.13173,49.60656,2
15730,5.13173,49.60656,2
15731,5.132777,49.60585,2
15732,5.105722,49.613375,2
15733,5.098779,49.616697,2
15734,5.12732,49.60896,2
15735,5.12858,49.60922,2
15736,5.13173,49.60656,2
15737,5.13173,49.60656,2
15738,5.12918,49.60818,2
15739,5.129897,49.607292,2
15740,5.13173,49.60656,2
15741,5.13199,49.60737,2
15742,5.14899,49.58965,2
15743,5.14151,49.62351,2
15744,5.114375,49.602868,2
15745,5.13087,49.6072,2
15746,4.44552,49.39549,2
15747,4.44738,49.394,2
15748,4.44738,49.3949,2
15749,4.44738,49.3949,2
15750,4.442064,49.396022,2
15751,4.442423,49.396052,2
15752,4.442423,49.396052,2
15753,4.443459,49.396133,2
15754,4.44245,49.396051,2
15755,4.443459,49.396133,2
15756,4.44548,49.39619,2
15757,4.44548,49.39619,2
15758,4.44548,49.39619,2
15759,4.44548,49.39619,2
15760,4.44734,49.39636,2
15761,4.44548,49.39619,2
15762,4.44548,49.39619,2
15763,4.44626,49.39616,2
15764,4.44626,49.39616,2
15765,4.44626,49.39616,2
15766,4.44548,49.39619,2
15767,4.44548,49.39619,2
15768,4.44548,49.39619,2
15769,4.44548,49.39619,2
15770,4.44548,49.39619,2
15771,4.44548,49.39619,2
15772,4.44548,49.39619,2
15773,4.44548,49.39619,2
15774,4.44552,49.39549,2
15775,4.44734,49.39636,2
15776,4.44552,49.39549,2
15777,4.44557,49.39542,2
15778,4.44552,49.39549,2
15779,4.44552,49.39549,2
15780,4.442436,49.396052,2
15781,4.442436,49.396052,2
15782,4.442436,49.396052,2
15783,4.443334,49.396126,2
15784,4.443459,49.396133,2
15785,4.444562,49.396167,2
15786,4.44548,49.39619,2
15787,4.44548,49.39619,2
15788,4.44626,49.39616,2
15789,4.44548,49.39619,2
15790,4.44548,49.39619,2
15791,4.44548,49.39619,2
15792,4.389643,49.351492,2
15793,4.44552,49.39549,2
15794,4.44552,49.39549,2
15795,4.44552,49.39549,2
15796,4.27173,49.85945,2
15797,4.274261,49.858874,2
15798,4.272984,49.858912,2
15799,4.2719,49.8594,2
15800,4.27006,49.860566,2
15801,4.2719,49.85937,2
15802,4.2719,49.85937,2
15803,4.2719,49.8594,2
15804,4.27852,49.857261,2
15805,4.268329,49.860711,2
15806,4.2719,49.85937,2
15807,4.72349,49.77385,2
15808,4.72051,49.77162,2
15809,4.72219,49.77105,2
15810,4.72349,49.77385,2
15811,4.72349,49.77385,2
15812,4.7236,49.77383,2
15813,4.72338,49.77176,2
15814,4.72219,49.77105,2
15815,4.723685,49.775133,2
15816,4.72349,49.77385,2
15817,4.72339,49.77333,2
15818,4.72474,49.77251,2
15819,4.72446,49.77197,2
15820,4.72444,49.77157,2
15821,4.7244,49.77149,2
15822,4.72246,49.77064,2
15823,4.72368,49.77349,2
15824,4.72223,49.77077,2
15825,4.72332,49.771,2
15826,4.71879,49.74706,2
15827,4.71879,49.74706,2
15828,4.7186,49.75273,2
15829,4.71846,49.74639,2
15830,4.71851,49.74595,2
15831,4.71851,49.74595,2
15832,4.71854,49.74636,2
15833,4.71888,49.74958,2
15834,4.7189,49.74923,2
15835,4.71892,49.74905,2
15836,4.71888,49.75047,2
15837,4.7187,49.74889,2
15838,4.71776,49.74849,2
15839,4.71769,49.7485,2
15840,4.71771,49.74818,2
15841,4.71771,49.74818,2
15842,4.71879,49.74706,2
15843,4.72578,49.76997,2
15844,4.72578,49.76997,2
15845,4.72578,49.76997,2
15846,4.72504,49.76948,2
15847,4.72293,49.76762,2
15848,4.72273,49.76795,2
15849,4.72322,49.76813,2
15850,4.72393,49.76931,2
15851,4.72366,49.76886,2
15852,4.72788,49.77316,2
15853,4.72498,49.77087,2
15854,4.72498,49.77087,2
15855,4.72498,49.77087,2
15856,4.72498,49.77087,2
15857,4.72498,49.77087,2
15858,4.72498,49.77087,2
15859,4.72498,49.77087,2
15860,4.72455,49.76802,2
15861,4.72299,49.76773,2
15862,4.72522,49.76961,2
15863,4.72322,49.76813,2
15864,4.72766,49.77081,2
15865,4.72455,49.76802,2
15866,4.723637,49.76819,2
15867,4.72347,49.76838,2
15868,4.72857,49.77341,2
15869,4.72788,49.77316,2
15870,4.72788,49.77316,2
15871,4.72806,49.77267,2
15872,4.70491,49.9873,2
15873,4.70227,49.99111,2
15874,4.82005,50.14807,2
15875,4.81988,50.14835,2
15876,4.81952,50.14857,2
15877,4.81988,50.14835,2
15878,4.25188,49.93148,2
15879,4.24366,49.94929,2
15880,4.24617,49.9209,2
15881,4.24617,49.9209,2
15882,4.24617,49.9209,2
15883,4.22731,49.91271,2
15884,4.22938,49.91917,2
15885,4.22938,49.91917,2
15886,4.23423,49.9452,2
15887,4.229498,49.921143,2
15888,4.229498,49.921143,2
15889,4.23453,49.9219,2
15890,4.23453,49.9219,2
15891,4.23423,49.93056,2
15892,4.237382,49.919952,2
15893,4.22882,49.92165,2
15894,4.22528,49.93933,2
15895,4.22528,49.93933,2
15896,4.22882,49.92165,2
15897,4.22882,49.92165,2
15898,4.24366,49.94929,2
15899,4.24366,49.94929,2
15900,4.24366,49.94929,2
15901,4.42429,49.39892,2
15902,4.42385,49.39887,2
15903,4.42385,49.39887,2
15904,4.42722,49.3963,2
15905,4.76443,49.32292,2
15906,4.74142,49.3329,2
15907,4.76404,49.32314,2
15908,4.76404,49.32314,2
15909,4.76404,49.32314,2
15910,4.76404,49.32314,2
15911,5.08091,49.66457,2
15912,5.08377,49.66804,2
15913,5.077756,49.663338,2
15914,5.076959,49.663185,2
15915,5.08091,49.66457,2
15916,5.07671,49.66297,2
15917,5.076959,49.663185,2
15918,5.07617,49.66255,2
15919,5.07891,49.663437,2
15920,5.08251,49.66519,2
15921,5.081999,49.666809,2
15922,5.07676,49.66272,2
15923,5.12044,49.62917,2
15924,5.12161,49.62931,2
15925,5.12161,49.62931,2
15926,5.12044,49.62917,2
15927,5.11897,49.63007,2
15928,5.11897,49.63007,2
15929,4.795104,49.349211,2
15930,4.77492,49.34583,2
15931,4.77593,49.34578,2
15932,4.77619,49.3464,2
15933,4.77347,49.34738,2
15934,4.77347,49.34738,2
15935,4.77239,49.34662,2
15936,4.774794,49.343899,2
15937,4.77377,49.34538,2
15938,4.765652,49.341405,2
15939,4.76044,49.36471,2
15940,4.75984,49.36533,2
15941,5.135624,49.666875,2
15942,5.133043,49.668525,2
15943,5.13455,49.66754,2
15944,5.131682,49.669464,2
15945,5.13282,49.66832,2
15946,5.13282,49.66832,2
15947,5.13455,49.66754,2
15948,5.13121,49.65082,2
15949,5.13121,49.65082,2
15950,5.13121,49.65082,2
15951,5.13121,49.65082,2
15952,5.121674,49.647715,2
15953,5.13091,49.64968,2
15954,5.13121,49.65082,2
15955,5.13121,49.65082,2
15956,5.13173,49.60656,2
15957,5.13173,49.60656,2
15958,5.13173,49.60656,2
15959,5.13173,49.60656,2
15960,5.13173,49.60656,2
15961,5.129141,49.608397,2
15962,5.15552,49.61746,2
15963,5.143878,49.598233,2
15964,4.442436,49.396052,2
15965,4.44548,49.39619,2
15966,4.44734,49.39636,2
