"ID","Longitude","Latitude","ServiceTime (min)"
22379,4.7059,49.75136,2
22380,4.71214,49.75275,2
22381,4.70573,49.75121,2
22382,4.71202,49.75431,2
22383,4.7055,49.7511,2
22384,4.71201,49.75415,2
22385,4.70536,49.75107,2
22386,4.71201,49.75399,2
22387,4.70517,49.75109,2
22388,4.71201,49.75399,2
22389,4.712,49.75384,2
22390,4.70499,49.75112,2
22391,4.71199,49.75368,2
22392,4.70481,49.75114,2
22393,4.71199,49.75352,2
22394,4.70463,49.75116,2
22395,4.71198,49.75336,2
22396,4.70812,49.75276,2
22397,4.70772,49.75272,2
22398,4.71197,49.7532,2
22399,4.71196,49.75305,2
22400,4.70739,49.75271,2
22401,4.71196,49.75289,2
22402,4.70723,49.75262,2
22403,4.71196,49.75273,2
22404,4.70708,49.75251,2
22405,4.71196,49.75273,2
22406,4.7069,49.75237,2
22407,4.71196,49.75273,2
22408,4.71167,49.75487,2
22409,4.70668,49.7522,2
22410,4.71138,49.75491,2
22411,4.70646,49.75204,2
22412,4.71108,49.75495,2
22413,4.70643,49.75184,2
22414,4.71078,49.75499,2
22415,4.70651,49.75179,2
22416,4.71049,49.75503,2
22417,4.70699,49.75156,2
22418,4.71318,49.75492,2
22419,4.70686,49.75179,2
22420,4.71331,49.75494,2
22421,4.70709,49.75185,2
22422,4.71344,49.75496,2
22423,4.70699,49.75156,2
22424,4.71357,49.75498,2
22425,4.70732,49.752,2
22426,4.70745,49.75192,2
22427,4.7137,49.75499,2
22428,4.7137,49.75499,2
22429,4.70721,49.75177,2
22430,4.7137,49.75499,2
22431,4.7137,49.75499,2
22432,4.7071,49.75154,2
22433,4.7137,49.75499,2
22434,4.70696,49.7512,2
22435,4.7137,49.75499,2
22436,4.70694,49.75167,2
22437,4.7137,49.75499,2
22438,4.70642,49.75167,2
22439,4.7137,49.75499,2
22440,4.70677,49.75167,2
22441,4.7137,49.75499,2
22442,4.7066,49.75167,2
22443,4.71321,49.75481,2
22444,4.70637,49.75165,2
22445,4.71334,49.75483,2
22446,4.70629,49.75156,2
22447,4.71347,49.75484,2
22448,4.7062,49.75146,2
22449,4.7136,49.75486,2
22450,4.70612,49.75137,2
22451,4.71373,49.75488,2
22452,4.70604,49.75128,2
22453,4.71373,49.75488,2
22454,4.70483,49.75143,2
22455,4.71413,49.7549,2
22456,4.70583,49.75111,2
22457,4.7151,49.75485,2
22458,4.70552,49.75091,2
22459,4.71562,49.75484,2
22460,4.71614,49.75484,2
22461,4.70554,49.75085,2
22462,4.71614,49.75484,2
22463,4.71657,49.7547,2
22464,4.70574,49.75083,2
22465,4.71657,49.7547,2
22466,4.70594,49.75081,2
22467,4.71614,49.75484,2
22468,4.71657,49.7547,2
22469,4.70614,49.75079,2
22470,4.71681,49.75451,2
22471,4.70528,49.75072,2
22472,4.71361,49.74336,2
22473,4.70651,49.7506,2
22474,4.71419,49.74409,2
22475,4.70603,49.75056,2
22476,4.71408,49.74398,2
22477,4.70575,49.75058,2
22478,4.71398,49.74386,2
22479,4.70631,49.75053,2
22480,4.71387,49.74374,2
22481,4.70542,49.75056,2
22482,4.71377,49.74362,2
22483,4.70541,49.75035,2
22484,4.71361,49.74336,2
22485,4.70551,49.75014,2
22486,4.71346,49.74311,2
22487,4.7057,49.75003,2
22488,4.71365,49.74372,2
22489,4.70597,49.74997,2
22490,4.71403,49.74414,2
22491,4.7139,49.744,2
22492,4.70613,49.7498,2
22493,4.71378,49.74386,2
22494,4.70624,49.7494,2
22495,4.71256,49.74217,2
22496,4.706,49.74925,2
22497,4.71355,49.74358,2
22498,4.70576,49.7491,2
22499,4.71346,49.74342,2
22500,4.70553,49.74894,2
22501,4.7063,49.74943,2
22502,4.71336,49.74327,2
22503,4.71614,49.75484,2
22504,4.70529,49.74879,2
22505,4.71614,49.75484,2
22506,4.71327,49.74312,2
22507,4.71614,49.75484,2
22508,4.70617,49.74954,2
22509,4.71318,49.74297,2
22510,4.70498,49.74883,2
22511,4.71369,49.74349,2
22512,4.70468,49.74892,2
22513,4.70443,49.74903,2
22514,4.71353,49.74324,2
22515,4.70428,49.74912,2
22516,4.70415,49.74937,2
22517,4.71338,49.74298,2
22518,4.7042,49.74924,2
22519,4.7133,49.74285,2
22520,4.70411,49.74951,2
22521,4.71309,49.74282,2
22522,4.70407,49.74964,2
22523,4.713,49.74267,2
22524,4.70403,49.74977,2
22525,4.71291,49.74252,2
22526,4.70397,49.75002,2
22527,4.71271,49.74238,2
22528,4.704,49.7499,2
22529,4.7123,49.74223,2
22530,4.70394,49.75015,2
22531,4.71175,49.74227,2
22532,4.70391,49.75027,2
22533,4.7128,49.7423,2
22534,4.70388,49.7504,2
22535,4.71315,49.7426,2
22536,4.71308,49.74247,2
22537,4.70386,49.7505,2
22538,4.71322,49.74273,2
22539,4.70385,49.75058,2
22540,4.71309,49.74225,2
22541,4.70383,49.75066,2
22542,4.71287,49.74184,2
22543,4.70381,49.75074,2
22544,4.71279,49.7417,2
22545,4.71271,49.74157,2
22546,4.7038,49.75082,2
22547,4.71267,49.74202,2
22548,4.70379,49.7509,2
22549,4.71267,49.74202,2
22550,4.70382,49.75098,2
22551,4.71255,49.74174,2
22552,4.70385,49.75106,2
22553,4.71221,49.74113,2
22554,4.70391,49.75113,2
22555,4.71294,49.74197,2
22556,4.70402,49.75117,2
22557,4.71302,49.74211,2
22558,4.71175,49.74227,2
22559,4.70413,49.75121,2
22560,4.71443,49.74409,2
22561,4.70425,49.75123,2
22562,4.71444,49.74396,2
22563,4.70437,49.7512,2
22564,4.71445,49.74382,2
22565,4.70449,49.75118,2
22566,4.71446,49.74369,2
22567,4.70433,49.75109,2
22568,4.71446,49.74355,2
22569,4.70473,49.75157,2
22570,4.70402,49.75104,2
22571,4.71447,49.74342,2
22572,4.70398,49.75082,2
22573,4.71445,49.74329,2
22574,4.70402,49.75059,2
22575,4.71441,49.74315,2
22576,4.70604,49.74944,2
22577,4.71438,49.74302,2
22578,4.70567,49.74921,2
22579,4.71435,49.74289,2
22580,4.70529,49.74897,2
22581,4.71432,49.74275,2
22582,4.70484,49.749,2
22583,4.7143,49.74262,2
22584,4.7047,49.74907,2
22585,4.7143,49.74248,2
22586,4.70482,49.74922,2
22587,4.7143,49.74235,2
22588,4.70494,49.74938,2
22589,4.71412,49.74238,2
22590,4.70506,49.74953,2
22591,4.71412,49.74257,2
22592,4.70508,49.74975,2
22593,4.70452,49.74983,2
22594,4.71414,49.74276,2
22595,4.70442,49.74919,2
22596,4.71418,49.74295,2
22597,4.70428,49.74955,2
22598,4.71423,49.74314,2
22599,4.70419,49.74985,2
22600,4.71428,49.74333,2
22601,4.70413,49.7501,2
22602,4.71429,49.74352,2
22603,4.70408,49.75035,2
22604,4.71428,49.74371,2
22605,4.71257,49.75265,2
22606,4.70435,49.75037,2
22607,4.71257,49.75265,2
22608,4.71427,49.7439,2
22609,4.71257,49.75265,2
22610,4.70485,49.74987,2
22611,4.71257,49.75265,2
22612,4.71424,49.74408,2
22613,4.71257,49.75265,2
22614,4.70502,49.7499,2
22615,4.71257,49.75265,2
22616,4.71991,49.7541,2
22617,4.71257,49.75265,2
22618,4.70482,49.75011,2
22619,4.71257,49.75265,2
22620,4.71257,49.75265,2
22621,4.70442,49.75048,2
22622,4.71257,49.75265,2
22623,4.70723,49.7555,2
22624,4.71991,49.7541,2
22625,4.71257,49.75265,2
22626,4.70775,49.75546,2
22627,4.71257,49.75265,2
22628,4.70775,49.75546,2
22629,4.71991,49.7541,2
22630,4.71257,49.75265,2
22631,4.7067,49.75552,2
22632,4.71257,49.75265,2
22633,4.71991,49.7541,2
22634,4.71257,49.75265,2
22635,4.70628,49.75548,2
22636,4.71257,49.75265,2
22637,4.71991,49.7541,2
22638,4.71257,49.75265,2
22639,4.70628,49.75548,2
22640,4.71257,49.75265,2
22641,4.71991,49.7541,2
22642,4.71257,49.75265,2
22643,4.71257,49.75265,2
22644,4.70499,49.75535,2
22645,4.71991,49.7541,2
22646,4.70386,49.75521,2
22647,4.71991,49.7541,2
22648,4.70346,49.75513,2
22649,4.71999,49.75382,2
22650,4.70589,49.74984,2
22651,4.71999,49.75382,2
22652,4.70577,49.74992,2
22653,4.71999,49.75382,2
22654,4.70559,49.74991,2
22655,4.71999,49.75382,2
22656,4.70543,49.74995,2
22657,4.71999,49.75382,2
22658,4.70524,49.75061,2
22659,4.71999,49.75382,2
22660,4.70528,49.75072,2
22661,4.72007,49.75354,2
22662,4.70534,49.75091,2
22663,4.72007,49.75354,2
22664,4.70532,49.75079,2
22665,4.72007,49.75354,2
22666,4.71309,49.75341,2
22667,4.70569,49.75105,2
22668,4.72007,49.75354,2
22669,4.70555,49.75099,2
22670,4.72007,49.75354,2
22671,4.70659,49.74939,2
22672,4.72007,49.75354,2
22673,4.70536,49.75007,2
22674,4.72007,49.75354,2
22675,4.70629,49.74964,2
22676,4.72007,49.75354,2
22677,4.70529,49.7502,2
22678,4.72007,49.75354,2
22679,4.70522,49.75047,2
22680,4.72007,49.75354,2
22681,4.70523,49.75033,2
22682,4.72015,49.75327,2
22683,4.72015,49.75327,2
22684,4.72015,49.75327,2
22685,4.72015,49.75327,2
22686,4.72015,49.75327,2
22687,4.72015,49.75327,2
22688,4.72015,49.75327,2
22689,4.72015,49.75327,2
22690,4.72015,49.75327,2
22691,4.72015,49.75327,2
22692,4.72023,49.75299,2
22693,4.72023,49.75299,2
22694,4.72023,49.75299,2
22695,4.72023,49.75299,2
22696,4.72023,49.75299,2
22697,4.72023,49.75299,2
22698,4.72023,49.75299,2
22699,4.72023,49.75299,2
22700,4.72023,49.75299,2
22701,4.72023,49.75299,2
22702,4.72031,49.75272,2
22703,4.72031,49.75272,2
22704,4.72031,49.75272,2
22705,4.72031,49.75272,2
22706,4.72031,49.75272,2
22707,4.72031,49.75272,2
22708,4.72031,49.75272,2
22709,4.72031,49.75272,2
22710,4.72031,49.75272,2
22711,4.72031,49.75272,2
22712,4.72039,49.75244,2
22713,4.72039,49.75244,2
22714,4.72039,49.75244,2
22715,4.72039,49.75244,2
22716,4.72022,49.75327,2
22717,4.72039,49.75244,2
22718,4.72022,49.75327,2
22719,4.72039,49.75244,2
22720,4.72022,49.75327,2
22721,4.72022,49.75327,2
22722,4.72039,49.75244,2
22723,4.72039,49.75244,2
22724,4.72039,49.75244,2
22725,4.72039,49.75244,2
22726,4.71654,49.75439,2
22727,4.71604,49.75355,2
22728,4.71614,49.75484,2
22729,4.71603,49.75347,2
22730,4.71614,49.75484,2
22731,4.71602,49.75339,2
22732,4.71601,49.75332,2
22733,4.716,49.75324,2
22734,4.716,49.75324,2
22735,4.71599,49.75316,2
22736,4.71598,49.75308,2
22737,4.71595,49.75293,2
22738,4.71593,49.75277,2
22739,4.71592,49.7527,2
22740,4.71591,49.75262,2
22741,4.71589,49.75254,2
22742,4.71587,49.75247,2
22743,4.71587,49.75247,2
22744,4.71587,49.75247,2
22745,4.71585,49.75239,2
22746,4.71583,49.75231,2
22747,4.7158,49.75224,2
22748,4.71578,49.75216,2
22749,4.71322,49.75482,2
22750,4.71576,49.75208,2
22751,4.71569,49.75191,2
22752,4.71001,49.75265,2
22753,4.71587,49.75359,2
22754,4.71561,49.75221,2
22755,4.71559,49.75212,2
22756,4.71559,49.75212,2
22757,4.71559,49.75212,2
22758,4.71559,49.75212,2
22759,4.71559,49.75212,2
22760,4.71559,49.75212,2
22761,4.71556,49.75203,2
22762,4.71556,49.75203,2
22763,4.71614,49.75484,2
22764,4.71556,49.75203,2
22765,4.71257,49.75265,2
22766,4.71541,49.75174,2
22767,4.71532,49.75157,2
22768,4.71523,49.7514,2
22769,4.71514,49.75123,2
22770,4.71504,49.75106,2
22771,4.71495,49.75088,2
22772,4.71429,49.75092,2
22773,4.71415,49.75094,2
22774,4.7142,49.75108,2
22775,4.71424,49.75121,2
22776,4.71429,49.75134,2
22777,4.71434,49.75147,2
22778,4.71439,49.7516,2
22779,4.71448,49.75173,2
22780,4.71457,49.75185,2
22781,4.71467,49.75197,2
22782,4.71476,49.75209,2
22783,4.7145,49.75202,2
22784,4.7146,49.75214,2
22785,4.71441,49.75189,2
22786,4.71431,49.75177,2
22787,4.71422,49.75165,2
22788,4.71417,49.75151,2
22789,4.71322,49.75482,2
22790,4.71309,49.75341,2
22791,4.71412,49.75138,2
22792,4.71407,49.75124,2
22793,4.71402,49.75111,2
22794,4.71397,49.75097,2
22795,4.71383,49.75095,2
22796,4.71342,49.75095,2
22797,4.7133,49.75083,2
22798,4.71346,49.75083,2
22799,4.71363,49.75083,2
22800,4.71379,49.75083,2
22801,4.71395,49.75083,2
22802,4.71438,49.75079,2
22803,4.71462,49.75076,2
22804,4.71485,49.75074,2
22805,4.71444,49.74967,2
22806,4.71444,49.74967,2
22807,4.71444,49.74967,2
22808,4.71444,49.74967,2
22809,4.71444,49.74967,2
22810,4.71444,49.74967,2
22811,4.71444,49.74967,2
22812,4.71444,49.74967,2
22813,4.71444,49.74967,2
22814,4.71444,49.74967,2
22815,4.71444,49.74967,2
22816,4.71444,49.74967,2
22817,4.71444,49.74967,2
22818,4.71444,49.74967,2
22819,4.71444,49.74967,2
22820,4.71444,49.74967,2
22821,4.71444,49.74967,2
22822,4.71444,49.74967,2
22823,4.71444,49.74967,2
22824,4.71444,49.74967,2
22825,4.71444,49.74967,2
22826,4.71444,49.74967,2
22827,4.71444,49.74967,2
22828,4.71309,49.75341,2
22829,4.71309,49.75341,2
22830,4.71444,49.74967,2
22831,4.71309,49.75341,2
22832,4.71444,49.74967,2
22833,4.71444,49.74967,2
22834,4.71444,49.74967,2
22835,4.71444,49.74967,2
22836,4.71444,49.74967,2
22837,4.71444,49.74967,2
22838,4.71444,49.74967,2
22839,4.71444,49.74967,2
22840,4.71444,49.74967,2
22841,4.71444,49.74967,2
22842,4.71444,49.74967,2
22843,4.71444,49.74967,2
22844,4.71444,49.74967,2
22845,4.71444,49.74967,2
22846,4.71444,49.74967,2
22847,4.71444,49.74967,2
22848,4.71444,49.74967,2
22849,4.71444,49.74967,2
22850,4.71594,49.75285,2
22851,4.71444,49.74967,2
22852,4.70966,49.75529,2
22853,4.71594,49.75285,2
22854,4.70881,49.75543,2
22855,4.71594,49.75285,2
22856,4.70833,49.75539,2
22857,4.70794,49.75518,2
22858,4.70786,49.75496,2
22859,4.70766,49.75415,2
22860,4.70774,49.75428,2
22861,4.70778,49.75451,2
22862,4.70782,49.75473,2
22863,4.70778,49.75451,2
22864,4.70748,49.75405,2
22865,4.71322,49.75482,2
22866,4.70778,49.75451,2
22867,4.71322,49.75464,2
22868,4.70774,49.75428,2
22869,4.70731,49.75394,2
22870,4.70688,49.7538,2
22871,4.71318,49.75287,2
22872,4.7071,49.75387,2
22873,4.713,49.75296,2
22874,4.71301,49.75318,2
22875,4.70561,49.75337,2
22876,4.71301,49.7534,2
22877,4.71223,49.7548,2
22878,4.70556,49.75322,2
22879,4.71008,49.75373,2
22880,4.70548,49.75292,2
22881,4.70995,49.75319,2
22882,4.70552,49.75307,2
22883,4.71257,49.75265,2
22884,4.70544,49.75276,2
22885,4.71204,49.75478,2
22886,4.7054,49.7526,2
22887,4.70543,49.75232,2
22888,4.7137,49.75499,2
22889,4.71458,49.75486,2
22890,4.7053,49.75242,2
22891,4.70518,49.75225,2
22892,4.71645,49.75434,2
22893,4.70507,49.75208,2
22894,4.70495,49.75191,2
22895,4.72022,49.75327,2
22896,4.70473,49.75157,2
22897,4.71551,49.75191,2
22898,4.71444,49.74967,2
22899,4.70461,49.7514,2
22900,4.7045,49.75122,2
22901,4.70778,49.75451,2
22902,4.70778,49.75451,2
22903,4.70468,49.7512,2
22904,4.70483,49.75143,2
22905,4.70628,49.75548,2
22906,4.70498,49.75165,2
22907,4.70628,49.75548,2
22908,4.70513,49.75188,2
22909,4.71322,49.75482,2
22910,4.70789,49.75349,2
22911,4.71322,49.75482,2
22912,4.70301,49.75501,2
22913,4.70756,49.75285,2
22914,4.71322,49.75482,2
22915,4.7075,49.753,2
22916,4.71322,49.75482,2
22917,4.70739,49.75313,2
22918,4.71322,49.75482,2
22919,4.71322,49.75482,2
22920,4.70727,49.75304,2
22921,4.70738,49.75285,2
22922,4.71322,49.75482,2
22923,4.70694,49.75256,2
22924,4.71322,49.75482,2
22925,4.7068,49.75264,2
22926,4.71322,49.75473,2
22927,4.71322,49.75464,2
22928,4.70667,49.75271,2
22929,4.71322,49.75455,2
22930,4.70654,49.75278,2
22931,4.71322,49.75447,2
22932,4.71257,49.75265,2
22933,4.70641,49.75286,2
22934,4.71322,49.75438,2
22935,4.70625,49.75286,2
22936,4.71322,49.75429,2
22937,4.70608,49.75284,2
22938,4.71322,49.7542,2
22939,4.70591,49.75281,2
22940,4.71333,49.75421,2
22941,4.70574,49.75278,2
22942,4.71373,49.7542,2
22943,4.7073,49.75381,2
22944,4.71413,49.75419,2
22945,4.70769,49.75401,2
22946,4.71475,49.75433,2
22947,4.71435,49.75433,2
22948,4.71614,49.75484,2
22949,4.70558,49.75275,2
22950,4.71362,49.75409,2
22951,4.71318,49.75287,2
22952,4.71614,49.75484,2
22953,4.70686,49.75367,2
22954,4.71445,49.75421,2
22955,4.71657,49.7547,2
22956,4.71657,49.7547,2
22957,4.70641,49.75352,2
22958,4.71321,49.7539,2
22959,4.70597,49.75338,2
22960,4.71301,49.75318,2
22961,4.71991,49.7541,2
22962,4.70564,49.75283,2
22963,4.71302,49.75361,2
22964,4.72015,49.75327,2
22965,4.72023,49.75299,2
22966,4.70572,49.75315,2
22967,4.71303,49.75383,2
22968,4.72039,49.75244,2
22969,4.70557,49.75255,2
22970,4.71303,49.75383,2
22971,4.70528,49.7521,2
22972,4.70563,49.75264,2
22973,4.71304,49.75405,2
22974,4.71444,49.74967,2
22975,4.71444,49.74967,2
22976,4.70582,49.75267,2
22977,4.71304,49.75425,2
22978,4.70855,49.75272,2
22979,4.70601,49.75271,2
22980,4.71304,49.75442,2
22981,4.70601,49.75271,2
22982,4.71304,49.7546,2
22983,4.7062,49.75274,2
22984,4.71304,49.75477,2
22985,4.70637,49.75273,2
22986,4.70468,49.74892,2
22987,4.71303,49.7548,2
22988,4.70652,49.75265,2
22989,4.71283,49.7548,2
22990,4.70667,49.75257,2
22991,4.71263,49.7548,2
22992,4.70681,49.75248,2
22993,4.71243,49.7548,2
22994,4.70681,49.75247,2
22995,4.71223,49.7548,2
22996,4.70667,49.75237,2
22997,4.71197,49.75482,2
22998,4.70653,49.75227,2
22999,4.71204,49.75478,2
23000,4.7064,49.75217,2
23001,4.71203,49.75462,2
23002,4.70626,49.75206,2
23003,4.71203,49.75447,2
23004,4.71222,49.75476,2
23005,4.70625,49.75193,2
23006,4.71221,49.75456,2
23007,4.70625,49.7518,2
23008,4.7122,49.75436,2
23009,4.70619,49.75168,2
23010,4.71219,49.75416,2
23011,4.70604,49.75152,2
23012,4.71218,49.75396,2
23013,4.71218,49.75375,2
23014,4.68873,49.98461,2
23015,4.68934,49.98588,2
23016,4.68968,49.98581,2
23017,4.68895,49.98246,2
23018,4.68895,49.98246,2
23019,4.68635,49.9803,2
23020,4.68799,49.98382,2
23021,4.68799,49.98382,2
23022,4.6885,49.98419,2
23023,4.69144,49.98781,2
23024,4.69152,49.98727,2
23025,4.69148,49.98715,2
23026,4.69111,49.98696,2
23027,4.69141,49.98691,2
23028,4.6917,49.98729,2
23029,4.69175,49.98744,2
23030,4.69167,49.98717,2
23031,4.69166,49.98714,2
23032,4.69161,49.98699,2
23033,4.69159,49.98689,2
23034,4.69137,49.98679,2
23035,4.69111,49.98696,2
23036,4.69137,49.98677,2
23037,4.69147,49.98656,2
23038,4.6915,49.98664,2
23039,4.69154,49.98675,2
23040,4.69155,49.98677,2
23041,4.69144,49.98646,2
23042,4.69145,49.98648,2
23043,4.69142,49.98638,2
23044,4.68799,49.98382,2
23045,4.69139,49.98627,2
23046,4.69134,49.9867,2
23047,4.69125,49.98644,2
23048,4.69137,49.98617,2
23049,4.69136,49.98615,2
23050,4.69134,49.98607,2
23051,4.6913,49.98592,2
23052,4.69122,49.98632,2
23053,4.69094,49.98608,2
23054,4.69115,49.98603,2
23055,4.69128,49.98584,2
23056,4.69127,49.98582,2
23057,4.69125,49.98572,2
23058,4.69123,49.98566,2
23059,4.69091,49.98597,2
23060,4.6912,49.98557,2
23061,4.69103,49.9856,2
23062,4.691,49.98542,2
23063,4.69087,49.9849,2
23064,4.69077,49.98467,2
23065,4.69107,49.9851,2
23066,4.690779,49.985023,2
23067,4.690779,49.985023,2
23068,4.690779,49.985023,2
23069,4.69063,49.98565,2
23070,4.69054,49.9855,2
23071,4.690779,49.985023,2
23072,4.690779,49.985023,2
23073,4.6904,49.98523,2
23074,4.690438,49.984293,2
23075,4.68858,49.98433,2
23076,4.690438,49.984293,2
23077,4.69017,49.98479,2
23078,4.690438,49.984293,2
23079,4.690438,49.984293,2
23080,4.69007,49.9846,2
23081,4.68843,49.98382,2
23082,4.68838,49.98393,2
23083,4.690438,49.984293,2
23084,4.690438,49.984293,2
23085,4.68806,49.98615,2
23086,4.68853,49.98606,2
23087,4.68916,49.98591,2
23088,4.68934,49.98588,2
23089,4.68882,49.98491,2
23090,4.68882,49.98491,2
23091,4.6899,49.98577,2
23092,4.6893,49.98674,2
23093,4.68895,49.98602,2
23094,4.68627,49.98669,2
23095,4.6904,49.98558,2
23096,4.6904,49.98558,2
23097,4.68764,49.98298,2
23098,4.68764,49.98298,2
23099,4.69044,49.98565,2
23100,4.69017,49.98515,2
23101,4.69011,49.98505,2
23102,4.69,49.98483,2
23103,4.6899,49.98463,2
23104,4.68895,49.98246,2
23105,4.68981,49.98444,2
23106,4.68975,49.98429,2
23107,4.68968,49.98414,2
23108,4.68959,49.98394,2
23109,4.68954,49.98382,2
23110,4.68895,49.98246,2
23111,4.68948,49.98369,2
23112,4.68943,49.98357,2
23113,4.68942,49.98355,2
23114,4.68927,49.98327,2
23115,4.68922,49.98317,2
23116,4.68911,49.98298,2
23117,4.68903,49.98283,2
23118,4.68896,49.9827,2
23119,4.68891,49.98261,2
23120,4.68883,49.98247,2
23121,4.68877,49.98236,2
23122,4.6887,49.98223,2
23123,4.6886,49.98204,2
23124,4.68945,49.98325,2
23125,4.68875,49.98197,2
23126,4.6891,49.98261,2
23127,4.68959,49.98351,2
23128,4.68897,49.98237,2
23129,4.68827,49.98143,2
23130,4.68841,49.9817,2
23131,4.68851,49.98189,2
23132,4.68864,49.98178,2
23133,4.68851,49.98154,2
23134,4.69091,49.98597,2
23135,4.68844,49.98175,2
23136,4.68844,49.9814,2
23137,4.6883,49.98135,2
23138,4.68796,49.98143,2
23139,4.68825,49.98141,2
23140,4.68803,49.98086,2
23141,4.68796,49.98069,2
23142,4.68789,49.98052,2
23143,4.68781,49.98033,2
23144,4.68779,49.98026,2
23145,4.68796,49.98023,2
23146,4.68777,49.98024,2
23147,4.68763,49.98003,2
23148,4.68786,49.98009,2
23149,4.68816,49.98073,2
23150,4.68826,49.98097,2
23151,4.68843,49.98137,2
23152,4.68834,49.98134,2
23153,4.68892,49.9812,2
23154,4.68949,49.98105,2
23155,4.68724,49.98171,2
23156,4.68748,49.98239,2
23157,4.6875,49.98244,2
23158,4.6878,49.98294,2
23159,4.68783,49.98298,2
23160,4.68766,49.98302,2
23161,4.68764,49.98298,2
23162,4.68796,49.9836,2
23163,4.68739,49.98249,2
23164,4.68796,49.9836,2
23165,4.68687,49.98248,2
23166,4.68693,49.98259,2
23167,4.68734,49.98238,2
23168,4.68779,49.98349,2
23169,4.68852,49.98387,2
23170,4.68796,49.98332,2
23171,4.6889,49.98457,2
23172,4.68832,49.98147,2
23173,4.68722,49.98172,2
23174,4.68712,49.98162,2
23175,4.68721,49.98165,2
23176,4.68705,49.98135,2
23177,4.68688,49.98101,2
23178,4.68676,49.98078,2
23179,4.68659,49.98045,2
23180,4.68646,49.98014,2
23181,4.68617,49.97991,2
23182,4.68607,49.97988,2
23183,4.686,49.97999,2
23184,4.68616,49.98003,2
23185,4.68649,49.98063,2
23186,4.68667,49.98098,2
23187,4.68684,49.98129,2
23188,4.68704,49.98168,2
23189,4.68707,49.98163,2
23190,4.68641,49.98176,2
23191,4.68645,49.98187,2
23192,4.68691,49.98178,2
23193,4.68714,49.98174,2
23194,4.69113,49.98596,2
23195,4.68866,49.98413,2
23196,4.68835,49.98391,2
23197,4.60051,49.83957,2
23198,4.60106,49.84029,2
23199,4.6039,49.83613,2
23200,4.60106,49.84029,2
23201,4.60067,49.84091,2
23202,4.60389,49.83619,2
23203,4.60517,49.84029,2
23204,4.60121,49.84058,2
23205,4.60039,49.83918,2
23206,4.60387,49.83625,2
23207,4.6009,49.84019,2
23208,4.60106,49.84029,2
23209,4.60386,49.83631,2
23210,4.60279,49.84169,2
23211,4.60079,49.84007,2
23212,4.60984,49.83513,2
23213,4.60111,49.84045,2
23214,4.60385,49.83637,2
23215,4.60148,49.84092,2
23216,4.60106,49.84029,2
23217,4.60383,49.83643,2
23218,4.601,49.84032,2
23219,4.6009,49.84019,2
23220,4.60382,49.83649,2
23221,4.6038,49.83655,2
23222,4.60517,49.84029,2
23223,4.60079,49.84007,2
23224,4.60378,49.83667,2
23225,4.60069,49.83994,2
23226,4.60061,49.83986,2
23227,4.60054,49.83981,2
23228,4.60379,49.83661,2
23229,4.60046,49.83977,2
23230,4.60376,49.83673,2
23231,4.60039,49.83972,2
23232,4.60035,49.83965,2
23233,4.60375,49.83679,2
23234,4.60033,49.83958,2
23235,4.60371,49.83693,2
23236,4.60031,49.83952,2
23237,4.60369,49.83701,2
23238,4.60031,49.83952,2
23239,4.60029,49.83945,2
23240,4.60367,49.83708,2
23241,4.60027,49.83938,2
23242,4.60362,49.83724,2
23243,4.60025,49.83931,2
23244,4.60362,49.83724,2
23245,4.6036,49.83732,2
23246,4.60023,49.83925,2
23247,4.60358,49.83739,2
23248,4.60021,49.83918,2
23249,4.60354,49.83748,2
23250,4.60019,49.83911,2
23251,4.61263,49.8348,2
23252,4.60017,49.83904,2
23253,4.60346,49.83763,2
23254,4.60341,49.83771,2
23255,4.60015,49.83898,2
23256,4.6035,49.83755,2
23257,4.60013,49.83891,2
23258,4.60321,49.83801,2
23259,4.60374,49.83639,2
23260,4.60011,49.83884,2
23261,4.60416,49.83554,2
23262,4.60009,49.83877,2
23263,4.6041,49.83559,2
23264,4.6041,49.83559,2
23265,4.60256,49.8392,2
23266,4.60007,49.8387,2
23267,4.6041,49.83559,2
23268,4.60005,49.83864,2
23269,4.6041,49.83559,2
23270,4.6041,49.83559,2
23271,4.60003,49.83857,2
23272,4.6041,49.83559,2
23273,4.60404,49.83564,2
23274,4.60001,49.8385,2
23275,4.60398,49.83569,2
23276,4.60984,49.83513,2
23277,4.59999,49.83843,2
23278,4.60115,49.83527,2
23279,4.59997,49.83837,2
23280,4.60072,49.8352,2
23281,4.59996,49.83823,2
23282,4.60984,49.83513,2
23283,4.59995,49.83816,2
23284,4.60102,49.8353,2
23285,4.59994,49.83809,2
23286,4.59997,49.8383,2
23287,4.60115,49.83527,2
23288,4.60984,49.83513,2
23289,4.604448,49.835036,2
23290,4.59994,49.83802,2
23291,4.60392,49.83574,2
23292,4.604448,49.835036,2
23293,4.59993,49.83795,2
23294,4.60161,49.8355,2
23295,4.604448,49.835036,2
23296,4.59994,49.83809,2
23297,4.60276,49.83577,2
23298,4.59992,49.83789,2
23299,4.59967,49.83456,2
23300,4.60115,49.83527,2
23301,4.60115,49.83527,2
23302,4.59992,49.83782,2
23303,4.59994,49.83802,2
23304,4.60131,49.8354,2
23305,4.59991,49.83775,2
23306,4.60205,49.83552,2
23307,4.59991,49.83775,2
23308,4.60115,49.83527,2
23309,4.5999,49.83761,2
23310,4.60169,49.8354,2
23311,4.5999,49.83761,2
23312,4.59852,49.83423,2
23313,4.60261,49.83882,2
23314,4.5999,49.83768,2
23315,4.58579,49.8529,2
23316,4.60984,49.83513,2
23317,4.59881,49.83434,2
23318,4.59989,49.83754,2
23319,4.58579,49.8529,2
23320,4.60517,49.84029,2
23321,4.59911,49.83444,2
23322,4.60011,49.83748,2
23323,4.59974,49.83727,2
23324,4.58579,49.8529,2
23325,4.60115,49.83527,2
23326,4.59959,49.83713,2
23327,4.58579,49.8529,2
23328,4.60115,49.83527,2
23329,4.59944,49.83699,2
23330,4.59989,49.83484,2
23331,4.58579,49.8529,2
23332,4.59929,49.83685,2
23333,4.60115,49.83527,2
23334,4.59916,49.83669,2
23335,4.6028,49.83589,2
23336,4.58579,49.8529,2
23337,4.59903,49.83676,2
23338,4.59896,49.83673,2
23339,4.6022,49.83571,2
23340,4.58579,49.8529,2
23341,4.60014,49.83499,2
23342,4.60115,49.83527,2
23343,4.58579,49.8529,2
23344,4.6019,49.8356,2
23345,4.58579,49.8529,2
23346,4.60115,49.83527,2
23347,4.60133,49.83528,2
23348,4.58579,49.8529,2
23349,4.60385,49.83582,2
23350,4.58579,49.8529,2
23351,4.6024,49.83565,2
23352,4.58579,49.8529,2
23353,4.60381,49.83591,2
23354,4.60027,49.83491,2
23355,4.60062,49.83503,2
23356,4.60115,49.83527,2
23357,4.60377,49.83599,2
23358,4.60729,49.83608,2
23359,4.60377,49.83599,2
23360,4.6053,49.84244,2
23361,4.60863,49.84274,2
23362,4.60307,49.83873,2
23363,4.60836,49.84302,2
23364,4.59929,49.83685,2
23365,4.6053,49.84244,2
23366,4.6053,49.84244,2
23367,4.60373,49.83607,2
23368,4.6053,49.84244,2
23369,4.60371,49.83616,2
23370,4.60369,49.83624,2
23371,4.60984,49.83513,2
23372,4.60367,49.83633,2
23373,4.60365,49.83641,2
23374,4.60363,49.8365,2
23375,4.60361,49.83658,2
23376,4.60358,49.84178,2
23377,4.6036,49.83667,2
23378,4.60358,49.83675,2
23379,4.60358,49.83675,2
23380,4.60355,49.83685,2
23381,4.60032,49.83703,2
23382,4.60729,49.83608,2
23383,4.60349,49.83705,2
23384,4.60347,49.83715,2
23385,4.60347,49.83715,2
23386,4.60344,49.83726,2
23387,4.60341,49.83736,2
23388,4.60391,49.83944,2
23389,4.60984,49.83513,2
23390,4.60338,49.83739,2
23391,4.60327,49.83744,2
23392,4.60316,49.83748,2
23393,4.60304,49.83752,2
23394,4.60293,49.83757,2
23395,4.60282,49.83761,2
23396,4.60271,49.83766,2
23397,4.60268,49.83778,2
23398,4.60256,49.83779,2
23399,4.59939,49.83455,2
23400,4.60244,49.8378,2
23401,4.60233,49.83781,2
23402,4.60221,49.83781,2
23403,4.60209,49.83782,2
23404,4.60198,49.83783,2
23405,4.60275,49.83778,2
23406,4.60697,49.83525,2
23407,4.60186,49.83784,2
23408,4.60186,49.83784,2
23409,4.60209,49.83794,2
23410,4.60116,49.84027,2
23411,4.60198,49.83783,2
23412,4.60279,49.83886,2
23413,4.60198,49.83783,2
23414,4.60279,49.83886,2
23415,4.60198,49.83783,2
23416,4.60279,49.83886,2
23417,4.60517,49.84029,2
23418,4.60176,49.83788,2
23419,4.60165,49.83791,2
23420,4.60165,49.83791,2
23421,4.60241,49.84133,2
23422,4.60145,49.83799,2
23423,4.60155,49.83795,2
23424,4.60205,49.83848,2
23425,4.60255,49.83865,2
23426,4.60161,49.83807,2
23427,4.60262,49.8379,2
23428,4.60158,49.83831,2
23429,4.60158,49.83831,2
23430,4.60158,49.83831,2
23431,4.60158,49.83831,2
23432,4.6017,49.83837,2
23433,4.60376,49.83331,2
23434,4.60182,49.83828,2
23435,4.60374,49.83639,2
23436,4.60205,49.83856,2
23437,4.6041,49.83559,2
23438,4.60217,49.83863,2
23439,4.60541,49.83541,2
23440,4.60217,49.83863,2
23441,4.60984,49.83513,2
23442,4.60984,49.83513,2
23443,4.60229,49.83869,2
23444,4.60984,49.83513,2
23445,4.61395,49.83536,2
23446,4.60241,49.83875,2
23447,4.60256,49.83876,2
23448,4.60271,49.83876,2
23449,4.6039,49.83613,2
23450,4.60268,49.83873,2
23451,4.60373,49.83685,2
23452,4.60268,49.83873,2
23453,4.60268,49.83873,2
23454,4.60358,49.83739,2
23455,4.60249,49.83901,2
23456,4.60255,49.83892,2
23457,4.60333,49.83784,2
23458,4.60249,49.83901,2
23459,4.60237,49.8392,2
23460,4.60243,49.83911,2
23461,4.60243,49.83911,2
23462,4.60369,49.83624,2
23463,4.61357,49.83453,2
23464,4.60231,49.8393,2
23465,4.60365,49.83641,2
23466,4.60352,49.83695,2
23467,4.60077,49.83925,2
23468,4.60226,49.83939,2
23469,4.60198,49.83783,2
23470,4.60077,49.83925,2
23471,4.60221,49.83949,2
23472,4.60158,49.83831,2
23473,4.6059,49.8406,2
23474,4.60217,49.83959,2
23475,4.60205,49.83856,2
23476,4.60213,49.83969,2
23477,4.60217,49.83863,2
23478,4.60256,49.83876,2
23479,4.60209,49.83979,2
23480,4.60517,49.84029,2
23481,4.6053,49.84244,2
23482,4.60205,49.83989,2
23483,4.60251,49.83929,2
23484,4.60201,49.83999,2
23485,4.60374,49.83639,2
23486,4.60197,49.84009,2
23487,4.60296,49.83838,2
23488,4.60984,49.83513,2
23489,4.60555,49.84049,2
23490,4.60193,49.84019,2
23491,4.60189,49.84029,2
23492,4.60521,49.83912,2
23493,4.60408,49.83944,2
23494,4.60189,49.84029,2
23495,4.60184,49.84039,2
23496,4.60359,49.83911,2
23497,4.6018,49.84049,2
23498,4.60356,49.83894,2
23499,4.60176,49.84058,2
23500,4.60305,49.83886,2
23501,4.60356,49.83894,2
23502,4.59993,49.83659,2
23503,4.60172,49.84068,2
23504,4.60304,49.84129,2
23505,4.60168,49.84078,2
23506,4.60219,49.84126,2
23507,4.60984,49.83513,2
23508,4.60164,49.84088,2
23509,4.60116,49.84027,2
23510,4.60177,49.84102,2
23511,4.60517,49.84029,2
23512,4.60181,49.84092,2
23513,4.60873,49.83525,2
23514,4.60374,49.83639,2
23515,4.60185,49.84083,2
23516,4.60188,49.84074,2
23517,4.60192,49.84065,2
23518,4.60196,49.84056,2
23519,4.602,49.84047,2
23520,4.60203,49.84038,2
23521,4.60207,49.84029,2
23522,4.60211,49.8402,2
23523,4.60211,49.8402,2
23524,4.60215,49.84011,2
23525,4.610049,49.842585,2
23526,4.60218,49.84001,2
23527,4.5989,49.8367,2
23528,4.59883,49.83667,2
23529,4.59877,49.83664,2
23530,4.59863,49.83658,2
23531,4.597397,49.837315,2
23532,4.597397,49.837315,2
23533,4.59894,49.83722,2
23534,4.59917,49.83656,2
23535,4.59859,49.83653,2
23536,4.59894,49.83722,2
23537,4.59894,49.83722,2
23538,4.59894,49.83722,2
23539,4.59894,49.83722,2
23540,4.61395,49.83536,2
23541,4.59862,49.83648,2
23542,4.59867,49.83644,2
23543,4.60148,49.84092,2
23544,4.59916,49.83669,2
23545,4.60148,49.84092,2
23546,4.59871,49.8364,2
23547,4.60002,49.84163,2
23548,4.60148,49.84092,2
23549,4.59916,49.83669,2
23550,4.59916,49.83669,2
23551,4.60148,49.84092,2
23552,4.59989,49.83683,2
23553,4.60032,49.83703,2
23554,4.60148,49.84092,2
23555,4.59967,49.83664,2
23556,4.60148,49.84092,2
23557,4.59961,49.83666,2
23558,4.59916,49.83669,2
23559,4.60148,49.84092,2
23560,4.59993,49.83691,2
23561,4.59973,49.83661,2
23562,4.59932,49.83668,2
23563,4.61395,49.83536,2
23564,4.59979,49.8366,2
23565,4.61395,49.83536,2
23566,4.59986,49.83659,2
23567,4.59993,49.83659,2
23568,4.60008,49.83664,2
23569,4.59989,49.83721,2
23570,4.60017,49.83676,2
23571,4.60017,49.83676,2
23572,4.60025,49.83688,2
23573,4.60021,49.83682,2
23574,4.6003,49.83694,2
23575,4.60034,49.837,2
23576,4.59989,49.83683,2
23577,4.59989,49.83721,2
23578,4.59974,49.83707,2
23579,4.5997,49.83682,2
23580,4.59959,49.83693,2
23581,4.59989,49.83683,2
23582,4.60912,49.83522,2
23583,4.60102,49.83785,2
23584,4.59944,49.83679,2
23585,4.60008,49.8376,2
23586,4.59989,49.83683,2
23587,4.6001,49.8378,2
23588,4.60912,49.83522,2
23589,4.60014,49.8382,2
23590,4.60912,49.83522,2
23591,4.60011,49.838,2
23592,4.60016,49.8384,2
23593,4.60011,49.838,2
23594,4.60374,49.83639,2
23595,4.60022,49.83859,2
23596,4.60106,49.84029,2
23597,4.60106,49.84029,2
23598,4.60028,49.83879,2
23599,4.60028,49.83879,2
23600,4.59916,49.83669,2
23601,4.60034,49.83899,2
23602,4.60039,49.83918,2
23603,4.60039,49.83918,2
23604,4.60039,49.83918,2
23605,4.60045,49.83938,2
23606,4.60051,49.83957,2
23607,4.60067,49.83974,2
23608,4.60084,49.83891,2
23609,4.59935,49.8344,2
23610,4.6008,49.83914,2
23611,4.61395,49.83536,2
23612,4.6008,49.83914,2
23613,4.60072,49.83948,2
23614,4.60077,49.83925,2
23615,4.60077,49.83925,2
23616,4.60082,49.83902,2
23617,4.60087,49.8388,2
23618,4.60984,49.83513,2
23619,4.60091,49.83869,2
23620,4.60102,49.8386,2
23621,4.60113,49.83851,2
23622,4.60124,49.83842,2
23623,4.59964,49.8347,2
23624,4.60145,49.83824,2
23625,4.60094,49.83931,2
23626,4.60104,49.83884,2
23627,4.60142,49.83845,2
23628,4.60149,49.83824,2
23629,4.60146,49.8382,2
23630,4.610693,49.84207,2
23631,4.60141,49.83814,2
23632,4.60984,49.83513,2
23633,4.60521,49.83912,2
23634,4.60143,49.83817,2
23635,4.60984,49.83513,2
23636,4.60138,49.8381,2
23637,4.60133,49.83805,2
23638,4.60125,49.83796,2
23639,4.60116,49.83789,2
23640,4.60416,49.83554,2
23641,4.60102,49.83785,2
23642,4.60416,49.83554,2
23643,4.60087,49.83781,2
23644,4.60984,49.83513,2
23645,4.60147,49.83798,2
23646,4.60137,49.83786,2
23647,4.60122,49.83779,2
23648,4.60085,49.83768,2
23649,4.60103,49.83773,2
23650,4.60066,49.83763,2
23651,4.60048,49.83758,2
23652,4.60029,49.83753,2
23653,4.60011,49.83748,2
23654,4.60011,49.83748,2
23655,4.60011,49.83748,2
23656,4.60073,49.83777,2
23657,4.60059,49.83773,2
23658,4.60984,49.83513,2
23659,4.6003,49.83766,2
23660,4.60016,49.83762,2
23661,4.60016,49.83762,2
23662,4.60067,49.83767,2
23663,4.612,49.84278,2
23664,4.60001,49.83758,2
23665,4.60517,49.84029,2
23666,4.60517,49.84029,2
23667,4.60517,49.84029,2
23668,4.61047,49.84318,2
23669,4.61117,49.84288,2
23670,4.60517,49.84029,2
23671,4.60816,49.84333,2
23672,4.60729,49.83608,2
23673,4.60517,49.84029,2
23674,4.60984,49.83513,2
23675,4.60921,49.84249,2
23676,4.60517,49.84029,2
23677,4.60327,49.83744,2
23678,4.60517,49.84029,2
23679,4.60517,49.84029,2
23680,4.60517,49.84029,2
23681,4.60517,49.84029,2
23682,4.60517,49.84029,2
23683,4.60517,49.84029,2
23684,4.60517,49.84029,2
23685,4.60517,49.84029,2
23686,4.60517,49.84029,2
23687,4.60517,49.84029,2
23688,4.60517,49.84029,2
23689,4.60517,49.84029,2
23690,4.60517,49.84029,2
23691,4.60517,49.84029,2
23692,4.60517,49.84029,2
23693,4.60327,49.83744,2
23694,4.60956,49.84274,2
23695,4.60517,49.84029,2
23696,4.610736,49.843659,2
23697,4.60322,49.83879,2
23698,4.6133,49.84844,2
23699,4.60517,49.84029,2
23700,4.60305,49.83886,2
23701,4.60317,49.8389,2
23702,4.60345,49.83903,2
23703,4.60517,49.84029,2
23704,4.60517,49.84029,2
23705,4.60329,49.83895,2
23706,4.60517,49.84029,2
23707,4.61497,49.848242,2
23708,4.60517,49.84029,2
23709,4.6042,49.83935,2
23710,4.60517,49.84029,2
23711,4.60517,49.84029,2
23712,4.60517,49.84029,2
23713,4.60517,49.84029,2
23714,4.60517,49.84029,2
23715,4.604,49.83921,2
23716,4.60293,49.83882,2
23717,4.60307,49.83873,2
23718,4.60517,49.84029,2
23719,4.60279,49.84169,2
23720,4.60279,49.84169,2
23721,4.60184,49.84039,2
23722,4.60222,49.83992,2
23723,4.60226,49.83983,2
23724,4.6023,49.83974,2
23725,4.60234,49.83965,2
23726,4.60237,49.83956,2
23727,4.60245,49.83938,2
23728,4.60241,49.83947,2
23729,4.60251,49.83929,2
23730,4.60256,49.8392,2
23731,4.60262,49.83912,2
23732,4.60273,49.83894,2
23733,4.60284,49.83877,2
23734,4.60268,49.83903,2
23735,4.60115,49.83527,2
23736,4.61235,49.8457,2
23737,4.60374,49.83639,2
23738,4.60374,49.83639,2
23739,4.60407,49.83581,2
23740,4.60296,49.83838,2
23741,4.60984,49.83513,2
23742,4.60296,49.83838,2
23743,4.60291,49.83868,2
23744,4.60307,49.83873,2
23745,4.60984,49.83513,2
23746,4.602945,49.838711,2
23747,4.60337,49.83885,2
23748,4.6041,49.83559,2
23749,4.60356,49.83894,2
23750,4.6041,49.83559,2
23751,4.60984,49.83513,2
23752,4.60356,49.83894,2
23753,4.6041,49.83559,2
23754,4.60356,49.83894,2
23755,4.60279,49.83886,2
23756,4.60984,49.83513,2
23757,4.61235,49.8457,2
23758,4.6042,49.83935,2
23759,4.60984,49.83513,2
23760,4.60429,49.83942,2
23761,4.60984,49.83513,2
23762,4.60438,49.8395,2
23763,4.60448,49.83959,2
23764,4.60984,49.83513,2
23765,4.604199,49.839415,2
23766,4.60521,49.83912,2
23767,4.60497,49.84,2
23768,4.60555,49.84049,2
23769,4.6059,49.83978,2
23770,4.60623,49.84006,2
23771,4.60557,49.83949,2
23772,4.60296,49.83838,2
23773,4.60557,49.83949,2
23774,4.60594,49.83962,2
23775,4.6062,49.83984,2
23776,4.60646,49.84006,2
23777,4.60567,49.83939,2
23778,4.60106,49.84029,2
23779,4.60629,49.8405,2
23780,4.60659,49.8403,2
23781,4.61657,49.83377,2
23782,4.60599,49.84071,2
23783,4.60984,49.83513,2
23784,4.60599,49.84071,2
23785,4.60632,49.84106,2
23786,4.60663,49.84129,2
23787,4.610694,49.842088,2
23788,4.60517,49.84029,2
23789,4.610603,49.841919,2
23790,4.610468,49.841697,2
23791,4.618,49.8335,2
23792,4.610408,49.841608,2
23793,4.605038,49.840172,2
23794,4.610048,49.841004,2
23795,4.61049,49.84305,2
23796,4.610005,49.840978,2
23797,4.60483,49.84007,2
23798,4.60517,49.84029,2
23799,4.610005,49.840978,2
23800,4.60374,49.83639,2
23801,4.610094,49.841093,2
23802,4.60374,49.83639,2
23803,4.610261,49.841422,2
23804,4.6044,49.83971,2
23805,4.60374,49.83639,2
23806,4.610408,49.841608,2
23807,4.610543,49.84183,2
23808,4.60421,49.83955,2
23809,4.60374,49.83639,2
23810,4.610694,49.842088,2
23811,4.60395,49.83934,2
23812,4.603741,49.833199,2
23813,4.603835,49.83935,2
23814,4.60374,49.83639,2
23815,4.60368,49.83916,2
23816,4.60374,49.83639,2
23817,4.60541,49.83541,2
23818,4.60984,49.83513,2
23819,4.60374,49.83639,2
23820,4.60374,49.83639,2
23821,4.60359,49.83911,2
23822,4.60665,49.8354,2
23823,4.60345,49.83903,2
23824,4.60984,49.83513,2
23825,4.60329,49.83895,2
23826,4.60619,49.83545,2
23827,4.60583,49.83548,2
23828,4.60317,49.8389,2
23829,4.60711,49.83535,2
23830,4.606634,49.834852,2
23831,4.60293,49.83882,2
23832,4.60984,49.83513,2
23833,4.60531,49.83554,2
23834,4.60305,49.83886,2
23835,4.60628,49.83532,2
23836,4.60984,49.83513,2
23837,4.60984,49.83513,2
23838,4.602969,49.838926,2
23839,4.61697,49.83365,2
23840,4.60391,49.83944,2
23841,4.60583,49.83548,2
23842,4.60391,49.83944,2
23843,4.60697,49.83525,2
23844,4.60372,49.83969,2
23845,4.60831,49.83516,2
23846,4.60353,49.84023,2
23847,4.61781,49.83364,2
23848,4.60363,49.83996,2
23849,4.6122,49.83476,2
23850,4.60343,49.8405,2
23851,4.60833,49.83527,2
23852,4.60337,49.84115,2
23853,4.60912,49.83522,2
23854,4.60334,49.84077,2
23855,4.60324,49.84104,2
23856,4.61361,49.83464,2
23857,4.60952,49.8352,2
23858,4.611102,49.842215,2
23859,4.60347,49.84091,2
23860,4.61357,49.83453,2
23861,4.611226,49.842186,2
23862,4.60304,49.84129,2
23863,4.61526,49.83436,2
23864,4.60984,49.83513,2
23865,4.6144,49.83442,2
23866,4.611363,49.842147,2
23867,4.60357,49.8404,2
23868,4.61521,49.83425,2
23869,4.60984,49.83513,2
23870,4.611102,49.842215,2
23871,4.60357,49.8404,2
23872,4.60373,49.84018,2
23873,4.61768,49.83366,2
23874,4.610841,49.842283,2
23875,4.60407,49.83948,2
23876,4.61795,49.83362,2
23877,4.61754,49.83368,2
23878,4.610756,49.842239,2
23879,4.60364,49.84042,2
23880,4.61754,49.83368,2
23881,4.60356,49.84067,2
23882,4.61754,49.83368,2
23883,4.610753,49.842167,2
23884,4.61754,49.83368,2
23885,4.60357,49.8404,2
23886,4.61629,49.83388,2
23887,4.610753,49.842167,2
23888,4.60318,49.84136,2
23889,4.61601,49.83399,2
23890,4.60315,49.84159,2
23891,4.61573,49.83411,2
23892,4.610079,49.842629,2
23893,4.61823,49.83358,2
23894,4.60279,49.84169,2
23895,4.610649,49.842331,2
23896,4.60358,49.84178,2
23897,4.6174,49.8337,2
23898,4.6076,49.8435,2
23899,4.61809,49.8336,2
23900,4.60999,49.842505,2
23901,4.60849,49.84267,2
23902,4.61726,49.83373,2
23903,4.60402,49.84196,2
23904,4.61713,49.83375,2
23905,4.60732,49.84322,2
23906,4.61699,49.83377,2
23907,4.608,49.84328,2
23908,4.60984,49.83513,2
23909,4.60821,49.84296,2
23910,4.60984,49.83513,2
23911,4.60687,49.84303,2
23912,4.60984,49.83513,2
23913,4.60446,49.84215,2
23914,4.60642,49.84284,2
23915,4.61225,49.83487,2
23916,4.60597,49.84265,2
23917,4.60984,49.83513,2
23918,4.610753,49.842167,2
23919,4.60552,49.84246,2
23920,4.61071,49.83513,2
23921,4.6049,49.84234,2
23922,4.60984,49.83513,2
23923,4.59944,49.83679,2
23924,4.61031,49.83515,2
23925,4.59989,49.83683,2
23926,4.60534,49.84252,2
23927,4.61686,49.8338,2
23928,4.59989,49.83683,2
23929,4.60621,49.84289,2
23930,4.60984,49.83513,2
23931,4.60462,49.84208,2
23932,4.60507,49.84227,2
23933,4.60984,49.83513,2
23934,4.60417,49.84189,2
23935,4.60984,49.83513,2
23936,4.60577,49.84271,2
23937,4.61186,49.83495,2
23938,4.60665,49.84308,2
23939,4.60992,49.83517,2
23940,4.60327,49.8415,2
23941,4.60952,49.8352,2
23942,4.60372,49.8417,2
23943,4.60984,49.83513,2
23944,4.61028,49.83504,2
23945,4.60286,49.84146,2
23946,4.60754,49.83532,2
23947,4.60793,49.83529,2
23948,4.60263,49.84139,2
23949,4.60458,49.83548,2
23950,4.60102,49.83785,2
23951,4.60885,49.84242,2
23952,4.61329,49.83478,2
23953,4.60196,49.8412,2
23954,4.61359,49.83502,2
23955,4.60196,49.8412,2
23956,4.61301,49.83472,2
23957,4.60279,49.84169,2
23958,4.60557,49.83551,2
23959,4.60279,49.84169,2
23960,4.60458,49.83548,2
23961,4.60984,49.83513,2
23962,4.604448,49.835036,2
23963,4.60337,49.83885,2
23964,4.61463,49.83608,2
23965,4.60361,49.83658,2
23966,4.60361,49.83658,2
23967,4.60174,49.84113,2
23968,4.604448,49.835036,2
23969,4.60627,49.84034,2
23970,4.60004,49.84169,2
23971,4.604448,49.835036,2
23972,4.6005,49.84163,2
23973,4.604448,49.835036,2
23974,4.61872,49.83746,2
23975,4.60084,49.84208,2
23976,4.604448,49.835036,2
23977,4.60327,49.83744,2
23978,4.604448,49.835036,2
23979,4.60002,49.84163,2
23980,4.60429,49.83562,2
23981,4.59958,49.84174,2
23982,4.60429,49.83562,2
23983,4.60422,49.83568,2
23984,4.5988,49.84163,2
23985,4.60414,49.83574,2
23986,4.5988,49.84163,2
23987,4.59945,49.84164,2
23988,4.60505,49.83557,2
23989,4.60517,49.84029,2
23990,4.60002,49.84163,2
23991,4.60407,49.83581,2
23992,4.60002,49.84163,2
23993,4.59973,49.84161,2
23994,4.604,49.83591,2
23995,4.6,49.84158,2
23996,4.60403,49.83585,2
23997,4.60056,49.84151,2
23998,4.60397,49.83596,2
23999,4.60241,49.84133,2
24000,4.60028,49.84154,2
24001,4.60397,49.83596,2
24002,4.60148,49.84092,2
24003,4.60148,49.84092,2
24004,4.6039,49.83613,2
24005,4.60116,49.84027,2
24006,4.60218,49.84001,2
24007,4.60132,49.8407,2
24008,4.60394,49.83602,2
24009,4.60218,49.84001,2
24010,4.60067,49.83974,2
24011,4.60121,49.84058,2
24012,4.60391,49.83608,2
24013,4.60132,49.8407,2
24014,4.6039,49.83613,2
24015,4.6039,49.83613,2
24016,4.27368,49.90834,2
24017,4.27368,49.90834,2
24018,4.27627,49.89987,2
24019,4.27627,49.89987,2
24020,4.27949,49.90588,2
24021,4.27949,49.90588,2
24022,4.271969,49.903771,2
24023,4.2963,49.90572,2
24024,4.2963,49.90572,2
24025,4.27949,49.90588,2
24026,4.27868,49.90304,2
24027,4.2786,49.90281,2
24028,4.275895,49.90352,2
24029,4.27575,49.89973,2
24030,4.2735,49.90505,2
24031,4.27753,49.9065,2
24032,4.27883,49.90474,2
24033,4.2963,49.90572,2
24034,4.2963,49.90572,2
24035,4.26256,49.91424,2
24036,4.27309,49.9119,2
24037,4.27368,49.90834,2
24038,4.27368,49.90834,2
24039,4.27368,49.90834,2
24040,4.27368,49.90834,2
24041,4.2963,49.90572,2
24042,4.2963,49.90572,2
24043,4.27964,49.90384,2
24044,4.27964,49.90384,2
24045,4.27964,49.90384,2
24046,4.279312,49.905594,2
24047,4.27917,49.90349,2
24048,4.27917,49.90349,2
24049,4.27917,49.90349,2
24050,4.27995,49.90341,2
24051,4.27986,49.90357,2
24052,4.27995,49.90318,2
24053,4.27917,49.90349,2
24054,4.27853,49.90303,2
24055,4.27853,49.90303,2
24056,4.27853,49.90303,2
24057,4.2786,49.90281,2
24058,4.27887,49.90254,2
24059,4.27887,49.90254,2
24060,4.27887,49.90254,2
24061,4.27986,49.9036,2
24062,4.27857,49.90292,2
24063,4.27863,49.9027,2
24064,4.27867,49.90256,2
24065,4.27986,49.9036,2
24066,4.27878,49.90225,2
24067,4.27873,49.90241,2
24068,4.27887,49.90254,2
24069,4.27895,49.90228,2
24070,4.27904,49.90202,2
24071,4.27887,49.90254,2
24072,4.27883,49.9021,2
24073,4.27883,49.9021,2
24074,4.27888,49.90194,2
24075,4.27887,49.90226,2
24076,4.27887,49.90226,2
24077,4.27887,49.90226,2
24078,4.27887,49.90226,2
24079,4.27887,49.90226,2
24080,4.27887,49.90226,2
24081,4.27368,49.90834,2
24082,4.27887,49.90226,2
24083,4.27887,49.90226,2
24084,4.27368,49.90834,2
24085,4.27887,49.90226,2
24086,4.27368,49.90834,2
24087,4.27986,49.90357,2
24088,4.27726,49.90258,2
24089,4.27368,49.90834,2
24090,4.27796,49.90146,2
24091,4.27705,49.90254,2
24092,4.27368,49.90834,2
24093,4.27705,49.90254,2
24094,4.27641,49.90207,2
24095,4.27069,49.91316,2
24096,4.27705,49.90254,2
24097,4.27368,49.90834,2
24098,4.27609,49.90309,2
24099,4.27626,49.90257,2
24100,4.27664,49.90267,2
24101,4.27644,49.90259,2
24102,4.27651,49.90234,2
24103,4.27627,49.90311,2
24104,4.27705,49.90254,2
24105,4.276567,49.903635,2
24106,4.276567,49.903635,2
24107,4.277249,49.90366,2
24108,4.277249,49.90366,2
24109,4.277249,49.90366,2
24110,4.277249,49.90366,2
24111,4.277249,49.90366,2
24112,4.275746,49.903621,2
24113,4.27622,49.9037,2
24114,4.277249,49.90366,2
24115,4.277249,49.90366,2
24116,4.277249,49.90366,2
24117,4.277249,49.90366,2
24118,4.277249,49.90366,2
24119,4.277235,49.903651,2
24120,4.277235,49.903651,2
24121,4.276567,49.903635,2
24122,4.27622,49.9037,2
24123,4.275746,49.903621,2
24124,4.27603,49.90367,2
24125,4.275895,49.90352,2
24126,4.275259,49.90362,2
24127,4.275742,49.903523,2
24128,4.275742,49.903523,2
24129,4.275606,49.903597,2
24130,4.275454,49.903635,2
24131,4.274382,49.90358,2
24132,4.274855,49.903591,2
24133,4.274368,49.90358,2
24134,4.272162,49.903723,2
24135,4.27368,49.90834,2
24136,4.273645,49.903583,2
24137,4.273645,49.903583,2
24138,4.273964,49.903578,2
24139,4.273631,49.903583,2
24140,4.273631,49.903583,2
24141,4.273631,49.903583,2
24142,4.274382,49.90358,2
24143,4.272727,49.903589,2
24144,4.272424,49.903656,2
24145,4.271928,49.903781,2
24146,4.27164,49.9046,2
24147,4.272135,49.903733,2
24148,4.27477,49.90333,2
24149,4.27575,49.89973,2
24150,4.27575,49.89973,2
24151,4.27575,49.89973,2
24152,4.27459,49.90326,2
24153,4.27459,49.90326,2
24154,4.27461,49.90281,2
24155,4.27461,49.90281,2
24156,4.27478,49.90302,2
24157,4.27466,49.90236,2
24158,4.27479,49.9027,2
24159,4.27481,49.90192,2
24160,4.27495,49.90147,2
24161,4.27484,49.90239,2
24162,4.27494,49.90208,2
24163,4.27504,49.90177,2
24164,4.27508,49.90103,2
24165,4.27514,49.90146,2
24166,4.27521,49.90058,2
24167,4.27523,49.90115,2
24168,4.27541,49.90053,2
24169,4.27575,49.89973,2
24170,4.27514,49.90005,2
24171,4.27584,49.89963,2
24172,4.27578,49.90036,2
24173,4.27555,49.89984,2
24174,4.27532,49.90084,2
24175,4.27627,49.89987,2
24176,4.27627,49.89987,2
24177,4.27627,49.89987,2
24178,4.27627,49.89987,2
24179,4.27575,49.89973,2
24180,4.27627,49.89987,2
24181,4.27986,49.90357,2
24182,4.27607,49.90395,2
24183,4.2963,49.90572,2
24184,4.27612,49.90424,2
24185,4.27634,49.90446,2
24186,4.27625,49.90473,2
24187,4.27917,49.90349,2
24188,4.27668,49.90468,2
24189,4.2774,49.90461,2
24190,4.27621,49.90462,2
24191,4.27701,49.90453,2
24192,4.27654,49.90458,2
24193,4.27749,49.90449,2
24194,4.27774,49.90483,2
24195,4.27913,49.90519,2
24196,4.27907,49.90485,2
24197,4.27953,49.90569,2
24198,4.27949,49.90588,2
24199,4.27911,49.90533,2
24200,4.27986,49.9036,2
24201,4.2735,49.90505,2
24202,4.2735,49.90505,2
24203,4.278435,49.904495,2
24204,4.2963,49.90572,2
24205,4.2963,49.90572,2
24206,4.2963,49.90572,2
24207,4.2963,49.90572,2
24208,4.2963,49.90572,2
24209,4.2963,49.90572,2
24210,4.2963,49.90572,2
24211,4.2963,49.90572,2
24212,4.2963,49.90572,2
24213,4.2963,49.90572,2
24214,4.2963,49.90572,2
24215,4.2963,49.90572,2
24216,4.2963,49.90572,2
24217,4.2963,49.90572,2
24218,4.2963,49.90572,2
24219,4.2963,49.90572,2
24220,4.2963,49.90572,2
24221,4.2963,49.90572,2
24222,4.2963,49.90572,2
24223,4.2963,49.90572,2
24224,4.2963,49.90572,2
24225,4.2963,49.90572,2
24226,4.2963,49.90572,2
24227,4.2963,49.90572,2
24228,4.2963,49.90572,2
24229,4.2963,49.90572,2
24230,4.2963,49.90572,2
24231,4.2963,49.90572,2
24232,4.2963,49.90572,2
24233,4.2963,49.90572,2
24234,4.2963,49.90572,2
24235,4.2963,49.90572,2
24236,4.2963,49.90572,2
24237,4.2963,49.90572,2
24238,4.31403,49.90304,2
24239,4.2963,49.90572,2
24240,4.26256,49.91424,2
24241,4.26256,49.91424,2
24242,4.26256,49.91424,2
24243,4.265402,49.91538,2
24244,4.26256,49.91424,2
24245,4.26294,49.914269,2
24246,4.26076,49.91399,2
24247,4.26256,49.91424,2
24248,4.26256,49.91424,2
24249,4.259384,49.914011,2
24250,4.27016,49.91281,2
24251,4.27016,49.91281,2
24252,4.27108,49.9136,2
24253,4.27176,49.91419,2
24254,4.2701,49.91292,2
24255,4.27309,49.9119,2
24256,4.27285,49.9088,2
24257,4.2729,49.91115,2
24258,4.2729,49.91115,2
24259,4.27091,49.91363,2
24260,4.2729,49.91115,2
24261,4.2729,49.91115,2
24262,4.27398,49.91232,2
24263,4.27398,49.91232,2
24264,4.2729,49.91115,2
24265,4.26801,49.91722,2
24266,4.26801,49.91722,2
24267,4.26801,49.91722,2
24268,4.26801,49.91722,2
24269,4.26801,49.91722,2
24270,4.26801,49.91722,2
24271,4.26801,49.91722,2
24272,4.27887,49.90226,2
24273,4.26801,49.91722,2
24274,4.26256,49.91424,2
24275,4.26256,49.91424,2
24276,4.27043,49.90672,2
24277,4.27043,49.90672,2
24278,4.27043,49.90672,2
24279,4.27043,49.90672,2
24280,4.27043,49.90672,2
24281,4.27043,49.90672,2
24282,4.27043,49.90672,2
24283,4.27043,49.90672,2
24284,4.27668,49.90468,2
24285,4.27043,49.90672,2
24286,4.27043,49.90672,2
24287,4.27043,49.90672,2
24288,4.27043,49.90672,2
24289,4.27043,49.90672,2
24290,4.27043,49.90672,2
24291,4.27043,49.90672,2
24292,4.27043,49.90672,2
24293,4.27043,49.90672,2
24294,4.27043,49.90672,2
24295,4.27043,49.90672,2
24296,4.27043,49.90672,2
24297,4.27043,49.90672,2
24298,4.27368,49.90834,2
24299,4.2729,49.91115,2
24300,4.27368,49.90834,2
24301,4.27368,49.90834,2
24302,4.27368,49.90834,2
24303,4.27414,49.90878,2
24304,4.27373,49.909,2
24305,4.275746,49.903621,2
24306,4.275746,49.903621,2
24307,4.4912,49.55251,2
24308,4.4912,49.55251,2
24309,4.47692,49.56273,2
24310,4.47692,49.56273,2
24311,4.476353,49.563189,2
24312,4.476931,49.56282,2
24313,4.47692,49.56273,2
24314,4.475316,49.561851,2
24315,4.475255,49.562382,2
24316,4.475688,49.562482,2
24317,4.4912,49.55251,2
24318,4.47692,49.56273,2
24319,4.47692,49.56273,2
24320,4.47692,49.56273,2
24321,4.4912,49.55251,2
24322,4.4912,49.55251,2
24323,4.4912,49.55251,2
24324,4.4912,49.55251,2
24325,4.480774,49.558942,2
24326,4.489954,49.553235,2
24327,4.49202,49.55226,2
24328,4.49202,49.55226,2
24329,4.4931,49.55201,2
24330,4.49202,49.55226,2
24331,4.49202,49.55226,2
24332,4.49202,49.55226,2
24333,4.49202,49.55226,2
24334,4.49202,49.55226,2
24335,4.49202,49.55226,2
24336,4.494065,49.551823,2
24337,4.49202,49.55226,2
24338,4.4931,49.55201,2
24339,4.49194,49.55219,2
24340,4.49102,49.55277,2
24341,4.4931,49.55201,2
24342,4.49202,49.55226,2
24343,4.480774,49.558942,2
24344,4.47692,49.56273,2
24345,4.4912,49.55251,2
24346,4.4912,49.55251,2
24347,4.49202,49.55226,2
24348,4.49202,49.55226,2
24349,4.4912,49.55251,2
24350,4.49202,49.55226,2
24351,4.4931,49.55201,2
24352,4.47692,49.56273,2
24353,4.49202,49.55226,2
24354,5.04088,49.67737,2
24355,5.03913,49.66898,2
24356,5.03612,49.66742,2
24357,5.03925,49.66934,2
24358,5.04579,49.66922,2
24359,5.04782,49.6695,2
24360,5.04062,49.67775,2
24361,5.03925,49.66934,2
24362,5.04782,49.6695,2
24363,5.03956,49.66935,2
24364,5.04109,49.67698,2
24365,5.03988,49.66936,2
24366,5.036233,49.668467,2
24367,5.03915,49.66945,2
24368,5.036219,49.668458,2
24369,5.03929,49.66945,2
24370,5.03943,49.66946,2
24371,5.036142,49.668316,2
24372,5.03957,49.66947,2
24373,5.036098,49.668272,2
24374,5.03971,49.66947,2
24375,5.03761,49.67342,2
24376,5.03612,49.66742,2
24377,5.03985,49.66948,2
24378,5.03605,49.6674,2
24379,5.03985,49.66948,2
24380,5.03598,49.66738,2
24381,5.03998,49.66949,2
24382,5.03591,49.66737,2
24383,5.03583,49.66735,2
24384,5.04012,49.66949,2
24385,5.04026,49.6695,2
24386,5.03576,49.66733,2
24387,5.03507,49.66705,2
24388,5.04041,49.66951,2
24389,5.04041,49.66951,2
24390,5.03361,49.66685,2
24391,5.04041,49.66951,2
24392,5.03379,49.66688,2
24393,5.0406,49.66954,2
24394,5.03398,49.66696,2
24395,5.03398,49.6672,2
24396,5.04079,49.66956,2
24397,5.03398,49.66743,2
24398,5.04097,49.66958,2
24399,5.03398,49.66767,2
24400,5.04116,49.66961,2
24401,5.04782,49.6695,2
24402,5.03398,49.6678,2
24403,5.04782,49.6695,2
24404,5.0338,49.66763,2
24405,5.04134,49.66963,2
24406,5.03398,49.6681,2
24407,5.04153,49.66966,2
24408,5.03426,49.66699,2
24409,5.04171,49.66968,2
24410,5.03398,49.66806,2
24411,5.0338,49.667,2
24412,5.04189,49.6697,2
24413,5.03398,49.66782,2
24414,5.04207,49.66971,2
24415,5.03398,49.66783,2
24416,5.03398,49.66785,2
24417,5.04225,49.66973,2
24418,5.03398,49.66787,2
24419,5.04243,49.66975,2
24420,5.03398,49.66789,2
24421,5.03583,49.66735,2
24422,5.04261,49.66977,2
24423,5.04268,49.67073,2
24424,5.03398,49.6679,2
24425,5.04278,49.66979,2
24426,5.033178,49.670117,2
24427,5.04254,49.66852,2
24428,5.04052,49.66941,2
24429,5.04268,49.67073,2
24430,5.04254,49.66852,2
24431,5.04268,49.67073,2
24432,5.03506,49.66709,2
24433,5.04084,49.66945,2
24434,5.04268,49.67073,2
24435,5.04149,49.66953,2
24436,5.04268,49.67073,2
24437,5.03506,49.66709,2
24438,5.04197,49.66959,2
24439,5.04268,49.67073,2
24440,5.04268,49.67073,2
24441,5.03398,49.66792,2
24442,5.04268,49.67073,2
24443,5.04099,49.66953,2
24444,5.032669,49.670443,2
24445,5.03398,49.66794,2
24446,5.04282,49.66966,2
24447,5.04268,49.67073,2
24448,5.04272,49.66946,2
24449,5.04268,49.67073,2
24450,5.035073,49.667738,2
24451,5.04275,49.66935,2
24452,5.033617,49.670314,2
24453,5.032879,49.669171,2
24454,5.03398,49.66797,2
24455,5.04279,49.66925,2
24456,5.04268,49.67073,2
24457,5.04283,49.66914,2
24458,5.04268,49.67073,2
24459,5.034464,49.667743,2
24460,5.04256,49.6691,2
24461,5.03398,49.66801,2
24462,5.04237,49.66908,2
24463,5.03398,49.66803,2
24464,5.04217,49.66907,2
24465,5.03389,49.66799,2
24466,5.04197,49.66905,2
24467,5.04197,49.66905,2
24468,5.033823,49.668449,2
24469,5.04197,49.66905,2
24470,5.04268,49.67073,2
24471,5.04177,49.66903,2
24472,5.03389,49.66799,2
24473,5.0415,49.669,2
24474,5.033804,49.66809,2
24475,5.04118,49.66896,2
24476,5.04118,49.66896,2
24477,5.0338,49.66808,2
24478,5.04118,49.66896,2
24479,5.04085,49.66892,2
24480,5.034317,49.668348,2
24481,5.04053,49.66888,2
24482,5.04043,49.66938,2
24483,5.035605,49.668373,2
24484,5.04043,49.66938,2
24485,5.0426,49.66965,2
24486,5.034581,49.668378,2
24487,5.03941,49.66852,2
24488,5.04044,49.66925,2
24489,5.03389,49.66799,2
24490,5.04025,49.66938,2
24491,5.034817,49.668382,2
24492,5.04026,49.66925,2
24493,5.0338,49.66813,2
24494,5.04027,49.66912,2
24495,5.03389,49.66799,2
24496,5.04045,49.66912,2
24497,5.035552,49.668401,2
24498,5.04028,49.66899,2
24499,5.03605,49.6674,2
24500,5.04046,49.66899,2
24501,5.03598,49.66738,2
24502,5.03424,49.66958,2
24503,5.03598,49.66738,2
24504,5.04029,49.66886,2
24505,5.03591,49.66737,2
24506,5.04238,49.6677,2
24507,5.03506,49.66709,2
24508,5.04029,49.66874,2
24509,5.04047,49.66869,2
24510,5.03497,49.668405,2
24511,5.04047,49.66869,2
24512,5.03506,49.66709,2
24513,5.04047,49.66869,2
24514,5.035687,49.668345,2
24515,5.04029,49.66863,2
24516,5.036076,49.668363,2
24517,5.0377,49.67045,2
24518,5.04056,49.66876,2
24519,5.0377,49.67045,2
24520,5.042449,49.662712,2
24521,5.035592,49.668383,2
24522,5.0377,49.67045,2
24523,5.041252,49.668849,2
24524,5.0377,49.67045,2
24525,5.035851,49.668314,2
24526,5.0377,49.67045,2
24527,5.04121,49.66885,2
24528,5.0377,49.67045,2
24529,5.035673,49.668345,2
24530,5.04154,49.66889,2
24531,5.0377,49.67045,2
24532,5.04179,49.66892,2
24533,5.0377,49.67045,2
24534,5.04199,49.66893,2
24535,5.0377,49.67045,2
24536,5.04219,49.66895,2
24537,5.04239,49.66897,2
24538,5.028867,49.672127,2
24539,5.04315,49.66916,2
24540,5.04318,49.66911,2
24541,5.04346,49.66899,2
24542,5.04368,49.66855,2
24543,5.04382,49.66994,2
24544,5.04356,49.66882,2
24545,5.04382,49.66994,2
24546,5.04382,49.66994,2
24547,5.04346,49.66869,2
24548,5.04319,49.66871,2
24549,5.04298,49.6686,2
24550,5.04272,49.66852,2
24551,5.04051,49.66862,2
24552,5.04095,49.66859,2
24553,5.0414,49.66855,2
24554,5.04184,49.66853,2
24555,5.03969,49.66863,2
24556,5.03895,49.6683,2
24557,5.03914,49.66852,2
24558,5.03941,49.66852,2
24559,5.03969,49.66852,2
24560,5.03997,49.66852,2
24561,5.04024,49.66852,2
24562,5.04375,49.6684,2
24563,5.04375,49.6684,2
24564,5.0425,49.66862,2
24565,5.04206,49.66856,2
24566,5.04181,49.67415,2
24567,5.04162,49.66853,2
24568,5.04181,49.67415,2
24569,5.04117,49.66857,2
24570,5.04254,49.66852,2
24571,5.04253,49.6684,2
24572,5.04382,49.66994,2
24573,5.04251,49.66817,2
24574,5.04382,49.66994,2
24575,5.0425,49.66805,2
24576,5.04382,49.66994,2
24577,5.04249,49.66797,2
24578,5.04246,49.6679,2
24579,5.04244,49.66783,2
24580,5.04241,49.66777,2
24581,5.04271,49.66843,2
24582,5.03504,49.66996,2
24583,5.04271,49.66843,2
24584,5.0427,49.66833,2
24585,5.0427,49.66823,2
24586,5.04269,49.66813,2
24587,5.04333,49.66799,2
24588,5.04394,49.66794,2
24589,5.04411,49.6676,2
24590,5.04411,49.6676,2
24591,5.04419,49.6676,2
24592,5.03505,49.66976,2
24593,5.04419,49.6676,2
24594,5.04462,49.67879,2
24595,5.0443,49.66756,2
24596,5.03424,49.66958,2
24597,5.04434,49.66742,2
24598,5.04462,49.67879,2
24599,5.0443,49.66756,2
24600,5.04425,49.66769,2
24601,5.04462,49.67879,2
24602,5.04418,49.66783,2
24603,5.04408,49.66804,2
24604,5.04462,49.67879,2
24605,5.04395,49.66835,2
24606,5.04382,49.66866,2
24607,5.04462,49.67879,2
24608,5.04268,49.67073,2
24609,5.043894,49.668296,2
24610,5.04462,49.67879,2
24611,5.042456,49.671195,2
24612,5.04388,49.66809,2
24613,5.04381,49.66824,2
24614,5.0377,49.67045,2
24615,5.04462,49.67879,2
24616,5.04184,49.671334,2
24617,5.04381,49.66824,2
24618,5.04375,49.6684,2
24619,5.04462,49.67879,2
24620,5.03364,49.66885,2
24621,5.04462,49.67879,2
24622,5.04782,49.6695,2
24623,5.04462,49.67879,2
24624,5.04462,49.67879,2
24625,5.04371,49.66882,2
24626,5.04462,49.67879,2
24627,5.0439,49.66881,2
24628,5.04462,49.67879,2
24629,5.04409,49.6688,2
24630,5.04462,49.67879,2
24631,5.04428,49.66879,2
24632,5.04462,49.67879,2
24633,5.04448,49.66877,2
24634,5.04387,49.66893,2
24635,5.04462,49.67879,2
24636,5.04435,49.6689,2
24637,5.04435,49.6689,2
24638,5.04435,49.6689,2
24639,5.04435,49.6689,2
24640,5.04435,49.6689,2
24641,5.04435,49.6689,2
24642,5.04435,49.6689,2
24643,5.044263,49.670022,2
24644,5.04387,49.66893,2
24645,5.0454,49.67023,2
24646,5.04435,49.6689,2
24647,5.04579,49.66922,2
24648,5.042379,49.671574,2
24649,5.04579,49.66922,2
24650,5.04435,49.6689,2
24651,5.04261,49.67161,2
24652,5.04557,49.66899,2
24653,5.04435,49.6689,2
24654,5.04554,49.66912,2
24655,5.04435,49.6689,2
24656,5.04547,49.66926,2
24657,5.04532,49.66944,2
24658,5.04533,49.66964,2
24659,5.04534,49.66985,2
24660,5.04579,49.66922,2
24661,5.04574,49.66904,2
24662,5.04579,49.66922,2
24663,5.0455,49.66956,2
24664,5.04579,49.66922,2
24665,5.04579,49.66922,2
24666,5.04574,49.66904,2
24667,5.04268,49.67073,2
24668,5.04268,49.67073,2
24669,5.04579,49.66922,2
24670,5.0455,49.66956,2
24671,5.04579,49.66922,2
24672,5.04579,49.66922,2
24673,5.04579,49.66922,2
24674,5.04579,49.66922,2
24675,5.037418,49.671496,2
24676,5.04534,49.66988,2
24677,5.04656,49.67002,2
24678,5.0473,49.6701,2
24679,5.04382,49.66994,2
24680,5.04782,49.6695,2
24681,5.04382,49.66994,2
24682,5.04782,49.6695,2
24683,5.04782,49.6695,2
24684,5.04782,49.6695,2
24685,5.04029,49.66886,2
24686,5.04029,49.66886,2
24687,5.0474,49.66956,2
24688,5.034174,49.66774,2
24689,5.04742,49.66944,2
24690,5.04782,49.6695,2
24691,5.04782,49.6695,2
24692,5.04781,49.66983,2
24693,5.04782,49.6695,2
24694,5.04782,49.6695,2
24695,5.04782,49.6695,2
24696,5.0454,49.67023,2
24697,5.04782,49.6695,2
24698,5.04786,49.67027,2
24699,5.0475,49.67024,2
24700,5.04722,49.67021,2
24701,5.04694,49.67018,2
24702,5.04639,49.67011,2
24703,5.04612,49.67008,2
24704,5.04584,49.67005,2
24705,5.04557,49.67002,2
24706,5.045635,49.670054,2
24707,5.04387,49.66893,2
24708,5.04362,49.66871,2
24709,5.045635,49.670054,2
24710,5.04535,49.67,2
24711,5.04518,49.67,2
24712,5.04501,49.66999,2
24713,5.04483,49.66998,2
24714,5.04466,49.66998,2
24715,5.03389,49.66799,2
24716,5.03389,49.66799,2
24717,5.04449,49.66997,2
24718,5.03389,49.66799,2
24719,5.03389,49.66799,2
24720,5.04431,49.66996,2
24721,5.03389,49.66799,2
24722,5.044751,49.664359,2
24723,5.03389,49.66799,2
24724,5.04414,49.66996,2
24725,5.03389,49.66799,2
24726,5.04534,49.66988,2
24727,5.03389,49.66799,2
24728,5.03389,49.66799,2
24729,5.04511,49.66988,2
24730,5.03389,49.66799,2
24731,5.04489,49.66987,2
24732,5.03389,49.66799,2
24733,5.03389,49.66799,2
24734,5.04467,49.66986,2
24735,5.03389,49.66799,2
24736,5.04445,49.66985,2
24737,5.03389,49.66799,2
24738,5.03389,49.66799,2
24739,5.04423,49.66984,2
24740,5.03389,49.66799,2
24741,5.03389,49.66799,2
24742,5.04423,49.66984,2
24743,5.03389,49.66799,2
24744,5.044454,49.678842,2
24745,5.044,49.66984,2
24746,5.04268,49.67073,2
24747,5.04462,49.67879,2
24748,5.04397,49.66995,2
24749,5.04268,49.67073,2
24750,5.04268,49.67073,2
24751,5.04268,49.67073,2
24752,5.04268,49.67073,2
24753,5.04397,49.66995,2
24754,5.04268,49.67073,2
24755,5.04268,49.67073,2
24756,5.04372,49.66993,2
24757,5.04268,49.67073,2
24758,5.04362,49.66991,2
24759,5.04268,49.67073,2
24760,5.04352,49.6699,2
24761,5.04268,49.67073,2
24762,5.04342,49.66988,2
24763,5.04268,49.67073,2
24764,5.04332,49.66987,2
24765,5.04268,49.67073,2
24766,5.04268,49.67073,2
24767,5.04322,49.66986,2
24768,5.04268,49.67073,2
24769,5.04121,49.66885,2
24770,5.04268,49.67073,2
24771,5.04121,49.66885,2
24772,5.04312,49.66984,2
24773,5.04268,49.67073,2
24774,5.04121,49.66885,2
24775,5.04268,49.67073,2
24776,5.04121,49.66885,2
24777,5.04268,49.67073,2
24778,5.04121,49.66885,2
24779,5.04341,49.66976,2
24780,5.040951,49.671264,2
24781,5.04341,49.66976,2
24782,5.040951,49.671264,2
24783,5.044793,49.664367,2
24784,5.04299,49.66975,2
24785,5.040951,49.671264,2
24786,5.04306,49.66968,2
24787,5.040951,49.671264,2
24788,5.040951,49.671264,2
24789,5.04314,49.66958,2
24790,5.04265,49.67018,2
24791,5.04277,49.67072,2
24792,5.04323,49.66949,2
24793,5.04254,49.67108,2
24794,5.04254,49.67116,2
24795,5.04332,49.66939,2
24796,5.043733,49.671256,2
24797,5.04277,49.66956,2
24798,5.044735,49.671359,2
24799,5.041068,49.671387,2
24800,5.04372,49.66888,2
24801,5.04372,49.66888,2
24802,5.04268,49.67073,2
24803,5.040902,49.6714,2
24804,5.040588,49.665467,2
24805,5.04268,49.67073,2
24806,5.03364,49.66885,2
24807,5.0363,49.66951,2
24808,5.040889,49.6714,2
24809,5.05336,49.66645,2
24810,5.03364,49.66885,2
24811,5.03626,49.66909,2
24812,5.039951,49.671466,2
24813,5.03784,49.67168,2
24814,5.039426,49.671496,2
24815,5.03626,49.66909,2
24816,5.039874,49.671324,2
24817,5.03793,49.67203,2
24818,5.038474,49.671562,2
24819,5.03625,49.66884,2
24820,5.03803,49.67239,2
24821,5.038143,49.671588,2
24822,5.040026,49.671321,2
24823,5.03628,49.6686,2
24824,5.03761,49.67342,2
24825,5.03812,49.67274,2
24826,5.037142,49.671511,2
24827,5.03628,49.6686,2
24828,5.03594,49.671556,2
24829,5.03822,49.67309,2
24830,5.0478,49.66991,2
24831,5.03594,49.671556,2
24832,5.03767,49.67174,2
24833,5.0361,49.6686,2
24834,5.034498,49.671786,2
24835,5.033312,49.671875,2
24836,5.03767,49.67174,2
24837,5.03608,49.66881,2
24838,5.031593,49.671832,2
24839,5.03767,49.67174,2
24840,5.03597,49.66882,2
24841,5.03066,49.66769,2
24842,5.03779,49.67219,2
24843,5.04278,49.6698,2
24844,5.03563,49.66882,2
24845,5.04117,49.66949,2
24846,5.03791,49.67263,2
24847,5.04216,49.66902,2
24848,5.03563,49.66894,2
24849,5.03803,49.67307,2
24850,5.03597,49.66894,2
24851,5.04228,49.66859,2
24852,5.03761,49.67342,2
24853,5.03364,49.66885,2
24854,5.04271,49.66843,2
24855,5.03608,49.6691,2
24856,5.0454,49.67023,2
24857,5.04394,49.66794,2
24858,5.03761,49.67342,2
24859,5.03364,49.66885,2
24860,5.03761,49.67342,2
24861,5.03597,49.66894,2
24862,5.03761,49.67342,2
24863,5.03761,49.67342,2
24864,5.0361,49.66966,2
24865,5.04369,49.66894,2
24866,5.03857,49.67437,2
24867,5.03857,49.67437,2
24868,5.03583,49.66964,2
24869,5.04013,49.665442,2
24870,5.03822,49.67363,2
24871,5.03556,49.66963,2
24872,5.0384,49.67413,2
24873,5.0451,49.664396,2
24874,5.03529,49.66962,2
24875,5.0451,49.664396,2
24876,5.03857,49.67464,2
24877,5.05336,49.66645,2
24878,5.03609,49.66977,2
24879,5.03917,49.67569,2
24880,5.045002,49.66438,2
24881,5.03857,49.67437,2
24882,5.03582,49.66976,2
24883,5.03917,49.67569,2
24884,5.03925,49.66934,2
24885,5.03917,49.67569,2
24886,5.03555,49.66975,2
24887,5.03877,49.67514,2
24888,5.03917,49.67569,2
24889,5.03917,49.67569,2
24890,5.03528,49.66973,2
24891,5.04015,49.67758,2
24892,5.04631,49.68344,2
24893,5.03969,49.67698,2
24894,5.03523,49.66982,2
24895,5.03942,49.67634,2
24896,5.04443,49.67591,2
24897,5.03917,49.67569,2
24898,5.03521,49.67011,2
24899,5.04631,49.68344,2
24900,5.03917,49.67569,2
24901,5.04631,49.68344,2
24902,5.03857,49.67437,2
24903,5.03502,49.67015,2
24904,5.03857,49.67437,2
24905,5.03662,49.68506,2
24906,5.03504,49.66996,2
24907,5.03857,49.67437,2
24908,5.03505,49.66976,2
24909,5.03857,49.67437,2
24910,5.03857,49.67437,2
24911,5.03492,49.66971,2
24912,5.03857,49.67437,2
24913,5.03446,49.66969,2
24914,5.03857,49.67437,2
24915,5.03403,49.66959,2
24916,5.03857,49.67437,2
24917,5.044468,49.666315,2
24918,5.03391,49.66933,2
24919,5.03857,49.67437,2
24920,5.03387,49.66903,2
24921,5.04107,49.67361,2
24922,5.03387,49.66903,2
24923,5.04106,49.67393,2
24924,5.04107,49.67361,2
24925,5.03405,49.66898,2
24926,5.04107,49.67361,2
24927,5.03405,49.66898,2
24928,5.04084,49.67395,2
24929,5.03364,49.66885,2
24930,5.03364,49.66885,2
24931,5.04107,49.67361,2
24932,5.03364,49.66885,2
24933,5.03362,49.6689,2
24934,5.04089,49.67395,2
24935,5.04419,49.6676,2
24936,5.03499,49.6696,2
24937,5.04107,49.67361,2
24938,5.03466,49.66959,2
24939,5.04095,49.67394,2
24940,5.03434,49.66953,2
24941,5.04107,49.67361,2
24942,5.03761,49.67342,2
24943,5.03761,49.67342,2
24944,5.03412,49.66941,2
24945,5.04107,49.67361,2
24946,5.03408,49.6692,2
24947,5.04107,49.67361,2
24948,5.03389,49.66799,2
24949,5.04107,49.67361,2
24950,5.03389,49.66799,2
24951,5.04107,49.67361,2
24952,5.03389,49.66799,2
24953,5.04107,49.67361,2
24954,5.03398,49.6672,2
24955,5.04107,49.67361,2
24956,5.034737,49.668968,2
24957,5.04107,49.67361,2
24958,5.03398,49.66743,2
24959,5.04078,49.67396,2
24960,5.03398,49.66696,2
24961,5.04107,49.67361,2
24962,5.03389,49.66799,2
24963,5.04073,49.67396,2
24964,5.03389,49.66799,2
24965,5.04107,49.67361,2
24966,5.04278,49.6698,2
24967,5.03389,49.66799,2
24968,5.04067,49.67397,2
24969,5.04278,49.6698,2
24970,5.03365,49.66878,2
24971,5.04107,49.67361,2
24972,5.04278,49.6698,2
24973,5.03364,49.66885,2
24974,5.04061,49.67397,2
24975,5.04274,49.66993,2
24976,5.03364,49.66885,2
24977,5.04107,49.67361,2
24978,5.04274,49.66993,2
24979,5.04256,49.67094,2
24980,5.03364,49.66885,2
24981,5.03957,49.67422,2
24982,5.0427,49.67005,2
24983,5.0427,49.67005,2
24984,5.03364,49.66885,2
24985,5.03978,49.67501,2
24986,5.04265,49.67018,2
24987,5.04263,49.67034,2
24988,5.03364,49.66885,2
24989,5.03959,49.67446,2
24990,5.04263,49.67034,2
24991,5.04263,49.67034,2
24992,5.03364,49.66885,2
24993,5.03978,49.67501,2
24994,5.04263,49.67034,2
24995,5.04263,49.67034,2
24996,5.03364,49.66885,2
24997,5.03964,49.67469,2
24998,5.04263,49.67034,2
24999,5.04261,49.67052,2
25000,5.03364,49.66885,2
25001,5.03978,49.67501,2
25002,5.03364,49.66885,2
25003,5.03968,49.67493,2
25004,5.04256,49.67094,2
25005,5.03364,49.66885,2
25006,5.03978,49.67501,2
25007,5.04256,49.67094,2
25008,5.03364,49.66885,2
25009,5.03972,49.67516,2
25010,5.04256,49.67094,2
25011,5.03364,49.66885,2
25012,5.03978,49.67501,2
25013,5.04259,49.67084,2
25014,5.04281,49.67035,2
25015,5.03976,49.6754,2
25016,5.04278,49.67053,2
25017,5.03978,49.67501,2
25018,5.04274,49.67096,2
25019,5.04272,49.67112,2
25020,5.0398,49.67563,2
25021,5.0434,49.6693,2
25022,5.04268,49.67073,2
25023,5.0434,49.6693,2
25024,5.04107,49.67361,2
25025,5.04254,49.67108,2
25026,5.04254,49.67108,2
25027,5.04107,49.67361,2
25028,5.04254,49.67108,2
25029,5.043051,49.671181,2
25030,5.0434,49.6693,2
25031,5.04107,49.67361,2
25032,5.042712,49.671054,2
25033,5.042712,49.671054,2
25034,5.04107,49.67361,2
25035,5.042344,49.671179,2
25036,5.042712,49.671054,2
25037,5.04107,49.67361,2
25038,5.043051,49.671181,2
25039,5.04268,49.67073,2
25040,5.04107,49.67361,2
25041,5.043051,49.671181,2
25042,5.0434,49.6693,2
25043,5.043051,49.671181,2
25044,5.04107,49.67361,2
25045,5.043051,49.671181,2
25046,5.043413,49.671218,2
25047,5.04155,49.67437,2
25048,5.043413,49.671218,2
25049,5.04155,49.67437,2
25050,5.03594,49.671556,2
25051,5.043413,49.671218,2
25052,5.04155,49.67437,2
25053,5.04155,49.67437,2
25054,5.043859,49.671271,2
25055,5.04178,49.67399,2
25056,5.044694,49.671351,2
25057,5.04161,49.674,2
25058,5.045612,49.671448,2
25059,5.045612,49.671448,2
25060,5.04143,49.67401,2
25061,5.045612,49.671448,2
25062,5.045612,49.671448,2
25063,5.04126,49.67403,2
25064,5.045612,49.671448,2
25065,5.043051,49.671181,2
25066,5.04103,49.67405,2
25067,5.042746,49.671179,2
25068,5.043051,49.671181,2
25069,5.04107,49.67361,2
25070,5.04181,49.67415,2
25071,5.043037,49.671182,2
25072,5.04075,49.67408,2
25073,5.042746,49.671179,2
25074,5.041827,49.671335,2
25075,5.0415,49.67389,2
25076,5.041737,49.67122,2
25077,5.04123,49.67387,2
25078,5.041523,49.671359,2
25079,5.04119,49.67368,2
25080,5.041523,49.671359,2
25081,5.04114,49.67348,2
25082,5.0411,49.67328,2
25083,5.041523,49.671359,2
25084,5.04094,49.6734,2
25085,5.04107,49.67361,2
25086,5.041523,49.671359,2
25087,5.04103,49.67379,2
25088,5.041523,49.671359,2
25089,5.0441,49.6745,2
25090,5.04107,49.67361,2
25091,5.041523,49.671359,2
25092,5.041523,49.671359,2
25093,5.04112,49.67392,2
25094,5.04107,49.67361,2
25095,5.041523,49.671359,2
25096,5.040902,49.6714,2
25097,5.04107,49.67361,2
25098,5.041061,49.671253,2
25099,5.041006,49.671263,2
25100,5.04107,49.67361,2
25101,5.041006,49.671263,2
25102,5.04107,49.67361,2
25103,5.040951,49.671264,2
25104,5.040902,49.6714,2
25105,5.04107,49.67361,2
25106,5.040902,49.6714,2
25107,5.04268,49.67073,2
25108,5.04107,49.67361,2
25109,5.040902,49.6714,2
25110,5.04107,49.67361,2
25111,5.040902,49.6714,2
25112,5.04107,49.67361,2
25113,5.040889,49.6714,2
25114,5.040806,49.671411,2
25115,5.04107,49.67361,2
25116,5.04268,49.67073,2
25117,5.040806,49.671411,2
25118,5.04268,49.67073,2
25119,5.04107,49.67361,2
25120,5.040806,49.671411,2
25121,5.04107,49.67361,2
25122,5.040806,49.671411,2
25123,5.04107,49.67361,2
25124,5.040378,49.671439,2
25125,5.04369,49.67232,2
25126,5.039964,49.671466,2
25127,5.040268,49.671441,2
25128,5.04369,49.67232,2
25129,5.040268,49.671441,2
25130,5.04369,49.67232,2
25131,5.040268,49.671441,2
25132,5.04784,49.66966,2
25133,5.04631,49.68344,2
25134,5.040268,49.671441,2
25135,5.04631,49.68344,2
25136,5.040254,49.671442,2
25137,5.039426,49.671496,2
25138,5.04359,49.67284,2
25139,5.0441,49.6745,2
25140,5.039385,49.671506,2
25141,5.04442,49.67737,2
25142,5.039426,49.671496,2
25143,5.04442,49.67737,2
25144,5.040122,49.67131,2
25145,5.04462,49.67879,2
25146,5.040026,49.671321,2
25147,5.04562,49.682,2
25148,5.040026,49.671321,2
25149,5.04645,49.68348,2
25150,5.040012,49.671321,2
25151,5.04691,49.68397,2
25152,5.039943,49.671323,2
25153,5.04691,49.68397,2
25154,5.039929,49.671323,2
25155,5.04691,49.68397,2
25156,5.039929,49.671323,2
25157,5.04268,49.67073,2
25158,5.04691,49.68397,2
25159,5.04268,49.67073,2
25160,5.04691,49.68397,2
25161,5.039253,49.671365,2
25162,5.04691,49.68397,2
25163,5.039184,49.671367,2
25164,5.04691,49.68397,2
25165,5.04691,49.68397,2
25166,5.039184,49.671367,2
25167,5.0395,49.68388,2
25168,5.039087,49.671378,2
25169,5.034982,49.686161,2
25170,5.039032,49.671379,2
25171,5.033979,49.671644,2
25172,5.03662,49.68506,2
25173,5.039032,49.671379,2
25174,5.04778,49.67,2
25175,5.04221,49.67298,2
25176,5.03662,49.68506,2
25177,5.03819,49.671425,2
25178,5.03662,49.68506,2
25179,5.03819,49.671425,2
25180,5.04064,49.67746,2
25181,5.03819,49.671425,2
25182,5.04157,49.67573,2
25183,5.03819,49.671425,2
25184,5.04256,49.67094,2
25185,5.04111,49.6766,2
25186,5.038149,49.671435,2
25187,5.04157,49.67573,2
25188,5.044566,49.678857,2
25189,5.04259,49.67072,2
25190,5.04168,49.67482,2
25191,5.038163,49.671434,2
25192,5.04259,49.67072,2
25193,5.04173,49.67429,2
25194,5.038163,49.671434,2
25195,5.04259,49.67072,2
25196,5.038129,49.671588,2
25197,5.04174,49.67414,2
25198,5.04181,49.67415,2
25199,5.038129,49.671588,2
25200,5.04181,49.67415,2
25201,5.037576,49.671591,2
25202,5.040026,49.671321,2
25203,5.04181,49.67415,2
25204,5.037301,49.671642,2
25205,5.04181,49.67415,2
25206,5.037301,49.671642,2
25207,5.04346,49.66869,2
25208,5.04181,49.67415,2
25209,5.043807,49.66899,2
25210,5.04181,49.67415,2
25211,5.04268,49.67073,2
25212,5.04181,49.67415,2
25213,5.036209,49.671667,2
25214,5.04181,49.67415,2
25215,5.031386,49.671846,2
25216,5.04181,49.67415,2
25217,5.033807,49.67181,2
25218,5.04221,49.67298,2
25219,5.033312,49.671875,2
25220,5.04181,49.67415,2
25221,5.04181,49.67415,2
25222,5.032836,49.671769,2
25223,5.031386,49.671846,2
25224,5.04181,49.67415,2
25225,5.031386,49.671846,2
25226,5.033374,49.671739,2
25227,5.042364,49.671296,2
25228,5.030944,49.671865,2
25229,5.042364,49.671296,2
25230,5.03782,49.67054,2
25231,5.0378,49.67035,2
25232,5.04181,49.67415,2
25233,5.03763,49.67045,2
25234,5.03644,49.67045,2
25235,5.042364,49.671296,2
25236,5.031,49.66958,2
25237,5.04181,49.67415,2
25238,5.0364,49.67032,2
25239,5.04181,49.67415,2
25240,5.03763,49.67014,2
25241,5.0377,49.67045,2
25242,5.043037,49.671182,2
25243,5.0377,49.67045,2
25244,5.04181,49.67415,2
25245,5.0377,49.67045,2
25246,5.04181,49.67415,2
25247,5.04181,49.67415,2
25248,5.0377,49.67045,2
25249,5.04181,49.67415,2
25250,5.03826,49.66929,2
25251,5.04775,49.67016,2
25252,5.04181,49.67415,2
25253,5.04181,49.67415,2
25254,5.03839,49.66818,2
25255,5.042906,49.671328,2
25256,5.04261,49.67161,2
25257,5.03826,49.66908,2
25258,5.04239,49.673,2
25259,5.03894,49.66888,2
25260,5.04181,49.67415,2
25261,5.03839,49.66818,2
25262,5.04462,49.67879,2
25263,5.04181,49.67415,2
25264,5.04181,49.67415,2
25265,5.03826,49.66888,2
25266,5.04181,49.67415,2
25267,5.03839,49.66818,2
25268,5.04181,49.67415,2
25269,5.04194,49.67395,2
25270,5.03826,49.66868,2
25271,5.04194,49.67399,2
25272,5.03828,49.66837,2
25273,5.04193,49.67404,2
25274,5.03839,49.66818,2
25275,5.036587,49.671218,2
25276,5.0383,49.66798,2
25277,5.04193,49.67408,2
25278,5.03847,49.66812,2
25279,5.04192,49.67413,2
25280,5.03872,49.66933,2
25281,5.04192,49.67417,2
25282,5.04099,49.66953,2
25283,5.04192,49.67422,2
25284,5.04191,49.67426,2
25285,5.04099,49.66953,2
25286,5.04191,49.67431,2
25287,5.04099,49.66953,2
25288,5.043833,49.678874,2
25289,5.0419,49.67435,2
25290,5.04099,49.66953,2
25291,5.04188,49.67458,2
25292,5.04099,49.66953,2
25293,5.04181,49.67415,2
25294,5.03847,49.66944,2
25295,5.04186,49.67499,2
25296,5.03872,49.66944,2
25297,5.04186,49.67541,2
25298,5.03896,49.66944,2
25299,5.0413,49.67659,2
25300,5.03898,49.66929,2
25301,5.0426,49.66965,2
25302,5.04172,49.67581,2
25303,5.03896,49.66909,2
25304,5.04151,49.6762,2
25305,5.03892,49.66868,2
25306,4.582375,49.531479,2
25307,4.58077,49.52273,2
25308,4.569308,49.546825,2
25309,4.57052,49.54499,2
25310,4.57052,49.54499,2
25311,4.5695,49.545852,2
25312,4.580138,49.53179,2
25313,4.580182,49.531528,2
25314,4.580192,49.531456,2
25315,4.58053,49.53054,2
25316,4.580631,49.530433,2
25317,4.58083,49.53024,2
25318,4.58151,49.53045,2
25319,4.58151,49.53045,2
25320,4.58151,49.53045,2
25321,4.58428,49.52585,2
25322,4.581848,49.530806,2
25323,4.58043,49.52762,2
25324,4.58177,49.53058,2
25325,4.58151,49.53045,2
25326,4.596062,49.541611,2
25327,4.58177,49.53058,2
25328,4.5806,49.53054,2
25329,4.58095,49.52982,2
25330,4.58092,49.52968,2
25331,4.580697,49.529416,2
25332,4.58085,49.52941,2
25333,4.58075,49.52972,2
25334,4.58081,49.52927,2
25335,4.58066,49.52938,2
25336,4.580561,49.528853,2
25337,4.58074,49.52899,2
25338,4.581246,49.527474,2
25339,4.5807,49.52885,2
25340,4.58047,49.5287,2
25341,4.58066,49.52871,2
25342,4.58062,49.52858,2
25343,4.58001,49.52871,2
25344,4.57919,49.52925,2
25345,4.57969,49.52906,2
25346,4.5804,49.52849,2
25347,4.58035,49.52839,2
25348,4.58029,49.52829,2
25349,4.58024,49.52819,2
25350,4.58044,49.5282,2
25351,4.58033,49.52801,2
25352,4.58022,49.52781,2
25353,4.58013,49.528,2
25354,4.58008,49.5279,2
25355,4.58002,49.5278,2
25356,4.58019,49.52809,2
25357,4.57981,49.52777,2
25358,4.57398,49.52751,2
25359,4.57398,49.52751,2
25360,4.57894,49.52774,2
25361,4.57876,49.52779,2
25362,4.57854,49.52786,2
25363,4.57832,49.52792,2
25364,4.5781,49.52799,2
25365,4.57788,49.52806,2
25366,4.57766,49.52812,2
25367,4.57745,49.52819,2
25368,4.57722,49.52823,2
25369,4.57699,49.52819,2
25370,4.57676,49.52814,2
25371,4.57631,49.52804,2
25372,4.57696,49.52806,2
25373,4.58047,49.52759,2
25374,4.57398,49.52751,2
25375,4.57801,49.52789,2
25376,4.57847,49.52721,2
25377,4.57862,49.52714,2
25378,4.57398,49.52751,2
25379,4.57398,49.52751,2
25380,4.57951,49.52759,2
25381,4.57971,49.52745,2
25382,4.58022,49.52781,2
25383,4.58242,49.52725,2
25384,4.58045,49.52767,2
25385,4.57998,49.52737,2
25386,4.58043,49.52762,2
25387,4.58059,49.52743,2
25388,4.58242,49.52725,2
25389,4.5781,49.52799,2
25390,4.58085,49.52724,2
25391,4.58093,49.52683,2
25392,4.581,49.52642,2
25393,4.58105,49.52715,2
25394,4.58109,49.52695,2
25395,4.58113,49.52674,2
25396,4.58116,49.52654,2
25397,4.5812,49.52634,2
25398,4.58124,49.52613,2
25399,4.58128,49.52593,2
25400,4.58114,49.52547,2
25401,4.58132,49.52547,2
25402,4.58428,49.52585,2
25403,4.58428,49.52585,2
25404,4.58428,49.52585,2
25405,4.580986,49.527506,2
25406,4.58242,49.52725,2
25407,4.58242,49.52725,2
25408,4.58242,49.52725,2
25409,4.58242,49.52725,2
25410,4.58242,49.52725,2
25411,4.58242,49.52725,2
25412,4.58242,49.52725,2
25413,4.58242,49.52725,2
25414,4.58242,49.52725,2
25415,4.58242,49.52725,2
25416,4.58242,49.52725,2
25417,4.58242,49.52725,2
25418,4.58242,49.52725,2
25419,4.58242,49.52725,2
25420,4.58242,49.52725,2
25421,4.568633,49.525354,2
25422,4.58242,49.52725,2
25423,4.58242,49.52725,2
25424,4.58242,49.52725,2
25425,4.58273,49.52716,2
25426,4.58279,49.52727,2
25427,4.585,49.5268,2
25428,4.58587,49.52584,2
25429,4.58616,49.52564,2
25430,4.58645,49.52543,2
25431,4.58622,49.52548,2
25432,4.58622,49.52548,2
25433,4.58279,49.52727,2
25434,4.58517,49.5264,2
25435,4.58498,49.52692,2
25436,4.58589,49.52697,2
25437,4.5868,49.52703,2
25438,4.58745,49.52707,2
25439,4.58591,49.52686,2
25440,4.58682,49.52691,2
25441,4.58784,49.5271,2
25442,4.5775,49.52805,2
25443,4.58747,49.52696,2
25444,4.58786,49.52698,2
25445,4.58242,49.52725,2
25446,4.58242,49.52725,2
25447,4.58151,49.53045,2
25448,4.58151,49.53045,2
25449,4.58151,49.53045,2
25450,4.58151,49.53045,2
25451,4.57052,49.54499,2
25452,4.57052,49.54499,2
25453,4.57052,49.54499,2
25454,4.57052,49.54499,2
25455,4.58151,49.53045,2
25456,4.58057,49.52904,2
25457,4.57894,49.52747,2
25458,4.57819,49.52685,2
25459,4.57398,49.52751,2
25460,4.58242,49.52725,2
25461,4.58044,49.5282,2
25462,4.58426,49.52581,2
25463,4.58242,49.52725,2
25464,4.581436,49.532107,2
25465,4.57853,49.52773,2
25466,4.58151,49.53045,2
25467,4.57894,49.52747,2
25468,4.57961,49.52902,2
25469,4.51473,49.60796,2
25470,4.51473,49.60796,2
25471,4.51473,49.60796,2
25472,4.51166,49.60773,2
25473,4.50707,49.60765,2
25474,4.50798,49.6063,2
25475,4.50469,49.60687,2
25476,4.50469,49.60687,2
25477,4.50835,49.60632,2
25478,4.51083,49.6056,2
25479,4.51166,49.60773,2
25480,4.50713,49.60279,2
25481,4.50731,49.60278,2
25482,4.51083,49.6056,2
25483,4.51083,49.6056,2
25484,4.502678,49.606808,2
25485,4.5098,49.60429,2
25486,4.51083,49.6056,2
25487,4.51083,49.6056,2
25488,4.5141,49.60724,2
25489,4.51083,49.6056,2
25490,4.51083,49.6056,2
25491,4.51083,49.6056,2
25492,4.509819,49.604057,2
25493,4.51083,49.6056,2
25494,4.5098,49.60429,2
25495,4.51083,49.6056,2
25496,4.50798,49.6063,2
25497,4.5027,49.6079,2
25498,4.51083,49.6056,2
25499,4.5027,49.6079,2
25500,4.51083,49.6056,2
25501,4.51083,49.6056,2
25502,4.51083,49.6056,2
25503,4.51083,49.6056,2
25504,4.51083,49.6056,2
25505,4.51191,49.60628,2
25506,4.51191,49.60628,2
25507,4.51191,49.60628,2
25508,4.51191,49.60628,2
25509,4.51166,49.60773,2
25510,4.51166,49.60773,2
25511,4.51166,49.60773,2
25512,4.51044,49.60874,2
25513,4.51166,49.60773,2
25514,4.51166,49.60773,2
25515,4.51166,49.60773,2
25516,4.51166,49.60773,2
25517,4.51166,49.60773,2
25518,4.51166,49.60773,2
25519,4.51166,49.60773,2
25520,4.51166,49.60773,2
25521,4.51166,49.60773,2
25522,4.50781,49.60863,2
25523,4.5027,49.6079,2
25524,4.50798,49.6063,2
25525,4.5027,49.6079,2
25526,4.5027,49.6079,2
25527,4.5027,49.6079,2
25528,4.5027,49.6079,2
25529,4.50469,49.60687,2
25530,4.50469,49.60687,2
25531,4.50469,49.60687,2
25532,4.50469,49.60687,2
25533,4.50469,49.60687,2
25534,4.50469,49.60687,2
25535,4.50469,49.60687,2
25536,4.50469,49.60687,2
25537,4.50469,49.60687,2
25538,4.50469,49.60687,2
25539,4.50469,49.60687,2
25540,4.50469,49.60687,2
25541,4.50469,49.60687,2
25542,4.50469,49.60687,2
25543,4.50469,49.60687,2
25544,4.50826,49.60622,2
25545,4.50707,49.60765,2
25546,4.50707,49.60765,2
25547,4.50707,49.60765,2
25548,4.50707,49.60765,2
25549,4.50707,49.60765,2
25550,4.50798,49.6063,2
25551,4.50835,49.60632,2
25552,4.51473,49.60796,2
25553,4.514277,49.607777,2
25554,4.51473,49.60796,2
25555,4.511605,49.607682,2
25556,4.51473,49.60796,2
25557,4.51473,49.60796,2
25558,4.51473,49.60796,2
25559,4.51473,49.60796,2
25560,4.51473,49.60796,2
25561,4.50469,49.60687,2
25562,4.51166,49.60773,2
25563,4.50713,49.60279,2
25564,4.51083,49.6056,2
25565,4.5141,49.60724,2
25566,4.51083,49.6056,2
25567,4.51083,49.6056,2
25568,4.51083,49.6056,2
25569,4.51166,49.60773,2
25570,4.50781,49.60863,2
25571,4.51473,49.60796,2
25572,4.51473,49.60796,2
25573,4.51291,49.6065,2
25574,4.51473,49.60796,2
25575,4.51473,49.60796,2
25576,4.51166,49.60773,2
25577,4.5027,49.6079,2
25578,4.5027,49.6079,2
25579,4.50707,49.60765,2
25580,4.5025,49.45322,2
25581,4.50102,49.45171,2
25582,4.50413,49.45412,2
25583,4.5043,49.44532,2
25584,4.50413,49.45412,2
25585,4.5042,49.45021,2
25586,4.505426,49.452365,2
25587,4.5043,49.44532,2
25588,4.5043,49.44532,2
25589,4.5043,49.44532,2
25590,4.5043,49.44532,2
25591,4.5043,49.44532,2
25592,4.5043,49.44532,2
25593,4.50413,49.45412,2
25594,4.50564,49.44848,2
25595,4.5043,49.44532,2
25596,4.5037,49.45271,2
25597,4.5037,49.45271,2
25598,4.50487,49.45427,2
25599,4.5037,49.45271,2
25600,4.5037,49.45271,2
25601,4.5037,49.45271,2
25602,4.5037,49.45271,2
25603,4.5037,49.45271,2
25604,4.5037,49.45271,2
25605,4.50434,49.45307,2
25606,4.5037,49.45271,2
25607,4.50232,49.45207,2
25608,4.50365,49.45278,2
25609,4.50323,49.45246,2
25610,4.50102,49.45171,2
25611,4.50234,49.45147,2
25612,4.50226,49.45123,2
25613,4.50266,49.45072,2
25614,4.50742,49.44819,2
25615,4.49717,49.44675,2
25616,4.50742,49.44819,2
25617,4.49717,49.44675,2
25618,4.502805,49.45004,2
25619,4.505481,49.452373,2
25620,4.505509,49.452372,2
25621,4.50426,49.45044,2
25622,4.50452,49.45066,2
25623,4.505894,49.452356,2
25624,4.50452,49.45066,2
25625,4.5037,49.45271,2
25626,4.50452,49.45066,2
25627,4.50452,49.45066,2
25628,4.50413,49.45412,2
25629,4.505797,49.452349,2
25630,4.50413,49.45412,2
25631,4.50452,49.45066,2
25632,4.503907,49.450343,2
25633,4.50652,49.44687,2
25634,4.51146,49.4495,2
25635,4.50452,49.45066,2
25636,4.50452,49.45066,2
25637,4.50349,49.449938,2
25638,4.49717,49.44675,2
25639,4.50305,49.44892,2
25640,4.50452,49.45066,2
25641,4.50742,49.44819,2
25642,4.50547,49.44942,2
25643,4.50534,49.44835,2
25644,4.50466,49.44896,2
25645,4.5045,49.44881,2
25646,4.50457,49.44863,2
25647,4.50487,49.45074,2
25648,4.505837,49.447748,2
25649,4.508655,49.454733,2
25650,4.505837,49.447748,2
25651,4.51131,49.44942,2
25652,4.50598,49.44768,2
25653,4.5063,49.44746,2
25654,4.50633,49.44667,2
25655,4.49717,49.44675,2
25656,4.50592,49.4462,2
25657,4.502445,49.448698,2
25658,4.50742,49.44819,2
25659,4.503022,49.448984,2
25660,4.50452,49.45066,2
25661,4.50742,49.44819,2
25662,4.50543,49.44946,2
25663,4.50452,49.45066,2
25664,4.50452,49.45066,2
25665,4.50505,49.44822,2
25666,4.50627,49.44575,2
25667,4.50655,49.44435,2
25668,4.5037,49.45271,2
25669,4.50213,49.45183,2
25670,4.50204,49.45172,2
25671,4.5037,49.45271,2
25672,4.50452,49.45066,2
25673,4.50633,49.44667,2
25674,4.502805,49.45004,2
25675,4.504968,49.451313,2
25676,4.50742,49.44819,2
25677,4.50534,49.44835,2
25678,4.50624,49.44761,2
25679,4.50573,49.45044,2
25680,4.50573,49.45044,2
25681,4.506128,49.44714,2
25682,4.507659,49.454643,2
25683,4.50426,49.4529,2
25684,4.5037,49.45271,2
25685,4.50295,49.45249,2
25686,4.5037,49.45271,2
25687,4.5037,49.45271,2
25688,4.5025,49.4511,2
25689,4.50424,49.45058,2
25690,4.504138,49.450609,2
25691,4.50633,49.44667,2
25692,4.50527,49.450328,2
25693,4.508849,49.448574,2
25694,4.5043,49.44532,2
25695,4.50633,49.44667,2
25696,4.50554,49.44783,2
25697,4.503638,49.449198,2
25698,4.504762,49.44809,2
25699,4.50452,49.45066,2
25700,4.50452,49.45066,2
25701,4.50547,49.44942,2
25702,4.50551,49.44936,2
25703,4.504968,49.451313,2
25704,4.50621,49.44566,2
25705,4.50222,49.45217,2
25706,4.50547,49.44942,2
25707,4.49949,49.45102,2
25708,4.5037,49.45271,2
25709,4.503022,49.448984,2
25710,4.5037,49.45271,2
25711,4.50452,49.45066,2
25712,4.50452,49.45066,2
25713,4.50504,49.44793,2
25714,4.50596,49.44858,2
25715,4.50633,49.44667,2
25716,4.50547,49.44833,2
25717,4.50247,49.45075,2
25718,4.5043,49.44532,2
25719,4.59059,49.46157,2
25720,4.58135,49.46134,2
25721,4.57841,49.46187,2
25722,4.58309,49.46109,2
25723,4.58366,49.46108,2
25724,4.58424,49.46107,2
25725,4.5848,49.46108,2
25726,4.58379,49.46096,2
25727,4.58445,49.46095,2
25728,4.5851,49.46099,2
25729,4.58575,49.46107,2
25730,4.58537,49.46114,2
25731,4.58639,49.46115,2
25732,4.58593,49.46121,2
25733,4.58787,49.46137,2
25734,4.58771,49.46129,2
25735,4.58704,49.46122,2
25736,4.58705,49.46134,2
25737,4.5876,49.4614,2
25738,4.58812,49.46144,2
25739,4.58925,49.46222,2
25740,4.58925,49.46222,2
25741,4.58974,49.46153,2
25742,4.59077,49.46185,2
25743,4.59039,49.46153,2
25744,4.5908,49.46146,2
25745,4.59064,49.46161,2
25746,4.59167,49.46121,2
25747,4.59187,49.46088,2
25748,4.59304,49.460902,2
25749,4.59145,49.46065,2
25750,4.59075,49.46069,2
25751,4.59098,49.46036,2
25752,4.59093,49.46092,2
25753,4.59102,49.46112,2
25754,4.59146,49.46073,2
25755,4.59022,49.46074,2
25756,4.58969,49.46079,2
25757,4.58994,49.46018,2
25758,4.58916,49.46084,2
25759,4.58842,49.46135,2
25760,4.58897,49.46119,2
25761,4.58864,49.46148,2
25762,4.58925,49.46222,2
25763,4.58948,49.46162,2
25764,4.58995,49.46166,2
25765,4.59077,49.46185,2
25766,4.59077,49.46185,2
25767,4.59146,49.46073,2
25768,4.55129,49.4439,2
25769,4.5557,49.44414,2
25770,4.55106,49.44383,2
25771,4.55547,49.44211,2
25772,4.55106,49.44383,2
25773,4.55746,49.45437,2
25774,4.56105,49.44571,2
25775,4.562988,49.446355,2
25776,4.56105,49.44571,2
25777,4.56105,49.44571,2
25778,4.55106,49.44383,2
25779,4.56105,49.44571,2
25780,4.56105,49.44571,2
25781,4.56105,49.44571,2
25782,4.56105,49.44571,2
25783,4.56105,49.44571,2
25784,4.56105,49.44571,2
25785,4.56105,49.44571,2
25786,4.55959,49.44529,2
25787,4.55939,49.44537,2
25788,4.55885,49.44524,2
25789,4.55778,49.44456,2
25790,4.55771,49.44458,2
25791,4.55703,49.44446,2
25792,4.556429,49.44449,2
25793,4.5557,49.44414,2
25794,4.5557,49.44414,2
25795,4.55741,49.44465,2
25796,4.55504,49.44397,2
25797,4.55532,49.44417,2
25798,4.55106,49.44383,2
25799,4.55746,49.45437,2
25800,4.55368,49.44381,2
25801,4.55428,49.44391,2
25802,4.55297,49.44382,2
25803,4.55235,49.44379,2
25804,4.55179,49.44372,2
25805,4.55073,49.4437,2
25806,4.54991,49.44383,2
25807,4.55882,49.4451,2
25808,4.55547,49.44211,2
25809,4.55779,49.44416,2
25810,4.55794,49.4443,2
25811,4.55744,49.44389,2
25812,4.55656,49.44356,2
25813,4.55622,49.44359,2
25814,4.55587,49.44349,2
25815,4.55583,49.44331,2
25816,4.55603,49.44314,2
25817,4.55666,49.44335,2
25818,4.5564,49.44316,2
25819,4.55604,49.44302,2
25820,4.5561,49.44286,2
25821,4.5561,49.44286,2
25822,4.55548,49.44201,2
25823,4.55518,49.44157,2
25824,4.55509,49.44173,2
25825,4.55494,49.44151,2
25826,4.55472,49.44107,2
25827,4.55477,49.44039,2
25828,4.56105,49.44571,2
25829,4.568354,49.449311,2
25830,4.566708,49.44918,2
25831,4.55089,49.46025,2
25832,4.55504,49.44397,2
25833,4.55317,49.44393,2
25834,4.55904,49.44517,2
25835,4.55554,49.44238,2
25836,4.55578,49.44244,2
25837,4.55539,49.44217,2
25838,4.55524,49.44195,2
25839,4.55459,49.4404,2
25840,4.55636,49.44431,2
25841,4.56105,49.44571,2
25842,4.56105,49.44571,2
25843,4.71991,49.7541,2
25844,4.71257,49.75265,2
25845,4.71614,49.75484,2
25846,4.72022,49.75327,2
25847,4.71204,49.75478,2
25848,4.71267,49.74202,2
25849,4.70473,49.75157,2
25850,4.70301,49.75501,2
25851,4.71209,49.75377,2
25852,4.71257,49.75265,2
25853,4.71271,49.74157,2
25854,4.72022,49.75327,2
25855,4.71551,49.75191,2
25856,4.71462,49.75076,2
25857,4.70647,49.7536,2
25858,4.71257,49.75265,2
25859,4.70647,49.7536,2
25860,4.70619,49.75168,2
25861,4.705,49.74972,2
25862,4.68627,49.98669,2
25863,4.68627,49.98669,2
25864,4.68895,49.98246,2
25865,4.68765,49.9815,2
25866,4.69088,49.98585,2
25867,4.69107,49.9851,2
25868,4.68895,49.98246,2
25869,4.68895,49.98246,2
25870,4.60365,49.83716,2
25871,4.60495,49.83714,2
25872,4.607516,49.834072,2
25873,4.60984,49.83513,2
25874,4.60984,49.83513,2
25875,4.60984,49.83513,2
25876,4.60348,49.832333,2
25877,4.60184,49.83798,2
25878,4.60205,49.83848,2
25879,4.60205,49.83848,2
25880,4.60236,49.83792,2
25881,4.60218,49.83848,2
25882,4.59989,49.83683,2
25883,4.60032,49.83703,2
25884,4.60757,49.84166,2
25885,4.60517,49.84029,2
25886,4.60248,49.837938,2
25887,4.60292,49.83826,2
25888,4.60356,49.83894,2
25889,4.60356,49.83894,2
25890,4.60356,49.83894,2
25891,4.60356,49.83894,2
25892,4.60497,49.84,2
25893,4.60521,49.83912,2
25894,4.60517,49.84029,2
25895,4.60359,49.83911,2
25896,4.60357,49.8404,2
25897,4.60002,49.84163,2
25898,4.60673,49.83474,2
25899,4.60275,49.83778,2
25900,4.608194,49.833394,2
25901,4.60952,49.8352,2
25902,4.60517,49.84029,2
25903,4.60517,49.84029,2
25904,4.60365,49.83716,2
25905,4.60517,49.84029,2
25906,4.60517,49.84029,2
25907,4.60365,49.83716,2
25908,4.60521,49.83912,2
25909,4.60517,49.84029,2
25910,4.60517,49.84029,2
25911,4.27913,49.90519,2
25912,4.27917,49.90349,2
25913,4.27964,49.90384,2
25914,4.27917,49.90349,2
25915,4.27887,49.90226,2
25916,4.27887,49.90226,2
25917,4.274869,49.90359,2
25918,4.27753,49.9065,2
25919,4.311894,49.906704,2
25920,4.310971,49.906567,2
25921,4.26365,49.914662,2
25922,4.273247,49.91248,2
25923,4.272955,49.914658,2
25924,4.2729,49.91115,2
25925,4.27368,49.90834,2
25926,4.27964,49.90384,2
25927,4.32363,49.89962,2
25928,4.262674,49.914597,2
25929,4.27868,49.90304,2
25930,4.32363,49.89962,2
25931,4.4912,49.55251,2
25932,4.489953,49.553208,2
25933,4.49202,49.55226,2
25934,4.49202,49.55226,2
25935,4.4931,49.55201,2
25936,4.49202,49.55226,2
25937,4.49215,49.55223,2
25938,5.041268,49.684556,2
25939,5.04369,49.67232,2
25940,5.042804,49.662363,2
25941,5.042787,49.662561,2
25942,5.04419,49.6676,2
25943,5.044054,49.669991,2
25944,5.04341,49.66976,2
25945,5.04268,49.67073,2
25946,5.042436,49.662721,2
25947,5.042602,49.662978,2
25948,5.042853,49.663027,2
25949,5.04107,49.67361,2
25950,5.04107,49.67361,2
25951,5.04107,49.67361,2
25952,5.044566,49.678857,2
25953,5.044667,49.665367,2
25954,5.04256,49.67094,2
25955,5.03424,49.66958,2
25956,5.039653,49.671338,2
25957,5.039653,49.671338,2
25958,5.041523,49.671359,2
25959,5.04315,49.66916,2
25960,5.04268,49.67073,2
25961,5.04268,49.67073,2
25962,5.03424,49.66958,2
25963,5.04277,49.66956,2
25964,5.04315,49.66916,2
25965,5.04315,49.66916,2
25966,5.029343,49.673536,2
25967,5.03969,49.66857,2
25968,5.044659,49.66862,2
25969,5.04362,49.66871,2
25970,5.04315,49.66916,2
25971,5.04314,49.66958,2
25972,5.044667,49.665367,2
25973,5.04268,49.67073,2
25974,5.03857,49.67437,2
25975,5.039266,49.67318,2
25976,5.04435,49.6689,2
25977,5.04107,49.67361,2
25978,5.04631,49.68344,2
25979,5.04691,49.68397,2
25980,5.034399,49.68639,2
25981,5.04181,49.67415,2
25982,5.04181,49.67415,2
25983,5.03506,49.66709,2
25984,5.03506,49.66709,2
25985,5.04259,49.66898,2
25986,5.03364,49.66885,2
25987,5.04162,49.66853,2
25988,5.03389,49.66799,2
25989,5.03389,49.66799,2
25990,5.0426,49.66965,2
25991,5.04259,49.66898,2
25992,5.04047,49.66869,2
25993,5.04631,49.68344,2
25994,5.04181,49.67415,2
25995,5.041411,49.662978,2
25996,5.04244,49.66783,2
25997,5.04315,49.66916,2
25998,5.0339,49.6669,2
25999,5.044751,49.664359,2
26000,5.04162,49.66853,2
26001,5.04256,49.67094,2
26002,5.04259,49.67072,2
26003,5.04189,49.6697,2
26004,5.04579,49.66922,2
26005,5.04382,49.66994,2
26006,5.04268,49.67073,2
26007,5.04722,49.67021,2
26008,5.04259,49.67084,2
26009,5.04631,49.68344,2
26010,5.04315,49.66916,2
26011,4.58242,49.52725,2
26012,4.57398,49.52751,2
26013,4.58043,49.52762,2
26014,4.580166,49.528024,2
26015,4.58151,49.53045,2
26016,4.580896,49.527031,2
26017,4.58043,49.52762,2
26018,4.58036,49.52757,2
26019,4.58242,49.52725,2
26020,4.58242,49.52725,2
26021,4.58077,49.52273,2
26022,4.58025,49.52745,2
26023,4.51083,49.6056,2
26024,4.51191,49.60628,2
26025,4.51166,49.60773,2
26026,4.51166,49.60773,2
26027,4.507623,49.608975,2
26028,4.50469,49.60687,2
26029,4.50798,49.6063,2
26030,4.51473,49.60796,2
26031,4.51473,49.60796,2
26032,4.51083,49.6056,2
26033,4.5037,49.45271,2
26034,4.50102,49.45171,2
26035,4.505058,49.453441,2
26036,4.502805,49.45004,2
26037,4.50742,49.44819,2
26038,4.5037,49.45271,2
26039,4.50452,49.4506,2
26040,4.50742,49.44819,2
26041,4.50452,49.45066,2
26042,4.50742,49.44819,2
26043,4.50633,49.44667,2
26044,4.50742,49.44819,2
26045,4.50698,49.4481,2
26046,4.502093,49.448516,2
26047,4.50477,49.452844,2
26048,4.504968,49.451313,2
26049,4.582234,49.46096,2
26050,4.589,49.46068,2
26051,4.58804,49.46137,2
26052,4.58804,49.46137,2
26053,4.55707,49.51338,2
26054,4.582068,49.460963,2
26055,4.55106,49.44383,2
26056,4.55547,49.44211,2
26057,4.55585,49.44281,2
26058,4.55941,49.44532,2
