"ID","Longitude","Latitude","ServiceTime (min)"
0,4.69159,49.69362,2
1,4.69933,49.69927,2
2,4.695691,49.695516,2
3,4.69159,49.69362,2
4,4.69521,49.69493,2
5,4.69159,49.69362,2
6,4.69851,49.69625,2
7,4.69159,49.69362,2
8,4.69159,49.69362,2
9,4.69218,49.69361,2
10,4.69473,49.69452,2
11,4.69442,49.6945,2
12,4.693087,49.694615,2
13,4.69196,49.69359,2
14,4.69297,49.69494,2
15,4.69297,49.69494,2
16,4.69173,49.69357,2
17,4.69479,49.69827,2
18,4.69297,49.69494,2
19,4.69479,49.69827,2
20,4.69151,49.69354,2
21,4.69635,49.69418,2
22,4.695344,49.698794,2
23,4.69557,49.699193,2
24,4.69128,49.69352,2
25,4.695768,49.699576,2
26,4.69046,49.69348,2
27,4.69476,49.69435,2
28,4.69046,49.69348,2
29,4.69479,49.69827,2
30,4.69013,49.69345,2
31,4.6992,49.69155,2
32,4.69159,49.69362,2
33,4.69366,49.69418,2
34,4.68947,49.69341,2
35,4.70206,49.70011,2
36,4.69159,49.69362,2
37,4.69159,49.69362,2
38,4.69297,49.69494,2
39,4.69159,49.69362,2
40,4.69297,49.69494,2
41,4.69297,49.69494,2
42,4.69289,49.69491,2
43,4.69297,49.69494,2
44,4.69297,49.69494,2
45,4.69297,49.69494,2
46,4.69297,49.69494,2
47,4.691876,49.694189,2
48,4.69297,49.69494,2
49,4.69297,49.69494,2
50,4.69297,49.69494,2
51,4.69297,49.69494,2
52,4.69454,49.6942,2
53,4.69454,49.6942,2
54,4.69297,49.69494,2
55,4.69297,49.69494,2
56,4.69297,49.69494,2
57,4.69297,49.69494,2
58,4.69297,49.69494,2
59,4.69297,49.69494,2
60,4.69297,49.69494,2
61,4.69297,49.69494,2
62,4.69297,49.69494,2
63,4.69297,49.69494,2
64,4.689761,49.693979,2
65,4.69297,49.69494,2
66,4.69492,49.69455,2
67,4.69297,49.69494,2
68,4.69492,49.69455,2
69,4.69297,49.69494,2
70,4.69297,49.69494,2
71,4.69297,49.69494,2
72,4.69297,49.69494,2
73,4.69297,49.69494,2
74,4.69297,49.69494,2
75,4.69297,49.69494,2
76,4.69989,49.69779,2
77,4.69297,49.69494,2
78,4.691584,49.694159,2
79,4.69297,49.69494,2
80,4.69297,49.69494,2
81,4.69297,49.69494,2
82,4.69297,49.69494,2
83,4.69297,49.69494,2
84,4.69159,49.69362,2
85,4.704411,49.678689,2
86,4.69767,49.69703,2
87,4.69767,49.69703,2
88,4.69767,49.69703,2
89,4.69397,49.69295,2
90,4.6928,49.69373,2
91,4.6928,49.69373,2
92,4.69687,49.69471,2
93,4.71581,49.69653,2
94,4.69933,49.69927,2
95,4.702439,49.700955,2
96,4.702439,49.700955,2
97,4.70216,49.70097,2
98,4.70216,49.70097,2
99,4.70206,49.70011,2
100,4.69989,49.69779,2
101,4.70194,49.70088,2
102,4.70194,49.70088,2
103,4.69933,49.69927,2
104,4.70206,49.70011,2
105,4.70216,49.70097,2
106,4.70206,49.70011,2
107,4.70206,49.70011,2
108,4.70206,49.70011,2
109,4.70173,49.70079,2
110,4.70206,49.70011,2
111,4.70206,49.70011,2
112,4.70206,49.70011,2
113,4.70206,49.70011,2
114,4.7013,49.70061,2
115,4.69989,49.69779,2
116,4.7013,49.70061,2
117,4.70107,49.70051,2
118,4.70206,49.70011,2
119,4.70206,49.70011,2
120,4.700962,49.698073,2
121,4.70206,49.70011,2
122,4.70088,49.70043,2
123,4.70076,49.70038,2
124,4.700433,49.697724,2
125,4.70077,49.70052,2
126,4.70063,49.70047,2
127,4.70063,49.70047,2
128,4.70007,49.70004,2
129,4.697221,49.696547,2
130,4.697221,49.696547,2
131,4.699115,49.699169,2
132,4.70003,49.69993,2
133,4.70003,49.69993,2
134,4.701471,49.698297,2
135,4.69972,49.699661,2
136,4.69978,49.6997,2
137,4.700462,49.697741,2
138,4.69981,49.69994,2
139,4.69159,49.69362,2
140,4.70054,49.70026,2
141,4.69963,49.69977,2
142,4.69963,49.69977,2
143,4.69948,49.69958,2
144,4.69941,49.69948,2
145,4.69952,49.69937,2
146,4.69945,49.69928,2
147,4.69939,49.6992,2
148,4.69687,49.69471,2
149,4.69932,49.69912,2
150,4.69912,49.69887,2
151,4.69918,49.6992,2
152,4.69911,49.6991,2
153,4.69587,49.69447,2
154,4.69903,49.69901,2
155,4.69587,49.69447,2
156,4.69896,49.69891,2
157,4.69888,49.69882,2
158,4.69881,49.69872,2
159,4.69873,49.69863,2
160,4.69899,49.6987,2
161,4.69933,49.69927,2
162,4.69893,49.69862,2
163,4.69886,49.69853,2
164,4.69867,49.69828,2
165,4.6988,49.69845,2
166,4.69867,49.69828,2
167,4.69867,49.69828,2
168,4.69867,49.69828,2
169,4.69867,49.69828,2
170,4.69866,49.69853,2
171,4.69851,49.69834,2
172,4.69845,49.69826,2
173,4.69839,49.69819,2
174,4.69834,49.69813,2
175,4.70017,49.69744,2
176,4.69319,49.6927,2
177,4.69989,49.69779,2
178,4.6986,49.6982,2
179,4.69845,49.69802,2
180,4.69989,49.69779,2
181,4.69989,49.69779,2
182,4.69824,49.69775,2
183,4.69817,49.69766,2
184,4.6981,49.69757,2
185,4.69803,49.69748,2
186,4.69803,49.69748,2
187,4.69789,49.6973,2
188,4.69774,49.69712,2
189,4.69796,49.69739,2
190,4.69767,49.69703,2
191,4.69767,49.69703,2
192,4.69767,49.69703,2
193,4.69774,49.69712,2
194,4.69782,49.69721,2
195,4.69818,49.69793,2
196,4.69813,49.69786,2
197,4.69808,49.6978,2
198,4.69803,49.69773,2
199,4.69159,49.69362,2
200,4.69797,49.69766,2
201,4.69792,49.6976,2
202,4.69787,49.69753,2
203,4.69782,49.69747,2
204,4.703654,49.701758,2
205,4.69771,49.69733,2
206,4.69766,49.69727,2
207,4.69159,49.69362,2
208,4.69761,49.6972,2
209,4.697619,49.697375,2
210,4.6975,49.69707,2
211,4.69691,49.69726,2
212,4.69691,49.69726,2
213,4.69933,49.69927,2
214,4.69933,49.69927,2
215,4.69933,49.69927,2
216,4.69933,49.69927,2
217,4.69933,49.69927,2
218,4.69933,49.69927,2
219,4.69933,49.69927,2
220,4.69933,49.69927,2
221,4.69444,49.69351,2
222,4.69444,49.69351,2
223,4.69933,49.69927,2
224,4.69444,49.69351,2
225,4.69933,49.69927,2
226,4.69444,49.69351,2
227,4.69933,49.69927,2
228,4.69444,49.69351,2
229,4.69523,49.69436,2
230,4.69933,49.69927,2
231,4.69444,49.69351,2
232,4.69933,49.69927,2
233,4.69444,49.69351,2
234,4.69933,49.69927,2
235,4.69933,49.69927,2
236,4.69933,49.69927,2
237,4.69933,49.69927,2
238,4.69933,49.69927,2
239,4.69933,49.69927,2
240,4.696314,49.696403,2
241,4.69492,49.69455,2
242,4.69663,49.69622,2
243,4.69656,49.69616,2
244,4.69642,49.69603,2
245,4.69642,49.69603,2
246,4.69635,49.69596,2
247,4.69628,49.6959,2
248,4.69933,49.69927,2
249,4.69492,49.69455,2
250,4.69492,49.69455,2
251,4.69492,49.69455,2
252,4.69492,49.69455,2
253,4.69492,49.69455,2
254,4.69677,49.69616,2
255,4.692373,49.696246,2
256,4.6967,49.69609,2
257,4.69663,49.69602,2
258,4.69648,49.69588,2
259,4.69641,49.69582,2
260,4.69633,49.69575,2
261,4.69626,49.69568,2
262,4.69611,49.69554,2
263,4.69604,49.69548,2
264,4.696351,49.696007,2
265,4.69614,49.69577,2
266,4.69621,49.69583,2
267,4.700773,49.700862,2
268,4.700775,49.700907,2
269,4.70108,49.701215,2
270,4.70108,49.701215,2
271,4.701741,49.701436,2
272,4.69444,49.69351,2
273,4.701741,49.701436,2
274,4.701741,49.701436,2
275,4.702418,49.699904,2
276,4.700865,49.701363,2
277,4.700865,49.701363,2
278,4.700865,49.701363,2
279,4.701116,49.701403,2
280,4.700423,49.70139,2
281,4.700492,49.701371,2
282,4.702418,49.699904,2
283,4.700763,49.700961,2
284,4.69933,49.69927,2
285,4.700766,49.701015,2
286,4.700773,49.700862,2
287,4.700546,49.701351,2
288,4.69606,49.6957,2
289,4.69599,49.69564,2
290,4.69592,49.69558,2
291,4.69517,49.69468,2
292,4.69159,49.69362,2
293,4.69578,49.69545,2
294,4.69297,49.69494,2
295,4.69585,49.69551,2
296,4.69596,49.69541,2
297,4.69589,49.69534,2
298,4.69581,49.69527,2
299,4.69566,49.69514,2
300,4.69559,49.69507,2
301,4.6955,49.69519,2
302,4.69543,49.69512,2
303,4.69535,49.69506,2
304,4.69528,49.69499,2
305,4.69514,49.69486,2
306,4.69514,49.69486,2
307,4.69502,49.69475,2
308,4.69535,49.69486,2
309,4.69562,49.69476,2
310,4.69583,49.69483,2
311,4.69572,49.69479,2
312,4.69593,49.69486,2
313,4.69604,49.69489,2
314,4.69625,49.69495,2
315,4.69851,49.69625,2
316,4.703171,49.699108,2
317,4.69851,49.69625,2
318,4.69793,49.69593,2
319,4.69644,49.695,2
320,4.69692,49.69475,2
321,4.69668,49.69487,2
322,4.69989,49.69779,2
323,4.69741,49.69449,2
324,4.69634,49.69513,2
325,4.6966,49.69527,2
326,4.69687,49.6954,2
327,4.69989,49.69741,2
328,4.69563,49.69463,2
329,4.69869,49.69631,2
330,4.702349,49.698702,2
331,4.69906,49.69659,2
332,4.69832,49.69602,2
333,4.69654,49.69509,2
334,4.69943,49.69688,2
335,4.69535,49.6948,2
336,4.69535,49.6948,2
337,4.69576,49.69442,2
338,4.69159,49.69362,2
339,4.69565,49.69437,2
340,4.69555,49.69432,2
341,4.69397,49.69295,2
342,4.69544,49.69427,2
343,4.69523,49.69436,2
344,4.69515,49.69443,2
345,4.69506,49.69449,2
346,4.69498,49.69456,2
347,4.69513,49.69465,2
348,4.6952,49.69472,2
349,4.697227,49.694579,2
350,4.69524,49.69475,2
351,4.69507,49.6948,2
352,4.69496,49.69469,2
353,4.69486,49.6946,2
354,4.6948,49.69456,2
355,4.69475,49.69452,2
356,4.69463,49.69451,2
357,4.69452,49.69451,2
358,4.69421,49.69449,2
359,4.69442,49.6945,2
360,4.69411,49.69448,2
361,4.6928,49.69373,2
362,4.69411,49.69448,2
363,4.69411,49.69448,2
364,4.6939,49.69447,2
365,4.6938,49.69447,2
366,4.69159,49.69362,2
367,4.69297,49.69494,2
368,4.69297,49.69494,2
369,4.69479,49.69827,2
370,4.69479,49.69827,2
371,4.69479,49.69827,2
372,4.69479,49.69827,2
373,4.69479,49.69827,2
374,4.69479,49.69827,2
375,4.69479,49.69827,2
376,4.69479,49.69827,2
377,4.69479,49.69827,2
378,4.69501,49.69715,2
379,4.69479,49.69827,2
380,4.69479,49.69827,2
381,4.695616,49.699291,2
382,4.695616,49.699291,2
383,4.695616,49.699291,2
384,4.69497,49.69451,2
385,4.69505,49.69458,2
386,4.69501,49.69454,2
387,4.69492,49.69448,2
388,4.69488,49.69444,2
389,4.69483,49.6944,2
390,4.6947,49.6943,2
391,4.69479,49.69827,2
392,4.69479,49.69827,2
393,4.69479,49.69827,2
394,4.69444,49.69351,2
395,4.69479,49.69827,2
396,4.69479,49.69827,2
397,4.69479,49.69827,2
398,4.69479,49.69827,2
399,4.69479,49.69827,2
400,4.69479,49.69827,2
401,4.69479,49.69827,2
402,4.69479,49.69827,2
403,4.69297,49.69494,2
404,4.6998,49.69716,2
405,4.69479,49.69827,2
406,4.69479,49.69827,2
407,4.69479,49.69827,2
408,4.69479,49.69827,2
409,4.69479,49.69827,2
410,4.69479,49.69827,2
411,4.69479,49.69827,2
412,4.69479,49.69827,2
413,4.69479,49.69827,2
414,4.703171,49.699108,2
415,4.69479,49.69827,2
416,4.69479,49.69827,2
417,4.69479,49.69827,2
418,4.69479,49.69827,2
419,4.69479,49.69827,2
420,4.69479,49.69827,2
421,4.69479,49.69827,2
422,4.69463,49.69425,2
423,4.69535,49.6948,2
424,4.69454,49.6942,2
425,4.69447,49.69417,2
426,4.69439,49.69413,2
427,4.69431,49.6941,2
428,4.695008,49.694532,2
429,4.69431,49.6941,2
430,4.69423,49.69406,2
431,4.69366,49.69418,2
432,4.6963,49.696412,2
433,4.693913,49.698103,2
434,4.69366,49.69418,2
435,4.69459,49.6944,2
436,4.69479,49.69827,2
437,4.69492,49.69455,2
438,4.69479,49.69827,2
439,4.69431,49.69424,2
440,4.69366,49.69418,2
441,4.69366,49.69418,2
442,4.69431,49.69424,2
443,4.69366,49.69418,2
444,4.69416,49.69403,2
445,4.69408,49.694,2
446,4.694,49.69396,2
447,4.69393,49.69393,2
448,4.69851,49.69625,2
449,4.69378,49.69387,2
450,4.69356,49.69378,2
451,4.69348,49.69371,2
452,4.69368,49.69366,2
453,4.69389,49.69361,2
454,4.69409,49.69356,2
455,4.69546,49.69324,2
456,4.69777,49.6974,2
457,4.69577,49.69312,2
458,4.69515,49.69336,2
459,4.69444,49.69351,2
460,4.69886,49.69853,2
461,4.69437,49.69346,2
462,4.69444,49.69351,2
463,4.69354,49.69144,2
464,4.69397,49.69295,2
465,4.69397,49.69295,2
466,4.69469,49.69338,2
467,4.69465,49.69331,2
468,4.69462,49.69324,2
469,4.69459,49.69317,2
470,4.69649,49.69609,2
471,4.69478,49.69297,2
472,4.69407,49.69314,2
473,4.69469,49.69301,2
474,4.69449,49.69308,2
475,4.69443,49.69309,2
476,4.69436,49.6931,2
477,4.69429,49.69311,2
478,4.69395,49.69317,2
479,4.69392,49.69309,2
480,4.69397,49.69295,2
481,4.69406,49.69294,2
482,4.69444,49.69351,2
483,4.69381,49.69275,2
484,4.69397,49.69295,2
485,4.69392,49.6925,2
486,4.69397,49.69295,2
487,4.69397,49.69295,2
488,4.69159,49.69362,2
489,4.6937,49.69216,2
490,4.69389,49.69301,2
491,4.703794,49.67853,2
492,4.69382,49.69264,2
493,4.69319,49.6927,2
494,4.6937,49.69264,2
495,4.69345,49.69264,2
496,4.69333,49.69264,2
497,4.69319,49.6927,2
498,4.69321,49.69264,2
499,4.69309,49.69264,2
500,4.69297,49.69264,2
501,4.69284,49.69264,2
502,4.69272,49.69264,2
503,4.6926,49.69264,2
504,4.69403,49.69335,2
505,4.69408,49.69343,2
506,4.69392,49.69341,2
507,4.69159,49.69362,2
508,4.69159,49.69362,2
509,4.6928,49.69373,2
510,4.6928,49.69373,2
511,4.69159,49.69362,2
512,4.69159,49.69362,2
513,4.69159,49.69362,2
514,4.69159,49.69362,2
515,4.69159,49.69362,2
516,4.69159,49.69362,2
517,4.69159,49.69362,2
518,4.69159,49.69362,2
519,4.69159,49.69362,2
520,4.69867,49.69828,2
521,4.69159,49.69362,2
522,4.69159,49.69362,2
523,4.69845,49.69802,2
524,4.69159,49.69362,2
525,4.69159,49.69362,2
526,4.69722,49.69658,2
527,4.69933,49.69927,2
528,4.69159,49.69362,2
529,4.69933,49.69927,2
530,4.3001,49.93042,2
531,4.2915,49.94125,2
532,4.289983,49.940799,2
533,4.29079,49.933224,2
534,4.26312,49.921586,2
535,4.27138,49.92566,2
536,4.27138,49.92566,2
537,4.27411,49.92864,2
538,4.27411,49.92864,2
539,4.2677,49.92716,2
540,4.27411,49.92864,2
541,4.27411,49.92864,2
542,4.26785,49.92708,2
543,4.27411,49.92864,2
544,4.27828,49.932,2
545,4.27411,49.92864,2
546,4.27411,49.92864,2
547,4.27411,49.92864,2
548,4.28163,49.93501,2
549,4.28173,49.93482,2
550,4.28167,49.93525,2
551,4.28496,49.92931,2
552,4.28496,49.92931,2
553,4.28135,49.93754,2
554,4.28152,49.93502,2
555,4.28163,49.93501,2
556,4.28135,49.93588,2
557,4.28163,49.93501,2
558,4.28142,49.93657,2
559,4.28142,49.93706,2
560,4.28124,49.93648,2
561,4.28126,49.93803,2
562,4.28163,49.93501,2
563,4.28426,49.93093,2
564,4.28198,49.93372,2
565,4.28163,49.93501,2
566,4.28243,49.93193,2
567,4.28163,49.93501,2
568,4.28674,49.92906,2
569,4.28674,49.92906,2
570,4.285749,49.929488,2
571,4.28574,49.92666,2
572,4.28674,49.92906,2
573,4.28564,49.92683,2
574,4.28593,49.92725,2
575,4.28581,49.92634,2
576,4.28574,49.92666,2
577,4.28592,49.92502,2
578,4.28574,49.92666,2
579,4.28574,49.92666,2
580,4.28674,49.92906,2
581,4.28674,49.92906,2
582,4.28674,49.92906,2
583,4.28674,49.92906,2
584,4.28674,49.92906,2
585,4.28674,49.92906,2
586,4.28674,49.92906,2
587,4.29308,49.92923,2
588,4.28674,49.92906,2
589,4.28674,49.92906,2
590,4.28674,49.92906,2
591,4.28674,49.92906,2
592,4.28674,49.92906,2
593,4.28674,49.92906,2
594,4.28674,49.92906,2
595,4.28674,49.92906,2
596,4.3001,49.93042,2
597,4.297118,49.929916,2
598,4.28674,49.92906,2
599,4.28674,49.92906,2
600,4.28674,49.92906,2
601,4.28496,49.92931,2
602,4.28674,49.92906,2
603,4.300112,49.935364,2
604,4.28674,49.92906,2
605,4.299165,49.940759,2
606,4.30024,49.94402,2
607,4.300105,49.943456,2
608,4.300092,49.945629,2
609,4.30032,49.94531,2
610,4.29095,49.94101,2
611,4.28922,49.94074,2
612,4.29036,49.941,2
613,4.29264,49.9415,2
614,4.288318,49.937323,2
615,4.294861,49.938125,2
616,4.294425,49.937629,2
617,4.293377,49.936434,2
618,4.29245,49.935119,2
619,4.294425,49.937629,2
620,4.291979,49.934453,2
621,4.29079,49.933224,2
622,4.292229,49.934818,2
623,4.275902,49.9259,2
624,4.277119,49.926447,2
625,4.27744,49.92471,2
626,4.27744,49.92471,2
627,4.27744,49.92471,2
628,4.27744,49.92471,2
629,4.27744,49.92471,2
630,4.27744,49.92471,2
631,4.30032,49.94531,2
632,4.28496,49.92931,2
633,4.300145,49.948808,2
634,4.303293,49.946727,2
635,4.303926,49.947256,2
636,4.305051,49.94828,2
637,4.30028,49.94354,2
638,4.302849,49.944974,2
639,4.300105,49.943456,2
640,4.28674,49.92906,2
641,4.28674,49.92906,2
642,4.28674,49.92906,2
643,4.28674,49.92906,2
644,4.28674,49.92906,2
645,4.28478,49.9305,2
646,4.28163,49.93501,2
647,4.28152,49.93502,2
648,4.28163,49.93501,2
649,4.291102,49.933731,2
650,4.291162,49.928791,2
651,4.28135,49.93754,2
652,4.28135,49.93588,2
653,4.27744,49.92471,2
654,4.28674,49.92906,2
655,4.27411,49.92864,2
656,4.28674,49.92906,2
657,4.7207,49.76664,2
658,4.7207,49.76664,2
659,4.7208,49.76667,2
660,4.7208,49.76667,2
661,4.72091,49.76669,2
662,4.72091,49.76669,2
663,4.72091,49.76669,2
664,4.72091,49.76669,2
665,4.72101,49.76672,2
666,4.72101,49.76672,2
667,4.72101,49.76672,2
668,4.72101,49.76672,2
669,4.72101,49.76672,2
670,4.72133,49.76681,2
671,4.71901,49.76664,2
672,4.71901,49.76664,2
673,4.72164,49.76689,2
674,4.72164,49.76689,2
675,4.72164,49.76689,2
676,4.72164,49.76689,2
677,4.72164,49.76689,2
678,4.71722,49.76761,2
679,4.72164,49.76689,2
680,4.71636,49.7677,2
681,4.72164,49.76689,2
682,4.71636,49.7677,2
683,4.72164,49.76689,2
684,4.71661,49.76777,2
685,4.72174,49.76692,2
686,4.71677,49.76769,2
687,4.71724,49.76745,2
688,4.72278,49.76723,2
689,4.71755,49.7673,2
690,4.72278,49.76723,2
691,4.71851,49.76685,2
692,4.71914,49.76918,2
693,4.7212,49.7669,2
694,4.71835,49.76692,2
695,4.71914,49.76918,2
696,4.7212,49.7669,2
697,4.71868,49.76678,2
698,4.71953,49.76945,2
699,4.7212,49.7669,2
700,4.71953,49.76945,2
701,4.72134,49.76694,2
702,4.71884,49.76671,2
703,4.72162,49.76701,2
704,4.72162,49.76701,2
705,4.72148,49.76697,2
706,4.71901,49.76664,2
707,4.72162,49.76701,2
708,4.71901,49.76664,2
709,4.72162,49.76701,2
710,4.72148,49.76697,2
711,4.71706,49.76769,2
712,4.72162,49.76701,2
713,4.71722,49.76761,2
714,4.72148,49.76697,2
715,4.72196,49.7671,2
716,4.71756,49.76744,2
717,4.71756,49.76744,2
718,4.71739,49.76752,2
719,4.71739,49.76752,2
720,4.71739,49.76752,2
721,4.7227,49.76733,2
722,4.71822,49.76711,2
723,4.71805,49.76719,2
724,4.7227,49.76733,2
725,4.71893,49.76681,2
726,4.7191,49.76674,2
727,4.72122,49.76685,2
728,4.7191,49.76674,2
729,4.71944,49.76694,2
730,4.71944,49.76694,2
731,4.7227,49.76733,2
732,4.71944,49.76694,2
733,4.72122,49.76685,2
734,4.71935,49.76679,2
735,4.71935,49.76679,2
736,4.72122,49.76685,2
737,4.71935,49.76679,2
738,4.71935,49.76679,2
739,4.7227,49.76733,2
740,4.71935,49.76679,2
741,4.71918,49.76723,2
742,4.7227,49.76733,2
743,4.71918,49.76737,2
744,4.7217,49.76699,2
745,4.71916,49.76806,2
746,4.72118,49.76717,2
747,4.71916,49.76834,2
748,4.72118,49.76717,2
749,4.72118,49.76717,2
750,4.71916,49.76834,2
751,4.72118,49.76717,2
752,4.71915,49.7689,2
753,4.72118,49.76717,2
754,4.71914,49.76904,2
755,4.71914,49.76918,2
756,4.72067,49.76736,2
757,4.71914,49.76932,2
758,4.72067,49.76736,2
759,4.71914,49.76946,2
760,4.72067,49.76736,2
761,4.71914,49.76946,2
762,4.72067,49.76736,2
763,4.71915,49.76974,2
764,4.72067,49.76736,2
765,4.71915,49.76974,2
766,4.72067,49.76736,2
767,4.71916,49.76989,2
768,4.72041,49.76745,2
769,4.71916,49.76989,2
770,4.71916,49.76989,2
771,4.72015,49.76754,2
772,4.71917,49.77017,2
773,4.72015,49.76754,2
774,4.72015,49.76754,2
775,4.71917,49.77017,2
776,4.72015,49.76754,2
777,4.72015,49.76754,2
778,4.71917,49.77017,2
779,4.72015,49.76754,2
780,4.7199,49.76763,2
781,4.71958,49.76838,2
782,4.71963,49.76771,2
783,4.71963,49.76771,2
784,4.7195,49.77047,2
785,4.71963,49.76771,2
786,4.71963,49.76771,2
787,4.71952,49.77043,2
788,4.71963,49.76771,2
789,4.71963,49.76771,2
790,4.71964,49.76783,2
791,4.72018,49.76766,2
792,4.71739,49.76737,2
793,4.72018,49.76766,2
794,4.71739,49.76737,2
795,4.72018,49.76766,2
796,4.71739,49.76737,2
797,4.72018,49.76766,2
798,4.71953,49.77036,2
799,4.72018,49.76766,2
800,4.72044,49.76757,2
801,4.71953,49.77004,2
802,4.71953,49.77004,2
803,4.71991,49.76776,2
804,4.71991,49.76776,2
805,4.71991,49.76776,2
806,4.71953,49.76997,2
807,4.72044,49.76757,2
808,4.71953,49.7699,2
809,4.71991,49.76776,2
810,4.71991,49.76776,2
811,4.71953,49.7699,2
812,4.71991,49.76776,2
813,4.71953,49.76984,2
814,4.72044,49.76757,2
815,4.71991,49.76776,2
816,4.71953,49.76971,2
817,4.71991,49.76776,2
818,4.72044,49.76757,2
819,4.71953,49.76971,2
820,4.71953,49.76971,2
821,4.71991,49.76776,2
822,4.71991,49.76776,2
823,4.71953,49.76964,2
824,4.71991,49.76776,2
825,4.71991,49.76776,2
826,4.71953,49.76964,2
827,4.72044,49.76757,2
828,4.71953,49.76958,2
829,4.71991,49.76776,2
830,4.72044,49.76757,2
831,4.72044,49.76757,2
832,4.71954,49.76938,2
833,4.71954,49.76938,2
834,4.7207,49.76748,2
835,4.71954,49.76938,2
836,4.71954,49.76925,2
837,4.7207,49.76748,2
838,4.71955,49.76918,2
839,4.71636,49.7677,2
840,4.7207,49.76748,2
841,4.71954,49.76925,2
842,4.71557,49.76609,2
843,4.7207,49.76748,2
844,4.71955,49.76918,2
845,4.7207,49.76748,2
846,4.7207,49.76748,2
847,4.71956,49.76904,2
848,4.7207,49.76748,2
849,4.71956,49.7689,2
850,4.71956,49.76897,2
851,4.7207,49.76748,2
852,4.71956,49.76897,2
853,4.71955,49.76911,2
854,4.7207,49.76748,2
855,4.72253,49.76715,2
856,4.72253,49.76715,2
857,4.71956,49.76904,2
858,4.72162,49.76701,2
859,4.71957,49.7687,2
860,4.72253,49.76715,2
861,4.71981,49.76849,2
862,4.72253,49.76715,2
863,4.72253,49.76715,2
864,4.71543,49.76848,2
865,4.72005,49.76841,2
866,4.71543,49.76848,2
867,4.72253,49.76715,2
868,4.71661,49.76777,2
869,4.72054,49.76829,2
870,4.71916,49.76834,2
871,4.72044,49.76757,2
872,4.71661,49.76777,2
873,4.72253,49.76715,2
874,4.72072,49.76842,2
875,4.72253,49.76715,2
876,4.71661,49.76777,2
877,4.72072,49.76842,2
878,4.72072,49.76842,2
879,4.72253,49.76715,2
880,4.71661,49.76777,2
881,4.72072,49.76842,2
882,4.72253,49.76715,2
883,4.71661,49.76777,2
884,4.72253,49.76715,2
885,4.71958,49.76827,2
886,4.71661,49.76777,2
887,4.71958,49.76805,2
888,4.72253,49.76715,2
889,4.71958,49.76816,2
890,4.71661,49.76777,2
891,4.72253,49.76715,2
892,4.71958,49.76805,2
893,4.71661,49.76777,2
894,4.72253,49.76715,2
895,4.71958,49.76794,2
896,4.72253,49.76715,2
897,4.71661,49.76777,2
898,4.72253,49.76715,2
899,4.71959,49.76761,2
900,4.71677,49.76769,2
901,4.72253,49.76715,2
902,4.71677,49.76769,2
903,4.7196,49.7674,2
904,4.72253,49.76715,2
905,4.71677,49.76769,2
906,4.7196,49.7674,2
907,4.72253,49.76715,2
908,4.71692,49.76761,2
909,4.7196,49.7674,2
910,4.72253,49.76715,2
911,4.71692,49.76761,2
912,4.71962,49.76718,2
913,4.72253,49.76715,2
914,4.71692,49.76761,2
915,4.72253,49.76715,2
916,4.71724,49.76745,2
917,4.71955,49.76911,2
918,4.71692,49.76761,2
919,4.72253,49.76715,2
920,4.71692,49.76761,2
921,4.71962,49.767,2
922,4.72253,49.76715,2
923,4.71708,49.76753,2
924,4.72253,49.76715,2
925,4.71724,49.76745,2
926,4.72079,49.76679,2
927,4.72253,49.76715,2
928,4.72093,49.76683,2
929,4.71724,49.76745,2
930,4.72093,49.76683,2
931,4.72253,49.76715,2
932,4.71724,49.76745,2
933,4.71724,49.76745,2
934,4.72093,49.76683,2
935,4.72253,49.76715,2
936,4.71835,49.76692,2
937,4.71958,49.76838,2
938,4.72093,49.76683,2
939,4.72253,49.76715,2
940,4.71851,49.76685,2
941,4.72093,49.76683,2
942,4.72001,49.76652,2
943,4.72253,49.76715,2
944,4.71835,49.76692,2
945,4.72001,49.76652,2
946,4.72253,49.76715,2
947,4.71835,49.76692,2
948,4.72001,49.76652,2
949,4.72253,49.76715,2
950,4.71835,49.76692,2
951,4.7207,49.76664,2
952,4.72253,49.76715,2
953,4.71868,49.76678,2
954,4.7207,49.76664,2
955,4.72253,49.76715,2
956,4.71868,49.76678,2
957,4.7208,49.76667,2
958,4.72253,49.76715,2
959,4.7208,49.76667,2
960,4.71868,49.76678,2
961,4.72253,49.76715,2
962,4.72091,49.76669,2
963,4.71868,49.76678,2
964,4.72101,49.76672,2
965,4.72253,49.76715,2
966,4.72112,49.76675,2
967,4.71868,49.76678,2
968,4.72253,49.76715,2
969,4.71884,49.76671,2
970,4.72253,49.76715,2
971,4.71901,49.76664,2
972,4.71901,49.76664,2
973,4.72253,49.76715,2
974,4.71917,49.77017,2
975,4.71901,49.76664,2
976,4.72174,49.76692,2
977,4.72253,49.76715,2
978,4.71901,49.76664,2
979,4.71936,49.76636,2
980,4.72278,49.76723,2
981,4.72253,49.76715,2
982,4.71936,49.76636,2
983,4.7212,49.7669,2
984,4.72253,49.76715,2
985,4.72162,49.76701,2
986,4.72176,49.76705,2
987,4.72253,49.76715,2
988,4.71936,49.76636,2
989,4.7227,49.76733,2
990,4.72253,49.76715,2
991,4.71936,49.76636,2
992,4.72253,49.76715,2
993,4.72253,49.76715,2
994,4.71936,49.76636,2
995,4.7227,49.76733,2
996,4.72253,49.76715,2
997,4.71936,49.76636,2
998,4.7217,49.76699,2
999,4.72015,49.76754,2
1000,4.72253,49.76715,2
1001,4.71936,49.76636,2
1002,4.71963,49.76771,2
1003,4.72253,49.76715,2
1004,4.71936,49.76636,2
1005,4.72018,49.76766,2
1006,4.72044,49.76757,2
1007,4.72253,49.76715,2
1008,4.71648,49.76798,2
1009,4.72253,49.76715,2
1010,4.71648,49.76798,2
1011,4.72185,49.76695,2
1012,4.72253,49.76715,2
1013,4.72203,49.76699,2
1014,4.71706,49.76769,2
1015,4.72253,49.76715,2
1016,4.71916,49.76834,2
1017,4.72176,49.7671,2
1018,4.71916,49.76834,2
1019,4.72149,49.76719,2
1020,4.71673,49.76786,2
1021,4.71916,49.76834,2
1022,4.72253,49.76715,2
1023,4.71916,49.76834,2
1024,4.72149,49.76719,2
1025,4.71689,49.76777,2
1026,4.72149,49.76719,2
1027,4.72253,49.76715,2
1028,4.71916,49.76834,2
1029,4.71706,49.76769,2
1030,4.72253,49.76715,2
1031,4.71916,49.76834,2
1032,4.72149,49.76719,2
1033,4.72253,49.76715,2
1034,4.71916,49.76834,2
1035,4.71706,49.76769,2
1036,4.72253,49.76715,2
1037,4.71916,49.76834,2
1038,4.72149,49.76719,2
1039,4.71706,49.76769,2
1040,4.72253,49.76715,2
1041,4.71916,49.76834,2
1042,4.71756,49.76744,2
1043,4.72253,49.76715,2
1044,4.71916,49.76834,2
1045,4.72149,49.76719,2
1046,4.72253,49.76715,2
1047,4.71756,49.76744,2
1048,4.72149,49.76719,2
1049,4.71916,49.76834,2
1050,4.71955,49.76911,2
1051,4.72149,49.76719,2
1052,4.72149,49.76719,2
1053,4.71756,49.76744,2
1054,4.71916,49.76834,2
1055,4.72149,49.76719,2
1056,4.72149,49.76719,2
1057,4.71756,49.76744,2
1058,4.71916,49.76834,2
1059,4.72149,49.76719,2
1060,4.71739,49.76752,2
1061,4.71607,49.76864,2
1062,4.71916,49.76834,2
1063,4.72149,49.76719,2
1064,4.71739,49.76752,2
1065,4.71739,49.76752,2
1066,4.71607,49.76864,2
1067,4.71916,49.76834,2
1068,4.72149,49.76719,2
1069,4.71772,49.76736,2
1070,4.71607,49.76864,2
1071,4.71916,49.76834,2
1072,4.72149,49.76719,2
1073,4.71614,49.76814,2
1074,4.71739,49.76752,2
1075,4.71614,49.76814,2
1076,4.71916,49.76834,2
1077,4.72149,49.76719,2
1078,4.71614,49.76814,2
1079,4.71772,49.76736,2
1080,4.71614,49.76814,2
1081,4.71916,49.76834,2
1082,4.72149,49.76719,2
1083,4.71614,49.76814,2
1084,4.71739,49.76752,2
1085,4.71614,49.76814,2
1086,4.71916,49.76834,2
1087,4.72149,49.76719,2
1088,4.72149,49.76719,2
1089,4.71772,49.76736,2
1090,4.71916,49.76834,2
1091,4.71962,49.76718,2
1092,4.71614,49.76814,2
1093,4.72149,49.76719,2
1094,4.71772,49.76736,2
1095,4.71956,49.76704,2
1096,4.71916,49.76834,2
1097,4.71956,49.76704,2
1098,4.71916,49.76834,2
1099,4.72149,49.76719,2
1100,4.71772,49.76736,2
1101,4.71956,49.76704,2
1102,4.71607,49.76864,2
1103,4.71956,49.76704,2
1104,4.71916,49.76834,2
1105,4.71607,49.76864,2
1106,4.71772,49.76736,2
1107,4.71918,49.76709,2
1108,4.71607,49.76864,2
1109,4.71916,49.76834,2
1110,4.71607,49.76864,2
1111,4.71772,49.76736,2
1112,4.71875,49.76688,2
1113,4.71607,49.76864,2
1114,4.71918,49.76695,2
1115,4.71901,49.76664,2
1116,4.71916,49.76834,2
1117,4.71607,49.76864,2
1118,4.71772,49.76736,2
1119,4.72322,49.76813,2
1120,4.71607,49.76864,2
1121,4.71916,49.76834,2
1122,4.71607,49.76864,2
1123,4.71822,49.76711,2
1124,4.72322,49.76813,2
1125,4.71607,49.76864,2
1126,4.72322,49.76813,2
1127,4.71916,49.76834,2
1128,4.71607,49.76864,2
1129,4.71805,49.76719,2
1130,4.72322,49.76813,2
1131,4.71607,49.76864,2
1132,4.71916,49.76834,2
1133,4.71607,49.76864,2
1134,4.71772,49.76736,2
1135,4.72322,49.76813,2
1136,4.71607,49.76864,2
1137,4.72322,49.76813,2
1138,4.71916,49.76834,2
1139,4.71607,49.76864,2
1140,4.71772,49.76736,2
1141,4.72322,49.76813,2
1142,4.71607,49.76864,2
1143,4.72322,49.76813,2
1144,4.71916,49.76834,2
1145,4.71607,49.76864,2
1146,4.71822,49.76711,2
1147,4.72322,49.76813,2
1148,4.71607,49.76864,2
1149,4.72322,49.76813,2
1150,4.71607,49.76864,2
1151,4.71822,49.76711,2
1152,4.71607,49.76864,2
1153,4.7232,49.76715,2
1154,4.71607,49.76864,2
1155,4.71822,49.76711,2
1156,4.71607,49.76864,2
1157,4.71614,49.76814,2
1158,4.71772,49.76736,2
1159,4.71914,49.76918,2
1160,4.71956,49.76704,2
1161,4.71805,49.76719,2
1162,4.71956,49.76704,2
1163,4.71805,49.76719,2
1164,4.71956,49.76704,2
1165,4.71956,49.76704,2
1166,4.71805,49.76719,2
1167,4.71956,49.76704,2
1168,4.71956,49.76704,2
1169,4.71805,49.76719,2
1170,4.71956,49.76704,2
1171,4.71789,49.76727,2
1172,4.71956,49.76704,2
1173,4.71956,49.76704,2
1174,4.71893,49.76681,2
1175,4.71956,49.76704,2
1176,4.71956,49.76704,2
1177,4.71893,49.76681,2
1178,4.71956,49.76704,2
1179,4.71956,49.76704,2
1180,4.71893,49.76681,2
1181,4.71956,49.76704,2
1182,4.71956,49.76704,2
1183,4.7191,49.76674,2
1184,4.71956,49.76704,2
1185,4.7191,49.76674,2
1186,4.71956,49.76704,2
1187,4.71956,49.76704,2
1188,4.7191,49.76674,2
1189,4.7184,49.76703,2
1190,4.71875,49.76688,2
1191,4.7191,49.76674,2
1192,4.71875,49.76688,2
1193,4.71875,49.76688,2
1194,4.71944,49.76694,2
1195,4.71875,49.76688,2
1196,4.71875,49.76688,2
1197,4.71935,49.76679,2
1198,4.71875,49.76688,2
1199,4.71875,49.76688,2
1200,4.71935,49.76679,2
1201,4.71875,49.76688,2
1202,4.71875,49.76688,2
1203,4.71935,49.76679,2
1204,4.71875,49.76688,2
1205,4.71875,49.76688,2
1206,4.71935,49.76679,2
1207,4.71875,49.76688,2
1208,4.71955,49.76911,2
1209,4.71875,49.76688,2
1210,4.71875,49.76688,2
1211,4.71918,49.76737,2
1212,4.71875,49.76688,2
1213,4.71875,49.76688,2
1214,4.71918,49.76723,2
1215,4.71875,49.76688,2
1216,4.71722,49.76761,2
1217,4.71875,49.76688,2
1218,4.71918,49.76723,2
1219,4.71722,49.76761,2
1220,4.71875,49.76688,2
1221,4.71722,49.76761,2
1222,4.71875,49.76688,2
1223,4.71722,49.76761,2
1224,4.71875,49.76688,2
1225,4.71918,49.76723,2
1226,4.71875,49.76688,2
1227,4.71875,49.76688,2
1228,4.71918,49.76737,2
1229,4.71914,49.76918,2
1230,4.71875,49.76688,2
1231,4.71918,49.76737,2
1232,4.71875,49.76688,2
1233,4.71918,49.76737,2
1234,4.71875,49.76688,2
1235,4.71875,49.76688,2
1236,4.71918,49.76737,2
1237,4.71875,49.76688,2
1238,4.71875,49.76688,2
1239,4.71917,49.76751,2
1240,4.71875,49.76688,2
1241,4.71875,49.76688,2
1242,4.71916,49.76806,2
1243,4.71875,49.76688,2
1244,4.7208,49.76667,2
1245,4.71875,49.76688,2
1246,4.71875,49.76688,2
1247,4.71918,49.76695,2
1248,4.71916,49.76806,2
1249,4.71918,49.76695,2
1250,4.71918,49.76695,2
1251,4.71916,49.76806,2
1252,4.71918,49.76695,2
1253,4.71918,49.76695,2
1254,4.71916,49.76806,2
1255,4.71918,49.76695,2
1256,4.71918,49.76695,2
1257,4.71916,49.7682,2
1258,4.71918,49.76695,2
1259,4.71918,49.76695,2
1260,4.71916,49.7682,2
1261,4.71918,49.76695,2
1262,4.71918,49.76695,2
1263,4.71916,49.7682,2
1264,4.71918,49.76695,2
1265,4.71918,49.76695,2
1266,4.71916,49.7682,2
1267,4.71918,49.76695,2
1268,4.71918,49.76695,2
1269,4.71915,49.76848,2
1270,4.71918,49.76695,2
1271,4.71914,49.76946,2
1272,4.71918,49.76695,2
1273,4.71914,49.76946,2
1274,4.71918,49.76695,2
1275,4.71918,49.76695,2
1276,4.71914,49.76946,2
1277,4.71918,49.76695,2
1278,4.71918,49.76695,2
1279,4.71914,49.76946,2
1280,4.71918,49.76695,2
1281,4.71918,49.76695,2
1282,4.7212,49.7669,2
1283,4.71918,49.76695,2
1284,4.71916,49.76989,2
1285,4.71958,49.76838,2
1286,4.71918,49.76695,2
1287,4.71918,49.76695,2
1288,4.71916,49.76989,2
1289,4.71918,49.76695,2
1290,4.71918,49.76695,2
1291,4.71916,49.76989,2
1292,4.71918,49.76695,2
1293,4.71918,49.76695,2
1294,4.71917,49.77003,2
1295,4.71918,49.76695,2
1296,4.71917,49.77017,2
1297,4.71918,49.76695,2
1298,4.71918,49.76695,2
1299,4.71918,49.76695,2
1300,4.71953,49.77036,2
1301,4.71918,49.76695,2
1302,4.72322,49.76813,2
1303,4.71953,49.77036,2
1304,4.72322,49.76813,2
1305,4.71953,49.77036,2
1306,4.72322,49.76813,2
1307,4.71953,49.77036,2
1308,4.72322,49.76813,2
1309,4.71953,49.77036,2
1310,4.72322,49.76813,2
1311,4.71953,49.77036,2
1312,4.72322,49.76813,2
1313,4.71953,49.77036,2
1314,4.72322,49.76813,2
1315,4.71953,49.77036,2
1316,4.72322,49.76813,2
1317,4.72322,49.76813,2
1318,4.71953,49.77036,2
1319,4.72322,49.76813,2
1320,4.72322,49.76813,2
1321,4.71956,49.76904,2
1322,4.72322,49.76813,2
1323,4.71724,49.76745,2
1324,4.72322,49.76813,2
1325,4.71724,49.76745,2
1326,4.72322,49.76813,2
1327,4.71739,49.76737,2
1328,4.72322,49.76813,2
1329,4.71739,49.76737,2
1330,4.72322,49.76813,2
1331,4.71739,49.76737,2
1332,4.72322,49.76813,2
1333,4.71739,49.76737,2
1334,4.71962,49.76692,2
1335,4.72322,49.76813,2
1336,4.71739,49.76737,2
1337,4.72322,49.76813,2
1338,4.71739,49.76737,2
1339,4.72322,49.76813,2
1340,4.71739,49.76737,2
1341,4.72322,49.76813,2
1342,4.71739,49.76737,2
1343,4.72322,49.76813,2
1344,4.71739,49.76737,2
1345,4.72322,49.76813,2
1346,4.71953,49.77036,2
1347,4.72322,49.76813,2
1348,4.71953,49.7701,2
1349,4.71914,49.76918,2
1350,4.72322,49.76813,2
1351,4.72322,49.76813,2
1352,4.71953,49.7701,2
1353,4.72322,49.76813,2
1354,4.72322,49.76813,2
1355,4.71953,49.77004,2
1356,4.72322,49.76813,2
1357,4.72322,49.76813,2
1358,4.71953,49.77004,2
1359,4.72322,49.76813,2
1360,4.72322,49.76813,2
1361,4.71953,49.77004,2
1362,4.72322,49.76813,2
1363,4.72322,49.76813,2
1364,4.71953,49.77004,2
1365,4.72322,49.76813,2
1366,4.71953,49.76997,2
1367,4.72322,49.76813,2
1368,4.71953,49.77004,2
1369,4.72322,49.76813,2
1370,4.72322,49.76813,2
1371,4.72322,49.76813,2
1372,4.71953,49.77004,2
1373,4.72322,49.76813,2
1374,4.71953,49.77004,2
1375,4.72322,49.76813,2
1376,4.71953,49.77004,2
1377,4.72322,49.76813,2
1378,4.72322,49.76813,2
1379,4.71953,49.7699,2
1380,4.72322,49.76813,2
1381,4.72322,49.76813,2
1382,4.71953,49.77004,2
1383,4.72322,49.76813,2
1384,4.71953,49.7699,2
1385,4.72322,49.76813,2
1386,4.72322,49.76813,2
1387,4.72322,49.76813,2
1388,4.71953,49.7699,2
1389,4.7227,49.76733,2
1390,4.72322,49.76813,2
1391,4.71953,49.7699,2
1392,4.72322,49.76813,2
1393,4.71953,49.7699,2
1394,4.72322,49.76813,2
1395,4.71953,49.76971,2
1396,4.72322,49.76813,2
1397,4.72322,49.76813,2
1398,4.71953,49.76971,2
1399,4.71739,49.76752,2
1400,4.71953,49.76971,2
1401,4.72322,49.76813,2
1402,4.72322,49.76813,2
1403,4.71953,49.76971,2
1404,4.72322,49.76813,2
1405,4.71953,49.76964,2
1406,4.72322,49.76813,2
1407,4.72322,49.76813,2
1408,4.71953,49.76964,2
1409,4.72322,49.76813,2
1410,4.72322,49.76813,2
1411,4.71953,49.76964,2
1412,4.72322,49.76813,2
1413,4.72322,49.76813,2
1414,4.72322,49.76813,2
1415,4.71953,49.76964,2
1416,4.72322,49.76813,2
1417,4.72322,49.76813,2
1418,4.71953,49.76945,2
1419,4.72322,49.76813,2
1420,4.71953,49.76945,2
1421,4.72322,49.76813,2
1422,4.72322,49.76813,2
1423,4.72322,49.76813,2
1424,4.72322,49.76813,2
1425,4.71954,49.76938,2
1426,4.72322,49.76813,2
1427,4.71954,49.76938,2
1428,4.72322,49.76813,2
1429,4.71954,49.76938,2
1430,4.72322,49.76813,2
1431,4.71954,49.76925,2
1432,4.72322,49.76813,2
1433,4.71955,49.76918,2
1434,4.72322,49.76813,2
1435,4.72322,49.76813,2
1436,4.71955,49.76918,2
1437,4.7232,49.76715,2
1438,4.7232,49.76715,2
1439,4.71955,49.76918,2
1440,4.7232,49.76715,2
1441,4.7232,49.76715,2
1442,4.71954,49.76925,2
1443,4.7232,49.76715,2
1444,4.72305,49.7672,2
1445,4.7232,49.76715,2
1446,4.71954,49.76925,2
1447,4.7232,49.76715,2
1448,4.7232,49.76715,2
1449,4.71954,49.76925,2
1450,4.7232,49.76715,2
1451,4.7232,49.76715,2
1452,4.71955,49.76918,2
1453,4.7232,49.76715,2
1454,4.72305,49.7672,2
1455,4.71955,49.76918,2
1456,4.72305,49.7672,2
1457,4.7232,49.76715,2
1458,4.71955,49.76918,2
1459,4.7232,49.76715,2
1460,4.7232,49.76715,2
1461,4.71955,49.76911,2
1462,4.7232,49.76715,2
1463,4.71955,49.76911,2
1464,4.7232,49.76715,2
1465,4.7232,49.76715,2
1466,4.71955,49.76911,2
1467,4.7232,49.76715,2
1468,4.7232,49.76715,2
1469,4.7232,49.76715,2
1470,4.7232,49.76715,2
1471,4.71956,49.76897,2
1472,4.7232,49.76715,2
1473,4.71956,49.76897,2
1474,4.71677,49.76769,2
1475,4.71956,49.76904,2
1476,4.71957,49.7687,2
1477,4.71957,49.7687,2
1478,4.7207,49.76664,2
1479,4.71957,49.7687,2
1480,4.71957,49.7687,2
1481,4.71957,49.7687,2
1482,4.71957,49.7687,2
1483,4.71957,49.7687,2
1484,4.71957,49.7687,2
1485,4.71973,49.76865,2
1486,4.71973,49.76865,2
1487,4.72005,49.76841,2
1488,4.72005,49.76841,2
1489,4.72005,49.76841,2
1490,4.72054,49.76829,2
1491,4.72065,49.76675,2
1492,4.72072,49.76842,2
1493,4.72072,49.76842,2
1494,4.72072,49.76842,2
1495,4.72072,49.76842,2
1496,4.72072,49.76842,2
1497,4.72072,49.76842,2
1498,4.72072,49.76842,2
1499,4.72072,49.76842,2
1500,4.72072,49.76842,2
1501,4.72072,49.76842,2
1502,4.72072,49.76842,2
1503,4.72072,49.76842,2
1504,4.71958,49.76849,2
1505,4.71958,49.76849,2
1506,4.71958,49.76838,2
1507,4.71958,49.76827,2
1508,4.7227,49.76733,2
1509,4.71958,49.76827,2
1510,4.71958,49.76827,2
1511,4.71958,49.76827,2
1512,4.71958,49.76827,2
1513,4.71958,49.76827,2
1514,4.71958,49.76827,2
1515,4.71958,49.76827,2
1516,4.71835,49.76692,2
1517,4.71835,49.76692,2
1518,4.72072,49.76842,2
1519,4.71958,49.76827,2
1520,4.71958,49.76827,2
1521,4.71772,49.76736,2
1522,4.71772,49.76736,2
1523,4.71958,49.76827,2
1524,4.71958,49.76827,2
1525,4.71958,49.76827,2
1526,4.71915,49.76862,2
1527,4.71958,49.76816,2
1528,4.71958,49.76816,2
1529,4.71958,49.76816,2
1530,4.71958,49.76816,2
1531,4.71968,49.77065,2
1532,4.71958,49.76816,2
1533,4.71958,49.76816,2
1534,4.71739,49.76737,2
1535,4.71954,49.76925,2
1536,4.71958,49.76816,2
1537,4.71958,49.76805,2
1538,4.72072,49.76842,2
1539,4.71958,49.76794,2
1540,4.7212,49.7669,2
1541,4.71958,49.76816,2
1542,4.71958,49.76805,2
1543,4.72148,49.76697,2
1544,4.71958,49.76816,2
1545,4.72162,49.76701,2
1546,4.71958,49.76772,2
1547,4.72067,49.76736,2
1548,4.72067,49.76736,2
1549,4.7196,49.7674,2
1550,4.72067,49.76736,2
1551,4.71991,49.76776,2
1552,4.7196,49.7674,2
1553,4.71991,49.76776,2
1554,4.71991,49.76776,2
1555,4.7196,49.7674,2
1556,4.7232,49.76715,2
1557,4.7196,49.7674,2
1558,4.7232,49.76715,2
1559,4.71955,49.76911,2
1560,4.7232,49.76715,2
1561,4.71962,49.76718,2
1562,4.71962,49.76718,2
1563,4.71962,49.76718,2
1564,4.7208,49.76667,2
1565,4.71962,49.767,2
1566,4.71962,49.767,2
1567,4.71957,49.7687,2
1568,4.72093,49.76683,2
1569,4.72093,49.76683,2
1570,4.72093,49.76683,2
1571,4.72093,49.76683,2
1572,4.72093,49.76683,2
1573,4.72093,49.76683,2
1574,4.72093,49.76683,2
1575,4.72001,49.76652,2
1576,4.72001,49.76652,2
1577,4.72001,49.76652,2
1578,4.7207,49.76664,2
1579,4.72043,49.76659,2
1580,4.72056,49.76661,2
1581,4.72056,49.76661,2
1582,4.7207,49.76664,2
1583,4.7207,49.76664,2
1584,4.7227,49.76733,2
1585,4.7207,49.76664,2
1586,4.7207,49.76664,2
1587,4.7207,49.76664,2
1588,4.7207,49.76664,2
1589,4.63934,49.93081,2
1590,4.6396,49.93065,2
1591,4.63871,49.93083,2
1592,4.63835,49.93087,2
1593,4.63799,49.9309,2
1594,4.63972,49.93085,2
1595,4.6396,49.93086,2
1596,4.63948,49.93087,2
1597,4.63935,49.93088,2
1598,4.63923,49.93089,2
1599,4.6391,49.93091,2
1600,4.63898,49.93092,2
1601,4.63879,49.93094,2
1602,4.63851,49.93097,2
1603,4.63824,49.93099,2
1604,4.63797,49.93102,2
1605,4.63791,49.93103,2
1606,4.63613,49.92994,2
1607,4.6365,49.93014,2
1608,4.63638,49.93007,2
1609,4.63638,49.93007,2
1610,4.63638,49.93007,2
1611,4.63638,49.93007,2
1612,4.63638,49.93007,2
1613,4.63638,49.93007,2
1614,4.63614,49.93009,2
1615,4.63626,49.93,2
1616,4.63601,49.93003,2
1617,4.63585,49.92971,2
1618,4.63561,49.93023,2
1619,4.63511,49.93032,2
1620,4.63538,49.93036,2
1621,4.63525,49.9304,2
1622,4.63628,49.93017,2
1623,4.63641,49.93024,2
1624,4.63654,49.93032,2
1625,4.63705,49.93061,2
1626,4.63718,49.93069,2
1627,4.63757,49.93091,2
1628,4.63765,49.93151,2
1629,4.63757,49.93091,2
1630,4.6378,49.93104,2
1631,4.63788,49.93108,2
1632,4.63795,49.93112,2
1633,4.63794,49.93109,2
1634,4.63788,49.93115,2
1635,4.63782,49.93121,2
1636,4.63777,49.93128,2
1637,4.63771,49.93134,2
1638,4.63766,49.9314,2
1639,4.6376,49.93146,2
1640,4.63755,49.93152,2
1641,4.63749,49.93158,2
1642,4.63743,49.93165,2
1643,4.63738,49.93171,2
1644,4.63732,49.93177,2
1645,4.63727,49.93183,2
1646,4.63721,49.93189,2
1647,4.63731,49.9319,2
1648,4.63714,49.93181,2
1649,4.63693,49.93169,2
1650,4.63676,49.93159,2
1651,4.63674,49.93158,2
1652,4.63652,49.93146,2
1653,4.63717,49.93198,2
1654,4.63638,49.93138,2
1655,4.63601,49.93132,2
1656,4.63609,49.93121,2
1657,4.63543,49.93098,2
1658,4.6359,49.9311,2
1659,4.63563,49.93094,2
1660,4.63539,49.9308,2
1661,4.6352,49.93069,2
1662,4.63496,49.93055,2
1663,4.63485,49.93065,2
1664,4.63481,49.93062,2
1665,4.63809,49.93193,2
1666,4.63455,49.93046,2
1667,4.63809,49.93193,2
1668,4.63493,49.93054,2
1669,4.63405,49.93,2
1670,4.63448,49.93026,2
1671,4.63393,49.93008,2
1672,4.63361,49.93008,2
1673,4.63287,49.93008,2
1674,4.63487,49.93009,2
1675,4.63736,49.93196,2
1676,4.63739,49.93192,2
1677,4.63522,49.93009,2
1678,4.63743,49.93188,2
1679,4.63746,49.93184,2
1680,4.6375,49.9318,2
1681,4.63753,49.93177,2
1682,4.63757,49.93173,2
1683,4.63761,49.93169,2
1684,4.63764,49.93165,2
1685,4.63768,49.93161,2
1686,4.63771,49.93157,2
1687,4.63775,49.93153,2
1688,4.63778,49.93149,2
1689,4.63782,49.93145,2
1690,4.63785,49.93141,2
1691,4.63789,49.93137,2
1692,4.63792,49.93133,2
1693,4.63799,49.93126,2
1694,4.63803,49.93122,2
1695,4.63807,49.93118,2
1696,4.6381,49.93114,2
1697,4.63855,49.93141,2
1698,4.63851,49.93146,2
1699,4.63846,49.9315,2
1700,4.63846,49.9315,2
1701,4.63852,49.93159,2
1702,4.63842,49.93155,2
1703,4.63838,49.93159,2
1704,4.63833,49.93163,2
1705,4.63829,49.93168,2
1706,4.63825,49.93172,2
1707,4.63822,49.93176,2
1708,4.6382,49.93179,2
1709,4.63817,49.93183,2
1710,4.63814,49.93186,2
1711,4.63811,49.9319,2
1712,4.63809,49.93193,2
1713,4.63806,49.93196,2
1714,4.63803,49.932,2
1715,4.63799,49.93204,2
1716,4.63796,49.93208,2
1717,4.63792,49.93212,2
1718,4.63788,49.93216,2
1719,4.63833,49.93263,2
1720,4.63785,49.9322,2
1721,4.63781,49.93224,2
1722,4.63795,49.93225,2
1723,4.63871,49.93282,2
1724,4.6388,49.93291,2
1725,4.63846,49.93277,2
1726,4.6386,49.93304,2
1727,4.63998,49.9319,2
1728,4.63967,49.9322,2
1729,4.63949,49.93219,2
1730,4.63931,49.93219,2
1731,4.63912,49.93218,2
1732,4.63897,49.93218,2
1733,4.63883,49.93218,2
1734,4.63869,49.93218,2
1735,4.63855,49.93217,2
1736,4.63842,49.93214,2
1737,4.63829,49.93211,2
1738,4.63816,49.93208,2
1739,4.63977,49.93212,2
1740,4.63906,49.93279,2
1741,4.64073,49.93084,2
1742,4.64069,49.9308,2
1743,4.64059,49.93079,2
1744,4.64048,49.93077,2
1745,4.63662,49.93021,2
1746,4.64038,49.93076,2
1747,4.64027,49.93078,2
1748,4.63662,49.93021,2
1749,4.63638,49.93007,2
1750,4.64016,49.93079,2
1751,4.64006,49.9308,2
1752,4.63995,49.93082,2
1753,4.63984,49.93083,2
1754,4.63934,49.93081,2
1755,4.63934,49.93081,2
1756,4.63979,49.93065,2
1757,4.63934,49.93081,2
1758,4.63974,49.93056,2
1759,4.291644,49.869804,2
1760,4.29435,49.86913,2
1761,4.29435,49.86913,2
1762,4.294404,49.87002,2
1763,4.31061,49.88281,2
1764,4.31061,49.88281,2
1765,4.293826,49.870155,2
1766,4.29898,49.86907,2
1767,4.29898,49.86907,2
1768,4.295593,49.872013,2
1769,4.31061,49.88281,2
1770,4.293973,49.871455,2
1771,4.29258,49.87094,2
1772,4.292076,49.869833,2
1773,4.291644,49.869804,2
1774,4.29435,49.86913,2
1775,4.28393,49.88357,2
1776,4.28393,49.88357,2
1777,4.31061,49.88281,2
1778,4.306128,49.885333,2
1779,4.306051,49.886564,2
1780,4.298512,49.865562,2
1781,4.29898,49.86907,2
1782,4.295734,49.869909,2
1783,4.295747,49.8699,2
1784,4.29898,49.86907,2
1785,4.293826,49.870155,2
1786,4.293826,49.870155,2
1787,4.295872,49.86988,2
1788,4.29898,49.86907,2
1789,4.295872,49.86988,2
1790,4.29539,49.86957,2
1791,4.295403,49.870337,2
1792,4.29552,49.870856,2
1793,4.29552,49.870856,2
1794,4.29552,49.870856,2
1795,4.295557,49.871439,2
1796,4.295557,49.871439,2
1797,4.295708,49.872487,2
1798,4.295557,49.871439,2
1799,4.295548,49.871214,2
1800,4.31061,49.88281,2
1801,4.29405,49.87074,2
1802,4.295872,49.86988,2
1803,4.29405,49.87074,2
1804,4.293311,49.870137,2
1805,4.293826,49.870155,2
1806,4.292611,49.869995,2
1807,4.292611,49.869995,2
1808,4.29163,49.869805,2
1809,4.290771,49.869863,2
1810,4.291644,49.869804,2
1811,4.29428,49.870058,2
1812,4.2938,49.87034,2
1813,4.29428,49.870058,2
1814,4.29428,49.870058,2
1815,4.294624,49.869954,2
1816,4.293973,49.868563,2
1817,4.29428,49.870058,2
1818,4.29539,49.86957,2
1819,4.294105,49.86875,2
1820,4.29539,49.86957,2
1821,4.29539,49.86957,2
1822,4.29898,49.8691,2
1823,4.29898,49.8691,2
1824,4.29898,49.8691,2
1825,4.29435,49.86913,2
1826,4.29435,49.86913,2
1827,4.29898,49.8691,2
1828,4.29435,49.86913,2
1829,4.294923,49.869778,2
1830,4.29435,49.86913,2
1831,4.28393,49.88357,2
1832,4.31061,49.88281,2
1833,4.30214,49.88911,2
1834,4.306128,49.885333,2
1835,4.305972,49.884527,2
1836,4.300298,49.890915,2
1837,4.30214,49.88911,2
1838,4.30214,49.88911,2
1839,4.31061,49.88281,2
1840,4.30214,49.88911,2
1841,4.306051,49.886564,2
1842,4.30214,49.88911,2
1843,4.299553,49.892148,2
1844,4.299473,49.892239,2
1845,4.30214,49.88911,2
1846,4.36491,49.51059,2
1847,4.36575,49.50991,2
1848,4.36713,49.51095,2
1849,4.36575,49.50991,2
1850,4.36575,49.50991,2
1851,4.36675,49.51117,2
1852,4.36575,49.50991,2
1853,4.36619,49.51114,2
1854,4.36554,49.50996,2
1855,4.36597,49.50986,2
1856,4.36806,49.51091,2
1857,4.36619,49.50981,2
1858,4.36835,49.5107,2
1859,4.3662,49.50951,2
1860,4.36835,49.5107,2
1861,4.3662,49.50951,2
1862,4.3662,49.50951,2
1863,4.36808,49.51024,2
1864,4.36585,49.50939,2
1865,4.36892,49.50893,2
1866,4.36619,49.50931,2
1867,4.36585,49.50939,2
1868,4.36771,49.50872,2
1869,4.36709,49.50816,2
1870,4.36585,49.50939,2
1871,4.36694,49.50825,2
1872,4.36619,49.50931,2
1873,4.3668,49.50834,2
1874,4.36665,49.50843,2
1875,4.36619,49.50931,2
1876,4.36665,49.50843,2
1877,4.36619,49.50931,2
1878,4.36619,49.50931,2
1879,4.3661,49.50879,2
1880,4.3665,49.50852,2
1881,4.36616,49.50896,2
1882,4.36699,49.50884,2
1883,4.36616,49.50896,2
1884,4.36699,49.50884,2
1885,4.36616,49.50896,2
1886,4.36699,49.50884,2
1887,4.36619,49.50913,2
1888,4.36619,49.50913,2
1889,4.36619,49.50913,2
1890,4.38267,49.50965,2
1891,4.36581,49.50909,2
1892,4.36581,49.50909,2
1893,4.36581,49.50909,2
1894,4.36581,49.50909,2
1895,4.36581,49.50909,2
1896,4.36587,49.50903,2
1897,4.36581,49.50909,2
1898,4.36525,49.51003,2
1899,4.36581,49.50909,2
1900,4.36552,49.50934,2
1901,4.36552,49.50934,2
1902,4.36552,49.50934,2
1903,4.36552,49.50934,2
1904,4.36583,49.50934,2
1905,4.36583,49.50934,2
1906,4.36583,49.50934,2
1907,4.36583,49.50934,2
1908,4.36583,49.50934,2
1909,4.36585,49.50939,2
1910,4.36571,49.50945,2
1911,4.36549,49.50945,2
1912,4.36549,49.50945,2
1913,4.36533,49.50952,2
1914,4.36533,49.50952,2
1915,4.36525,49.50959,2
1916,4.36525,49.50959,2
1917,4.36521,49.50968,2
1918,4.36521,49.50968,2
1919,4.36521,49.50968,2
1920,4.36521,49.50968,2
1921,4.36521,49.50968,2
1922,4.36547,49.50994,2
1923,4.36547,49.50994,2
1924,4.36547,49.50994,2
1925,4.36534,49.50981,2
1926,4.36525,49.51003,2
1927,4.36504,49.50977,2
1928,4.36497,49.50983,2
1929,4.36497,49.50983,2
1930,4.36497,49.50983,2
1931,4.3649,49.50989,2
1932,4.3649,49.50989,2
1933,4.3649,49.50989,2
1934,4.3649,49.50989,2
1935,4.36402,49.50981,2
1936,4.36422,49.5101,2
1937,4.36768,49.5105,2
1938,4.36422,49.5101,2
1939,4.36422,49.5101,2
1940,4.36422,49.5101,2
1941,4.36422,49.5101,2
1942,4.36496,49.50965,2
1943,4.36496,49.50965,2
1944,4.36496,49.50965,2
1945,4.36496,49.50965,2
1946,4.36496,49.50965,2
1947,4.36496,49.50965,2
1948,4.36496,49.50965,2
1949,4.36496,49.50965,2
1950,4.36496,49.50965,2
1951,4.36496,49.50965,2
1952,4.36496,49.50965,2
1953,4.36422,49.51055,2
1954,4.36496,49.50965,2
1955,4.36496,49.50965,2
1956,4.36496,49.50965,2
1957,4.36433,49.51046,2
1958,4.36496,49.50965,2
1959,4.36414,49.50954,2
1960,4.36496,49.50965,2
1961,4.36496,49.50965,2
1962,4.36496,49.50965,2
1963,4.36487,49.50972,2
1964,4.3647,49.50987,2
1965,4.36478,49.5098,2
1966,4.36487,49.50972,2
1967,4.36487,49.50972,2
1968,4.36507,49.50955,2
1969,4.36507,49.50955,2
1970,4.36523,49.50942,2
1971,4.36476,49.50909,2
1972,4.3651,49.50926,2
1973,4.36753,49.50995,2
1974,4.3651,49.50926,2
1975,4.36458,49.50921,2
1976,4.36458,49.50921,2
1977,4.36481,49.50894,2
1978,4.36823,49.50931,2
1979,4.36619,49.50864,2
1980,4.36823,49.50931,2
1981,4.36524,49.50903,2
1982,4.36524,49.50903,2
1983,4.36619,49.50864,2
1984,4.36619,49.50864,2
1985,4.36661,49.50864,2
1986,4.36637,49.50863,2
1987,4.36628,49.50878,2
1988,4.36628,49.50878,2
1989,4.36628,49.50878,2
1990,4.36628,49.50878,2
1991,4.36633,49.50892,2
1992,4.36633,49.50892,2
1993,4.36633,49.50892,2
1994,4.36636,49.509,2
1995,4.36636,49.509,2
1996,4.36636,49.509,2
1997,4.36637,49.50914,2
1998,4.36699,49.50884,2
1999,4.36637,49.50921,2
2000,4.36699,49.50884,2
2001,4.36637,49.50921,2
2002,4.36637,49.50921,2
2003,4.36685,49.50939,2
2004,4.36649,49.50932,2
2005,4.36685,49.50939,2
2006,4.36706,49.50932,2
2007,4.36682,49.50926,2
2008,4.36713,49.50917,2
2009,4.3672,49.50911,2
2010,4.3672,49.50911,2
2011,4.3672,49.50911,2
2012,4.3647,49.50987,2
2013,4.3672,49.50911,2
2014,4.3672,49.50911,2
2015,4.3672,49.50911,2
2016,4.3672,49.50911,2
2017,4.36768,49.5105,2
2018,4.3671,49.50897,2
2019,4.36687,49.5087,2
2020,4.36677,49.50854,2
2021,4.36677,49.50854,2
2022,4.36691,49.50853,2
2023,4.36677,49.50854,2
2024,4.36585,49.50939,2
2025,4.36705,49.50867,2
2026,4.36702,49.50928,2
2027,4.36687,49.5087,2
2028,4.36687,49.5087,2
2029,4.36687,49.5087,2
2030,4.36687,49.5087,2
2031,4.36619,49.51114,2
2032,4.36726,49.50925,2
2033,4.36684,49.5095,2
2034,4.36706,49.50932,2
2035,4.36684,49.5095,2
2036,4.36684,49.5095,2
2037,4.36706,49.50932,2
2038,4.36684,49.5095,2
2039,4.36684,49.5095,2
2040,4.36684,49.5095,2
2041,4.36684,49.5095,2
2042,4.36638,49.50945,2
2043,4.36667,49.50952,2
2044,4.36667,49.50952,2
2045,4.36639,49.50956,2
2046,4.36654,49.50987,2
2047,4.36641,49.51018,2
2048,4.36395,49.51004,2
2049,4.36641,49.51018,2
2050,4.36641,49.51041,2
2051,4.36569,49.5092,2
2052,4.36641,49.51041,2
2053,4.36641,49.51063,2
2054,4.36636,49.51063,2
2055,4.36636,49.51063,2
2056,4.36636,49.51063,2
2057,4.36636,49.51063,2
2058,4.36698,49.51019,2
2059,4.36698,49.51019,2
2060,4.3669,49.51009,2
2061,4.36678,49.51001,2
2062,4.36713,49.51025,2
2063,4.36697,49.51037,2
2064,4.3668,49.51049,2
2065,4.36647,49.51072,2
2066,4.36639,49.51083,2
2067,4.36751,49.51044,2
2068,4.36732,49.51036,2
2069,4.3674,49.51047,2
2070,4.3673,49.51052,2
2071,4.36721,49.51057,2
2072,4.36711,49.51062,2
2073,4.36691,49.51071,2
2074,4.36682,49.51076,2
2075,4.36672,49.51081,2
2076,4.36672,49.51081,2
2077,4.36672,49.51081,2
2078,4.36633,49.50892,2
2079,4.36662,49.51086,2
2080,4.36653,49.51091,2
2081,4.36653,49.51091,2
2082,4.36653,49.51091,2
2083,4.36643,49.51096,2
2084,4.36619,49.51114,2
2085,4.36662,49.51109,2
2086,4.36672,49.51103,2
2087,4.36683,49.51097,2
2088,4.36725,49.51073,2
2089,4.36736,49.51068,2
2090,4.36747,49.51062,2
2091,4.36758,49.51056,2
2092,4.36758,49.51056,2
2093,4.36758,49.51056,2
2094,4.36768,49.5105,2
2095,4.36768,49.5105,2
2096,4.36766,49.51052,2
2097,4.36785,49.51058,2
2098,4.36785,49.51058,2
2099,4.36785,49.51058,2
2100,4.36779,49.5106,2
2101,4.36779,49.5106,2
2102,4.36779,49.5106,2
2103,4.3647,49.50987,2
2104,4.36766,49.51067,2
2105,4.36753,49.51074,2
2106,4.36726,49.51088,2
2107,4.36726,49.51088,2
2108,4.36688,49.5111,2
2109,4.367,49.51102,2
2110,4.367,49.51102,2
2111,4.367,49.51102,2
2112,4.367,49.51102,2
2113,4.367,49.51102,2
2114,4.367,49.51102,2
2115,4.36675,49.51117,2
2116,4.36675,49.51117,2
2117,4.36675,49.51115,2
2118,4.36689,49.51122,2
2119,4.36703,49.51129,2
2120,4.36717,49.51135,2
2121,4.3673,49.51142,2
2122,4.36487,49.50972,2
2123,4.36744,49.5115,2
2124,4.36747,49.51131,2
2125,4.36762,49.51121,2
2126,4.36755,49.51143,2
2127,4.36765,49.51136,2
2128,4.36414,49.50954,2
2129,4.36776,49.51128,2
2130,4.36787,49.51121,2
2131,4.36798,49.51114,2
2132,4.36808,49.51106,2
2133,4.36777,49.51111,2
2134,4.36792,49.51101,2
2135,4.36806,49.51091,2
2136,4.36806,49.51091,2
2137,4.36806,49.51091,2
2138,4.36806,49.51091,2
2139,4.36806,49.51091,2
2140,4.36806,49.51091,2
2141,4.36806,49.51091,2
2142,4.36821,49.5108,2
2143,4.36819,49.51099,2
2144,4.36829,49.51091,2
2145,4.3684,49.51084,2
2146,4.3685,49.51076,2
2147,4.368124,49.510977,2
2148,4.368124,49.510977,2
2149,4.36835,49.5107,2
2150,4.36835,49.5107,2
2151,4.36835,49.5107,2
2152,4.36797,49.51058,2
2153,4.36797,49.51058,2
2154,4.36797,49.51058,2
2155,4.36797,49.51058,2
2156,4.36693,49.50964,2
2157,4.36708,49.50972,2
2158,4.36723,49.50979,2
2159,4.36739,49.50987,2
2160,4.36781,49.51009,2
2161,4.36879,49.50939,2
2162,4.36395,49.51004,2
2163,4.36879,49.50939,2
2164,4.36395,49.51004,2
2165,4.36879,49.50939,2
2166,4.36879,49.50939,2
2167,4.36395,49.51004,2
2168,4.36879,49.50939,2
2169,4.36395,49.51004,2
2170,4.36841,49.5102,2
2171,4.36611,49.51052,2
2172,4.36395,49.51004,2
2173,4.36871,49.5098,2
2174,4.36395,49.51004,2
2175,4.36859,49.50968,2
2176,4.36395,49.51004,2
2177,4.36887,49.5095,2
2178,4.36395,49.51004,2
2179,4.36872,49.50939,2
2180,4.36687,49.5087,2
2181,4.36893,49.50935,2
2182,4.36395,49.51004,2
2183,4.3706,49.50857,2
2184,4.36395,49.51004,2
2185,4.36906,49.50904,2
2186,4.36395,49.51004,2
2187,4.3706,49.50857,2
2188,4.36892,49.50893,2
2189,4.36395,49.51004,2
2190,4.36892,49.50893,2
2191,4.36892,49.50893,2
2192,4.36892,49.50893,2
2193,4.36892,49.50893,2
2194,4.36892,49.50893,2
2195,4.36892,49.50893,2
2196,4.36892,49.50893,2
2197,4.36892,49.50893,2
2198,4.36892,49.50893,2
2199,4.36862,49.5094,2
2200,4.36862,49.5094,2
2201,4.36793,49.50911,2
2202,4.36849,49.50931,2
2203,4.3681,49.50906,2
2204,4.36797,49.50897,2
2205,4.36789,49.50891,2
2206,4.36783,49.50885,2
2207,4.36777,49.50879,2
2208,4.36777,49.50879,2
2209,4.36771,49.50872,2
2210,4.36771,49.50872,2
2211,4.36771,49.50872,2
2212,4.36771,49.50872,2
2213,4.36771,49.50872,2
2214,4.36771,49.50872,2
2215,4.36771,49.50872,2
2216,4.36771,49.50872,2
2217,4.36766,49.50866,2
2218,4.3676,49.5086,2
2219,4.36754,49.50854,2
2220,4.36748,49.50847,2
2221,4.36742,49.50841,2
2222,4.36665,49.50843,2
2223,4.36665,49.50843,2
2224,4.36665,49.50843,2
2225,4.36665,49.50843,2
2226,4.36665,49.50843,2
2227,4.36665,49.50843,2
2228,4.36665,49.50843,2
2229,4.36651,49.50851,2
2230,4.36724,49.5081,2
2231,4.36823,49.50931,2
2232,4.36823,49.50931,2
2233,4.36823,49.50931,2
2234,4.36823,49.50931,2
2235,4.36823,49.50931,2
2236,4.36823,49.50931,2
2237,4.36823,49.50931,2
2238,4.36823,49.50931,2
2239,4.36823,49.50931,2
2240,4.36823,49.50931,2
2241,4.36823,49.50931,2
2242,4.36823,49.50931,2
2243,4.36823,49.50931,2
2244,4.36823,49.50931,2
2245,4.36823,49.50931,2
2246,4.36458,49.50921,2
2247,4.36823,49.50931,2
2248,4.36458,49.50921,2
2249,4.36823,49.50931,2
2250,4.36458,49.50921,2
2251,4.36823,49.50931,2
2252,4.36458,49.50921,2
2253,4.36699,49.50884,2
2254,4.36458,49.50921,2
2255,4.36699,49.50884,2
2256,4.36458,49.50921,2
2257,4.36699,49.50884,2
2258,4.36699,49.50884,2
2259,4.36699,49.50884,2
2260,4.36699,49.50884,2
2261,4.36699,49.50884,2
2262,4.36699,49.50884,2
2263,4.36699,49.50884,2
2264,4.36699,49.50884,2
2265,4.36699,49.50884,2
2266,4.36699,49.50884,2
2267,4.36699,49.50884,2
2268,4.36699,49.50884,2
2269,4.36699,49.50884,2
2270,4.36611,49.51052,2
2271,4.36699,49.50884,2
2272,4.36487,49.50972,2
2273,4.36699,49.50884,2
2274,4.36699,49.50884,2
2275,4.36699,49.50884,2
2276,4.36699,49.50884,2
2277,4.36687,49.5087,2
2278,4.36661,49.50864,2
2279,4.36661,49.50864,2
2280,4.36705,49.50867,2
2281,4.36771,49.50872,2
2282,4.36588,49.51115,2
2283,4.36498,49.51077,2
2284,4.36452,49.51043,2
2285,4.36472,49.51051,2
2286,4.36538,49.51053,2
2287,4.36541,49.51012,2
2288,4.3649,49.50989,2
2289,4.36554,49.50996,2
2290,4.36554,49.50996,2
2291,4.36575,49.50991,2
2292,4.36622,49.50973,2
2293,4.3662,49.50951,2
2294,4.36619,49.50931,2
2295,4.3657,49.51107,2
2296,4.36552,49.511,2
2297,4.36603,49.5089,2
2298,4.36534,49.51092,2
2299,4.36593,49.50898,2
2300,4.36516,49.51084,2
2301,4.36619,49.50913,2
2302,4.36619,49.50913,2
2303,4.36481,49.51069,2
2304,4.36524,49.50903,2
2305,4.36443,49.51074,2
2306,4.36552,49.50934,2
2307,4.36583,49.50934,2
2308,4.36447,49.51093,2
2309,4.36583,49.50934,2
2310,4.36452,49.51112,2
2311,4.36524,49.50903,2
2312,4.36444,49.5115,2
2313,4.36571,49.50945,2
2314,4.36435,49.51119,2
2315,4.36549,49.50945,2
2316,4.36594,49.50945,2
2317,4.36431,49.51103,2
2318,4.36617,49.50945,2
2319,4.36448,49.51042,2
2320,4.36549,49.50945,2
2321,4.36508,49.51067,2
2322,4.36549,49.50945,2
2323,4.36526,49.51075,2
2324,4.36541,49.50946,2
2325,4.36544,49.51082,2
2326,4.36533,49.50952,2
2327,4.36533,49.50952,2
2328,4.36525,49.50959,2
2329,4.36562,49.5109,2
2330,4.36525,49.50959,2
2331,4.3658,49.51097,2
2332,4.36518,49.50965,2
2333,4.36547,49.50994,2
2334,4.36598,49.51105,2
2335,4.36534,49.50981,2
2336,4.36617,49.51108,2
2337,4.36623,49.51089,2
2338,4.36623,49.51089,2
2339,4.36619,49.51074,2
2340,4.36497,49.50983,2
2341,4.36623,49.51063,2
2342,4.36497,49.50983,2
2343,4.3649,49.50989,2
2344,4.36623,49.51041,2
2345,4.36677,49.50854,2
2346,4.3649,49.50989,2
2347,4.36623,49.51018,2
2348,4.36623,49.50996,2
2349,4.36435,49.51016,2
2350,4.36452,49.51002,2
2351,4.36621,49.50993,2
2352,4.36461,49.50994,2
2353,4.36592,49.51,2
2354,4.36507,49.50955,2
2355,4.36559,49.51007,2
2356,4.36523,49.50942,2
2357,4.36559,49.51007,2
2358,4.36476,49.50909,2
2359,4.36569,49.51018,2
2360,4.36493,49.50917,2
2361,4.36579,49.51029,2
2362,4.36611,49.51052,2
2363,4.36431,49.51103,2
2364,4.36458,49.50921,2
2365,4.36611,49.51052,2
2366,4.36611,49.51052,2
2367,4.36458,49.50921,2
2368,4.36414,49.50954,2
2369,4.36571,49.51045,2
2370,4.36571,49.51045,2
2371,4.36554,49.51049,2
2372,4.36538,49.51053,2
2373,4.36625,49.50871,2
2374,4.36521,49.51056,2
2375,4.36628,49.50878,2
2376,4.36521,49.51056,2
2377,4.36633,49.50892,2
2378,4.36636,49.509,2
2379,4.36521,49.51056,2
2380,4.36636,49.509,2
2381,4.36636,49.509,2
2382,4.36521,49.51056,2
2383,4.36637,49.50907,2
2384,4.36521,49.51056,2
2385,4.36521,49.51056,2
2386,4.36637,49.50914,2
2387,4.36637,49.50914,2
2388,4.36521,49.51056,2
2389,4.36488,49.51064,2
2390,4.36637,49.50929,2
2391,4.36488,49.51064,2
2392,4.36637,49.50936,2
2393,4.36499,49.51049,2
2394,4.36548,49.51038,2
2395,4.3672,49.50911,2
2396,4.36677,49.50854,2
2397,4.36561,49.51032,2
2398,4.36705,49.50861,2
2399,4.36546,49.51015,2
2400,4.36702,49.50928,2
2401,4.36546,49.51015,2
2402,4.36546,49.51015,2
2403,4.36541,49.51012,2
2404,4.36641,49.50978,2
2405,4.36541,49.51012,2
2406,4.36523,49.51016,2
2407,4.36636,49.51063,2
2408,4.36525,49.51003,2
2409,4.36698,49.51019,2
2410,4.36506,49.51021,2
2411,4.36698,49.51019,2
2412,4.3669,49.51009,2
2413,4.36489,49.51026,2
2414,4.36664,49.5106,2
2415,4.36472,49.5103,2
2416,4.36672,49.51081,2
2417,4.36619,49.51114,2
2418,4.36454,49.51035,2
2419,4.36758,49.51056,2
2420,4.36766,49.51052,2
2421,4.36575,49.50991,2
2422,4.36575,49.50991,2
2423,4.36785,49.51058,2
2424,4.36575,49.50991,2
2425,4.36739,49.51081,2
2426,4.36575,49.50991,2
2427,4.36575,49.50991,2
2428,4.947832,49.695718,2
2429,4.94643,49.69534,2
2430,4.94004,49.69614,2
2431,4.94643,49.69534,2
2432,4.947832,49.695718,2
2433,4.94004,49.69614,2
2434,4.94643,49.69534,2
2435,4.947832,49.695718,2
2436,4.94004,49.69614,2
2437,4.94643,49.69534,2
2438,4.94393,49.70238,2
2439,4.94004,49.69614,2
2440,4.94643,49.69534,2
2441,4.94393,49.70238,2
2442,4.94004,49.69614,2
2443,4.94643,49.69534,2
2444,4.94393,49.70238,2
2445,4.94004,49.69614,2
2446,4.94643,49.69534,2
2447,4.94393,49.70238,2
2448,4.94004,49.69614,2
2449,4.94711,49.69577,2
2450,4.94393,49.70238,2
2451,4.94711,49.69577,2
2452,4.94393,49.70238,2
2453,4.94004,49.69614,2
2454,4.94711,49.69577,2
2455,4.94393,49.70238,2
2456,4.9428,49.69674,2
2457,4.94711,49.69577,2
2458,4.94393,49.70238,2
2459,4.94711,49.69577,2
2460,4.94393,49.70238,2
2461,4.94384,49.69527,2
2462,4.94711,49.69577,2
2463,4.94393,49.70238,2
2464,4.94384,49.69527,2
2465,4.94711,49.69577,2
2466,4.94393,49.70238,2
2467,4.94384,49.69527,2
2468,4.94711,49.69577,2
2469,4.94393,49.70238,2
2470,4.94384,49.69527,2
2471,4.94711,49.69577,2
2472,4.94393,49.70238,2
2473,4.94384,49.69527,2
2474,4.94711,49.69577,2
2475,4.94393,49.70238,2
2476,4.94384,49.69527,2
2477,4.94711,49.69577,2
2478,4.94393,49.70238,2
2479,4.94711,49.69577,2
2480,4.94393,49.70238,2
2481,4.94384,49.69527,2
2482,4.94393,49.70238,2
2483,4.94393,49.70238,2
2484,4.94711,49.69577,2
2485,4.94384,49.69527,2
2486,4.94393,49.70238,2
2487,4.94711,49.69577,2
2488,4.94384,49.69527,2
2489,4.94393,49.70238,2
2490,4.94711,49.69577,2
2491,4.94384,49.69527,2
2492,4.94393,49.70238,2
2493,4.94711,49.69577,2
2494,4.94384,49.69527,2
2495,4.94393,49.70238,2
2496,4.94574,49.69681,2
2497,4.94711,49.69577,2
2498,4.94393,49.70238,2
2499,4.94711,49.69577,2
2500,4.94393,49.70238,2
2501,4.94384,49.69527,2
2502,4.9428,49.69674,2
2503,4.94758,49.69619,2
2504,4.94393,49.70238,2
2505,4.94384,49.69527,2
2506,4.94758,49.69619,2
2507,4.94393,49.70238,2
2508,4.94384,49.69527,2
2509,4.94758,49.69619,2
2510,4.94384,49.69527,2
2511,4.93904,49.69631,2
2512,4.94758,49.69619,2
2513,4.94393,49.70238,2
2514,4.94384,49.69527,2
2515,4.94758,49.69619,2
2516,4.94618,49.69527,2
2517,4.94384,49.69527,2
2518,4.94758,49.69619,2
2519,4.94618,49.69527,2
2520,4.94618,49.69527,2
2521,4.94384,49.69527,2
2522,4.94758,49.69619,2
2523,4.94758,49.69619,2
2524,4.94618,49.69527,2
2525,4.94384,49.69527,2
2526,4.94618,49.69527,2
2527,4.94618,49.69527,2
2528,4.94758,49.69619,2
2529,4.94384,49.69527,2
2530,4.94618,49.69527,2
2531,4.94758,49.69619,2
2532,4.94384,49.69527,2
2533,4.94618,49.69527,2
2534,4.94618,49.69527,2
2535,4.94384,49.69527,2
2536,4.94618,49.69527,2
2537,4.94618,49.69527,2
2538,4.94384,49.69527,2
2539,4.94618,49.69527,2
2540,4.94618,49.69527,2
2541,4.94618,49.69527,2
2542,4.94384,49.69527,2
2543,4.94618,49.69527,2
2544,4.94618,49.69527,2
2545,4.94384,49.69527,2
2546,4.94618,49.69527,2
2547,4.94618,49.69527,2
2548,4.94384,49.69527,2
2549,4.94618,49.69527,2
2550,4.94618,49.69527,2
2551,4.94384,49.69527,2
2552,4.94618,49.69527,2
2553,4.94618,49.69527,2
2554,4.94384,49.69527,2
2555,4.94618,49.69527,2
2556,4.94618,49.69527,2
2557,4.94384,49.69527,2
2558,4.94618,49.69527,2
2559,4.94384,49.69527,2
2560,4.94618,49.69527,2
2561,4.94618,49.69527,2
2562,4.94384,49.69527,2
2563,4.94618,49.69527,2
2564,4.94618,49.69527,2
2565,4.95669,49.69443,2
2566,4.94618,49.69527,2
2567,4.94618,49.69527,2
2568,4.94384,49.69527,2
2569,4.94618,49.69527,2
2570,4.94618,49.69527,2
2571,4.94384,49.69527,2
2572,4.94618,49.69527,2
2573,4.94618,49.69527,2
2574,4.94618,49.69527,2
2575,4.94618,49.69527,2
2576,4.94511,49.69618,2
2577,4.94618,49.69527,2
2578,4.94618,49.69527,2
2579,4.94511,49.69618,2
2580,4.94618,49.69527,2
2581,4.94618,49.69527,2
2582,4.94618,49.69527,2
2583,4.94618,49.69527,2
2584,4.94511,49.69618,2
2585,4.94618,49.69527,2
2586,4.94618,49.69527,2
2587,4.94618,49.69527,2
2588,4.94618,49.69527,2
2589,4.94618,49.69527,2
2590,4.94618,49.69527,2
2591,4.94618,49.69527,2
2592,4.94384,49.69527,2
2593,4.94618,49.69527,2
2594,4.94618,49.69527,2
2595,4.94618,49.69527,2
2596,4.94618,49.69527,2
2597,4.94618,49.69527,2
2598,4.94618,49.69527,2
2599,4.94618,49.69527,2
2600,4.94618,49.69527,2
2601,4.94618,49.69527,2
2602,4.94618,49.69527,2
2603,4.94618,49.69527,2
2604,4.94618,49.69527,2
2605,4.94618,49.69527,2
2606,4.94618,49.69527,2
2607,4.94618,49.69527,2
2608,4.94618,49.69527,2
2609,4.94618,49.69527,2
2610,4.94618,49.69527,2
2611,4.94618,49.69527,2
2612,4.94618,49.69527,2
2613,4.94618,49.69527,2
2614,4.94618,49.69527,2
2615,4.94618,49.69527,2
2616,4.94618,49.69527,2
2617,4.94618,49.69527,2
2618,4.94618,49.69527,2
2619,4.94618,49.69527,2
2620,4.94618,49.69527,2
2621,4.94618,49.69527,2
2622,4.94618,49.69527,2
2623,4.94618,49.69527,2
2624,4.94384,49.69527,2
2625,4.94618,49.69527,2
2626,4.94618,49.69527,2
2627,4.94618,49.69527,2
2628,4.94618,49.69527,2
2629,4.94384,49.69527,2
2630,4.94618,49.69527,2
2631,4.94384,49.69527,2
2632,4.94618,49.69527,2
2633,4.94384,49.69527,2
2634,4.94618,49.69527,2
2635,4.94618,49.69527,2
2636,4.94618,49.69527,2
2637,4.94618,49.69527,2
2638,4.94384,49.69527,2
2639,4.94618,49.69527,2
2640,4.94618,49.69527,2
2641,4.94384,49.69527,2
2642,4.94618,49.69527,2
2643,4.94618,49.69527,2
2644,4.94384,49.69527,2
2645,4.94618,49.69527,2
2646,4.94618,49.69527,2
2647,4.94384,49.69527,2
2648,4.94618,49.69527,2
2649,4.94618,49.69527,2
2650,4.94699,49.69585,2
2651,4.94384,49.69527,2
2652,4.94618,49.69527,2
2653,4.94618,49.69527,2
2654,4.94618,49.69527,2
2655,4.94384,49.69527,2
2656,4.94618,49.69527,2
2657,4.94618,49.69527,2
2658,4.94384,49.69527,2
2659,4.94618,49.69527,2
2660,4.94618,49.69527,2
2661,4.94618,49.69527,2
2662,4.94618,49.69527,2
2663,4.94384,49.69527,2
2664,4.94618,49.69527,2
2665,4.94618,49.69527,2
2666,4.94384,49.69527,2
2667,4.94618,49.69527,2
2668,4.94384,49.69527,2
2669,4.94618,49.69527,2
2670,4.94618,49.69527,2
2671,4.94618,49.69527,2
2672,4.94384,49.69527,2
2673,4.93904,49.69631,2
2674,4.94618,49.69527,2
2675,4.94618,49.69527,2
2676,4.94384,49.69527,2
2677,4.94618,49.69527,2
2678,4.94618,49.69527,2
2679,4.94618,49.69527,2
2680,4.94618,49.69527,2
2681,4.94618,49.69527,2
2682,4.94384,49.69527,2
2683,4.94618,49.69527,2
2684,4.94384,49.69527,2
2685,4.94384,49.69527,2
2686,4.94618,49.69527,2
2687,4.947832,49.695718,2
2688,4.94618,49.69527,2
2689,4.94618,49.69527,2
2690,4.94384,49.69527,2
2691,4.947832,49.695718,2
2692,4.947832,49.695718,2
2693,4.94618,49.69527,2
2694,4.94618,49.69527,2
2695,4.94384,49.69527,2
2696,4.947832,49.695718,2
2697,4.94618,49.69527,2
2698,4.94618,49.69527,2
2699,4.94384,49.69527,2
2700,4.94441,49.69478,2
2701,4.94384,49.69527,2
2702,4.94618,49.69527,2
2703,4.94618,49.69527,2
2704,4.94618,49.69527,2
2705,4.94618,49.69527,2
2706,4.94618,49.69527,2
2707,4.94618,49.69527,2
2708,4.94384,49.69527,2
2709,4.94618,49.69527,2
2710,4.94618,49.69527,2
2711,4.94618,49.69527,2
2712,4.9444,49.69331,2
2713,4.94393,49.70238,2
2714,4.94618,49.69527,2
2715,4.94618,49.69527,2
2716,4.94618,49.69527,2
2717,4.9444,49.69331,2
2718,4.94618,49.69527,2
2719,4.94618,49.69527,2
2720,4.94618,49.69527,2
2721,4.9444,49.69331,2
2722,4.94618,49.69527,2
2723,4.94618,49.69527,2
2724,4.94618,49.69527,2
2725,4.9444,49.69331,2
2726,4.94618,49.69527,2
2727,4.946111,49.69403,2
2728,4.946111,49.69403,2
2729,4.9444,49.69331,2
2730,4.94618,49.69527,2
2731,4.946111,49.69403,2
2732,4.94604,49.6951,2
2733,4.94618,49.69527,2
2734,4.9444,49.69331,2
2735,4.94758,49.69619,2
2736,4.946111,49.69403,2
2737,4.94758,49.69619,2
2738,4.94618,49.69527,2
2739,4.9444,49.69331,2
2740,4.94618,49.69527,2
2741,4.94618,49.69527,2
2742,4.946111,49.69403,2
2743,4.94618,49.69527,2
2744,4.9444,49.69331,2
2745,4.94618,49.69527,2
2746,4.946111,49.69403,2
2747,4.9444,49.69331,2
2748,4.94618,49.69527,2
2749,4.9443,49.69353,2
2750,4.94618,49.69527,2
2751,4.946111,49.69403,2
2752,4.9443,49.69353,2
2753,4.94553,49.69855,2
2754,4.94618,49.69527,2
2755,4.94618,49.69527,2
2756,4.946111,49.69403,2
2757,4.9443,49.69353,2
2758,4.946111,49.69403,2
2759,4.94618,49.69527,2
2760,4.9443,49.69353,2
2761,4.946111,49.69403,2
2762,4.94618,49.69527,2
2763,4.946111,49.69403,2
2764,4.9443,49.69353,2
2765,4.9443,49.69353,2
2766,4.94618,49.69527,2
2767,4.946111,49.69403,2
2768,4.9443,49.69353,2
2769,4.94618,49.69527,2
2770,4.946111,49.69403,2
2771,4.9443,49.69353,2
2772,4.94618,49.69527,2
2773,4.946111,49.69403,2
2774,4.94618,49.69527,2
2775,4.9443,49.69353,2
2776,4.94618,49.69527,2
2777,4.9443,49.69353,2
2778,4.94683,49.694005,2
2779,4.94618,49.69527,2
2780,4.94417,49.69382,2
2781,4.94683,49.694005,2
2782,4.94417,49.69382,2
2783,4.94683,49.694005,2
2784,4.94417,49.69382,2
2785,4.94683,49.694005,2
2786,4.93901,49.69771,2
2787,4.93904,49.69631,2
2788,4.94618,49.69527,2
2789,4.94683,49.694005,2
2790,4.93901,49.69771,2
2791,4.94683,49.694005,2
2792,4.93904,49.69631,2
2793,4.94683,49.694005,2
2794,4.93904,49.69631,2
2795,4.94618,49.69527,2
2796,4.93901,49.69771,2
2797,4.94618,49.69527,2
2798,4.93901,49.69771,2
2799,4.94618,49.69527,2
2800,4.93883,49.69777,2
2801,4.94618,49.69527,2
2802,4.93883,49.69777,2
2803,4.94618,49.69527,2
2804,4.94417,49.69382,2
2805,4.94618,49.69527,2
2806,4.94417,49.69382,2
2807,4.94417,49.69382,2
2808,4.94618,49.69527,2
2809,4.94417,49.69382,2
2810,4.94618,49.69527,2
2811,4.94417,49.69382,2
2812,4.94618,49.69527,2
2813,4.94417,49.69382,2
2814,4.94618,49.69527,2
2815,4.94417,49.69382,2
2816,4.94618,49.69527,2
2817,4.94404,49.69411,2
2818,4.94618,49.69527,2
2819,4.94618,49.69527,2
2820,4.94618,49.69527,2
2821,4.94618,49.69527,2
2822,4.94618,49.69527,2
2823,4.94441,49.69478,2
2824,4.94404,49.69411,2
2825,4.94618,49.69527,2
2826,4.94618,49.69527,2
2827,4.94618,49.69527,2
2828,4.94404,49.69411,2
2829,4.94618,49.69527,2
2830,4.94553,49.69855,2
2831,4.94404,49.69411,2
2832,4.94618,49.69527,2
2833,4.94618,49.69527,2
2834,4.94404,49.69411,2
2835,4.94618,49.69527,2
2836,4.94384,49.69527,2
2837,4.94618,49.69527,2
2838,4.94553,49.69855,2
2839,4.94618,49.69527,2
2840,4.94384,49.69527,2
2841,4.94618,49.69527,2
2842,4.94384,49.69527,2
2843,4.94618,49.69527,2
2844,4.94384,49.69527,2
2845,4.94618,49.69527,2
2846,4.94384,49.69527,2
2847,4.94618,49.69527,2
2848,4.94384,49.69527,2
2849,4.94618,49.69527,2
2850,4.94384,49.69527,2
2851,4.94384,49.69527,2
2852,4.94618,49.69527,2
2853,4.947617,49.695578,2
2854,4.94553,49.69855,2
2855,4.94618,49.69527,2
2856,4.947617,49.695578,2
2857,4.94618,49.69527,2
2858,4.947617,49.695578,2
2859,4.94618,49.69527,2
2860,4.94553,49.69855,2
2861,4.94618,49.69527,2
2862,4.947617,49.695578,2
2863,4.94618,49.69527,2
2864,4.947617,49.695578,2
2865,4.94618,49.69527,2
2866,4.947617,49.695578,2
2867,4.94618,49.69527,2
2868,4.94758,49.69619,2
2869,4.94618,49.69527,2
2870,4.947617,49.695578,2
2871,4.94618,49.69527,2
2872,4.94618,49.69527,2
2873,4.94618,49.69527,2
2874,4.947617,49.695578,2
2875,4.94618,49.69527,2
2876,4.947617,49.695578,2
2877,4.94618,49.69527,2
2878,4.947617,49.695578,2
2879,4.94618,49.69527,2
2880,4.94711,49.69577,2
2881,4.94618,49.69527,2
2882,4.94393,49.70238,2
2883,4.94553,49.69855,2
2884,4.94618,49.69527,2
2885,4.94711,49.69577,2
2886,4.94618,49.69527,2
2887,4.94618,49.69527,2
2888,4.947617,49.695578,2
2889,4.94618,49.69527,2
2890,4.947617,49.695578,2
2891,4.94618,49.69527,2
2892,4.947617,49.695578,2
2893,4.94618,49.69527,2
2894,4.947617,49.695578,2
2895,4.94618,49.69527,2
2896,4.94643,49.69534,2
2897,4.94618,49.69527,2
2898,4.947617,49.695578,2
2899,4.94618,49.69527,2
2900,4.94643,49.69534,2
2901,4.94643,49.69534,2
2902,4.94618,49.69527,2
2903,4.947617,49.695578,2
2904,4.94618,49.69527,2
2905,4.947617,49.695578,2
2906,4.94618,49.69527,2
2907,4.94618,49.69527,2
2908,4.947617,49.695578,2
2909,4.947617,49.695578,2
2910,4.94618,49.69527,2
2911,4.94618,49.69527,2
2912,4.94618,49.69527,2
2913,4.94618,49.69527,2
2914,4.94618,49.69527,2
2915,4.947617,49.695578,2
2916,4.94393,49.70238,2
2917,4.94618,49.69527,2
2918,4.94393,49.70238,2
2919,4.94618,49.69527,2
2920,4.94393,49.70238,2
2921,4.94618,49.69527,2
2922,4.94618,49.69527,2
2923,4.94618,49.69527,2
2924,4.94393,49.70238,2
2925,4.94618,49.69527,2
2926,4.947617,49.695578,2
2927,4.94618,49.69527,2
2928,4.947617,49.695578,2
2929,4.94699,49.69585,2
2930,4.94618,49.69527,2
2931,4.947617,49.695578,2
2932,4.94618,49.69527,2
2933,4.947617,49.695578,2
2934,4.94618,49.69527,2
2935,4.94699,49.69585,2
2936,4.94618,49.69527,2
2937,4.94618,49.69527,2
2938,4.94618,49.69527,2
2939,4.947617,49.695578,2
2940,4.94618,49.69527,2
2941,4.947617,49.695578,2
2942,4.94618,49.69527,2
2943,4.947617,49.695578,2
2944,4.94618,49.69527,2
2945,4.947545,49.695526,2
2946,4.94618,49.69527,2
2947,4.947545,49.695526,2
2948,4.94618,49.69527,2
2949,4.947545,49.695526,2
2950,4.94618,49.69527,2
2951,4.947545,49.695526,2
2952,4.94618,49.69527,2
2953,4.947545,49.695526,2
2954,4.94618,49.69527,2
2955,4.947545,49.695526,2
2956,4.94618,49.69527,2
2957,4.947545,49.695526,2
2958,4.94618,49.69527,2
2959,4.947545,49.695526,2
2960,4.94618,49.69527,2
2961,4.94618,49.69527,2
2962,4.94618,49.69527,2
2963,4.94758,49.69619,2
2964,4.94618,49.69527,2
2965,4.947545,49.695526,2
2966,4.94618,49.69527,2
2967,4.947545,49.695526,2
2968,4.94618,49.69527,2
2969,4.947545,49.695526,2
2970,4.94618,49.69527,2
2971,4.947545,49.695526,2
2972,4.94618,49.69527,2
2973,4.94545,49.69734,2
2974,4.947545,49.695526,2
2975,4.94545,49.69734,2
2976,4.94618,49.69527,2
2977,4.94618,49.69527,2
2978,4.947545,49.695526,2
2979,4.94618,49.69527,2
2980,4.94711,49.69577,2
2981,4.94618,49.69527,2
2982,4.947545,49.695526,2
2983,4.94618,49.69527,2
2984,4.94618,49.69527,2
2985,4.94618,49.69527,2
2986,4.94618,49.69527,2
2987,4.94618,49.69527,2
2988,4.94643,49.69534,2
2989,4.94618,49.69527,2
2990,4.947545,49.695526,2
2991,4.94618,49.69527,2
2992,4.947545,49.695526,2
2993,4.94384,49.69527,2
2994,4.94618,49.69527,2
2995,4.947573,49.695534,2
2996,4.94618,49.69527,2
2997,4.947573,49.695534,2
2998,4.94618,49.69527,2
2999,4.947573,49.695534,2
3000,4.94618,49.69527,2
3001,4.947573,49.695534,2
3002,4.94618,49.69527,2
3003,4.947573,49.695534,2
3004,4.94618,49.69527,2
3005,4.947573,49.695534,2
3006,4.94618,49.69527,2
3007,4.947573,49.695534,2
3008,4.94618,49.69527,2
3009,4.947573,49.695534,2
3010,4.94618,49.69527,2
3011,4.94618,49.69527,2
3012,4.947573,49.695534,2
3013,4.94618,49.69527,2
3014,4.947573,49.695534,2
3015,4.94618,49.69527,2
3016,4.947573,49.695534,2
3017,4.94618,49.69527,2
3018,4.94618,49.69527,2
3019,4.947573,49.695534,2
3020,4.94618,49.69527,2
3021,4.947545,49.695526,2
3022,4.94618,49.69527,2
3023,4.94699,49.69585,2
3024,4.94618,49.69527,2
3025,4.947545,49.695526,2
3026,4.94618,49.69527,2
3027,4.94699,49.69585,2
3028,4.94618,49.69527,2
3029,4.947573,49.695534,2
3030,4.94618,49.69527,2
3031,4.94393,49.70238,2
3032,4.94618,49.69527,2
3033,4.947587,49.695534,2
3034,4.94618,49.69527,2
3035,4.94618,49.69527,2
3036,4.947964,49.695319,2
3037,4.94618,49.69527,2
3038,4.947964,49.695319,2
3039,4.94618,49.69527,2
3040,4.947964,49.695319,2
3041,4.94618,49.69527,2
3042,4.94618,49.69527,2
3043,4.947964,49.695319,2
3044,4.94618,49.69527,2
3045,4.947964,49.695319,2
3046,4.94618,49.69527,2
3047,4.94618,49.69527,2
3048,4.94618,49.69527,2
3049,4.947964,49.695319,2
3050,4.94618,49.69527,2
3051,4.947964,49.695319,2
3052,4.94618,49.69527,2
3053,4.947964,49.695319,2
3054,4.94618,49.69527,2
3055,4.947964,49.695319,2
3056,4.94618,49.69527,2
3057,4.94441,49.69478,2
3058,4.947964,49.695319,2
3059,4.947964,49.695319,2
3060,4.94618,49.69527,2
3061,4.947964,49.695319,2
3062,4.94618,49.69527,2
3063,4.947964,49.695319,2
3064,4.94618,49.69527,2
3065,4.94711,49.69577,2
3066,4.94618,49.69527,2
3067,4.94618,49.69527,2
3068,4.94711,49.69577,2
3069,4.94618,49.69527,2
3070,4.94711,49.69577,2
3071,4.94618,49.69527,2
3072,4.94711,49.69577,2
3073,4.94618,49.69527,2
3074,4.94618,49.69527,2
3075,4.947964,49.695319,2
3076,4.94618,49.69527,2
3077,4.94618,49.69527,2
3078,4.947964,49.695319,2
3079,4.94618,49.69527,2
3080,4.947964,49.695319,2
3081,4.94618,49.69527,2
3082,4.94618,49.69527,2
3083,4.947964,49.695319,2
3084,4.94618,49.69527,2
3085,4.947964,49.695319,2
3086,4.94618,49.69527,2
3087,4.94618,49.69527,2
3088,4.947964,49.695319,2
3089,4.94618,49.69527,2
3090,4.947964,49.695319,2
3091,4.94618,49.69527,2
3092,4.947964,49.695319,2
3093,4.94618,49.69527,2
3094,4.947964,49.695319,2
3095,4.947964,49.695319,2
3096,4.94618,49.69527,2
3097,4.947964,49.695319,2
3098,4.94618,49.69527,2
3099,4.947964,49.695319,2
3100,4.94618,49.69527,2
3101,4.947964,49.695319,2
3102,4.94618,49.69527,2
3103,4.947964,49.695319,2
3104,4.94618,49.69527,2
3105,4.947964,49.695319,2
3106,4.94618,49.69527,2
3107,4.947964,49.695319,2
3108,4.94618,49.69527,2
3109,4.947964,49.695319,2
3110,4.94618,49.69527,2
3111,4.94618,49.69527,2
3112,4.94618,49.69527,2
3113,4.947964,49.695319,2
3114,4.94618,49.69527,2
3115,4.94618,49.69527,2
3116,4.947964,49.695319,2
3117,4.94618,49.69527,2
3118,4.947964,49.695319,2
3119,4.94618,49.69527,2
3120,4.947964,49.695319,2
3121,4.94618,49.69527,2
3122,4.947964,49.695319,2
3123,4.94618,49.69527,2
3124,4.94618,49.69527,2
3125,4.94699,49.69585,2
3126,4.94384,49.69527,2
3127,4.94618,49.69527,2
3128,4.94553,49.69855,2
3129,4.947964,49.695319,2
3130,4.94618,49.69527,2
3131,4.947964,49.695319,2
3132,4.94618,49.69527,2
3133,4.947964,49.695319,2
3134,4.94618,49.69527,2
3135,4.947964,49.695319,2
3136,4.94618,49.69527,2
3137,4.947964,49.695319,2
3138,4.94618,49.69527,2
3139,4.94618,49.69527,2
3140,4.947832,49.695727,2
3141,4.94618,49.69527,2
3142,4.947832,49.695727,2
3143,4.94618,49.69527,2
3144,4.947832,49.695727,2
3145,4.94618,49.69527,2
3146,4.947832,49.695727,2
3147,4.94618,49.69527,2
3148,4.947832,49.695727,2
3149,4.94618,49.69527,2
3150,4.947832,49.695727,2
3151,4.94618,49.69527,2
3152,4.94618,49.69527,2
3153,4.947832,49.695727,2
3154,4.94618,49.69527,2
3155,4.947832,49.695727,2
3156,4.94618,49.69527,2
3157,4.947832,49.695727,2
3158,4.94618,49.69527,2
3159,4.94758,49.69619,2
3160,4.94618,49.69527,2
3161,4.947832,49.695727,2
3162,4.94618,49.69527,2
3163,4.947832,49.695727,2
3164,4.94618,49.69527,2
3165,4.947832,49.695727,2
3166,4.94618,49.69527,2
3167,4.947832,49.695727,2
3168,4.94618,49.69527,2
3169,4.94618,49.69527,2
3170,4.94711,49.69577,2
3171,4.94618,49.69527,2
3172,4.947832,49.695727,2
3173,4.94711,49.69577,2
3174,4.94618,49.69527,2
3175,4.947832,49.695727,2
3176,4.94618,49.69527,2
3177,4.947832,49.695718,2
3178,4.94535,49.69489,2
3179,4.947832,49.695718,2
3180,4.94535,49.69489,2
3181,4.94574,49.69681,2
3182,4.947832,49.695718,2
3183,4.94535,49.69489,2
3184,4.94574,49.69681,2
3185,4.947832,49.695718,2
3186,4.94535,49.69489,2
3187,4.94574,49.69681,2
3188,4.947832,49.695718,2
3189,4.94535,49.69489,2
3190,4.94574,49.69681,2
3191,4.947832,49.695718,2
3192,4.94535,49.69489,2
3193,4.94574,49.69681,2
3194,4.947832,49.695718,2
3195,4.94535,49.69489,2
3196,4.94574,49.69681,2
3197,4.947832,49.695718,2
3198,4.94535,49.69489,2
3199,4.94574,49.69681,2
3200,4.947832,49.695718,2
3201,4.94535,49.69489,2
3202,4.94574,49.69681,2
3203,4.947832,49.695718,2
3204,4.94535,49.69489,2
3205,4.94574,49.69681,2
3206,4.947832,49.695718,2
3207,4.94604,49.6951,2
3208,4.94574,49.69681,2
3209,4.947832,49.695718,2
3210,4.94604,49.6951,2
3211,4.94574,49.69681,2
3212,4.94604,49.6951,2
3213,4.947832,49.695718,2
3214,4.94574,49.69681,2
3215,4.94604,49.6951,2
3216,4.94393,49.70238,2
3217,4.94604,49.6951,2
3218,4.94574,49.69681,2
3219,4.94604,49.6951,2
3220,4.947832,49.695718,2
3221,4.94574,49.69681,2
3222,4.94604,49.6951,2
3223,4.947832,49.695718,2
3224,4.94574,49.69681,2
3225,4.94604,49.6951,2
3226,4.947832,49.695718,2
3227,4.94604,49.6951,2
3228,4.94004,49.69614,2
3229,4.947832,49.695718,2
3230,4.94604,49.6951,2
3231,4.94004,49.69614,2
3232,4.947832,49.695718,2
3233,4.94643,49.69534,2
3234,4.94004,49.69614,2
3235,4.94643,49.69534,2
3236,4.947832,49.695718,2
3237,4.94004,49.69614,2
3238,4.94643,49.69534,2
3239,4.947832,49.695718,2
3240,4.94004,49.69614,2
3241,4.94643,49.69534,2
3242,4.947832,49.695718,2
3243,4.94004,49.69614,2
3244,4.94643,49.69534,2
3245,4.947832,49.695718,2
3246,4.94004,49.69614,2
3247,4.94643,49.69534,2
3248,4.947832,49.695718,2
3249,4.94004,49.69614,2
3250,4.94643,49.69534,2
3251,4.947832,49.695718,2
3252,4.947832,49.695718,2
3253,4.94004,49.69614,2
3254,4.94643,49.69534,2
3255,4.94643,49.69534,2
3256,4.94699,49.69585,2
3257,4.94004,49.69614,2
3258,4.94004,49.69614,2
3259,4.94643,49.69534,2
3260,4.94699,49.69585,2
3261,4.94004,49.69614,2
3262,4.94643,49.69534,2
3263,4.94699,49.69585,2
3264,4.94004,49.69614,2
3265,4.94643,49.69534,2
3266,4.94699,49.69585,2
3267,4.94643,49.69534,2
3268,4.94004,49.69614,2
3269,4.77654,49.59829,2
3270,4.77976,49.60212,2
3271,4.77749,49.59994,2
3272,4.79362,49.60426,2
3273,4.79362,49.60426,2
3274,4.7941,49.60308,2
3275,4.77749,49.59994,2
3276,4.79467,49.60505,2
3277,4.79362,49.60426,2
3278,4.79066,49.60632,2
3279,4.7893,49.60395,2
3280,4.7893,49.60395,2
3281,4.79233,49.60387,2
3282,4.78255,49.60858,2
3283,4.81309,49.5919,2
3284,4.81408,49.59986,2
3285,4.81408,49.59986,2
3286,4.79362,49.60426,2
3287,4.81408,49.59986,2
3288,4.77974,49.60101,2
3289,4.773239,49.593474,2
3290,4.81338,49.58168,2
3291,4.79482,49.60498,2
3292,4.77749,49.59994,2
3293,4.77974,49.60101,2
3294,4.79233,49.60387,2
3295,4.79086,49.60599,2
3296,4.79086,49.60599,2
3297,4.790759,49.604253,2
3298,4.7866,49.60314,2
3299,4.81309,49.5919,2
3300,4.77976,49.60212,2
3301,4.79362,49.60426,2
3302,4.794723,49.602438,2
3303,4.81477,49.58225,2
3304,4.77974,49.60101,2
3305,4.79566,49.6037,2
3306,4.79354,49.60421,2
3307,4.79362,49.60426,2
3308,4.79231,49.60497,2
3309,4.796,49.60493,2
3310,4.77654,49.59829,2
3311,4.77983,49.60213,2
3312,4.79362,49.60426,2
3313,4.79362,49.60426,2
3314,4.79362,49.60426,2
3315,4.79762,49.60266,2
3316,4.79362,49.60426,2
3317,4.796,49.60493,2
3318,4.79362,49.60426,2
3319,4.796,49.60493,2
3320,4.79362,49.60426,2
3321,4.79362,49.60426,2
3322,4.79362,49.60426,2
3323,4.79362,49.60426,2
3324,4.79362,49.60426,2
3325,4.79362,49.60426,2
3326,4.77654,49.59829,2
3327,4.79362,49.60426,2
3328,4.79362,49.60426,2
3329,4.79362,49.60426,2
3330,4.79362,49.60426,2
3331,4.79362,49.60426,2
3332,4.79362,49.60426,2
3333,4.77749,49.59994,2
3334,4.79551,49.60307,2
3335,4.79362,49.60426,2
3336,4.79362,49.60426,2
3337,4.79362,49.60426,2
3338,4.79514,49.60293,2
3339,4.79362,49.60426,2
3340,4.79362,49.60426,2
3341,4.79362,49.60426,2
3342,4.79362,49.60426,2
3343,4.79362,49.60426,2
3344,4.79492,49.60362,2
3345,4.79362,49.60426,2
3346,4.795195,49.605636,2
3347,4.795195,49.605636,2
3348,4.79453,49.60426,2
3349,4.795195,49.605636,2
3350,4.79429,49.60467,2
3351,4.79453,49.60426,2
3352,4.79532,49.60447,2
3353,4.79467,49.60469,2
3354,4.79381,49.60425,2
3355,4.79397,49.60439,2
3356,4.79413,49.60453,2
3357,4.79475,49.60502,2
3358,4.79443,49.6048,2
3359,4.79455,49.60492,2
3360,4.79419,49.60439,2
3361,4.77974,49.60182,2
3362,4.79475,49.60502,2
3363,4.79504,49.60543,2
3364,4.79517,49.60558,2
3365,4.7953,49.60573,2
3366,4.79475,49.60502,2
3367,4.79362,49.60426,2
3368,4.79532,49.60552,2
3369,4.79362,49.60426,2
3370,4.79331,49.60451,2
3371,4.77749,49.59994,2
3372,4.79362,49.60426,2
3373,4.79362,49.60426,2
3374,4.79362,49.60426,2
3375,4.79362,49.60426,2
3376,4.79491,49.60529,2
3377,4.79362,49.60426,2
3378,4.79362,49.60426,2
3379,4.7955,49.6038,2
3380,4.79362,49.60426,2
3381,4.79362,49.60426,2
3382,4.7941,49.60361,2
3383,4.79362,49.60426,2
3384,4.79362,49.60426,2
3385,4.79362,49.60426,2
3386,4.79362,49.60426,2
3387,4.79362,49.60426,2
3388,4.79362,49.60426,2
3389,4.7928,49.60466,2
3390,4.79243,49.60506,2
3391,4.78887,49.60793,2
3392,4.79302,49.60452,2
3393,4.79324,49.60439,2
3394,4.79298,49.60471,2
3395,4.7896,49.60703,2
3396,4.78844,49.60813,2
3397,4.79086,49.60599,2
3398,4.79362,49.60426,2
3399,4.79295,49.60427,2
3400,4.79323,49.60435,2
3401,4.7893,49.60395,2
3402,4.7893,49.60395,2
3403,4.77974,49.60182,2
3404,4.79319,49.60421,2
3405,4.7893,49.60395,2
3406,4.79061,49.604,2
3407,4.7893,49.60395,2
3408,4.7893,49.60395,2
3409,4.7893,49.60395,2
3410,4.79236,49.60422,2
3411,4.79165,49.60419,2
3412,4.79117,49.60416,2
3413,4.79076,49.60413,2
3414,4.79061,49.604,2
3415,4.77722,49.59999,2
3416,4.77749,49.59994,2
3417,4.78972,49.60405,2
3418,4.79233,49.60387,2
3419,4.79353,49.60345,2
3420,4.78887,49.60398,2
3421,4.78991,49.60394,2
3422,4.78928,49.60401,2
3423,4.78855,49.60397,2
3424,4.79041,49.6041,2
3425,4.78822,49.60396,2
3426,4.7879,49.60396,2
3427,4.787656,49.603831,2
3428,4.78652,49.60325,2
3429,4.787841,49.603953,2
3430,4.78623,49.60758,2
3431,4.79233,49.60387,2
3432,4.7893,49.60395,2
3433,4.79233,49.60387,2
3434,4.79236,49.60381,2
3435,4.79233,49.60387,2
3436,4.79233,49.60387,2
3437,4.7931,49.60385,2
3438,4.79331,49.60365,2
3439,4.79288,49.60404,2
3440,4.79323,49.60311,2
3441,4.7941,49.60308,2
3442,4.79323,49.60311,2
3443,4.79323,49.60311,2
3444,4.79323,49.60311,2
3445,4.79323,49.60311,2
3446,4.79323,49.60311,2
3447,4.79661,49.6037,2
3448,4.79661,49.6037,2
3449,4.79661,49.6037,2
3450,4.79661,49.6037,2
3451,4.79661,49.6037,2
3452,4.79661,49.6037,2
3453,4.79661,49.6037,2
3454,4.79661,49.6037,2
3455,4.79661,49.6037,2
3456,4.796,49.60493,2
3457,4.796,49.60493,2
3458,4.79557,49.60583,2
3459,4.79462,49.60465,2
3460,4.79566,49.6037,2
3461,4.79566,49.6037,2
3462,4.79462,49.60465,2
3463,4.79566,49.6037,2
3464,4.79629,49.60416,2
3465,4.79462,49.60465,2
3466,4.79462,49.60465,2
3467,4.79566,49.6037,2
3468,4.79549,49.60368,2
3469,4.79566,49.6037,2
3470,4.79551,49.60307,2
3471,4.79476,49.60279,2
3472,4.79405,49.60304,2
3473,4.79479,49.60517,2
3474,4.794723,49.602438,2
3475,4.79483,49.60208,2
3476,4.7941,49.60308,2
3477,4.79446,49.60061,2
3478,4.79428,49.60061,2
3479,4.795316,49.601546,2
3480,4.7941,49.59908,2
3481,4.81309,49.5919,2
3482,4.81309,49.5919,2
3483,4.81309,49.5919,2
3484,4.81309,49.5919,2
3485,4.81408,49.59986,2
3486,4.81408,49.59986,2
3487,4.77974,49.60182,2
3488,4.77974,49.60182,2
3489,4.77974,49.60182,2
3490,4.77974,49.60182,2
3491,4.77974,49.60182,2
3492,4.77983,49.60213,2
3493,4.77974,49.60182,2
3494,4.77974,49.60101,2
3495,4.77981,49.60137,2
3496,4.77974,49.60101,2
3497,4.77974,49.60101,2
3498,4.77986,49.60046,2
3499,4.77966,49.60095,2
3500,4.779,49.60165,2
3501,4.77974,49.60101,2
3502,4.779,49.60165,2
3503,4.77727,49.59949,2
3504,4.77749,49.59994,2
3505,4.77749,49.59994,2
3506,4.77774,49.60001,2
3507,4.77749,49.59994,2
3508,4.7775,49.59988,2
3509,4.77654,49.59829,2
3510,4.777627,49.599667,2
3511,4.77643,49.59986,2
3512,4.77749,49.59994,2
3513,4.77722,49.59999,2
3514,4.77654,49.59829,2
3515,4.779,49.60165,2
3516,4.77654,49.59829,2
3517,4.77654,49.59829,2
3518,4.77749,49.59994,2
3519,4.77882,49.59998,2
3520,4.81667,49.58286,2
3521,4.81594,49.58332,2
3522,4.81369,49.58191,2
3523,4.81397,49.58234,2
3524,4.81435,49.5824,2
3525,4.81377,49.58213,2
3526,4.81358,49.58191,2
3527,4.81338,49.58168,2
3528,4.79532,49.60552,2
3529,4.79453,49.60426,2
3530,4.813282,49.581437,2
3531,4.81319,49.58146,2
3532,4.812796,49.581384,2
3533,4.81266,49.58114,2
3534,4.79254,49.60614,2
3535,4.81252,49.58094,2
3536,4.81285,49.58132,2
3537,4.79288,49.60404,2
3538,4.79419,49.60312,2
3539,4.81289,49.58059,2
3540,4.81324,49.58065,2
3541,4.81332,49.58078,2
3542,4.81392,49.58076,2
3543,4.813603,49.58064,2
3544,4.81586,49.58329,2
3545,4.77983,49.60213,2
3546,4.7941,49.60308,2
3547,4.79532,49.60552,2
3548,4.79362,49.60426,2
3549,4.7893,49.60395,2
3550,4.7893,49.60395,2
3551,4.7941,49.60308,2
3552,4.77654,49.59829,2
3553,4.790908,49.604187,2
3554,4.79233,49.60387,2
3555,4.69587,49.69447,2
3556,4.69587,49.69447,2
3557,4.69505,49.69718,2
3558,4.704537,49.678723,2
3559,4.704285,49.678656,2
3560,4.68896,49.693123,2
3561,4.69635,49.69418,2
3562,4.69933,49.69927,2
3563,4.69649,49.69609,2
3564,4.700754,49.701051,2
3565,4.69535,49.69486,2
3566,4.69536,49.69487,2
3567,4.69536,49.69487,2
3568,4.69529,49.6948,2
3569,4.69492,49.69455,2
3570,4.69535,49.6948,2
3571,4.69535,49.6948,2
3572,4.695161,49.69453,2
3573,4.69505,49.69718,2
3574,4.69297,49.69494,2
3575,4.695616,49.699291,2
3576,4.69536,49.69487,2
3577,4.69444,49.69351,2
3578,4.703794,49.67853,2
3579,4.69297,49.69494,2
3580,4.69444,49.69351,2
3581,4.69444,49.69351,2
3582,4.687155,49.693616,2
3583,4.28496,49.92931,2
3584,4.290835,49.933295,2
3585,4.27744,49.92471,2
3586,4.27744,49.92471,2
3587,4.27744,49.92471,2
3588,4.28163,49.93501,2
3589,4.27411,49.92864,2
3590,4.285763,49.92947,2
3591,4.28501,49.92931,2
3592,4.285749,49.929479,2
3593,4.288025,49.928598,2
3594,4.288025,49.928598,2
3595,4.351157,49.943655,2
3596,4.29331,49.93621,2
3597,4.277643,49.923044,2
3598,4.71936,49.76636,2
3599,4.71917,49.76765,2
3600,4.71916,49.76834,2
3601,4.71917,49.77017,2
3602,4.71953,49.77036,2
3603,4.71953,49.77036,2
3604,4.71953,49.77004,2
3605,4.71953,49.76977,2
3606,4.71953,49.76951,2
3607,4.71543,49.76848,2
3608,4.71957,49.76884,2
3609,4.71957,49.76877,2
3610,4.71962,49.76718,2
3611,4.72024,49.76668,2
3612,4.7207,49.76664,2
3613,4.72122,49.76678,2
3614,4.72164,49.76689,2
3615,4.72164,49.76689,2
3616,4.7227,49.76733,2
3617,4.72122,49.76685,2
3618,4.72253,49.76715,2
3619,4.72253,49.76715,2
3620,4.72253,49.76715,2
3621,4.72149,49.76719,2
3622,4.72149,49.76719,2
3623,4.71607,49.76864,2
3624,4.71614,49.76814,2
3625,4.72322,49.76813,2
3626,4.72322,49.76813,2
3627,4.72322,49.76813,2
3628,4.71916,49.76834,2
3629,4.71916,49.76989,2
3630,4.72122,49.76685,2
3631,4.71949,49.76821,2
3632,4.71722,49.76761,2
3633,4.71936,49.76636,2
3634,4.71936,49.76636,2
3635,4.71936,49.76636,2
3636,4.71929,49.77052,2
3637,4.71929,49.77052,2
3638,4.71949,49.76821,2
3639,4.71949,49.76821,2
3640,4.72005,49.76841,2
3641,4.71958,49.76805,2
3642,4.63977,49.93212,2
3643,4.63549,49.93023,2
3644,4.63806,49.93196,2
3645,4.29539,49.86957,2
3646,4.295299,49.870159,2
3647,4.295417,49.870345,2
3648,4.295417,49.870354,2
3649,4.29539,49.86957,2
3650,4.29539,49.86957,2
3651,4.367,49.51102,2
3652,4.36853,49.50951,2
3653,4.3665,49.50852,2
3654,4.36433,49.51046,2
3655,4.36619,49.51114,2
3656,4.36632,49.51029,2
3657,4.36402,49.50981,2
3658,4.36619,49.50864,2
3659,4.36619,49.50864,2
3660,4.36619,49.50864,2
3661,4.36619,49.50864,2
3662,4.36732,49.51024,2
3663,4.36732,49.51024,2
3664,4.36767,49.51002,2
3665,4.36795,49.51017,2
3666,4.36879,49.50939,2
3667,4.36879,49.50939,2
3668,4.36879,49.50939,2
3669,4.36879,49.50939,2
3670,4.36588,49.51115,2
3671,4.36588,49.51115,2
3672,4.36454,49.51035,2
3673,4.36575,49.50991,2
3674,4.36616,49.50878,2
3675,4.36587,49.50903,2
3676,4.36525,49.50959,2
3677,4.36511,49.50971,2
3678,4.3652,49.50953,2
3679,4.36476,49.50909,2
3680,4.36414,49.50954,2
3681,4.36641,49.50861,2
3682,4.3664,49.50967,2
3683,4.36726,49.51088,2
3684,4.94574,49.69681,2
3685,4.94574,49.69681,2
3686,4.94384,49.69527,2
3687,4.94004,49.69614,2
3688,4.94004,49.69614,2
3689,4.94384,49.69527,2
3690,4.94384,49.69527,2
3691,4.94384,49.69527,2
3692,4.94332,49.69318,2
3693,4.94393,49.70238,2
3694,4.947832,49.695718,2
3695,4.94393,49.70238,2
3696,4.94618,49.69527,2
3697,4.94618,49.69527,2
3698,4.94618,49.69527,2
3699,4.94384,49.69527,2
3700,4.94511,49.69618,2
3701,4.94511,49.69618,2
3702,4.94511,49.69618,2
3703,4.94384,49.69527,2
3704,4.93766,49.69362,2
3705,4.93766,49.69362,2
3706,4.94332,49.69318,2
3707,4.94332,49.69318,2
3708,4.93904,49.69631,2
3709,4.94404,49.69411,2
3710,4.94553,49.69855,2
3711,4.94441,49.69478,2
3712,4.94618,49.69527,2
3713,4.946111,49.69403,2
3714,4.94618,49.69527,2
3715,4.94618,49.69527,2
3716,4.94618,49.69527,2
3717,4.94618,49.69527,2
3718,4.94618,49.69527,2
3719,4.94553,49.69855,2
3720,4.94393,49.70238,2
3721,4.94553,49.69855,2
3722,4.92931,49.70123,2
3723,4.947573,49.695534,2
3724,4.94004,49.69614,2
3725,4.947964,49.695319,2
3726,4.94618,49.69527,2
3727,4.94574,49.69681,2
3728,4.94618,49.69527,2
3729,4.79362,49.60426,2
3730,4.79362,49.60426,2
3731,4.795181,49.605628,2
3732,4.79007,49.60407,2
3733,4.79362,49.60426,2
3734,4.79362,49.60426,2
3735,4.79362,49.60426,2
3736,4.795181,49.605628,2
3737,4.79462,49.60465,2
3738,4.79701,49.604566,2
3739,4.79419,49.60312,2
3740,4.79362,49.60426,2
3741,4.77749,49.59994,2
3742,4.81477,49.58225,2
3743,4.81586,49.58329,2
3744,4.779,49.60165,2
3745,4.81477,49.58225,2
3746,4.77381,49.61931,2
3747,4.79587,49.60308,2
3748,4.79341,49.60771,2
3749,4.79587,49.60308,2
