"ID","Longitude","Latitude","ServiceTime (min)"
122702,4.73285,49.85485,2
122703,4.7378,49.85575,2
122704,4.7377,49.85569,2
122705,4.73777,49.85558,2
122706,4.73764,49.85549,2
122707,4.7375,49.85541,2
122708,4.73737,49.85533,2
122709,4.72909,49.85201,2
122710,4.73723,49.85524,2
122711,4.72909,49.85201,2
122712,4.73708,49.8553,2
122713,4.72909,49.85201,2
122714,4.72909,49.85201,2
122715,4.73698,49.85524,2
122716,4.72909,49.85201,2
122717,4.72909,49.85201,2
122718,4.73687,49.85518,2
122719,4.72909,49.85201,2
122720,4.73687,49.85518,2
122721,4.72909,49.85201,2
122722,4.72909,49.85201,2
122723,4.73677,49.85511,2
122724,4.72909,49.85201,2
122725,4.72909,49.85201,2
122726,4.73667,49.85505,2
122727,4.72658,49.85099,2
122728,4.73653,49.85502,2
122729,4.7364,49.85499,2
122730,4.73668,49.85493,2
122731,4.73626,49.85497,2
122732,4.7382,49.85607,2
122733,4.7382,49.85607,2
122734,4.7365,49.85489,2
122735,4.73632,49.85486,2
122736,4.73614,49.85483,2
122737,4.73596,49.85479,2
122738,4.73578,49.85476,2
122739,4.7354,49.85481,2
122740,4.73584,49.85489,2
122741,4.73612,49.85494,2
122742,4.73568,49.85492,2
122743,4.73572,49.85487,2
122744,4.73573,49.85484,2
122745,4.73369,49.85421,2
122746,4.73501,49.85472,2
122747,4.73445,49.8545,2
122748,4.73473,49.85461,2
122749,4.7321,49.85485,2
122750,4.73285,49.85485,2
122751,4.73417,49.85439,2
122752,4.7339,49.85429,2
122753,4.7339,49.85429,2
122754,4.7339,49.85429,2
122755,4.73454,49.8544,2
122756,4.7354,49.85477,2
122757,4.73354,49.85416,2
122758,4.73325,49.85406,2
122759,4.73352,49.85353,2
122760,4.7331,49.85401,2
122761,4.73295,49.85396,2
122762,4.7354,49.85477,2
122763,4.7326,49.85387,2
122764,4.73226,49.85378,2
122765,4.72909,49.85201,2
122766,4.73267,49.85377,2
122767,4.73267,49.85377,2
122768,4.7354,49.85477,2
122769,4.7322,49.85364,2
122770,4.73348,49.85401,2
122771,4.73213,49.85362,2
122772,4.73348,49.85401,2
122773,4.73197,49.85358,2
122774,4.7319,49.85356,2
122775,4.73184,49.85355,2
122776,4.73177,49.85353,2
122777,4.73171,49.85351,2
122778,4.73164,49.8535,2
122779,4.73158,49.85348,2
122780,4.73145,49.85345,2
122781,4.73138,49.85343,2
122782,4.73132,49.85341,2
122783,4.73124,49.85339,2
122784,4.73116,49.85337,2
122785,4.73107,49.85335,2
122786,4.73098,49.85333,2
122787,4.7309,49.8533,2
122788,4.73082,49.85328,2
122789,4.73076,49.85327,2
122790,4.73057,49.85322,2
122791,4.73045,49.85319,2
122792,4.73111,49.85348,2
122793,4.73089,49.85343,2
122794,4.73092,49.85316,2
122795,4.73076,49.85312,2
122796,4.73084,49.85314,2
122797,4.73068,49.8531,2
122798,4.73061,49.85308,2
122799,4.73127,49.85286,2
122800,4.73095,49.85303,2
122801,4.73051,49.8526,2
122802,4.73038,49.85283,2
122803,4.73027,49.85307,2
122804,4.7303,49.85327,2
122805,4.7304,49.85336,2
122806,4.73044,49.85329,2
122807,4.73035,49.85342,2
122808,4.7303,49.85349,2
122809,4.7302,49.85362,2
122810,4.73025,49.85356,2
122811,4.73466,49.85485,2
122812,4.73015,49.85369,2
122813,4.7301,49.85375,2
122814,4.73006,49.85382,2
122815,4.73001,49.85389,2
122816,4.72996,49.85395,2
122817,4.72991,49.85402,2
122818,4.72986,49.85408,2
122819,4.72981,49.85415,2
122820,4.72976,49.85422,2
122821,4.73,49.85374,2
122822,4.72974,49.85429,2
122823,4.73044,49.85453,2
122824,4.73196,49.85368,2
122825,4.73191,49.85374,2
122826,4.73187,49.85379,2
122827,4.73182,49.85385,2
122828,4.73178,49.85391,2
122829,4.73173,49.85397,2
122830,4.73168,49.85402,2
122831,4.73164,49.85408,2
122832,4.73159,49.85414,2
122833,4.73155,49.8542,2
122834,4.7315,49.85425,2
122835,4.73146,49.85431,2
122836,4.73141,49.85437,2
122837,4.73137,49.85442,2
122838,4.73132,49.85448,2
122839,4.73127,49.85454,2
122840,4.73123,49.8546,2
122841,4.73118,49.85465,2
122842,4.73114,49.85471,2
122843,4.73285,49.85485,2
122844,4.73321,49.85482,2
122845,4.73285,49.85485,2
122846,4.73098,49.85466,2
122847,4.73102,49.8546,2
122848,4.73107,49.85454,2
122849,4.73111,49.85449,2
122850,4.73116,49.85443,2
122851,4.73121,49.85437,2
122852,4.73125,49.85431,2
122853,4.7313,49.85426,2
122854,4.73134,49.8542,2
122855,4.73139,49.85414,2
122856,4.73143,49.85409,2
122857,4.73148,49.85403,2
122858,4.73152,49.85397,2
122859,4.73157,49.85391,2
122860,4.73162,49.85386,2
122861,4.73166,49.8538,2
122862,4.73171,49.85374,2
122863,4.7303,49.85327,2
122864,4.73175,49.85368,2
122865,4.7318,49.85363,2
122866,4.72917,49.85135,2
122867,4.73006,49.85172,2
122868,4.73131,49.85218,2
122869,4.73115,49.85211,2
122870,4.73099,49.85203,2
122871,4.73084,49.85196,2
122872,4.73069,49.85188,2
122873,4.73053,49.85181,2
122874,4.73038,49.85173,2
122875,4.73022,49.85166,2
122876,4.73007,49.85158,2
122877,4.72909,49.85201,2
122878,4.72992,49.85151,2
122879,4.72976,49.85143,2
122880,4.72976,49.85143,2
122881,4.72947,49.85143,2
122882,4.72963,49.85152,2
122883,4.72972,49.85156,2
122884,4.7298,49.8516,2
122885,4.72989,49.85164,2
122886,4.72997,49.85168,2
122887,4.73014,49.85176,2
122888,4.73022,49.8518,2
122889,4.73031,49.85184,2
122890,4.73039,49.85188,2
122891,4.73048,49.85193,2
122892,4.73056,49.85197,2
122893,4.73065,49.85201,2
122894,4.73073,49.85205,2
122895,4.73081,49.85209,2
122896,4.7309,49.85213,2
122897,4.73098,49.85217,2
122898,4.73107,49.85221,2
122899,4.73116,49.85225,2
122900,4.73124,49.85229,2
122901,4.73176,49.85257,2
122902,4.73135,49.85238,2
122903,4.73268,49.85318,2
122904,4.73195,49.85274,2
122905,4.73204,49.85278,2
122906,4.73212,49.85282,2
122907,4.7322,49.85286,2
122908,4.73228,49.8529,2
122909,4.73237,49.85295,2
122910,4.73245,49.85299,2
122911,4.73253,49.85303,2
122912,4.73261,49.85307,2
122913,4.73269,49.85311,2
122914,4.73278,49.85315,2
122915,4.73286,49.8532,2
122916,4.73294,49.85324,2
122917,4.73302,49.85328,2
122918,4.7331,49.85332,2
122919,4.73319,49.85336,2
122920,4.73327,49.85341,2
122921,4.73335,49.85345,2
122922,4.73343,49.85349,2
122923,4.73352,49.85353,2
122924,4.73312,49.85387,2
122925,4.73307,49.85381,2
122926,4.73301,49.85374,2
122927,4.73296,49.85368,2
122928,4.7329,49.85361,2
122929,4.73285,49.85355,2
122930,4.73276,49.8535,2
122931,4.73267,49.85345,2
122932,4.73258,49.85341,2
122933,4.73239,49.85332,2
122934,4.7323,49.85328,2
122935,4.73211,49.85319,2
122936,4.73193,49.8531,2
122937,4.73183,49.85306,2
122938,4.73174,49.85301,2
122939,4.73202,49.85315,2
122940,4.73229,49.85335,2
122941,4.73229,49.85335,2
122942,4.73268,49.85318,2
122943,4.73268,49.85318,2
122944,4.73268,49.85318,2
122945,4.72921,49.85216,2
122946,4.72413,49.84958,2
122947,4.72648,49.85031,2
122948,4.72739,49.85058,2
122949,4.72749,49.85079,2
122950,4.72754,49.85134,2
122951,4.72734,49.85121,2
122952,4.72731,49.85103,2
122953,4.72731,49.85085,2
122954,4.72749,49.85104,2
122955,4.72763,49.85124,2
122956,4.72206,49.85015,2
122957,4.72205,49.85027,2
122958,4.72754,49.85118,2
122959,4.72256,49.85035,2
122960,4.72306,49.85044,2
122961,4.72679,49.85094,2
122962,4.7261,49.85086,2
122963,4.72658,49.85099,2
122964,4.72699,49.85119,2
122965,4.72743,49.85137,2
122966,4.72804,49.85141,2
122967,4.72844,49.85095,2
122968,4.72864,49.85161,2
122969,4.7291,49.85192,2
122970,4.72909,49.85201,2
122971,4.72955,49.85224,2
122972,4.72988,49.85262,2
122973,4.73048,49.85494,2
122974,4.72844,49.85095,2
122975,4.73026,49.85482,2
122976,4.73005,49.85469,2
122977,4.72964,49.85442,2
122978,4.7298,49.85499,2
122979,4.73,49.85506,2
122980,4.7302,49.85512,2
122981,4.73047,49.85505,2
122982,4.73047,49.85505,2
122983,4.73047,49.85505,2
122984,4.73034,49.85531,2
122985,4.73377,49.85659,2
122986,4.73212,49.85617,2
122987,4.73667,49.85505,2
122988,4.73098,49.85541,2
122989,4.73055,49.85508,2
122990,4.73038,49.85317,2
122991,4.73038,49.85317,2
122992,4.7303,49.85327,2
122993,4.72996,49.85293,2
122994,4.72769,49.85082,2
122995,4.72961,49.85254,2
122996,4.72921,49.85216,2
122997,4.72846,49.85167,2
122998,4.72782,49.85147,2
122999,4.72961,49.85136,2
123000,4.72822,49.85092,2
123001,4.72887,49.85111,2
123002,4.7285,49.85092,2
123003,4.72812,49.85073,2
123004,4.72929,49.85125,2
123005,4.73269,49.85261,2
123006,4.73281,49.85259,2
123007,4.73325,49.85406,2
123008,4.73279,49.85251,2
123009,4.73477,49.85317,2
123010,4.7354,49.85477,2
123011,4.73388,49.85308,2
123012,4.73375,49.85322,2
123013,4.73362,49.85336,2
123014,4.73349,49.8535,2
123015,4.73376,49.85332,2
123016,4.7382,49.85607,2
123017,4.7382,49.85607,2
123018,4.7382,49.85607,2
123019,4.7382,49.85607,2
123020,4.7382,49.85607,2
123021,4.73376,49.85332,2
123022,4.73376,49.85332,2
123023,4.73285,49.85485,2
123024,4.7354,49.85477,2
123025,4.73376,49.85332,2
123026,4.73376,49.85332,2
123027,4.7382,49.85607,2
123028,4.72598,49.85071,2
123029,4.7264,49.8508,2
123030,4.73348,49.85401,2
123031,4.73348,49.85401,2
123032,4.73168,49.75212,2
123033,4.73144,49.75291,2
123034,4.72982,49.7519,2
123035,4.73128,49.75296,2
123036,4.73128,49.75296,2
123037,4.73113,49.75301,2
123038,4.73097,49.75306,2
123039,4.73097,49.75306,2
123040,4.73097,49.75306,2
123041,4.73097,49.75306,2
123042,4.73021,49.75333,2
123043,4.73021,49.75333,2
123044,4.73021,49.75333,2
123045,4.73021,49.75333,2
123046,4.73021,49.75333,2
123047,4.72709,49.7493,2
123048,4.73021,49.75333,2
123049,4.73021,49.75333,2
123050,4.73021,49.75333,2
123051,4.73021,49.75333,2
123052,4.73021,49.75333,2
123053,4.72964,49.75347,2
123054,4.72624,49.74844,2
123055,4.72944,49.75351,2
123056,4.72924,49.75356,2
123057,4.72924,49.75356,2
123058,4.73021,49.75333,2
123059,4.72884,49.75365,2
123060,4.72863,49.75367,2
123061,4.72927,49.75367,2
123062,4.72841,49.75368,2
123063,4.7316,49.75282,2
123064,4.7282,49.75369,2
123065,4.72799,49.7537,2
123066,4.72799,49.7537,2
123067,4.72848,49.75098,2
123068,4.72799,49.7537,2
123069,4.72778,49.75371,2
123070,4.72778,49.75371,2
123071,4.72778,49.75371,2
123072,4.72778,49.75371,2
123073,4.7264,49.74883,2
123074,4.72735,49.75373,2
123075,4.72735,49.75373,2
123076,4.72714,49.75375,2
123077,4.72714,49.75375,2
123078,4.72693,49.75376,2
123079,4.72671,49.75377,2
123080,4.7265,49.75378,2
123081,4.7265,49.75378,2
123082,4.72973,49.75184,2
123083,4.72629,49.75379,2
123084,4.730466,49.75325,2
123085,4.72912,49.74835,2
123086,4.730466,49.75325,2
123087,4.73141,49.75157,2
123088,4.7191,49.76014,2
123089,4.72679,49.75388,2
123090,4.72692,49.75387,2
123091,4.72692,49.75387,2
123092,4.72705,49.75387,2
123093,4.72719,49.75386,2
123094,4.72719,49.75386,2
123095,4.73039,49.74932,2
123096,4.73052,49.74955,2
123097,4.72719,49.75386,2
123098,4.73069,49.74986,2
123099,4.73069,49.74986,2
123100,4.72719,49.75386,2
123101,4.72613,49.74505,2
123102,4.72719,49.75386,2
123103,4.72719,49.75386,2
123104,4.72732,49.75385,2
123105,4.72781,49.75022,2
123106,4.72781,49.75022,2
123107,4.72732,49.75385,2
123108,4.72781,49.75022,2
123109,4.72709,49.7493,2
123110,4.73032,49.7492,2
123111,4.73032,49.7492,2
123112,4.73032,49.7492,2
123113,4.73032,49.7492,2
123114,4.73032,49.7492,2
123115,4.73032,49.7492,2
123116,4.73073,49.75011,2
123117,4.73032,49.7492,2
123118,4.73073,49.75011,2
123119,4.73032,49.7492,2
123120,4.73032,49.7492,2
123121,4.73032,49.7492,2
123122,4.73039,49.74932,2
123123,4.73039,49.74932,2
123124,4.73039,49.74932,2
123125,4.73039,49.74932,2
123126,4.73039,49.74932,2
123127,4.73039,49.74932,2
123128,4.73039,49.74932,2
123129,4.73039,49.74932,2
123130,4.73039,49.74932,2
123131,4.73039,49.74932,2
123132,4.73039,49.74932,2
123133,4.73046,49.74944,2
123134,4.73046,49.74944,2
123135,4.73046,49.74944,2
123136,4.73046,49.74944,2
123137,4.73046,49.74944,2
123138,4.73046,49.74944,2
123139,4.73046,49.74944,2
123140,4.73046,49.74944,2
123141,4.73046,49.74944,2
123142,4.73046,49.74944,2
123143,4.73052,49.74955,2
123144,4.73052,49.74955,2
123145,4.73052,49.74955,2
123146,4.72563,49.74784,2
123147,4.73052,49.74955,2
123148,4.72563,49.74784,2
123149,4.72563,49.74784,2
123150,4.73052,49.74955,2
123151,4.72563,49.74784,2
123152,4.73052,49.74955,2
123153,4.73052,49.74955,2
123154,4.73052,49.74955,2
123155,4.73052,49.74955,2
123156,4.73052,49.74955,2
123157,4.73069,49.74986,2
123158,4.73069,49.74986,2
123159,4.73069,49.74986,2
123160,4.73069,49.74986,2
123161,4.73069,49.74986,2
123162,4.73069,49.74986,2
123163,4.7191,49.76014,2
123164,4.73069,49.74986,2
123165,4.73069,49.74986,2
123166,4.73069,49.74986,2
123167,4.73069,49.74986,2
123168,4.73095,49.75035,2
123169,4.73095,49.75035,2
123170,4.73095,49.75035,2
123171,4.73095,49.75035,2
123172,4.73095,49.75035,2
123173,4.72939,49.75365,2
123174,4.73095,49.75035,2
123175,4.73095,49.75035,2
123176,4.73095,49.75035,2
123177,4.73095,49.75035,2
123178,4.73095,49.75035,2
123179,4.72613,49.74505,2
123180,4.72613,49.74505,2
123181,4.72613,49.74505,2
123182,4.72613,49.74505,2
123183,4.72613,49.74505,2
123184,4.72613,49.74505,2
123185,4.72613,49.74505,2
123186,4.72613,49.74505,2
123187,4.72613,49.74505,2
123188,4.72613,49.74505,2
123189,4.72613,49.74505,2
123190,4.72613,49.74505,2
123191,4.72613,49.74505,2
123192,4.72613,49.74505,2
123193,4.72613,49.74505,2
123194,4.72613,49.74505,2
123195,4.72613,49.74505,2
123196,4.72613,49.74505,2
123197,4.72613,49.74505,2
123198,4.72747,49.74968,2
123199,4.72613,49.74505,2
123200,4.72747,49.74968,2
123201,4.72741,49.74961,2
123202,4.72613,49.74505,2
123203,4.72747,49.74968,2
123204,4.72613,49.74505,2
123205,4.72753,49.74974,2
123206,4.72753,49.74974,2
123207,4.72613,49.74505,2
123208,4.72753,49.74974,2
123209,4.72753,49.74974,2
123210,4.72613,49.74505,2
123211,4.72759,49.7498,2
123212,4.72613,49.74505,2
123213,4.72613,49.74505,2
123214,4.72764,49.74985,2
123215,4.72613,49.74505,2
123216,4.7277,49.7499,2
123217,4.72613,49.74505,2
123218,4.7277,49.7499,2
123219,4.72781,49.75,2
123220,4.72613,49.74505,2
123221,4.72786,49.75006,2
123222,4.72613,49.74505,2
123223,4.72786,49.75006,2
123224,4.72613,49.74505,2
123225,4.72792,49.75011,2
123226,4.73002,49.75202,2
123227,4.73002,49.75202,2
123228,4.72797,49.75016,2
123229,4.73002,49.75202,2
123230,4.72797,49.75016,2
123231,4.73002,49.75202,2
123232,4.72803,49.75022,2
123233,4.73002,49.75202,2
123234,4.73002,49.75202,2
123235,4.72808,49.75029,2
123236,4.73002,49.75202,2
123237,4.73002,49.75202,2
123238,4.72819,49.75042,2
123239,4.72982,49.7519,2
123240,4.72825,49.75048,2
123241,4.72973,49.75184,2
123242,4.72825,49.75048,2
123243,4.72973,49.75184,2
123244,4.72825,49.75048,2
123245,4.72992,49.75196,2
123246,4.72963,49.75178,2
123247,4.72836,49.75061,2
123248,4.72943,49.75166,2
123249,4.72842,49.75067,2
123250,4.72943,49.75166,2
123251,4.72847,49.75074,2
123252,4.72943,49.75166,2
123253,4.72847,49.75074,2
123254,4.72943,49.75166,2
123255,4.72858,49.75086,2
123256,4.72943,49.75166,2
123257,4.72858,49.75086,2
123258,4.72943,49.75166,2
123259,4.72858,49.75086,2
123260,4.72934,49.7516,2
123261,4.72858,49.75086,2
123262,4.72934,49.7516,2
123263,4.72858,49.75086,2
123264,4.72934,49.7516,2
123265,4.72864,49.75093,2
123266,4.72934,49.7516,2
123267,4.72864,49.75093,2
123268,4.72924,49.75154,2
123269,4.72869,49.75099,2
123270,4.72728,49.74949,2
123271,4.72914,49.75148,2
123272,4.72875,49.75106,2
123273,4.72914,49.75148,2
123274,4.72882,49.75111,2
123275,4.72914,49.75148,2
123276,4.72882,49.75111,2
123277,4.72914,49.75148,2
123278,4.72898,49.75122,2
123279,4.72914,49.75148,2
123280,4.72898,49.75122,2
123281,4.72904,49.75142,2
123282,4.72898,49.75122,2
123283,4.72895,49.75135,2
123284,4.72898,49.75122,2
123285,4.72904,49.75142,2
123286,4.72904,49.75142,2
123287,4.72904,49.75142,2
123288,4.72898,49.75122,2
123289,4.72904,49.75142,2
123290,4.72898,49.75122,2
123291,4.72904,49.75142,2
123292,4.72898,49.75122,2
123293,4.72904,49.75142,2
123294,4.72904,49.75142,2
123295,4.72898,49.75122,2
123296,4.72904,49.75142,2
123297,4.72906,49.75127,2
123298,4.72884,49.75129,2
123299,4.72914,49.75131,2
123300,4.72873,49.75122,2
123301,4.72914,49.75131,2
123302,4.72873,49.75122,2
123303,4.7293,49.75141,2
123304,4.72873,49.75122,2
123305,4.72938,49.75146,2
123306,4.72848,49.75098,2
123307,4.72953,49.75156,2
123308,4.72953,49.75156,2
123309,4.72848,49.75098,2
123310,4.72961,49.75161,2
123311,4.72848,49.75098,2
123312,4.72961,49.75161,2
123313,4.72848,49.75098,2
123314,4.72977,49.75171,2
123315,4.7284,49.75089,2
123316,4.72985,49.75176,2
123317,4.7284,49.75089,2
123318,4.72985,49.75176,2
123319,4.7284,49.75089,2
123320,4.72985,49.75176,2
123321,4.7284,49.75089,2
123322,4.73001,49.75186,2
123323,4.7284,49.75089,2
123324,4.73001,49.75186,2
123325,4.7284,49.75089,2
123326,4.73001,49.75186,2
123327,4.73001,49.75186,2
123328,4.72833,49.75081,2
123329,4.73001,49.75186,2
123330,4.72993,49.75181,2
123331,4.72833,49.75081,2
123332,4.73001,49.75186,2
123333,4.72833,49.75081,2
123334,4.73001,49.75186,2
123335,4.73008,49.7519,2
123336,4.72833,49.75081,2
123337,4.72833,49.75081,2
123338,4.73008,49.7519,2
123339,4.72825,49.75072,2
123340,4.73008,49.7519,2
123341,4.72825,49.75072,2
123342,4.72825,49.75072,2
123343,4.73008,49.7519,2
123344,4.73016,49.75195,2
123345,4.7281,49.75055,2
123346,4.73016,49.75195,2
123347,4.73016,49.75195,2
123348,4.73016,49.75195,2
123349,4.72788,49.75029,2
123350,4.73016,49.75195,2
123351,4.72788,49.75029,2
123352,4.73016,49.75195,2
123353,4.72788,49.75029,2
123354,4.73016,49.75195,2
123355,4.72681,49.74924,2
123356,4.72781,49.75022,2
123357,4.73016,49.75195,2
123358,4.72781,49.75022,2
123359,4.73016,49.75195,2
123360,4.72781,49.75022,2
123361,4.73024,49.752,2
123362,4.72781,49.75022,2
123363,4.73038,49.75211,2
123364,4.73038,49.75211,2
123365,4.72781,49.75022,2
123366,4.73044,49.75217,2
123367,4.72781,49.75022,2
123368,4.73044,49.75217,2
123369,4.72781,49.75022,2
123370,4.73044,49.75217,2
123371,4.73044,49.75217,2
123372,4.72781,49.75022,2
123373,4.73044,49.75217,2
123374,4.73044,49.75217,2
123375,4.72781,49.75022,2
123376,4.73044,49.75217,2
123377,4.73161,49.75196,2
123378,4.72786,49.75006,2
123379,4.72781,49.75022,2
123380,4.73151,49.75177,2
123381,4.73146,49.75167,2
123382,4.72781,49.75022,2
123383,4.73146,49.75167,2
123384,4.72781,49.75022,2
123385,4.73146,49.75167,2
123386,4.72781,49.75022,2
123387,4.73146,49.75167,2
123388,4.72781,49.75022,2
123389,4.73146,49.75167,2
123390,4.72781,49.75022,2
123391,4.73146,49.75167,2
123392,4.72781,49.75022,2
123393,4.73141,49.75157,2
123394,4.72703,49.74924,2
123395,4.72781,49.75022,2
123396,4.73141,49.75157,2
123397,4.72781,49.75022,2
123398,4.73141,49.75157,2
123399,4.72781,49.75022,2
123400,4.73141,49.75157,2
123401,4.72781,49.75022,2
123402,4.73141,49.75157,2
123403,4.72781,49.75022,2
123404,4.73141,49.75157,2
123405,4.72781,49.75022,2
123406,4.73136,49.75148,2
123407,4.72781,49.75022,2
123408,4.73136,49.75148,2
123409,4.72752,49.74994,2
123410,4.7313,49.75138,2
123411,4.72745,49.74987,2
123412,4.73125,49.75128,2
123413,4.73125,49.75128,2
123414,4.72732,49.74974,2
123415,4.7312,49.75118,2
123416,4.72732,49.74974,2
123417,4.73115,49.75108,2
123418,4.72732,49.74974,2
123419,4.72732,49.74974,2
123420,4.73109,49.75098,2
123421,4.72732,49.74974,2
123422,4.72707,49.74949,2
123423,4.73104,49.75088,2
123424,4.727,49.74943,2
123425,4.73099,49.75078,2
123426,4.727,49.74943,2
123427,4.73093,49.75068,2
123428,4.72694,49.74937,2
123429,4.73089,49.7506,2
123430,4.72681,49.74924,2
123431,4.73089,49.7506,2
123432,4.72688,49.7493,2
123433,4.73086,49.75054,2
123434,4.72681,49.74924,2
123435,4.73076,49.75036,2
123436,4.72681,49.74924,2
123437,4.72681,49.74924,2
123438,4.73073,49.75029,2
123439,4.72681,49.74924,2
123440,4.7307,49.75023,2
123441,4.72675,49.74918,2
123442,4.72662,49.74905,2
123443,4.7306,49.75005,2
123444,4.73057,49.74999,2
123445,4.72563,49.74784,2
123446,4.7264,49.74883,2
123447,4.7264,49.74883,2
123448,4.73047,49.74981,2
123449,4.7264,49.74883,2
123450,4.73044,49.74974,2
123451,4.7304,49.74968,2
123452,4.7266,49.74893,2
123453,4.7304,49.74968,2
123454,4.7264,49.74883,2
123455,4.7304,49.74968,2
123456,4.7263,49.74874,2
123457,4.7263,49.74874,2
123458,4.7304,49.74968,2
123459,4.7304,49.74968,2
123460,4.7263,49.74874,2
123461,4.7304,49.74968,2
123462,4.7263,49.74874,2
123463,4.7304,49.74968,2
123464,4.73073,49.75011,2
123465,4.7263,49.74874,2
123466,4.73073,49.75011,2
123467,4.73073,49.75011,2
123468,4.7263,49.74874,2
123469,4.73073,49.75011,2
123470,4.7263,49.74874,2
123471,4.73073,49.75011,2
123472,4.73013,49.74885,2
123473,4.7263,49.74874,2
123474,4.72619,49.74861,2
123475,4.73073,49.75011,2
123476,4.72619,49.74861,2
123477,4.72619,49.74861,2
123478,4.73006,49.74873,2
123479,4.72625,49.74868,2
123480,4.73073,49.75011,2
123481,4.7284,49.75089,2
123482,4.73073,49.75011,2
123483,4.73073,49.75011,2
123484,4.72613,49.74855,2
123485,4.73073,49.75011,2
123486,4.73073,49.75011,2
123487,4.72608,49.74849,2
123488,4.73073,49.75011,2
123489,4.72602,49.74843,2
123490,4.73073,49.75011,2
123491,4.72591,49.74831,2
123492,4.73073,49.75011,2
123493,4.72585,49.74824,2
123494,4.73073,49.75011,2
123495,4.72579,49.74818,2
123496,4.73073,49.75011,2
123497,4.72603,49.74821,2
123498,4.73073,49.75011,2
123499,4.72566,49.74806,2
123500,4.73073,49.75011,2
123501,4.7256,49.74801,2
123502,4.73073,49.75011,2
123503,4.72553,49.74795,2
123504,4.729216,49.741694,2
123505,4.73073,49.75011,2
123506,4.72547,49.74789,2
123507,4.73073,49.75011,2
123508,4.72507,49.74754,2
123509,4.73073,49.75011,2
123510,4.72522,49.74748,2
123511,4.72539,49.74763,2
123512,4.73073,49.75011,2
123513,4.72555,49.74777,2
123514,4.73073,49.75011,2
123515,4.72555,49.74777,2
123516,4.72957,49.74817,2
123517,4.72555,49.74777,2
123518,4.72973,49.74814,2
123519,4.72555,49.74777,2
123520,4.72973,49.74814,2
123521,4.72986,49.74837,2
123522,4.72563,49.74784,2
123523,4.72999,49.74861,2
123524,4.72563,49.74784,2
123525,4.73019,49.74896,2
123526,4.7258,49.74799,2
123527,4.73026,49.74908,2
123528,4.7258,49.74799,2
123529,4.72967,49.74974,2
123530,4.72596,49.74813,2
123531,4.72962,49.74965,2
123532,4.7261,49.74829,2
123533,4.72957,49.74955,2
123534,4.7261,49.74829,2
123535,4.72952,49.74946,2
123536,4.7261,49.74829,2
123537,4.72947,49.74936,2
123538,4.72624,49.74844,2
123539,4.72945,49.75151,2
123540,4.72941,49.74926,2
123541,4.72631,49.74852,2
123542,4.72936,49.74917,2
123543,4.72631,49.74852,2
123544,4.72638,49.74859,2
123545,4.72936,49.74917,2
123546,4.72638,49.74859,2
123547,4.72931,49.74907,2
123548,4.72926,49.74815,2
123549,4.72931,49.74907,2
123550,4.72926,49.74898,2
123551,4.72926,49.74815,2
123552,4.72926,49.74898,2
123553,4.72661,49.74883,2
123554,4.72921,49.74888,2
123555,4.72661,49.74883,2
123556,4.72916,49.74878,2
123557,4.7267,49.74892,2
123558,4.72747,49.74968,2
123559,4.72916,49.74878,2
123560,4.7267,49.74892,2
123561,4.72911,49.74869,2
123562,4.72677,49.74899,2
123563,4.72911,49.74869,2
123564,4.72858,49.75086,2
123565,4.72677,49.74899,2
123566,4.72911,49.74869,2
123567,4.72684,49.74905,2
123568,4.72905,49.74859,2
123569,4.7191,49.76014,2
123570,4.7191,49.76014,2
123571,4.7269,49.74911,2
123572,4.729,49.7485,2
123573,4.7269,49.74911,2
123574,4.73001,49.75186,2
123575,4.729,49.7485,2
123576,4.73008,49.7519,2
123577,4.72696,49.74918,2
123578,4.73008,49.7519,2
123579,4.72895,49.7484,2
123580,4.73016,49.75195,2
123581,4.72703,49.74924,2
123582,4.72703,49.74924,2
123583,4.73032,49.75205,2
123584,4.7289,49.7483,2
123585,4.72703,49.74924,2
123586,4.72909,49.7483,2
123587,4.73044,49.75217,2
123588,4.72703,49.74924,2
123589,4.72915,49.74841,2
123590,4.73093,49.75068,2
123591,4.72921,49.74852,2
123592,4.73093,49.75068,2
123593,4.72921,49.74852,2
123594,4.73093,49.75068,2
123595,4.72921,49.74852,2
123596,4.7304,49.74968,2
123597,4.72921,49.74852,2
123598,4.73073,49.75011,2
123599,4.72709,49.7493,2
123600,4.72921,49.74852,2
123601,4.73073,49.75011,2
123602,4.72709,49.7493,2
123603,4.72926,49.74863,2
123604,4.72709,49.7493,2
123605,4.73073,49.75011,2
123606,4.72709,49.7493,2
123607,4.72924,49.74857,2
123608,4.72709,49.7493,2
123609,4.72932,49.74874,2
123610,4.72921,49.74852,2
123611,4.72709,49.7493,2
123612,4.7316,49.75243,2
123613,4.72935,49.74879,2
123614,4.73169,49.75244,2
123615,4.72709,49.7493,2
123616,4.72944,49.74896,2
123617,4.72709,49.7493,2
123618,4.7316,49.75282,2
123619,4.72709,49.7493,2
123620,4.72947,49.74901,2
123621,4.73161,49.75288,2
123622,4.72722,49.74943,2
123623,4.72947,49.74901,2
123624,4.72722,49.74943,2
123625,4.7295,49.74907,2
123626,4.73153,49.75239,2
123627,4.73142,49.75251,2
123628,4.72722,49.74943,2
123629,4.72953,49.74912,2
123630,4.73146,49.75247,2
123631,4.72722,49.74943,2
123632,4.72953,49.74912,2
123633,4.73157,49.75234,2
123634,4.72722,49.74943,2
123635,4.72956,49.74918,2
123636,4.72722,49.74943,2
123637,4.72959,49.74923,2
123638,4.72722,49.74943,2
123639,4.72968,49.7494,2
123640,4.73168,49.75222,2
123641,4.72715,49.74936,2
123642,4.7297,49.74945,2
123643,4.73168,49.75217,2
123644,4.72734,49.74955,2
123645,4.73168,49.75212,2
123646,4.72734,49.74955,2
123647,4.72973,49.74951,2
123648,4.73021,49.75333,2
123649,4.72734,49.74955,2
123650,4.72976,49.74956,2
123651,4.72734,49.74955,2
123652,4.72979,49.74962,2
123653,4.72719,49.75386,2
123654,4.72734,49.74955,2
123655,4.72979,49.74962,2
123656,4.72943,49.75166,2
123657,4.72982,49.74967,2
123658,4.72924,49.75154,2
123659,4.72741,49.74961,2
123660,4.73171,49.75285,2
123661,4.72741,49.74961,2
123662,4.73155,49.75285,2
123663,4.72914,49.75148,2
123664,4.72904,49.75142,2
123665,4.73155,49.75285,2
123666,4.72895,49.75135,2
123667,4.7316,49.75282,2
123668,4.7316,49.75243,2
123669,4.72848,49.75098,2
123670,4.73155,49.75285,2
123671,4.72795,49.75038,2
123672,4.73163,49.75285,2
123673,4.72788,49.75029,2
123674,4.73167,49.75295,2
123675,4.73142,49.75283,2
123676,4.72732,49.74974,2
123677,4.73142,49.75283,2
123678,4.7264,49.74883,2
123679,4.73137,49.75269,2
123680,4.7266,49.74893,2
123681,4.73134,49.75265,2
123682,4.72661,49.74883,2
123683,4.73134,49.7526,2
123684,4.72661,49.74883,2
123685,4.7267,49.74892,2
123686,4.73142,49.75251,2
123687,4.72709,49.7493,2
123688,4.73073,49.75011,2
123689,4.73142,49.75251,2
123690,4.73142,49.75251,2
123691,4.73146,49.75247,2
123692,4.73146,49.75247,2
123693,4.73146,49.75247,2
123694,4.73153,49.75239,2
123695,4.73157,49.75234,2
123696,4.73168,49.75222,2
123697,4.73165,49.75226,2
123698,4.73168,49.75222,2
123699,4.73168,49.75222,2
123700,4.73168,49.75222,2
123701,4.73168,49.75222,2
123702,4.73168,49.75222,2
123703,4.73168,49.75222,2
123704,4.73168,49.75222,2
123705,4.71722,49.77344,2
123706,4.71818,49.7729,2
123707,4.71722,49.77344,2
123708,4.71722,49.77344,2
123709,4.71818,49.7729,2
123710,4.71722,49.77344,2
123711,4.71818,49.7729,2
123712,4.71688,49.77351,2
123713,4.7182,49.77295,2
123714,4.71656,49.77359,2
123715,4.71826,49.77314,2
123716,4.71656,49.77359,2
123717,4.71831,49.77323,2
123718,4.71953,49.776,2
123719,4.71832,49.77302,2
123720,4.71832,49.77323,2
123721,4.71831,49.77323,2
123722,4.71849,49.77487,2
123723,4.7182,49.77261,2
123724,4.71836,49.77334,2
123725,4.71813,49.7725,2
123726,4.7182,49.77261,2
123727,4.71842,49.77345,2
123728,4.71813,49.7725,2
123729,4.71842,49.77345,2
123730,4.71813,49.7725,2
123731,4.71848,49.77355,2
123732,4.71813,49.7725,2
123733,4.71854,49.77366,2
123734,4.71813,49.7725,2
123735,4.71854,49.77366,2
123736,4.71859,49.77377,2
123737,4.71813,49.7725,2
123738,4.71813,49.7725,2
123739,4.71899,49.7741,2
123740,4.71813,49.7725,2
123741,4.71899,49.7741,2
123742,4.71912,49.77196,2
123743,4.71822,49.77301,2
123744,4.71807,49.77238,2
123745,4.7189,49.77395,2
123746,4.71807,49.77238,2
123747,4.71795,49.77251,2
123748,4.71795,49.77251,2
123749,4.71887,49.7739,2
123750,4.71795,49.77251,2
123751,4.71884,49.77385,2
123752,4.71795,49.77251,2
123753,4.71795,49.77251,2
123754,4.71881,49.7738,2
123755,4.71795,49.77251,2
123756,4.71795,49.77251,2
123757,4.71881,49.7738,2
123758,4.71801,49.77262,2
123759,4.71801,49.77262,2
123760,4.71832,49.77302,2
123761,4.71801,49.77262,2
123762,4.71832,49.77302,2
123763,4.71805,49.77268,2
123764,4.72002,49.77379,2
123765,4.71811,49.77279,2
123766,4.72002,49.77379,2
123767,4.71805,49.77268,2
123768,4.71892,49.77397,2
123769,4.71805,49.77268,2
123770,4.7199,49.77381,2
123771,4.71805,49.77268,2
123772,4.71805,49.77268,2
123773,4.71977,49.77384,2
123774,4.71965,49.77387,2
123775,4.71805,49.77268,2
123776,4.7199,49.77381,2
123777,4.71805,49.77268,2
123778,4.71959,49.77376,2
123779,4.71805,49.77268,2
123780,4.71927,49.77383,2
123781,4.71805,49.77268,2
123782,4.71927,49.77383,2
123783,4.71808,49.77273,2
123784,4.71911,49.77387,2
123785,4.71808,49.77273,2
123786,4.71927,49.77383,2
123787,4.71911,49.77387,2
123788,4.71808,49.77273,2
123789,4.71898,49.7739,2
123790,4.71808,49.77273,2
123791,4.71895,49.7739,2
123792,4.71808,49.77273,2
123793,4.71893,49.77391,2
123794,4.71808,49.77273,2
123795,4.71808,49.77273,2
123796,4.71893,49.77391,2
123797,4.71811,49.77279,2
123798,4.71811,49.77279,2
123799,4.7189,49.77392,2
123800,4.71811,49.77279,2
123801,4.71885,49.77393,2
123802,4.71814,49.77284,2
123803,4.71885,49.77393,2
123804,4.71818,49.7729,2
123805,4.71931,49.77416,2
123806,4.71818,49.7729,2
123807,4.71903,49.77401,2
123808,4.71818,49.7729,2
123809,4.719,49.77402,2
123810,4.7182,49.77295,2
123811,4.71896,49.77403,2
123812,4.71859,49.77377,2
123813,4.71822,49.77301,2
123814,4.71836,49.7738,2
123815,4.71823,49.77312,2
123816,4.71849,49.77378,2
123817,4.71823,49.77312,2
123818,4.71859,49.77377,2
123819,4.71823,49.77312,2
123820,4.71884,49.77385,2
123821,4.71823,49.77382,2
123822,4.71823,49.77312,2
123823,4.7181,49.77381,2
123824,4.7181,49.77385,2
123825,4.71823,49.77312,2
123826,4.71801,49.77365,2
123827,4.71793,49.77349,2
123828,4.71832,49.77323,2
123829,4.71793,49.77349,2
123830,4.71793,49.77349,2
123831,4.71832,49.77323,2
123832,4.71784,49.77333,2
123833,4.71789,49.77358,2
123834,4.71832,49.77323,2
123835,4.71887,49.77522,2
123836,4.71903,49.77548,2
123837,4.71836,49.77334,2
123838,4.7191,49.77561,2
123839,4.7191,49.77561,2
123840,4.71842,49.77345,2
123841,4.71886,49.77552,2
123842,4.71886,49.77552,2
123843,4.71842,49.77345,2
123844,4.7182,49.77434,2
123845,4.71858,49.77486,2
123846,4.71842,49.77345,2
123847,4.7182,49.77434,2
123848,4.71842,49.77345,2
123849,4.71843,49.77475,2
123850,4.71842,49.77345,2
123851,4.71842,49.77345,2
123852,4.71842,49.77345,2
123853,4.71849,49.77487,2
123854,4.71848,49.77355,2
123855,4.71848,49.77355,2
123856,4.71856,49.77499,2
123857,4.71854,49.77366,2
123858,4.71862,49.7751,2
123859,4.71865,49.77516,2
123860,4.71858,49.77486,2
123861,4.71859,49.77377,2
123862,4.71859,49.77504,2
123863,4.71859,49.77377,2
123864,4.71878,49.77539,2
123865,4.71859,49.77377,2
123866,4.71967,49.77547,2
123867,4.71967,49.77547,2
123868,4.71899,49.7741,2
123869,4.71975,49.77556,2
123870,4.71975,49.77556,2
123871,4.71899,49.7741,2
123872,4.71983,49.77565,2
123873,4.71983,49.77565,2
123874,4.71899,49.7741,2
123875,4.71927,49.77567,2
123876,4.71899,49.7741,2
123877,4.71927,49.77567,2
123878,4.71953,49.776,2
123879,4.71899,49.7741,2
123880,4.71953,49.776,2
123881,4.71953,49.776,2
123882,4.71899,49.7741,2
123883,4.71953,49.776,2
123884,4.71899,49.7741,2
123885,4.71953,49.776,2
123886,4.71822,49.77301,2
123887,4.71822,49.77301,2
123888,4.71822,49.77301,2
123889,4.71822,49.77301,2
123890,4.71822,49.77301,2
123891,4.71822,49.77301,2
123892,4.71822,49.77301,2
123893,4.71822,49.77301,2
123894,4.71822,49.77301,2
123895,4.71822,49.77301,2
123896,4.71822,49.77301,2
123897,4.71887,49.7739,2
123898,4.71887,49.7739,2
123899,4.71887,49.7739,2
123900,4.71887,49.7739,2
123901,4.71884,49.77385,2
123902,4.71884,49.77385,2
123903,4.71884,49.77385,2
123904,4.71884,49.77385,2
123905,4.71881,49.7738,2
123906,4.71881,49.7738,2
123907,4.71881,49.7738,2
123908,4.71881,49.7738,2
123909,4.71854,49.77347,2
123910,4.71991,49.77369,2
123911,4.71881,49.7738,2
123912,4.71975,49.77372,2
123913,4.72002,49.77379,2
123914,4.72002,49.77379,2
123915,4.71895,49.7739,2
123916,4.71977,49.77384,2
123917,4.7199,49.77381,2
123918,4.7199,49.77381,2
123919,4.7199,49.77381,2
123920,4.7199,49.77381,2
123921,4.71959,49.77376,2
123922,4.71959,49.77376,2
123923,4.71959,49.77376,2
123924,4.71927,49.77383,2
123925,4.71927,49.77383,2
123926,4.71927,49.77383,2
123927,4.71927,49.77383,2
123928,4.71927,49.77383,2
123929,4.71901,49.77389,2
123930,4.71901,49.77389,2
123931,4.71911,49.77387,2
123932,4.71911,49.77387,2
123933,4.71887,49.77393,2
123934,4.71887,49.77393,2
123935,4.71887,49.77393,2
123936,4.71887,49.77393,2
123937,4.71887,49.77393,2
123938,4.71885,49.77393,2
123939,4.71885,49.77393,2
123940,4.71885,49.77393,2
123941,4.71885,49.77393,2
123942,4.71885,49.77393,2
123943,4.71931,49.77416,2
123944,4.71931,49.77416,2
123945,4.71931,49.77416,2
123946,4.71903,49.77401,2
123947,4.71903,49.77401,2
123948,4.71903,49.77401,2
123949,4.71903,49.77401,2
123950,4.719,49.77402,2
123951,4.719,49.77402,2
123952,4.719,49.77402,2
123953,4.719,49.77402,2
123954,4.71896,49.77403,2
123955,4.71896,49.77403,2
123956,4.71896,49.77403,2
123957,4.71896,49.77403,2
123958,4.71849,49.77378,2
123959,4.71849,49.77378,2
123960,4.71849,49.77378,2
123961,4.71849,49.77378,2
123962,4.71849,49.77378,2
123963,4.71849,49.77378,2
123964,4.71849,49.77378,2
123965,4.71858,49.77486,2
123966,4.71858,49.77486,2
123967,4.71849,49.77378,2
123968,4.7181,49.77381,2
123969,4.7182,49.77261,2
123970,4.7181,49.77381,2
123971,4.7181,49.77381,2
123972,4.7181,49.77381,2
123973,4.7181,49.77381,2
123974,4.7181,49.77381,2
123975,4.7181,49.77381,2
123976,4.7181,49.77381,2
123977,4.71801,49.77365,2
123978,4.71801,49.77365,2
123979,4.71801,49.77365,2
123980,4.71801,49.77365,2
123981,4.71801,49.77365,2
123982,4.71801,49.77365,2
123983,4.71801,49.77365,2
123984,4.71801,49.77365,2
123985,4.71793,49.77349,2
123986,4.71793,49.77349,2
123987,4.71793,49.77349,2
123988,4.71784,49.77333,2
123989,4.71784,49.77333,2
123990,4.71784,49.77333,2
123991,4.71784,49.77333,2
123992,4.71757,49.77336,2
123993,4.71757,49.77336,2
123994,4.71757,49.77336,2
123995,4.71757,49.77336,2
123996,4.71789,49.77358,2
123997,4.71757,49.77336,2
123998,4.71757,49.77336,2
123999,4.71789,49.77358,2
124000,4.71789,49.77358,2
124001,4.71789,49.77358,2
124002,4.71789,49.77358,2
124003,4.71789,49.77358,2
124004,4.71789,49.77358,2
124005,4.71895,49.77535,2
124006,4.7191,49.77561,2
124007,4.7191,49.77561,2
124008,4.7191,49.77561,2
124009,4.7191,49.77561,2
124010,4.7191,49.77561,2
124011,4.7191,49.77561,2
124012,4.7191,49.77561,2
124013,4.71886,49.77552,2
124014,4.71886,49.77552,2
124015,4.71886,49.77552,2
124016,4.7182,49.77434,2
124017,4.7182,49.77434,2
124018,4.7182,49.77434,2
124019,4.7182,49.77434,2
124020,4.71837,49.77463,2
124021,4.71834,49.77458,2
124022,4.71837,49.77463,2
124023,4.71837,49.77463,2
124024,4.7184,49.77469,2
124025,4.71837,49.77463,2
124026,4.71837,49.77463,2
124027,4.71837,49.77463,2
124028,4.71849,49.77487,2
124029,4.71849,49.77487,2
124030,4.71849,49.77487,2
124031,4.71754,49.77311,2
124032,4.71849,49.77487,2
124033,4.71849,49.77487,2
124034,4.71862,49.7751,2
124035,4.71862,49.7751,2
124036,4.71862,49.7751,2
124037,4.71862,49.7751,2
124038,4.71862,49.7751,2
124039,4.71862,49.7751,2
124040,4.71967,49.77547,2
124041,4.71967,49.77547,2
124042,4.71967,49.77547,2
124043,4.71967,49.77547,2
124044,4.71967,49.77547,2
124045,4.71967,49.77547,2
124046,4.71967,49.77547,2
124047,4.71975,49.77556,2
124048,4.71975,49.77556,2
124049,4.71975,49.77556,2
124050,4.71975,49.77556,2
124051,4.71975,49.77556,2
124052,4.71975,49.77556,2
124053,4.71983,49.77565,2
124054,4.71983,49.77565,2
124055,4.71983,49.77565,2
124056,4.71983,49.77565,2
124057,4.71927,49.77567,2
124058,4.71927,49.77567,2
124059,4.71927,49.77567,2
124060,4.71927,49.77567,2
124061,4.71927,49.77567,2
124062,4.71927,49.77567,2
124063,4.71953,49.776,2
124064,4.71813,49.7725,2
124065,4.71953,49.776,2
124066,4.71953,49.776,2
124067,4.71953,49.776,2
124068,4.71953,49.776,2
124069,4.71953,49.776,2
124070,4.71953,49.776,2
124071,4.71953,49.776,2
124072,4.71953,49.776,2
124073,4.71953,49.776,2
124074,4.71953,49.776,2
124075,4.71953,49.776,2
124076,4.71953,49.776,2
124077,4.71953,49.776,2
124078,4.71953,49.776,2
124079,4.71953,49.776,2
124080,4.71953,49.776,2
124081,4.71953,49.776,2
124082,4.71953,49.776,2
124083,4.71953,49.776,2
124084,4.71953,49.776,2
124085,4.71848,49.77355,2
124086,4.71754,49.77311,2
124087,4.71754,49.77311,2
124088,4.71754,49.77311,2
124089,4.71754,49.77311,2
124090,4.71754,49.77311,2
124091,4.71754,49.77311,2
124092,4.71754,49.77311,2
124093,4.71754,49.77311,2
124094,4.71754,49.77311,2
124095,4.7178,49.7732,2
124096,4.71801,49.77316,2
124097,4.71754,49.77311,2
124098,4.71801,49.77316,2
124099,4.71754,49.77311,2
124100,4.71754,49.77311,2
124101,4.71801,49.77316,2
124102,4.71801,49.77316,2
124103,4.71801,49.77316,2
124104,4.71953,49.776,2
124105,4.71806,49.77327,2
124106,4.71819,49.77325,2
124107,4.71722,49.77344,2
124108,4.71806,49.77327,2
124109,4.71854,49.77347,2
124110,4.71806,49.77327,2
124111,4.71833,49.77283,2
124112,4.71793,49.77329,2
124113,4.7182,49.77261,2
124114,4.71813,49.7725,2
124115,4.7182,49.77261,2
124116,4.7178,49.77332,2
124117,4.71813,49.7725,2
124118,4.7178,49.77332,2
124119,4.71813,49.7725,2
124120,4.71807,49.77238,2
124121,4.71822,49.77301,2
124122,4.7178,49.77332,2
124123,4.71792,49.77245,2
124124,4.7178,49.77332,2
124125,4.71795,49.77251,2
124126,4.7178,49.77332,2
124127,4.71795,49.77251,2
124128,4.71795,49.77251,2
124129,4.71722,49.77344,2
124130,4.71798,49.77257,2
124131,4.71722,49.77344,2
124132,4.71722,49.77344,2
124133,4.71801,49.77262,2
124134,4.14326,49.6618,2
124135,4.14214,49.66148,2
124136,4.14108,49.66107,2
124137,4.14246,49.66147,2
124138,4.14,49.66069,2
124139,4.1371,49.66021,2
124140,4.13974,49.66054,2
124141,4.13715,49.6601,2
124142,4.13879,49.66054,2
124143,4.13715,49.6601,2
124144,4.13493,49.65972,2
124145,4.13499,49.65961,2
124146,4.13359,49.65929,2
124147,4.13369,49.65944,2
124148,4.13337,49.65937,2
124149,4.132789,49.65984,2
124150,4.13198,49.65905,2
124151,4.13257,49.659124,2
124152,4.13303,49.65929,2
124153,4.13268,49.65921,2
124154,4.13233,49.65913,2
124155,4.13118,49.65874,2
124156,4.13129,49.65888,2
124157,4.13185,49.65894,2
124158,4.1308,49.65792,2
124159,4.13185,49.65894,2
124160,4.1306,49.65848,2
124161,4.131789,49.658947,2
124162,4.1306,49.65871,2
124163,4.12934,49.65842,2
124164,4.12996,49.65856,2
124165,4.13028,49.65863,2
124166,4.1289,49.65905,2
124167,4.12873,49.65902,2
124168,4.13185,49.65894,2
124169,4.12904,49.65835,2
124170,4.129004,49.658449,2
124171,4.12876,49.65828,2
124172,4.12781,49.65806,2
124173,4.12619,49.6577,2
124174,4.12705,49.65777,2
124175,4.12896,49.6582,2
124176,4.12705,49.65782,2
124177,4.12705,49.65782,2
124178,4.12705,49.65782,2
124179,4.12705,49.65782,2
124180,4.12705,49.65782,2
124181,4.12705,49.65782,2
124182,4.12705,49.65782,2
124183,4.122242,49.656627,2
124184,4.12942,49.65768,2
124185,4.12922,49.6581,2
124186,4.12935,49.65749,2
124187,4.1289,49.65739,2
124188,4.12845,49.65729,2
124189,4.12846,49.65716,2
124190,4.12977,49.65734,2
124191,4.12946,49.65739,2
124192,4.12913,49.65732,2
124193,4.12994,49.657,2
124194,4.12969,49.65713,2
124195,4.12993,49.65663,2
124196,4.13019,49.65587,2
124197,4.13026,49.65534,2
124198,4.13082,49.65634,2
124199,4.13103,49.65626,2
124200,4.13073,49.65619,2
124201,4.13134,49.65633,2
124202,4.13085,49.65628,2
124203,4.13227,49.65609,2
124204,4.13244,49.65592,2
124205,4.1321,49.65626,2
124206,4.13192,49.65643,2
124207,4.13129,49.65689,2
124208,4.13185,49.65894,2
124209,4.13124,49.65673,2
124210,4.13143,49.6571,2
124211,4.13105,49.65692,2
124212,4.13185,49.65894,2
124213,4.13292,49.65748,2
124214,4.13476,49.65784,2
124215,4.13473,49.65795,2
124216,4.13396,49.65857,2
124217,4.13461,49.65871,2
124218,4.13254,49.65816,2
124219,4.13254,49.65816,2
124220,4.13335,49.65842,2
124221,4.13434,49.65852,2
124222,4.13277,49.65828,2
124223,4.13286,49.65758,2
124224,4.1322,49.65814,2
124225,4.13163,49.658,2
124226,4.13103,49.65789,2
124227,4.1311,49.65778,2
124228,4.130749,49.657714,2
124229,4.13124,49.65687,2
124230,4.13046,49.65763,2
124231,4.13163,49.65897,2
124232,4.13257,49.65906,2
124233,4.1307,49.6582,2
124234,4.12986,49.65847,2
124235,4.12934,49.65842,2
124236,4.12965,49.65849,2
124237,4.12705,49.65782,2
124238,4.122242,49.656627,2
124239,4.12879,49.65724,2
124240,4.13009,49.6563,2
124241,4.13043,49.65612,2
124242,4.13244,49.65592,2
124243,4.13255,49.65811,2
124244,4.13087,49.6574,2
124245,4.135404,49.683004,2
124246,4.1371,49.66021,2
124247,4.12705,49.65777,2
124248,4.12705,49.65777,2
124249,4.12705,49.65782,2
124250,4.25052,49.533519,2
124251,4.24271,49.5325,2
124252,4.25252,49.53354,2
124253,4.24798,49.53121,2
124254,4.24798,49.53121,2
124255,4.24954,49.53132,2
124256,4.23807,49.52826,2
124257,4.25365,49.53377,2
124258,4.25391,49.53386,2
124259,4.251668,49.534318,2
124260,4.251668,49.534318,2
124261,4.24811,49.52975,2
124262,4.250788,49.534027,2
124263,4.250788,49.534027,2
124264,4.25365,49.53377,2
124265,4.25052,49.533519,2
124266,4.25132,49.53274,2
124267,4.25132,49.53274,2
124268,4.24246,49.52929,2
124269,4.23977,49.52867,2
124270,4.23949,49.52859,2
124271,4.24431,49.53141,2
124272,4.23892,49.52846,2
124273,4.24432,49.52935,2
124274,4.23921,49.52852,2
124275,4.26217,49.5352,2
124276,4.23779,49.5282,2
124277,4.26217,49.5352,2
124278,4.23779,49.5282,2
124279,4.26217,49.5352,2
124280,4.2375,49.52813,2
124281,4.2424,49.52933,2
124282,4.2424,49.52933,2
124283,4.2424,49.52933,2
124284,4.2424,49.52933,2
124285,4.23717,49.52818,2
124286,4.23862,49.52851,2
124287,4.2391,49.52862,2
124288,4.24008,49.52887,2
124289,4.24057,49.52895,2
124290,4.24105,49.52905,2
124291,4.24239,49.5294,2
124292,4.24312,49.52954,2
124293,4.24344,49.52958,2
124294,4.24364,49.52976,2
124295,4.24377,49.53021,2
124296,4.24382,49.52956,2
124297,4.24409,49.52951,2
124298,4.24437,49.52947,2
124299,4.24437,49.52947,2
124300,4.24437,49.52947,2
124301,4.24438,49.52945,2
124302,4.24437,49.52958,2
124303,4.24436,49.52971,2
124304,4.24431,49.53141,2
124305,4.24456,49.52949,2
124306,4.24454,49.52968,2
124307,4.24435,49.52984,2
124308,4.24434,49.52997,2
124309,4.24433,49.5301,2
124310,4.24453,49.52988,2
124311,4.24451,49.53008,2
124312,4.24431,49.53024,2
124313,4.2443,49.53037,2
124314,4.24449,49.53027,2
124315,4.24447,49.53047,2
124316,4.24429,49.5305,2
124317,4.24446,49.53067,2
124318,4.24444,49.53086,2
124319,4.24428,49.53063,2
124320,4.24427,49.53076,2
124321,4.24426,49.53089,2
124322,4.24425,49.53102,2
124323,4.24442,49.53106,2
124324,4.2444,49.53126,2
124325,4.24423,49.53115,2
124326,4.24291,49.53163,2
124327,4.24291,49.53163,2
124328,4.24377,49.53081,2
124329,4.24388,49.53058,2
124330,4.2429,49.53151,2
124331,4.24279,49.53155,2
124332,4.24268,49.53158,2
124333,4.24257,49.53162,2
124334,4.24249,49.53168,2
124335,4.24245,49.53175,2
124336,4.24241,49.53183,2
124337,4.24237,49.5319,2
124338,4.24233,49.53198,2
124339,4.24229,49.53205,2
124340,4.24361,49.53087,2
124341,4.24361,49.53087,2
124342,4.24361,49.53087,2
124343,4.24361,49.53087,2
124344,4.24361,49.53087,2
124345,4.24361,49.53087,2
124346,4.24536,49.53254,2
124347,4.24425,49.53151,2
124348,4.23958,49.52873,2
124349,4.24399,49.53156,2
124350,4.24374,49.53161,2
124351,4.24344,49.52958,2
124352,4.24349,49.53165,2
124353,4.24327,49.53173,2
124354,4.24409,49.52951,2
124355,4.24294,49.53199,2
124356,4.24366,49.53155,2
124357,4.24271,49.5325,2
124358,4.24278,49.53257,2
124359,4.24377,49.52945,2
124360,4.2426,49.53257,2
124361,4.24461,49.52902,2
124362,4.24366,49.53155,2
124363,4.24366,49.53155,2
124364,4.24366,49.53155,2
124365,4.24366,49.53155,2
124366,4.24431,49.53141,2
124367,4.24431,49.53141,2
124368,4.24431,49.53141,2
124369,4.24431,49.53141,2
124370,4.24431,49.53141,2
124371,4.24431,49.53141,2
124372,4.24431,49.53141,2
124373,4.24431,49.53141,2
124374,4.24631,49.53344,2
124375,4.24954,49.53132,2
124376,4.24655,49.53181,2
124377,4.24736,49.5316,2
124378,4.24422,49.53128,2
124379,4.24297,49.53145,2
124380,4.24304,49.53138,2
124381,4.24312,49.53132,2
124382,4.24319,49.53125,2
124383,4.24326,49.53119,2
124384,4.24333,49.53112,2
124385,4.2423,49.53067,2
124386,4.24293,49.53037,2
124387,4.24228,49.53074,2
124388,4.24225,49.53081,2
124389,4.24222,49.53088,2
124390,4.2422,49.53095,2
124391,4.24217,49.53102,2
124392,4.24215,49.53109,2
124393,4.24212,49.53116,2
124394,4.24284,49.53068,2
124395,4.24284,49.53068,2
124396,4.24284,49.53068,2
124397,4.24209,49.53124,2
124398,4.24207,49.53131,2
124399,4.24204,49.53138,2
124400,4.24201,49.53145,2
124401,4.24199,49.53152,2
124402,4.24196,49.53159,2
124403,4.24193,49.53166,2
124404,4.24191,49.53173,2
124405,4.24188,49.5318,2
124406,4.24185,49.53187,2
124407,4.24183,49.53194,2
124408,4.2418,49.53201,2
124409,4.24186,49.53207,2
124410,4.24196,49.53208,2
124411,4.24196,49.53208,2
124412,4.24221,49.53218,2
124413,4.2419,49.53219,2
124414,4.24167,49.53208,2
124415,4.24167,49.53189,2
124416,4.24174,49.53169,2
124417,4.24181,49.5315,2
124418,4.24203,49.5309,2
124419,4.23986,49.52962,2
124420,4.24152,49.52999,2
124421,4.23984,49.52974,2
124422,4.24156,49.52984,2
124423,4.23985,49.52967,2
124424,4.24189,49.5313,2
124425,4.24359,49.52947,2
124426,4.24359,49.52947,2
124427,4.24377,49.52945,2
124428,4.24377,49.52945,2
124429,4.24377,49.52945,2
124430,4.24405,49.5294,2
124431,4.24432,49.52935,2
124432,4.24461,49.52902,2
124433,4.24461,49.52902,2
124434,4.24461,49.52902,2
124435,4.25411,49.53187,2
124436,4.25411,49.53187,2
124437,4.25411,49.53187,2
124438,4.25411,49.53187,2
124439,4.25411,49.53187,2
124440,4.25411,49.53187,2
124441,4.25411,49.53187,2
124442,4.25411,49.53187,2
124443,4.25411,49.53187,2
124444,4.25411,49.53187,2
124445,4.25411,49.53187,2
124446,4.25411,49.53187,2
124447,4.25411,49.53187,2
124448,4.25411,49.53187,2
124449,4.25411,49.53187,2
124450,4.25411,49.53187,2
124451,4.25411,49.53187,2
124452,4.25411,49.53187,2
124453,4.25366,49.53283,2
124454,4.25318,49.53288,2
124455,4.25304,49.53283,2
124456,4.2529,49.53279,2
124457,4.25275,49.53275,2
124458,4.25259,49.53275,2
124459,4.25243,49.53275,2
124460,4.25252,49.53287,2
124461,4.25291,49.53287,2
124462,4.25285,49.5329,2
124463,4.25315,49.53301,2
124464,4.25308,49.53337,2
124465,4.25276,49.53343,2
124466,4.25244,49.53349,2
124467,4.25212,49.53355,2
124468,4.25181,49.53361,2
124469,4.252,49.53369,2
124470,4.25252,49.53354,2
124471,4.25252,49.53354,2
124472,4.25223,49.53365,2
124473,4.25252,49.53354,2
124474,4.25247,49.53361,2
124475,4.25178,49.53375,2
124476,4.2527,49.53356,2
124477,4.25293,49.53352,2
124478,4.25317,49.53348,2
124479,4.25337,49.53331,2
124480,4.25343,49.53348,2
124481,4.25363,49.5337,2
124482,4.25391,49.53386,2
124483,4.25396,49.53409,2
124484,4.25376,49.53419,2
124485,4.25357,49.5343,2
124486,4.25337,49.5344,2
124487,4.25326,49.53431,2
124488,4.25345,49.53421,2
124489,4.25349,49.53377,2
124490,4.25365,49.5341,2
124491,4.24432,49.52935,2
124492,4.25384,49.534,2
124493,4.25431,49.53426,2
124494,4.25455,49.53445,2
124495,4.25454,49.53486,2
124496,4.25465,49.5342,2
124497,4.25395,49.53497,2
124498,4.25287,49.53475,2
124499,4.254,49.53486,2
124500,4.25287,49.53475,2
124501,4.25287,49.53475,2
124502,4.25287,49.53475,2
124503,4.25287,49.53475,2
124504,4.25287,49.53475,2
124505,4.25332,49.53482,2
124506,4.25322,49.53495,2
124507,4.25269,49.53474,2
124508,4.253,49.53473,2
124509,4.25269,49.5346,2
124510,4.25427,49.53407,2
124511,4.25455,49.53411,2
124512,4.25495,49.53402,2
124513,4.2549,49.53376,2
124514,4.2546,49.53357,2
124515,4.25481,49.53388,2
124516,4.25451,49.53367,2
124517,4.25418,49.53346,2
124518,4.2543,49.53337,2
124519,4.2546,49.53365,2
124520,4.25341,49.53311,2
124521,4.253436,49.532484,2
124522,4.253436,49.532484,2
124523,4.252932,49.532304,2
124524,4.25343,49.53348,2
124525,4.25363,49.5337,2
124526,4.252708,49.532226,2
124527,4.252596,49.532183,2
124528,4.252512,49.532158,2
124529,4.252512,49.532158,2
124530,4.252344,49.532097,2
124531,4.252246,49.532063,2
124532,4.252246,49.532063,2
124533,4.25365,49.53377,2
124534,4.252108,49.532038,2
124535,4.252108,49.532038,2
124536,4.251785,49.531909,2
124537,4.25136,49.53245,2
124538,4.25102,49.5318,2
124539,4.25026,49.53151,2
124540,4.24954,49.53132,2
124541,4.2495,49.53122,2
124542,4.2487,49.53099,2
124543,4.25135,49.53222,2
124544,4.25147,49.53251,2
124545,4.25152,49.53265,2
124546,4.25142,49.53236,2
124547,4.25136,49.53245,2
124548,4.25132,49.53274,2
124549,4.25131,49.53258,2
124550,4.25365,49.53377,2
124551,4.25125,49.53242,2
124552,4.25118,49.53226,2
124553,4.25359,49.53257,2
124554,4.25328,49.53247,2
124555,4.25052,49.53313,2
124556,4.25058,49.53342,2
124557,4.25057,49.53371,2
124558,4.25076,49.53397,2
124559,4.25102,49.5342,2
124560,4.2514,49.53436,2
124561,4.25182,49.53444,2
124562,4.25225,49.53453,2
124563,4.25344,49.53252,2
124564,4.25127,49.53208,2
124565,4.25127,49.53208,2
124566,4.2431,49.53186,2
124567,4.24954,49.53132,2
124568,4.2527,49.53356,2
124569,4.2527,49.53356,2
124570,4.252169,49.534418,2
124571,4.24945,49.53134,2
124572,4.25298,49.53236,2
124573,4.848302,49.539261,2
124574,4.86058,49.55585,2
124575,4.88999,49.54174,2
124576,4.843495,49.540637,2
124577,4.84367,49.5405,2
124578,4.8784,49.53539,2
124579,4.86945,49.5391,2
124580,4.83791,49.57364,2
124581,4.86945,49.5391,2
124582,4.865713,49.547031,2
124583,4.83791,49.57364,2
124584,4.854745,49.549506,2
124585,4.86945,49.5391,2
124586,4.849444,49.540019,2
124587,5.2663,49.63446,2
124588,5.2753,49.62965,2
124589,5.2753,49.62965,2
124590,5.26874,49.63204,2
124591,5.27021,49.63021,2
124592,5.27058,49.63053,2
124593,5.2709,49.63055,2
124594,5.27114,49.63045,2
124595,5.2753,49.62965,2
124596,5.27137,49.63034,2
124597,5.27184,49.63012,2
124598,5.27208,49.63001,2
124599,5.27231,49.62991,2
124600,5.27262,49.62986,2
124601,5.27273,49.62975,2
124602,5.27281,49.62967,2
124603,5.2735,49.62929,2
124604,5.27289,49.62946,2
124605,5.27354,49.62912,2
124606,5.27386,49.62894,2
124607,5.2741,49.62879,2
124608,5.27454,49.62851,2
124609,5.27464,49.62844,2
124610,5.27424,49.62871,2
124611,5.27434,49.62864,2
124612,5.27444,49.62857,2
124613,5.27474,49.62838,2
124614,5.27252,49.62982,2
124615,5.2735,49.62929,2
124616,5.2745,49.62917,2
124617,5.27516,49.62956,2
124618,5.27516,49.62956,2
124619,5.27516,49.62956,2
124620,5.27516,49.62951,2
124621,5.27656,49.62961,2
124622,5.27558,49.62878,2
124623,5.27252,49.62982,2
124624,5.276362,49.629604,2
124625,5.27516,49.62956,2
124626,5.27516,49.62956,2
124627,5.2753,49.62965,2
124628,5.27494,49.62959,2
124629,5.27395,49.62984,2
124630,5.27395,49.62984,2
124631,5.27395,49.62984,2
124632,5.27395,49.62984,2
124633,5.27395,49.62984,2
124634,5.27395,49.62984,2
124635,5.27395,49.62984,2
124636,5.27395,49.62984,2
124637,5.27363,49.63003,2
124638,5.272159,49.630138,2
124639,5.272159,49.630138,2
124640,5.27194,49.63022,2
124641,5.27171,49.63033,2
124642,5.27148,49.63043,2
124643,5.27124,49.63054,2
124644,5.27072,49.63082,2
124645,5.271049,49.630803,2
124646,5.27037,49.63106,2
124647,5.27001,49.63131,2
124648,5.26965,49.63155,2
124649,5.294488,49.641313,2
124650,5.26027,49.643843,2
124651,5.26616,49.63438,2
124652,5.2669,49.63386,2
124653,5.2672,49.63354,2
124654,5.26744,49.63319,2
124655,5.267511,49.633279,2
124656,5.267511,49.633279,2
124657,5.26807,49.63254,2
124658,5.26846,49.63225,2
124659,5.26844,49.63204,2
124660,5.26787,49.63179,2
124661,5.26828,49.63167,2
124662,5.269122,49.631694,2
124663,5.26874,49.63204,2
124664,5.26892,49.63192,2
124665,5.26926,49.63166,2
124666,5.26942,49.63154,2
124667,5.26958,49.63143,2
124668,5.26974,49.63132,2
124669,5.27006,49.63111,2
124670,5.27022,49.631,2
124671,5.2689,49.6321,2
124672,5.27037,49.63089,2
124673,5.27053,49.63078,2
124674,5.27069,49.63067,2
124675,5.2728,49.63371,2
124676,5.26988,49.63192,2
124677,5.26913,49.63193,2
124678,5.26852,49.63238,2
124679,5.27252,49.62982,2
124680,5.26834,49.63252,2
124681,5.26817,49.63265,2
124682,5.26782,49.63293,2
124683,5.2676,49.63325,2
124684,5.26748,49.63341,2
124685,5.27546,49.62878,2
124686,5.26737,49.63358,2
124687,5.26726,49.63374,2
124688,5.26711,49.63389,2
124689,5.26693,49.63402,2
124690,5.267063,49.633668,2
124691,5.24484,49.63001,2
124692,5.24454,49.63043,2
124693,5.24363,49.62984,2
124694,5.24349,49.63021,2
124695,5.24328,49.63061,2
124696,5.24454,49.63043,2
124697,5.24324,49.63133,2
124698,5.24401,49.6312,2
124699,5.24494,49.63043,2
124700,5.2453,49.63073,2
124701,5.24533,49.63105,2
124702,5.24493,49.62976,2
124703,5.24454,49.63043,2
124704,5.24452,49.62938,2
124705,5.26892,49.63192,2
124706,5.26988,49.63192,2
124707,5.26892,49.63192,2
124708,5.26988,49.63192,2
124709,5.27001,49.63131,2
124710,5.24324,49.63133,2
124711,5.27434,49.62864,2
124712,5.27434,49.62864,2
124713,5.27072,49.63046,2
124714,5.27243,49.62968,2
124715,5.27224,49.62945,2
124716,5.27247,49.6298,2
124717,5.27322,49.62929,2
124718,5.27451,49.62755,2
124719,5.27014,49.63116,2
124720,5.274711,49.628323,2
124721,5.27516,49.62956,2
124722,5.27516,49.62956,2
124723,5.27395,49.62984,2
124724,5.270438,49.630764,2
124725,5.269797,49.631166,2
124726,5.269671,49.631618,2
124727,5.268827,49.632097,2
124728,5.243589,49.629677,2
124729,5.24148,49.63164,2
124730,5.24418,49.62943,2
124731,5.24484,49.63001,2
124732,5.24467,49.63102,2
124733,5.24493,49.63038,2
124734,5.24496,49.63032,2
124735,5.24459,49.63021,2
124736,5.24484,49.63001,2
124737,5.24476,49.62999,2
124738,5.24496,49.63032,2
124739,5.26799,49.63279,2
124740,5.242603,49.628883,2
124741,5.26988,49.63192,2
124742,5.24484,49.63001,2
124743,5.17306,49.67005,2
124744,5.17624,49.67171,2
124745,5.1653,49.67566,2
124746,5.17148,49.67062,2
124747,5.167111,49.672667,2
124748,5.16932,49.67045,2
124749,5.17654,49.67421,2
124750,5.166821,49.673177,2
124751,5.16932,49.67045,2
124752,5.180254,49.691329,2
124753,5.1653,49.67566,2
124754,5.1633,49.67911,2
124755,5.1633,49.67911,2
124756,5.1633,49.67911,2
124757,5.1653,49.67566,2
124758,5.1653,49.67566,2
124759,5.16749,49.67221,2
124760,5.1653,49.67566,2
124761,5.1653,49.67566,2
124762,5.1653,49.67566,2
124763,5.1653,49.67566,2
124764,5.1653,49.67566,2
124765,5.1653,49.67566,2
124766,5.16749,49.67221,2
124767,5.16774,49.67189,2
124768,5.16819,49.67121,2
124769,5.16537,49.67567,2
124770,5.16984,49.6716,2
124771,5.16842,49.67091,2
124772,5.1653,49.67566,2
124773,5.1653,49.67566,2
124774,5.1653,49.67566,2
124775,5.167648,49.671864,2
124776,5.168182,49.670998,2
124777,5.168105,49.671116,2
124778,5.168055,49.671207,2
124779,5.167991,49.671308,2
124780,5.167864,49.671517,2
124781,5.167877,49.671499,2
124782,5.167865,49.671526,2
124783,5.167865,49.671526,2
124784,5.167878,49.671508,2
124785,5.1733,49.67185,2
124786,5.1733,49.67185,2
124787,5.1653,49.67566,2
124788,5.16863,49.67024,2
124789,5.169325,49.66965,2
124790,5.1653,49.67566,2
124791,5.1653,49.67566,2
124792,5.1695,49.66983,2
124793,5.1695,49.66983,2
124794,5.16737,49.67229,2
124795,5.168412,49.666661,2
124796,5.1653,49.67566,2
124797,5.1653,49.67566,2
124798,5.16971,49.66989,2
124799,5.1695,49.67013,2
124800,5.1694,49.67025,2
124801,5.16929,49.67036,2
124802,5.16909,49.6706,2
124803,5.16898,49.67072,2
124804,5.16888,49.67083,2
124805,5.16984,49.6716,2
124806,5.16901,49.6712,2
124807,5.16984,49.6716,2
124808,5.17112,49.67272,2
124809,5.16904,49.67089,2
124810,5.16924,49.67066,2
124811,5.16935,49.67054,2
124812,5.16955,49.6703,2
124813,5.16966,49.67019,2
124814,5.16976,49.67007,2
124815,5.16987,49.66995,2
124816,5.1707,49.66824,2
124817,5.17042,49.66979,2
124818,5.16987,49.66995,2
124819,5.17098,49.67002,2
124820,5.1716,49.66987,2
124821,5.17166,49.6697,2
124822,5.17152,49.66947,2
124823,5.17138,49.66923,2
124824,5.17135,49.66941,2
124825,5.17135,49.66941,2
124826,5.17135,49.66941,2
124827,5.17135,49.66941,2
124828,5.17135,49.66941,2
124829,5.17135,49.66941,2
124830,5.17059,49.66994,2
124831,5.1709,49.67019,2
124832,5.17102,49.67029,2
124833,5.17114,49.67039,2
124834,5.17126,49.67049,2
124835,5.17149,49.67069,2
124836,5.17161,49.67079,2
124837,5.17173,49.67089,2
124838,5.17185,49.67099,2
124839,5.17197,49.67109,2
124840,5.17209,49.67119,2
124841,5.17219,49.67128,2
124842,5.17229,49.67135,2
124843,5.17238,49.67142,2
124844,5.17247,49.6715,2
124845,5.17256,49.67157,2
124846,5.17274,49.67172,2
124847,5.17283,49.67179,2
124848,5.17292,49.67186,2
124849,5.17301,49.67193,2
124850,5.17148,49.67062,2
124851,5.17148,49.67062,2
124852,5.17148,49.67062,2
124853,5.17148,49.67062,2
124854,5.17148,49.67062,2
124855,5.1695,49.66983,2
124856,5.17148,49.67062,2
124857,5.1653,49.67566,2
124858,5.17148,49.67062,2
124859,5.17135,49.66941,2
124860,5.17148,49.67062,2
124861,5.17135,49.66941,2
124862,5.17148,49.67062,2
124863,5.17148,49.67062,2
124864,5.17148,49.67062,2
124865,5.17148,49.67062,2
124866,5.17148,49.67062,2
124867,5.17148,49.67062,2
124868,5.17148,49.67062,2
124869,5.17148,49.67062,2
124870,5.17148,49.67062,2
124871,5.17148,49.67062,2
124872,5.17148,49.67062,2
124873,5.17148,49.67062,2
124874,5.17148,49.67062,2
124875,5.1653,49.67566,2
124876,5.1653,49.67566,2
124877,5.17148,49.67062,2
124878,5.1653,49.67566,2
124879,5.17148,49.67062,2
124880,5.17148,49.67062,2
124881,5.1653,49.67566,2
124882,5.17042,49.66979,2
124883,5.17148,49.67062,2
124884,5.17148,49.67062,2
124885,5.17148,49.67062,2
124886,5.17148,49.67062,2
124887,5.17148,49.67062,2
124888,5.17148,49.67062,2
124889,5.17148,49.67062,2
124890,5.17148,49.67062,2
124891,5.17148,49.67062,2
124892,5.17148,49.67062,2
124893,5.17148,49.67062,2
124894,5.17148,49.67062,2
124895,5.17148,49.67062,2
124896,5.17148,49.67062,2
124897,5.17148,49.67062,2
124898,5.17148,49.67062,2
124899,5.17148,49.67062,2
124900,5.17148,49.67062,2
124901,5.17148,49.67062,2
124902,5.17148,49.67062,2
124903,5.17148,49.67062,2
124904,5.17148,49.67062,2
124905,5.17148,49.67062,2
124906,5.17148,49.67062,2
124907,5.17148,49.67062,2
124908,5.17148,49.67062,2
124909,5.17148,49.67062,2
124910,5.17148,49.67062,2
124911,5.17148,49.67062,2
124912,5.17148,49.67062,2
124913,5.17148,49.67062,2
124914,5.17148,49.67062,2
124915,5.17148,49.67062,2
124916,5.17148,49.67062,2
124917,5.17148,49.67062,2
124918,5.17148,49.67062,2
124919,5.17148,49.67062,2
124920,5.17148,49.67062,2
124921,5.17148,49.67062,2
124922,5.17148,49.67062,2
124923,5.17042,49.66979,2
124924,5.17148,49.67062,2
124925,5.17659,49.67426,2
124926,5.176488,49.674209,2
124927,5.17648,49.67416,2
124928,5.17643,49.67411,2
124929,5.17637,49.67406,2
124930,5.17632,49.67401,2
124931,5.17627,49.67396,2
124932,5.17621,49.67391,2
124933,5.17621,49.67391,2
124934,5.17621,49.67391,2
124935,5.17621,49.67391,2
124936,5.17616,49.67386,2
124937,5.1761,49.67381,2
124938,5.17605,49.67377,2
124939,5.17605,49.67377,2
124940,5.176,49.67372,2
124941,5.17559,49.67339,2
124942,5.17579,49.67349,2
124943,5.17559,49.67339,2
124944,5.17567,49.67335,2
124945,5.17559,49.67339,2
124946,5.17555,49.67321,2
124947,5.17504,49.67157,2
124948,5.17148,49.67062,2
124949,5.17531,49.6717,2
124950,5.17516,49.67176,2
124951,5.17559,49.67339,2
124952,5.17529,49.67278,2
124953,5.17525,49.67196,2
124954,5.17537,49.67246,2
124955,5.17541,49.6723,2
124956,5.17545,49.67214,2
124957,5.17522,49.67191,2
124958,5.17509,49.67161,2
124959,5.17209,49.66891,2
124960,5.17561,49.6721,2
124961,5.17555,49.67198,2
124962,5.17592,49.67197,2
124963,5.17628,49.67195,2
124964,5.17664,49.67192,2
124965,5.17607,49.67208,2
124966,5.17209,49.66891,2
124967,5.17652,49.67205,2
124968,5.177,49.67189,2
124969,5.1653,49.67566,2
124970,5.17698,49.67201,2
124971,5.17637,49.67202,2
124972,5.177,49.67189,2
124973,5.17637,49.67202,2
124974,5.17851,49.67202,2
124975,5.17799,49.67196,2
124976,5.17747,49.6719,2
124977,5.17516,49.67143,2
124978,5.17579,49.67156,2
124979,5.17624,49.67171,2
124980,5.17624,49.67171,2
124981,5.17624,49.67171,2
124982,5.17486,49.67128,2
124983,5.17464,49.6713,2
124984,5.1741,49.67089,2
124985,5.17354,49.67049,2
124986,5.17306,49.67005,2
124987,5.1741,49.67072,2
124988,5.17372,49.67044,2
124989,5.17335,49.67016,2
124990,5.17309,49.66982,2
124991,5.17268,49.66957,2
124992,5.17282,49.66949,2
124993,5.1725,49.66918,2
124994,5.17218,49.66887,2
124995,5.17176,49.66867,2
124996,5.17209,49.66891,2
124997,5.17129,49.66822,2
124998,5.17186,49.66856,2
124999,5.17154,49.66825,2
125000,5.17083,49.66777,2
125001,5.17122,49.66794,2
125002,5.1709,49.66763,2
125003,5.17079,49.6683,2
125004,5.17032,49.66656,2
125005,5.168172,49.666343,2
125006,5.169744,49.669955,2
125007,5.1682,49.666585,2
125008,5.169065,49.666718,2
125009,5.1682,49.666585,2
125010,5.169065,49.666718,2
125011,5.175172,49.671948,2
125012,5.16859,49.6665,2
125013,5.1682,49.666585,2
125014,5.168172,49.666343,2
125015,5.175172,49.671948,2
125016,5.175172,49.671948,2
125017,5.168172,49.666343,2
125018,5.17865,49.67235,2
125019,5.17855,49.67239,2
125020,5.17845,49.67244,2
125021,5.17866,49.67224,2
125022,5.17825,49.67252,2
125023,5.17814,49.67254,2
125024,5.17875,49.67224,2
125025,5.17813,49.67266,2
125026,5.17833,49.67262,2
125027,5.17852,49.67254,2
125028,5.1787,49.67247,2
125029,5.1789,49.67257,2
125030,5.17875,49.67224,2
125031,5.17908,49.67279,2
125032,5.179397,49.673233,2
125033,5.17927,49.673,2
125034,5.179397,49.673233,2
125035,5.179397,49.673233,2
125036,5.17945,49.67297,2
125037,5.17931,49.67281,2
125038,5.17917,49.67265,2
125039,5.17903,49.67249,2
125040,5.17919,49.67254,2
125041,5.17938,49.67244,2
125042,5.17875,49.67224,2
125043,5.17906,49.6724,2
125044,5.17624,49.67171,2
125045,5.1653,49.67566,2
125046,5.17209,49.67119,2
125047,5.17209,49.67119,2
125048,5.17148,49.67062,2
125049,5.17624,49.67171,2
125050,5.17148,49.67062,2
125051,4.795011,49.557872,2
125052,4.794952,49.557792,2
125053,4.794193,49.556927,2
125054,4.79851,49.55681,2
125055,4.79851,49.55681,2
125056,4.79851,49.55681,2
125057,4.79851,49.55681,2
125058,4.79851,49.55681,2
125059,4.79851,49.55681,2
125060,4.79851,49.55681,2
125061,4.79851,49.55681,2
125062,4.79851,49.55681,2
125063,4.79851,49.55681,2
125064,4.7909,49.55557,2
125065,4.79851,49.55681,2
125066,4.79561,49.5547,2
125067,4.79561,49.5547,2
125068,4.79138,49.5565,2
125069,4.79194,49.55664,2
125070,4.79194,49.55664,2
125071,4.79194,49.55664,2
125072,4.79085,49.55706,2
125073,4.79085,49.55706,2
125074,4.79194,49.55664,2
125075,4.79194,49.55664,2
125076,4.79444,49.55532,2
125077,4.79414,49.55613,2
125078,4.79414,49.55613,2
125079,4.794504,49.55622,2
125080,4.794504,49.55622,2
125081,4.79561,49.5547,2
125082,4.7947,49.55568,2
125083,4.7947,49.55568,2
125084,4.7947,49.55568,2
125085,4.79414,49.55613,2
125086,4.787901,49.553038,2
125087,4.79414,49.55613,2
125088,4.79414,49.55613,2
125089,4.788859,49.554016,2
125090,4.793554,49.555421,2
125091,4.79414,49.55613,2
125092,4.793554,49.555421,2
125093,4.793581,49.555421,2
125094,4.793581,49.555421,2
125095,4.79449,49.55462,2
125096,4.79449,49.55462,2
125097,4.79851,49.55681,2
125098,4.79444,49.55532,2
125099,4.79444,49.55532,2
125100,4.79449,49.55462,2
125101,4.79498,49.554637,2
125102,4.794723,49.554175,2
125103,4.79498,49.554637,2
125104,4.79444,49.55532,2
125105,4.79444,49.55532,2
125106,4.79444,49.55532,2
125107,4.79444,49.55532,2
125108,4.793237,49.553145,2
125109,4.79444,49.55532,2
125110,4.79444,49.55532,2
125111,4.79444,49.55532,2
125112,4.79444,49.55532,2
125113,4.791075,49.552416,2
125114,4.791075,49.552416,2
125115,4.791075,49.552416,2
125116,4.79444,49.55532,2
125117,4.792804,49.555338,2
125118,4.792804,49.555338,2
125119,4.792804,49.555338,2
125120,4.791895,49.555114,2
125121,4.792804,49.555338,2
125122,4.791895,49.555114,2
125123,4.791923,49.555122,2
125124,4.790772,49.554732,2
125125,4.79101,49.55479,2
125126,4.789001,49.554085,2
125127,4.789268,49.554187,2
125128,4.7909,49.55557,2
125129,4.787417,49.552464,2
125130,4.7909,49.55557,2
125131,4.7909,49.55557,2
125132,4.787955,49.553306,2
125133,4.7909,49.55557,2
125134,4.7909,49.55557,2
125135,4.79561,49.5547,2
125136,4.79561,49.5547,2
125137,4.79561,49.5547,2
125138,4.79561,49.5547,2
125139,4.79561,49.5547,2
125140,4.79406,49.55498,2
125141,4.817786,49.55152,2
125142,4.813198,49.542341,2
125143,4.79406,49.55498,2
125144,4.77844,49.54303,2
125145,4.77844,49.54303,2
125146,4.79444,49.55532,2
125147,4.76733,49.54648,2
125148,4.79444,49.55532,2
125149,4.792863,49.552533,2
125150,4.792804,49.555338,2
125151,4.779024,49.543315,2
125152,4.789198,49.554162,2
125153,4.79851,49.55681,2
125154,4.800379,49.554312,2
125155,4.79444,49.55532,2
125156,4.79194,49.55664,2
125157,4.79561,49.5547,2
125158,4.7909,49.55557,2
125159,4.7909,49.55557,2
125160,4.79406,49.55498,2
125161,4.79406,49.55498,2
125162,4.77844,49.54303,2
125163,4.788746,49.553964,2
125164,4.79414,49.55613,2
125165,4.79406,49.55498,2
125166,4.791075,49.552416,2
125167,4.787722,49.552772,2
125168,4.791998,49.552074,2
125169,4.79851,49.55681,2
125170,4.79851,49.55681,2
125171,4.79414,49.55613,2
125172,4.79444,49.55532,2
125173,4.791895,49.555114,2
125174,4.79101,49.55479,2
125175,4.791108,49.554824,2
125176,4.789001,49.554085,2
125177,4.78893,49.55405,2
125178,4.79561,49.5547,2
125179,4.819755,49.56362,2
125180,4.813198,49.542341,2
125181,4.804713,49.53821,2
125182,4.764437,49.555444,2
125183,4.76356,49.55613,2
125184,4.763876,49.557288,2
125185,4.77844,49.54303,2
125186,4.77844,49.54303,2
125187,4.77844,49.54303,2
125188,4.77844,49.54303,2
125189,4.77844,49.54303,2
125190,4.79444,49.55532,2
125191,4.76356,49.55613,2
125192,4.79516,49.558381,2
125193,4.7909,49.55557,2
125194,4.792121,49.552045,2
125195,4.791075,49.552416,2
125196,4.79362,49.557954,2
125197,4.79851,49.55681,2
125198,4.8694,49.514,2
125199,4.8694,49.514,2
125200,4.87347,49.517,2
125201,4.87347,49.517,2
125202,4.860702,49.525532,2
125203,4.87347,49.517,2
125204,4.86871,49.51588,2
125205,4.87347,49.517,2
125206,4.86871,49.51588,2
125207,4.8694,49.514,2
125208,4.869976,49.512091,2
125209,4.86871,49.51588,2
125210,4.87347,49.517,2
125211,4.8694,49.514,2
125212,4.86871,49.51588,2
125213,4.86871,49.51588,2
125214,4.8694,49.514,2
125215,4.87347,49.517,2
125216,4.8694,49.514,2
125217,4.87347,49.517,2
125218,4.8694,49.514,2
125219,4.854476,49.523577,2
125220,4.8694,49.514,2
125221,4.8694,49.514,2
125222,4.869662,49.512997,2
125223,4.8694,49.514,2
125224,4.87347,49.517,2
125225,4.87347,49.517,2
125226,4.8694,49.514,2
125227,4.87347,49.517,2
125228,4.860702,49.525541,2
125229,4.8694,49.514,2
125230,4.86871,49.51588,2
125231,4.868169,49.514906,2
125232,4.87347,49.517,2
125233,4.86871,49.51588,2
125234,4.8694,49.514,2
125235,4.82818,49.52728,2
125236,4.83391,49.52614,2
125237,4.81537,49.531881,2
125238,4.8322,49.52518,2
125239,4.8322,49.52658,2
125240,4.8322,49.52658,2
125241,4.8322,49.52658,2
125242,4.83342,49.52579,2
125243,4.83152,49.52484,2
125244,4.82947,49.52984,2
125245,4.8317,49.52671,2
125246,4.8326,49.52525,2
125247,4.83277,49.52549,2
125248,4.83454,49.52738,2
125249,4.83414,49.52641,2
125250,4.83394,49.52641,2
125251,4.83004,49.52843,2
125252,4.83097,49.52712,2
125253,4.83004,49.52843,2
125254,4.83333,49.52567,2
125255,4.83108,49.52676,2
125256,4.83407,49.52632,2
125257,4.8337,49.525833,2
125258,4.83178,49.52553,2
125259,4.8304,49.52572,2
125260,4.83055,49.52487,2
125261,4.83969,49.52694,2
125262,4.83426,49.52659,2
125263,4.83293,49.52614,2
125264,4.83232,49.52548,2
125265,4.83209,49.52537,2
125266,4.83156,49.52571,2
125267,4.83157,49.5269,2
125268,4.83491,49.5269,2
125269,4.83969,49.52694,2
125270,4.83421,49.52649,2
125271,4.83004,49.52843,2
125272,4.83399,49.52623,2
125273,4.83342,49.52579,2
125274,4.83047,49.52509,2
125275,4.83087,49.52598,2
125276,4.83108,49.52602,2
125277,4.83969,49.52694,2
125278,4.83293,49.52636,2
125279,4.83047,49.52509,2
125280,4.83261,49.52635,2
125281,4.83082,49.52633,2
125282,4.83008,49.52745,2
125283,4.83004,49.52843,2
125284,4.83212,49.52467,2
125285,4.83229,49.52214,2
125286,4.82818,49.52728,2
125287,4.82996,49.52826,2
125288,4.83321,49.5253,2
125289,4.83148,49.52568,2
125290,4.83212,49.52467,2
125291,4.83203,49.52672,2
125292,4.8343,49.52668,2
125293,4.83073,49.52489,2
125294,4.82818,49.52728,2
125295,4.83118,49.52583,2
125296,4.83159,49.52577,2
125297,4.83209,49.52552,2
125298,4.83212,49.52467,2
125299,4.83156,49.52571,2
125300,4.83218,49.52196,2
125301,4.836171,49.530068,2
125302,4.83255,49.52529,2
125303,4.8322,49.52658,2
125304,4.83437,49.52742,2
125305,4.82818,49.52728,2
125306,4.82727,49.52958,2
125307,4.83212,49.52467,2
125308,4.836171,49.530068,2
125309,4.83212,49.52467,2
125310,4.836181,49.529987,2
125311,4.82869,49.5305,2
125312,4.7354,49.85477,2
125313,4.7354,49.85477,2
125314,4.73104,49.8534,2
125315,4.73104,49.8534,2
125316,4.72844,49.85095,2
125317,4.73147,49.85418,2
125318,4.73281,49.85259,2
125319,4.73268,49.85318,2
125320,4.73,49.85374,2
125321,4.72909,49.85201,2
125322,4.73146,49.75167,2
125323,4.73073,49.75011,2
125324,4.7316,49.75243,2
125325,4.7316,49.75243,2
125326,4.7316,49.75243,2
125327,4.73138,49.75256,2
125328,4.72735,49.75373,2
125329,4.72613,49.74505,2
125330,4.72855,49.75106,2
125331,4.72818,49.75063,2
125332,4.7284,49.75089,2
125333,4.72753,49.74974,2
125334,4.72898,49.75122,2
125335,4.72922,49.75136,2
125336,4.72945,49.75151,2
125337,4.73044,49.75217,2
125338,4.73137,49.75269,2
125339,4.73165,49.75226,2
125340,4.72778,49.75371,2
125341,4.72756,49.75372,2
125342,4.72734,49.74955,2
125343,4.72848,49.75098,2
125344,4.7189,49.77395,2
125345,4.71887,49.7739,2
125346,4.71931,49.77416,2
125347,4.71903,49.77401,2
125348,4.7184,49.77469,2
125349,4.71849,49.77487,2
125350,4.71656,49.77359,2
125351,4.71853,49.77493,2
125352,4.71656,49.77359,2
125353,4.71856,49.77499,2
125354,4.71854,49.77347,2
125355,4.71859,49.77377,2
125356,4.72002,49.77379,2
125357,4.71842,49.77345,2
125358,4.71789,49.77358,2
125359,4.71858,49.77486,2
125360,4.13046,49.65763,2
125361,4.133771,49.658262,2
125362,4.13156,49.657962,2
125363,4.13094,49.6588,2
125364,4.12986,49.65847,2
125365,4.13185,49.65894,2
125366,4.129276,49.65832,2
125367,4.12963,49.661324,2
125368,4.13046,49.65763,2
125369,4.24012,49.52875,2
125370,4.2424,49.52933,2
125371,4.244709,49.529828,2
125372,4.24431,49.53141,2
125373,4.24232,49.53051,2
125374,4.24232,49.53051,2
125375,4.25351,49.53276,2
125376,4.25365,49.53377,2
125377,4.25365,49.53377,2
125378,4.24012,49.52875,2
125379,4.24431,49.53141,2
125380,4.25332,49.53293,2
125381,5.27014,49.63116,2
125382,5.27252,49.62982,2
125383,5.27395,49.62984,2
125384,5.27072,49.63082,2
125385,5.271049,49.630803,2
125386,5.27252,49.62982,2
125387,5.26988,49.63192,2
125388,5.26988,49.63192,2
125389,5.27014,49.63116,2
125390,5.269797,49.631166,2
125391,5.27252,49.62982,2
125392,5.2699,49.63122,2
125393,5.24454,49.63043,2
125394,5.24484,49.63001,2
125395,5.27252,49.62982,2
125396,5.24454,49.63043,2
125397,5.27252,49.62982,2
125398,5.27252,49.62982,2
125399,5.17148,49.67062,2
125400,5.1653,49.67566,2
125401,5.1653,49.67566,2
125402,5.1707,49.66824,2
125403,5.17148,49.67062,2
125404,5.17624,49.67171,2
125405,5.17624,49.67171,2
125406,5.173715,49.671902,2
125407,5.17624,49.67171,2
125408,5.17591,49.67363,2
125409,5.17559,49.67339,2
125410,5.172025,49.668904,2
125411,5.17875,49.67224,2
125412,5.17148,49.67062,2
125413,5.17148,49.67062,2
125414,5.17148,49.67062,2
125415,5.17148,49.67062,2
125416,4.79444,49.55532,2
125417,4.78865,49.55815,2
125418,4.79194,49.55664,2
125419,4.792804,49.555338,2
125420,4.79444,49.55532,2
125421,4.79414,49.55613,2
125422,4.79414,49.55613,2
125423,4.79561,49.5547,2
125424,4.76865,49.53541,2
125425,4.794101,49.557315,2
125426,4.79406,49.55498,2
125427,4.87347,49.517,2
125428,4.86871,49.51588,2
125429,4.8694,49.514,2
125430,4.87347,49.517,2
125431,4.8694,49.514,2
125432,4.8322,49.52658,2
125433,4.807985,49.516765,2
125434,4.832358,49.522949,2
125435,4.83229,49.52214,2
125436,4.83402,49.5254,2
125437,4.8322,49.52658,2
125438,4.83342,49.52579,2
125439,4.8322,49.52658,2
