"ID","Longitude","Latitude","ServiceTime (min)"
154783,4.67152,49.93092,2
154784,4.67152,49.93092,2
154785,4.67775,49.92794,2
154786,4.67775,49.92794,2
154787,4.67775,49.92794,2
154788,4.67775,49.92794,2
154789,4.67775,49.92794,2
154790,4.67775,49.92794,2
154791,4.67775,49.92794,2
154792,4.67775,49.92794,2
154793,4.67775,49.92794,2
154794,4.66849,49.93103,2
154795,4.67775,49.92794,2
154796,4.67775,49.92794,2
154797,4.67775,49.92794,2
154798,4.67775,49.92794,2
154799,4.67472,49.93112,2
154800,4.67775,49.92794,2
154801,4.67472,49.93112,2
154802,4.67584,49.93109,2
154803,4.675806,49.931026,2
154804,4.67584,49.93109,2
154805,4.66012,49.92747,2
154806,4.67584,49.93109,2
154807,4.67472,49.93112,2
154808,4.67154,49.931,2
154809,4.67472,49.93112,2
154810,4.67472,49.93112,2
154811,4.67472,49.93112,2
154812,4.675303,49.931287,2
154813,4.67472,49.93112,2
154814,4.67152,49.93092,2
154815,4.67472,49.93112,2
154816,4.67472,49.93112,2
154817,4.67472,49.93112,2
154818,4.674964,49.931473,2
154819,4.675071,49.931391,2
154820,4.674964,49.931473,2
154821,4.67152,49.93092,2
154822,4.674964,49.931473,2
154823,4.67472,49.93112,2
154824,4.67472,49.93112,2
154825,4.67472,49.93112,2
154826,4.67472,49.93112,2
154827,4.67472,49.93112,2
154828,4.67472,49.93112,2
154829,4.67472,49.93112,2
154830,4.67472,49.93112,2
154831,4.67472,49.93112,2
154832,4.67472,49.93112,2
154833,4.67472,49.93112,2
154834,4.6743,49.93074,2
154835,4.67401,49.93055,2
154836,4.673448,49.929985,2
154837,4.673448,49.929985,2
154838,4.67416,49.93081,2
154839,4.66953,49.93056,2
154840,4.67387,49.93063,2
154841,4.67358,49.93044,2
154842,4.66776,49.9302,2
154843,4.67095,49.93058,2
154844,4.67339,49.9302,2
154845,4.66595,49.92976,2
154846,4.66985,49.93055,2
154847,4.67373,49.93037,2
154848,4.66685,49.92998,2
154849,4.67373,49.93037,2
154850,4.67373,49.93096,2
154851,4.67062,49.93031,2
154852,4.67179,49.93042,2
154853,4.67241,49.93026,2
154854,4.67303,49.93009,2
154855,4.67322,49.92999,2
154856,4.67322,49.92999,2
154857,4.66953,49.93056,2
154858,4.66885,49.92982,2
154859,4.67355,49.93085,2
154860,4.67513,49.92909,2
154861,4.67515,49.92864,2
154862,4.67192,49.93091,2
154863,4.67329,49.93098,2
154864,4.67285,49.931,2
154865,4.6703,49.93085,2
154866,4.67416,49.93093,2
154867,4.66936,49.931,2
154868,4.66866,49.93092,2
154869,4.6698,49.93099,2
154870,4.66892,49.93102,2
154871,4.66805,49.931,2
154872,4.67198,49.93103,2
154873,4.66116,49.92794,2
154874,4.67242,49.93102,2
154875,4.67023,49.93097,2
154876,4.67067,49.93096,2
154877,4.67111,49.93097,2
154878,4.6642,49.92966,2
154879,4.66025,49.92739,2
154880,4.66795,49.92961,2
154881,4.67459,49.92939,2
154882,4.66527,49.92926,2
154883,4.66321,49.92926,2
154884,4.66953,49.93056,2
154885,4.672758,49.931022,2
154886,4.66953,49.93056,2
154887,4.65846,49.9265,2
154888,4.66505,49.92963,2
154889,4.66953,49.93056,2
154890,4.66953,49.93056,2
154891,4.66246,49.92869,2
154892,4.66953,49.93056,2
154893,4.66953,49.93056,2
154894,4.66953,49.93056,2
154895,4.66953,49.93056,2
154896,4.66953,49.93056,2
154897,4.65915,49.92683,2
154898,4.65915,49.92683,2
154899,4.65846,49.9265,2
154900,4.65673,49.92567,2
154901,4.65846,49.9265,2
154902,4.65764,49.92616,2
154903,4.673035,49.930091,2
154904,4.66585,49.9288,2
154905,4.66953,49.93056,2
154906,4.66679,49.93009,2
154907,4.66771,49.92945,2
154908,4.66718,49.92921,2
154909,4.66953,49.93056,2
154910,4.66876,49.93039,2
154911,4.66953,49.93056,2
154912,4.66953,49.93056,2
154913,4.67095,49.93058,2
154914,4.71416,49.75648,2
154915,4.71416,49.75648,2
154916,4.71416,49.75648,2
154917,4.71416,49.75648,2
154918,4.71365,49.75655,2
154919,4.71365,49.75655,2
154920,4.71365,49.75655,2
154921,4.71807,49.75847,2
154922,4.71755,49.75787,2
154923,4.71365,49.75655,2
154924,4.71807,49.75847,2
154925,4.71746,49.75674,2
154926,4.71365,49.75655,2
154927,4.71807,49.75847,2
154928,4.71365,49.75655,2
154929,4.71807,49.75847,2
154930,4.71365,49.75655,2
154931,4.71807,49.75847,2
154932,4.71365,49.75655,2
154933,4.71807,49.75847,2
154934,4.71365,49.75655,2
154935,4.71807,49.75847,2
154936,4.71365,49.75655,2
154937,4.71807,49.75847,2
154938,4.71314,49.75661,2
154939,4.71807,49.75847,2
154940,4.71314,49.75661,2
154941,4.71807,49.75847,2
154942,4.71314,49.75661,2
154943,4.71782,49.75847,2
154944,4.71782,49.75847,2
154945,4.71314,49.75661,2
154946,4.71782,49.75847,2
154947,4.71314,49.75661,2
154948,4.71782,49.75847,2
154949,4.71314,49.75661,2
154950,4.71782,49.75847,2
154951,4.71314,49.75661,2
154952,4.71782,49.75847,2
154953,4.71314,49.75661,2
154954,4.71782,49.75847,2
154955,4.71314,49.75661,2
154956,4.71782,49.75847,2
154957,4.71314,49.75661,2
154958,4.71782,49.75847,2
154959,4.71263,49.75667,2
154960,4.71782,49.75847,2
154961,4.71263,49.75667,2
154962,4.71782,49.75847,2
154963,4.71263,49.75667,2
154964,4.71758,49.75847,2
154965,4.71758,49.75847,2
154966,4.71263,49.75667,2
154967,4.71758,49.75847,2
154968,4.71263,49.75667,2
154969,4.71758,49.75847,2
154970,4.71263,49.75667,2
154971,4.71758,49.75847,2
154972,4.71263,49.75667,2
154973,4.71758,49.75847,2
154974,4.71263,49.75667,2
154975,4.71758,49.75847,2
154976,4.71263,49.75667,2
154977,4.71758,49.75847,2
154978,4.71263,49.75667,2
154979,4.71758,49.75847,2
154980,4.71438,49.75657,2
154981,4.71758,49.75847,2
154982,4.71424,49.75659,2
154983,4.71758,49.75847,2
154984,4.71411,49.75661,2
154985,4.71397,49.75663,2
154986,4.71813,49.75835,2
154987,4.71383,49.75664,2
154988,4.7137,49.75666,2
154989,4.71801,49.75835,2
154990,4.71356,49.75668,2
154991,4.71801,49.75835,2
154992,4.71343,49.7567,2
154993,4.71801,49.75835,2
154994,4.71329,49.75671,2
154995,4.71801,49.75835,2
154996,4.71788,49.75835,2
154997,4.71316,49.75673,2
154998,4.71788,49.75835,2
154999,4.71779,49.75774,2
155000,4.71302,49.75675,2
155001,4.71289,49.75676,2
155002,4.71788,49.75835,2
155003,4.71788,49.75835,2
155004,4.71275,49.75678,2
155005,4.71776,49.75835,2
155006,4.71833,49.75783,2
155007,4.71261,49.75679,2
155008,4.71776,49.75835,2
155009,4.71248,49.75681,2
155010,4.71636,49.75882,2
155011,4.71776,49.75835,2
155012,4.71636,49.75882,2
155013,4.71315,49.7562,2
155014,4.71737,49.75757,2
155015,4.71315,49.7562,2
155016,4.71764,49.75835,2
155017,4.71651,49.75729,2
155018,4.71352,49.7588,2
155019,4.71315,49.7562,2
155020,4.71764,49.75835,2
155021,4.71511,49.75597,2
155022,4.71315,49.7562,2
155023,4.71764,49.75835,2
155024,4.71412,49.75608,2
155025,4.71315,49.7562,2
155026,4.71764,49.75835,2
155027,4.71412,49.75608,2
155028,4.71752,49.75835,2
155029,4.71365,49.75655,2
155030,4.71315,49.7562,2
155031,4.71752,49.75835,2
155032,4.71314,49.75661,2
155033,4.71315,49.7562,2
155034,4.71752,49.75835,2
155035,4.71315,49.7562,2
155036,4.71315,49.7562,2
155037,4.71315,49.7562,2
155038,4.71752,49.75835,2
155039,4.71282,49.75623,2
155040,4.71282,49.75623,2
155041,4.71315,49.7562,2
155042,4.71752,49.75835,2
155043,4.71752,49.75835,2
155044,4.71315,49.7562,2
155045,4.71163,49.75675,2
155046,4.71753,49.75823,2
155047,4.71315,49.7562,2
155048,4.70982,49.75656,2
155049,4.71753,49.75823,2
155050,4.71315,49.7562,2
155051,4.71753,49.75823,2
155052,4.71315,49.7562,2
155053,4.71753,49.75823,2
155054,4.71315,49.7562,2
155055,4.71753,49.75823,2
155056,4.71315,49.7562,2
155057,4.71753,49.75823,2
155058,4.71315,49.7562,2
155059,4.71753,49.75823,2
155060,4.71132,49.75678,2
155061,4.71315,49.7562,2
155062,4.71752,49.75811,2
155063,4.71315,49.7562,2
155064,4.71751,49.75799,2
155065,4.71315,49.7562,2
155066,4.71751,49.75799,2
155067,4.71315,49.7562,2
155068,4.71664,49.75792,2
155069,4.71282,49.75623,2
155070,4.71664,49.75792,2
155071,4.71755,49.75787,2
155072,4.71282,49.75623,2
155073,4.71755,49.75787,2
155074,4.71282,49.75623,2
155075,4.71755,49.75787,2
155076,4.71282,49.75623,2
155077,4.71781,49.75786,2
155078,4.71282,49.75623,2
155079,4.71779,49.75774,2
155080,4.71805,49.75773,2
155081,4.71282,49.75623,2
155082,4.71779,49.75774,2
155083,4.71282,49.75623,2
155084,4.71779,49.75774,2
155085,4.71282,49.75623,2
155086,4.71779,49.75774,2
155087,4.71282,49.75623,2
155088,4.7175,49.75776,2
155089,4.71282,49.75623,2
155090,4.71106,49.75678,2
155091,4.7175,49.75776,2
155092,4.71282,49.75623,2
155093,4.71748,49.75763,2
155094,4.7108,49.75677,2
155095,4.71282,49.75623,2
155096,4.71748,49.75763,2
155097,4.71282,49.75623,2
155098,4.71748,49.75763,2
155099,4.71282,49.75623,2
155100,4.71748,49.75763,2
155101,4.71282,49.75623,2
155102,4.71748,49.75763,2
155103,4.71282,49.75623,2
155104,4.71748,49.75763,2
155105,4.71282,49.75623,2
155106,4.71747,49.7575,2
155107,4.71746,49.75738,2
155108,4.71282,49.75623,2
155109,4.71746,49.75727,2
155110,4.71054,49.75676,2
155111,4.71746,49.75727,2
155112,4.71282,49.75623,2
155113,4.71746,49.75716,2
155114,4.71282,49.75623,2
155115,4.71746,49.75705,2
155116,4.71228,49.75628,2
155117,4.71746,49.75705,2
155118,4.71228,49.75628,2
155119,4.71228,49.75628,2
155120,4.71746,49.75705,2
155121,4.71746,49.75695,2
155122,4.71228,49.75628,2
155123,4.71746,49.75695,2
155124,4.70982,49.75656,2
155125,4.71746,49.75695,2
155126,4.71028,49.75675,2
155127,4.71248,49.75779,2
155128,4.71746,49.75684,2
155129,4.71251,49.75879,2
155130,4.71746,49.75684,2
155131,4.71251,49.75879,2
155132,4.71746,49.75674,2
155133,4.71251,49.75879,2
155134,4.71746,49.75674,2
155135,4.71251,49.75879,2
155136,4.71746,49.75674,2
155137,4.71746,49.75674,2
155138,4.71251,49.75879,2
155139,4.71251,49.75879,2
155140,4.71746,49.75674,2
155141,4.71251,49.75879,2
155142,4.71002,49.75674,2
155143,4.71746,49.75663,2
155144,4.71251,49.75879,2
155145,4.71746,49.75663,2
155146,4.71251,49.75879,2
155147,4.7191,49.76014,2
155148,4.71251,49.75879,2
155149,4.71684,49.7588,2
155150,4.71251,49.75879,2
155151,4.7166,49.75881,2
155152,4.71251,49.75879,2
155153,4.71636,49.75882,2
155154,4.71212,49.75878,2
155155,4.71636,49.75882,2
155156,4.71212,49.75878,2
155157,4.71636,49.75882,2
155158,4.71212,49.75878,2
155159,4.71636,49.75882,2
155160,4.71212,49.75878,2
155161,4.71636,49.75882,2
155162,4.71212,49.75878,2
155163,4.71636,49.75882,2
155164,4.7114,49.75871,2
155165,4.71636,49.75882,2
155166,4.7114,49.75871,2
155167,4.71636,49.75882,2
155168,4.7114,49.75871,2
155169,4.71636,49.75882,2
155170,4.71807,49.75847,2
155171,4.71801,49.75835,2
155172,4.7114,49.75871,2
155173,4.71636,49.75882,2
155174,4.71801,49.75835,2
155175,4.71129,49.75854,2
155176,4.71636,49.75882,2
155177,4.71788,49.75835,2
155178,4.71776,49.75835,2
155179,4.71129,49.75854,2
155180,4.71636,49.75882,2
155181,4.71776,49.75835,2
155182,4.71129,49.75854,2
155183,4.71636,49.75882,2
155184,4.71764,49.75835,2
155185,4.71764,49.75835,2
155186,4.71129,49.75854,2
155187,4.71636,49.75882,2
155188,4.71752,49.75835,2
155189,4.71134,49.75838,2
155190,4.71636,49.75882,2
155191,4.71752,49.75835,2
155192,4.71134,49.75838,2
155193,4.71636,49.75882,2
155194,4.71134,49.75838,2
155195,4.71636,49.75882,2
155196,4.71134,49.75838,2
155197,4.71636,49.75882,2
155198,4.71752,49.75811,2
155199,4.71752,49.75811,2
155200,4.71148,49.75807,2
155201,4.71636,49.75882,2
155202,4.71752,49.75811,2
155203,4.71148,49.75807,2
155204,4.71636,49.75882,2
155205,4.71751,49.75799,2
155206,4.71148,49.75807,2
155207,4.71736,49.75876,2
155208,4.7175,49.75788,2
155209,4.71148,49.75807,2
155210,4.71736,49.75876,2
155211,4.71736,49.75876,2
155212,4.71148,49.75807,2
155213,4.71736,49.75876,2
155214,4.71807,49.75784,2
155215,4.71148,49.75807,2
155216,4.71736,49.75876,2
155217,4.71148,49.75807,2
155218,4.71736,49.75876,2
155219,4.71748,49.75763,2
155220,4.71736,49.75876,2
155221,4.71736,49.75862,2
155222,4.71746,49.75727,2
155223,4.71736,49.75876,2
155224,4.71736,49.75876,2
155225,4.71746,49.75716,2
155226,4.71736,49.75876,2
155227,4.71746,49.75705,2
155228,4.71736,49.75876,2
155229,4.71746,49.75695,2
155230,4.71736,49.75876,2
155231,4.71746,49.75695,2
155232,4.71736,49.75876,2
155233,4.71746,49.75684,2
155234,4.71736,49.75876,2
155235,4.71746,49.75674,2
155236,4.71746,49.75663,2
155237,4.71736,49.75862,2
155238,4.71746,49.75663,2
155239,4.71736,49.75862,2
155240,4.71736,49.75876,2
155241,4.71736,49.75862,2
155242,4.71736,49.75876,2
155243,4.71736,49.75848,2
155244,4.71736,49.75876,2
155245,4.71736,49.75876,2
155246,4.71736,49.75848,2
155247,4.71736,49.75876,2
155248,4.71736,49.75862,2
155249,4.71736,49.75848,2
155250,4.71736,49.75862,2
155251,4.71736,49.75848,2
155252,4.71736,49.75848,2
155253,4.71736,49.75848,2
155254,4.71736,49.75848,2
155255,4.71734,49.75812,2
155256,4.71734,49.75812,2
155257,4.71734,49.75812,2
155258,4.71734,49.75812,2
155259,4.71734,49.75812,2
155260,4.71734,49.75812,2
155261,4.71734,49.75812,2
155262,4.71734,49.75812,2
155263,4.71734,49.75812,2
155264,4.71734,49.75812,2
155265,4.71734,49.75812,2
155266,4.71734,49.75812,2
155267,4.71734,49.75812,2
155268,4.71734,49.75812,2
155269,4.71731,49.7577,2
155270,4.71734,49.75812,2
155271,4.71716,49.75789,2
155272,4.71728,49.75723,2
155273,4.71734,49.75812,2
155274,4.71728,49.75699,2
155275,4.71734,49.75812,2
155276,4.71728,49.75687,2
155277,4.71728,49.75687,2
155278,4.71734,49.75812,2
155279,4.71728,49.75681,2
155280,4.71728,49.75675,2
155281,4.71716,49.75789,2
155282,4.71728,49.75669,2
155283,4.71716,49.75789,2
155284,4.71716,49.75789,2
155285,4.71728,49.75658,2
155286,4.71728,49.75658,2
155287,4.71716,49.75789,2
155288,4.71728,49.75652,2
155289,4.71716,49.75789,2
155290,4.71728,49.7564,2
155291,4.71716,49.75789,2
155292,4.71641,49.7583,2
155293,4.71659,49.75672,2
155294,4.71716,49.75789,2
155295,4.71659,49.75672,2
155296,4.71728,49.75723,2
155297,4.71728,49.75723,2
155298,4.71728,49.75723,2
155299,4.71728,49.75717,2
155300,4.71728,49.75711,2
155301,4.71728,49.75705,2
155302,4.71728,49.75705,2
155303,4.71728,49.75705,2
155304,4.71728,49.75705,2
155305,4.71728,49.75687,2
155306,4.71728,49.75687,2
155307,4.71728,49.75687,2
155308,4.71728,49.75681,2
155309,4.71728,49.75681,2
155310,4.71728,49.75681,2
155311,4.71728,49.75681,2
155312,4.71728,49.75675,2
155313,4.71728,49.75675,2
155314,4.71728,49.75675,2
155315,4.71728,49.75658,2
155316,4.71728,49.75658,2
155317,4.71728,49.75658,2
155318,4.71728,49.75658,2
155319,4.71728,49.75658,2
155320,4.71728,49.75658,2
155321,4.71728,49.75646,2
155322,4.71746,49.75674,2
155323,4.71639,49.75847,2
155324,4.71639,49.75847,2
155325,4.71641,49.7583,2
155326,4.71639,49.75847,2
155327,4.71643,49.75813,2
155328,4.71689,49.75727,2
155329,4.71747,49.7575,2
155330,4.71651,49.75729,2
155331,4.71657,49.75728,2
155332,4.71747,49.7575,2
155333,4.71651,49.75729,2
155334,4.71747,49.7575,2
155335,4.71657,49.75728,2
155336,4.71747,49.7575,2
155337,4.71651,49.75729,2
155338,4.71651,49.75729,2
155339,4.71653,49.75718,2
155340,4.71653,49.75718,2
155341,4.71656,49.75695,2
155342,4.71658,49.75683,2
155343,4.71658,49.75683,2
155344,4.71658,49.75683,2
155345,4.71728,49.75687,2
155346,4.71659,49.75672,2
155347,4.71658,49.75683,2
155348,4.71658,49.75683,2
155349,4.71661,49.7566,2
155350,4.71646,49.75687,2
155351,4.71193,49.75673,2
155352,4.71748,49.75763,2
155353,4.71223,49.75671,2
155354,4.7118,49.75686,2
155355,4.71139,49.75689,2
155356,4.71248,49.75779,2
155357,4.71249,49.75679,2
155358,4.71248,49.75779,2
155359,4.7125,49.75865,2
155360,4.71248,49.75851,2
155361,4.71247,49.75837,2
155362,4.71246,49.75823,2
155363,4.71244,49.75809,2
155364,4.71241,49.75781,2
155365,4.7124,49.75767,2
155366,4.71238,49.75753,2
155367,4.71237,49.75739,2
155368,4.71235,49.75725,2
155369,4.71234,49.75711,2
155370,4.71233,49.75697,2
155371,4.71233,49.75697,2
155372,4.71233,49.75697,2
155373,4.71231,49.75683,2
155374,4.71229,49.75666,2
155375,4.71269,49.75875,2
155376,4.71268,49.75869,2
155377,4.71268,49.75862,2
155378,4.71267,49.75856,2
155379,4.71266,49.75849,2
155380,4.71266,49.75843,2
155381,4.71265,49.75836,2
155382,4.71264,49.75829,2
155383,4.71264,49.75823,2
155384,4.71263,49.75816,2
155385,4.71511,49.75597,2
155386,4.71262,49.7581,2
155387,4.71511,49.75597,2
155388,4.71261,49.75803,2
155389,4.71261,49.75797,2
155390,4.7126,49.7579,2
155391,4.71259,49.75784,2
155392,4.71259,49.75777,2
155393,4.71258,49.75771,2
155394,4.71257,49.75764,2
155395,4.71257,49.75757,2
155396,4.71256,49.75751,2
155397,4.71255,49.75744,2
155398,4.71255,49.75738,2
155399,4.71254,49.75731,2
155400,4.71253,49.75725,2
155401,4.71813,49.75835,2
155402,4.71253,49.75718,2
155403,4.71252,49.75712,2
155404,4.71251,49.75705,2
155405,4.71251,49.75698,2
155406,4.7125,49.75692,2
155407,4.71249,49.75685,2
155408,4.71677,49.7554,2
155409,4.71511,49.75597,2
155410,4.71511,49.75597,2
155411,4.71511,49.75597,2
155412,4.71511,49.75597,2
155413,4.71511,49.75597,2
155414,4.71511,49.75597,2
155415,4.71511,49.75597,2
155416,4.71511,49.75597,2
155417,4.71511,49.75597,2
155418,4.71511,49.75597,2
155419,4.71511,49.75597,2
155420,4.71511,49.75597,2
155421,4.71511,49.75597,2
155422,4.71511,49.75597,2
155423,4.71511,49.75597,2
155424,4.71511,49.75597,2
155425,4.71511,49.75597,2
155426,4.71511,49.75597,2
155427,4.71511,49.75597,2
155428,4.71511,49.75597,2
155429,4.71747,49.7575,2
155430,4.71511,49.75597,2
155431,4.71511,49.75597,2
155432,4.71511,49.75597,2
155433,4.71511,49.75597,2
155434,4.71511,49.75597,2
155435,4.71478,49.756,2
155436,4.71478,49.756,2
155437,4.71478,49.756,2
155438,4.71478,49.756,2
155439,4.71752,49.75835,2
155440,4.71478,49.756,2
155441,4.71478,49.756,2
155442,4.71478,49.756,2
155443,4.71478,49.756,2
155444,4.71478,49.756,2
155445,4.71478,49.756,2
155446,4.71445,49.75604,2
155447,4.71445,49.75604,2
155448,4.71445,49.75604,2
155449,4.71445,49.75604,2
155450,4.71445,49.75604,2
155451,4.71445,49.75604,2
155452,4.71445,49.75604,2
155453,4.71445,49.75604,2
155454,4.71445,49.75604,2
155455,4.71445,49.75604,2
155456,4.71412,49.75608,2
155457,4.71412,49.75608,2
155458,4.71412,49.75608,2
155459,4.71412,49.75608,2
155460,4.71412,49.75608,2
155461,4.71412,49.75608,2
155462,4.71412,49.75608,2
155463,4.71412,49.75608,2
155464,4.71412,49.75608,2
155465,4.71412,49.75608,2
155466,4.71412,49.75608,2
155467,4.71412,49.75608,2
155468,4.71412,49.75608,2
155469,4.71412,49.75608,2
155470,4.71412,49.75608,2
155471,4.71379,49.75612,2
155472,4.71379,49.75612,2
155473,4.71379,49.75612,2
155474,4.71379,49.75612,2
155475,4.71379,49.75612,2
155476,4.71379,49.75612,2
155477,4.71379,49.75612,2
155478,4.71379,49.75612,2
155479,4.71379,49.75612,2
155480,4.71379,49.75612,2
155481,4.71347,49.75616,2
155482,4.71347,49.75616,2
155483,4.71347,49.75616,2
155484,4.71347,49.75616,2
155485,4.71347,49.75616,2
155486,4.71347,49.75616,2
155487,4.71347,49.75616,2
155488,4.71347,49.75616,2
155489,4.71347,49.75616,2
155490,4.71728,49.75687,2
155491,4.71347,49.75616,2
155492,4.71416,49.75648,2
155493,4.71416,49.75648,2
155494,4.71416,49.75648,2
155495,4.71416,49.75648,2
155496,4.71416,49.75648,2
155497,4.71416,49.75648,2
155498,4.71416,49.75648,2
155499,4.71416,49.75648,2
155500,4.71416,49.75648,2
155501,4.71416,49.75648,2
155502,4.71416,49.75648,2
155503,4.79402,49.80917,2
155504,4.79398,49.80914,2
155505,4.79393,49.8091,2
155506,4.79389,49.80906,2
155507,4.79385,49.80902,2
155508,4.7937,49.80894,2
155509,4.79363,49.8089,2
155510,4.79348,49.80883,2
155511,4.79341,49.80879,2
155512,4.79479,49.81044,2
155513,4.79333,49.80873,2
155514,4.79328,49.80869,2
155515,4.79377,49.80864,2
155516,4.79324,49.80866,2
155517,4.79595,49.80977,2
155518,4.79377,49.80864,2
155519,4.79283,49.8085,2
155520,4.79256,49.80849,2
155521,4.79233,49.80842,2
155522,4.7918,49.8083,2
155523,4.79186,49.80819,2
155524,4.79153,49.80824,2
155525,4.79207,49.80848,2
155526,4.79094,49.80873,2
155527,4.78782,49.81462,2
155528,4.79207,49.80848,2
155529,4.79207,49.80848,2
155530,4.79213,49.80861,2
155531,4.79187,49.81088,2
155532,4.79275,49.80866,2
155533,4.79393,49.8091,2
155534,4.79171,49.80827,2
155535,4.79463,49.80804,2
155536,4.79263,49.80839,2
155537,4.79324,49.80866,2
155538,4.79277,49.80859,2
155539,4.79263,49.80839,2
155540,4.79295,49.80852,2
155541,4.79368,49.809,2
155542,4.79361,49.80902,2
155543,4.79354,49.80905,2
155544,4.79346,49.80907,2
155545,4.79341,49.80911,2
155546,4.79342,49.80916,2
155547,4.79346,49.8092,2
155548,4.7935,49.80924,2
155549,4.78458,49.8129,2
155550,4.79651,49.81158,2
155551,4.7991,49.80932,2
155552,4.79665,49.81168,2
155553,4.79651,49.81176,2
155554,4.79342,49.81344,2
155555,4.79268,49.81333,2
155556,4.79342,49.81344,2
155557,4.79638,49.81166,2
155558,4.79083,49.81373,2
155559,4.79419,49.81303,2
155560,4.7947,49.8129,2
155561,4.79419,49.81303,2
155562,4.7947,49.8129,2
155563,4.79585,49.81181,2
155564,4.79526,49.81214,2
155565,4.79382,49.81311,2
155566,4.79566,49.81208,2
155567,4.79603,49.81154,2
155568,4.79525,49.81255,2
155569,4.78965,49.81411,2
155570,4.79414,49.81298,2
155571,4.7886,49.81429,2
155572,4.79012,49.81383,2
155573,4.79491,49.81268,2
155574,4.79334,49.8133,2
155575,4.79142,49.81354,2
155576,4.79419,49.81303,2
155577,4.79419,49.81303,2
155578,4.78904,49.81429,2
155579,4.79622,49.81156,2
155580,4.79086,49.81359,2
155581,4.79412,49.81231,2
155582,4.78783,49.81449,2
155583,4.79483,49.81216,2
155584,4.79241,49.81323,2
155585,4.79161,49.81335,2
155586,4.78458,49.8129,2
155587,4.79595,49.81138,2
155588,4.79419,49.81303,2
155589,4.79413,49.81168,2
155590,4.79419,49.81303,2
155591,4.79412,49.81219,2
155592,4.79593,49.81134,2
155593,4.79123,49.81098,2
155594,4.79419,49.81303,2
155595,4.79591,49.8113,2
155596,4.79589,49.81126,2
155597,4.79587,49.81122,2
155598,4.79583,49.81114,2
155599,4.79581,49.8111,2
155600,4.79579,49.81106,2
155601,4.79577,49.81102,2
155602,4.79575,49.81098,2
155603,4.79572,49.81096,2
155604,4.79562,49.81091,2
155605,4.79552,49.81086,2
155606,4.79502,49.81061,2
155607,4.79512,49.81066,2
155608,4.79532,49.81076,2
155609,4.79542,49.81081,2
155610,4.7947,49.8129,2
155611,4.7944,49.81077,2
155612,4.79471,49.81048,2
155613,4.79461,49.81043,2
155614,4.79445,49.81035,2
155615,4.79431,49.81027,2
155616,4.79422,49.81022,2
155617,4.79414,49.81018,2
155618,4.79394,49.81014,2
155619,4.79385,49.81012,2
155620,4.79365,49.81008,2
155621,4.7936,49.81008,2
155622,4.7935,49.8101,2
155623,4.7934,49.81012,2
155624,4.79316,49.81024,2
155625,4.79334,49.81014,2
155626,4.79308,49.81029,2
155627,4.79284,49.81041,2
155628,4.79325,49.81019,2
155629,4.79299,49.81033,2
155630,4.79293,49.81036,2
155631,4.79339,49.81078,2
155632,4.79241,49.81066,2
155633,4.7941,49.81152,2
155634,4.7937,49.81103,2
155635,4.79357,49.81092,2
155636,4.7929,49.81045,2
155637,4.7944,49.81077,2
155638,4.79328,49.81054,2
155639,4.79315,49.81062,2
155640,4.7941,49.81152,2
155641,4.7941,49.81152,2
155642,4.7941,49.81152,2
155643,4.7941,49.81152,2
155644,4.7941,49.81152,2
155645,4.7941,49.81152,2
155646,4.7941,49.81152,2
155647,4.79579,49.81106,2
155648,4.79429,49.81161,2
155649,4.79404,49.81122,2
155650,4.79263,49.81028,2
155651,4.79263,49.81028,2
155652,4.79264,49.81037,2
155653,4.79285,49.81016,2
155654,4.79302,49.81001,2
155655,4.79291,49.80997,2
155656,4.79193,49.80948,2
155657,4.79347,49.81229,2
155658,4.79279,49.80993,2
155659,4.79291,49.80997,2
155660,4.79257,49.80984,2
155661,4.79246,49.8098,2
155662,4.79234,49.80976,2
155663,4.79223,49.80972,2
155664,4.79212,49.80968,2
155665,4.792,49.80964,2
155666,4.79189,49.8096,2
155667,4.79189,49.8096,2
155668,4.79178,49.80956,2
155669,4.79313,49.81005,2
155670,4.79267,49.80975,2
155671,4.79342,49.80991,2
155672,4.793,49.80974,2
155673,4.79259,49.80957,2
155674,4.7928,49.80854,2
155675,4.79218,49.8094,2
155676,4.79145,49.80908,2
155677,4.79053,49.80854,2
155678,4.79051,49.80836,2
155679,4.79108,49.80874,2
155680,4.79094,49.80873,2
155681,4.79173,49.80907,2
155682,4.79224,49.80929,2
155683,4.79259,49.80943,2
155684,4.79293,49.80957,2
155685,4.79327,49.80972,2
155686,4.79359,49.80987,2
155687,4.794,49.80987,2
155688,4.79403,49.80985,2
155689,4.79406,49.80984,2
155690,4.79409,49.80982,2
155691,4.79412,49.80981,2
155692,4.79479,49.81044,2
155693,4.79433,49.80989,2
155694,4.79413,49.80975,2
155695,4.79407,49.8097,2
155696,4.79402,49.80966,2
155697,4.79396,49.80961,2
155698,4.7939,49.80956,2
155699,4.79384,49.80952,2
155700,4.79379,49.80948,2
155701,4.7928,49.80854,2
155702,4.79373,49.80945,2
155703,4.7928,49.80854,2
155704,4.79368,49.80941,2
155705,4.79362,49.80937,2
155706,4.79354,49.80929,2
155707,4.79382,49.80933,2
155708,4.79363,49.80914,2
155709,4.79397,49.80943,2
155710,4.79236,49.81053,2
155711,4.79218,49.81077,2
155712,4.79187,49.81088,2
155713,4.79255,49.81058,2
155714,4.79157,49.81099,2
155715,4.79163,49.81083,2
155716,4.79163,49.81083,2
155717,4.79127,49.8111,2
155718,4.79099,49.8112,2
155719,4.79074,49.81128,2
155720,4.7905,49.81136,2
155721,4.79026,49.81143,2
155722,4.79001,49.81151,2
155723,4.80067,49.8094,2
155724,4.78976,49.81159,2
155725,4.78952,49.81166,2
155726,4.78902,49.81182,2
155727,4.78927,49.81174,2
155728,4.79747,49.80921,2
155729,4.78902,49.81182,2
155730,4.78878,49.81189,2
155731,4.79123,49.81098,2
155732,4.79337,49.80876,2
155733,4.78853,49.81197,2
155734,4.78828,49.81205,2
155735,4.78779,49.8122,2
155736,4.78754,49.81227,2
155737,4.78705,49.81243,2
155738,4.7868,49.8125,2
155739,4.78656,49.81258,2
155740,4.78606,49.81273,2
155741,4.78631,49.81265,2
155742,4.80172,49.80905,2
155743,4.78994,49.81141,2
155744,4.80172,49.80905,2
155745,4.79038,49.81127,2
155746,4.80172,49.80905,2
155747,4.78862,49.81181,2
155748,4.7895,49.81154,2
155749,4.77964,49.81399,2
155750,4.78818,49.81195,2
155751,4.7858,49.81278,2
155752,4.78554,49.81283,2
155753,4.78528,49.81288,2
155754,4.78774,49.81208,2
155755,4.78686,49.81236,2
155756,4.78449,49.81304,2
155757,4.78476,49.81299,2
155758,4.7873,49.81222,2
155759,4.78598,49.81262,2
155760,4.78271,49.81327,2
155761,4.78449,49.81304,2
155762,4.7991,49.80932,2
155763,4.78551,49.81272,2
155764,4.78505,49.81281,2
155765,4.78397,49.81314,2
155766,4.78229,49.81334,2
155767,4.78411,49.81299,2
155768,4.78365,49.81308,2
155769,4.78739,49.81225,2
155770,4.78739,49.81225,2
155771,4.78318,49.81317,2
155772,4.78266,49.8134,2
155773,4.781952,49.8136,2
155774,4.78226,49.81347,2
155775,4.78171,49.81355,2
155776,4.79512,49.81066,2
155777,4.7815,49.81347,2
155778,4.79544,49.80854,2
155779,4.78189,49.81341,2
155780,4.7937,49.80758,2
155781,4.78111,49.81353,2
155782,4.79514,49.8082,2
155783,4.78117,49.81364,2
155784,4.79416,49.80786,2
155785,4.78073,49.81363,2
155786,4.79527,49.8083,2
155787,4.78073,49.81363,2
155788,4.78066,49.81378,2
155789,4.7954,49.8084,2
155790,4.78037,49.81375,2
155791,4.79553,49.8085,2
155792,4.79024,49.81392,2
155793,4.78016,49.81395,2
155794,4.79579,49.8087,2
155795,4.80036,49.80927,2
155796,4.79605,49.8089,2
155797,4.78001,49.81387,2
155798,4.79699,49.80899,2
155799,4.77954,49.81416,2
155800,4.79882,49.80937,2
155801,4.7941,49.81152,2
155802,4.7972,49.80908,2
155803,4.79747,49.80913,2
155804,4.77927,49.81412,2
155805,4.79653,49.80886,2
155806,4.78739,49.81225,2
155807,4.781952,49.8136,2
155808,4.79795,49.80922,2
155809,4.79357,49.80933,2
155810,4.80278,49.80861,2
155811,4.79747,49.80921,2
155812,4.79357,49.80933,2
155813,4.80331,49.80837,2
155814,4.79757,49.80915,2
155815,4.79357,49.80933,2
155816,4.80225,49.80886,2
155817,4.79972,49.80924,2
155818,4.79745,49.80936,2
155819,4.80438,49.80789,2
155820,4.80036,49.80927,2
155821,4.79946,49.80795,2
155822,4.78458,49.8129,2
155823,4.80162,49.80895,2
155824,4.79784,49.8092,2
155825,4.8018,49.8089,2
155826,4.80012,49.80773,2
155827,4.79896,49.80815,2
155828,4.80196,49.80885,2
155829,4.79775,49.80918,2
155830,4.80212,49.80877,2
155831,4.7995,49.80807,2
155832,4.80228,49.8087,2
155833,4.80168,49.80658,2
155834,4.80019,49.80784,2
155835,4.80244,49.80863,2
155836,4.79849,49.80869,2
155837,4.77964,49.81399,2
155838,4.8026,49.80856,2
155839,4.8018,49.80667,2
155840,4.79855,49.80841,2
155841,4.80276,49.80848,2
155842,4.79794,49.80907,2
155843,4.80292,49.80841,2
155844,4.79807,49.80925,2
155845,4.80308,49.80834,2
155846,4.80324,49.80826,2
155847,4.79818,49.80928,2
155848,4.79812,49.80909,2
155849,4.8034,49.80819,2
155850,4.80356,49.80812,2
155851,4.79907,49.80962,2
155852,4.80372,49.80805,2
155853,4.80388,49.80797,2
155854,4.79824,49.80874,2
155855,4.80404,49.8079,2
155856,4.79909,49.80921,2
155857,4.8042,49.80783,2
155858,4.80043,49.80965,2
155859,4.80436,49.80776,2
155860,4.79942,49.80964,2
155861,4.79972,49.80924,2
155862,4.80452,49.80768,2
155863,4.79544,49.80854,2
155864,4.80015,49.80778,2
155865,4.79972,49.80924,2
155866,4.80125,49.80905,2
155867,4.80468,49.80761,2
155868,4.80484,49.80754,2
155869,4.80144,49.809,2
155870,4.80123,49.80919,2
155871,4.805,49.80747,2
155872,4.80172,49.80905,2
155873,4.79731,49.80943,2
155874,4.80107,49.8091,2
155875,4.80172,49.80905,2
155876,4.79747,49.80921,2
155877,4.80034,49.80915,2
155878,4.80172,49.80905,2
155879,4.79752,49.80988,2
155880,4.79743,49.80997,2
155881,4.80172,49.80905,2
155882,4.79735,49.81005,2
155883,4.79734,49.81016,2
155884,4.80172,49.80905,2
155885,4.79728,49.81012,2
155886,4.79566,49.8086,2
155887,4.80172,49.80905,2
155888,4.79756,49.8103,2
155889,4.78718,49.81741,2
155890,4.80172,49.80905,2
155891,4.79794,49.8105,2
155892,4.79783,49.81045,2
155893,4.79794,49.8105,2
155894,4.79948,49.81122,2
155895,4.80172,49.80905,2
155896,4.80102,49.80924,2
155897,4.79817,49.8106,2
155898,4.79794,49.8105,2
155899,4.80172,49.80905,2
155900,4.79794,49.8105,2
155901,4.79428,49.80948,2
155902,4.80217,49.81131,2
155903,4.80172,49.80905,2
155904,4.79619,49.81139,2
155905,4.80216,49.81142,2
155906,4.80172,49.80905,2
155907,4.79794,49.8105,2
155908,4.80172,49.80905,2
155909,4.80217,49.81131,2
155910,4.79552,49.81228,2
155911,4.79839,49.81084,2
155912,4.79324,49.81319,2
155913,4.78718,49.81741,2
155914,4.7928,49.80854,2
155915,4.80385,49.80813,2
155916,4.79806,49.8107,2
155917,4.79972,49.80924,2
155918,4.79482,49.81052,2
155919,4.80491,49.80765,2
155920,4.79905,49.81113,2
155921,4.79452,49.81039,2
155922,4.79935,49.8113,2
155923,4.79404,49.81016,2
155924,4.819108,49.806594,2
155925,4.79778,49.81049,2
155926,4.819474,49.806981,2
155927,4.79772,49.81054,2
155928,4.7941,49.81152,2
155929,4.820761,49.810872,2
155930,4.7979,49.81069,2
155931,4.79291,49.80983,2
155932,4.819094,49.806585,2
155933,4.79777,49.81061,2
155934,4.819786,49.807397,2
155935,4.79316,49.80992,2
155936,4.812859,49.805401,2
155937,4.7976,49.8108,2
155938,4.812859,49.805401,2
155939,4.79359,49.80987,2
155940,4.79514,49.8082,2
155941,4.7976,49.8108,2
155942,4.78476,49.81299,2
155943,4.79754,49.81076,2
155944,4.78266,49.8134,2
155945,4.79731,49.81091,2
155946,4.820761,49.810872,2
155947,4.79633,49.81093,2
155948,4.7941,49.81152,2
155949,4.79633,49.81093,2
155950,4.79633,49.81093,2
155951,4.79731,49.81063,2
155952,4.79731,49.81091,2
155953,4.79715,49.81086,2
155954,4.79744,49.81099,2
155955,4.79708,49.81108,2
155956,4.79708,49.81108,2
155957,4.79653,49.8109,2
155958,4.79682,49.81045,2
155959,4.79614,49.81095,2
155960,4.79614,49.81095,2
155961,4.79595,49.81098,2
155962,4.79487,49.80817,2
155963,4.78843,49.81446,2
155964,4.79595,49.81098,2
155965,4.79602,49.81114,2
155966,4.78255,49.81432,2
155967,4.79585,49.81088,2
155968,4.7958,49.81085,2
155969,4.79574,49.81082,2
155970,4.79568,49.81079,2
155971,4.79563,49.81077,2
155972,4.79557,49.81074,2
155973,4.79551,49.81071,2
155974,4.7954,49.81066,2
155975,4.79546,49.81068,2
155976,4.79529,49.8106,2
155977,4.79523,49.81057,2
155978,4.79517,49.81054,2
155979,4.79512,49.81052,2
155980,4.79506,49.81049,2
155981,4.795,49.81046,2
155982,4.79494,49.81043,2
155983,4.79489,49.81041,2
155984,4.79483,49.81039,2
155985,4.79478,49.81037,2
155986,4.79464,49.81031,2
155987,4.79471,49.81023,2
155988,4.79478,49.81018,2
155989,4.79478,49.81018,2
155990,4.79537,49.80998,2
155991,4.79522,49.81003,2
155992,4.79552,49.80993,2
155993,4.79637,49.8094,2
155994,4.79522,49.81071,2
155995,4.79581,49.80983,2
155996,4.79522,49.81071,2
155997,4.79522,49.81071,2
155998,4.79609,49.8097,2
155999,4.79522,49.81071,2
156000,4.79621,49.80963,2
156001,4.79647,49.8095,2
156002,4.7966,49.80943,2
156003,4.79657,49.80923,2
156004,4.79662,49.80944,2
156005,4.79677,49.80955,2
156006,4.79675,49.80936,2
156007,4.79691,49.80948,2
156008,4.79706,49.80959,2
156009,4.79722,49.8097,2
156010,4.79693,49.80967,2
156011,4.79548,49.80988,2
156012,4.79737,49.80981,2
156013,4.79724,49.80989,2
156014,4.79728,49.8099,2
156015,4.79723,49.80996,2
156016,4.79717,49.81001,2
156017,4.79712,49.81007,2
156018,4.79972,49.80924,2
156019,4.79972,49.80924,2
156020,4.79972,49.80924,2
156021,4.79705,49.81015,2
156022,4.79697,49.81025,2
156023,4.79682,49.81045,2
156024,4.79674,49.81055,2
156025,4.79646,49.81079,2
156026,4.79189,49.8096,2
156027,4.79189,49.8096,2
156028,4.79678,49.8108,2
156029,4.7962,49.81083,2
156030,4.79594,49.81086,2
156031,4.79487,49.80817,2
156032,4.78739,49.81225,2
156033,4.7951,49.80835,2
156034,4.79522,49.80844,2
156035,4.79942,49.80964,2
156036,4.79545,49.80862,2
156037,4.79942,49.80964,2
156038,4.79568,49.8088,2
156039,4.78718,49.81741,2
156040,4.7958,49.80889,2
156041,4.79592,49.80898,2
156042,4.79604,49.80906,2
156043,4.79627,49.80919,2
156044,4.79643,49.8093,2
156045,4.79623,49.8093,2
156046,4.79583,49.80924,2
156047,4.79583,49.80924,2
156048,4.79583,49.80924,2
156049,4.79544,49.80854,2
156050,4.7955,49.80913,2
156051,4.79572,49.80897,2
156052,4.7947,49.80912,2
156053,4.79486,49.80887,2
156054,4.79534,49.80894,2
156055,4.7952,49.80896,2
156056,4.79479,49.81044,2
156057,4.79507,49.80899,2
156058,4.79494,49.80902,2
156059,4.79583,49.80932,2
156060,4.79468,49.80907,2
156061,4.79455,49.8091,2
156062,4.79441,49.80912,2
156063,4.79428,49.80915,2
156064,4.79435,49.80914,2
156065,4.79422,49.80916,2
156066,4.79428,49.80915,2
156067,4.79415,49.80918,2
156068,4.79414,49.8093,2
156069,4.79419,49.80934,2
156070,4.79424,49.80941,2
156071,4.78843,49.81446,2
156072,4.79426,49.80945,2
156073,4.7943,49.80952,2
156074,4.79432,49.80955,2
156075,4.79435,49.80959,2
156076,4.79437,49.80962,2
156077,4.79443,49.80969,2
156078,4.79446,49.80972,2
156079,4.79446,49.80972,2
156080,4.79446,49.80972,2
156081,4.79446,49.80972,2
156082,4.79446,49.80972,2
156083,4.79458,49.80989,2
156084,4.79452,49.80979,2
156085,4.79544,49.80854,2
156086,4.79479,49.81044,2
156087,4.79452,49.80979,2
156088,4.79458,49.80989,2
156089,4.78411,49.81299,2
156090,4.79465,49.80999,2
156091,4.79471,49.81009,2
156092,4.79482,49.81004,2
156093,4.79398,49.80934,2
156094,4.79381,49.80919,2
156095,4.79402,49.8092,2
156096,4.79406,49.80921,2
156097,4.35806,49.63315,2
156098,4.35516,49.63161,2
156099,4.36446,49.64864,2
156100,4.36446,49.64864,2
156101,4.36446,49.64864,2
156102,4.36446,49.64864,2
156103,4.34202,49.63136,2
156104,4.3418,49.6341,2
156105,4.36083,49.64368,2
156106,4.3418,49.6341,2
156107,4.35257,49.63245,2
156108,4.35837,49.63449,2
156109,4.3418,49.6341,2
156110,4.3418,49.6341,2
156111,4.35806,49.63315,2
156112,4.35516,49.63161,2
156113,4.34202,49.63136,2
156114,4.35516,49.63161,2
156115,4.35516,49.63161,2
156116,4.35516,49.63161,2
156117,4.35516,49.63161,2
156118,4.35837,49.63066,2
156119,4.35516,49.63161,2
156120,4.35625,49.6336,2
156121,4.35516,49.63161,2
156122,4.35811,49.63315,2
156123,4.35516,49.63161,2
156124,4.35811,49.63315,2
156125,4.35516,49.63161,2
156126,4.35837,49.63449,2
156127,4.35516,49.63161,2
156128,4.35806,49.63315,2
156129,4.35516,49.63161,2
156130,4.35806,49.63315,2
156131,4.35516,49.63161,2
156132,4.35625,49.6336,2
156133,4.35516,49.63161,2
156134,4.35772,49.63231,2
156135,4.35516,49.63161,2
156136,4.3562,49.63239,2
156137,4.35516,49.63161,2
156138,4.35516,49.63161,2
156139,4.35516,49.63161,2
156140,4.35516,49.63161,2
156141,4.356764,49.632539,2
156142,4.35516,49.63161,2
156143,4.35439,49.6315,2
156144,4.35516,49.63161,2
156145,4.3418,49.6341,2
156146,4.35516,49.63161,2
156147,4.35516,49.63161,2
156148,4.35516,49.63161,2
156149,4.36446,49.64864,2
156150,4.35516,49.63161,2
156151,4.35516,49.63161,2
156152,4.35837,49.63066,2
156153,4.35516,49.63161,2
156154,4.35516,49.63161,2
156155,4.35516,49.63161,2
156156,4.35516,49.63161,2
156157,4.35516,49.63161,2
156158,4.35772,49.63231,2
156159,4.35772,49.63231,2
156160,4.35772,49.63231,2
156161,4.35772,49.63231,2
156162,4.35772,49.63231,2
156163,4.35772,49.63231,2
156164,4.35772,49.63231,2
156165,4.357757,49.632127,2
156166,4.3577,49.63255,2
156167,4.357757,49.632127,2
156168,4.357757,49.632127,2
156169,4.357757,49.632127,2
156170,4.357757,49.632127,2
156171,4.358198,49.632425,2
156172,4.35772,49.63231,2
156173,4.35811,49.63315,2
156174,4.35811,49.63315,2
156175,4.35811,49.63315,2
156176,4.35811,49.63315,2
156177,4.35811,49.63315,2
156178,4.35811,49.63315,2
156179,4.35811,49.63315,2
156180,4.35837,49.63066,2
156181,4.35806,49.63315,2
156182,4.35949,49.63144,2
156183,4.35949,49.63144,2
156184,4.35949,49.63144,2
156185,4.35949,49.63144,2
156186,4.35811,49.63315,2
156187,4.35811,49.63315,2
156188,4.35811,49.63315,2
156189,4.35811,49.63315,2
156190,4.35625,49.6336,2
156191,4.35625,49.6336,2
156192,4.35625,49.6336,2
156193,4.35625,49.6336,2
156194,4.35811,49.63315,2
156195,4.35811,49.63315,2
156196,4.35811,49.63315,2
156197,4.35735,49.63344,2
156198,4.35625,49.6336,2
156199,4.35811,49.63315,2
156200,4.35811,49.63315,2
156201,4.35811,49.63315,2
156202,4.35811,49.63315,2
156203,4.35811,49.63315,2
156204,4.35811,49.63315,2
156205,4.35811,49.63315,2
156206,4.35811,49.63315,2
156207,4.35811,49.63315,2
156208,4.35837,49.63449,2
156209,4.35837,49.63449,2
156210,4.35551,49.63382,2
156211,4.356792,49.63536,2
156212,4.357945,49.641063,2
156213,4.35551,49.63382,2
156214,4.35625,49.6336,2
156215,4.35551,49.63382,2
156216,4.35551,49.63382,2
156217,4.35811,49.63315,2
156218,4.35811,49.63315,2
156219,4.35811,49.63315,2
156220,4.35625,49.6336,2
156221,4.35811,49.63315,2
156222,4.35811,49.63315,2
156223,4.35811,49.63315,2
156224,4.35811,49.63315,2
156225,4.35625,49.6336,2
156226,4.35516,49.63161,2
156227,4.35625,49.6336,2
156228,4.35625,49.6336,2
156229,4.35625,49.6336,2
156230,4.35772,49.63231,2
156231,4.35772,49.63231,2
156232,4.35516,49.63161,2
156233,4.35516,49.63161,2
156234,4.35516,49.63161,2
156235,4.356764,49.632539,2
156236,4.35516,49.63161,2
156237,4.35516,49.63161,2
156238,4.356518,49.632615,2
156239,4.35806,49.63315,2
156240,4.3562,49.63239,2
156241,4.35516,49.63161,2
156242,4.35516,49.63161,2
156243,4.35516,49.63161,2
156244,4.35486,49.63203,2
156245,4.35486,49.63203,2
156246,4.35486,49.63203,2
156247,4.35486,49.63203,2
156248,4.35806,49.63315,2
156249,4.35486,49.63203,2
156250,4.35486,49.63203,2
156251,4.356182,49.632171,2
156252,4.354373,49.632588,2
156253,4.3538,49.632795,2
156254,4.35486,49.63203,2
156255,4.355488,49.632111,2
156256,4.35257,49.63245,2
156257,4.35486,49.63203,2
156258,4.35486,49.63203,2
156259,4.35335,49.63295,2
156260,4.35486,49.63203,2
156261,4.35486,49.63203,2
156262,4.35486,49.63203,2
156263,4.35486,49.63203,2
156264,4.35486,49.63203,2
156265,4.35486,49.63203,2
156266,4.35486,49.63203,2
156267,4.35257,49.63245,2
156268,4.35257,49.63245,2
156269,4.354227,49.632042,2
156270,4.35257,49.63245,2
156271,4.35404,49.63226,2
156272,4.35257,49.63245,2
156273,4.35333,49.63358,2
156274,4.35339,49.63373,2
156275,4.35351,49.63386,2
156276,4.35326,49.63295,2
156277,4.35326,49.63295,2
156278,4.3538,49.632795,2
156279,4.3538,49.632795,2
156280,4.353326,49.633055,2
156281,4.349768,49.632611,2
156282,4.35389,49.63406,2
156283,4.35806,49.63315,2
156284,4.35806,49.63315,2
156285,4.35257,49.63245,2
156286,4.35326,49.63295,2
156287,4.35326,49.63295,2
156288,4.35326,49.63295,2
156289,4.35326,49.63295,2
156290,4.35326,49.63295,2
156291,4.3537,49.63396,2
156292,4.35257,49.63245,2
156293,4.35257,49.63245,2
156294,4.35258,49.63251,2
156295,4.35257,49.63245,2
156296,4.35257,49.63245,2
156297,4.35257,49.63245,2
156298,4.35257,49.63245,2
156299,4.35257,49.63245,2
156300,4.35071,49.6341,2
156301,4.3418,49.6341,2
156302,4.3418,49.6341,2
156303,4.3418,49.6341,2
156304,4.3418,49.6341,2
156305,4.3418,49.6341,2
156306,4.3418,49.6341,2
156307,4.35257,49.63245,2
156308,4.35257,49.63245,2
156309,4.35257,49.63245,2
156310,4.35326,49.63295,2
156311,4.35257,49.63245,2
156312,4.35257,49.63245,2
156313,4.35257,49.63245,2
156314,4.35257,49.63245,2
156315,4.35806,49.63315,2
156316,4.35257,49.63245,2
156317,4.34552,49.632583,2
156318,4.35806,49.63315,2
156319,4.35257,49.63245,2
156320,4.35257,49.63245,2
156321,4.35806,49.63315,2
156322,4.35257,49.63245,2
156323,4.35257,49.63245,2
156324,4.35257,49.63245,2
156325,4.35439,49.6315,2
156326,4.35439,49.6315,2
156327,4.35806,49.63315,2
156328,4.35439,49.6315,2
156329,4.35439,49.6315,2
156330,4.35516,49.63161,2
156331,4.35426,49.63426,2
156332,4.353642,49.631235,2
156333,4.35516,49.63161,2
156334,4.35516,49.63161,2
156335,4.35516,49.63161,2
156336,4.35806,49.63315,2
156337,4.35516,49.63161,2
156338,4.97572,49.63545,2
156339,4.97572,49.63545,2
156340,4.97212,49.63188,2
156341,4.983011,49.637455,2
156342,4.973418,49.632542,2
156343,4.982503,49.636199,2
156344,4.97667,49.63718,2
156345,4.97745,49.63544,2
156346,4.97572,49.63545,2
156347,4.97572,49.63545,2
156348,4.97572,49.63545,2
156349,4.97572,49.63545,2
156350,4.97572,49.63545,2
156351,4.982647,49.636564,2
156352,4.982852,49.637063,2
156353,4.97723,49.63685,2
156354,4.98268,49.62721,2
156355,4.981883,49.636779,2
156356,4.982584,49.636431,2
156357,4.97931,49.63374,2
156358,4.9832,49.6393,2
156359,4.98375,49.64,2
156360,4.98378,49.63977,2
156361,4.9826,49.63794,2
156362,4.98301,49.63872,2
156363,4.98242,49.63746,2
156364,4.980276,49.634343,2
156365,4.98219,49.63686,2
156366,4.98191,49.63612,2
156367,4.98191,49.63612,2
156368,4.9813,49.63546,2
156369,4.97543,49.63551,2
156370,4.98076,49.63479,2
156371,4.98273,49.63858,2
156372,4.98242,49.63797,2
156373,4.98225,49.63749,2
156374,4.9741,49.6367,2
156375,4.98207,49.63701,2
156376,4.98188,49.63652,2
156377,4.98164,49.63604,2
156378,4.98123,49.63561,2
156379,4.98091,49.63472,2
156380,4.98084,49.63518,2
156381,4.98052,49.63472,2
156382,4.98049,49.63441,2
156383,4.98045,49.63437,2
156384,4.98039,49.63433,2
156385,4.98032,49.63429,2
156386,4.98026,49.63425,2
156387,4.98019,49.63421,2
156388,4.98013,49.63417,2
156389,4.98007,49.63413,2
156390,4.98033,49.63446,2
156391,4.98027,49.63441,2
156392,4.98019,49.63437,2
156393,4.98012,49.63432,2
156394,4.97624,49.63645,2
156395,4.98004,49.63427,2
156396,4.97624,49.63645,2
156397,4.97997,49.63423,2
156398,4.97989,49.63418,2
156399,4.97982,49.63414,2
156400,4.98,49.63409,2
156401,4.97994,49.63405,2
156402,4.97987,49.63401,2
156403,4.97931,49.63374,2
156404,4.97981,49.63397,2
156405,4.97975,49.63393,2
156406,4.97968,49.63389,2
156407,4.97962,49.63385,2
156408,4.97955,49.63381,2
156409,4.97974,49.63409,2
156410,4.97967,49.63404,2
156411,4.97959,49.634,2
156412,4.97952,49.63395,2
156413,4.97945,49.63391,2
156414,4.97937,49.63386,2
156415,4.97949,49.63377,2
156416,4.97942,49.63373,2
156417,4.97934,49.63369,2
156418,4.97927,49.63366,2
156419,4.97923,49.63378,2
156420,4.98475,49.624,2
156421,4.98233,49.62834,2
156422,4.9797,49.63272,2
156423,4.97987,49.63277,2
156424,4.98268,49.62721,2
156425,4.97902,49.63368,2
156426,4.98268,49.62721,2
156427,4.97916,49.63361,2
156428,4.97881,49.63359,2
156429,4.97903,49.63355,2
156430,4.983011,49.637455,2
156431,4.9789,49.63349,2
156432,4.97878,49.63344,2
156433,4.97865,49.63338,2
156434,4.97931,49.63374,2
156435,4.97931,49.63374,2
156436,4.97931,49.63374,2
156437,4.97931,49.63374,2
156438,4.97931,49.63374,2
156439,4.97931,49.63374,2
156440,4.97931,49.63374,2
156441,4.97931,49.63374,2
156442,4.97931,49.63374,2
156443,4.97931,49.63374,2
156444,4.97615,49.63286,2
156445,4.97931,49.63374,2
156446,4.97775,49.63316,2
156447,4.97931,49.63374,2
156448,4.97623,49.63275,2
156449,4.97623,49.63275,2
156450,4.97454,49.63251,2
156451,4.97104,49.6316,2
156452,4.96996,49.63132,2
156453,4.97931,49.63374,2
156454,4.97165,49.63163,2
156455,4.973469,49.635947,2
156456,4.97165,49.63163,2
156457,4.97165,49.63163,2
156458,4.97931,49.63374,2
156459,4.97165,49.63163,2
156460,4.976385,49.632936,2
156461,4.97165,49.63163,2
156462,4.9732,49.63216,2
156463,4.97924,49.63387,2
156464,4.97905,49.63424,2
156465,4.97892,49.63428,2
156466,4.978379,49.634842,2
156467,4.97856,49.63468,2
156468,4.97886,49.6346,2
156469,4.97905,49.63424,2
156470,4.97864,49.63479,2
156471,4.97785,49.63518,2
156472,4.978336,49.635077,2
156473,4.97767,49.63532,2
156474,4.9772,49.63555,2
156475,4.97792,49.6353,2
156476,4.978334,49.635032,2
156477,4.97812,49.63516,2
156478,4.97792,49.6353,2
156479,4.97864,49.63479,2
156480,4.97785,49.63518,2
156481,4.9787,49.63486,2
156482,4.983059,49.637571,2
156483,4.977448,49.635303,2
156484,4.97767,49.63532,2
156485,4.97767,49.63532,2
156486,4.97767,49.63532,2
156487,4.97767,49.63532,2
156488,4.97696,49.63565,2
156489,4.981153,49.635501,2
156490,4.976926,49.635647,2
156491,4.98091,49.63472,2
156492,4.97715,49.63571,2
156493,4.97572,49.63545,2
156494,4.982935,49.637331,2
156495,4.97931,49.63374,2
156496,4.97572,49.63545,2
156497,4.97572,49.63545,2
156498,4.97931,49.63374,2
156499,4.97572,49.63545,2
156500,4.97723,49.63685,2
156501,4.97723,49.63685,2
156502,4.97723,49.63685,2
156503,4.97723,49.63685,2
156504,4.97812,49.63516,2
156505,4.97723,49.63685,2
156506,4.97745,49.63544,2
156507,4.97723,49.63685,2
156508,4.97823,49.635,2
156509,4.97533,49.63646,2
156510,4.97572,49.63545,2
156511,4.976303,49.636433,2
156512,4.97496,49.6365,2
156513,4.97496,49.6365,2
156514,4.961723,49.643759,2
156515,4.97533,49.63646,2
156516,4.97397,49.63663,2
156517,4.960861,49.623497,2
156518,4.974412,49.636519,2
156519,4.974412,49.636519,2
156520,4.97453,49.6365,2
156521,4.974165,49.636561,2
156522,4.97927,49.63366,2
156523,4.97389,49.63604,2
156524,4.97533,49.63646,2
156525,4.9797,49.63272,2
156526,4.97397,49.63663,2
156527,4.97624,49.63645,2
156528,4.976552,49.638306,2
156529,4.97859,49.6335,2
156530,4.97846,49.63354,2
156531,4.97839,49.63342,2
156532,4.97818,49.63373,2
156533,4.977745,49.633823,2
156534,4.97823,49.63352,2
156535,4.97823,49.63352,2
156536,4.97808,49.63363,2
156537,4.97808,49.63363,2
156538,4.97723,49.63685,2
156539,4.97793,49.63374,2
156540,4.97779,49.63385,2
156541,4.97808,49.63419,2
156542,4.97782,49.63399,2
156543,4.97822,49.63444,2
156544,4.97836,49.63468,2
156545,4.97786,49.63414,2
156546,4.97794,49.63427,2
156547,4.97802,49.63441,2
156548,4.97809,49.63455,2
156549,4.97817,49.63469,2
156550,4.97826,49.63482,2
156551,4.97793,49.63407,2
156552,4.973409,49.635849,2
156553,4.97931,49.63374,2
156554,4.97352,49.635595,2
156555,4.97572,49.63545,2
156556,4.98268,49.62721,2
156557,4.97757,49.63553,2
156558,4.913666,49.628708,2
156559,4.91495,49.62766,2
156560,4.91659,49.62715,2
156561,4.91659,49.62715,2
156562,4.91486,49.62844,2
156563,4.91577,49.6283,2
156564,4.91577,49.6283,2
156565,4.91517,49.628631,2
156566,4.917869,49.628115,2
156567,4.917869,49.628115,2
156568,4.91659,49.62715,2
156569,4.91681,49.62881,2
156570,4.918112,49.627723,2
156571,4.91736,49.62759,2
156572,4.91824,49.6276,2
156573,4.91646,49.6276,2
156574,4.916548,49.627694,2
156575,4.91607,49.62693,2
156576,4.91659,49.62715,2
156577,4.91646,49.6276,2
156578,4.916806,49.628425,2
156579,4.91668,49.62822,2
156580,4.91824,49.6276,2
156581,4.91577,49.6283,2
156582,4.91659,49.62715,2
156583,4.915103,49.627581,2
156584,4.916548,49.627694,2
156585,4.915103,49.627581,2
156586,4.915103,49.627581,2
156587,4.91659,49.62715,2
156588,4.906848,49.647148,2
156589,4.90937,49.62371,2
156590,4.90937,49.62371,2
156591,4.90937,49.62371,2
156592,4.913854,49.618451,2
156593,4.9159,49.62889,2
156594,4.90937,49.62371,2
156595,4.91612,49.6278,2
156596,4.91659,49.62715,2
156597,4.913873,49.618558,2
156598,4.915186,49.627301,2
156599,4.896212,49.622707,2
156600,4.913646,49.628582,2
156601,4.9159,49.62889,2
156602,4.91681,49.62881,2
156603,4.91646,49.62713,2
156604,4.91612,49.6278,2
156605,4.91659,49.62715,2
156606,4.91659,49.62715,2
156607,4.91401,49.619086,2
156608,4.913873,49.618558,2
156609,4.91607,49.62693,2
156610,4.91659,49.62715,2
156611,4.91659,49.62715,2
156612,4.91458,49.627358,2
156613,4.914534,49.626712,2
156614,4.90937,49.62371,2
156615,4.90937,49.62371,2
156616,4.90937,49.62371,2
156617,4.90937,49.62371,2
156618,4.91659,49.62715,2
156619,4.91659,49.62715,2
156620,4.91395,49.6285,2
156621,4.914181,49.628212,2
156622,4.914181,49.628212,2
156623,4.914181,49.628212,2
156624,4.914194,49.628202,2
156625,4.91495,49.62766,2
156626,4.86772,49.63755,2
156627,4.86772,49.63755,2
156628,4.86772,49.63755,2
156629,4.87416,49.64295,2
156630,4.87416,49.64295,2
156631,4.87194,49.64118,2
156632,4.87348,49.64243,2
156633,4.87356,49.64239,2
156634,4.87472,49.64355,2
156635,4.87512,49.64389,2
156636,4.87426,49.64293,2
156637,4.87439,49.64305,2
156638,4.87451,49.64317,2
156639,4.87483,49.64328,2
156640,4.8753,49.64327,2
156641,4.87493,49.64353,2
156642,4.87546,49.64398,2
156643,4.876,49.64443,2
156644,4.87416,49.64295,2
156645,4.87416,49.64295,2
156646,4.87416,49.64295,2
156647,4.87416,49.64295,2
156648,4.87592,49.64456,2
156649,4.87552,49.64422,2
156650,4.87402,49.64341,2
156651,4.87377,49.64356,2
156652,4.87353,49.64371,2
156653,4.87329,49.64386,2
156654,4.87305,49.64401,2
156655,4.87371,49.64344,2
156656,4.8731,49.64382,2
156657,4.87347,49.64368,2
156658,4.87356,49.64239,2
156659,4.87356,49.64239,2
156660,4.87381,49.64325,2
156661,4.87416,49.64295,2
156662,4.87356,49.64239,2
156663,4.87364,49.64309,2
156664,4.87247,49.64287,2
156665,4.872296,49.643015,2
156666,4.87247,49.64287,2
156667,4.87257,49.64282,2
156668,4.8711,49.64211,2
156669,4.87247,49.64287,2
156670,4.87247,49.64287,2
156671,4.87247,49.64287,2
156672,4.87247,49.64287,2
156673,4.87356,49.64239,2
156674,4.87268,49.64248,2
156675,4.87247,49.64287,2
156676,4.87247,49.64287,2
156677,4.87247,49.64287,2
156678,4.87247,49.64287,2
156679,4.87247,49.64287,2
156680,4.87247,49.64287,2
156681,4.87247,49.64287,2
156682,4.87356,49.64239,2
156683,4.86772,49.63755,2
156684,4.871821,49.641264,2
156685,4.87356,49.64239,2
156686,4.87356,49.64239,2
156687,4.87184,49.64249,2
156688,4.87036,49.64173,2
156689,4.87363,49.64236,2
156690,4.40018,49.30183,2
156691,4.39741,49.302,2
156692,4.39794,49.30318,2
156693,4.40261,49.30386,2
156694,4.39668,49.30127,2
156695,4.39682,49.30191,2
156696,4.40475,49.30537,2
156697,4.40261,49.30386,2
156698,4.4036,49.30449,2
156699,4.40348,49.30417,2
156700,4.40364,49.30422,2
156701,4.40375,49.3037,2
156702,4.40392,49.30374,2
156703,4.40414,49.30325,2
156704,4.40414,49.30325,2
156705,4.40419,49.30273,2
156706,4.40436,49.30276,2
156707,4.40397,49.3023,2
156708,4.40418,49.30114,2
156709,4.4037,49.30271,2
156710,4.40353,49.30297,2
156711,4.40337,49.30323,2
156712,4.40321,49.30349,2
156713,4.40397,49.30321,2
156714,4.40374,49.3025,2
156715,4.40374,49.3025,2
156716,4.40245,49.3037,2
156717,4.40261,49.30386,2
156718,4.4022,49.30359,2
156719,4.40235,49.30379,2
156720,4.4021,49.30368,2
156721,4.4016,49.30345,2
156722,4.40129,49.30334,2
156723,4.40142,49.30325,2
156724,4.40112,49.30315,2
156725,4.40089,49.3032,2
156726,4.40048,49.30307,2
156727,4.40082,49.30305,2
156728,4.40051,49.30295,2
156729,4.40059,49.30224,2
156730,4.39682,49.30191,2
156731,4.40018,49.30342,2
156732,4.39965,49.30418,2
156733,4.40003,49.30372,2
156734,4.39982,49.30421,2
156735,4.40018,49.30297,2
156736,4.40021,49.30285,2
156737,4.39996,49.30291,2
156738,4.39991,49.30276,2
156739,4.3996,49.30267,2
156740,4.3993,49.30258,2
156741,4.39933,49.30272,2
156742,4.39933,49.30177,2
156743,4.39912,49.30265,2
156744,4.39891,49.30259,2
156745,4.39839,49.3023,2
156746,4.39848,49.30246,2
156747,4.39744,49.30214,2
156748,4.39712,49.30205,2
156749,4.3968,49.30195,2
156750,4.39688,49.30184,2
156751,4.39616,49.30176,2
156752,4.39585,49.30167,2
156753,4.39555,49.30158,2
156754,4.39562,49.30148,2
156755,4.39525,49.3015,2
156756,4.39496,49.30142,2
156757,4.39468,49.30135,2
156758,4.39474,49.30124,2
156759,4.3962,49.30148,2
156760,4.39651,49.30145,2
156761,4.39668,49.30127,2
156762,4.39755,49.30155,2
156763,4.39785,49.30149,2
156764,4.39882,49.30164,2
156765,4.40018,49.30183,2
156766,4.40221,49.30237,2
156767,4.39933,49.30177,2
156768,4.40123,49.30221,2
156769,4.39933,49.30177,2
156770,4.40217,49.30248,2
156771,4.40318,49.30259,2
156772,4.39933,49.30177,2
156773,4.40294,49.30463,2
156774,4.39989,49.30659,2
156775,4.40059,49.30224,2
156776,4.4025,49.304873,2
156777,4.40059,49.30224,2
156778,4.40205,49.30524,2
156779,4.40279,49.30457,2
156780,4.40191,49.30516,2
156781,4.40201,49.30426,2
156782,4.40201,49.30426,2
156783,4.40016,49.30399,2
156784,4.39794,49.30318,2
156785,4.40001,49.30339,2
156786,4.39648,49.30185,2
156787,4.39794,49.30318,2
156788,4.40139,49.30429,2
156789,4.39794,49.30318,2
156790,4.39869,49.30239,2
156791,4.39794,49.30318,2
156792,4.39794,49.30318,2
156793,4.40033,49.30312,2
156794,4.40001,49.30339,2
156795,4.39882,49.30164,2
156796,4.400069,49.302192,2
156797,4.39682,49.30191,2
156798,4.39682,49.30191,2
156799,4.39794,49.30318,2
156800,4.39841,49.30341,2
156801,4.39634,49.30168,2
156802,4.39933,49.30177,2
156803,4.40185,49.30357,2
156804,4.40185,49.30357,2
156805,4.39933,49.30177,2
156806,4.4001,49.30343,2
156807,4.40446,49.30515,2
156808,4.40417,49.30493,2
156809,4.40389,49.30471,2
156810,4.40261,49.30386,2
156811,4.404,49.30332,2
156812,4.405552,49.302853,2
156813,4.40345,49.3028,2
156814,4.40312,49.30332,2
156815,4.40374,49.3025,2
156816,4.40185,49.30357,2
156817,4.40195,49.30347,2
156818,4.40171,49.30336,2
156819,4.40035,49.3027,2
156820,4.39975,49.30285,2
156821,4.39954,49.30278,2
156822,4.399,49.30248,2
156823,4.39869,49.30252,2
156824,4.39827,49.30239,2
156825,4.39682,49.30191,2
156826,4.40263,49.30414,2
156827,4.39933,49.30177,2
156828,4.39794,49.30318,2
156829,4.40016,49.30399,2
156830,4.39794,49.30318,2
156831,4.39794,49.30318,2
156832,4.39794,49.30318,2
156833,4.4001,49.30343,2
156834,4.83259,49.63181,2
156835,4.83259,49.63181,2
156836,4.831673,49.632026,2
156837,4.83156,49.63147,2
156838,4.83259,49.63181,2
156839,4.83259,49.63181,2
156840,4.82987,49.63116,2
156841,4.83259,49.63181,2
156842,4.83259,49.63181,2
156843,4.83259,49.63181,2
156844,4.83259,49.63181,2
156845,4.83156,49.63147,2
156846,4.83259,49.63181,2
156847,4.83259,49.63181,2
156848,4.83255,49.63108,2
156849,4.83082,49.63116,2
156850,4.83259,49.63181,2
156851,4.83259,49.63181,2
156852,4.83259,49.63181,2
156853,4.83259,49.63181,2
156854,4.83259,49.63181,2
156855,4.83259,49.63181,2
156856,4.831681,49.630202,2
156857,4.832605,49.631854,2
156858,4.831674,49.632053,2
156859,4.83259,49.63181,2
156860,4.830238,49.631247,2
156861,4.83082,49.63116,2
156862,4.831732,49.630407,2
156863,4.63627,49.48779,2
156864,4.63627,49.48779,2
156865,4.64444,49.48849,2
156866,4.63441,49.48782,2
156867,4.63627,49.48779,2
156868,4.63428,49.48824,2
156869,4.63627,49.48779,2
156870,4.63333,49.48709,2
156871,4.631245,49.486826,2
156872,4.63627,49.48779,2
156873,4.63627,49.48779,2
156874,4.63627,49.48779,2
156875,4.63627,49.48779,2
156876,4.63627,49.48779,2
156877,4.63627,49.48779,2
156878,4.63627,49.48779,2
156879,4.63627,49.48779,2
156880,4.633957,49.484851,2
156881,4.63627,49.48779,2
156882,4.63627,49.48779,2
156883,4.63627,49.48779,2
156884,4.634313,49.486345,2
156885,4.63627,49.48779,2
156886,4.63441,49.48782,2
156887,4.63627,49.48779,2
156888,4.63627,49.48779,2
156889,4.63627,49.48779,2
156890,4.63627,49.48779,2
156891,4.63627,49.48779,2
156892,4.63627,49.48779,2
156893,4.631426,49.486858,2
156894,4.630592,49.486721,2
156895,4.63627,49.48779,2
156896,4.630689,49.486737,2
156897,4.63627,49.48779,2
156898,4.631245,49.486826,2
156899,4.63441,49.48782,2
156900,4.63627,49.48779,2
156901,4.63627,49.48779,2
156902,4.63428,49.48824,2
156903,4.63428,49.48824,2
156904,4.63441,49.48782,2
156905,4.63627,49.48779,2
156906,4.63627,49.48779,2
156907,4.634233,49.486409,2
156908,4.63627,49.48779,2
156909,4.63627,49.48779,2
156910,4.64444,49.48849,2
156911,4.64444,49.48849,2
156912,4.64444,49.48849,2
156913,4.65283,49.48526,2
156914,4.65283,49.48526,2
156915,4.65283,49.48526,2
156916,4.63627,49.48779,2
156917,4.63627,49.48779,2
156918,4.63627,49.48779,2
156919,4.63627,49.48779,2
156920,4.63138,49.48018,2
156921,4.65283,49.48526,2
156922,4.65283,49.48526,2
156923,4.64444,49.48849,2
156924,4.63627,49.48779,2
156925,4.63627,49.48779,2
156926,4.63627,49.48779,2
156927,4.621443,49.475204,2
156928,4.94648,49.7061,2
156929,4.94648,49.7061,2
156930,4.94648,49.7061,2
156931,4.94648,49.7061,2
156932,4.94648,49.7061,2
156933,4.94648,49.7061,2
156934,4.94648,49.7061,2
156935,4.94648,49.7061,2
156936,4.94648,49.7061,2
156937,4.94648,49.7061,2
156938,4.94648,49.7061,2
156939,4.94648,49.7061,2
156940,4.94648,49.7061,2
156941,4.94648,49.7061,2
156942,4.94648,49.7061,2
156943,4.94648,49.7061,2
156944,4.94648,49.7061,2
156945,4.94648,49.7061,2
156946,4.94648,49.7061,2
156947,4.94648,49.7061,2
156948,4.94648,49.7061,2
156949,4.94648,49.7061,2
156950,4.94648,49.7061,2
156951,4.94648,49.7061,2
156952,4.94648,49.7061,2
156953,4.94648,49.7061,2
156954,4.94648,49.7061,2
156955,4.94648,49.7061,2
156956,4.94648,49.7061,2
156957,4.94648,49.7061,2
156958,4.94648,49.7061,2
156959,4.94648,49.7061,2
156960,4.94648,49.7061,2
156961,4.94648,49.7061,2
156962,4.94648,49.7061,2
156963,4.94648,49.7061,2
156964,4.94648,49.7061,2
156965,4.94648,49.7061,2
156966,4.94648,49.7061,2
156967,4.94648,49.7061,2
156968,4.94648,49.7061,2
156969,4.94648,49.7061,2
156970,4.94648,49.7061,2
156971,4.94648,49.7061,2
156972,4.94648,49.7061,2
156973,4.94648,49.7061,2
156974,4.94648,49.7061,2
156975,4.94648,49.7061,2
156976,4.94648,49.7061,2
156977,4.94648,49.7061,2
156978,4.94648,49.7061,2
156979,4.94648,49.7061,2
156980,4.94648,49.7061,2
156981,4.94648,49.7061,2
156982,4.94648,49.7061,2
156983,4.94648,49.7061,2
156984,4.94648,49.7061,2
156985,4.94648,49.7061,2
156986,4.94648,49.7061,2
156987,4.94648,49.7061,2
156988,4.94648,49.7061,2
156989,4.94648,49.7061,2
156990,4.94648,49.7061,2
156991,4.94648,49.7061,2
156992,4.94648,49.7061,2
156993,4.94648,49.7061,2
156994,4.94648,49.7061,2
156995,4.94648,49.7061,2
156996,4.94648,49.7061,2
156997,4.94648,49.7061,2
156998,4.94648,49.7061,2
156999,4.94648,49.7061,2
157000,4.94648,49.7061,2
157001,4.94648,49.7061,2
157002,4.94648,49.7061,2
157003,4.94648,49.7061,2
157004,4.94648,49.7061,2
157005,4.94648,49.7061,2
157006,4.94648,49.7061,2
157007,4.94648,49.7061,2
157008,4.94648,49.7061,2
157009,4.94648,49.7061,2
157010,4.94648,49.7061,2
157011,4.94648,49.7061,2
157012,4.94648,49.7061,2
157013,4.94648,49.7061,2
157014,4.94648,49.7061,2
157015,4.94648,49.7061,2
157016,4.94648,49.7061,2
157017,4.94648,49.7061,2
157018,4.94648,49.7061,2
157019,4.94648,49.7061,2
157020,4.94648,49.7061,2
157021,4.65808,49.48701,2
157022,4.65743,49.48712,2
157023,4.65776,49.48704,2
157024,4.655,49.48802,2
157025,4.65676,49.48747,2
157026,4.656785,49.487613,2
157027,4.65768,49.48616,2
157028,4.65907,49.48877,2
157029,4.65911,49.48838,2
157030,4.658348,49.486487,2
157031,4.65852,49.48568,2
157032,4.65853,49.48556,2
157033,4.65716,49.48532,2
157034,4.65716,49.48532,2
157035,4.65716,49.48532,2
157036,4.65782,49.48662,2
157037,4.65729,49.48595,2
157038,4.65703,49.48608,2
157039,4.67178,49.48951,2
157040,4.653523,49.488988,2
157041,4.65779,49.48622,2
157042,4.65984,49.48726,2
157043,4.65906,49.48698,2
157044,4.65919,49.48761,2
157045,4.65662,49.48739,2
157046,4.65685,49.48725,2
157047,4.65289,49.48952,2
157048,4.65374,49.4887,2
157049,4.65645,49.48763,2
157050,4.65456,49.48807,2
157051,4.65457,49.48799,2
157052,4.6537,49.48894,2
157053,4.65626,49.48758,2
157054,4.65699,49.48732,2
157055,4.65141,49.49065,2
157056,4.65578,49.4879,2
157057,4.653037,49.485573,2
157058,4.65545,49.48784,2
157059,4.65316,49.48933,2
157060,4.65626,49.48758,2
157061,4.65456,49.48807,2
157062,4.655203,49.48741,2
157063,4.655204,49.487419,2
157064,4.66111,49.486865,2
157065,4.65768,49.48616,2
157066,4.65768,49.48616,2
157067,4.65768,49.48616,2
157068,4.653037,49.485573,2
157069,4.655,49.4879,2
157070,4.65895,49.4882,2
157071,4.65464,49.48811,2
157072,4.65921,49.48741,2
157073,4.6559,49.48777,2
157074,4.65915,49.48799,2
157075,4.65343,49.48914,2
157076,4.65917,49.4878,2
157077,4.65284,49.48938,2
157078,4.65315,49.48916,2
157079,4.65241,49.48993,2
157080,4.65346,49.48894,2
157081,4.65923,49.48722,2
157082,4.65909,49.48857,2
157083,4.65899,49.48777,2
157084,4.65227,49.48985,2
157085,4.65456,49.48807,2
157086,4.65539,49.48796,2
157087,4.65614,49.4878,2
157088,4.65252,49.4896,2
157089,4.65913,49.48819,2
157090,4.65728,49.48748,2
157091,4.65262,49.48971,2
157092,4.65891,49.48864,2
157093,4.65062,49.49088,2
157094,4.65456,49.48807,2
157095,4.65456,49.48807,2
157096,4.65908,49.48719,2
157097,4.65437,49.4883,2
157098,4.65412,49.4885,2
157099,4.65456,49.48807,2
157100,4.65392,49.48873,2
157101,4.65425,49.48821,2
157102,4.65824,49.48681,2
157103,4.65854,49.48695,2
157104,4.65841,49.48709,2
157105,4.65841,49.48709,2
157106,4.65984,49.48726,2
157107,4.65685,49.48725,2
157108,4.65864,49.4869,2
157109,4.65864,49.4869,2
157110,4.65984,49.48726,2
157111,4.663444,49.487835,2
157112,4.43205,49.3014,2
157113,4.450104,49.299426,2
157114,4.43142,49.30106,2
157115,4.43625,49.30078,2
157116,4.43565,49.30084,2
157117,4.43219,49.30113,2
157118,4.43262,49.30157,2
157119,4.4309,49.30087,2
157120,4.43005,49.30053,2
157121,4.43026,49.30074,2
157122,4.42982,49.30059,2
157123,4.42916,49.30051,2
157124,4.42916,49.30051,2
157125,4.42901,49.30039,2
157126,4.42889,49.30003,2
157127,4.4288,49.30075,2
157128,4.42876,49.30055,2
157129,4.42871,49.30004,2
157130,4.43684,49.30073,2
157131,4.42824,49.30041,2
157132,4.43237,49.30143,2
157133,4.42824,49.30053,2
157134,4.43146,49.30098,2
157135,4.42791,49.30051,2
157136,4.43062,49.30074,2
157137,4.42727,49.30034,2
157138,4.43066,49.3009,2
157139,4.42692,49.30043,2
157140,4.430609,49.299902,2
157141,4.42694,49.30031,2
157142,4.43034,49.30063,2
157143,4.42659,49.3004,2
157144,4.42973,49.30042,2
157145,4.42625,49.30037,2
157146,4.42822,49.30084,2
157147,4.42628,49.30026,2
157148,4.42939,49.30047,2
157149,4.42761,49.30037,2
157150,4.42939,49.30047,2
157151,4.42758,49.30048,2
157152,4.42939,49.30047,2
157153,4.42661,49.30029,2
157154,4.42939,49.30047,2
157155,4.4247,49.30019,2
157156,4.42939,49.30047,2
157157,4.42939,49.30047,2
157158,4.4261,49.29998,2
157159,4.43043,49.29932,2
157160,4.42978,49.29965,2
157161,4.43146,49.30098,2
157162,4.42978,49.29965,2
157163,4.42978,49.29965,2
157164,4.42978,49.29965,2
157165,4.42978,49.29965,2
157166,4.42978,49.29965,2
157167,4.42871,49.30004,2
157168,4.42916,49.2997,2
157169,4.43038,49.29976,2
157170,4.43025,49.2993,2
157171,4.43099,49.29967,2
157172,4.43027,49.29942,2
157173,4.4261,49.29998,2
157174,4.4261,49.29998,2
157175,4.42661,49.30029,2
157176,4.42694,49.30031,2
157177,4.42694,49.30031,2
157178,4.43142,49.30109,2
157179,4.43038,49.29976,2
157180,4.43038,49.29976,2
157181,4.42725,49.30046,2
157182,4.42978,49.29965,2
157183,4.45344,49.29957,2
157184,4.45344,49.29957,2
157185,4.45344,49.29957,2
157186,4.45344,49.29957,2
157187,4.45344,49.29957,2
157188,4.45285,49.29999,2
157189,4.45344,49.29872,2
157190,4.45344,49.29872,2
157191,4.45255,49.29876,2
157192,4.45298,49.29866,2
157193,4.45344,49.29872,2
157194,4.45417,49.29802,2
157195,4.45344,49.29957,2
157196,4.45344,49.29957,2
157197,4.45344,49.29957,2
157198,4.45344,49.29957,2
157199,4.45344,49.29957,2
157200,4.45344,49.29957,2
157201,4.45344,49.29957,2
157202,4.45344,49.29957,2
157203,4.45189,49.29906,2
157204,4.45344,49.29957,2
157205,4.45344,49.29957,2
157206,4.45344,49.29957,2
157207,4.45344,49.29957,2
157208,4.45344,49.29957,2
157209,4.45344,49.29957,2
157210,4.45521,49.29887,2
157211,4.45285,49.29999,2
157212,4.45263,49.30016,2
157213,4.45287,49.30005,2
157214,4.45196,49.30017,2
157215,4.45205,49.30027,2
157216,4.45261,49.30004,2
157217,4.46191,49.29974,2
157218,4.45417,49.29802,2
157219,4.45417,49.29802,2
157220,4.46191,49.29974,2
157221,4.45428,49.29803,2
157222,4.45344,49.29872,2
157223,4.84782,49.68064,2
157224,4.85695,49.69136,2
157225,4.84981,49.67969,2
157226,4.84944,49.67954,2
157227,4.84903,49.67963,2
157228,4.854632,49.675947,2
157229,4.855352,49.675959,2
157230,4.84975,49.68129,2
157231,4.8486,49.69088,2
157232,4.8486,49.69088,2
157233,4.84808,49.6824,2
157234,4.84808,49.6824,2
157235,4.84808,49.6824,2
157236,4.84808,49.6824,2
157237,4.84925,49.68218,2
157238,4.84881,49.68215,2
157239,4.84881,49.68215,2
157240,4.84881,49.68215,2
157241,4.84881,49.68215,2
157242,4.84881,49.68215,2
157243,4.84881,49.68215,2
157244,4.84881,49.68215,2
157245,4.84975,49.68129,2
157246,4.84881,49.68215,2
157247,4.84782,49.68064,2
157248,4.84782,49.68064,2
157249,4.84782,49.68064,2
157250,4.84782,49.68064,2
157251,4.84782,49.68064,2
157252,4.84782,49.68064,2
157253,4.84704,49.68068,2
157254,4.84683,49.68071,2
157255,4.84663,49.68074,2
157256,4.84642,49.68077,2
157257,4.84621,49.68079,2
157258,4.84903,49.67963,2
157259,4.84903,49.67963,2
157260,4.84782,49.68064,2
157261,4.84903,49.67963,2
157262,4.84912,49.67958,2
157263,4.84903,49.67963,2
157264,4.84903,49.67963,2
157265,4.84903,49.67963,2
157266,4.84903,49.67963,2
157267,4.84903,49.67963,2
157268,4.84903,49.67963,2
157269,4.84903,49.67963,2
157270,4.84903,49.67963,2
157271,4.84903,49.67963,2
157272,4.84903,49.67963,2
157273,4.84881,49.68215,2
157274,4.84903,49.67963,2
157275,4.84875,49.67975,2
157276,4.84912,49.67947,2
157277,4.84922,49.6794,2
157278,4.84939,49.67929,2
157279,4.84963,49.67915,2
157280,4.84952,49.67943,2
157281,4.84898,49.67976,2
157282,4.84926,49.67955,2
157283,4.84931,49.67947,2
157284,4.84937,49.6795,2
157285,4.85057,49.68069,2
157286,4.85075,49.68041,2
157287,4.85088,49.68101,2
157288,4.85105,49.68136,2
157289,4.84925,49.68218,2
157290,4.85114,49.68115,2
157291,4.84925,49.68218,2
157292,4.85293,49.68224,2
157293,4.85293,49.68224,2
157294,4.85284,49.68218,2
157295,4.85284,49.68218,2
157296,4.85284,49.68218,2
157297,4.85284,49.68218,2
157298,4.85284,49.68218,2
157299,4.85284,49.68218,2
157300,4.85284,49.68218,2
157301,4.85284,49.68218,2
157302,4.85006,49.67983,2
157303,4.85017,49.67976,2
157304,4.85024,49.67967,2
157305,4.85024,49.67956,2
157306,4.85024,49.67946,2
157307,4.8505,49.67928,2
157308,4.84981,49.67969,2
157309,4.85011,49.67907,2
157310,4.85011,49.67907,2
157311,4.85708,49.67392,2
157312,4.85147,49.67875,2
157313,4.85034,49.67909,2
157314,4.84912,49.67958,2
157315,4.85014,49.67913,2
157316,4.84993,49.67916,2
157317,4.850597,49.678924,2
157318,4.85011,49.67907,2
157319,4.84967,49.67867,2
157320,4.85075,49.68041,2
157321,4.84962,49.67836,2
157322,4.849682,49.678898,2
157323,4.8496,49.67805,2
157324,4.84958,49.67774,2
157325,4.84956,49.67743,2
157326,4.84955,49.67714,2
157327,4.84943,49.67823,2
157328,4.84937,49.67714,2
157329,4.849459,49.675488,2
157330,4.849462,49.675272,2
157331,4.84808,49.6824,2
157332,4.84808,49.6824,2
157333,4.84968,49.68145,2
157334,4.84968,49.68145,2
157335,4.85057,49.68069,2
157336,4.85057,49.68069,2
157337,4.84968,49.68145,2
157338,4.85284,49.68218,2
157339,4.853,49.68214,2
157340,4.67775,49.92794,2
157341,4.67515,49.93159,2
157342,4.67515,49.93159,2
157343,4.675316,49.931278,2
157344,4.65846,49.9265,2
157345,4.65846,49.9265,2
157346,4.65915,49.92683,2
157347,4.65915,49.92683,2
157348,4.664264,49.929361,2
157349,4.67152,49.93092,2
157350,4.67152,49.93092,2
157351,4.71793,49.75779,2
157352,4.71636,49.75864,2
157353,4.71879,49.75631,2
157354,4.71314,49.75661,2
157355,4.71163,49.75675,2
157356,4.71163,49.75675,2
157357,4.71163,49.75675,2
157358,4.71163,49.75675,2
157359,4.71163,49.75675,2
157360,4.71163,49.75675,2
157361,4.71132,49.75678,2
157362,4.71132,49.75678,2
157363,4.71132,49.75678,2
157364,4.71132,49.75678,2
157365,4.71132,49.75678,2
157366,4.71132,49.75678,2
157367,4.71132,49.75678,2
157368,4.71132,49.75678,2
157369,4.71106,49.75678,2
157370,4.71106,49.75678,2
157371,4.71106,49.75678,2
157372,4.71106,49.75678,2
157373,4.71106,49.75678,2
157374,4.71106,49.75678,2
157375,4.7108,49.75677,2
157376,4.7108,49.75677,2
157377,4.7108,49.75677,2
157378,4.7108,49.75677,2
157379,4.7108,49.75677,2
157380,4.7108,49.75677,2
157381,4.71054,49.75676,2
157382,4.71054,49.75676,2
157383,4.71054,49.75676,2
157384,4.71054,49.75676,2
157385,4.71054,49.75676,2
157386,4.71054,49.75676,2
157387,4.71054,49.75676,2
157388,4.71054,49.75676,2
157389,4.71028,49.75675,2
157390,4.71028,49.75675,2
157391,4.71028,49.75675,2
157392,4.71028,49.75675,2
157393,4.71028,49.75675,2
157394,4.71028,49.75675,2
157395,4.71028,49.75675,2
157396,4.71002,49.75674,2
157397,4.71002,49.75674,2
157398,4.71002,49.75674,2
157399,4.71002,49.75674,2
157400,4.71002,49.75674,2
157401,4.71002,49.75674,2
157402,4.71753,49.75823,2
157403,4.71751,49.75799,2
157404,4.71805,49.75773,2
157405,4.7175,49.75776,2
157406,4.7175,49.75776,2
157407,4.71746,49.75716,2
157408,4.71746,49.75716,2
157409,4.71746,49.75705,2
157410,4.71734,49.75812,2
157411,4.71314,49.75661,2
157412,4.71251,49.75879,2
157413,4.71251,49.75879,2
157414,4.71251,49.75879,2
157415,4.71212,49.75878,2
157416,4.71212,49.75878,2
157417,4.7114,49.75871,2
157418,4.71129,49.75854,2
157419,4.71134,49.75838,2
157420,4.71148,49.75807,2
157421,4.71148,49.75807,2
157422,4.71511,49.75597,2
157423,4.79678,49.8108,2
157424,4.78449,49.81304,2
157425,4.79585,49.81181,2
157426,4.79357,49.80933,2
157427,4.793189,49.807121,2
157428,4.79747,49.80921,2
157429,4.797482,49.81034,2
157430,4.79972,49.80924,2
157431,4.78255,49.81432,2
157432,4.78255,49.81432,2
157433,4.78255,49.81432,2
157434,4.79419,49.81303,2
157435,4.79492,49.81056,2
157436,4.79423,49.80993,2
157437,4.79492,49.81056,2
157438,4.79452,49.80979,2
157439,4.78255,49.81432,2
157440,4.7941,49.81152,2
157441,4.7941,49.81152,2
157442,4.7941,49.81152,2
157443,4.79357,49.80933,2
157444,4.79187,49.81088,2
157445,4.806062,49.806931,2
157446,4.78739,49.81225,2
157447,4.802996,49.808404,2
157448,4.806076,49.806922,2
157449,4.79678,49.8108,2
157450,4.79552,49.81228,2
157451,4.79479,49.81044,2
157452,4.8198,49.807415,2
157453,4.35811,49.63315,2
157454,4.35516,49.63161,2
157455,4.35516,49.63161,2
157456,4.35516,49.63161,2
157457,4.35772,49.63231,2
157458,4.35625,49.6336,2
157459,4.355092,49.631543,2
157460,4.355167,49.632027,2
157461,4.353642,49.631244,2
157462,4.346101,49.625188,2
157463,4.35772,49.63231,2
157464,4.36446,49.64864,2
157465,4.35625,49.6336,2
157466,4.97572,49.63545,2
157467,4.97931,49.63374,2
157468,4.97931,49.63374,2
157469,4.98049,49.63441,2
157470,4.97793,49.63407,2
157471,4.974669,49.63265,2
157472,4.97823,49.635,2
157473,4.97823,49.635,2
157474,4.97572,49.63545,2
157475,4.97931,49.63374,2
157476,4.97793,49.63374,2
157477,4.977949,49.634555,2
157478,4.98268,49.62721,2
157479,4.97745,49.63544,2
157480,4.97823,49.635,2
157481,4.961696,49.643769,2
157482,4.97931,49.63374,2
157483,4.97823,49.635,2
157484,4.97823,49.635,2
157485,4.915186,49.627301,2
157486,4.91607,49.62693,2
157487,4.91659,49.62715,2
157488,4.91612,49.6278,2
157489,4.87356,49.64239,2
157490,4.86772,49.63755,2
157491,4.87356,49.64239,2
157492,4.87493,49.64353,2
157493,4.40261,49.30386,2
157494,4.40003,49.30372,2
157495,4.4001,49.30343,2
157496,4.39682,49.30191,2
157497,4.4001,49.30343,2
157498,4.4001,49.30343,2
157499,4.39933,49.30177,2
157500,4.4001,49.30343,2
157501,4.83259,49.63181,2
157502,4.831674,49.632053,2
157503,4.828605,49.631532,2
157504,4.83259,49.63181,2
157505,4.63627,49.48779,2
157506,4.63333,49.48709,2
157507,4.633901,49.486991,2
157508,4.63333,49.48709,2
157509,4.63627,49.48779,2
157510,4.64444,49.48849,2
157511,4.65283,49.48526,2
157512,4.94648,49.7061,2
157513,4.94648,49.7061,2
157514,4.94648,49.7061,2
157515,4.94648,49.7061,2
157516,4.94648,49.7061,2
157517,4.94648,49.7061,2
157518,4.94648,49.7061,2
157519,4.94648,49.7061,2
157520,4.94648,49.7061,2
157521,4.94648,49.7061,2
157522,4.94648,49.7061,2
157523,4.65733,49.48788,2
157524,4.65841,49.48709,2
157525,4.65841,49.48709,2
157526,4.65712,49.48714,2
157527,4.65703,49.48608,2
157528,4.65716,49.48532,2
157529,4.65716,49.48532,2
157530,4.65841,49.48709,2
157531,4.42822,49.30084,2
157532,4.42939,49.30047,2
157533,4.428901,49.300813,2
157534,4.42939,49.30047,2
157535,4.422649,49.300499,2
157536,4.42883,49.30002,2
157537,4.42887,49.30064,2
157538,4.422663,49.300499,2
157539,4.45344,49.29957,2
157540,4.45344,49.29957,2
157541,4.45478,49.29943,2
157542,4.84912,49.67958,2
157543,4.84903,49.67963,2
157544,4.84912,49.67958,2
157545,4.84881,49.68215,2
157546,4.848797,49.680605,2
157547,4.84903,49.67954,2
157548,4.849443,49.677429,2
