"ID","Longitude","Latitude","ServiceTime (min)"
58685,4.69954,49.7762,2
58686,4.70958,49.77129,2
58687,4.69974,49.7761,2
58688,4.69995,49.776,2
58689,4.70036,49.7758,2
58690,4.70015,49.7759,2
58691,4.70036,49.7758,2
58692,4.70036,49.7758,2
58693,4.70076,49.7756,2
58694,4.70097,49.7755,2
58695,4.70117,49.77541,2
58696,4.70138,49.77531,2
58697,4.70178,49.77511,2
58698,4.70199,49.77501,2
58699,4.70199,49.77501,2
58700,4.70238,49.77479,2
58701,4.70219,49.7749,2
58702,4.70261,49.77468,2
58703,4.70282,49.77458,2
58704,4.7045,49.77376,2
58705,4.70375,49.77566,2
58706,4.70402,49.77619,2
58707,4.70394,49.77611,2
58708,4.70387,49.77603,2
58709,4.7038,49.77595,2
58710,4.70372,49.77587,2
58711,4.70365,49.77579,2
58712,4.70357,49.77572,2
58713,4.70312,49.77518,2
58714,4.7049,49.77684,2
58715,4.70451,49.77647,2
58716,4.70408,49.77603,2
58717,4.70382,49.77576,2
58718,4.70366,49.77558,2
58719,4.7036,49.7755,2
58720,4.70353,49.77543,2
58721,4.70347,49.77535,2
58722,4.70341,49.77528,2
58723,4.70334,49.7752,2
58724,4.70328,49.77513,2
58725,4.70322,49.77505,2
58726,4.70315,49.77498,2
58727,4.70309,49.7749,2
58728,4.70303,49.77483,2
58729,4.70297,49.77475,2
58730,4.7029,49.77468,2
58731,4.70409,49.77545,2
58732,4.70448,49.77537,2
58733,4.7043,49.77544,2
58734,4.70411,49.77551,2
58735,4.70393,49.77559,2
58736,4.70441,49.77527,2
58737,4.70434,49.7752,2
58738,4.70427,49.77512,2
58739,4.70421,49.77505,2
58740,4.70414,49.77497,2
58741,4.70407,49.77489,2
58742,4.704,49.77482,2
58743,4.70393,49.77474,2
58744,4.70386,49.77465,2
58745,4.70379,49.77457,2
58746,4.70371,49.77449,2
58747,4.70364,49.7744,2
58748,4.70357,49.77432,2
58749,4.70098,49.77564,2
58750,4.70098,49.77564,2
58751,4.70098,49.77564,2
58752,4.7117,49.77562,2
58753,4.70098,49.77564,2
58754,4.7117,49.77562,2
58755,4.70098,49.77564,2
58756,4.7117,49.77562,2
58757,4.70098,49.77564,2
58758,4.71043,49.77598,2
58759,4.70098,49.77564,2
58760,4.71043,49.77598,2
58761,4.70098,49.77564,2
58762,4.7117,49.77562,2
58763,4.71038,49.77587,2
58764,4.70098,49.77564,2
58765,4.71038,49.77587,2
58766,4.70098,49.77564,2
58767,4.71038,49.77587,2
58768,4.71038,49.77587,2
58769,4.70098,49.77564,2
58770,4.71038,49.77587,2
58771,4.71038,49.77587,2
58772,4.70098,49.77564,2
58773,4.71038,49.77587,2
58774,4.71038,49.77587,2
58775,4.70098,49.77564,2
58776,4.71038,49.77587,2
58777,4.71038,49.77587,2
58778,4.70098,49.77564,2
58779,4.71038,49.77587,2
58780,4.70098,49.77564,2
58781,4.71038,49.77587,2
58782,4.71038,49.77587,2
58783,4.70098,49.77564,2
58784,4.71038,49.77587,2
58785,4.7117,49.77562,2
58786,4.70098,49.77564,2
58787,4.71038,49.77587,2
58788,4.71038,49.77587,2
58789,4.71043,49.77598,2
58790,4.70098,49.77564,2
58791,4.71038,49.77587,2
58792,4.71038,49.77587,2
58793,4.70098,49.77564,2
58794,4.71038,49.77587,2
58795,4.71038,49.77587,2
58796,4.71038,49.77587,2
58797,4.71038,49.77587,2
58798,4.70098,49.77564,2
58799,4.71038,49.77587,2
58800,4.70985,49.77582,2
58801,4.70644,49.7744,2
58802,4.71038,49.77587,2
58803,4.70985,49.77582,2
58804,4.70098,49.77564,2
58805,4.71038,49.77587,2
58806,4.70985,49.77582,2
58807,4.71038,49.77587,2
58808,4.70943,49.77564,2
58809,4.70098,49.77564,2
58810,4.71038,49.77587,2
58811,4.70915,49.77552,2
58812,4.71038,49.77587,2
58813,4.70098,49.77564,2
58814,4.71038,49.77587,2
58815,4.71038,49.77587,2
58816,4.7088,49.77537,2
58817,4.70098,49.77564,2
58818,4.71038,49.77587,2
58819,4.70906,49.77526,2
58820,4.71038,49.77587,2
58821,4.70906,49.77526,2
58822,4.70098,49.77564,2
58823,4.71038,49.77587,2
58824,4.70781,49.77491,2
58825,4.71038,49.77587,2
58826,4.70098,49.77564,2
58827,4.71038,49.77587,2
58828,4.71038,49.77587,2
58829,4.70612,49.77409,2
58830,4.70098,49.77564,2
58831,4.71038,49.77587,2
58832,4.7117,49.77562,2
58833,4.71038,49.77587,2
58834,4.70648,49.77427,2
58835,4.70098,49.77564,2
58836,4.71038,49.77587,2
58837,4.70612,49.77409,2
58838,4.70098,49.77564,2
58839,4.71038,49.77587,2
58840,4.71038,49.77587,2
58841,4.70612,49.77409,2
58842,4.70098,49.77564,2
58843,4.71038,49.77587,2
58844,4.7053,49.77366,2
58845,4.71038,49.77587,2
58846,4.70098,49.77564,2
58847,4.71038,49.77587,2
58848,4.70602,49.77419,2
58849,4.71038,49.77587,2
58850,4.70602,49.77419,2
58851,4.70098,49.77564,2
58852,4.71038,49.77587,2
58853,4.71038,49.77587,2
58854,4.70602,49.77419,2
58855,4.70098,49.77564,2
58856,4.71038,49.77587,2
58857,4.71038,49.77587,2
58858,4.7063,49.77433,2
58859,4.70098,49.77564,2
58860,4.71038,49.77587,2
58861,4.71038,49.77587,2
58862,4.70673,49.77454,2
58863,4.70098,49.77564,2
58864,4.71038,49.77587,2
58865,4.70687,49.77461,2
58866,4.71038,49.77587,2
58867,4.70098,49.77564,2
58868,4.71038,49.77587,2
58869,4.70729,49.77482,2
58870,4.71015,49.7759,2
58871,4.70098,49.77564,2
58872,4.70999,49.77588,2
58873,4.70098,49.77564,2
58874,4.70985,49.77582,2
58875,4.70098,49.77564,2
58876,4.70985,49.77582,2
58877,4.70985,49.77582,2
58878,4.70907,49.77163,2
58879,4.70098,49.77564,2
58880,4.70957,49.7757,2
58881,4.70704,49.77263,2
58882,4.70098,49.77564,2
58883,4.70985,49.77582,2
58884,4.70985,49.77582,2
58885,4.70519,49.77357,2
58886,4.70098,49.77564,2
58887,4.70985,49.77582,2
58888,4.70548,49.77361,2
58889,4.70985,49.77582,2
58890,4.70548,49.77361,2
58891,4.70098,49.77564,2
58892,4.70513,49.77361,2
58893,4.70985,49.77582,2
58894,4.70098,49.77564,2
58895,4.70985,49.77582,2
58896,4.70098,49.77564,2
58897,4.70809,49.77416,2
58898,4.70985,49.77582,2
58899,4.70863,49.77387,2
58900,4.70098,49.77564,2
58901,4.709116,49.773882,2
58902,4.70985,49.77582,2
58903,4.709116,49.773882,2
58904,4.70098,49.77564,2
58905,4.70985,49.77582,2
58906,4.70985,49.77582,2
58907,4.709,49.77355,2
58908,4.70098,49.77564,2
58909,4.70985,49.77582,2
58910,4.709,49.77355,2
58911,4.70957,49.7757,2
58912,4.70837,49.77428,2
58913,4.70098,49.77564,2
58914,4.70845,49.77404,2
58915,4.70098,49.77564,2
58916,4.70866,49.77436,2
58917,4.70957,49.7757,2
58918,4.70865,49.77459,2
58919,4.70098,49.77564,2
58920,4.70838,49.77509,2
58921,4.70957,49.7757,2
58922,4.70888,49.77467,2
58923,4.70098,49.77564,2
58924,4.70883,49.77456,2
58925,4.70605,49.77313,2
58926,4.70943,49.77564,2
58927,4.70098,49.77564,2
58928,4.70943,49.77564,2
58929,4.70958,49.77129,2
58930,4.70098,49.77564,2
58931,4.70943,49.77564,2
58932,4.70957,49.7757,2
58933,4.70958,49.77129,2
58934,4.70803,49.7744,2
58935,4.70098,49.77564,2
58936,4.70958,49.77129,2
58937,4.70957,49.7757,2
58938,4.70056,49.7757,2
58939,4.70098,49.77564,2
58940,4.70943,49.77564,2
58941,4.70098,49.77564,2
58942,4.70943,49.77564,2
58943,4.70943,49.77564,2
58944,4.70199,49.77501,2
58945,4.70098,49.77564,2
58946,4.70261,49.77468,2
58947,4.70929,49.77558,2
58948,4.70098,49.77564,2
58949,4.7049,49.77357,2
58950,4.70958,49.77129,2
58951,4.70915,49.77552,2
58952,4.70098,49.77564,2
58953,4.70514,49.77345,2
58954,4.70098,49.77564,2
58955,4.70901,49.77546,2
58956,4.70098,49.77564,2
58957,4.70098,49.77564,2
58958,4.70901,49.77546,2
58959,4.70098,49.77564,2
58960,4.70901,49.77546,2
58961,4.70411,49.77629,2
58962,4.70098,49.77564,2
58963,4.70915,49.77552,2
58964,4.70411,49.77629,2
58965,4.70098,49.77564,2
58966,4.70901,49.77546,2
58967,4.70098,49.77564,2
58968,4.70901,49.77546,2
58969,4.7072,49.77463,2
58970,4.70901,49.77546,2
58971,4.7072,49.77463,2
58972,4.70098,49.77564,2
58973,4.70901,49.77546,2
58974,4.7072,49.77463,2
58975,4.7072,49.77463,2
58976,4.7049,49.77684,2
58977,4.70098,49.77564,2
58978,4.71015,49.7759,2
58979,4.7072,49.77463,2
58980,4.7072,49.77463,2
58981,4.70098,49.77564,2
58982,4.7088,49.77537,2
58983,4.7072,49.77463,2
58984,4.7072,49.77463,2
58985,4.70098,49.77564,2
58986,4.7088,49.77537,2
58987,4.70803,49.77516,2
58988,4.70098,49.77564,2
58989,4.7088,49.77537,2
58990,4.70803,49.77516,2
58991,4.70098,49.77564,2
58992,4.7088,49.77537,2
58993,4.70787,49.77508,2
58994,4.70098,49.77564,2
58995,4.7088,49.77537,2
58996,4.70787,49.77508,2
58997,4.70098,49.77564,2
58998,4.7088,49.77537,2
58999,4.70771,49.775,2
59000,4.7075,49.77491,2
59001,4.70098,49.77564,2
59002,4.7088,49.77537,2
59003,4.70771,49.775,2
59004,4.70098,49.77564,2
59005,4.7088,49.77537,2
59006,4.7075,49.77491,2
59007,4.70098,49.77564,2
59008,4.7088,49.77537,2
59009,4.7075,49.77491,2
59010,4.70702,49.77454,2
59011,4.70098,49.77564,2
59012,4.7088,49.77537,2
59013,4.70702,49.77454,2
59014,4.70702,49.77454,2
59015,4.70098,49.77564,2
59016,4.7088,49.77537,2
59017,4.70702,49.77454,2
59018,4.70702,49.77454,2
59019,4.70837,49.77428,2
59020,4.70098,49.77564,2
59021,4.7088,49.77537,2
59022,4.70702,49.77454,2
59023,4.70702,49.77454,2
59024,4.70098,49.77564,2
59025,4.7088,49.77537,2
59026,4.70702,49.77454,2
59027,4.70098,49.77564,2
59028,4.7088,49.77537,2
59029,4.70098,49.77564,2
59030,4.7088,49.77537,2
59031,4.70098,49.77564,2
59032,4.70852,49.77524,2
59033,4.70098,49.77564,2
59034,4.7083,49.77514,2
59035,4.70098,49.77564,2
59036,4.70798,49.77499,2
59037,4.7072,49.77463,2
59038,4.70798,49.77499,2
59039,4.7072,49.77463,2
59040,4.70798,49.77499,2
59041,4.70798,49.77499,2
59042,4.7072,49.77463,2
59043,4.70798,49.77499,2
59044,4.70781,49.77491,2
59045,4.7072,49.77463,2
59046,4.70781,49.77491,2
59047,4.7072,49.77463,2
59048,4.70781,49.77491,2
59049,4.7072,49.77463,2
59050,4.70781,49.77491,2
59051,4.7072,49.77463,2
59052,4.7076,49.77481,2
59053,4.7072,49.77463,2
59054,4.70738,49.77472,2
59055,4.7072,49.77463,2
59056,4.70666,49.77436,2
59057,4.7072,49.77463,2
59058,4.70666,49.77436,2
59059,4.7072,49.77463,2
59060,4.70648,49.77427,2
59061,4.7072,49.77463,2
59062,4.70648,49.77427,2
59063,4.7072,49.77463,2
59064,4.70648,49.77427,2
59065,4.7072,49.77463,2
59066,4.70648,49.77427,2
59067,4.70648,49.77427,2
59068,4.7072,49.77463,2
59069,4.70648,49.77427,2
59070,4.7072,49.77463,2
59071,4.70648,49.77427,2
59072,4.7072,49.77463,2
59073,4.70648,49.77427,2
59074,4.70576,49.77392,2
59075,4.7072,49.77463,2
59076,4.70576,49.77392,2
59077,4.7072,49.77463,2
59078,4.70576,49.77392,2
59079,4.7072,49.77463,2
59080,4.70576,49.77392,2
59081,4.7049,49.77684,2
59082,4.7072,49.77463,2
59083,4.70576,49.77392,2
59084,4.7072,49.77463,2
59085,4.71166,49.77229,2
59086,4.7072,49.77463,2
59087,4.7053,49.77366,2
59088,4.7072,49.77463,2
59089,4.7053,49.77366,2
59090,4.7072,49.77463,2
59091,4.7053,49.77366,2
59092,4.7072,49.77463,2
59093,4.7053,49.77366,2
59094,4.70387,49.77592,2
59095,4.7072,49.77463,2
59096,4.7053,49.77366,2
59097,4.7072,49.77463,2
59098,4.7053,49.77366,2
59099,4.7072,49.77463,2
59100,4.7053,49.77366,2
59101,4.70774,49.77445,2
59102,4.7072,49.77463,2
59103,4.7053,49.77366,2
59104,4.7072,49.77463,2
59105,4.7053,49.77366,2
59106,4.7072,49.77463,2
59107,4.7053,49.77366,2
59108,4.7072,49.77463,2
59109,4.70559,49.77398,2
59110,4.7072,49.77463,2
59111,4.70559,49.77398,2
59112,4.7072,49.77463,2
59113,4.70559,49.77398,2
59114,4.7072,49.77463,2
59115,4.70559,49.77398,2
59116,4.7072,49.77463,2
59117,4.70559,49.77398,2
59118,4.7072,49.77463,2
59119,4.70559,49.77398,2
59120,4.7072,49.77463,2
59121,4.70559,49.77398,2
59122,4.7072,49.77463,2
59123,4.70559,49.77398,2
59124,4.7072,49.77463,2
59125,4.70559,49.77398,2
59126,4.7072,49.77463,2
59127,4.70559,49.77398,2
59128,4.7072,49.77463,2
59129,4.70588,49.77412,2
59130,4.7072,49.77463,2
59131,4.70588,49.77412,2
59132,4.70588,49.77412,2
59133,4.7072,49.77463,2
59134,4.70588,49.77412,2
59135,4.7072,49.77463,2
59136,4.70602,49.77419,2
59137,4.7072,49.77463,2
59138,4.70602,49.77419,2
59139,4.7072,49.77463,2
59140,4.70602,49.77419,2
59141,4.7072,49.77463,2
59142,4.70602,49.77419,2
59143,4.7072,49.77463,2
59144,4.70602,49.77419,2
59145,4.7072,49.77463,2
59146,4.70616,49.77426,2
59147,4.7072,49.77463,2
59148,4.70602,49.77419,2
59149,4.7072,49.77463,2
59150,4.7063,49.77433,2
59151,4.7072,49.77463,2
59152,4.70644,49.7744,2
59153,4.70659,49.77447,2
59154,4.7072,49.77463,2
59155,4.70715,49.77475,2
59156,4.7072,49.77463,2
59157,4.7072,49.77463,2
59158,4.70687,49.77461,2
59159,4.70803,49.77516,2
59160,4.70701,49.77468,2
59161,4.70803,49.77516,2
59162,4.70729,49.77482,2
59163,4.70729,49.77482,2
59164,4.70803,49.77516,2
59165,4.70901,49.77097,2
59166,4.70803,49.77516,2
59167,4.70803,49.77516,2
59168,4.70901,49.77097,2
59169,4.70886,49.77487,2
59170,4.70945,49.77143,2
59171,4.70886,49.77487,2
59172,4.70803,49.77516,2
59173,4.70943,49.77144,2
59174,4.70803,49.77516,2
59175,4.70936,49.77148,2
59176,4.70803,49.77516,2
59177,4.70907,49.77163,2
59178,4.70803,49.77516,2
59179,4.70907,49.77163,2
59180,4.70803,49.77516,2
59181,4.70907,49.77163,2
59182,4.70803,49.77516,2
59183,4.70803,49.77516,2
59184,4.70907,49.77163,2
59185,4.70803,49.77516,2
59186,4.70907,49.77163,2
59187,4.70803,49.77516,2
59188,4.70907,49.77163,2
59189,4.70803,49.77516,2
59190,4.71015,49.7759,2
59191,4.70894,49.7717,2
59192,4.70803,49.77516,2
59193,4.70883,49.77175,2
59194,4.70803,49.77516,2
59195,4.70865,49.77184,2
59196,4.70803,49.77516,2
59197,4.70803,49.77516,2
59198,4.70764,49.77233,2
59199,4.70724,49.77253,2
59200,4.70803,49.77516,2
59201,4.70684,49.77273,2
59202,4.70803,49.77516,2
59203,4.70664,49.77283,2
59204,4.70803,49.77516,2
59205,4.70803,49.77516,2
59206,4.70645,49.77293,2
59207,4.70803,49.77516,2
59208,4.70585,49.77323,2
59209,4.70803,49.77516,2
59210,4.70565,49.77333,2
59211,4.70803,49.77516,2
59212,4.70519,49.77357,2
59213,4.70803,49.77516,2
59214,4.70519,49.77357,2
59215,4.70803,49.77516,2
59216,4.70519,49.77357,2
59217,4.70787,49.77508,2
59218,4.70519,49.77357,2
59219,4.70787,49.77508,2
59220,4.70644,49.7744,2
59221,4.70513,49.77361,2
59222,4.70787,49.77508,2
59223,4.70513,49.77361,2
59224,4.70787,49.77508,2
59225,4.70513,49.77361,2
59226,4.70787,49.77508,2
59227,4.70501,49.77367,2
59228,4.70501,49.77367,2
59229,4.70787,49.77508,2
59230,4.70501,49.77367,2
59231,4.70787,49.77508,2
59232,4.70501,49.77367,2
59233,4.70787,49.77508,2
59234,4.70501,49.77367,2
59235,4.70787,49.77508,2
59236,4.70787,49.77508,2
59237,4.70345,49.77442,2
59238,4.70787,49.77508,2
59239,4.70328,49.7745,2
59240,4.70787,49.77508,2
59241,4.7031,49.77459,2
59242,4.70787,49.77508,2
59243,4.70771,49.775,2
59244,4.70293,49.77467,2
59245,4.7049,49.77684,2
59246,4.70771,49.775,2
59247,4.70764,49.77472,2
59248,4.70771,49.775,2
59249,4.70773,49.77464,2
59250,4.70771,49.775,2
59251,4.70783,49.77456,2
59252,4.70771,49.775,2
59253,4.70793,49.77448,2
59254,4.70771,49.775,2
59255,4.70803,49.7744,2
59256,4.70812,49.77432,2
59257,4.70771,49.775,2
59258,4.70822,49.77424,2
59259,4.70771,49.775,2
59260,4.70832,49.77416,2
59261,4.70771,49.775,2
59262,4.70748,49.77466,2
59263,4.70771,49.775,2
59264,4.70757,49.77459,2
59265,4.70771,49.775,2
59266,4.70774,49.77445,2
59267,4.70771,49.775,2
59268,4.70783,49.77438,2
59269,4.7075,49.77491,2
59270,4.70791,49.7743,2
59271,4.7075,49.77491,2
59272,4.70791,49.7743,2
59273,4.70817,49.77409,2
59274,4.7075,49.77491,2
59275,4.70867,49.77375,2
59276,4.70858,49.77373,2
59277,4.7075,49.77491,2
59278,4.70863,49.77387,2
59279,4.709,49.77355,2
59280,4.7075,49.77491,2
59281,4.709,49.77355,2
59282,4.7075,49.77491,2
59283,4.7075,49.77491,2
59284,4.709,49.77355,2
59285,4.7075,49.77491,2
59286,4.709,49.77355,2
59287,4.7075,49.77491,2
59288,4.709,49.77355,2
59289,4.7075,49.77491,2
59290,4.709,49.77355,2
59291,4.7075,49.77491,2
59292,4.709,49.77355,2
59293,4.70702,49.77454,2
59294,4.709,49.77355,2
59295,4.70684,49.77445,2
59296,4.70684,49.77445,2
59297,4.709,49.77355,2
59298,4.70684,49.77445,2
59299,4.70684,49.77445,2
59300,4.709,49.77355,2
59301,4.70684,49.77445,2
59302,4.70702,49.77454,2
59303,4.709,49.77355,2
59304,4.70702,49.77454,2
59305,4.70684,49.77445,2
59306,4.709,49.77355,2
59307,4.70684,49.77445,2
59308,4.70684,49.77445,2
59309,4.709,49.77355,2
59310,4.70684,49.77445,2
59311,4.70684,49.77445,2
59312,4.709,49.77355,2
59313,4.70684,49.77445,2
59314,4.70684,49.77445,2
59315,4.709,49.77355,2
59316,4.70684,49.77445,2
59317,4.70684,49.77445,2
59318,4.709,49.77355,2
59319,4.70684,49.77445,2
59320,4.70684,49.77445,2
59321,4.709,49.77355,2
59322,4.70684,49.77445,2
59323,4.709,49.77355,2
59324,4.70684,49.77445,2
59325,4.70684,49.77445,2
59326,4.709,49.77355,2
59327,4.70684,49.77445,2
59328,4.70684,49.77445,2
59329,4.709,49.77355,2
59330,4.70684,49.77445,2
59331,4.70684,49.77445,2
59332,4.709,49.77355,2
59333,4.70684,49.77445,2
59334,4.70684,49.77445,2
59335,4.709,49.77355,2
59336,4.70684,49.77445,2
59337,4.709,49.77355,2
59338,4.70684,49.77445,2
59339,4.70684,49.77445,2
59340,4.709,49.77355,2
59341,4.70684,49.77445,2
59342,4.70702,49.77454,2
59343,4.709,49.77355,2
59344,4.70684,49.77445,2
59345,4.709,49.77355,2
59346,4.70684,49.77445,2
59347,4.70684,49.77445,2
59348,4.709,49.77355,2
59349,4.70684,49.77445,2
59350,4.7049,49.77684,2
59351,4.70684,49.77445,2
59352,4.709,49.77355,2
59353,4.70985,49.77582,2
59354,4.70684,49.77445,2
59355,4.70684,49.77445,2
59356,4.709,49.77355,2
59357,4.70684,49.77445,2
59358,4.70684,49.77445,2
59359,4.709,49.77355,2
59360,4.70684,49.77445,2
59361,4.70684,49.77445,2
59362,4.709,49.77355,2
59363,4.70684,49.77445,2
59364,4.7045,49.77376,2
59365,4.70684,49.77445,2
59366,4.709,49.77355,2
59367,4.70684,49.77445,2
59368,4.70684,49.77445,2
59369,4.709,49.77355,2
59370,4.70684,49.77445,2
59371,4.70684,49.77445,2
59372,4.70827,49.77417,2
59373,4.70702,49.77454,2
59374,4.70827,49.77417,2
59375,4.70702,49.77454,2
59376,4.70702,49.77454,2
59377,4.70827,49.77417,2
59378,4.70702,49.77454,2
59379,4.70702,49.77454,2
59380,4.70827,49.77417,2
59381,4.70702,49.77454,2
59382,4.70702,49.77454,2
59383,4.70837,49.77428,2
59384,4.70702,49.77454,2
59385,4.70837,49.77428,2
59386,4.70702,49.77454,2
59387,4.70702,49.77454,2
59388,4.70837,49.77428,2
59389,4.70702,49.77454,2
59390,4.70837,49.77428,2
59391,4.70702,49.77454,2
59392,4.70702,49.77454,2
59393,4.70702,49.77454,2
59394,4.70837,49.77428,2
59395,4.70702,49.77454,2
59396,4.70702,49.77454,2
59397,4.70837,49.77428,2
59398,4.70702,49.77454,2
59399,4.70837,49.77428,2
59400,4.70702,49.77454,2
59401,4.70837,49.77428,2
59402,4.70702,49.77454,2
59403,4.70702,49.77454,2
59404,4.70702,49.77454,2
59405,4.70702,49.77454,2
59406,4.70702,49.77454,2
59407,4.70848,49.77439,2
59408,4.70702,49.77454,2
59409,4.7084,49.77409,2
59410,4.70702,49.77454,2
59411,4.70702,49.77454,2
59412,4.70845,49.77404,2
59413,4.70702,49.77454,2
59414,4.70702,49.77454,2
59415,4.70845,49.77404,2
59416,4.70702,49.77454,2
59417,4.70702,49.77454,2
59418,4.70849,49.77418,2
59419,4.70866,49.77436,2
59420,4.70866,49.77436,2
59421,4.70866,49.77436,2
59422,4.70866,49.77436,2
59423,4.70875,49.77445,2
59424,4.70865,49.77459,2
59425,4.70798,49.77499,2
59426,4.70865,49.77459,2
59427,4.7053,49.77366,2
59428,4.70865,49.77459,2
59429,4.7053,49.77366,2
59430,4.7049,49.77684,2
59431,4.70559,49.77398,2
59432,4.70865,49.77459,2
59433,4.70507,49.77701,2
59434,4.70559,49.77398,2
59435,4.70559,49.77398,2
59436,4.70862,49.77489,2
59437,4.70507,49.77701,2
59438,4.70507,49.77701,2
59439,4.70854,49.77495,2
59440,4.70507,49.77701,2
59441,4.70507,49.77701,2
59442,4.70846,49.77502,2
59443,4.70888,49.77467,2
59444,4.70507,49.77701,2
59445,4.70838,49.77509,2
59446,4.70507,49.77701,2
59447,4.70838,49.77509,2
59448,4.7049,49.77684,2
59449,4.70507,49.77701,2
59450,4.70838,49.77509,2
59451,4.7049,49.77684,2
59452,4.70838,49.77509,2
59453,4.70507,49.77701,2
59454,4.70838,49.77509,2
59455,4.70507,49.77701,2
59456,4.7049,49.77684,2
59457,4.70876,49.77495,2
59458,4.70507,49.77701,2
59459,4.70507,49.77701,2
59460,4.70886,49.77487,2
59461,4.70886,49.77487,2
59462,4.70886,49.77487,2
59463,4.70886,49.77487,2
59464,4.70893,49.77477,2
59465,4.70803,49.7744,2
59466,4.70888,49.77467,2
59467,4.70888,49.77467,2
59468,4.70888,49.77467,2
59469,4.70888,49.77467,2
59470,4.70888,49.77467,2
59471,4.70883,49.77456,2
59472,4.70883,49.77456,2
59473,4.70883,49.77456,2
59474,4.70098,49.77564,2
59475,4.71073,49.77372,2
59476,4.71056,49.77379,2
59477,4.71039,49.77385,2
59478,4.71014,49.77371,2
59479,4.70904,49.77434,2
59480,4.70904,49.77434,2
59481,4.70904,49.77434,2
59482,4.70904,49.77434,2
59483,4.70904,49.77434,2
59484,4.70904,49.77434,2
59485,4.70904,49.77434,2
59486,4.70904,49.77434,2
59487,4.70893,49.77438,2
59488,4.70883,49.77442,2
59489,4.70872,49.77446,2
59490,4.70861,49.7745,2
59491,4.70848,49.77455,2
59492,4.69934,49.7763,2
59493,4.79176,49.70381,2
59494,4.79176,49.70381,2
59495,4.79176,49.70381,2
59496,4.79235,49.69665,2
59497,4.79235,49.69665,2
59498,4.79262,49.6969,2
59499,4.79262,49.6969,2
59500,4.79293,49.69714,2
59501,4.79587,49.70146,2
59502,4.79293,49.69714,2
59503,4.79275,49.69721,2
59504,4.79237,49.69685,2
59505,4.791355,49.699492,2
59506,4.791355,49.699492,2
59507,4.792033,49.699191,2
59508,4.795882,49.699436,2
59509,4.791355,49.699501,2
59510,4.791355,49.699501,2
59511,4.791355,49.699501,2
59512,4.791545,49.699416,2
59513,4.792033,49.699191,2
59514,4.79116,49.7009,2
59515,4.79186,49.70008,2
59516,4.78761,49.7016,2
59517,4.79186,49.70008,2
59518,4.79387,49.69766,2
59519,4.79186,49.70008,2
59520,4.79118,49.70058,2
59521,4.79186,49.70008,2
59522,4.79186,49.70008,2
59523,4.79186,49.70008,2
59524,4.79277,49.69976,2
59525,4.79118,49.70058,2
59526,4.79224,49.70004,2
59527,4.79171,49.70031,2
59528,4.79323,49.69844,2
59529,4.79331,49.6985,2
59530,4.80098,49.69718,2
59531,4.79423,49.69762,2
59532,4.79408,49.69773,2
59533,4.794001,49.697776,2
59534,4.794001,49.697776,2
59535,4.79423,49.69762,2
59536,4.79423,49.69762,2
59537,4.793655,49.698071,2
59538,4.79387,49.69766,2
59539,4.79387,49.69766,2
59540,4.79387,49.69766,2
59541,4.79423,49.69762,2
59542,4.79423,49.69762,2
59543,4.79423,49.69762,2
59544,4.794768,49.69759,2
59545,4.794768,49.69759,2
59546,4.79587,49.70146,2
59547,4.79453,49.69844,2
59548,4.79453,49.69844,2
59549,4.794513,49.697775,2
59550,4.794513,49.697775,2
59551,4.794513,49.697775,2
59552,4.79609,49.69874,2
59553,4.79722,49.69929,2
59554,4.79744,49.6995,2
59555,4.79609,49.69874,2
59556,4.79823,49.69921,2
59557,4.805299,49.698544,2
59558,4.79867,49.69907,2
59559,4.797997,49.699923,2
59560,4.79847,49.69913,2
59561,4.797997,49.699923,2
59562,4.797997,49.699923,2
59563,4.79944,49.69884,2
59564,4.7994,49.69867,2
59565,4.79956,49.69872,2
59566,4.79834,49.69928,2
59567,4.7992,49.69879,2
59568,4.79894,49.69887,2
59569,4.79868,49.69894,2
59570,4.79843,49.69902,2
59571,4.79814,49.69911,2
59572,4.7981,49.6991,2
59573,4.79732,49.69913,2
59574,4.79806,49.69886,2
59575,4.79793,49.69866,2
59576,4.79766,49.69874,2
59577,4.79769,49.69894,2
59578,4.79771,49.69915,2
59579,4.79766,49.69917,2
59580,4.79609,49.69874,2
59581,4.79609,49.69874,2
59582,4.79609,49.69874,2
59583,4.79533,49.69845,2
59584,4.79533,49.69845,2
59585,4.79576,49.69838,2
59586,4.79576,49.69838,2
59587,4.79619,49.6983,2
59588,4.79619,49.6983,2
59589,4.79661,49.69822,2
59590,4.79661,49.69822,2
59591,4.79704,49.69814,2
59592,4.79068,49.70062,2
59593,4.79704,49.69814,2
59594,4.79747,49.69807,2
59595,4.79747,49.69807,2
59596,4.79789,49.69799,2
59597,4.79789,49.69799,2
59598,4.79789,49.69799,2
59599,4.79832,49.69791,2
59600,4.79832,49.69791,2
59601,4.79838,49.69769,2
59602,4.79838,49.69769,2
59603,4.79849,49.69798,2
59604,4.79849,49.69798,2
59605,4.79862,49.69826,2
59606,4.79862,49.69826,2
59607,4.79863,49.69845,2
59608,4.79863,49.69845,2
59609,4.79902,49.6984,2
59610,4.79902,49.6984,2
59611,4.79948,49.69832,2
59612,4.79948,49.69832,2
59613,4.79995,49.69825,2
59614,4.79995,49.69825,2
59615,4.80018,49.69835,2
59616,4.80018,49.69835,2
59617,4.8004,49.69838,2
59618,4.8004,49.69838,2
59619,4.80029,49.69822,2
59620,4.80029,49.69822,2
59621,4.80052,49.69814,2
59622,4.80052,49.69814,2
59623,4.80052,49.69814,2
59624,4.79176,49.70381,2
59625,4.80121,49.69802,2
59626,4.80121,49.69802,2
59627,4.80191,49.6979,2
59628,4.80191,49.6979,2
59629,4.80191,49.6979,2
59630,4.79423,49.69762,2
59631,4.79423,49.69762,2
59632,4.80289,49.6975,2
59633,4.80289,49.6975,2
59634,4.80289,49.6975,2
59635,4.80288,49.69743,2
59636,4.80288,49.69743,2
59637,4.80288,49.69743,2
59638,4.80288,49.69743,2
59639,4.80288,49.69743,2
59640,4.80288,49.69743,2
59641,4.8026,49.69741,2
59642,4.8026,49.69741,2
59643,4.80235,49.69744,2
59644,4.80235,49.69744,2
59645,4.80212,49.69728,2
59646,4.80212,49.69728,2
59647,4.80212,49.69728,2
59648,4.8022,49.69765,2
59649,4.8022,49.69765,2
59650,4.8022,49.69765,2
59651,4.80169,49.69782,2
59652,4.80169,49.69782,2
59653,4.80169,49.69782,2
59654,4.80064,49.698,2
59655,4.80064,49.698,2
59656,4.80018,49.698,2
59657,4.80018,49.698,2
59658,4.79239,49.70291,2
59659,4.80005,49.69773,2
59660,4.80005,49.69773,2
59661,4.79992,49.69746,2
59662,4.79992,49.69746,2
59663,4.79974,49.6975,2
59664,4.79994,49.69774,2
59665,4.79974,49.6975,2
59666,4.79987,49.69777,2
59667,4.79987,49.69777,2
59668,4.79987,49.69777,2
59669,4.8003,49.69733,2
59670,4.8,49.69804,2
59671,4.8003,49.69733,2
59672,4.8,49.69804,2
59673,4.79979,49.69815,2
59674,4.79979,49.69815,2
59675,4.79909,49.69827,2
59676,4.79215,49.70162,2
59677,4.79909,49.69827,2
59678,4.79881,49.69827,2
59679,4.78859,49.70881,2
59680,4.79881,49.69827,2
59681,4.79873,49.69808,2
59682,4.79873,49.69808,2
59683,4.79864,49.6979,2
59684,4.79237,49.69685,2
59685,4.79864,49.6979,2
59686,4.79423,49.69762,2
59687,4.79864,49.6979,2
59688,4.79477,49.69838,2
59689,4.79856,49.69767,2
59690,4.79856,49.69767,2
59691,4.79678,49.69813,2
59692,4.79678,49.69813,2
59693,4.79678,49.69813,2
59694,4.79678,49.69813,2
59695,4.79678,49.69813,2
59696,4.79678,49.69813,2
59697,4.79678,49.69813,2
59698,4.79678,49.69813,2
59699,4.79678,49.69813,2
59700,4.79678,49.69813,2
59701,4.79678,49.69813,2
59702,4.79678,49.69813,2
59703,4.78859,49.70881,2
59704,4.79678,49.69813,2
59705,4.79678,49.69813,2
59706,4.79239,49.70291,2
59707,4.79532,49.69813,2
59708,4.79707,49.69775,2
59709,4.79795,49.69757,2
59710,4.79537,49.69825,2
59711,4.79602,49.69807,2
59712,4.79602,49.69807,2
59713,4.79741,49.6978,2
59714,4.7981,49.69766,2
59715,4.79996,49.69738,2
59716,4.79911,49.6975,2
59717,4.8003,49.69733,2
59718,4.80134,49.6972,2
59719,4.80099,49.69724,2
59720,4.80168,49.69716,2
59721,4.80203,49.69711,2
59722,4.80622,49.69694,2
59723,4.8056,49.69694,2
59724,4.80436,49.69696,2
59725,4.80098,49.69718,2
59726,4.80374,49.69696,2
59727,4.8025,49.69698,2
59728,4.80312,49.69697,2
59729,4.80498,49.69695,2
59730,4.79955,49.69992,2
59731,4.80098,49.69718,2
59732,4.80098,49.69718,2
59733,4.80288,49.69743,2
59734,4.80746,49.69693,2
59735,4.80684,49.69693,2
59736,4.80191,49.6979,2
59737,4.79995,49.69825,2
59738,4.79215,49.70162,2
59739,4.79209,49.70135,2
59740,4.79203,49.70202,2
59741,4.79215,49.70162,2
59742,4.79215,49.70162,2
59743,4.792105,49.701561,2
59744,4.792105,49.701561,2
59745,4.79215,49.70162,2
59746,4.792106,49.701579,2
59747,4.79215,49.70162,2
59748,4.79215,49.70162,2
59749,4.79116,49.70241,2
59750,4.79116,49.70241,2
59751,4.79116,49.70241,2
59752,4.79116,49.70241,2
59753,4.79196,49.70239,2
59754,4.79196,49.70239,2
59755,4.79116,49.70241,2
59756,4.79116,49.70241,2
59757,4.79116,49.70241,2
59758,4.79116,49.70241,2
59759,4.79116,49.70241,2
59760,4.79121,49.70244,2
59761,4.79121,49.70244,2
59762,4.79121,49.70244,2
59763,4.79596,49.70148,2
59764,4.79596,49.70148,2
59765,4.79176,49.70381,2
59766,4.79596,49.70148,2
59767,4.795535,49.705175,2
59768,4.79596,49.70148,2
59769,4.79081,49.702,2
59770,4.79596,49.70148,2
59771,4.79081,49.702,2
59772,4.79596,49.70148,2
59773,4.79596,49.70148,2
59774,4.79081,49.702,2
59775,4.79596,49.70148,2
59776,4.79176,49.70381,2
59777,4.79596,49.70148,2
59778,4.79596,49.70148,2
59779,4.79176,49.70381,2
59780,4.79596,49.70148,2
59781,4.79596,49.70148,2
59782,4.79176,49.70381,2
59783,4.79596,49.70148,2
59784,4.79176,49.70381,2
59785,4.79176,49.70381,2
59786,4.79176,49.70381,2
59787,4.79176,49.70381,2
59788,4.79168,49.70378,2
59789,4.79168,49.70378,2
59790,4.79176,49.70381,2
59791,4.79176,49.70381,2
59792,4.7921,49.70345,2
59793,4.79258,49.69698,2
59794,4.79193,49.7037,2
59795,4.79176,49.70396,2
59796,4.79159,49.70421,2
59797,4.79134,49.70448,2
59798,4.79134,49.70448,2
59799,4.79176,49.70381,2
59800,4.79176,49.70381,2
59801,4.79136,49.70482,2
59802,4.79176,49.70381,2
59803,4.78999,49.70227,2
59804,4.79162,49.70526,2
59805,4.78999,49.70227,2
59806,4.78999,49.70227,2
59807,4.78999,49.70227,2
59808,4.79423,49.69762,2
59809,4.78999,49.70227,2
59810,4.78999,49.70227,2
59811,4.79077,49.7042,2
59812,4.79067,49.70417,2
59813,4.79067,49.70417,2
59814,4.79423,49.69762,2
59815,4.79285,49.70231,2
59816,4.79299,49.70242,2
59817,4.79313,49.70252,2
59818,4.79327,49.70262,2
59819,4.79389,49.70232,2
59820,4.79375,49.70288,2
59821,4.79375,49.70288,2
59822,4.79375,49.70288,2
59823,4.79375,49.70288,2
59824,4.79375,49.70288,2
59825,4.79375,49.70288,2
59826,4.79487,49.70302,2
59827,4.79272,49.70239,2
59828,4.79286,49.70249,2
59829,4.793,49.7026,2
59830,4.79314,49.7027,2
59831,4.7933,49.70279,2
59832,4.79345,49.70285,2
59833,4.79359,49.70291,2
59834,4.79342,49.7027,2
59835,4.7936,49.70277,2
59836,4.79418,49.70312,2
59837,4.79434,49.70315,2
59838,4.79379,49.70285,2
59839,4.79397,49.70292,2
59840,4.79416,49.70299,2
59841,4.79437,49.70303,2
59842,4.79374,49.70296,2
59843,4.79388,49.70302,2
59844,4.79215,49.70162,2
59845,4.79402,49.70307,2
59846,4.78859,49.70881,2
59847,4.78545,49.71444,2
59848,4.78523,49.71463,2
59849,4.78519,49.71486,2
59850,4.78523,49.71463,2
59851,4.78461,49.71566,2
59852,4.79116,49.70241,2
59853,4.79116,49.70241,2
59854,4.79116,49.70241,2
59855,4.79116,49.70241,2
59856,4.79116,49.70241,2
59857,4.79116,49.70241,2
59858,4.79176,49.70381,2
59859,4.64043,49.94321,2
59860,4.64043,49.94321,2
59861,4.64051,49.94336,2
59862,4.64069,49.94332,2
59863,4.64077,49.94364,2
59864,4.64056,49.9435,2
59865,4.64059,49.94348,2
59866,4.64327,49.94133,2
59867,4.64056,49.9435,2
59868,4.64056,49.9435,2
59869,4.64056,49.9435,2
59870,4.64059,49.94365,2
59871,4.64074,49.94349,2
59872,4.64074,49.94349,2
59873,4.64068,49.94348,2
59874,4.64088,49.94348,2
59875,4.64088,49.94336,2
59876,4.64098,49.94348,2
59877,4.64098,49.94348,2
59878,4.64098,49.94336,2
59879,4.64142,49.94325,2
59880,4.64142,49.94325,2
59881,4.64143,49.94309,2
59882,4.64143,49.94302,2
59883,4.64144,49.9427,2
59884,4.64143,49.94294,2
59885,4.64144,49.94262,2
59886,4.64144,49.94262,2
59887,4.64144,49.94239,2
59888,4.64145,49.94231,2
59889,4.64145,49.94223,2
59890,4.64145,49.94216,2
59891,4.64145,49.94208,2
59892,4.64145,49.942,2
59893,4.64146,49.94176,2
59894,4.64144,49.94178,2
59895,4.64157,49.94177,2
59896,4.6417,49.94177,2
59897,4.64183,49.94176,2
59898,4.64157,49.94166,2
59899,4.64128,49.9417,2
59900,4.64141,49.94166,2
59901,4.64128,49.9417,2
59902,4.64122,49.94173,2
59903,4.6411,49.94179,2
59904,4.64109,49.9418,2
59905,4.64094,49.94175,2
59906,4.64087,49.94175,2
59907,4.64079,49.94175,2
59908,4.63789,49.94111,2
59909,4.64056,49.9435,2
59910,4.64072,49.94175,2
59911,4.63983,49.94205,2
59912,4.64211,49.94261,2
59913,4.63979,49.94219,2
59914,4.64077,49.94364,2
59915,4.63977,49.9422,2
59916,4.64217,49.94174,2
59917,4.63986,49.94217,2
59918,4.64287,49.941436,2
59919,4.64008,49.94196,2
59920,4.6402,49.94192,2
59921,4.63996,49.94214,2
59922,4.64005,49.9421,2
59923,4.64014,49.94207,2
59924,4.64032,49.94201,2
59925,4.64032,49.94201,2
59926,4.6405,49.94194,2
59927,4.64068,49.94187,2
59928,4.64076,49.94187,2
59929,4.64096,49.94236,2
59930,4.64092,49.94206,2
59931,4.64095,49.94226,2
59932,4.64094,49.94216,2
59933,4.64097,49.94246,2
59934,4.64098,49.94254,2
59935,4.64096,49.94288,2
59936,4.64097,49.94279,2
59937,4.64096,49.94296,2
59938,4.64095,49.94313,2
59939,4.64193,49.94261,2
59940,4.64193,49.94253,2
59941,4.64149,49.94166,2
59942,4.64193,49.94245,2
59943,4.64193,49.94229,2
59944,4.64193,49.94221,2
59945,4.64193,49.94213,2
59946,4.64193,49.94205,2
59947,4.63992,49.94239,2
59948,4.63992,49.94239,2
59949,4.64193,49.94197,2
59950,4.64193,49.9419,2
59951,4.64193,49.94182,2
59952,4.64193,49.94174,2
59953,4.64211,49.94182,2
59954,4.64211,49.9419,2
59955,4.64211,49.94197,2
59956,4.64211,49.94205,2
59957,4.64211,49.94205,2
59958,4.64211,49.94221,2
59959,4.64211,49.94213,2
59960,4.64211,49.94229,2
59961,4.64405,49.94289,2
59962,4.64211,49.94237,2
59963,4.64211,49.94245,2
59964,4.64211,49.94253,2
59965,4.64211,49.94261,2
59966,4.64211,49.94261,2
59967,4.64211,49.94285,2
59968,4.64211,49.94285,2
59969,4.64211,49.94277,2
59970,4.64211,49.94301,2
59971,4.64211,49.94301,2
59972,4.64193,49.94277,2
59973,4.64193,49.94285,2
59974,4.64193,49.94269,2
59975,4.64193,49.94309,2
59976,4.64193,49.94317,2
59977,4.64193,49.94325,2
59978,4.64211,49.94348,2
59979,4.64193,49.94333,2
59980,4.6419,49.94331,2
59981,4.6419,49.94331,2
59982,4.6419,49.94331,2
59983,4.64139,49.94342,2
59984,4.64211,49.94174,2
59985,4.6415,49.94342,2
59986,4.64162,49.94342,2
59987,4.64196,49.94342,2
59988,4.6419,49.94331,2
59989,4.6421,49.94378,2
59990,4.64296,49.94373,2
59991,4.64296,49.94373,2
59992,4.64227,49.94377,2
59993,4.64279,49.94374,2
59994,4.645,49.94381,2
59995,4.64405,49.94289,2
59996,4.64405,49.94289,2
59997,4.64405,49.94289,2
59998,4.64405,49.94289,2
59999,4.64405,49.94289,2
60000,4.64579,49.94365,2
60001,4.64911,49.9447,2
60002,4.64526,49.94333,2
60003,4.64479,49.94305,2
60004,4.64347,49.94191,2
60005,4.64911,49.9447,2
60006,4.64346,49.94191,2
60007,4.64346,49.94191,2
60008,4.64346,49.94191,2
60009,4.64346,49.94191,2
60010,4.64346,49.94191,2
60011,4.64334,49.9419,2
60012,4.64322,49.94189,2
60013,4.6431,49.94188,2
60014,4.64299,49.94176,2
60015,4.64321,49.94178,2
60016,4.64274,49.94185,2
60017,4.64262,49.94184,2
60018,4.64249,49.94183,2
60019,4.64237,49.94181,2
60020,4.64211,49.94174,2
60021,4.64268,49.94162,2
60022,4.64233,49.94168,2
60023,4.64254,49.94172,2
60024,4.64181,49.94165,2
60025,4.64189,49.94164,2
60026,4.64197,49.94164,2
60027,4.64221,49.94161,2
60028,4.64405,49.94289,2
60029,4.6423,49.94159,2
60030,4.64239,49.94157,2
60031,4.64252,49.94154,2
60032,4.64302,49.9414,2
60033,4.64314,49.94137,2
60034,4.64057,49.94186,2
60035,4.64327,49.94133,2
60036,4.64343,49.94141,2
60037,4.64245,49.94376,2
60038,4.64268,49.94162,2
60039,4.64141,49.94166,2
60040,4.64141,49.94166,2
60041,4.64141,49.94166,2
60042,4.64128,49.9417,2
60043,4.63905,49.9415,2
60044,4.64128,49.9417,2
60045,4.64128,49.9417,2
60046,4.6409,49.94186,2
60047,4.6409,49.94186,2
60048,4.63862,49.94136,2
60049,4.63884,49.94143,2
60050,4.6409,49.94186,2
60051,4.63898,49.94147,2
60052,4.6394,49.94161,2
60053,4.63893,49.94159,2
60054,4.63937,49.94173,2
60055,4.63919,49.94154,2
60056,4.64061,49.94174,2
60057,4.63933,49.94159,2
60058,4.63933,49.94159,2
60059,4.6394,49.94161,2
60060,4.63947,49.94163,2
60061,4.63957,49.94165,2
60062,4.63947,49.94163,2
60063,4.63974,49.94166,2
60064,4.63991,49.94168,2
60065,4.64077,49.94364,2
60066,4.64009,49.94169,2
60067,4.64057,49.94186,2
60068,4.63789,49.94111,2
60069,4.63944,49.94181,2
60070,4.64142,49.94333,2
60071,4.64142,49.94325,2
60072,4.64144,49.94255,2
60073,4.64146,49.94192,2
60074,4.64145,49.942,2
60075,4.64146,49.94184,2
60076,4.64141,49.94166,2
60077,4.6411,49.94179,2
60078,4.64072,49.94175,2
60079,4.6397,49.9421,2
60080,4.6405,49.94194,2
60081,4.64059,49.94191,2
60082,4.64096,49.94236,2
60083,4.64193,49.94285,2
60084,4.64211,49.94333,2
60085,4.64254,49.94381,2
60086,4.64405,49.94289,2
60087,4.64346,49.94191,2
60088,4.6423,49.94171,2
60089,4.64149,49.94166,2
60090,4.64149,49.94166,2
60091,4.64641,49.94239,2
60092,4.64049,49.94331,2
60093,4.6387,49.94139,2
60094,4.63826,49.94085,2
60095,4.63831,49.94082,2
60096,4.63844,49.94132,2
60097,4.63857,49.94135,2
60098,4.63866,49.94138,2
60099,4.63877,49.94141,2
60100,4.63862,49.94136,2
60101,4.63898,49.94147,2
60102,4.63898,49.94147,2
60103,4.63898,49.94147,2
60104,4.63905,49.9415,2
60105,4.63893,49.94159,2
60106,4.63905,49.9415,2
60107,4.63905,49.9415,2
60108,4.63933,49.94159,2
60109,4.6394,49.94161,2
60110,4.63926,49.94156,2
60111,4.63933,49.94159,2
60112,4.6394,49.94161,2
60113,4.63947,49.94163,2
60114,4.63991,49.94168,2
60115,4.64009,49.94169,2
60116,4.64009,49.94169,2
60117,4.64009,49.94169,2
60118,4.64009,49.94169,2
60119,4.63991,49.94168,2
60120,4.64016,49.94182,2
60121,4.63944,49.94181,2
60122,4.63944,49.94181,2
60123,4.63951,49.94194,2
60124,4.63955,49.94201,2
60125,4.63958,49.94207,2
60126,4.63961,49.94177,2
60127,4.63972,49.94197,2
60128,4.63959,49.94213,2
60129,4.63962,49.94222,2
60130,4.63965,49.94227,2
60131,4.6409,49.94186,2
60132,4.63971,49.94238,2
60133,4.63971,49.94238,2
60134,4.63992,49.94239,2
60135,4.63996,49.94244,2
60136,4.63996,49.94244,2
60137,4.63976,49.94244,2
60138,4.64097,49.94271,2
60139,4.64001,49.94249,2
60140,4.6401,49.94259,2
60141,4.63984,49.94254,2
60142,4.63988,49.94259,2
60143,4.6398,49.94249,2
60144,4.64014,49.94264,2
60145,4.64018,49.94292,2
60146,4.63992,49.94263,2
60147,4.64019,49.9427,2
60148,4.64001,49.94273,2
60149,4.64005,49.94278,2
60150,4.63877,49.94141,2
60151,4.64028,49.9428,2
60152,4.63877,49.94141,2
60153,4.64009,49.94283,2
60154,4.64032,49.94285,2
60155,4.64022,49.94297,2
60156,4.64037,49.9429,2
60157,4.64041,49.94295,2
60158,4.64026,49.94302,2
60159,4.64046,49.943,2
60160,4.6403,49.94306,2
60161,4.6405,49.94305,2
60162,4.6405,49.94305,2
60163,4.6405,49.94305,2
60164,4.6403,49.94306,2
60165,4.6419,49.94331,2
60166,4.6405,49.94305,2
60167,4.64034,49.94311,2
60168,4.64055,49.94311,2
60169,4.64059,49.94316,2
60170,4.64063,49.94321,2
60171,4.64092,49.94206,2
60172,4.64066,49.94326,2
60173,4.26637,49.80773,2
60174,4.26637,49.80773,2
60175,4.26637,49.80773,2
60176,4.292517,49.798978,2
60177,4.26321,49.80488,2
60178,4.26143,49.80684,2
60179,4.26321,49.80488,2
60180,4.28981,49.81005,2
60181,4.271856,49.80557,2
60182,4.27147,49.805648,2
60183,4.270571,49.806093,2
60184,4.27069,49.80619,2
60185,4.268971,49.80673,2
60186,4.268971,49.80673,2
60187,4.27069,49.80619,2
60188,4.268852,49.80577,2
60189,4.27069,49.80619,2
60190,4.27091,49.80505,2
60191,4.27091,49.80505,2
60192,4.27078,49.80499,2
60193,4.27069,49.80619,2
60194,4.27078,49.80499,2
60195,4.26637,49.8077,2
60196,4.27078,49.80499,2
60197,4.25979,49.8372,2
60198,4.266674,49.808006,2
60199,4.266674,49.808006,2
60200,4.25898,49.80746,2
60201,4.26628,49.80778,2
60202,4.26628,49.80778,2
60203,4.25547,49.83834,2
60204,4.268893,49.807216,2
60205,4.26637,49.80773,2
60206,4.267623,49.807398,2
60207,4.26637,49.80773,2
60208,4.26637,49.80773,2
60209,4.26637,49.80773,2
60210,4.268068,49.807418,2
60211,4.26637,49.80773,2
60212,4.26637,49.80773,2
60213,4.26628,49.80778,2
60214,4.26637,49.8077,2
60215,4.26628,49.80778,2
60216,4.26321,49.80488,2
60217,4.26321,49.80488,2
60218,4.26143,49.80684,2
60219,4.26143,49.80684,2
60220,4.265756,49.807212,2
60221,4.26628,49.80778,2
60222,4.26637,49.80773,2
60223,4.26637,49.80773,2
60224,4.269718,49.806646,2
60225,4.265493,49.808321,2
60226,4.26637,49.80773,2
60227,4.26637,49.80773,2
60228,4.26624,49.8089,2
60229,4.26637,49.80773,2
60230,4.26637,49.80773,2
60231,4.26624,49.8089,2
60232,4.26637,49.80773,2
60233,4.26637,49.80773,2
60234,4.265331,49.808449,2
60235,4.26624,49.8089,2
60236,4.26637,49.80773,2
60237,4.26637,49.80773,2
60238,4.26637,49.8077,2
60239,4.26637,49.80773,2
60240,4.264705,49.808782,2
60241,4.26637,49.80773,2
60242,4.264705,49.808782,2
60243,4.264705,49.808782,2
60244,4.26637,49.80773,2
60245,4.264705,49.808782,2
60246,4.26637,49.80773,2
60247,4.26637,49.80773,2
60248,4.26637,49.80773,2
60249,4.26624,49.8089,2
60250,4.26624,49.8089,2
60251,4.26624,49.8089,2
60252,4.26637,49.80773,2
60253,4.26624,49.8089,2
60254,4.26637,49.80773,2
60255,4.26637,49.80773,2
60256,4.26637,49.8077,2
60257,4.26637,49.80773,2
60258,4.26637,49.80773,2
60259,4.26624,49.8089,2
60260,4.26637,49.8077,2
60261,4.26624,49.8089,2
60262,4.26637,49.80773,2
60263,4.26637,49.80773,2
60264,4.26637,49.80773,2
60265,4.26624,49.8089,2
60266,4.26624,49.8089,2
60267,4.26637,49.80773,2
60268,4.26637,49.80773,2
60269,4.26624,49.8089,2
60270,4.26637,49.8077,2
60271,4.26624,49.8089,2
60272,4.26637,49.80773,2
60273,4.26624,49.8089,2
60274,4.26637,49.80773,2
60275,4.26624,49.8089,2
60276,4.26624,49.8089,2
60277,4.26637,49.80773,2
60278,4.26637,49.80773,2
60279,4.26637,49.80773,2
60280,4.26637,49.80773,2
60281,4.26637,49.80773,2
60282,4.261726,49.811111,2
60283,4.26624,49.8089,2
60284,4.26637,49.80773,2
60285,4.26637,49.80773,2
60286,4.26624,49.8089,2
60287,4.25547,49.83834,2
60288,4.25547,49.83834,2
60289,4.26005,49.80977,2
60290,4.26005,49.80977,2
60291,4.26005,49.80977,2
60292,4.26005,49.80977,2
60293,4.26005,49.80977,2
60294,4.26005,49.80977,2
60295,4.26005,49.80977,2
60296,4.262314,49.811596,2
60297,4.26282,49.81136,2
60298,4.26282,49.81136,2
60299,4.26637,49.8077,2
60300,4.26282,49.81136,2
60301,4.26282,49.81136,2
60302,4.26282,49.81136,2
60303,4.26282,49.81136,2
60304,4.260125,49.812448,2
60305,4.259463,49.812557,2
60306,4.26282,49.81136,2
60307,4.26282,49.81136,2
60308,4.260946,49.812129,2
60309,4.291533,49.819599,2
60310,4.261778,49.810643,2
60311,4.261565,49.810889,2
60312,4.25858,49.80938,2
60313,4.27069,49.80619,2
60314,4.26637,49.80773,2
60315,4.259979,49.810797,2
60316,4.260349,49.810666,2
60317,4.259979,49.810797,2
60318,4.260349,49.810666,2
60319,4.259979,49.810797,2
60320,4.259979,49.810797,2
60321,4.27069,49.80619,2
60322,4.259925,49.810475,2
60323,4.259925,49.810475,2
60324,4.259979,49.810797,2
60325,4.259925,49.810475,2
60326,4.25858,49.80938,2
60327,4.259494,49.810077,2
60328,4.26637,49.8077,2
60329,4.25702,49.80848,2
60330,4.25858,49.80938,2
60331,4.258027,49.809086,2
60332,4.25858,49.80938,2
60333,4.25858,49.80938,2
60334,4.258027,49.809086,2
60335,4.258027,49.809086,2
60336,4.256533,49.808103,2
60337,4.258254,49.809226,2
60338,4.26321,49.80488,2
60339,4.25573,49.807442,2
60340,4.255745,49.807451,2
60341,4.24673,49.80142,2
60342,4.26143,49.80684,2
60343,4.26143,49.80684,2
60344,4.26321,49.80488,2
60345,4.263608,49.806195,2
60346,4.26143,49.80684,2
60347,4.25858,49.80938,2
60348,4.263231,49.805042,2
60349,4.26459,49.79589,2
60350,4.26459,49.79589,2
60351,4.26459,49.79589,2
60352,4.28518,49.7895,2
60353,4.28518,49.7895,2
60354,4.28518,49.7895,2
60355,4.256091,49.807796,2
60356,4.28518,49.7895,2
60357,4.28068,49.78109,2
60358,4.28579,49.80536,2
60359,4.28981,49.81005,2
60360,4.274943,49.812643,2
60361,4.28981,49.81005,2
60362,4.268852,49.80577,2
60363,4.26628,49.80778,2
60364,4.265812,49.807588,2
60365,4.26624,49.8089,2
60366,4.26637,49.80773,2
60367,4.26637,49.80773,2
60368,4.25547,49.83834,2
60369,4.26299,49.80873,2
60370,4.259494,49.810077,2
60371,4.26637,49.8077,2
60372,4.256533,49.808103,2
60373,4.256091,49.807796,2
60374,4.256148,49.80784,2
60375,4.255745,49.807451,2
60376,4.28518,49.7895,2
60377,4.28518,49.7895,2
60378,4.28518,49.7895,2
60379,4.268221,49.810352,2
60380,4.28414,49.83011,2
60381,4.291533,49.819599,2
60382,4.28981,49.81005,2
60383,4.25741,49.80778,2
60384,4.877983,49.457938,2
60385,4.878371,49.458532,2
60386,4.87905,49.45856,2
60387,4.878031,49.459456,2
60388,4.87849,49.45924,2
60389,4.87849,49.45924,2
60390,4.87849,49.45924,2
60391,4.87849,49.45924,2
60392,4.87849,49.45924,2
60393,4.87849,49.45924,2
60394,4.87849,49.45924,2
60395,4.87849,49.45924,2
60396,4.878451,49.459312,2
60397,4.878539,49.458574,2
60398,4.88065,49.45949,2
60399,4.88065,49.45949,2
60400,4.88065,49.45949,2
60401,4.88065,49.45949,2
60402,4.88065,49.45949,2
60403,4.88065,49.45949,2
60404,4.88065,49.45949,2
60405,4.88065,49.45949,2
60406,4.88065,49.45949,2
60407,4.88065,49.45949,2
60408,4.88065,49.45949,2
60409,4.88065,49.45949,2
60410,4.88065,49.45949,2
60411,4.87849,49.45924,2
60412,4.88065,49.45949,2
60413,4.88065,49.45949,2
60414,4.88065,49.45949,2
60415,4.88065,49.45949,2
60416,4.88065,49.45949,2
60417,4.879105,49.458589,2
60418,4.878251,49.45805,2
60419,4.877724,49.45771,2
60420,4.877724,49.45771,2
60421,4.877666,49.457657,2
60422,4.878385,49.458532,2
60423,4.878385,49.458532,2
60424,4.878385,49.458532,2
60425,4.878277,49.458301,2
60426,4.877682,49.458538,2
60427,4.877457,49.458731,2
60428,4.876703,49.45854,2
60429,4.876703,49.45854,2
60430,4.876703,49.45854,2
60431,4.876703,49.45854,2
60432,4.876703,49.45854,2
60433,4.877457,49.458731,2
60434,4.855828,49.45684,2
60435,4.855828,49.45684,2
60436,4.877103,49.45855,2
60437,4.87849,49.45924,2
60438,4.87849,49.45924,2
60439,4.87849,49.45924,2
60440,4.87849,49.45924,2
60441,4.87849,49.45924,2
60442,4.87849,49.45924,2
60443,4.879335,49.463239,2
60444,4.88065,49.45949,2
60445,4.88065,49.45949,2
60446,4.88065,49.45949,2
60447,4.88065,49.45949,2
60448,4.878717,49.458273,2
60449,4.878251,49.45805,2
60450,4.877391,49.457403,2
60451,4.877457,49.458731,2
60452,4.878437,49.459304,2
60453,4.88065,49.45949,2
60454,4.37311,49.34299,2
60455,4.36937,49.34908,2
60456,4.37056,49.34631,2
60457,4.382709,49.345967,2
60458,4.37337,49.3455,2
60459,4.382709,49.345967,2
60460,4.378657,49.345407,2
60461,4.36983,49.34761,2
60462,4.37337,49.3455,2
60463,4.37056,49.34631,2
60464,4.38073,49.34761,2
60465,4.37589,49.34686,2
60466,4.37589,49.34686,2
60467,4.3761,49.34688,2
60468,4.3761,49.34688,2
60469,4.37632,49.3469,2
60470,4.37637,49.34679,2
60471,4.37659,49.34682,2
60472,4.37675,49.34695,2
60473,4.37696,49.34697,2
60474,4.37682,49.34684,2
60475,4.37718,49.34699,2
60476,4.37739,49.34702,2
60477,4.37727,49.34688,2
60478,4.37782,49.34706,2
60479,4.37825,49.34711,2
60480,4.37846,49.34713,2
60481,4.37868,49.34715,2
60482,4.37861,49.34702,2
60483,4.3732,49.34648,2
60484,4.37883,49.34705,2
60485,4.37911,49.34719,2
60486,4.37928,49.34709,2
60487,4.37932,49.34722,2
60488,4.37954,49.34724,2
60489,4.3795,49.34712,2
60490,4.37975,49.34726,2
60491,4.37996,49.34728,2
60492,4.38018,49.34731,2
60493,4.37995,49.34716,2
60494,4.38017,49.34719,2
60495,4.38039,49.34733,2
60496,4.3716,49.347467,2
60497,4.38061,49.34735,2
60498,4.38082,49.34737,2
60499,4.38085,49.34726,2
60500,4.38073,49.34761,2
60501,4.38182,49.34767,2
60502,4.38147,49.34751,2
60503,4.3811,49.34732,2
60504,4.37805,49.34775,2
60505,4.38127,49.3474,2
60506,4.38073,49.34761,2
60507,4.381722,49.346046,2
60508,4.38151,49.34595,2
60509,4.37874,49.34601,2
60510,4.37573,49.34668,2
60511,4.37578,49.34649,2
60512,4.37592,49.34666,2
60513,4.37599,49.34639,2
60514,4.37607,49.34611,2
60515,4.37615,49.34583,2
60516,4.37595,49.34589,2
60517,4.37601,49.3457,2
60518,4.37614,49.34531,2
60519,4.37656,49.3446,2
60520,4.37623,49.34507,2
60521,4.37633,49.34474,2
60522,4.37247,49.34721,2
60523,4.37623,49.34533,2
60524,4.37652,49.3441,2
60525,4.37375,49.34557,2
60526,4.37373,49.34546,2
60527,4.37125,49.34445,2
60528,4.37125,49.34445,2
60529,4.37043,49.34417,2
60530,4.37311,49.34299,2
60531,4.37506,49.34664,2
60532,4.37485,49.34662,2
60533,4.37502,49.34675,2
60534,4.37459,49.34671,2
60535,4.37481,49.34673,2
60536,4.37465,49.34659,2
60537,4.37424,49.34655,2
60538,4.37403,49.34653,2
60539,4.37459,49.34671,2
60540,4.37383,49.3465,2
60541,4.37337,49.3455,2
60542,4.37416,49.34666,2
60543,4.37394,49.34664,2
60544,4.37372,49.34661,2
60545,4.37362,49.34648,2
60546,4.37362,49.34648,2
60547,4.37342,49.34646,2
60548,4.37321,49.34644,2
60549,4.37311,49.34299,2
60550,4.37301,49.34642,2
60551,4.37329,49.34656,2
60552,4.37286,49.34652,2
60553,4.379621,49.345426,2
60554,4.37264,49.34649,2
60555,4.37219,49.34632,2
60556,4.37221,49.34644,2
60557,4.37199,49.34641,2
60558,4.37199,49.34629,2
60559,4.37178,49.34638,2
60560,4.37158,49.34624,2
60561,4.3732,49.34648,2
60562,4.3732,49.34648,2
60563,4.3732,49.34648,2
60564,4.37135,49.34633,2
60565,4.37087,49.34666,2
60566,4.37623,49.34533,2
60567,4.36964,49.34774,2
60568,4.37084,49.34616,2
60569,4.37081,49.34627,2
60570,4.37011,49.34619,2
60571,4.37137,49.34621,2
60572,4.37015,49.34607,2
60573,4.37191,49.34714,2
60574,4.37247,49.34721,2
60575,4.373,49.34733,2
60576,4.3741,49.34753,2
60577,4.3752,49.34773,2
60578,4.37549,49.34769,2
60579,4.37537,49.34781,2
60580,4.3753,49.34802,2
60581,4.37515,49.34903,2
60582,4.37549,49.34769,2
60583,4.37515,49.34903,2
60584,4.37523,49.34822,2
60585,4.37529,49.34858,2
60586,4.37477,49.35034,2
60587,4.37465,49.35011,2
60588,4.37549,49.34769,2
60589,4.37337,49.3455,2
60590,4.37783,49.34907,2
60591,4.37606,49.3476,2
60592,4.37705,49.34758,2
60593,4.37636,49.34763,2
60594,4.37726,49.34772,2
60595,4.37926,49.34782,2
60596,4.37816,49.34782,2
60597,4.37846,49.34785,2
60598,4.37875,49.34788,2
60599,4.37905,49.34792,2
60600,4.381583,49.346687,2
60601,4.37935,49.34795,2
60602,4.37056,49.34631,2
60603,4.37995,49.34801,2
60604,4.37043,49.34417,2
60605,4.37043,49.34417,2
60606,4.37043,49.34417,2
60607,4.37043,49.34417,2
60608,4.37043,49.34417,2
60609,4.37043,49.34417,2
60610,4.37043,49.34417,2
60611,4.37043,49.34417,2
60612,4.37043,49.34417,2
60613,4.37043,49.34417,2
60614,4.37043,49.34417,2
60615,4.37043,49.34417,2
60616,4.37043,49.34417,2
60617,4.37035,49.34424,2
60618,4.37043,49.34417,2
60619,4.37125,49.34445,2
60620,4.37043,49.34417,2
60621,4.37043,49.34417,2
60622,4.370029,49.343576,2
60623,4.37043,49.34417,2
60624,4.37043,49.34417,2
60625,4.37043,49.34417,2
60626,4.37043,49.34417,2
60627,4.37053,49.34423,2
60628,4.37043,49.34417,2
60629,4.382709,49.345967,2
60630,4.37084,49.34616,2
60631,4.371511,49.347298,2
60632,4.382134,49.346022,2
60633,4.3716,49.347467,2
60634,4.3716,49.347467,2
60635,4.37816,49.34782,2
60636,4.37816,49.34782,2
60637,4.37549,49.34769,2
60638,4.37337,49.34792,2
60639,4.382709,49.345967,2
60640,4.38159,49.34764,2
60641,4.37549,49.34769,2
60642,4.373541,49.350625,2
60643,4.382272,49.345696,2
60644,4.37329,49.34794,2
60645,4.37311,49.34299,2
60646,4.382706,49.345877,2
60647,4.37043,49.34417,2
60648,4.37043,49.34417,2
60649,4.37623,49.34533,2
60650,4.37437,49.34668,2
60651,4.37311,49.34299,2
60652,4.37311,49.34299,2
60653,4.37311,49.34299,2
60654,4.37311,49.34299,2
60655,4.37311,49.34299,2
60656,4.37311,49.34299,2
60657,4.37311,49.34299,2
60658,4.37311,49.34299,2
60659,4.37311,49.34299,2
60660,4.37311,49.34299,2
60661,4.37311,49.34299,2
60662,4.37311,49.34299,2
60663,4.37311,49.34299,2
60664,4.37311,49.34299,2
60665,4.38151,49.34595,2
60666,4.37592,49.34675,2
60667,4.37615,49.34677,2
60668,4.37653,49.34693,2
60669,4.37682,49.34684,2
60670,4.37704,49.34686,2
60671,4.37761,49.34704,2
60672,4.37771,49.34693,2
60673,4.37794,49.34695,2
60674,4.37794,49.34695,2
60675,4.37803,49.34708,2
60676,4.37838,49.347,2
60677,4.37889,49.34717,2
60678,4.37906,49.34707,2
60679,4.37973,49.34714,2
60680,4.3804,49.34721,2
60681,4.38073,49.34761,2
60682,4.38151,49.34595,2
60683,4.38151,49.34595,2
60684,4.37573,49.34668,2
60685,4.37573,49.34668,2
60686,4.37607,49.3455,2
60687,4.37607,49.3455,2
60688,4.37337,49.3455,2
60689,4.37125,49.34445,2
60690,4.37362,49.34648,2
60691,4.37351,49.34659,2
60692,4.37156,49.34707,2
60693,4.37307,49.34654,2
60694,4.37239,49.34634,2
60695,4.37156,49.34636,2
60696,4.37178,49.34627,2
60697,4.37137,49.34621,2
60698,4.36983,49.34761,2
60699,4.37056,49.34631,2
60700,4.37056,49.34631,2
60701,4.37556,49.34716,2
60702,4.3754,49.34768,2
60703,4.37497,49.34901,2
60704,4.375037,49.35192,2
60705,4.38151,49.34595,2
60706,4.37549,49.34769,2
60707,4.37549,49.34769,2
60708,4.37666,49.34766,2
60709,4.37696,49.34769,2
60710,4.37756,49.34776,2
60711,4.37506,49.34664,2
60712,4.38025,49.34802,2
60713,4.38159,49.34764,2
60714,4.823846,49.508567,2
60715,4.82546,49.5056,2
60716,4.82671,49.50583,2
60717,4.82619,49.50389,2
60718,4.82546,49.5056,2
60719,4.82554,49.50468,2
60720,4.82671,49.50583,2
60721,4.82546,49.5056,2
60722,4.82546,49.5056,2
60723,4.83035,49.50628,2
60724,4.82559,49.50434,2
60725,4.82559,49.50434,2
60726,4.82559,49.50434,2
60727,4.82559,49.50434,2
60728,4.82559,49.50434,2
60729,4.82559,49.50434,2
60730,4.82559,49.50434,2
60731,4.82559,49.50434,2
60732,4.82559,49.50434,2
60733,4.82559,49.50434,2
60734,4.838497,49.509315,2
60735,4.82554,49.50468,2
60736,4.82559,49.50434,2
60737,4.82559,49.50434,2
60738,4.82559,49.50434,2
60739,4.82559,49.50434,2
60740,4.82559,49.50434,2
60741,4.82559,49.50434,2
60742,4.82559,49.50434,2
60743,4.82559,49.50434,2
60744,4.82559,49.50434,2
60745,4.82559,49.50434,2
60746,4.82559,49.50434,2
60747,4.82559,49.50434,2
60748,4.82559,49.50434,2
60749,4.82559,49.50434,2
60750,4.82559,49.50434,2
60751,4.82559,49.50434,2
60752,4.82559,49.50434,2
60753,4.82559,49.50434,2
60754,4.92891,49.70055,2
60755,4.92891,49.70055,2
60756,4.92891,49.70055,2
60757,4.92891,49.70055,2
60758,4.92918,49.6998,2
60759,4.92891,49.70055,2
60760,4.92925,49.69969,2
60761,4.92881,49.7007,2
60762,4.92931,49.69992,2
60763,4.92931,49.69992,2
60764,4.92881,49.7007,2
60765,4.92953,49.69988,2
60766,4.92881,49.7007,2
60767,4.92951,49.69992,2
60768,4.92881,49.7007,2
60769,4.93058,49.70079,2
60770,4.92881,49.7007,2
60771,4.93028,49.70069,2
60772,4.93014,49.70063,2
60773,4.92881,49.7007,2
60774,4.92984,49.70053,2
60775,4.92881,49.7007,2
60776,4.92918,49.70042,2
60777,4.93055,49.70101,2
60778,4.92881,49.7007,2
60779,4.92992,49.70158,2
60780,4.93027,49.70159,2
60781,4.92881,49.7007,2
60782,4.92981,49.70138,2
60783,4.92977,49.70167,2
60784,4.92881,49.7007,2
60785,4.92941,49.70197,2
60786,4.92965,49.70242,2
60787,4.92977,49.70167,2
60788,4.93082,49.70304,2
60789,4.92977,49.70167,2
60790,4.93082,49.70304,2
60791,4.92977,49.70167,2
60792,4.92953,49.70187,2
60793,4.92941,49.70197,2
60794,4.92941,49.70197,2
60795,4.92941,49.70197,2
60796,4.92941,49.70197,2
60797,4.92941,49.70197,2
60798,4.92941,49.70197,2
60799,4.92941,49.70197,2
60800,4.9293,49.70207,2
60801,4.9293,49.70207,2
60802,4.9293,49.70207,2
60803,4.92939,49.7018,2
60804,4.92911,49.70203,2
60805,4.92918,49.70217,2
60806,4.92921,49.70219,2
60807,4.92921,49.70219,2
60808,4.92921,49.70219,2
60809,4.92921,49.70219,2
60810,4.92943,49.70231,2
60811,4.92965,49.70242,2
60812,4.92965,49.70242,2
60813,4.92965,49.70242,2
60814,4.92965,49.70242,2
60815,4.93026,49.70274,2
60816,4.93058,49.70079,2
60817,4.93028,49.70069,2
60818,4.93029,49.70082,2
60819,4.929,49.70039,2
60820,4.929,49.70039,2
60821,4.92891,49.70055,2
60822,4.92881,49.7007,2
60823,4.92965,49.70177,2
60824,4.93014,49.70063,2
60825,4.92918,49.6998,2
60826,4.92918,49.6998,2
60827,4.92918,49.6998,2
60828,4.92918,49.6998,2
60829,4.92936,49.69984,2
60830,4.92925,49.69969,2
60831,4.92943,49.69973,2
60832,4.92943,49.69973,2
60833,4.92925,49.69969,2
60834,4.92925,49.69969,2
60835,4.92925,49.69969,2
60836,4.92931,49.69992,2
60837,4.92928,49.70027,2
60838,4.92931,49.69992,2
60839,4.92931,49.69992,2
60840,4.92931,49.69992,2
60841,4.92931,49.69992,2
60842,4.92931,49.69992,2
60843,4.92931,49.69992,2
60844,4.92853,49.70137,2
60845,4.92914,49.70018,2
60846,4.92907,49.70025,2
60847,4.92951,49.69992,2
60848,4.92951,49.69992,2
60849,4.92951,49.69992,2
60850,4.92939,49.70009,2
60851,4.92939,49.70009,2
60852,4.92939,49.70009,2
60853,4.92937,49.70049,2
60854,4.92939,49.70009,2
60855,4.92939,49.70009,2
60856,4.92939,49.70009,2
60857,4.92939,49.70009,2
60858,4.92939,49.70009,2
60859,4.92969,49.69992,2
60860,4.92969,49.69992,2
60861,4.92969,49.69992,2
60862,4.92969,49.69992,2
60863,4.92969,49.69992,2
60864,4.92969,49.69992,2
60865,4.92969,49.69992,2
60866,4.92969,49.69992,2
60867,4.92985,49.69996,2
60868,4.92985,49.69996,2
60869,4.92893,49.70111,2
60870,4.92985,49.69996,2
60871,4.92985,49.69996,2
60872,4.92985,49.69996,2
60873,4.93002,49.70001,2
60874,4.93002,49.70001,2
60875,4.93002,49.70001,2
60876,4.93002,49.70001,2
60877,4.93021,49.70006,2
60878,4.93021,49.70006,2
60879,4.93021,49.70006,2
60880,4.93021,49.70006,2
60881,4.93021,49.70006,2
60882,4.93021,49.70006,2
60883,4.93021,49.70006,2
60884,4.93021,49.70006,2
60885,4.93044,49.70011,2
60886,4.93082,49.70069,2
60887,4.93091,49.70056,2
60888,4.93099,49.70042,2
60889,4.93099,49.70042,2
60890,4.93099,49.70042,2
60891,4.93079,49.70043,2
60892,4.93069,49.70059,2
60893,4.93058,49.70079,2
60894,4.93058,49.70079,2
60895,4.93058,49.70079,2
60896,4.93058,49.70079,2
60897,4.93043,49.70074,2
60898,4.93043,49.70074,2
60899,4.93043,49.70074,2
60900,4.93043,49.70074,2
60901,4.93028,49.70069,2
60902,4.93028,49.70069,2
60903,4.93014,49.70063,2
60904,4.93014,49.70063,2
60905,4.92999,49.70058,2
60906,4.92999,49.70058,2
60907,4.92999,49.70058,2
60908,4.93014,49.70063,2
60909,4.92984,49.70053,2
60910,4.92984,49.70053,2
60911,4.92984,49.70053,2
60912,4.92984,49.70053,2
60913,4.92955,49.70042,2
60914,4.9294,49.70037,2
60915,4.92866,49.70013,2
60916,4.92866,49.70013,2
60917,4.92866,49.70013,2
60918,4.92866,49.70013,2
60919,4.92866,49.70013,2
60920,4.92866,49.70013,2
60921,4.92826,49.7,2
60922,4.92955,49.70055,2
60923,4.92955,49.70055,2
60924,4.92973,49.70062,2
60925,4.92992,49.70069,2
60926,4.93029,49.70082,2
60927,4.93029,49.70082,2
60928,4.93029,49.70082,2
60929,4.92918,49.70042,2
60930,4.93029,49.70082,2
60931,4.93029,49.70082,2
60932,4.93029,49.70082,2
60933,4.93029,49.70082,2
60934,4.93029,49.70082,2
60935,4.93047,49.70088,2
60936,4.93055,49.70101,2
60937,4.93055,49.70101,2
60938,4.93055,49.70101,2
60939,4.93055,49.70101,2
60940,4.93055,49.70101,2
60941,4.93055,49.70101,2
60942,4.93055,49.70101,2
60943,4.93023,49.70109,2
60944,4.93023,49.70109,2
60945,4.93023,49.70109,2
60946,4.93023,49.70109,2
60947,4.93023,49.70109,2
60948,4.93023,49.70109,2
60949,4.93023,49.70109,2
60950,4.93023,49.70109,2
60951,4.93023,49.70109,2
60952,4.93023,49.70109,2
60953,4.92998,49.7013,2
60954,4.93011,49.70119,2
60955,4.93031,49.70121,2
60956,4.93006,49.70142,2
60957,4.93096,49.7019,2
60958,4.93051,49.70184,2
60959,4.93071,49.70193,2
60960,4.93031,49.70175,2
60961,4.93012,49.70166,2
60962,4.92992,49.70158,2
60963,4.92992,49.70158,2
60964,4.92992,49.70158,2
60965,4.92992,49.70158,2
60966,4.92992,49.70158,2
60967,4.93027,49.70159,2
60968,4.93027,49.70159,2
60969,4.93027,49.70159,2
60970,4.93027,49.70159,2
60971,4.92981,49.70138,2
60972,4.92981,49.70138,2
60973,4.92981,49.70138,2
60974,4.92958,49.70142,2
60975,4.92926,49.70127,2
60976,4.92936,49.70117,2
60977,4.92909,49.70119,2
60978,4.92877,49.70104,2
60979,4.92914,49.70107,2
60980,4.92891,49.70096,2
60981,4.92865,49.70128,2
60982,4.929,49.70039,2
60983,4.929,49.70039,2
60984,4.929,49.70039,2
60985,4.929,49.70039,2
60986,4.929,49.70039,2
60987,4.929,49.70039,2
60988,4.929,49.70039,2
60989,4.929,49.70039,2
60990,4.929,49.70039,2
60991,4.929,49.70039,2
60992,4.92891,49.70055,2
60993,4.92891,49.70055,2
60994,4.92891,49.70055,2
60995,4.92891,49.70055,2
60996,4.92891,49.70055,2
60997,4.90529,49.69152,2
60998,4.905357,49.694505,2
60999,4.905371,49.694505,2
61000,4.9063,49.69323,2
61001,4.9063,49.69323,2
61002,4.90245,49.68482,2
61003,4.90487,49.68733,2
61004,4.90085,49.6899,2
61005,4.90435,49.68791,2
61006,4.902756,49.689609,2
61007,4.9063,49.69323,2
61008,4.90204,49.68913,2
61009,4.90204,49.68913,2
61010,4.90234,49.68905,2
61011,4.90249,49.68901,2
61012,4.90265,49.68899,2
61013,4.90283,49.68941,2
61014,4.90271,49.6895,2
61015,4.90234,49.68959,2
61016,4.90198,49.68968,2
61017,4.9014,49.68972,2
61018,4.90124,49.68961,2
61019,4.90107,49.6895,2
61020,4.90091,49.68939,2
61021,4.90043,49.689,2
61022,4.90056,49.68887,2
61023,4.90069,49.68874,2
61024,4.90019,49.68895,2
61025,4.89993,49.68899,2
61026,4.89967,49.68905,2
61027,4.89942,49.6891,2
61028,4.89916,49.68916,2
61029,4.89893,49.68911,2
61030,4.8987,49.68901,2
61031,4.89847,49.68892,2
61032,4.89824,49.68883,2
61033,4.89821,49.68895,2
61034,4.89856,49.68909,2
61035,4.89891,49.68923,2
61036,4.89929,49.68925,2
61037,4.89968,49.68917,2
61038,4.90007,49.68909,2
61039,4.90033,49.68915,2
61040,4.90056,49.68931,2
61041,4.90078,49.68947,2
61042,4.90101,49.68962,2
61043,4.90123,49.68978,2
61044,4.90121,49.68979,2
61045,4.90085,49.68985,2
61046,4.9003,49.6901,2
61047,4.90041,49.6903,2
61048,4.90076,49.69032,2
61049,4.90063,49.69029,2
61050,4.90087,49.69024,2
61051,4.90121,49.69031,2
61052,4.90144,49.69048,2
61053,4.90168,49.69065,2
61054,4.90191,49.69082,2
61055,4.90199,49.69104,2
61056,4.90179,49.69099,2
61057,4.90151,49.6907,2
61058,4.90114,49.69044,2
61059,4.90093,49.69035,2
61060,4.90069,49.6904,2
61061,4.90055,49.6905,2
61062,4.90073,49.69067,2
61063,4.90096,49.6908,2
61064,4.90245,49.68482,2
61065,4.90122,49.69092,2
61066,4.90148,49.69104,2
61067,4.90786,49.68906,2
61068,4.90509,49.69108,2
61069,4.9063,49.69323,2
61070,4.90651,49.69247,2
61071,4.90638,49.69238,2
61072,4.90625,49.69229,2
61073,4.90625,49.69229,2
61074,4.90612,49.6922,2
61075,4.90599,49.69211,2
61076,4.90586,49.69202,2
61077,4.90575,49.69192,2
61078,4.90563,49.69182,2
61079,4.90552,49.69172,2
61080,4.9054,49.69162,2
61081,4.90529,49.69152,2
61082,4.90175,49.69115,2
61083,4.90186,49.69125,2
61084,4.90186,49.69125,2
61085,4.90186,49.69125,2
61086,4.9019,49.69141,2
61087,4.9019,49.69141,2
61088,4.9019,49.69141,2
61089,4.90128,49.69081,2
61090,4.90141,49.69086,2
61091,4.90154,49.69092,2
61092,4.90166,49.69097,2
61093,4.90194,49.69157,2
61094,4.90202,49.69173,2
61095,4.90217,49.69186,2
61096,4.90233,49.69199,2
61097,4.90248,49.69211,2
61098,4.90264,49.69224,2
61099,4.9063,49.69323,2
61100,4.902756,49.689609,2
61101,4.90509,49.69108,2
61102,4.90295,49.6925,2
61103,4.91975,49.69737,2
61104,4.9031,49.69263,2
61105,4.90324,49.69274,2
61106,4.90338,49.69285,2
61107,4.90352,49.69297,2
61108,4.90366,49.69308,2
61109,4.90353,49.69354,2
61110,4.90353,49.69354,2
61111,4.90353,49.69354,2
61112,4.90353,49.69354,2
61113,4.90353,49.69354,2
61114,4.90353,49.69354,2
61115,4.90353,49.69354,2
61116,4.90353,49.69354,2
61117,4.90353,49.69354,2
61118,4.90353,49.69354,2
61119,4.90353,49.69354,2
61120,4.90353,49.69354,2
61121,4.90353,49.69354,2
61122,4.90353,49.69354,2
61123,4.90353,49.69354,2
61124,4.9038,49.6932,2
61125,4.90394,49.69331,2
61126,4.90408,49.69343,2
61127,4.90408,49.69343,2
61128,4.90422,49.69354,2
61129,4.90422,49.69354,2
61130,4.90249,49.69203,2
61131,4.90249,49.69203,2
61132,4.90249,49.69203,2
61133,4.90425,49.69339,2
61134,4.90382,49.69303,2
61135,4.90338,49.69267,2
61136,4.90457,49.69077,2
61137,4.90457,49.68839,2
61138,4.90457,49.69077,2
61139,4.90457,49.69077,2
61140,4.90415,49.68731,2
61141,4.90457,49.69077,2
61142,4.90412,49.68714,2
61143,4.90457,49.69077,2
61144,4.90457,49.69077,2
61145,4.90429,49.68707,2
61146,4.90415,49.69075,2
61147,4.9041,49.69063,2
61148,4.90404,49.6905,2
61149,4.90398,49.69038,2
61150,4.90386,49.69028,2
61151,4.90372,49.69019,2
61152,4.90285,49.69335,2
61153,4.90372,49.69007,2
61154,4.90374,49.68996,2
61155,4.90373,49.68986,2
61156,4.90372,49.68975,2
61157,4.9037,49.68965,2
61158,4.90388,49.68953,2
61159,4.90428,49.68949,2
61160,4.90408,49.68951,2
61161,4.9039,49.68964,2
61162,4.90509,49.69108,2
61163,4.90388,49.69013,2
61164,4.9041,49.69028,2
61165,4.90421,49.69047,2
61166,4.9043,49.69068,2
61167,4.90608,49.68862,2
61168,4.90608,49.68862,2
61169,4.90572,49.68872,2
61170,4.90447,49.68897,2
61171,4.90536,49.68882,2
61172,4.90536,49.68882,2
61173,4.90509,49.69108,2
61174,4.90438,49.68831,2
61175,4.90509,49.69108,2
61176,4.90457,49.68839,2
61177,4.90438,49.68831,2
61178,4.90379,49.68831,2
61179,4.90339,49.68846,2
61180,4.90299,49.68861,2
61181,4.9063,49.69323,2
61182,4.90262,49.68877,2
61183,4.90232,49.68736,2
61184,4.90265,49.68902,2
61185,4.9063,49.69323,2
61186,4.90085,49.6899,2
61187,4.90085,49.6899,2
61188,4.90085,49.6899,2
61189,4.90085,49.6899,2
61190,4.90085,49.6899,2
61191,4.90085,49.6899,2
61192,4.90085,49.6899,2
61193,4.94626,49.70288,2
61194,4.90085,49.6899,2
61195,4.90435,49.68791,2
61196,4.90085,49.6899,2
61197,4.90085,49.6899,2
61198,4.9053,49.69445,2
61199,4.90508,49.6944,2
61200,4.9063,49.69323,2
61201,4.903681,49.694235,2
61202,4.903135,49.694121,2
61203,4.9063,49.69323,2
61204,4.90072,49.69337,2
61205,4.90206,49.69522,2
61206,4.90206,49.69522,2
61207,4.90167,49.69477,2
61208,4.90206,49.69522,2
61209,4.90072,49.69382,2
61210,4.90206,49.69522,2
61211,4.90206,49.69522,2
61212,4.90072,49.69337,2
61213,4.90072,49.69337,2
61214,4.90072,49.69337,2
61215,4.898635,49.689733,2
61216,4.89808,49.68954,2
61217,4.89808,49.68954,2
61218,4.89808,49.68954,2
61219,4.8971,49.68873,2
61220,4.89721,49.68849,2
61221,4.89736,49.68837,2
61222,4.89739,49.68846,2
61223,4.89742,49.68856,2
61224,4.89724,49.6888,2
61225,4.89862,49.68849,2
61226,4.8991,49.68837,2
61227,4.89951,49.68827,2
61228,4.89982,49.68816,2
61229,4.90012,49.68803,2
61230,4.90038,49.68789,2
61231,4.90051,49.68768,2
61232,4.90065,49.68747,2
61233,4.90736,49.69304,2
61234,4.900286,49.687308,2
61235,4.9063,49.69323,2
61236,4.900286,49.687308,2
61237,4.90076,49.68729,2
61238,4.90084,49.68713,2
61239,4.90093,49.68697,2
61240,4.90101,49.68682,2
61241,4.90109,49.68666,2
61242,4.90118,49.6865,2
61243,4.90143,49.68624,2
61244,4.9021,49.68631,2
61245,4.9063,49.69323,2
61246,4.9025,49.68544,2
61247,4.9022,49.68527,2
61248,4.90245,49.68482,2
61249,4.90226,49.68516,2
61250,4.90246,49.68527,2
61251,4.90267,49.68538,2
61252,4.90292,49.68526,2
61253,4.90292,49.68526,2
61254,4.90292,49.68526,2
61255,4.90292,49.68526,2
61256,4.90292,49.68526,2
61257,4.90292,49.68526,2
61258,4.90292,49.68526,2
61259,4.90412,49.68714,2
61260,4.90292,49.68526,2
61261,4.90249,49.68654,2
61262,4.94971,49.71053,2
61263,4.94938,49.71058,2
61264,4.94938,49.71058,2
61265,4.94938,49.71058,2
61266,4.90131,49.68659,2
61267,4.94938,49.71058,2
61268,4.94938,49.71058,2
61269,4.94938,49.71058,2
61270,4.94938,49.71058,2
61271,4.94938,49.71058,2
61272,4.94938,49.71058,2
61273,4.94938,49.71058,2
61274,4.94938,49.71058,2
61275,4.94938,49.71058,2
61276,4.94938,49.71058,2
61277,4.89871,49.68859,2
61278,4.90487,49.69429,2
61279,4.89959,49.69016,2
61280,4.9,49.69001,2
61281,4.902127,49.691698,2
61282,4.90192,49.69108,2
61283,4.90208,49.69141,2
61284,4.902558,49.692004,2
61285,4.90292,49.69229,2
61286,4.903992,49.693258,2
61287,4.90684,49.69314,2
61288,4.90249,49.69203,2
61289,4.90628,49.69317,2
61290,4.94393,49.70238,2
61291,4.903978,49.693249,2
61292,4.90402,49.69368,2
61293,4.90572,49.6932,2
61294,4.90331,49.69356,2
61295,4.90262,49.69341,2
61296,4.90487,49.69429,2
61297,4.9063,49.69323,2
61298,4.903036,49.693521,2
61299,4.90487,49.68733,2
61300,4.90487,49.68733,2
61301,4.90487,49.68733,2
61302,4.90487,49.68733,2
61303,4.90487,49.68733,2
61304,4.9058,49.68752,2
61305,4.90738,49.6854,2
61306,4.90591,49.68687,2
61307,4.90609,49.68661,2
61308,4.90618,49.68647,2
61309,4.90627,49.68634,2
61310,4.90639,49.68623,2
61311,4.90652,49.68611,2
61312,4.90665,49.68599,2
61313,4.90684,49.68585,2
61314,4.90711,49.68568,2
61315,4.90738,49.68551,2
61316,4.90761,49.68532,2
61317,4.90783,49.68512,2
61318,4.90804,49.68491,2
61319,4.90804,49.68491,2
61320,4.90846,49.68516,2
61321,4.90876,49.68538,2
61322,4.90906,49.68561,2
61323,4.90936,49.68583,2
61324,4.90968,49.68604,2
61325,4.91001,49.68626,2
61326,4.90992,49.68603,2
61327,4.90919,49.68553,2
61328,4.90849,49.685,2
61329,4.9085,49.6843,2
61330,4.91136,49.68103,2
61331,4.90804,49.68465,2
61332,4.90783,49.68447,2
61333,4.90762,49.68428,2
61334,4.90742,49.6841,2
61335,4.90721,49.68392,2
61336,4.91261,49.68797,2
61337,4.90787,49.68487,2
61338,4.90762,49.68511,2
61339,4.90737,49.68535,2
61340,4.90705,49.68555,2
61341,4.90674,49.68576,2
61342,4.90549,49.68554,2
61343,4.9063,49.69323,2
61344,4.90532,49.68698,2
61345,4.90507,49.68696,2
61346,4.90456,49.68693,2
61347,4.90487,49.68733,2
61348,4.90487,49.68733,2
61349,4.90487,49.68733,2
61350,4.90429,49.68707,2
61351,4.90448,49.68704,2
61352,4.90431,49.68691,2
61353,4.90397,49.68684,2
61354,4.90348,49.6867,2
61355,4.90348,49.6867,2
61356,4.90299,49.68656,2
61357,4.90344,49.68677,2
61358,4.90344,49.68677,2
61359,4.90273,49.68648,2
61360,4.9026,49.68657,2
61361,4.9026,49.68657,2
61362,4.90265,49.68659,2
61363,4.90344,49.68677,2
61364,4.90344,49.68677,2
61365,4.90344,49.68677,2
61366,4.90286,49.68665,2
61367,4.90322,49.68675,2
61368,4.90359,49.68686,2
61369,4.90396,49.68696,2
61370,4.90412,49.68714,2
61371,4.90415,49.68731,2
61372,4.9042,49.68755,2
61373,4.90487,49.68733,2
61374,4.90085,49.6899,2
61375,4.98461,49.49299,2
61376,4.98478,49.49356,2
61377,4.98517,49.49388,2
61378,4.98144,49.49227,2
61379,4.98504,49.49368,2
61380,4.98498,49.49358,2
61381,4.98236,49.49224,2
61382,4.98437,49.49276,2
61383,4.9807,49.49363,2
61384,4.98436,49.49163,2
61385,4.98431,49.4925,2
61386,4.98496,49.49128,2
61387,4.98448,49.49143,2
61388,4.98526,49.49408,2
61389,4.98452,49.49284,2
61390,4.98327,49.49292,2
61391,4.97975,49.49406,2
61392,4.98147,49.4922,2
61393,4.98048,49.49237,2
61394,4.98445,49.491291,2
61395,4.9848,49.49328,2
61396,4.98486,49.49338,2
61397,4.98089,49.4922,2
61398,4.98461,49.49103,2
61399,4.9831,49.49242,2
61400,4.98287,49.49335,2
61401,4.984158,49.492313,2
61402,4.98437,49.49276,2
61403,4.9823,49.49336,2
61404,4.98376,49.49263,2
61405,4.98445,49.491291,2
61406,4.98295,49.49229,2
61407,4.98532,49.49423,2
61408,4.981823,49.505603,2
61409,4.98182,49.49355,2
61410,4.98425,49.49198,2
61411,4.98437,49.49279,2
61412,4.98437,49.49279,2
61413,4.97931,49.4928,2
61414,4.98459,49.49108,2
61415,4.98478,49.49356,2
61416,4.9804,49.49242,2
61417,4.98147,49.4922,2
61418,4.98058,49.49241,2
61419,4.98429,49.49279,2
61420,4.98468,49.49309,2
61421,4.98496,49.49128,2
61422,4.98051,49.49287,2
61423,4.98242,49.49236,2
61424,4.98381,49.49316,2
61425,4.98057,49.49313,2
61426,4.98183,49.49359,2
61427,4.98276,49.49239,2
61428,4.98541,49.49444,2
61429,4.98552,49.49486,2
61430,4.98452,49.49284,2
61431,4.98439,49.49264,2
61432,4.98048,49.49237,2
61433,4.98043,49.49264,2
61434,4.98492,49.49348,2
61435,4.98147,49.4922,2
61436,4.98523,49.49397,2
61437,4.98511,49.49378,2
61438,4.98428,49.4924,2
61439,4.98182,49.49355,2
61440,4.97866,49.4928,2
61441,4.98123,49.4936,2
61442,4.98177,49.49348,2
61443,4.98186,49.49219,2
61444,4.98146,49.49216,2
61445,4.98182,49.49355,2
61446,4.98064,49.49338,2
61447,4.98421,49.49219,2
61448,4.93748,49.48568,2
61449,4.948515,49.49815,2
61450,4.93748,49.48568,2
61451,4.93389,49.48526,2
61452,4.93389,49.48526,2
61453,4.93389,49.48526,2
61454,4.93748,49.48568,2
61455,4.93748,49.48568,2
61456,4.93748,49.48568,2
61457,4.936047,49.486044,2
61458,4.93489,49.47194,2
61459,4.93705,49.48619,2
61460,4.93748,49.48568,2
61461,4.93748,49.48568,2
61462,4.94047,49.48748,2
61463,4.94047,49.48748,2
61464,4.93389,49.48526,2
61465,4.93748,49.48568,2
61466,4.94047,49.48748,2
61467,4.93748,49.48568,2
61468,4.94047,49.48748,2
61469,4.93705,49.48619,2
61470,4.93389,49.48526,2
61471,4.93705,49.48619,2
61472,4.93748,49.48568,2
61473,4.93789,49.486741,2
61474,4.93705,49.48619,2
61475,4.93748,49.48568,2
61476,4.93267,49.481201,2
61477,4.93748,49.48568,2
61478,4.93748,49.48568,2
61479,4.93581,49.485438,2
61480,4.93748,49.48568,2
61481,4.93389,49.48526,2
61482,4.93758,49.486613,2
61483,4.94047,49.48748,2
61484,4.94051,49.48684,2
61485,4.93748,49.48568,2
61486,4.93649,49.48481,2
61487,4.94047,49.48748,2
61488,4.93649,49.48481,2
61489,4.94047,49.48748,2
61490,4.93649,49.48481,2
61491,4.93389,49.48526,2
61492,4.936326,49.486092,2
61493,4.96071,49.50734,2
61494,4.93389,49.48526,2
61495,4.93649,49.48481,2
61496,4.938772,49.485904,2
61497,4.93748,49.48568,2
61498,4.93389,49.48526,2
61499,4.935411,49.46971,2
61500,4.93649,49.48481,2
61501,4.93649,49.48481,2
61502,4.93649,49.48481,2
61503,4.93649,49.48481,2
61504,4.94047,49.48748,2
61505,4.935411,49.46971,2
61506,4.93649,49.48481,2
61507,4.93649,49.48481,2
61508,4.93748,49.48568,2
61509,4.93748,49.48568,2
61510,4.93748,49.48568,2
61511,4.93686,49.486287,2
61512,4.9611,49.5117,2
61513,4.93649,49.48481,2
61514,4.93649,49.48481,2
61515,4.93649,49.48481,2
61516,4.93649,49.48481,2
61517,4.93649,49.48481,2
61518,4.93748,49.48568,2
61519,4.93649,49.48481,2
61520,4.93649,49.48481,2
61521,4.93649,49.48481,2
61522,4.93649,49.48481,2
61523,4.93649,49.48481,2
61524,4.93649,49.48481,2
61525,4.93649,49.48481,2
61526,4.960806,49.511005,2
61527,4.924103,49.470528,2
61528,4.938772,49.485904,2
61529,4.93649,49.48481,2
61530,4.93649,49.48481,2
61531,4.94051,49.48684,2
61532,4.93407,49.48532,2
61533,4.939872,49.486114,2
61534,4.93489,49.47194,2
61535,4.93649,49.48481,2
61536,4.70098,49.77564,2
61537,4.7072,49.77463,2
61538,4.7146,49.77612,2
61539,4.70036,49.7758,2
61540,4.70387,49.77405,2
61541,4.7049,49.77684,2
61542,4.71043,49.77598,2
61543,4.71038,49.77587,2
61544,4.7088,49.77537,2
61545,4.7088,49.77537,2
61546,4.70781,49.77491,2
61547,4.70908,49.77124,2
61548,4.70501,49.77367,2
61549,4.709,49.77355,2
61550,4.70845,49.77404,2
61551,4.70036,49.7758,2
61552,4.70514,49.77345,2
61553,4.70514,49.77345,2
61554,4.70803,49.77516,2
61555,4.70803,49.77516,2
61556,4.70803,49.77516,2
61557,4.70787,49.77508,2
61558,4.70771,49.775,2
61559,4.70771,49.775,2
61560,4.7075,49.77491,2
61561,4.70819,49.77523,2
61562,4.7117,49.77562,2
61563,4.7117,49.77562,2
61564,4.70573,49.77405,2
61565,4.70958,49.77129,2
61566,4.70958,49.77129,2
61567,4.70591,49.77306,2
61568,4.70958,49.77129,2
61569,4.70501,49.77367,2
61570,4.70958,49.77129,2
61571,4.70591,49.77306,2
61572,4.70387,49.77592,2
61573,4.70441,49.77527,2
61574,4.70098,49.77564,2
61575,4.70098,49.77564,2
61576,4.70098,49.77564,2
61577,4.70098,49.77564,2
61578,4.70098,49.77564,2
61579,4.70098,49.77564,2
61580,4.70098,49.77564,2
61581,4.70098,49.77564,2
61582,4.70098,49.77564,2
61583,4.70098,49.77564,2
61584,4.70098,49.77564,2
61585,4.70098,49.77564,2
61586,4.70098,49.77564,2
61587,4.70098,49.77564,2
61588,4.70098,49.77564,2
61589,4.7075,49.77491,2
61590,4.79134,49.70448,2
61591,4.78523,49.71463,2
61592,4.791355,49.699501,2
61593,4.791355,49.699501,2
61594,4.792363,49.699148,2
61595,4.791355,49.699501,2
61596,4.79116,49.7009,2
61597,4.79118,49.70058,2
61598,4.79189,49.70011,2
61599,4.79587,49.70146,2
61600,4.791355,49.699492,2
61601,4.79118,49.70058,2
61602,4.79323,49.69844,2
61603,4.79596,49.70148,2
61604,4.79994,49.69774,2
61605,4.80288,49.69743,2
61606,4.79323,49.69844,2
61607,4.79176,49.70381,2
61608,4.8025,49.69698,2
61609,4.63908,49.94156,2
61610,4.64211,49.94261,2
61611,4.64211,49.94261,2
61612,4.64776,49.94294,2
61613,4.6409,49.94186,2
61614,4.64077,49.94364,2
61615,4.63898,49.94147,2
61616,4.63915,49.94166,2
61617,4.63974,49.94166,2
61618,4.64009,49.94169,2
61619,4.6394,49.94175,2
61620,4.64197,49.94164,2
61621,4.63882,49.94155,2
61622,4.268971,49.80673,2
61623,4.26321,49.80488,2
61624,4.265655,49.807115,2
61625,4.26637,49.80773,2
61626,4.264705,49.808782,2
61627,4.26321,49.80488,2
61628,4.263883,49.809424,2
61629,4.26637,49.80773,2
61630,4.261712,49.811111,2
61631,4.256985,49.81274,2
61632,4.257247,49.812682,2
61633,4.26321,49.80488,2
61634,4.26143,49.80684,2
61635,4.26143,49.80684,2
61636,4.28981,49.81005,2
61637,4.26691,49.808352,2
61638,4.267678,49.809211,2
61639,4.265734,49.808092,2
61640,4.26628,49.80778,2
61641,4.26637,49.80773,2
61642,4.26637,49.80773,2
61643,4.26637,49.80773,2
61644,4.878437,49.459304,2
61645,4.88065,49.45949,2
61646,4.88065,49.45949,2
61647,4.879281,49.458261,2
61648,4.879362,49.463212,2
61649,4.879362,49.463212,2
61650,4.87905,49.45856,2
61651,4.879362,49.463212,2
61652,4.38159,49.34764,2
61653,4.3759,49.34609,2
61654,4.37623,49.34533,2
61655,4.37623,49.34533,2
61656,4.3759,49.34609,2
61657,4.3732,49.34648,2
61658,4.3732,49.34648,2
61659,4.3732,49.34648,2
61660,4.37156,49.34707,2
61661,4.37549,49.34769,2
61662,4.37783,49.34907,2
61663,4.37805,49.34775,2
61664,4.37805,49.34775,2
61665,4.37043,49.34417,2
61666,4.3732,49.34648,2
61667,4.3732,49.34648,2
61668,4.37623,49.34533,2
61669,4.37816,49.34698,2
61670,4.38082,49.34737,2
61671,4.828269,49.505887,2
61672,4.838497,49.509315,2
61673,4.82554,49.50468,2
61674,4.82559,49.50434,2
61675,4.868589,49.515859,2
61676,4.82559,49.50434,2
61677,4.82559,49.50434,2
61678,4.92939,49.70009,2
61679,4.93002,49.70001,2
61680,4.92866,49.70013,2
61681,4.92959,49.70128,2
61682,4.93078,49.70308,2
61683,4.90509,49.69108,2
61684,4.9063,49.69323,2
61685,4.91261,49.68797,2
61686,4.94648,49.69995,2
61687,4.90249,49.69203,2
61688,4.90487,49.69429,2
61689,4.90085,49.6899,2
61690,4.90353,49.69354,2
61691,4.9063,49.69323,2
61692,4.90509,49.69108,2
61693,4.9063,49.69323,2
61694,4.94938,49.71058,2
61695,4.90292,49.68526,2
61696,4.90552,49.68702,2
61697,4.90487,49.68733,2
61698,4.90738,49.6854,2
61699,4.9063,49.69323,2
61700,4.90249,49.69203,2
61701,4.90487,49.69429,2
61702,4.98182,49.49355,2
61703,4.992021,49.484304,2
61704,4.98147,49.4922,2
61705,4.985386,49.494713,2
61706,4.98421,49.49219,2
61707,4.98182,49.49355,2
61708,4.98182,49.49355,2
61709,4.98048,49.49237,2
61710,4.93389,49.48526,2
61711,4.93748,49.48568,2
61712,4.93748,49.48568,2
61713,4.93389,49.48526,2
61714,4.936803,49.486252,2
61715,4.93649,49.48481,2
