"ID","Longitude","Latitude","ServiceTime (min)"
105774,4.11437,49.74248,2
105775,4.11437,49.74248,2
105776,4.118124,49.740809,2
105777,4.11835,49.74091,2
105778,4.11651,49.7411,2
105779,4.11848,49.73887,2
105780,4.11521,49.74157,2
105781,4.113635,49.745609,2
105782,4.11714,49.74105,2
105783,4.11681,49.73899,2
105784,4.12873,49.73999,2
105785,4.12873,49.73999,2
105786,4.13289,49.74692,2
105787,4.13289,49.74692,2
105788,4.13289,49.74692,2
105789,4.12873,49.73999,2
105790,4.11997,49.74108,2
105791,4.11904,49.74058,2
105792,4.11835,49.74091,2
105793,4.11886,49.74016,2
105794,4.11849,49.73981,2
105795,4.11794,49.73955,2
105796,4.12796,49.73975,2
105797,4.12678,49.7396,2
105798,4.12492,49.73915,2
105799,4.123,49.73886,2
105800,4.12554,49.73916,2
105801,4.12702,49.73954,2
105802,4.12401,49.73886,2
105803,4.12243,49.73873,2
105804,4.11437,49.74248,2
105805,4.11437,49.74248,2
105806,4.11714,49.74105,2
105807,4.11437,49.74248,2
105808,4.11809,49.73976,2
105809,4.11764,49.73984,2
105810,4.118604,49.739859,2
105811,4.11437,49.74248,2
105812,4.11437,49.74248,2
105813,4.11714,49.74105,2
105814,4.11437,49.74248,2
105815,4.11437,49.74248,2
105816,4.11437,49.74248,2
105817,4.11437,49.74248,2
105818,4.11437,49.74248,2
105819,4.11437,49.74248,2
105820,4.11437,49.74248,2
105821,4.114902,49.741818,2
105822,4.11437,49.74248,2
105823,4.114671,49.741139,2
105824,4.11453,49.74218,2
105825,4.11485,49.74205,2
105826,4.12164,49.73482,2
105827,4.11402,49.74276,2
105828,4.11361,49.74337,2
105829,4.11444,49.74251,2
105830,4.121891,49.729239,2
105831,4.121891,49.729239,2
105832,4.11564,49.741097,2
105833,4.130632,49.739404,2
105834,4.11886,49.74016,2
105835,4.1188,49.74044,2
105836,4.11848,49.73887,2
105837,4.11681,49.73899,2
105838,4.76378,49.86104,2
105839,4.75993,49.85935,2
105840,4.76027,49.8594,2
105841,4.76087,49.8598,2
105842,4.76024,49.85985,2
105843,4.76258,49.86261,2
105844,4.76056,49.85969,2
105845,4.76032,49.85975,2
105846,4.76316,49.86076,2
105847,4.76017,49.85995,2
105848,4.75974,49.85959,2
105849,4.75993,49.85935,2
105850,4.7616,49.85993,2
105851,4.7601,49.86005,2
105852,4.7616,49.85993,2
105853,4.7616,49.85993,2
105854,4.76002,49.86015,2
105855,4.75995,49.86025,2
105856,4.75995,49.86025,2
105857,4.76006,49.85983,2
105858,4.75987,49.86035,2
105859,4.7598,49.86017,2
105860,4.75965,49.8604,2
105861,4.75976,49.86046,2
105862,4.75956,49.86035,2
105863,4.75946,49.86031,2
105864,4.75936,49.86026,2
105865,4.75917,49.86017,2
105866,4.75907,49.86012,2
105867,4.75899,49.86006,2
105868,4.75892,49.86,2
105869,4.75892,49.86,2
105870,4.7588,49.85989,2
105871,4.75873,49.85986,2
105872,4.75873,49.85986,2
105873,4.75885,49.85994,2
105874,4.75907,49.85994,2
105875,4.75935,49.86011,2
105876,4.75965,49.86025,2
105877,4.75904,49.85983,2
105878,4.75933,49.85953,2
105879,4.75918,49.85968,2
105880,4.75923,49.85934,2
105881,4.75923,49.85934,2
105882,4.75893,49.85923,2
105883,4.75893,49.85923,2
105884,4.75926,49.85936,2
105885,4.75903,49.8593,2
105886,4.75862,49.85921,2
105887,4.75868,49.85922,2
105888,4.75897,49.85929,2
105889,4.75956,49.85923,2
105890,4.75976,49.85913,2
105891,4.75978,49.85914,2
105892,4.7585,49.85918,2
105893,4.75867,49.86313,2
105894,4.76206,49.86217,2
105895,4.76191,49.86238,2
105896,4.7617,49.86256,2
105897,4.76149,49.86274,2
105898,4.75725,49.86436,2
105899,4.76106,49.86311,2
105900,4.76016,49.86382,2
105901,4.76055,49.86389,2
105902,4.76042,49.86365,2
105903,4.75961,49.8642,2
105904,4.76101,49.86546,2
105905,4.76022,49.86509,2
105906,4.75973,49.86454,2
105907,4.75973,49.86395,2
105908,4.76042,49.86346,2
105909,4.76089,49.86306,2
105910,4.76136,49.86266,2
105911,4.76181,49.86225,2
105912,4.76181,49.86225,2
105913,4.760985,49.863033,2
105914,4.76042,49.86346,2
105915,4.7616,49.85993,2
105916,4.76139,49.86013,2
105917,4.76646,49.85153,2
105918,4.76089,49.86116,2
105919,4.75669,49.86306,2
105920,4.75713,49.86338,2
105921,4.75594,49.86309,2
105922,4.75777,49.86308,2
105923,4.75777,49.86308,2
105924,4.75777,49.86308,2
105925,4.75777,49.86308,2
105926,4.75777,49.86308,2
105927,4.75777,49.86308,2
105928,4.75777,49.86308,2
105929,4.75777,49.86308,2
105930,4.7598,49.86233,2
105931,4.75777,49.86308,2
105932,4.75777,49.86308,2
105933,4.75777,49.86308,2
105934,4.76234,49.8622,2
105935,4.76277,49.86258,2
105936,4.76146,49.86143,2
105937,4.76133,49.86131,2
105938,4.76171,49.86167,2
105939,4.76159,49.86155,2
105940,4.76188,49.86191,2
105941,4.76089,49.86116,2
105942,4.76195,49.86187,2
105943,4.7602,49.86058,2
105944,4.7607,49.86088,2
105945,4.76053,49.86078,2
105946,4.76119,49.86119,2
105947,4.76103,49.86109,2
105948,4.76086,49.86099,2
105949,4.76037,49.86068,2
105950,4.76149,49.86189,2
105951,4.76118,49.86218,2
105952,4.75777,49.86308,2
105953,4.76063,49.86192,2
105954,4.76068,49.86215,2
105955,4.76102,49.86224,2
105956,4.76089,49.86213,2
105957,4.76076,49.86203,2
105958,4.76078,49.86236,2
105959,4.76078,49.86236,2
105960,4.76063,49.86347,2
105961,4.76097,49.86241,2
105962,4.76097,49.86241,2
105963,4.76079,49.8625,2
105964,4.76061,49.86258,2
105965,4.76089,49.86116,2
105966,4.76042,49.86253,2
105967,4.76025,49.86275,2
105968,4.75965,49.86301,2
105969,4.76007,49.86283,2
105970,4.75943,49.86309,2
105971,4.75918,49.86311,2
105972,4.76043,49.86266,2
105973,4.75871,49.86301,2
105974,4.75842,49.86313,2
105975,4.750072,49.862944,2
105976,4.75777,49.86308,2
105977,4.76224,49.86231,2
105978,4.76089,49.86116,2
105979,4.75594,49.86309,2
105980,4.75777,49.86308,2
105981,4.75226,49.86271,2
105982,4.759571,49.863986,2
105983,4.75987,49.86292,2
105984,4.75594,49.86309,2
105985,4.75089,49.86372,2
105986,4.76042,49.86346,2
105987,4.75072,49.86313,2
105988,4.76241,49.86246,2
105989,4.76258,49.86261,2
105990,4.76275,49.86276,2
105991,4.76328,49.8632,2
105992,4.7635,49.86342,2
105993,4.76329,49.86247,2
105994,4.76329,49.86247,2
105995,4.75725,49.86436,2
105996,4.7632,49.86269,2
105997,4.76313,49.86238,2
105998,4.7632,49.86269,2
105999,4.75777,49.86308,2
106000,4.75777,49.86308,2
106001,4.75713,49.86338,2
106002,4.75706,49.86305,2
106003,4.75777,49.86308,2
106004,4.75777,49.86308,2
106005,4.75713,49.86338,2
106006,4.75698,49.86317,2
106007,4.75644,49.86319,2
106008,4.75669,49.86306,2
106009,4.75706,49.86305,2
106010,4.75713,49.86338,2
106011,4.75713,49.86338,2
106012,4.75713,49.86338,2
106013,4.76103,49.86008,2
106014,4.76112,49.86014,2
106015,4.76128,49.86022,2
106016,4.76149,49.86033,2
106017,4.76174,49.86044,2
106018,4.76174,49.86044,2
106019,4.76174,49.86044,2
106020,4.76174,49.86044,2
106021,4.76174,49.86044,2
106022,4.762,49.86052,2
106023,4.762,49.86052,2
106024,4.76225,49.8606,2
106025,4.76225,49.8606,2
106026,4.76225,49.8606,2
106027,4.7625,49.86068,2
106028,4.76275,49.86076,2
106029,4.763,49.86084,2
106030,4.76325,49.86092,2
106031,4.7635,49.861,2
106032,4.76375,49.86109,2
106033,4.76401,49.86116,2
106034,4.76428,49.86121,2
106035,4.76482,49.86131,2
106036,4.76509,49.86136,2
106037,4.76536,49.86141,2
106038,4.7659,49.86151,2
106039,4.76617,49.86156,2
106040,4.76625,49.86161,2
106041,4.76627,49.86172,2
106042,4.76652,49.86156,2
106043,4.7667,49.86136,2
106044,4.76675,49.86113,2
106045,4.76673,49.8609,2
106046,4.76701,49.8599,2
106047,4.7665,49.86022,2
106048,4.76658,49.86118,2
106049,4.76085,49.86329,2
106050,4.76623,49.86146,2
106051,4.76566,49.86134,2
106052,4.76537,49.86129,2
106053,4.76509,49.86124,2
106054,4.7616,49.85993,2
106055,4.7648,49.86119,2
106056,4.76378,49.86104,2
106057,4.76452,49.86113,2
106058,4.76423,49.86108,2
106059,4.76395,49.86102,2
106060,4.76369,49.86093,2
106061,4.762,49.86052,2
106062,4.76369,49.86093,2
106063,4.76342,49.86085,2
106064,4.76289,49.86068,2
106065,4.75873,49.85923,2
106066,4.76263,49.86059,2
106067,4.76236,49.86051,2
106068,4.7621,49.86042,2
106069,4.76139,49.86013,2
106070,4.76139,49.86013,2
106071,4.7616,49.85993,2
106072,4.76228,49.85952,2
106073,4.76295,49.85909,2
106074,4.76338,49.85897,2
106075,4.7638,49.85915,2
106076,4.76422,49.85932,2
106077,4.76463,49.8595,2
106078,4.76445,49.85928,2
106079,4.76395,49.85848,2
106080,4.76395,49.85848,2
106081,4.76395,49.85848,2
106082,4.7646,49.85806,2
106083,4.76629,49.85682,2
106084,4.76035,49.86501,2
106085,4.7646,49.85806,2
106086,4.76548,49.85746,2
106087,4.76629,49.85682,2
106088,4.7605,49.86024,2
106089,4.76036,49.86023,2
106090,4.76012,49.85969,2
106091,4.7602,49.85972,2
106092,4.76027,49.8594,2
106093,4.7598,49.8596,2
106094,4.75974,49.85959,2
106095,4.75974,49.85959,2
106096,4.75974,49.85959,2
106097,4.75974,49.85959,2
106098,4.75974,49.85959,2
106099,4.75974,49.85959,2
106100,4.75966,49.85957,2
106101,4.75966,49.85957,2
106102,4.75959,49.85956,2
106103,4.75951,49.85954,2
106104,4.76027,49.8594,2
106105,4.76027,49.8594,2
106106,4.75937,49.8595,2
106107,4.76036,49.8597,2
106108,4.7598,49.85945,2
106109,4.11584,49.76003,2
106110,4.10659,49.76215,2
106111,4.10766,49.76178,2
106112,4.11142,49.76147,2
106113,4.11176,49.7633,2
106114,4.11213,49.76426,2
106115,4.10292,49.76293,2
106116,4.10246,49.76286,2
106117,4.10494,49.76268,2
106118,4.10463,49.76274,2
106119,4.10332,49.76277,2
106120,4.10418,49.76267,2
106121,4.10504,49.76258,2
106122,4.10627,49.76245,2
106123,4.1059,49.76249,2
106124,4.10729,49.76181,2
106125,4.10882,49.7613,2
106126,4.10803,49.76152,2
106127,4.10922,49.76134,2
106128,4.10966,49.76123,2
106129,4.11028,49.76124,2
106130,4.11064,49.76127,2
106131,4.111,49.7613,2
106132,4.11528,49.76844,2
106133,4.11528,49.76844,2
106134,4.14407,49.763,2
106135,4.12549,49.77159,2
106136,4.14042,49.76206,2
106137,4.13864,49.76981,2
106138,4.13735,49.76198,2
106139,4.13406,49.76197,2
106140,4.13401,49.76232,2
106141,4.13367,49.7624,2
106142,4.13336,49.76246,2
106143,4.13133,49.76296,2
106144,4.13975,49.76207,2
106145,4.14547,49.76365,2
106146,4.14476,49.76339,2
106147,4.14476,49.76339,2
106148,4.14476,49.76339,2
106149,4.14488,49.76331,2
106150,4.14407,49.763,2
106151,4.14332,49.76265,2
106152,4.14343,49.76256,2
106153,4.14256,49.76231,2
106154,4.13336,49.76243,2
106155,4.14198,49.76215,2
106156,4.142371,49.762089,2
106157,4.14149,49.76215,2
106158,4.14149,49.76204,2
106159,4.141,49.76215,2
106160,4.14066,49.76216,2
106161,4.14044,49.76218,2
106162,4.14045,49.76235,2
106163,4.139784,49.762253,2
106164,4.13897,49.7621,2
106165,4.13968,49.76267,2
106166,4.13875,49.76196,2
106167,4.13825,49.7619,2
106168,4.13778,49.76198,2
106169,4.13693,49.76186,2
106170,4.13336,49.76243,2
106171,4.1248,49.76137,2
106172,4.1248,49.76137,2
106173,4.13575,49.761891,2
106174,4.13563,49.76187,2
106175,4.13517,49.76193,2
106176,4.13336,49.76246,2
106177,4.13543,49.76201,2
106178,4.1349,49.76208,2
106179,4.1347,49.76197,2
106180,4.13448,49.76194,2
106181,4.13466,49.76214,2
106182,4.13434,49.76222,2
106183,4.13355,49.76231,2
106184,4.13311,49.76239,2
106185,4.13236,49.76265,2
106186,4.13305,49.76252,2
106187,4.13174,49.76281,2
106188,4.13091,49.76323,2
106189,4.13032,49.76322,2
106190,4.13133,49.76296,2
106191,4.13167,49.76245,2
106192,4.1318,49.76279,2
106193,4.1326,49.76232,2
106194,4.13201,49.76217,2
106195,4.13074,49.76194,2
106196,4.1287,49.76178,2
106197,4.13189,49.76143,2
106198,4.13189,49.76143,2
106199,4.1318,49.7615,2
106200,4.13336,49.76243,2
106201,4.13302,49.76169,2
106202,4.13354,49.76183,2
106203,4.13336,49.76243,2
106204,4.1248,49.76137,2
106205,4.1248,49.76137,2
106206,4.75686,49.685703,2
106207,4.75634,49.68559,2
106208,4.75301,49.68604,2
106209,4.75335,49.68746,2
106210,4.753047,49.688807,2
106211,4.75287,49.68702,2
106212,4.74851,49.68719,2
106213,4.74851,49.68719,2
106214,4.74851,49.68719,2
106215,4.7534,49.68772,2
106216,4.74851,49.68719,2
106217,4.74851,49.68719,2
106218,4.7534,49.68772,2
106219,4.75634,49.68559,2
106220,4.75634,49.68559,2
106221,4.75634,49.68559,2
106222,4.75634,49.68559,2
106223,4.75634,49.68559,2
106224,4.75634,49.68559,2
106225,4.75634,49.68559,2
106226,4.75634,49.68559,2
106227,4.75634,49.68559,2
106228,4.75634,49.68559,2
106229,4.75634,49.68559,2
106230,4.736091,49.696367,2
106231,4.756454,49.685612,2
106232,4.75634,49.68559,2
106233,4.75634,49.68559,2
106234,4.75634,49.68559,2
106235,4.75634,49.68559,2
106236,4.75634,49.68559,2
106237,4.75634,49.68559,2
106238,4.75634,49.68559,2
106239,4.75915,49.68654,2
106240,4.75634,49.68559,2
106241,4.75634,49.68559,2
106242,4.75634,49.68559,2
106243,4.75634,49.68559,2
106244,4.75634,49.68559,2
106245,4.75634,49.68559,2
106246,4.75634,49.68559,2
106247,4.75634,49.68559,2
106248,4.75634,49.68559,2
106249,4.75634,49.68559,2
106250,4.75634,49.68559,2
106251,4.75634,49.68559,2
106252,4.75634,49.68559,2
106253,4.75634,49.68559,2
106254,4.74764,49.6878,2
106255,4.75634,49.68559,2
106256,4.75634,49.68559,2
106257,4.75405,49.6853,2
106258,4.75634,49.68559,2
106259,4.75415,49.68505,2
106260,4.75387,49.68483,2
106261,4.75366,49.68538,2
106262,4.753777,49.68465,2
106263,4.75322,49.68467,2
106264,4.75322,49.68467,2
106265,4.75322,49.68467,2
106266,4.75322,49.68467,2
106267,4.75322,49.68467,2
106268,4.75322,49.68467,2
106269,4.75322,49.68467,2
106270,4.7525,49.68428,2
106271,4.72793,49.696304,2
106272,4.75267,49.68423,2
106273,4.75292,49.68369,2
106274,4.753217,49.684509,2
106275,4.753217,49.684509,2
106276,4.75337,49.68513,2
106277,4.75307,49.6859,2
106278,4.753368,49.685647,2
106279,4.75323,49.68596,2
106280,4.75139,49.68673,2
106281,4.7514,49.68675,2
106282,4.75141,49.68677,2
106283,4.75144,49.68681,2
106284,4.75145,49.68683,2
106285,4.74854,49.68725,2
106286,4.75117,49.68675,2
106287,4.75236,49.68655,2
106288,4.75237,49.68657,2
106289,4.75087,49.68675,2
106290,4.75026,49.68677,2
106291,4.74768,49.68762,2
106292,4.75057,49.68676,2
106293,4.75238,49.6866,2
106294,4.74726,49.68783,2
106295,4.75238,49.68663,2
106296,4.75239,49.68665,2
106297,4.7524,49.68668,2
106298,4.7524,49.68668,2
106299,4.7524,49.68671,2
106300,4.75242,49.68676,2
106301,4.75241,49.68673,2
106302,4.75242,49.68679,2
106303,4.75188,49.6866,2
106304,4.75247,49.68682,2
106305,4.75317,49.68866,2
106306,4.75281,49.68907,2
106307,4.75416,49.68403,2
106308,4.75552,49.68428,2
106309,4.75552,49.68428,2
106310,4.75458,49.68403,2
106311,4.75552,49.68428,2
106312,4.75499,49.68412,2
106313,4.75552,49.68428,2
106314,4.7534,49.68772,2
106315,4.75552,49.68428,2
106316,4.75552,49.68428,2
106317,4.75552,49.68428,2
106318,4.75552,49.68428,2
106319,4.75552,49.68428,2
106320,4.75552,49.68428,2
106321,4.75552,49.68428,2
106322,4.75552,49.68428,2
106323,4.75552,49.68428,2
106324,4.75552,49.68428,2
106325,4.75485,49.68421,2
106326,4.75552,49.68428,2
106327,4.75427,49.68413,2
106328,4.75243,49.68681,2
106329,4.76216,49.68799,2
106330,4.74851,49.68719,2
106331,4.74851,49.68719,2
106332,4.75128,49.68711,2
106333,4.74851,49.68719,2
106334,4.74851,49.68719,2
106335,4.82382,50.13345,2
106336,4.82382,50.13345,2
106337,4.82335,50.1334,2
106338,4.8236,50.13336,2
106339,4.84929,50.12964,2
106340,4.82287,50.13314,2
106341,4.82278,50.13297,2
106342,4.82305,50.13326,2
106343,4.82405,50.13354,2
106344,4.82409,50.13369,2
106345,4.82372,50.13354,2
106346,4.82372,50.13354,2
106347,4.82278,50.13297,2
106348,4.82676,50.13441,2
106349,4.82446,50.13384,2
106350,4.82484,50.13398,2
106351,4.82428,50.13363,2
106352,4.82473,50.13381,2
106353,4.82496,50.13389,2
106354,4.82625,50.13381,2
106355,4.82729,50.1336,2
106356,4.82625,50.13381,2
106357,4.82814,50.1351,2
106358,4.82676,50.13441,2
106359,4.82642,50.1341,2
106360,4.82676,50.13441,2
106361,4.82737,50.13464,2
106362,4.82726,50.1347,2
106363,4.82737,50.13464,2
106364,4.82857,50.13535,2
106365,4.82728,50.1347,2
106366,4.82743,50.13479,2
106367,4.82682,50.13436,2
106368,4.83026,50.13411,2
106369,4.82757,50.13489,2
106370,4.8305,50.13414,2
106371,4.82757,50.13489,2
106372,4.83073,50.13404,2
106373,4.83099,50.13377,2
106374,4.82757,50.13489,2
106375,4.8311,50.13386,2
106376,4.82757,50.13489,2
106377,4.83135,50.13374,2
106378,4.82728,50.1347,2
106379,4.83124,50.13365,2
106380,4.83187,50.13334,2
106381,4.82857,50.13535,2
106382,4.83198,50.13343,2
106383,4.82786,50.13508,2
106384,4.83198,50.13343,2
106385,4.82786,50.13508,2
106386,4.83479,50.13213,2
106387,4.82786,50.13508,2
106388,4.83565,50.13166,2
106389,4.82786,50.13508,2
106390,4.83472,50.13202,2
106391,4.83472,50.13202,2
106392,4.82786,50.13508,2
106393,4.83103,50.13513,2
106394,4.82957,50.13601,2
106395,4.82786,50.13508,2
106396,4.82928,50.13586,2
106397,4.82786,50.13508,2
106398,4.82794,50.13437,2
106399,4.82957,50.13316,2
106400,4.82786,50.13508,2
106401,4.82757,50.13489,2
106402,4.82786,50.13508,2
106403,4.82857,50.13535,2
106404,4.828,50.13518,2
106405,4.828,50.13518,2
106406,4.82771,50.13499,2
106407,4.82857,50.13535,2
106408,4.82857,50.13535,2
106409,4.82676,50.13441,2
106410,4.82808,50.13515,2
106411,4.83099,50.13521,2
106412,4.82808,50.13515,2
106413,4.82808,50.13515,2
106414,4.82808,50.13515,2
106415,4.82833,50.135,2
106416,4.82808,50.13515,2
106417,4.82857,50.13535,2
106418,4.82808,50.13515,2
106419,4.82808,50.13515,2
106420,4.82856,50.1349,2
106421,4.82808,50.13515,2
106422,4.82857,50.13535,2
106423,4.82808,50.13515,2
106424,4.82808,50.13515,2
106425,4.82808,50.13515,2
106426,4.82808,50.13515,2
106427,4.82833,50.135,2
106428,4.82833,50.135,2
106429,4.82857,50.13535,2
106430,4.82857,50.13535,2
106431,4.82857,50.13535,2
106432,4.82856,50.1349,2
106433,4.82878,50.1348,2
106434,4.82878,50.1348,2
106435,4.82901,50.13469,2
106436,4.82682,50.13436,2
106437,4.82682,50.13436,2
106438,4.82682,50.13436,2
106439,4.82682,50.13436,2
106440,4.82682,50.13436,2
106441,4.82682,50.13436,2
106442,4.82682,50.13436,2
106443,4.82682,50.13436,2
106444,4.82682,50.13436,2
106445,4.82682,50.13436,2
106446,4.82682,50.13436,2
106447,4.82682,50.13436,2
106448,4.82682,50.13436,2
106449,4.82682,50.13436,2
106450,4.82682,50.13436,2
106451,4.82682,50.13436,2
106452,4.83456,50.13224,2
106453,4.83074,50.13389,2
106454,4.83123,50.1338,2
106455,4.83207,50.13325,2
106456,4.83207,50.13325,2
106457,4.83207,50.13325,2
106458,4.83207,50.13325,2
106459,4.83207,50.13325,2
106460,4.83207,50.13325,2
106461,4.83207,50.13325,2
106462,4.819836,50.132797,2
106463,4.82962,50.13456,2
106464,4.82724,50.13373,2
106465,4.82993,50.13441,2
106466,4.83007,50.13434,2
106467,4.83007,50.13434,2
106468,4.83026,50.13411,2
106469,4.83017,50.13429,2
106470,4.83028,50.13424,2
106471,4.83054,50.13398,2
106472,4.83028,50.13424,2
106473,4.83039,50.13419,2
106474,4.8305,50.13414,2
106475,4.8305,50.13414,2
106476,4.8305,50.13414,2
106477,4.8305,50.13414,2
106478,4.8305,50.13414,2
106479,4.8305,50.13414,2
106480,4.82446,50.13384,2
106481,4.83039,50.13419,2
106482,4.8305,50.13414,2
106483,4.82446,50.13384,2
106484,4.8305,50.13414,2
106485,4.82446,50.13384,2
106486,4.8305,50.13414,2
106487,4.8305,50.13414,2
106488,4.8305,50.13414,2
106489,4.83456,50.13224,2
106490,4.8305,50.13414,2
106491,4.83062,50.13409,2
106492,4.83073,50.13404,2
106493,4.83121,50.13435,2
106494,4.83121,50.13435,2
106495,4.83121,50.13435,2
106496,4.83121,50.13435,2
106497,4.83121,50.13435,2
106498,4.83085,50.13398,2
106499,4.83098,50.13392,2
106500,4.83098,50.13392,2
106501,4.83074,50.13389,2
106502,4.83099,50.13521,2
106503,4.83087,50.13383,2
106504,4.83112,50.13371,2
106505,4.8311,50.13386,2
106506,4.83123,50.1338,2
106507,4.83123,50.1338,2
106508,4.83123,50.1338,2
106509,4.83123,50.1338,2
106510,4.83135,50.13374,2
106511,4.83148,50.13368,2
106512,4.83148,50.13368,2
106513,4.83148,50.13368,2
106514,4.83173,50.13355,2
106515,4.83124,50.13365,2
106516,4.83124,50.13365,2
106517,4.83137,50.13359,2
106518,4.83137,50.13359,2
106519,4.83137,50.13359,2
106520,4.8315,50.13352,2
106521,4.83162,50.13346,2
106522,4.83162,50.13346,2
106523,4.83162,50.13346,2
106524,4.83162,50.13346,2
106525,4.83162,50.13346,2
106526,4.83162,50.13346,2
106527,4.83175,50.1334,2
106528,4.83187,50.13334,2
106529,4.8316,50.13362,2
106530,4.83418,50.13228,2
106531,4.83384,50.13257,2
106532,4.83384,50.13257,2
106533,4.83384,50.13257,2
106534,4.83336,50.1328,2
106535,4.8336,50.13268,2
106536,4.8336,50.13268,2
106537,4.8336,50.13268,2
106538,4.8336,50.13268,2
106539,4.83408,50.13246,2
106540,4.83456,50.13224,2
106541,4.83456,50.13224,2
106542,4.83456,50.13224,2
106543,4.83456,50.13224,2
106544,4.83565,50.13166,2
106545,4.83432,50.13235,2
106546,4.84929,50.12964,2
106547,4.83501,50.13203,2
106548,4.83532,50.13175,2
106549,4.83502,50.13188,2
106550,4.83472,50.13202,2
106551,4.83472,50.13202,2
106552,4.83472,50.13202,2
106553,4.83472,50.13202,2
106554,4.83472,50.13202,2
106555,4.83472,50.13202,2
106556,4.83444,50.13215,2
106557,4.8324,50.13431,2
106558,4.8324,50.13431,2
106559,4.8324,50.13431,2
106560,4.8324,50.13431,2
106561,4.8323,50.13436,2
106562,4.8323,50.13436,2
106563,4.83219,50.13442,2
106564,4.83219,50.13442,2
106565,4.83219,50.13442,2
106566,4.83219,50.13442,2
106567,4.83208,50.13447,2
106568,4.83208,50.13447,2
106569,4.83099,50.13521,2
106570,4.83198,50.13453,2
106571,4.83187,50.13458,2
106572,4.83177,50.13464,2
106573,4.83177,50.13464,2
106574,4.83177,50.13464,2
106575,4.83187,50.13458,2
106576,4.83167,50.1347,2
106577,4.83154,50.13479,2
106578,4.83154,50.13479,2
106579,4.83154,50.13479,2
106580,4.83154,50.13479,2
106581,4.83137,50.1349,2
106582,4.8312,50.13502,2
106583,4.8312,50.13502,2
106584,4.83103,50.13513,2
106585,4.83103,50.13513,2
106586,4.83103,50.13513,2
106587,4.83103,50.13513,2
106588,4.83103,50.13513,2
106589,4.83103,50.13513,2
106590,4.83103,50.13513,2
106591,4.83103,50.13513,2
106592,4.83103,50.13513,2
106593,4.83103,50.13513,2
106594,4.83103,50.13513,2
106595,4.83103,50.13513,2
106596,4.83103,50.13513,2
106597,4.83103,50.13513,2
106598,4.83103,50.13513,2
106599,4.83103,50.13513,2
106600,4.83103,50.13513,2
106601,4.83103,50.13513,2
106602,4.83103,50.13513,2
106603,4.83087,50.13525,2
106604,4.8307,50.13536,2
106605,4.8307,50.13536,2
106606,4.8307,50.13536,2
106607,4.8307,50.13536,2
106608,4.8307,50.13536,2
106609,4.83053,50.13547,2
106610,4.83053,50.13547,2
106611,4.83099,50.13521,2
106612,4.83099,50.13521,2
106613,4.82986,50.13586,2
106614,4.8295,50.13605,2
106615,4.82939,50.13596,2
106616,4.82928,50.13586,2
106617,4.82928,50.13586,2
106618,4.82928,50.13586,2
106619,4.82928,50.13586,2
106620,4.82928,50.13586,2
106621,4.82928,50.13586,2
106622,4.82907,50.13568,2
106623,4.82781,50.13363,2
106624,4.82781,50.13363,2
106625,4.82887,50.13457,2
106626,4.82871,50.13444,2
106627,4.82871,50.13444,2
106628,4.82871,50.13444,2
106629,4.82856,50.13431,2
106630,4.82871,50.13444,2
106631,4.8279,50.13371,2
106632,4.828,50.1338,2
106633,4.8284,50.13418,2
106634,4.83207,50.13325,2
106635,4.8284,50.13415,2
106636,4.82828,50.13421,2
106637,4.82817,50.13426,2
106638,4.82805,50.13431,2
106639,4.82805,50.13431,2
106640,4.82794,50.13437,2
106641,4.82783,50.13442,2
106642,4.82771,50.13448,2
106643,4.8276,50.13453,2
106644,4.82749,50.13459,2
106645,4.82743,50.13447,2
106646,4.82757,50.1344,2
106647,4.82771,50.13434,2
106648,4.82785,50.13427,2
106649,4.82799,50.1342,2
106650,4.82813,50.13413,2
106651,4.82827,50.13407,2
106652,4.82779,50.13438,2
106653,4.82818,50.13398,2
106654,4.82809,50.13389,2
106655,4.82641,50.1339,2
106656,4.82683,50.13381,2
106657,4.82859,50.13333,2
106658,4.82796,50.13346,2
106659,4.82828,50.13339,2
106660,4.82811,50.13355,2
106661,4.82766,50.13365,2
106662,4.82859,50.13333,2
106663,4.82859,50.13333,2
106664,4.82859,50.13333,2
106665,4.82859,50.13333,2
106666,4.82859,50.13333,2
106667,4.82859,50.13333,2
106668,4.82859,50.13333,2
106669,4.82922,50.13319,2
106670,4.82954,50.13312,2
106671,4.83009,50.13312,2
106672,4.83009,50.13312,2
106673,4.8308,50.13285,2
106674,4.8308,50.13285,2
106675,4.8308,50.13285,2
106676,4.8308,50.13285,2
106677,4.83058,50.13302,2
106678,4.83108,50.13291,2
106679,4.83111,50.13278,2
106680,4.83141,50.1327,2
106681,4.83164,50.13276,2
106682,4.83224,50.13258,2
106683,4.83201,50.13252,2
106684,4.83291,50.13225,2
106685,4.83321,50.13216,2
106686,4.83321,50.13216,2
106687,4.83351,50.13207,2
106688,4.83351,50.13207,2
106689,4.83411,50.13189,2
106690,4.83441,50.1318,2
106691,4.83523,50.13167,2
106692,4.82957,50.13316,2
106693,4.8353,50.13152,2
106694,4.82957,50.13316,2
106695,4.82152,50.13222,2
106696,4.82145,50.13289,2
106697,4.82278,50.13297,2
106698,4.82158,50.13243,2
106699,4.82158,50.13243,2
106700,4.82169,50.13256,2
106701,4.82216,50.13273,2
106702,4.82382,50.13345,2
106703,4.82269,50.13302,2
106704,4.8236,50.13336,2
106705,4.70565,50.01015,2
106706,4.70448,50.0101,2
106707,4.70448,50.0101,2
106708,4.70775,50.00901,2
106709,4.70775,50.00901,2
106710,4.70565,50.01015,2
106711,4.70555,50.00932,2
106712,4.70565,50.01015,2
106713,4.70565,50.01015,2
106714,4.71217,50.00999,2
106715,4.71304,50.00993,2
106716,4.71168,50.01001,2
106717,4.71132,50.01001,2
106718,4.71304,50.00993,2
106719,4.71304,50.00993,2
106720,4.71304,50.00993,2
106721,4.71304,50.00993,2
106722,4.71304,50.00993,2
106723,4.71304,50.00993,2
106724,4.71048,50.01001,2
106725,4.71304,50.00993,2
106726,4.71304,50.00993,2
106727,4.71304,50.00993,2
106728,4.71304,50.00993,2
106729,4.71,50.01001,2
106730,4.70987,50.01001,2
106731,4.70975,50.01001,2
106732,4.71304,50.00993,2
106733,4.71304,50.00993,2
106734,4.70951,50.00998,2
106735,4.70932,50.00989,2
106736,4.70907,50.00987,2
106737,4.70907,50.00987,2
106738,4.70881,50.00985,2
106739,4.70858,50.00986,2
106740,4.70858,50.00978,2
106741,4.70857,50.00969,2
106742,4.70857,50.0096,2
106743,4.70856,50.00952,2
106744,4.70875,50.00969,2
106745,4.70876,50.00983,2
106746,4.70875,50.00954,2
106747,4.70874,50.0094,2
106748,4.70856,50.00943,2
106749,4.70855,50.00926,2
106750,4.70855,50.00917,2
106751,4.70855,50.00917,2
106752,4.70872,50.00911,2
106753,4.70854,50.00909,2
106754,4.70876,50.00901,2
106755,4.70876,50.00901,2
106756,4.70987,50.00898,2
106757,4.71014,50.00875,2
106758,4.70565,50.01015,2
106759,4.70967,50.00886,2
106760,4.71335,50.00792,2
106761,4.711558,50.009022,2
106762,4.711267,50.008462,2
106763,4.70883,50.00896,2
106764,4.711267,50.008462,2
106765,4.70936,50.00893,2
106766,4.70921,50.00897,2
106767,4.70866,50.00898,2
106768,4.70866,50.00898,2
106769,4.70866,50.00898,2
106770,4.70844,50.00911,2
106771,4.70855,50.00899,2
106772,4.70839,50.00899,2
106773,4.70823,50.009,2
106774,4.70807,50.009,2
106775,4.70791,50.00901,2
106776,4.70775,50.00901,2
106777,4.70759,50.00902,2
106778,4.70727,50.00903,2
106779,4.70711,50.00904,2
106780,4.70723,50.00915,2
106781,4.70764,50.00913,2
106782,4.70713,50.00917,2
106783,4.70717,50.00946,2
106784,4.70718,50.00961,2
106785,4.7072,50.00975,2
106786,4.70722,50.0099,2
106787,4.70724,50.01005,2
106788,4.70706,50.01008,2
106789,4.70704,50.00987,2
106790,4.70701,50.00967,2
106791,4.707,50.00956,2
106792,4.70699,50.00946,2
106793,4.70697,50.00936,2
106794,4.70696,50.00926,2
106795,4.70695,50.00915,2
106796,4.70693,50.00915,2
106797,4.70876,50.00901,2
106798,4.70876,50.00901,2
106799,4.70661,50.00902,2
106800,4.70577,50.009,2
106801,4.70618,50.00913,2
106802,4.70577,50.009,2
106803,4.70581,50.00911,2
106804,4.70562,50.00911,2
106805,4.70637,50.00913,2
106806,4.70543,50.0091,2
106807,4.70565,50.01015,2
106808,4.70565,50.01015,2
106809,4.70565,50.01015,2
106810,4.70555,50.00932,2
106811,4.70555,50.00932,2
106812,4.70561,50.00946,2
106813,4.70565,50.01015,2
106814,4.70565,50.00957,2
106815,4.70566,50.00964,2
106816,4.70568,50.00971,2
106817,4.70569,50.00978,2
106818,4.7057,50.00985,2
106819,4.70571,50.00992,2
106820,4.70572,50.00999,2
106821,4.70573,50.01006,2
106822,4.70448,50.0101,2
106823,4.70448,50.0101,2
106824,4.70448,50.0101,2
106825,4.70448,50.0101,2
106826,4.70448,50.0101,2
106827,4.70448,50.0101,2
106828,4.70448,50.0101,2
106829,4.70448,50.0101,2
106830,4.70448,50.0101,2
106831,4.70448,50.0101,2
106832,4.70448,50.0101,2
106833,4.70448,50.0101,2
106834,4.70496,50.01004,2
106835,4.70542,50.01004,2
106836,4.70517,50.0101,2
106837,4.70554,50.01001,2
106838,4.70553,50.00995,2
106839,4.70552,50.00989,2
106840,4.70551,50.00982,2
106841,4.70551,50.00982,2
106842,4.7055,50.00976,2
106843,4.70549,50.0097,2
106844,4.70548,50.00964,2
106845,4.70548,50.00964,2
106846,4.70547,50.00958,2
106847,4.70544,50.00949,2
106848,4.70538,50.00935,2
106849,4.70537,50.00933,2
106850,4.70537,50.00933,2
106851,4.70537,50.00933,2
106852,4.70537,50.00933,2
106853,4.70537,50.00933,2
106854,4.70537,50.00933,2
106855,4.70499,50.00935,2
106856,4.7049,50.00935,2
106857,4.70481,50.00935,2
106858,4.70471,50.00935,2
106859,4.70471,50.00935,2
106860,4.70452,50.00935,2
106861,4.70444,50.00923,2
106862,4.70457,50.00923,2
106863,4.70476,50.00923,2
106864,4.70495,50.00923,2
106865,4.69898,50.00348,2
106866,4.70517,50.0101,2
106867,4.74284,49.77526,2
106868,4.747644,49.777507,2
106869,4.74252,49.77516,2
106870,4.74258,49.77425,2
106871,4.74797,49.77699,2
106872,4.74696,49.77321,2
106873,4.74276,49.77499,2
106874,4.7433,49.77474,2
106875,4.74311,49.77492,2
106876,4.74244,49.77523,2
106877,4.74818,49.77711,2
106878,4.74258,49.77425,2
106879,4.74258,49.77425,2
106880,4.747908,49.776936,2
106881,4.74772,49.777371,2
106882,4.747842,49.777018,2
106883,4.74753,49.77753,2
106884,4.74258,49.77425,2
106885,4.74829,49.77729,2
106886,4.74258,49.77425,2
106887,4.747644,49.777507,2
106888,4.747644,49.777507,2
106889,4.74624,49.77774,2
106890,4.74258,49.77425,2
106891,4.74645,49.77773,2
106892,4.747819,49.776812,2
106893,4.74658,49.77755,2
106894,4.74671,49.77738,2
106895,4.746434,49.777441,2
106896,4.74258,49.77425,2
106897,4.74258,49.77425,2
106898,4.74684,49.77721,2
106899,4.747618,49.777544,2
106900,4.747872,49.776766,2
106901,4.74847,49.77495,2
106902,4.74847,49.77495,2
106903,4.74847,49.77495,2
106904,4.74847,49.77495,2
106905,4.74847,49.77495,2
106906,4.7471,49.77464,2
106907,4.7471,49.77464,2
106908,4.74847,49.77495,2
106909,4.74687,49.7745,2
106910,4.74687,49.7745,2
106911,4.74687,49.7745,2
106912,4.74687,49.7745,2
106913,4.74687,49.7745,2
106914,4.74687,49.7745,2
106915,4.74687,49.7745,2
106916,4.74687,49.7745,2
106917,4.74687,49.7745,2
106918,4.74687,49.7745,2
106919,4.74687,49.7745,2
106920,4.74687,49.7745,2
106921,4.74847,49.77737,2
106922,4.746434,49.777441,2
106923,4.74258,49.77425,2
106924,4.74258,49.77425,2
106925,4.746077,49.778113,2
106926,4.74378,49.77368,2
106927,4.74409,49.77365,2
106928,4.7444,49.77365,2
106929,4.74455,49.77369,2
106930,4.7444,49.77377,2
106931,4.74484,49.77377,2
106932,4.74484,49.77377,2
106933,4.74499,49.77382,2
106934,4.74796,49.77351,2
106935,4.74514,49.77386,2
106936,4.74671,49.77317,2
106937,4.74699,49.77307,2
106938,4.74609,49.77368,2
106939,4.7474,49.77325,2
106940,4.74947,49.77345,2
106941,4.74543,49.77394,2
106942,4.74593,49.774,2
106943,4.7465,49.77342,2
106944,4.74624,49.77343,2
106945,4.74646,49.77328,2
106946,4.74735,49.77309,2
106947,4.74719,49.77296,2
106948,4.74687,49.77278,2
106949,4.74617,49.77235,2
106950,4.74761,49.77321,2
106951,4.7485,49.7738,2
106952,4.74864,49.77371,2
106953,4.74966,49.77362,2
106954,4.74839,49.77358,2
106955,4.74656,49.77257,2
106956,4.74528,49.7739,2
106957,4.74589,49.77375,2
106958,4.74919,49.77351,2
106959,4.74847,49.77495,2
106960,4.74577,49.77394,2
106961,4.74891,49.77362,2
106962,4.74847,49.77495,2
106963,4.74601,49.77357,2
106964,4.74958,49.77376,2
106965,4.74909,49.77369,2
106966,4.74557,49.77398,2
106967,4.7471,49.77464,2
106968,4.74724,49.77484,2
106969,4.74733,49.77506,2
106970,4.7474,49.77528,2
106971,4.74746,49.7755,2
106972,4.74384,49.77567,2
106973,4.74752,49.77572,2
106974,4.74758,49.77595,2
106975,4.74767,49.77616,2
106976,4.747548,49.776072,2
106977,4.7478,49.77625,2
106978,4.74557,49.77398,2
106979,4.7475,49.77618,2
106980,4.7474,49.77594,2
106981,4.74726,49.77543,2
106982,4.74719,49.77518,2
106983,4.74695,49.7747,2
106984,4.7471,49.77493,2
106985,4.74695,49.7747,2
106986,4.74695,49.7747,2
106987,4.74678,49.77453,2
106988,4.74653,49.77441,2
106989,4.74587,49.77419,2
106990,4.7462,49.7743,2
106991,4.74587,49.77419,2
106992,4.74587,49.77419,2
106993,4.74587,49.77419,2
106994,4.74549,49.77408,2
106995,4.7453,49.77403,2
106996,4.74512,49.77398,2
106997,4.74494,49.77393,2
106998,4.74476,49.77388,2
106999,4.74458,49.77383,2
107000,4.7444,49.77377,2
107001,4.74421,49.77376,2
107002,4.74401,49.77378,2
107003,4.74362,49.77387,2
107004,4.74328,49.77425,2
107005,4.7434,49.77418,2
107006,4.74335,49.77433,2
107007,4.74332,49.77453,2
107008,4.74332,49.77453,2
107009,4.74328,49.77425,2
107010,4.74328,49.77425,2
107011,4.74345,49.77467,2
107012,4.74372,49.77475,2
107013,4.74345,49.77467,2
107014,4.74407,49.77486,2
107015,4.74365,49.77486,2
107016,4.74387,49.77493,2
107017,4.74411,49.775,2
107018,4.74499,49.77516,2
107019,4.74435,49.77508,2
107020,4.74459,49.77516,2
107021,4.7449,49.77526,2
107022,4.74427,49.775,2
107023,4.74427,49.775,2
107024,4.74561,49.77419,2
107025,4.74547,49.77545,2
107026,4.74526,49.77462,2
107027,4.74543,49.77441,2
107028,4.74518,49.77458,2
107029,4.74427,49.775,2
107030,4.74784,49.77658,2
107031,4.74427,49.775,2
107032,4.74411,49.775,2
107033,4.74509,49.77484,2
107034,4.74491,49.77506,2
107035,4.74314,49.77442,2
107036,4.74609,49.77368,2
107037,4.74314,49.77453,2
107038,4.74314,49.77464,2
107039,4.74308,49.77477,2
107040,4.743,49.77482,2
107041,4.743,49.77482,2
107042,4.74292,49.77488,2
107043,4.74284,49.77494,2
107044,4.74323,49.77484,2
107045,4.74305,49.77496,2
107046,4.74299,49.775,2
107047,4.74268,49.77505,2
107048,4.74252,49.77516,2
107049,4.74244,49.77523,2
107050,4.74244,49.77523,2
107051,4.74252,49.77516,2
107052,4.74252,49.77516,2
107053,4.74252,49.77516,2
107054,4.74252,49.77516,2
107055,4.74252,49.77516,2
107056,4.74252,49.77516,2
107057,4.74252,49.77516,2
107058,4.74252,49.77516,2
107059,4.7426,49.7751,2
107060,4.74252,49.77516,2
107061,4.7426,49.7751,2
107062,4.74293,49.77504,2
107063,4.74281,49.77512,2
107064,4.74275,49.77516,2
107065,4.74264,49.77525,2
107066,4.74244,49.77523,2
107067,4.74239,49.77529,2
107068,4.74239,49.77529,2
107069,4.74234,49.77535,2
107070,4.74239,49.77529,2
107071,4.74229,49.77541,2
107072,4.74213,49.7756,2
107073,4.74224,49.77548,2
107074,4.74219,49.77554,2
107075,4.74219,49.77554,2
107076,4.74213,49.7756,2
107077,4.74208,49.77566,2
107078,4.74204,49.77572,2
107079,4.74192,49.77593,2
107080,4.74188,49.776,2
107081,4.74184,49.77607,2
107082,4.74177,49.77621,2
107083,4.74173,49.77628,2
107084,4.74173,49.77628,2
107085,4.74169,49.77634,2
107086,4.74165,49.77641,2
107087,4.74161,49.77648,2
107088,4.74161,49.77648,2
107089,4.74146,49.77683,2
107090,4.74126,49.77697,2
107091,4.7414,49.77694,2
107092,4.7414,49.77694,2
107093,4.74247,49.77544,2
107094,4.74247,49.77544,2
107095,4.74772,49.777371,2
107096,4.74247,49.77544,2
107097,4.74247,49.77544,2
107098,4.74247,49.77544,2
107099,4.74247,49.77544,2
107100,4.7424,49.77552,2
107101,4.74234,49.77559,2
107102,4.74217,49.77582,2
107103,4.74254,49.77595,2
107104,4.74212,49.77591,2
107105,4.74207,49.77601,2
107106,4.74207,49.77601,2
107107,4.74742,49.77771,2
107108,4.74207,49.77601,2
107109,4.74201,49.77611,2
107110,4.74196,49.77621,2
107111,4.74196,49.77621,2
107112,5.26521,49.55636,2
107113,5.26521,49.55636,2
107114,5.26521,49.55636,2
107115,5.26471,49.55484,2
107116,5.26521,49.55636,2
107117,5.26788,49.55489,2
107118,5.288887,49.561488,2
107119,5.285182,49.563358,2
107120,5.26521,49.55636,2
107121,5.262169,49.555774,2
107122,5.262645,49.557093,2
107123,5.26521,49.55636,2
107124,5.26323,49.55706,2
107125,5.263126,49.557046,2
107126,5.26322,49.55712,2
107127,5.26322,49.55712,2
107128,5.26322,49.55712,2
107129,5.26322,49.55712,2
107130,5.26322,49.55712,2
107131,5.26521,49.55636,2
107132,5.26521,49.55636,2
107133,5.26521,49.55636,2
107134,5.26322,49.55712,2
107135,5.26506,49.5566,2
107136,5.26521,49.55636,2
107137,5.26521,49.55636,2
107138,5.26664,49.55726,2
107139,5.26521,49.55636,2
107140,5.26521,49.55636,2
107141,5.266181,49.55707,2
107142,5.26521,49.55636,2
107143,5.26664,49.55726,2
107144,5.26475,49.556692,2
107145,5.26664,49.55726,2
107146,5.26521,49.55636,2
107147,5.26521,49.55636,2
107148,5.26521,49.55636,2
107149,5.265277,49.556247,2
107150,5.265687,49.555923,2
107151,5.26521,49.55636,2
107152,5.26521,49.55636,2
107153,5.26521,49.55636,2
107154,5.267071,49.555485,2
107155,5.26521,49.55636,2
107156,5.26521,49.55636,2
107157,5.26521,49.55636,2
107158,5.26521,49.55636,2
107159,5.26664,49.55726,2
107160,4.76176,49.51601,2
107161,4.76299,49.51603,2
107162,4.77481,49.51656,2
107163,4.76042,49.51611,2
107164,4.76175,49.51546,2
107165,4.75915,49.51653,2
107166,4.7567,49.5175,2
107167,4.75824,49.51698,2
107168,4.76204,49.51527,2
107169,4.76238,49.51493,2
107170,4.76284,49.51564,2
107171,4.76393,49.51553,2
107172,4.76265,49.51557,2
107173,4.76412,49.51509,2
107174,4.76421,49.51512,2
107175,4.76228,49.51549,2
107176,4.76398,49.51542,2
107177,4.76427,49.51477,2
107178,4.76422,49.51487,2
107179,4.76403,49.51531,2
107180,4.76408,49.5152,2
107181,4.76417,49.51498,2
107182,4.76345,49.51467,2
107183,4.76409,49.51464,2
107184,4.76432,49.51466,2
107185,4.7649,49.51436,2
107186,4.7649,49.51436,2
107187,4.7649,49.51436,2
107188,4.7649,49.51436,2
107189,4.76525,49.51455,2
107190,4.76395,49.51451,2
107191,4.76296,49.51461,2
107192,4.76175,49.51546,2
107193,4.76528,49.51447,2
107194,4.75803,49.51333,2
107195,4.76513,49.51485,2
107196,4.76519,49.5147,2
107197,4.76175,49.51546,2
107198,4.76282,49.51475,2
107199,4.76326,49.51462,2
107200,4.76491,49.51507,2
107201,4.76809,49.51422,2
107202,4.76634,49.51412,2
107203,4.760153,49.512837,2
107204,4.76623,49.5141,2
107205,4.76692,49.51517,2
107206,4.76623,49.5141,2
107207,4.76646,49.51415,2
107208,4.76806,49.51414,2
107209,4.76499,49.51524,2
107210,4.76499,49.51524,2
107211,4.76508,49.51452,2
107212,4.76508,49.51452,2
107213,4.76508,49.51452,2
107214,4.76508,49.51452,2
107215,4.76499,49.51524,2
107216,4.76235,49.51257,2
107217,4.76557,49.51428,2
107218,4.76235,49.51257,2
107219,4.76508,49.51452,2
107220,4.76499,49.51524,2
107221,4.76494,49.5149,2
107222,4.76545,49.51438,2
107223,4.76569,49.51417,2
107224,4.76499,49.51524,2
107225,4.76583,49.51413,2
107226,4.76569,49.51417,2
107227,4.764266,49.513437,2
107228,4.7647,49.51355,2
107229,4.76499,49.51524,2
107230,4.77567,49.51585,2
107231,4.771968,49.514908,2
107232,4.77481,49.51656,2
107233,4.7649,49.51348,2
107234,4.7742,49.51599,2
107235,4.76583,49.51413,2
107236,4.769838,49.514233,2
107237,4.76472,49.51342,2
107238,4.76481,49.51345,2
107239,4.76463,49.51339,2
107240,4.76427,49.51327,2
107241,4.76445,49.51333,2
107242,4.76447,49.51347,2
107243,4.76458,49.51351,2
107244,4.76425,49.5134,2
107245,4.76414,49.51336,2
107246,4.76414,49.51336,2
107247,4.76409,49.51321,2
107248,4.76391,49.51315,2
107249,4.76508,49.51452,2
107250,4.76382,49.51311,2
107251,4.76392,49.51328,2
107252,4.76365,49.51305,2
107253,4.76418,49.51324,2
107254,4.76392,49.51328,2
107255,4.76235,49.51257,2
107256,4.76175,49.51546,2
107257,4.76356,49.51302,2
107258,4.76348,49.51298,2
107259,4.76235,49.51257,2
107260,4.76235,49.51257,2
107261,4.76306,49.5128,2
107262,4.76323,49.51288,2
107263,4.7615,49.51612,2
107264,4.7629,49.51273,2
107265,4.76273,49.51265,2
107266,4.76273,49.51265,2
107267,4.76257,49.51258,2
107268,4.76224,49.51243,2
107269,4.7624,49.51251,2
107270,4.76202,49.51248,2
107271,4.76174,49.51235,2
107272,4.76207,49.51236,2
107273,4.76235,49.51257,2
107274,4.77315,49.51486,2
107275,4.76146,49.51223,2
107276,4.781567,49.515334,2
107277,4.76174,49.51221,2
107278,4.77117,49.51489,2
107279,4.7616,49.51229,2
107280,4.76235,49.51257,2
107281,4.76915,49.51466,2
107282,4.76235,49.51257,2
107283,4.76235,49.51257,2
107284,4.769572,49.513851,2
107285,4.76098,49.51189,2
107286,4.76039,49.51174,2
107287,4.77005,49.51622,2
107288,4.76059,49.51185,2
107289,4.76087,49.51198,2
107290,4.76019,49.51163,2
107291,4.76235,49.51257,2
107292,4.76497,49.51575,2
107293,4.75918,49.51139,2
107294,4.76466,49.51696,2
107295,4.76035,49.51157,2
107296,4.76499,49.51524,2
107297,4.75885,49.51173,2
107298,4.75981,49.51151,2
107299,4.75824,49.51698,2
107300,4.7582,49.51247,2
107301,4.75793,49.51702,2
107302,4.75852,49.5121,2
107303,4.75824,49.51698,2
107304,4.75788,49.51283,2
107305,4.76175,49.51546,2
107306,4.75803,49.51333,2
107307,4.75803,49.51333,2
107308,4.76675,49.51411,2
107309,4.75803,49.51333,2
107310,4.76609,49.5141,2
107311,4.75803,49.51333,2
107312,4.76609,49.5141,2
107313,4.75803,49.51333,2
107314,4.7649,49.51436,2
107315,4.75803,49.51333,2
107316,4.76499,49.51474,2
107317,4.75803,49.51333,2
107318,4.75803,49.51333,2
107319,4.76499,49.51524,2
107320,4.75803,49.51333,2
107321,4.76569,49.51417,2
107322,4.75803,49.51333,2
107323,4.76481,49.51358,2
107324,4.75803,49.51333,2
107325,4.76454,49.51336,2
107326,4.75803,49.51333,2
107327,4.76436,49.5133,2
107328,4.75803,49.51333,2
107329,4.76436,49.51343,2
107330,4.75803,49.51333,2
107331,4.76399,49.51318,2
107332,4.76188,49.51241,2
107333,4.76191,49.51228,2
107334,4.76158,49.51214,2
107335,4.75803,49.51333,2
107336,4.75803,49.51333,2
107337,4.75803,49.51333,2
107338,4.75803,49.51333,2
107339,4.75915,49.51653,2
107340,4.75803,49.51333,2
107341,4.76777,49.51674,2
107342,4.76403,49.51332,2
107343,4.76403,49.51332,2
107344,4.76692,49.51517,2
107345,4.76692,49.51517,2
107346,4.76403,49.51332,2
107347,4.77481,49.51656,2
107348,4.76616,49.51703,2
107349,4.76709,49.51421,2
107350,4.76583,49.51413,2
107351,4.76874,49.51681,2
107352,4.767401,49.51376,2
107353,4.77011,49.51612,2
107354,4.772799,49.512636,2
107355,4.76771,49.51366,2
107356,4.76806,49.51414,2
107357,4.76806,49.51414,2
107358,4.76758,49.51387,2
107359,4.7623,49.5126,2
107360,4.76244,49.51266,2
107361,4.76272,49.51279,2
107362,4.76258,49.51273,2
107363,4.76286,49.51285,2
107364,4.763,49.51291,2
107365,4.76314,49.51298,2
107366,4.7649,49.51436,2
107367,4.7649,49.51436,2
107368,4.764043,49.514556,2
107369,4.7649,49.51436,2
107370,4.7649,49.51436,2
107371,4.7649,49.51436,2
107372,4.775732,49.515102,2
107373,4.76604,49.51513,2
107374,4.76235,49.51257,2
107375,4.76616,49.51703,2
107376,4.769991,49.514832,2
107377,4.76176,49.51601,2
107378,4.76176,49.51601,2
107379,4.77567,49.51585,2
107380,4.77567,49.51585,2
107381,4.77533,49.51538,2
107382,4.77567,49.51585,2
107383,4.77567,49.51585,2
107384,4.77567,49.51585,2
107385,4.77481,49.51656,2
107386,4.75824,49.51698,2
107387,4.77481,49.51656,2
107388,4.77481,49.51656,2
107389,4.76066,49.51174,2
107390,4.77481,49.51656,2
107391,4.77481,49.51656,2
107392,4.77481,49.51656,2
107393,4.77481,49.51656,2
107394,4.7742,49.51599,2
107395,4.77481,49.51656,2
107396,4.77481,49.51656,2
107397,4.77481,49.51656,2
107398,4.7742,49.51599,2
107399,4.77389,49.51586,2
107400,4.77357,49.51624,2
107401,4.77461,49.51601,2
107402,4.77425,49.51594,2
107403,4.77337,49.51562,2
107404,4.77357,49.51577,2
107405,4.7737,49.51601,2
107406,4.7734,49.5162,2
107407,4.77353,49.51597,2
107408,4.77319,49.5154,2
107409,4.77338,49.51538,2
107410,4.77317,49.51569,2
107411,4.77337,49.51562,2
107412,4.77345,49.51587,2
107413,4.76499,49.51524,2
107414,4.77357,49.51577,2
107415,4.77353,49.51597,2
107416,4.7737,49.51601,2
107417,4.7734,49.5162,2
107418,4.77357,49.51624,2
107419,4.75803,49.51333,2
107420,4.7742,49.51605,2
107421,4.77389,49.51586,2
107422,4.7742,49.51599,2
107423,4.77425,49.51594,2
107424,4.7742,49.51599,2
107425,4.77461,49.51601,2
107426,4.76191,49.51228,2
107427,4.7742,49.51599,2
107428,4.77425,49.51618,2
107429,4.77528,49.5158,2
107430,4.776617,49.515138,2
107431,4.77774,49.51519,2
107432,4.77604,49.51511,2
107433,4.77679,49.51515,2
107434,4.77776,49.51507,2
107435,4.7755,49.51508,2
107436,4.7768,49.51503,2
107437,4.77533,49.51538,2
107438,4.77541,49.51517,2
107439,4.77544,49.51561,2
107440,4.77559,49.51552,2
107441,4.77477,49.51493,2
107442,4.7697,49.51676,2
107443,4.77404,49.51502,2
107444,4.77357,49.515,2
107445,4.77452,49.51504,2
107446,4.775,49.51506,2
107447,4.774348,49.515031,2
107448,4.77425,49.51618,2
107449,4.77794,49.51542,2
107450,4.77759,49.5155,2
107451,4.771968,49.514908,2
107452,4.77528,49.5158,2
107453,4.7762,49.51582,2
107454,4.77655,49.51574,2
107455,4.77724,49.51558,2
107456,4.77345,49.51587,2
107457,4.7769,49.51566,2
107458,4.77586,49.5159,2
107459,4.77521,49.51515,2
107460,4.77319,49.5154,2
107461,4.76616,49.51703,2
107462,4.77268,49.51496,2
107463,4.76616,49.51703,2
107464,4.77317,49.51569,2
107465,4.76616,49.51703,2
107466,4.77294,49.51497,2
107467,4.77315,49.51486,2
107468,4.76616,49.51703,2
107469,4.77338,49.51538,2
107470,4.76616,49.51703,2
107471,4.7732,49.51498,2
107472,4.76616,49.51703,2
107473,4.77429,49.51498,2
107474,4.77005,49.51622,2
107475,4.772204,49.514922,2
107476,4.771968,49.514908,2
107477,4.771415,49.514884,2
107478,4.77183,49.514902,2
107479,4.771291,49.514886,2
107480,4.77276,49.51485,2
107481,4.76982,49.51523,2
107482,4.770309,49.514843,2
107483,4.76975,49.514702,2
107484,4.76994,49.51617,2
107485,4.77481,49.51656,2
107486,4.77481,49.51656,2
107487,4.76964,49.51481,2
107488,4.76935,49.51479,2
107489,4.76958,49.51469,2
107490,4.76878,49.51461,2
107491,4.76864,49.51471,2
107492,4.76906,49.51477,2
107493,4.76843,49.51454,2
107494,4.76813,49.51461,2
107495,4.76813,49.51461,2
107496,4.76825,49.51415,2
107497,4.76891,49.51444,2
107498,4.76891,49.51444,2
107499,4.76789,49.51493,2
107500,4.769842,49.514026,2
107501,4.76689,49.51521,2
107502,4.76789,49.51493,2
107503,4.76689,49.51521,2
107504,4.76789,49.51493,2
107505,4.76808,49.51448,2
107506,4.76808,49.51448,2
107507,4.76806,49.51414,2
107508,4.76752,49.51446,2
107509,4.76709,49.51421,2
107510,4.76776,49.5144,2
107511,4.76742,49.5143,2
107512,4.76641,49.51402,2
107513,4.76641,49.51402,2
107514,4.76641,49.51402,2
107515,4.76641,49.51402,2
107516,4.76641,49.51402,2
107517,4.76684,49.51426,2
107518,4.7663,49.5146,2
107519,4.76624,49.51459,2
107520,4.76641,49.51402,2
107521,4.76604,49.51513,2
107522,4.7667,49.51525,2
107523,4.76637,49.51519,2
107524,4.76692,49.51517,2
107525,4.76689,49.51521,2
107526,4.76689,49.51521,2
107527,4.76877,49.51559,2
107528,4.76935,49.51569,2
107529,4.76703,49.51531,2
107530,4.76689,49.51521,2
107531,4.7677,49.51543,2
107532,4.76737,49.51537,2
107533,4.76818,49.51549,2
107534,4.76689,49.51521,2
107535,4.77005,49.51622,2
107536,4.77005,49.51622,2
107537,4.77005,49.51622,2
107538,4.77005,49.51622,2
107539,4.77005,49.51622,2
107540,4.76511,49.51494,2
107541,4.77005,49.51622,2
107542,4.76511,49.51494,2
107543,4.76509,49.51506,2
107544,4.76489,49.51515,2
107545,4.76488,49.51523,2
107546,4.76486,49.51531,2
107547,4.76485,49.51539,2
107548,4.76502,49.51542,2
107549,4.76507,49.51518,2
107550,4.76507,49.51518,2
107551,4.765,49.51555,2
107552,4.76497,49.51575,2
107553,4.76497,49.51575,2
107554,4.76497,49.51575,2
107555,4.76484,49.51547,2
107556,4.75803,49.51333,2
107557,4.76479,49.51574,2
107558,4.7649,49.52091,2
107559,4.76497,49.51575,2
107560,4.76497,49.51575,2
107561,4.76482,49.51555,2
107562,4.76265,49.51557,2
107563,4.76497,49.51575,2
107564,4.76488,49.51621,2
107565,4.76497,49.51575,2
107566,4.76486,49.51633,2
107567,4.76485,49.51666,2
107568,4.76468,49.51633,2
107569,4.7644,49.5163,2
107570,4.7644,49.5163,2
107571,4.76483,49.51727,2
107572,4.76485,49.51787,2
107573,4.76487,49.51848,2
107574,4.76469,49.51848,2
107575,4.76471,49.52031,2
107576,4.75803,49.51333,2
107577,4.76489,49.51969,2
107578,4.76488,49.51908,2
107579,4.76473,49.51608,2
107580,4.7644,49.5163,2
107581,4.76369,49.51619,2
107582,4.7768,49.51503,2
107583,4.76369,49.51619,2
107584,4.7642,49.51615,2
107585,4.76296,49.51615,2
107586,4.76223,49.51613,2
107587,5.25085,49.56834,2
107588,5.240923,49.572852,2
107589,5.240923,49.572852,2
107590,5.242642,49.573673,2
107591,5.24393,49.57412,2
107592,5.24304,49.57381,2
107593,5.24357,49.57397,2
107594,5.24373,49.57401,2
107595,5.24366,49.57412,2
107596,5.241419,49.573307,2
107597,5.241419,49.573307,2
107598,5.24389,49.57406,2
107599,5.24405,49.5741,2
107600,5.2442,49.57414,2
107601,5.24436,49.57418,2
107602,5.242642,49.573673,2
107603,5.24414,49.57425,2
107604,5.23946,49.569957,2
107605,5.24461,49.57392,2
107606,5.25085,49.56834,2
107607,5.24574,49.57298,2
107608,5.25085,49.56834,2
107609,5.24666,49.57185,2
107610,5.25085,49.56834,2
107611,5.24715,49.57057,2
107612,5.25085,49.56834,2
107613,5.25085,49.56834,2
107614,5.25085,49.56834,2
107615,5.25085,49.56834,2
107616,5.25085,49.56834,2
107617,5.25085,49.56834,2
107618,5.25085,49.56834,2
107619,5.24731,49.57063,2
107620,5.248,49.5774,2
107621,5.24491,49.57382,2
107622,5.23957,49.57599,2
107623,5.24307,49.57459,2
107624,5.24432,49.57437,2
107625,5.24244,49.57383,2
107626,5.24426,49.57433,2
107627,5.24246,49.57586,2
107628,5.24417,49.57446,2
107629,5.24206,49.57549,2
107630,5.24413,49.57453,2
107631,5.241794,49.575527,2
107632,5.24409,49.57459,2
107633,5.23943,49.57598,2
107634,5.24465,49.57478,2
107635,5.24547,49.57521,2
107636,5.24619,49.57573,2
107637,5.24699,49.57646,2
107638,5.24799,49.57732,2
107639,5.24917,49.57809,2
107640,5.23961,49.57599,2
107641,5.23948,49.57598,2
107642,5.23939,49.57597,2
107643,5.23929,49.57596,2
107644,5.23929,49.57596,2
107645,5.23952,49.57598,2
107646,5.241942,49.574481,2
107647,5.242999,49.574356,2
107648,5.24246,49.57377,2
107649,5.24241,49.57392,2
107650,5.24237,49.574,2
107651,5.24234,49.57409,2
107652,5.2423,49.57417,2
107653,5.24226,49.57425,2
107654,5.24222,49.57435,2
107655,5.24218,49.57447,2
107656,5.24214,49.57458,2
107657,5.24209,49.57469,2
107658,5.24205,49.5748,2
107659,5.24246,49.57586,2
107660,5.24246,49.57586,2
107661,5.24246,49.57586,2
107662,5.24246,49.57586,2
107663,5.24179,49.57529,2
107664,5.24179,49.57529,2
107665,5.24171,49.57555,2
107666,5.24221,49.57571,2
107667,5.24221,49.57571,2
107668,5.24217,49.57593,2
107669,5.24205,49.57615,2
107670,5.24193,49.57603,2
107671,5.24125,49.57645,2
107672,5.24152,49.57603,2
107673,5.24125,49.57645,2
107674,5.24179,49.57529,2
107675,5.24148,49.57588,2
107676,5.24132,49.57568,2
107677,5.24103,49.57566,2
107678,5.24147,49.57553,2
107679,5.2415,49.57536,2
107680,5.23934,49.57597,2
107681,5.23943,49.57598,2
107682,5.23925,49.57596,2
107683,5.240474,49.575639,2
107684,5.23916,49.57595,2
107685,5.24031,49.57573,2
107686,5.24307,49.57459,2
107687,5.23907,49.57594,2
107688,5.23948,49.57642,2
107689,5.23949,49.5763,2
107690,5.24007,49.57616,2
107691,5.23902,49.57593,2
107692,5.24116,49.57543,2
107693,5.23884,49.57591,2
107694,5.23891,49.5761,2
107695,5.23897,49.57593,2
107696,5.24116,49.57543,2
107697,5.23923,49.57572,2
107698,5.23974,49.57577,2
107699,5.23888,49.57592,2
107700,5.23898,49.57581,2
107701,5.24307,49.57459,2
107702,5.24304,49.57381,2
107703,5.24307,49.57459,2
107704,5.24307,49.57459,2
107705,5.22346,49.61454,2
107706,5.22295,49.61536,2
107707,5.220856,49.615456,2
107708,5.22486,49.61393,2
107709,5.22304,49.61519,2
107710,5.239618,49.60655,2
107711,5.23442,49.61309,2
107712,5.224233,49.616957,2
107713,5.21662,49.61688,2
107714,5.21655,49.61593,2
107715,5.216562,49.615828,2
107716,5.21731,49.61544,2
107717,5.21809,49.61544,2
107718,5.21731,49.61556,2
107719,5.21809,49.61556,2
107720,5.21917,49.61554,2
107721,5.22023,49.61551,2
107722,5.22081,49.61549,2
107723,5.216974,49.615539,2
107724,5.22128,49.61546,2
107725,5.220883,49.615446,2
107726,5.22021,49.6154,2
107727,5.2208,49.61537,2
107728,5.22135,49.61534,2
107729,5.22162,49.61544,2
107730,5.22197,49.61542,2
107731,5.22304,49.61519,2
107732,5.22254,49.61539,2
107733,5.22295,49.61536,2
107734,5.2225,49.61527,2
107735,5.22226,49.61513,2
107736,5.22222,49.6153,2
107737,5.22236,49.61529,2
107738,5.22226,49.61513,2
107739,5.22187,49.61531,2
107740,5.22226,49.61513,2
107741,5.222955,49.614417,2
107742,5.22304,49.61519,2
107743,5.22262,49.61493,2
107744,5.22264,49.61453,2
107745,5.22288,49.61438,2
107746,5.22305,49.61449,2
107747,5.22275,49.61479,2
107748,5.22287,49.61446,2
107749,5.22322,49.61437,2
107750,5.22328,49.61457,2
107751,5.22323,49.61487,2
107752,5.22533,49.61454,2
107753,5.223154,49.614754,2
107754,5.223711,49.614821,2
107755,5.22486,49.61393,2
107756,5.22304,49.61519,2
107757,5.22313,49.61513,2
107758,5.2251,49.61397,2
107759,5.22465,49.61388,2
107760,5.224861,49.613877,2
107761,5.22562,49.61389,2
107762,5.22604,49.61404,2
107763,5.22644,49.61402,2
107764,5.227,49.61381,2
107765,5.22533,49.61454,2
107766,5.22974,49.61251,2
107767,5.23442,49.61309,2
107768,5.22985,49.6126,2
107769,5.22723,49.61386,2
107770,5.226352,49.614066,2
107771,5.22667,49.61407,2
107772,5.22615,49.61428,2
107773,5.22609,49.61416,2
107774,5.22598,49.61422,2
107775,5.225635,49.614353,2
107776,5.22561,49.61437,2
107777,5.22531,49.61448,2
107778,5.224985,49.614593,2
107779,5.22493,49.61459,2
107780,5.22452,49.61467,2
107781,5.22405,49.61478,2
107782,5.22533,49.61454,2
107783,5.22209,49.61511,2
107784,5.22581,49.61443,2
107785,5.2254,49.61458,2
107786,5.22301,49.6151,2
107787,5.2234,49.61493,2
107788,5.22343,49.61473,2
107789,5.22498,49.6147,2
107790,5.22457,49.61478,2
107791,5.22385,49.61495,2
107792,5.22312,49.61519,2
107793,5.22295,49.61536,2
107794,5.22295,49.61536,2
107795,5.222666,49.615422,2
107796,5.22295,49.61536,2
107797,5.22295,49.61536,2
107798,5.22292,49.61544,2
107799,5.22295,49.61536,2
107800,5.22295,49.61536,2
107801,5.22295,49.61536,2
107802,5.22295,49.61536,2
107803,5.22486,49.61393,2
107804,5.2243,49.61564,2
107805,5.22402,49.61554,2
107806,5.22304,49.61519,2
107807,5.22295,49.61536,2
107808,5.22295,49.61536,2
107809,5.22295,49.61536,2
107810,5.22295,49.61536,2
107811,5.22295,49.61536,2
107812,5.22295,49.61536,2
107813,5.22295,49.61536,2
107814,5.22295,49.61536,2
107815,5.22555,49.61698,2
107816,5.22295,49.61536,2
107817,5.225536,49.617007,2
107818,5.22473,49.61689,2
107819,5.22555,49.61698,2
107820,5.22436,49.61704,2
107821,5.22555,49.61698,2
107822,5.22555,49.61698,2
107823,5.22304,49.61519,2
107824,5.224275,49.615491,2
107825,5.22295,49.61536,2
107826,5.22295,49.61536,2
107827,5.22295,49.61536,2
107828,5.22295,49.61536,2
107829,5.22974,49.61251,2
107830,5.22974,49.61251,2
107831,5.22974,49.61251,2
107832,5.22353,49.6149,2
107833,4.36524,49.50852,2
107834,4.36524,49.50852,2
107835,4.36524,49.50852,2
107836,4.36524,49.50852,2
107837,4.36498,49.50834,2
107838,4.36498,49.50834,2
107839,4.36498,49.50834,2
107840,4.36498,49.50834,2
107841,4.36412,49.50754,2
107842,4.36498,49.50834,2
107843,4.36614,49.50838,2
107844,4.36614,49.50838,2
107845,4.36601,49.50827,2
107846,4.36599,49.50826,2
107847,4.36596,49.50825,2
107848,4.36594,49.50824,2
107849,4.36583,49.50817,2
107850,4.36565,49.50805,2
107851,4.36558,49.50784,2
107852,4.36534,49.50783,2
107853,4.36525,49.50777,2
107854,4.36515,49.50772,2
107855,4.36487,49.50754,2
107856,4.36487,49.50754,2
107857,4.36477,49.50748,2
107858,4.36468,49.50742,2
107859,4.36442,49.50726,2
107860,4.36438,49.50723,2
107861,4.36427,49.50733,2
107862,4.36412,49.50754,2
107863,4.36455,49.50751,2
107864,4.36471,49.5076,2
107865,4.36503,49.5078,2
107866,4.36519,49.5079,2
107867,4.36519,49.5079,2
107868,4.36552,49.50813,2
107869,4.36552,49.50813,2
107870,4.3657,49.50825,2
107871,4.3657,49.50825,2
107872,4.36619,49.50864,2
107873,4.36619,49.50864,2
107874,4.36524,49.50852,2
107875,4.36498,49.50834,2
107876,4.36485,49.50825,2
107877,4.36485,49.50825,2
107878,4.36619,49.50864,2
107879,4.36446,49.50807,2
107880,4.36446,49.50807,2
107881,4.36619,49.50864,2
107882,4.36619,49.50864,2
107883,4.36619,49.50864,2
107884,4.36594,49.50824,2
107885,4.36516,49.50746,2
107886,4.36583,49.50817,2
107887,4.36583,49.50817,2
107888,4.36583,49.50817,2
107889,4.36583,49.50817,2
107890,4.36565,49.50805,2
107891,4.36558,49.50784,2
107892,4.36558,49.50784,2
107893,4.36558,49.50784,2
107894,4.36558,49.50784,2
107895,4.36558,49.50784,2
107896,4.36516,49.50746,2
107897,4.36516,49.50746,2
107898,4.36516,49.50746,2
107899,4.36516,49.50746,2
107900,4.36516,49.50746,2
107901,4.36516,49.50746,2
107902,4.36516,49.50746,2
107903,4.36559,49.5077,2
107904,4.36559,49.5077,2
107905,4.36559,49.5077,2
107906,4.36559,49.5077,2
107907,4.36515,49.50772,2
107908,4.36509,49.50751,2
107909,4.36496,49.5076,2
107910,4.36487,49.50754,2
107911,4.36487,49.50754,2
107912,4.36487,49.50754,2
107913,4.36487,49.50754,2
107914,4.36477,49.50748,2
107915,4.36468,49.50742,2
107916,4.36445,49.50723,2
107917,4.36438,49.50723,2
107918,4.36427,49.50733,2
107919,4.36412,49.50754,2
107920,4.36412,49.50754,2
107921,4.36455,49.50751,2
107922,4.36471,49.5076,2
107923,4.36471,49.5076,2
107924,4.36471,49.5076,2
107925,4.36471,49.5076,2
107926,4.36487,49.5077,2
107927,4.36487,49.5077,2
107928,4.36487,49.5077,2
107929,4.36503,49.5078,2
107930,4.36503,49.5078,2
107931,4.36619,49.50864,2
107932,4.36503,49.5078,2
107933,4.36503,49.5078,2
107934,4.36619,49.50864,2
107935,4.36503,49.5078,2
107936,4.36552,49.50813,2
107937,4.36619,49.50864,2
107938,4.36552,49.50813,2
107939,4.36552,49.50813,2
107940,4.3657,49.50825,2
107941,4.3657,49.50825,2
107942,4.3657,49.50825,2
107943,4.3657,49.50825,2
107944,4.3654,49.50846,2
107945,4.3654,49.50846,2
107946,4.36619,49.50864,2
107947,4.36619,49.50864,2
107948,4.36619,49.50864,2
107949,4.36619,49.50864,2
107950,4.36619,49.50864,2
107951,4.36511,49.50843,2
107952,4.36498,49.50834,2
107953,4.36606,49.50841,2
107954,4.36446,49.50807,2
107955,4.36446,49.50807,2
107956,4.36446,49.50807,2
107957,4.36446,49.50807,2
107958,4.36446,49.50807,2
107959,4.36446,49.50807,2
107960,4.36503,49.5078,2
107961,4.37094,49.5066,2
107962,4.37086,49.5066,2
107963,4.37078,49.5066,2
107964,4.37071,49.50659,2
107965,4.37063,49.50659,2
107966,4.37048,49.50658,2
107967,4.3704,49.50658,2
107968,4.37032,49.50658,2
107969,4.37025,49.50658,2
107970,4.37017,49.50657,2
107971,4.37009,49.50657,2
107972,4.36833,49.50576,2
107973,4.37002,49.50657,2
107974,4.36994,49.50656,2
107975,4.36986,49.50656,2
107976,4.36979,49.50656,2
107977,4.36952,49.50656,2
107978,4.36952,49.50656,2
107979,4.37117,49.50661,2
107980,4.37126,49.50661,2
107981,4.37136,49.50661,2
107982,4.37145,49.5066,2
107983,4.36823,49.50589,2
107984,4.37155,49.5066,2
107985,4.36823,49.50589,2
107986,4.36823,49.50589,2
107987,4.37164,49.5066,2
107988,4.36823,49.50589,2
107989,4.36823,49.50589,2
107990,4.37174,49.5066,2
107991,4.36823,49.50589,2
107992,4.37183,49.5066,2
107993,4.37193,49.5066,2
107994,4.36834,49.50636,2
107995,4.37202,49.50659,2
107996,4.37212,49.50659,2
107997,4.37401,49.50675,2
107998,4.37118,49.50673,2
107999,4.37129,49.50672,2
108000,4.3714,49.50672,2
108001,4.37151,49.50672,2
108002,4.37161,49.50672,2
108003,4.37172,49.50672,2
108004,4.37183,49.50671,2
108005,4.37194,49.50671,2
108006,4.37205,49.50671,2
108007,4.36525,49.50743,2
108008,4.37215,49.50671,2
108009,4.36525,49.50743,2
108010,4.36771,49.506,2
108011,4.37325,49.50672,2
108012,4.36525,49.50743,2
108013,4.37109,49.50673,2
108014,4.37102,49.50672,2
108015,4.37095,49.50672,2
108016,4.37089,49.50672,2
108017,4.37082,49.50672,2
108018,4.37076,49.50671,2
108019,4.37069,49.50671,2
108020,4.37063,49.50671,2
108021,4.37056,49.50671,2
108022,4.37049,49.5067,2
108023,4.37043,49.5067,2
108024,4.37036,49.5067,2
108025,4.3703,49.50669,2
108026,4.37023,49.50669,2
108027,4.37016,49.50669,2
108028,4.3701,49.50669,2
108029,4.37055,49.50659,2
108030,4.37003,49.50668,2
108031,4.36997,49.50668,2
108032,4.3699,49.50668,2
108033,4.36983,49.50668,2
108034,4.36966,49.50667,2
108035,4.36967,49.50676,2
108036,4.36968,49.50685,2
108037,4.3697,49.50694,2
108038,4.36982,49.50698,2
108039,4.36996,49.50699,2
108040,4.37011,49.507,2
108041,4.37025,49.507,2
108042,4.37039,49.50701,2
108043,4.37053,49.50701,2
108044,4.37068,49.50702,2
108045,4.37082,49.50703,2
108046,4.37096,49.50703,2
108047,4.3711,49.50704,2
108048,4.37125,49.50729,2
108049,4.37125,49.50729,2
108050,4.36906,49.50482,2
108051,4.37221,49.50659,2
108052,4.36905,49.50456,2
108053,4.37375,49.50663,2
108054,4.37301,49.5066,2
108055,4.37228,49.50646,2
108056,4.37374,49.50674,2
108057,4.37374,49.50674,2
108058,4.36609,49.50741,2
108059,4.36863,49.50677,2
108060,4.3681,49.50636,2
108061,4.36863,49.50677,2
108062,4.3681,49.50636,2
108063,4.36863,49.50677,2
108064,4.37416,49.50701,2
108065,4.36863,49.50677,2
108066,4.3681,49.50636,2
108067,4.3681,49.50636,2
108068,4.36863,49.50677,2
108069,4.36863,49.50677,2
108070,4.3681,49.50636,2
108071,4.3681,49.50636,2
108072,4.3681,49.50636,2
108073,4.3681,49.50636,2
108074,4.36863,49.50677,2
108075,4.3681,49.50636,2
108076,4.3681,49.50636,2
108077,4.36927,49.50655,2
108078,4.36916,49.50655,2
108079,4.36906,49.50654,2
108080,4.36896,49.50653,2
108081,4.36886,49.50652,2
108082,4.36875,49.50652,2
108083,4.36865,49.50651,2
108084,4.36855,49.5065,2
108085,4.36948,49.5063,2
108086,4.36948,49.5063,2
108087,4.36834,49.50636,2
108088,4.37337,49.50667,2
108089,4.36752,49.50703,2
108090,4.36774,49.50676,2
108091,4.36809,49.50633,2
108092,4.36809,49.50633,2
108093,4.36848,49.50689,2
108094,4.36819,49.50626,2
108095,4.36831,49.50605,2
108096,4.36843,49.50589,2
108097,4.36855,49.50574,2
108098,4.36866,49.50559,2
108099,4.36878,49.50544,2
108100,4.37276,49.5067,2
108101,4.36902,49.50463,2
108102,4.36744,49.50591,2
108103,4.36781,49.50642,2
108104,4.36918,49.50456,2
108105,4.36753,49.50362,2
108106,4.36685,49.50316,2
108107,4.36758,49.50423,2
108108,4.36832,49.50506,2
108109,4.36864,49.50536,2
108110,4.36864,49.50536,2
108111,4.36833,49.50576,2
108112,4.36823,49.50589,2
108113,4.3668,49.50667,2
108114,4.36813,49.50602,2
108115,4.36792,49.50629,2
108116,4.36751,49.50579,2
108117,4.36744,49.50591,2
108118,4.366852,49.506749,2
108119,4.36792,49.50629,2
108120,4.36781,49.50642,2
108121,4.3677,49.50655,2
108122,4.3676,49.50669,2
108123,4.36737,49.50672,2
108124,4.36689,49.50666,2
108125,4.36695,49.50695,2
108126,4.36666,49.5071,2
108127,4.36595,49.50763,2
108128,4.36569,49.5076,2
108129,4.36516,49.50746,2
108130,4.3658,49.50756,2
108131,4.3658,49.50756,2
108132,4.36569,49.5076,2
108133,4.36526,49.50757,2
108134,4.36467,49.50721,2
108135,4.36463,49.50719,2
108136,4.36412,49.50754,2
108137,4.36412,49.50754,2
108138,4.365694,49.507101,2
108139,4.36503,49.507067,2
108140,4.36503,49.507067,2
108141,4.365708,49.50711,2
108142,4.365694,49.507101,2
108143,4.365637,49.507075,2
108144,4.365694,49.507101,2
108145,4.36568,49.507101,2
108146,4.365274,49.506964,2
108147,4.365274,49.506964,2
108148,4.36503,49.507067,2
108149,4.36606,49.50841,2
108150,4.365694,49.507101,2
108151,4.365274,49.506964,2
108152,4.365274,49.506964,2
108153,4.365274,49.506964,2
108154,4.365274,49.506964,2
108155,4.365288,49.506955,2
108156,4.365288,49.506955,2
108157,4.36503,49.507067,2
108158,4.37099,49.50641,2
108159,4.37103,49.50662,2
108160,4.36863,49.50677,2
108161,4.36848,49.50689,2
108162,4.365274,49.506964,2
108163,4.374,49.50685,2
108164,4.37398,49.50696,2
108165,4.37419,49.50676,2
108166,4.37417,49.50689,2
108167,4.37148,49.50621,2
108168,4.3689,49.5044,2
108169,4.3689,49.5044,2
108170,4.374,49.50706,2
108171,4.37404,49.50717,2
108172,4.37421,49.50713,2
108173,4.365139,49.507038,2
108174,4.36638,49.50726,2
108175,4.36771,49.506,2
108176,4.36752,49.50703,2
108177,4.36764,49.50688,2
108178,4.36783,49.50665,2
108179,4.36792,49.50654,2
108180,4.3681,49.50636,2
108181,4.3681,49.50636,2
108182,4.3681,49.50636,2
108183,4.3681,49.50636,2
108184,4.3681,49.50636,2
108185,4.36831,49.50652,2
108186,4.36702,49.50706,2
108187,4.36848,49.50689,2
108188,4.36874,49.5072,2
108189,4.36923,49.50738,2
108190,4.36923,49.50738,2
108191,4.36942,49.50667,2
108192,4.36942,49.50667,2
108193,4.36963,49.50667,2
108194,4.36963,49.50667,2
108195,4.36952,49.50656,2
108196,4.36848,49.50647,2
108197,4.36834,49.50636,2
108198,4.36834,49.50636,2
108199,4.36848,49.50647,2
108200,4.36848,49.50647,2
108201,4.36848,49.50647,2
108202,4.36848,49.50647,2
108203,4.36848,49.50647,2
108204,4.36831,49.50605,2
108205,4.36848,49.50647,2
108206,4.36866,49.50559,2
108207,4.36866,49.50559,2
108208,4.36866,49.50559,2
108209,4.36866,49.50559,2
108210,4.36866,49.50559,2
108211,4.36878,49.50544,2
108212,4.36878,49.50544,2
108213,4.36878,49.50544,2
108214,4.3689,49.50528,2
108215,4.3689,49.50528,2
108216,4.3689,49.50528,2
108217,4.3689,49.50528,2
108218,4.3689,49.50528,2
108219,4.36902,49.50463,2
108220,4.36902,49.50463,2
108221,4.3689,49.5044,2
108222,4.3689,49.5044,2
108223,4.3689,49.5044,2
108224,4.3689,49.5044,2
108225,4.36816,49.50415,2
108226,4.36905,49.50456,2
108227,4.36797,49.50299,2
108228,4.36797,49.50299,2
108229,4.36797,49.50299,2
108230,4.36797,49.50299,2
108231,4.36797,49.50299,2
108232,4.36797,49.50299,2
108233,4.36797,49.50299,2
108234,4.36702,49.50311,2
108235,4.36802,49.50296,2
108236,4.36802,49.50296,2
108237,4.36802,49.50296,2
108238,4.36724,49.50412,2
108239,4.36866,49.50518,2
108240,4.36866,49.50518,2
108241,4.36874,49.50522,2
108242,4.36864,49.50536,2
108243,4.36854,49.50549,2
108244,4.36844,49.50562,2
108245,4.36844,49.50562,2
108246,4.36833,49.50576,2
108247,4.36833,49.50576,2
108248,4.36833,49.50576,2
108249,4.36833,49.50576,2
108250,4.36833,49.50576,2
108251,4.36833,49.50576,2
108252,4.36813,49.50602,2
108253,4.3668,49.50667,2
108254,4.3678,49.50616,2
108255,4.368,49.50612,2
108256,4.367579,49.505587,2
108257,4.367752,49.505422,2
108258,4.367658,49.505504,2
108259,4.367605,49.50555,2
108260,4.367658,49.505504,2
108261,4.367658,49.505504,2
108262,4.367605,49.50555,2
108263,4.367831,49.50534,2
108264,4.36744,49.50591,2
108265,4.36744,49.50591,2
108266,4.36744,49.50591,2
108267,4.36744,49.50591,2
108268,4.36744,49.50591,2
108269,4.36744,49.50591,2
108270,4.366824,49.506722,2
108271,4.367552,49.505605,2
108272,4.367526,49.505632,2
108273,4.36792,49.50629,2
108274,4.36792,49.50629,2
108275,4.36792,49.50629,2
108276,4.36781,49.50642,2
108277,4.36781,49.50642,2
108278,4.36781,49.50642,2
108279,4.3677,49.50655,2
108280,4.3676,49.50669,2
108281,4.3676,49.50669,2
108282,4.36713,49.50684,2
108283,4.36713,49.50684,2
108284,4.3668,49.50667,2
108285,4.3668,49.50667,2
108286,4.36676,49.50674,2
108287,4.366852,49.506749,2
108288,4.36695,49.50695,2
108289,4.36695,49.50695,2
108290,4.36695,49.50695,2
108291,4.36638,49.50726,2
108292,4.36638,49.50726,2
108293,4.36667,49.50725,2
108294,4.36667,49.50725,2
108295,4.36631,49.50744,2
108296,4.36595,49.50763,2
108297,4.36595,49.50763,2
108298,4.36525,49.50743,2
108299,4.36595,49.50763,2
108300,4.36595,49.50763,2
108301,4.36569,49.5076,2
108302,4.36569,49.5076,2
108303,4.36569,49.5076,2
108304,4.3658,49.50756,2
108305,4.3658,49.50756,2
108306,4.3658,49.50756,2
108307,4.36569,49.5076,2
108308,4.36569,49.5076,2
108309,4.36569,49.5076,2
108310,4.36569,49.5076,2
108311,4.36569,49.5076,2
108312,4.36569,49.5076,2
108313,4.36569,49.5076,2
108314,4.36569,49.5076,2
108315,4.36569,49.5076,2
108316,4.36569,49.5076,2
108317,4.36412,49.50754,2
108318,4.36526,49.50757,2
108319,4.36526,49.50757,2
108320,4.36526,49.50757,2
108321,4.36526,49.50757,2
108322,4.36526,49.50757,2
108323,4.3654,49.50749,2
108324,4.36848,49.50647,2
108325,4.36511,49.50738,2
108326,4.36482,49.50727,2
108327,4.36463,49.50719,2
108328,4.36463,49.50719,2
108329,4.36463,49.50719,2
108330,4.3646,49.50715,2
108331,4.3646,49.50715,2
108332,4.3646,49.50715,2
108333,4.3646,49.50715,2
108334,4.3646,49.50715,2
108335,4.365186,49.507514,2
108336,4.36503,49.507067,2
108337,4.365694,49.507101,2
108338,4.365694,49.507101,2
108339,4.36568,49.507101,2
108340,4.365694,49.507101,2
108341,4.365694,49.507101,2
108342,4.365288,49.506955,2
108343,4.365274,49.506964,2
108344,4.365274,49.506964,2
108345,4.37098,49.5063,2
108346,4.37099,49.50641,2
108347,4.37096,49.5062,2
108348,4.37096,49.5062,2
108349,4.37109,49.50661,2
108350,4.37102,49.50661,2
108351,4.9438,49.70481,2
108352,4.94289,49.70507,2
108353,4.94289,49.70507,2
108354,4.94319,49.70504,2
108355,4.9438,49.70481,2
108356,4.94319,49.70504,2
108357,4.9438,49.70481,2
108358,4.94449,49.70476,2
108359,4.94449,49.70476,2
108360,4.9438,49.70481,2
108361,4.9438,49.70562,2
108362,4.9438,49.70562,2
108363,4.94566,49.7054,2
108364,4.94566,49.7054,2
108365,4.94566,49.7054,2
108366,4.9438,49.70481,2
108367,4.94566,49.7054,2
108368,4.94289,49.70507,2
108369,4.94289,49.70507,2
108370,4.94289,49.70507,2
108371,4.94289,49.70507,2
108372,4.94289,49.70507,2
108373,4.94289,49.70507,2
108374,4.94289,49.70507,2
108375,4.94289,49.70507,2
108376,4.94289,49.70507,2
108377,4.94289,49.70507,2
108378,4.94289,49.70507,2
108379,4.94289,49.70507,2
108380,4.94289,49.70507,2
108381,4.94289,49.70507,2
108382,4.94289,49.70507,2
108383,4.94289,49.70507,2
108384,4.94289,49.70507,2
108385,4.94289,49.70507,2
108386,4.94289,49.70507,2
108387,4.94289,49.70507,2
108388,4.94289,49.70507,2
108389,4.94289,49.70507,2
108390,4.94289,49.70507,2
108391,4.94289,49.70507,2
108392,4.94289,49.70507,2
108393,4.94289,49.70507,2
108394,4.94289,49.70507,2
108395,4.94289,49.70507,2
108396,4.94289,49.70507,2
108397,4.94289,49.70507,2
108398,4.94289,49.70507,2
108399,4.94289,49.70507,2
108400,4.94289,49.70507,2
108401,4.94289,49.70507,2
108402,4.94289,49.70507,2
108403,4.94289,49.70507,2
108404,4.94289,49.70507,2
108405,4.94289,49.70507,2
108406,4.94289,49.70507,2
108407,4.94289,49.70507,2
108408,4.94289,49.70507,2
108409,4.94289,49.70507,2
108410,4.94289,49.70507,2
108411,4.94289,49.70507,2
108412,4.94289,49.70507,2
108413,4.94289,49.70507,2
108414,4.94289,49.70507,2
108415,4.94289,49.70507,2
108416,4.94289,49.70507,2
108417,4.94289,49.70507,2
108418,4.9438,49.70562,2
108419,4.9438,49.70562,2
108420,4.9438,49.70562,2
108421,4.9438,49.70562,2
108422,4.9438,49.70562,2
108423,4.9438,49.70562,2
108424,4.9438,49.70562,2
108425,4.9438,49.70562,2
108426,4.9438,49.70562,2
108427,4.9438,49.70562,2
108428,4.9438,49.70562,2
108429,4.9438,49.70562,2
108430,4.9438,49.70562,2
108431,4.9438,49.70562,2
108432,4.9438,49.70562,2
108433,4.9438,49.70562,2
108434,4.9438,49.70562,2
108435,4.9438,49.70562,2
108436,4.9438,49.70562,2
108437,4.9438,49.70562,2
108438,4.9438,49.70562,2
108439,4.9438,49.70562,2
108440,4.9438,49.70562,2
108441,4.9438,49.70562,2
108442,4.9438,49.70562,2
108443,4.9438,49.70562,2
108444,4.9438,49.70562,2
108445,4.9438,49.70562,2
108446,4.9438,49.70562,2
108447,4.9438,49.70562,2
108448,4.9438,49.70562,2
108449,4.9438,49.70562,2
108450,4.9438,49.70562,2
108451,4.9438,49.70562,2
108452,4.9438,49.70562,2
108453,4.9438,49.70562,2
108454,4.9438,49.70562,2
108455,4.9438,49.70562,2
108456,4.9438,49.70562,2
108457,4.9438,49.70562,2
108458,4.9438,49.70562,2
108459,4.9438,49.70562,2
108460,4.9438,49.70562,2
108461,4.9438,49.70562,2
108462,4.9438,49.70562,2
108463,4.9438,49.70562,2
108464,4.9438,49.70562,2
108465,4.94566,49.7054,2
108466,4.9438,49.70562,2
108467,4.9438,49.70562,2
108468,4.9438,49.70562,2
108469,4.94449,49.70476,2
108470,4.94449,49.70476,2
108471,4.94449,49.70476,2
108472,4.94449,49.70476,2
108473,4.94449,49.70476,2
108474,4.94449,49.70476,2
108475,4.94449,49.70476,2
108476,4.94449,49.70476,2
108477,4.94449,49.70476,2
108478,4.94449,49.70476,2
108479,4.94449,49.70476,2
108480,4.94449,49.70476,2
108481,4.94449,49.70476,2
108482,4.94449,49.70476,2
108483,4.94449,49.70476,2
108484,4.94449,49.70476,2
108485,4.94449,49.70476,2
108486,4.94449,49.70476,2
108487,4.94449,49.70476,2
108488,4.94449,49.70476,2
108489,4.94449,49.70476,2
108490,4.94449,49.70476,2
108491,4.94449,49.70476,2
108492,4.94449,49.70476,2
108493,4.94449,49.70476,2
108494,4.94449,49.70476,2
108495,4.94449,49.70476,2
108496,4.94449,49.70476,2
108497,4.94449,49.70476,2
108498,4.94449,49.70476,2
108499,4.94449,49.70476,2
108500,4.94449,49.70476,2
108501,4.94449,49.70476,2
108502,4.94449,49.70476,2
108503,4.94449,49.70476,2
108504,4.94449,49.70476,2
108505,4.94449,49.70476,2
108506,4.94449,49.70476,2
108507,4.94449,49.70476,2
108508,4.94449,49.70476,2
108509,4.94449,49.70476,2
108510,4.94449,49.70476,2
108511,4.94449,49.70476,2
108512,4.94449,49.70476,2
108513,4.94449,49.70476,2
108514,4.94449,49.70476,2
108515,4.94449,49.70476,2
108516,4.94449,49.70476,2
108517,4.94449,49.70476,2
108518,4.94449,49.70476,2
108519,4.9438,49.70562,2
108520,4.9438,49.70562,2
108521,4.9438,49.70562,2
108522,4.9438,49.70562,2
108523,4.9438,49.70562,2
108524,4.9438,49.70562,2
108525,4.9438,49.70562,2
108526,4.9438,49.70562,2
108527,4.9438,49.70562,2
108528,4.9438,49.70562,2
108529,4.9438,49.70562,2
108530,4.9438,49.70562,2
108531,4.9438,49.70562,2
108532,4.9438,49.70562,2
108533,4.9438,49.70562,2
108534,4.9438,49.70562,2
108535,4.9438,49.70562,2
108536,4.9438,49.70562,2
108537,4.9438,49.70562,2
108538,4.9438,49.70562,2
108539,4.9438,49.70562,2
108540,4.9438,49.70562,2
108541,4.9438,49.70562,2
108542,4.9438,49.70562,2
108543,4.9438,49.70562,2
108544,4.9438,49.70562,2
108545,4.9438,49.70562,2
108546,4.9438,49.70562,2
108547,4.9438,49.70562,2
108548,4.9438,49.70562,2
108549,4.9438,49.70562,2
108550,4.9438,49.70562,2
108551,4.9438,49.70562,2
108552,4.9438,49.70562,2
108553,4.9438,49.70562,2
108554,4.9438,49.70562,2
108555,4.9438,49.70562,2
108556,4.9438,49.70562,2
108557,4.9438,49.70562,2
108558,4.9438,49.70562,2
108559,4.9438,49.70562,2
108560,4.9438,49.70562,2
108561,4.9438,49.70562,2
108562,4.9438,49.70562,2
108563,4.9438,49.70562,2
108564,4.9438,49.70562,2
108565,4.9438,49.70562,2
108566,4.9438,49.70562,2
108567,4.9438,49.70562,2
108568,4.9438,49.70562,2
108569,4.94566,49.7054,2
108570,4.94566,49.7054,2
108571,4.94566,49.7054,2
108572,4.94566,49.7054,2
108573,4.94566,49.7054,2
108574,4.94566,49.7054,2
108575,4.94566,49.7054,2
108576,4.94566,49.7054,2
108577,4.94566,49.7054,2
108578,4.94566,49.7054,2
108579,4.94566,49.7054,2
108580,4.94566,49.7054,2
108581,4.94566,49.7054,2
108582,4.94566,49.7054,2
108583,4.94566,49.7054,2
108584,4.94566,49.7054,2
108585,4.94566,49.7054,2
108586,4.94566,49.7054,2
108587,4.94566,49.7054,2
108588,4.94566,49.7054,2
108589,4.94566,49.7054,2
108590,4.94566,49.7054,2
108591,4.94566,49.7054,2
108592,4.94566,49.7054,2
108593,4.94566,49.7054,2
108594,4.94566,49.7054,2
108595,4.94566,49.7054,2
108596,4.94566,49.7054,2
108597,4.94566,49.7054,2
108598,4.94566,49.7054,2
108599,4.94566,49.7054,2
108600,4.94566,49.7054,2
108601,4.94566,49.7054,2
108602,4.94566,49.7054,2
108603,4.94566,49.7054,2
108604,4.94566,49.7054,2
108605,4.94566,49.7054,2
108606,4.94566,49.7054,2
108607,4.94566,49.7054,2
108608,4.94566,49.7054,2
108609,4.94566,49.7054,2
108610,4.94566,49.7054,2
108611,4.94566,49.7054,2
108612,4.94566,49.7054,2
108613,4.94566,49.7054,2
108614,4.94566,49.7054,2
108615,4.94566,49.7054,2
108616,4.94566,49.7054,2
108617,5.30159,49.57902,2
108618,5.30051,49.57886,2
108619,5.322319,49.579811,2
108620,5.31915,49.58127,2
108621,5.30159,49.57902,2
108622,5.30051,49.57886,2
108623,5.30172,49.57909,2
108624,5.30427,49.57947,2
108625,5.30159,49.57902,2
108626,5.30159,49.57902,2
108627,5.30159,49.57902,2
108628,5.30143,49.57905,2
108629,5.30159,49.57902,2
108630,5.30159,49.57902,2
108631,5.30189,49.57899,2
108632,5.30159,49.57902,2
108633,5.30297,49.57846,2
108634,5.30297,49.57846,2
108635,5.30297,49.57846,2
108636,5.30159,49.57902,2
108637,5.32075,49.58177,2
108638,5.32075,49.58177,2
108639,5.31993,49.5813,2
108640,5.32075,49.58177,2
108641,5.32075,49.58177,2
108642,5.32075,49.58177,2
108643,5.32075,49.58177,2
108644,5.32075,49.58177,2
108645,5.32075,49.58177,2
108646,5.32075,49.58177,2
108647,5.30159,49.57902,2
108648,5.303586,49.578573,2
108649,5.303586,49.578573,2
108650,5.30159,49.57902,2
108651,5.303586,49.578573,2
108652,5.32075,49.58177,2
108653,5.30427,49.57947,2
108654,5.30159,49.57902,2
108655,5.30427,49.57947,2
108656,5.30159,49.57902,2
108657,5.30159,49.57902,2
108658,5.30159,49.57902,2
108659,5.30159,49.57902,2
108660,5.30003,49.5789,2
108661,5.30031,49.57893,2
108662,5.30159,49.57902,2
108663,5.30159,49.57902,2
108664,5.30159,49.57902,2
108665,5.30159,49.57902,2
108666,5.30159,49.57902,2
108667,5.30159,49.57902,2
108668,5.30297,49.57846,2
108669,5.30297,49.57846,2
108670,5.30297,49.57846,2
108671,5.30159,49.57902,2
108672,5.30159,49.57902,2
108673,5.30159,49.57902,2
108674,5.30427,49.57947,2
108675,5.30427,49.57947,2
108676,5.30427,49.57947,2
108677,5.30427,49.57947,2
108678,5.32075,49.58177,2
108679,5.32075,49.58177,2
108680,5.32075,49.58177,2
108681,5.32075,49.58177,2
108682,5.32075,49.58177,2
108683,5.31915,49.58127,2
108684,5.32075,49.58177,2
108685,5.320892,49.581176,2
108686,5.32075,49.58177,2
108687,5.32075,49.58177,2
108688,5.32075,49.58177,2
108689,5.32075,49.58177,2
108690,4.128164,49.749626,2
108691,4.11794,49.73955,2
108692,4.118109,49.739588,2
108693,4.11715,49.739108,2
108694,4.11632,49.74116,2
108695,4.11835,49.74091,2
108696,4.13289,49.74692,2
108697,4.76378,49.86104,2
108698,4.75725,49.86436,2
108699,4.75725,49.86436,2
108700,4.75853,49.86445,2
108701,4.75725,49.86436,2
108702,4.75725,49.86436,2
108703,4.75963,49.85912,2
108704,4.76188,49.86191,2
108705,4.76188,49.86191,2
108706,4.73856,49.85912,2
108707,4.75976,49.85913,2
108708,4.75725,49.86436,2
108709,4.110381,49.761231,2
108710,4.108678,49.761301,2
108711,4.108678,49.761301,2
108712,4.11528,49.76844,2
108713,4.10922,49.76134,2
108714,4.14045,49.76235,2
108715,4.13575,49.761891,2
108716,4.13362,49.76235,2
108717,4.13336,49.76243,2
108718,4.13362,49.76235,2
108719,4.1248,49.76137,2
108720,4.1248,49.76137,2
108721,4.757746,49.685991,2
108722,4.75357,49.68481,2
108723,4.75292,49.68369,2
108724,4.753083,49.686066,2
108725,4.753326,49.685064,2
108726,4.75383,49.68526,2
108727,4.75357,49.68481,2
108728,4.75332,49.68807,2
108729,4.83148,50.13368,2
108730,4.83238,50.1338,2
108731,4.83134,50.13366,2
108732,4.82805,50.13365,2
108733,4.82814,50.1338,2
108734,4.82871,50.13444,2
108735,4.82871,50.13444,2
108736,4.82871,50.13444,2
108737,4.82779,50.13438,2
108738,4.82957,50.13316,2
108739,4.82985,50.13305,2
108740,4.82957,50.13316,2
108741,4.82278,50.13297,2
108742,4.82857,50.13535,2
108743,4.82857,50.13535,2
108744,4.82682,50.13436,2
108745,4.83456,50.13224,2
108746,4.82857,50.13535,2
108747,4.82856,50.1349,2
108748,4.82833,50.13391,2
108749,4.83162,50.13346,2
108750,4.82857,50.13535,2
108751,4.70875,50.00897,2
108752,4.70537,50.00933,2
108753,4.70444,50.00923,2
108754,4.70448,50.0101,2
108755,4.70517,50.0101,2
108756,4.69898,50.00348,2
108757,4.70715,50.00931,2
108758,4.70565,50.01015,2
108759,4.74687,49.7745,2
108760,4.74648,49.77333,2
108761,4.74648,49.77333,2
108762,4.74328,49.77425,2
108763,4.74328,49.77425,2
108764,4.74347,49.77398,2
108765,4.74328,49.77425,2
108766,4.7426,49.7751,2
108767,4.7426,49.7751,2
108768,4.74264,49.77525,2
108769,4.74189,49.7762,2
108770,4.74185,49.78067,2
108771,5.263766,49.557129,2
108772,5.265277,49.556247,2
108773,5.26521,49.55636,2
108774,5.288887,49.561488,2
108775,4.77567,49.51585,2
108776,4.781639,49.515108,2
108777,4.781656,49.515171,2
108778,4.770613,49.514855,2
108779,4.77005,49.51622,2
108780,4.77149,49.516455,2
108781,4.76641,49.51402,2
108782,4.76641,49.51402,2
108783,4.76689,49.51521,2
108784,4.76495,49.51358,2
108785,4.75824,49.51698,2
108786,4.76403,49.51332,2
108787,4.76265,49.51557,2
108788,4.7649,49.51436,2
108789,4.76235,49.51257,2
108790,4.76616,49.51703,2
108791,4.76492,49.51499,2
108792,4.76425,49.5134,2
108793,4.76374,49.51308,2
108794,4.76403,49.51332,2
108795,4.75803,49.51333,2
108796,4.7649,49.51436,2
108797,4.75803,49.51333,2
108798,4.76806,49.51414,2
108799,4.75824,49.51698,2
108800,4.77005,49.51622,2
108801,5.24242,49.57406,2
108802,5.242642,49.573673,2
108803,5.25085,49.56834,2
108804,5.248,49.5774,2
108805,5.24103,49.57566,2
108806,5.24103,49.57566,2
108807,5.23911,49.57594,2
108808,5.241383,49.575105,2
108809,5.24307,49.57459,2
108810,5.238397,49.575824,2
108811,5.221685,49.615427,2
108812,5.223742,49.61438,2
108813,5.22304,49.61519,2
108814,5.22304,49.61519,2
108815,5.22301,49.6151,2
108816,5.222454,49.615085,2
108817,5.22295,49.61536,2
108818,5.22304,49.61519,2
108819,5.22295,49.61536,2
108820,5.23442,49.61309,2
108821,5.22369,49.61418,2
108822,4.36446,49.50807,2
108823,4.36446,49.50807,2
108824,4.36591,49.50823,2
108825,4.3654,49.50846,2
108826,4.3654,49.50846,2
108827,4.36619,49.50864,2
108828,4.36619,49.50864,2
108829,4.36642,49.50818,2
108830,4.36862,49.50701,2
108831,4.36784,49.50653,2
108832,4.36784,49.50653,2
108833,4.36797,49.50299,2
108834,4.36792,49.50392,2
108835,4.36802,49.50296,2
108836,4.36641,49.50729,2
108837,4.37125,49.50729,2
108838,4.36752,49.50703,2
108839,4.3689,49.50528,2
108840,4.36918,49.50456,2
108841,4.368071,49.504779,2
108842,4.36864,49.50536,2
108843,4.36781,49.50642,2
108844,4.36555,49.50755,2
108845,4.36525,49.50743,2
108846,4.365637,49.507075,2
108847,4.3681,49.50636,2
108848,4.3681,49.50636,2
108849,4.94289,49.70507,2
108850,4.94449,49.70476,2
108851,4.9438,49.70562,2
108852,4.94566,49.7054,2
108853,4.94289,49.70507,2
108854,4.94566,49.7054,2
108855,4.94566,49.7054,2
108856,4.94566,49.7054,2
108857,5.30427,49.57947,2
108858,5.30427,49.57947,2
108859,5.30427,49.57947,2
108860,5.32075,49.58177,2
108861,5.30051,49.57886,2
108862,5.30165,49.57499,2
108863,5.30159,49.57902,2
108864,5.30427,49.57947,2
108865,5.30159,49.57902,2
