"ID","Longitude","Latitude","ServiceTime (min)"
116866,4.35803,49.86269,2
116867,4.37921,49.86932,2
116868,4.37806,49.86932,2
116869,4.3582,49.86279,2
116870,4.37921,49.86932,2
116871,4.36131,49.86562,2
116872,4.38251,49.87004,2
116873,4.3578,49.86411,2
116874,4.35728,49.86104,2
116875,4.354908,49.865475,2
116876,4.37009,49.87189,2
116877,4.37848,49.87389,2
116878,4.37848,49.87389,2
116879,4.37813,49.87261,2
116880,4.37813,49.87261,2
116881,4.37813,49.87261,2
116882,4.38237,49.8698,2
116883,4.37813,49.87261,2
116884,4.38237,49.8698,2
116885,4.37813,49.87261,2
116886,4.37813,49.87261,2
116887,4.37813,49.87261,2
116888,4.38256,49.8703,2
116889,4.38291,49.87238,2
116890,4.38323,49.87254,2
116891,4.38278,49.87292,2
116892,4.38226,49.87327,2
116893,4.36131,49.86562,2
116894,4.3826,49.87116,2
116895,4.38171,49.87361,2
116896,4.37782,49.87068,2
116897,4.38284,49.87137,2
116898,4.37921,49.86932,2
116899,4.37921,49.86932,2
116900,4.38218,49.8693,2
116901,4.38159,49.86911,2
116902,4.36399,49.85845,2
116903,4.38267,49.87074,2
116904,4.38306,49.87198,2
116905,4.38032,49.8692,2
116906,4.38248,49.87068,2
116907,4.37623,49.87275,2
116908,4.38273,49.87163,2
116909,4.38292,49.87209,2
116910,4.37921,49.86932,2
116911,4.38238,49.87028,2
116912,4.38225,49.86963,2
116913,4.38231,49.86995,2
116914,4.38293,49.87226,2
116915,4.38228,49.8723,2
116916,4.38261,49.87228,2
116917,4.38195,49.87232,2
116918,4.38249,49.87241,2
116919,4.38163,49.87235,2
116920,4.37813,49.87261,2
116921,4.3813,49.87237,2
116922,4.38097,49.87239,2
116923,4.35724,49.86171,2
116924,4.38065,49.87241,2
116925,4.35724,49.86171,2
116926,4.38164,49.87246,2
116927,4.3808,49.87252,2
116928,4.38122,49.87249,2
116929,4.38038,49.87254,2
116930,4.37949,49.87246,2
116931,4.38371,49.87231,2
116932,4.36087,49.86422,2
116933,4.37894,49.8725,2
116934,4.3784,49.87254,2
116935,4.38032,49.87243,2
116936,4.38006,49.87369,2
116937,4.38012,49.87283,2
116938,4.37813,49.87261,2
116939,4.37954,49.87374,2
116940,4.38248,49.87068,2
116941,4.37901,49.87379,2
116942,4.35569,49.864186,2
116943,4.37849,49.87384,2
116944,4.37796,49.87389,2
116945,4.37294,49.86525,2
116946,4.3773,49.87261,2
116947,4.37744,49.87393,2
116948,4.37851,49.87395,2
116949,4.37813,49.87261,2
116950,4.37294,49.86525,2
116951,4.37973,49.87468,2
116952,4.38237,49.8698,2
116953,4.38237,49.8698,2
116954,4.38236,49.86925,2
116955,4.38241,49.86951,2
116956,4.3578,49.86411,2
116957,4.38246,49.86978,2
116958,4.38251,49.87004,2
116959,4.38251,49.87004,2
116960,4.38237,49.8698,2
116961,4.38237,49.8698,2
116962,4.37785,49.87257,2
116963,4.36131,49.86562,2
116964,4.37732,49.87273,2
116965,4.37545,49.87202,2
116966,4.37622,49.87268,2
116967,4.37472,49.87052,2
116968,4.37575,49.87223,2
116969,4.37549,49.87173,2
116970,4.37528,49.87168,2
116971,4.37416,49.87006,2
116972,4.37436,49.87023,2
116973,4.37513,49.87142,2
116974,4.3751,49.87104,2
116975,4.37528,49.87133,2
116976,4.3749,49.87102,2
116977,4.37454,49.87041,2
116978,4.37423,49.8696,2
116979,4.37466,49.87061,2
116980,4.37493,49.87075,2
116981,4.37502,49.87122,2
116982,4.37476,49.87046,2
116983,4.374622,49.870256,2
116984,4.37423,49.86994,2
116985,4.37478,49.87081,2
116986,4.37394,49.86969,2
116987,4.37375,49.86972,2
116988,4.37395,49.86989,2
116989,4.37294,49.86525,2
116990,4.37453,49.87018,2
116991,4.37501,49.87287,2
116992,4.38371,49.87231,2
116993,4.37442,49.87301,2
116994,4.37294,49.86525,2
116995,4.37813,49.87261,2
116996,4.37294,49.86525,2
116997,4.37331,49.87296,2
116998,4.37294,49.86525,2
116999,4.37376,49.87294,2
117000,4.37294,49.86525,2
117001,4.37294,49.87298,2
117002,4.37268,49.87298,2
117003,4.37593,49.87286,2
117004,4.37242,49.87298,2
117005,4.37216,49.87298,2
117006,4.36892,49.87325,2
117007,4.37164,49.87298,2
117008,4.37629,49.87363,2
117009,4.37672,49.87418,2
117010,4.37638,49.87382,2
117011,4.37651,49.874,2
117012,4.37921,49.86932,2
117013,4.37691,49.87398,2
117014,4.3745,49.8732,2
117015,4.37519,49.8734,2
117016,4.37682,49.86937,2
117017,4.37412,49.87301,2
117018,4.37423,49.8696,2
117019,4.3824,49.87301,2
117020,4.37488,49.8734,2
117021,4.37423,49.8696,2
117022,4.3578,49.86411,2
117023,4.37527,49.87359,2
117024,4.37565,49.87379,2
117025,4.37603,49.87398,2
117026,4.37642,49.87418,2
117027,4.3768,49.87437,2
117028,4.37787,49.87487,2
117029,4.37787,49.87487,2
117030,4.38371,49.87231,2
117031,4.37787,49.87487,2
117032,4.35724,49.86171,2
117033,4.37791,49.87483,2
117034,4.37881,49.87515,2
117035,4.379676,49.874626,2
117036,4.37973,49.87468,2
117037,4.37881,49.87515,2
117038,4.37967,49.87465,2
117039,4.37924,49.8749,2
117040,4.37973,49.87468,2
117041,4.37973,49.87468,2
117042,4.3793,49.87529,2
117043,4.379816,49.876384,2
117044,4.37981,49.8763,2
117045,4.37952,49.87603,2
117046,4.368202,49.883818,2
117047,4.37888,49.87543,2
117048,4.3792,49.87573,2
117049,4.38237,49.8698,2
117050,4.38054,49.87414,2
117051,4.3801,49.8744,2
117052,4.37848,49.87389,2
117053,4.380871,49.873933,2
117054,4.35724,49.86171,2
117055,4.3824,49.87301,2
117056,4.38109,49.87382,2
117057,4.38175,49.87342,2
117058,4.38303,49.87259,2
117059,4.35724,49.86171,2
117060,4.36787,49.87268,2
117061,4.36897,49.87278,2
117062,4.36574,49.87085,2
117063,4.36575,49.87249,2
117064,4.37813,49.87261,2
117065,4.37813,49.87261,2
117066,4.37813,49.87261,2
117067,4.37813,49.87261,2
117068,4.37813,49.87261,2
117069,4.37813,49.87261,2
117070,4.37813,49.87261,2
117071,4.37813,49.87261,2
117072,4.37813,49.87261,2
117073,4.37813,49.87261,2
117074,4.345604,49.870892,2
117075,4.37294,49.86525,2
117076,4.37294,49.86525,2
117077,4.37294,49.86525,2
117078,4.37294,49.86525,2
117079,4.37294,49.86525,2
117080,4.36093,49.86417,2
117081,4.36093,49.86417,2
117082,4.36087,49.86422,2
117083,4.37294,49.86525,2
117084,4.35803,49.86269,2
117085,4.35724,49.86171,2
117086,4.37294,49.86525,2
117087,4.37294,49.86525,2
117088,4.37294,49.86525,2
117089,4.37294,49.86525,2
117090,4.37294,49.86525,2
117091,4.35728,49.86104,2
117092,4.37294,49.86525,2
117093,4.37294,49.86525,2
117094,4.37294,49.86525,2
117095,4.37294,49.86525,2
117096,4.35803,49.86269,2
117097,4.37294,49.86525,2
117098,4.36131,49.86562,2
117099,4.37294,49.86525,2
117100,4.37294,49.86525,2
117101,4.37294,49.86525,2
117102,4.37294,49.86525,2
117103,4.37294,49.86525,2
117104,4.37294,49.86525,2
117105,4.35898,49.86333,2
117106,4.35862,49.86314,2
117107,4.37294,49.86525,2
117108,4.37206,49.87125,2
117109,4.35952,49.86346,2
117110,4.38237,49.8698,2
117111,4.37294,49.86525,2
117112,4.38237,49.8698,2
117113,4.36048,49.86578,2
117114,4.38237,49.8698,2
117115,4.37294,49.86525,2
117116,4.37294,49.86525,2
117117,4.36087,49.86422,2
117118,4.37294,49.86525,2
117119,4.37294,49.86525,2
117120,4.35905,49.86322,2
117121,4.36087,49.86422,2
117122,4.35893,49.86316,2
117123,4.37294,49.86525,2
117124,4.37294,49.86525,2
117125,4.35971,49.86141,2
117126,4.35956,49.86157,2
117127,4.35918,49.86197,2
117128,4.35853,49.86258,2
117129,4.35724,49.86171,2
117130,4.35853,49.86258,2
117131,4.35853,49.86258,2
117132,4.36399,49.85845,2
117133,4.35853,49.86258,2
117134,4.37813,49.87261,2
117135,4.35853,49.86258,2
117136,4.35878,49.86358,2
117137,4.35853,49.86258,2
117138,4.35772,49.86297,2
117139,4.37813,49.87261,2
117140,4.35728,49.86104,2
117141,4.35728,49.86104,2
117142,4.35728,49.86104,2
117143,4.35586,49.86051,2
117144,4.35728,49.86104,2
117145,4.35719,49.86184,2
117146,4.35573,49.86059,2
117147,4.35728,49.86104,2
117148,4.35728,49.86104,2
117149,4.35728,49.86104,2
117150,4.35728,49.86104,2
117151,4.35692,49.86144,2
117152,4.3573,49.86204,2
117153,4.3573,49.86204,2
117154,4.35728,49.86104,2
117155,4.35734,49.86225,2
117156,4.35724,49.86171,2
117157,4.35716,49.86244,2
117158,4.35701,49.86253,2
117159,4.35685,49.86262,2
117160,4.35772,49.86297,2
117161,4.35772,49.86297,2
117162,4.37973,49.87468,2
117163,4.35656,49.86279,2
117164,4.35646,49.86285,2
117165,4.35635,49.86291,2
117166,4.35625,49.86298,2
117167,4.35604,49.8631,2
117168,4.35614,49.86304,2
117169,4.35772,49.86297,2
117170,4.35597,49.86318,2
117171,4.3578,49.86411,2
117172,4.3578,49.86411,2
117173,4.35623,49.86314,2
117174,4.35657,49.86294,2
117175,4.35675,49.86286,2
117176,4.35691,49.86286,2
117177,4.35707,49.86287,2
117178,4.35722,49.86287,2
117179,4.35738,49.86288,2
117180,4.35763,49.86299,2
117181,4.35752,49.86291,2
117182,4.35774,49.86306,2
117183,4.35796,49.8632,2
117184,4.35807,49.86327,2
117185,4.3567,49.86271,2
117186,4.35818,49.86335,2
117187,4.35829,49.86342,2
117188,4.37787,49.87487,2
117189,4.35808,49.86375,2
117190,4.3575,49.86427,2
117191,4.35938,49.86397,2
117192,4.35878,49.86358,2
117193,4.3581,49.86395,2
117194,4.3578,49.86422,2
117195,4.3578,49.86411,2
117196,4.3578,49.86411,2
117197,4.35747,49.86447,2
117198,4.35845,49.86358,2
117199,4.35882,49.86374,2
117200,4.35864,49.86366,2
117201,4.35919,49.8639,2
117202,4.35901,49.86382,2
117203,4.35974,49.86413,2
117204,4.35999,49.86416,2
117205,4.35987,49.86425,2
117206,4.36,49.86436,2
117207,4.37009,49.87189,2
117208,4.36009,49.86447,2
117209,4.37009,49.87189,2
117210,4.36024,49.86469,2
117211,4.37009,49.87189,2
117212,4.36031,49.8648,2
117213,4.37009,49.87189,2
117214,4.36038,49.86491,2
117215,4.37009,49.87189,2
117216,4.36045,49.86502,2
117217,4.37009,49.87189,2
117218,4.36037,49.86511,2
117219,4.36009,49.8653,2
117220,4.35981,49.86548,2
117221,4.35954,49.86567,2
117222,4.35941,49.86587,2
117223,4.35966,49.86607,2
117224,4.36048,49.86578,2
117225,4.37921,49.86932,2
117226,4.3604,49.8659,2
117227,4.36103,49.86562,2
117228,4.36071,49.86576,2
117229,4.36118,49.86511,2
117230,4.36116,49.86495,2
117231,4.36115,49.8648,2
117232,4.36131,49.86562,2
117233,4.36306,49.86683,2
117234,4.37787,49.87487,2
117235,4.36131,49.86562,2
117236,4.36343,49.86755,2
117237,4.36228,49.8663,2
117238,4.36048,49.86578,2
117239,4.36131,49.86562,2
117240,4.36131,49.86562,2
117241,4.37294,49.86525,2
117242,4.36591,49.87081,2
117243,4.37321,49.86979,2
117244,4.37289,49.87011,2
117245,4.37296,49.87023,2
117246,4.37303,49.87035,2
117247,4.3731,49.87046,2
117248,4.37316,49.87058,2
117249,4.35803,49.86269,2
117250,4.37328,49.87079,2
117251,4.37343,49.87107,2
117252,4.37358,49.87136,2
117253,4.37373,49.87164,2
117254,4.37348,49.87154,2
117255,4.37318,49.87097,2
117256,4.37297,49.87058,2
117257,4.37286,49.87039,2
117258,4.37009,49.87189,2
117259,4.37274,49.87019,2
117260,4.37009,49.87189,2
117261,4.37275,49.87025,2
117262,4.37254,49.87057,2
117263,4.37208,49.87189,2
117264,4.37228,49.87198,2
117265,4.37286,49.87195,2
117266,4.37341,49.87182,2
117267,4.37086,49.87191,2
117268,4.37162,49.87197,2
117269,4.3719,49.87194,2
117270,4.37213,49.87103,2
117271,4.372,49.87148,2
117272,4.37294,49.87035,2
117273,4.37235,49.87088,2
117274,4.37216,49.87155,2
117275,4.37219,49.8708,2
117276,4.37294,49.87035,2
117277,4.37193,49.87171,2
117278,4.37233,49.87058,2
117279,4.37294,49.87035,2
117280,4.37262,49.87016,2
117281,4.37282,49.86993,2
117282,4.37306,49.86972,2
117283,4.37331,49.86951,2
117284,4.38029,49.87334,2
117285,4.37813,49.87261,2
117286,4.36048,49.86578,2
117287,4.37921,49.86932,2
117288,4.35763,49.86239,2
117289,4.37896,49.87261,2
117290,4.3803,49.87282,2
117291,4.37851,49.87395,2
117292,4.380645,49.872473,2
117293,4.37472,49.87052,2
117294,4.374795,49.872822,2
117295,4.37611,49.87325,2
117296,4.37651,49.874,2
117297,4.37813,49.87261,2
117298,4.37791,49.87483,2
117299,4.37787,49.87487,2
117300,4.37787,49.87487,2
117301,4.37973,49.87468,2
117302,4.3793,49.87529,2
117303,4.36787,49.87268,2
117304,4.37813,49.87261,2
117305,4.37294,49.86525,2
117306,4.37294,49.86525,2
117307,4.35853,49.86258,2
117308,4.35783,49.86254,2
117309,4.358859,49.863164,2
117310,4.35736,49.86181,2
117311,4.35728,49.86104,2
117312,4.35706,49.86164,2
117313,4.35772,49.86297,2
117314,4.35966,49.86607,2
117315,4.38236,49.86925,2
117316,4.37294,49.86525,2
117317,4.38029,49.87334,2
117318,4.37611,49.87325,2
117319,4.37294,49.86525,2
117320,4.36087,49.86422,2
117321,4.37848,49.87389,2
117322,4.35941,49.86385,2
117323,4.37921,49.86932,2
117324,4.74463,49.86044,2
117325,4.74367,49.85967,2
117326,4.74376,49.85989,2
117327,4.74232,49.85888,2
117328,4.75327,49.86295,2
117329,4.74382,49.85993,2
117330,4.74389,49.85997,2
117331,4.74396,49.86002,2
117332,4.74396,49.86002,2
117333,4.74403,49.86006,2
117334,4.74409,49.8601,2
117335,4.74416,49.86014,2
117336,4.74403,49.8599,2
117337,4.74423,49.86019,2
117338,4.7443,49.86023,2
117339,4.74436,49.86027,2
117340,4.7445,49.86036,2
117341,4.74457,49.8604,2
117342,4.74463,49.86044,2
117343,4.74439,49.86013,2
117344,4.74463,49.86044,2
117345,4.74457,49.86024,2
117346,4.7447,49.86049,2
117347,4.74477,49.86053,2
117348,4.74484,49.86057,2
117349,4.7449,49.86061,2
117350,4.74475,49.86035,2
117351,4.74475,49.86035,2
117352,4.74504,49.8607,2
117353,4.74511,49.86058,2
117354,4.74493,49.86047,2
117355,4.74502,49.86082,2
117356,4.74521,49.86113,2
117357,4.74998,49.86333,2
117358,4.74558,49.86142,2
117359,4.74559,49.86173,2
117360,4.74622,49.86258,2
117361,4.74631,49.86285,2
117362,4.74578,49.86203,2
117363,4.74596,49.86231,2
117364,4.74614,49.86258,2
117365,4.74631,49.86285,2
117366,4.74799,49.86307,2
117367,4.74799,49.86307,2
117368,4.74799,49.86307,2
117369,4.748345,49.863149,2
117370,4.74536,49.86072,2
117371,4.74569,49.86088,2
117372,4.74517,49.86077,2
117373,4.74572,49.86104,2
117374,4.74608,49.86123,2
117375,4.75919,49.86135,2
117376,4.74662,49.8615,2
117377,4.74644,49.86141,2
117378,4.7459,49.86113,2
117379,4.74662,49.8615,2
117380,4.74636,49.86122,2
117381,4.7468,49.8616,2
117382,4.74698,49.86169,2
117383,4.74717,49.86178,2
117384,4.74737,49.86171,2
117385,4.74702,49.86156,2
117386,4.74286,49.85931,2
117387,4.74669,49.86139,2
117388,4.74737,49.86184,2
117389,4.74857,49.86213,2
117390,4.75082,49.86214,2
117391,4.75289,49.86147,2
117392,4.75289,49.86147,2
117393,4.74405,49.86001,2
117394,4.74914,49.86215,2
117395,4.74781,49.86195,2
117396,4.74747,49.86193,2
117397,4.74769,49.86204,2
117398,4.74792,49.86214,2
117399,4.74816,49.86225,2
117400,4.74839,49.86235,2
117401,4.75089,49.86372,2
117402,4.7504,49.8636,2
117403,4.74877,49.86237,2
117404,4.75168,49.86276,2
117405,4.75221,49.86283,2
117406,4.75274,49.86289,2
117407,4.75379,49.86301,2
117408,4.75186,49.86237,2
117409,4.75432,49.86307,2
117410,4.75299,49.8628,2
117411,4.75263,49.86276,2
117412,4.75336,49.86284,2
117413,4.75485,49.86313,2
117414,4.75538,49.86319,2
117415,4.75591,49.86321,2
117416,4.75557,49.8631,2
117417,4.75591,49.86321,2
117418,4.75072,49.86313,2
117419,4.75072,49.86313,2
117420,4.75072,49.86313,2
117421,4.75072,49.86313,2
117422,4.74873,49.86241,2
117423,4.75072,49.86313,2
117424,4.75072,49.86313,2
117425,4.75072,49.86313,2
117426,4.75063,49.86264,2
117427,4.74873,49.86241,2
117428,4.74873,49.86241,2
117429,4.75064,49.8637,2
117430,4.7509,49.8638,2
117431,4.75115,49.8639,2
117432,4.752757,49.864472,2
117433,4.75019,49.86346,2
117434,4.75089,49.86372,2
117435,4.74998,49.86333,2
117436,4.74998,49.86333,2
117437,4.7401,49.8581,2
117438,4.7401,49.8581,2
117439,4.7401,49.8581,2
117440,4.7401,49.8581,2
117441,4.7401,49.8581,2
117442,4.7401,49.8581,2
117443,4.7401,49.8581,2
117444,4.73994,49.85807,2
117445,4.73994,49.85807,2
117446,4.73994,49.85807,2
117447,4.73994,49.85807,2
117448,4.75463,49.86384,2
117449,4.75463,49.86384,2
117450,4.75184,49.8633,2
117451,4.75089,49.86372,2
117452,4.74405,49.86001,2
117453,4.75538,49.86319,2
117454,4.75072,49.86313,2
117455,4.74098,49.85834,2
117456,4.75777,49.86308,2
117457,4.74232,49.85888,2
117458,4.75072,49.86313,2
117459,4.73969,49.85753,2
117460,4.73925,49.85751,2
117461,4.73969,49.85753,2
117462,4.73951,49.85757,2
117463,4.73965,49.85761,2
117464,4.7398,49.85765,2
117465,4.7397,49.85804,2
117466,4.73959,49.85793,2
117467,4.73936,49.85796,2
117468,4.7396,49.85805,2
117469,4.73903,49.85803,2
117470,4.73915,49.858,2
117471,4.7389,49.85807,2
117472,4.73932,49.85808,2
117473,4.73879,49.85812,2
117474,4.7389,49.85821,2
117475,4.73857,49.85836,2
117476,4.7385,49.85843,2
117477,4.73979,49.85805,2
117478,4.73979,49.85805,2
117479,4.73979,49.85805,2
117480,4.73979,49.85805,2
117481,4.73994,49.85807,2
117482,4.74877,49.86237,2
117483,4.7401,49.8581,2
117484,4.74405,49.86001,2
117485,4.7401,49.8581,2
117486,4.73994,49.85807,2
117487,4.74405,49.86001,2
117488,4.7402,49.85779,2
117489,4.74405,49.86001,2
117490,4.74062,49.85795,2
117491,4.74062,49.85795,2
117492,4.74062,49.85795,2
117493,4.74062,49.85795,2
117494,4.74077,49.85802,2
117495,4.74048,49.85788,2
117496,4.74038,49.85805,2
117497,4.74048,49.85812,2
117498,4.74069,49.85825,2
117499,4.7408,49.85832,2
117500,4.7409,49.85838,2
117501,4.74102,49.85829,2
117502,4.74125,49.85844,2
117503,4.74149,49.85859,2
117504,4.74101,49.85845,2
117505,4.74111,49.85851,2
117506,4.74122,49.85858,2
117507,4.74132,49.85864,2
117508,4.74143,49.85871,2
117509,4.74171,49.85871,2
117510,4.74178,49.85868,2
117511,4.74185,49.85865,2
117512,4.74185,49.85878,2
117513,4.74192,49.85862,2
117514,4.74199,49.8586,2
117515,4.74123,49.85824,2
117516,4.74196,49.85861,2
117517,4.74914,49.86215,2
117518,4.74185,49.85854,2
117519,4.73969,49.85753,2
117520,4.74169,49.85847,2
117521,4.74139,49.85832,2
117522,4.74093,49.8581,2
117523,4.74123,49.85824,2
117524,4.74255,49.85889,2
117525,4.74123,49.85824,2
117526,4.74156,49.85873,2
117527,4.74163,49.85875,2
117528,4.74184,49.85887,2
117529,4.74195,49.85893,2
117530,4.74185,49.85878,2
117531,4.74206,49.85899,2
117532,4.74211,49.85907,2
117533,4.74195,49.859,2
117534,4.7419,49.85918,2
117535,4.74215,49.85959,2
117536,4.75115,49.8639,2
117537,4.74191,49.85935,2
117538,4.74195,49.85953,2
117539,4.74204,49.8597,2
117540,4.74226,49.8591,2
117541,4.74226,49.8591,2
117542,4.74236,49.85916,2
117543,4.74256,49.85927,2
117544,4.74267,49.85931,2
117545,4.74291,49.85937,2
117546,4.74286,49.85931,2
117547,4.74268,49.85916,2
117548,4.74259,49.85909,2
117549,4.74241,49.85895,2
117550,4.74223,49.85881,2
117551,4.74205,49.85868,2
117552,4.74301,49.85942,2
117553,4.74308,49.85946,2
117554,4.74315,49.8595,2
117555,4.74321,49.85955,2
117556,4.74328,49.85959,2
117557,4.74335,49.85963,2
117558,4.74342,49.85968,2
117559,4.74355,49.85976,2
117560,4.74362,49.8598,2
117561,4.74369,49.85985,2
117562,4.74255,49.85889,2
117563,4.74313,49.85933,2
117564,4.74385,49.85978,2
117565,4.74349,49.85956,2
117566,4.73839,49.86087,2
117567,4.73937,49.86327,2
117568,4.73926,49.86307,2
117569,4.74057,49.86362,2
117570,4.7395,49.86303,2
117571,4.74,49.86338,2
117572,4.7405,49.86374,2
117573,4.73898,49.86288,2
117574,4.73916,49.86287,2
117575,4.73905,49.86265,2
117576,4.73905,49.86265,2
117577,4.73895,49.86243,2
117578,4.73884,49.86221,2
117579,4.73874,49.86199,2
117580,4.73885,49.86263,2
117581,4.73898,49.86288,2
117582,4.73864,49.86177,2
117583,4.73858,49.86155,2
117584,4.73851,49.86132,2
117585,4.73839,49.86087,2
117586,4.73861,49.86212,2
117587,4.73849,49.86186,2
117588,4.73863,49.86012,2
117589,4.73869,49.85983,2
117590,4.73869,49.86009,2
117591,4.73842,49.85962,2
117592,4.73984,49.8606,2
117593,4.73984,49.8606,2
117594,4.74006,49.86052,2
117595,4.73997,49.86124,2
117596,4.73919,49.85993,2
117597,4.73842,49.85962,2
117598,4.73826,49.85973,2
117599,4.7383,49.85945,2
117600,4.73822,49.85945,2
117601,4.73834,49.85928,2
117602,4.73895,49.85896,2
117603,4.73895,49.85896,2
117604,4.73916,49.85883,2
117605,4.7384,49.85918,2
117606,4.73842,49.85906,2
117607,4.73845,49.85894,2
117608,4.73847,49.85882,2
117609,4.73852,49.85891,2
117610,4.7385,49.8587,2
117611,4.73864,49.85851,2
117612,4.73837,49.85857,2
117613,4.7386,49.85833,2
117614,4.73844,49.8585,2
117615,4.73808,49.86002,2
117616,4.73826,49.85996,2
117617,4.73808,49.86029,2
117618,4.73812,49.86055,2
117619,4.73819,49.86081,2
117620,4.73826,49.86108,2
117621,4.73834,49.86134,2
117622,4.73841,49.8616,2
117623,4.73832,49.86065,2
117624,4.73826,49.86042,2
117625,4.73826,49.86019,2
117626,4.73796,49.85902,2
117627,4.73792,49.85918,2
117628,4.73792,49.85918,2
117629,4.73755,49.85906,2
117630,4.73768,49.85881,2
117631,4.73822,49.85945,2
117632,4.73797,49.85877,2
117633,4.73811,49.85895,2
117634,4.73824,49.85913,2
117635,4.73793,49.85869,2
117636,4.73778,49.85864,2
117637,4.73784,49.85856,2
117638,4.73784,49.85856,2
117639,4.73798,49.85863,2
117640,4.73803,49.85856,2
117641,4.73808,49.8585,2
117642,4.73813,49.85843,2
117643,4.7379,49.85848,2
117644,4.73796,49.8584,2
117645,4.73818,49.85837,2
117646,4.73802,49.85832,2
117647,4.73816,49.85816,2
117648,4.73822,49.85789,2
117649,4.73822,49.85789,2
117650,4.73827,49.85809,2
117651,4.73828,49.85835,2
117652,4.73844,49.85851,2
117653,4.73844,49.85851,2
117654,4.73815,49.85811,2
117655,4.73814,49.85806,2
117656,4.73833,49.85811,2
117657,4.73807,49.85777,2
117658,4.73831,49.858,2
117659,4.73813,49.85801,2
117660,4.73828,49.8579,2
117661,4.73812,49.85796,2
117662,4.73806,49.85772,2
117663,4.73809,49.85787,2
117664,4.73804,49.85743,2
117665,4.73826,49.85779,2
117666,4.73823,49.85768,2
117667,4.73804,49.8576,2
117668,4.73862,49.85777,2
117669,4.73883,49.85768,2
117670,4.73821,49.85771,2
117671,4.73842,49.85774,2
117672,4.73882,49.85775,2
117673,4.73854,49.85792,2
117674,4.73831,49.85822,2
117675,4.73884,49.8579,2
117676,4.73907,49.85768,2
117677,4.73914,49.85752,2
117678,4.73893,49.85757,2
117679,4.73822,49.85945,2
117680,4.73796,49.85902,2
117681,4.73796,49.85902,2
117682,4.73796,49.85902,2
117683,4.73883,49.85779,2
117684,4.73796,49.85902,2
117685,4.73796,49.85902,2
117686,4.73796,49.85902,2
117687,4.73796,49.85902,2
117688,4.73796,49.85902,2
117689,4.73796,49.85902,2
117690,4.73796,49.85902,2
117691,4.73796,49.85902,2
117692,4.73796,49.85902,2
117693,4.73796,49.85902,2
117694,4.73796,49.85902,2
117695,4.73796,49.85902,2
117696,4.73796,49.85902,2
117697,4.73796,49.85902,2
117698,4.73883,49.85779,2
117699,4.73959,49.86366,2
117700,4.73883,49.85779,2
117701,4.73796,49.85902,2
117702,4.73796,49.85902,2
117703,4.7395,49.86291,2
117704,4.73873,49.86237,2
117705,4.73839,49.86087,2
117706,4.77037,49.85046,2
117707,4.77135,49.84621,2
117708,4.77189,49.84567,2
117709,4.77334,49.84278,2
117710,4.77403,49.84395,2
117711,4.77559,49.84358,2
117712,4.77559,49.84358,2
117713,4.77559,49.84358,2
117714,4.77559,49.84358,2
117715,4.76914,49.84992,2
117716,4.76914,49.84992,2
117717,4.771138,49.849301,2
117718,4.76914,49.84992,2
117719,4.76914,49.84992,2
117720,4.76914,49.84992,2
117721,4.76914,49.84992,2
117722,4.76914,49.84992,2
117723,4.76914,49.84992,2
117724,4.76914,49.84992,2
117725,4.76914,49.84992,2
117726,4.77559,49.84358,2
117727,4.77403,49.84395,2
117728,4.76914,49.84992,2
117729,4.77067,49.84679,2
117730,4.76949,49.8474,2
117731,4.76737,49.84996,2
117732,4.7674,49.84991,2
117733,4.76892,49.8484,2
117734,4.76743,49.84986,2
117735,4.771803,49.848956,2
117736,4.76748,49.8498,2
117737,4.76754,49.84974,2
117738,4.771779,49.847303,2
117739,4.771994,49.847443,2
117740,4.76691,49.85,2
117741,4.76705,49.84993,2
117742,4.7672,49.84985,2
117743,4.76728,49.8498,2
117744,4.76734,49.84973,2
117745,4.7674,49.84966,2
117746,4.76746,49.84959,2
117747,4.76753,49.84953,2
117748,4.76759,49.84946,2
117749,4.76765,49.84939,2
117750,4.76759,49.84968,2
117751,4.76765,49.84962,2
117752,4.7677,49.84956,2
117753,4.76775,49.8495,2
117754,4.76781,49.84945,2
117755,4.76797,49.84945,2
117756,4.77067,49.84679,2
117757,4.77067,49.84679,2
117758,4.76826,49.84965,2
117759,4.76845,49.84992,2
117760,4.76885,49.84981,2
117761,4.76885,49.84981,2
117762,4.76925,49.84969,2
117763,4.76914,49.84992,2
117764,4.76813,49.84974,2
117765,4.76914,49.84992,2
117766,4.76914,49.84992,2
117767,4.770363,49.849649,2
117768,4.76988,49.84991,2
117769,4.77097,49.84943,2
117770,4.76691,49.85,2
117771,4.76875,49.8522,2
117772,4.76786,49.8494,2
117773,4.76794,49.84934,2
117774,4.76802,49.84928,2
117775,4.76817,49.84917,2
117776,4.76824,49.84911,2
117777,4.76832,49.84905,2
117778,4.76839,49.849,2
117779,4.76846,49.84894,2
117780,4.76854,49.84888,2
117781,4.7678,49.84926,2
117782,4.76803,49.84909,2
117783,4.76825,49.84892,2
117784,4.76848,49.84875,2
117785,4.76861,49.84882,2
117786,4.77135,49.84621,2
117787,4.76876,49.84871,2
117788,4.77135,49.84621,2
117789,4.76891,49.84859,2
117790,4.76898,49.84854,2
117791,4.76883,49.84865,2
117792,4.7687,49.84858,2
117793,4.76892,49.8484,2
117794,4.76906,49.84848,2
117795,4.76913,49.84842,2
117796,4.7681,49.84715,2
117797,4.7681,49.84715,2
117798,4.76974,49.84754,2
117799,4.7681,49.84715,2
117800,4.7681,49.84715,2
117801,4.7681,49.84715,2
117802,4.76875,49.8522,2
117803,4.7681,49.84715,2
117804,4.76867,49.84693,2
117805,4.76916,49.84819,2
117806,4.76971,49.84767,2
117807,4.76931,49.84826,2
117808,4.76931,49.84826,2
117809,4.76943,49.84793,2
117810,4.76958,49.848,2
117811,4.77037,49.85046,2
117812,4.76986,49.84774,2
117813,4.76998,49.84744,2
117814,4.76986,49.84774,2
117815,4.77135,49.84621,2
117816,4.77166,49.84731,2
117817,4.77135,49.84621,2
117818,4.77135,49.84621,2
117819,4.76845,49.84785,2
117820,4.77067,49.84679,2
117821,4.77135,49.84621,2
117822,4.77087,49.84579,2
117823,4.77087,49.84579,2
117824,4.77087,49.84579,2
117825,4.77087,49.84579,2
117826,4.76899,49.8471,2
117827,4.77087,49.84579,2
117828,4.77087,49.84579,2
117829,4.772387,49.842602,2
117830,4.77087,49.84579,2
117831,4.772387,49.842602,2
117832,4.772387,49.842602,2
117833,4.77087,49.84579,2
117834,4.77087,49.84579,2
117835,4.77087,49.84579,2
117836,4.77087,49.84579,2
117837,4.77087,49.84579,2
117838,4.77087,49.84579,2
117839,4.77087,49.84579,2
117840,4.77087,49.84579,2
117841,4.77087,49.84579,2
117842,4.77087,49.84579,2
117843,4.77087,49.84579,2
117844,4.77087,49.84579,2
117845,4.77087,49.84579,2
117846,4.77135,49.84621,2
117847,4.77135,49.84621,2
117848,4.77135,49.84621,2
117849,4.77135,49.84621,2
117850,4.77135,49.84621,2
117851,4.77135,49.84621,2
117852,4.77135,49.84621,2
117853,4.77135,49.84621,2
117854,4.77135,49.84621,2
117855,4.77135,49.84621,2
117856,4.77135,49.84621,2
117857,4.77403,49.84395,2
117858,4.77135,49.84621,2
117859,4.77135,49.84621,2
117860,4.76924,49.84725,2
117861,4.77135,49.84621,2
117862,4.77135,49.84621,2
117863,4.77087,49.84579,2
117864,4.77135,49.84621,2
117865,4.770355,49.845993,2
117866,4.77087,49.84579,2
117867,4.77135,49.84621,2
117868,4.77087,49.84579,2
117869,4.77087,49.84579,2
117870,4.77135,49.84621,2
117871,4.77067,49.84679,2
117872,4.77087,49.84579,2
117873,4.77135,49.84621,2
117874,4.77135,49.84621,2
117875,4.77135,49.84621,2
117876,4.77135,49.84621,2
117877,4.77135,49.84621,2
117878,4.77135,49.84621,2
117879,4.77135,49.84621,2
117880,4.77135,49.84621,2
117881,4.77135,49.84621,2
117882,4.77135,49.84621,2
117883,4.77135,49.84621,2
117884,4.77135,49.84621,2
117885,4.77135,49.84621,2
117886,4.77135,49.84621,2
117887,4.77135,49.84621,2
117888,4.77135,49.84621,2
117889,4.77135,49.84621,2
117890,4.77135,49.84621,2
117891,4.77135,49.84621,2
117892,4.77135,49.84621,2
117893,4.77135,49.84621,2
117894,4.77135,49.84621,2
117895,4.77135,49.84621,2
117896,4.77189,49.84567,2
117897,4.77087,49.84579,2
117898,4.77189,49.84567,2
117899,4.77295,49.8438,2
117900,4.77135,49.84621,2
117901,4.771994,49.847443,2
117902,4.77282,49.84409,2
117903,4.77135,49.84621,2
117904,4.77246,49.84479,2
117905,4.77135,49.84621,2
117906,4.77135,49.84621,2
117907,4.77135,49.84621,2
117908,4.76899,49.84963,2
117909,4.77067,49.84679,2
117910,4.77253,49.84465,2
117911,4.77236,49.84495,2
117912,4.77135,49.84621,2
117913,4.77135,49.84621,2
117914,4.77135,49.84621,2
117915,4.77135,49.84621,2
117916,4.771382,49.849171,2
117917,4.82301,50.14017,2
117918,4.82303,50.14029,2
117919,4.82305,50.14041,2
117920,4.82174,50.13889,2
117921,4.8216,50.13894,2
117922,4.82145,50.13899,2
117923,4.82145,50.13899,2
117924,4.82145,50.13899,2
117925,4.82131,50.13903,2
117926,4.82131,50.13903,2
117927,4.82131,50.13903,2
117928,4.82131,50.13903,2
117929,4.82131,50.13903,2
117930,4.82131,50.13903,2
117931,4.82131,50.13903,2
117932,4.82131,50.13903,2
117933,4.82131,50.13903,2
117934,4.82117,50.13908,2
117935,4.82102,50.13913,2
117936,4.82102,50.13913,2
117937,4.82102,50.13913,2
117938,4.82088,50.13918,2
117939,4.82074,50.13923,2
117940,4.82059,50.13928,2
117941,4.82045,50.13933,2
117942,4.82045,50.13933,2
117943,4.82045,50.13933,2
117944,4.82045,50.13933,2
117945,4.82045,50.13933,2
117946,4.82031,50.13938,2
117947,4.82031,50.13938,2
117948,4.82016,50.13943,2
117949,4.81963,50.13959,2
117950,4.82001,50.13929,2
117951,4.81963,50.13959,2
117952,4.81933,50.13967,2
117953,4.81933,50.13967,2
117954,4.81828,50.14029,2
117955,4.81828,50.14029,2
117956,4.81923,50.13918,2
117957,4.81828,50.14029,2
117958,4.81828,50.14029,2
117959,4.81828,50.14029,2
117960,4.81828,50.14029,2
117961,4.818513,50.139128,2
117962,4.818513,50.139128,2
117963,4.821309,50.138873,2
117964,4.818513,50.139128,2
117965,4.81923,50.13918,2
117966,4.81853,50.13921,2
117967,4.81923,50.13918,2
117968,4.81888,50.13968,2
117969,4.81888,50.13968,2
117970,4.81918,50.13959,2
117971,4.81963,50.13946,2
117972,4.81979,50.13941,2
117973,4.81979,50.13941,2
117974,4.81979,50.13941,2
117975,4.81994,50.13937,2
117976,4.81994,50.13937,2
117977,4.81994,50.13937,2
117978,4.81994,50.13937,2
117979,4.81994,50.13937,2
117980,4.8201,50.13932,2
117981,4.82029,50.13925,2
117982,4.82066,50.13913,2
117983,4.82085,50.13906,2
117984,4.82103,50.139,2
117985,4.82122,50.13894,2
117986,4.8214,50.13887,2
117987,4.82086,50.13844,2
117988,4.82066,50.13842,2
117989,4.82046,50.13841,2
117990,4.82026,50.1384,2
117991,4.81962,50.13837,2
117992,4.81947,50.13836,2
117993,4.81947,50.13836,2
117994,4.81932,50.13835,2
117995,4.81932,50.13835,2
117996,4.81917,50.13834,2
117997,4.81901,50.13833,2
117998,4.81886,50.13832,2
117999,4.81886,50.13832,2
118000,4.81886,50.13832,2
118001,4.81871,50.13831,2
118002,4.818527,50.137143,2
118003,4.818527,50.137143,2
118004,4.817959,50.137531,2
118005,4.817959,50.137531,2
118006,4.817959,50.137531,2
118007,4.817959,50.137531,2
118008,4.817959,50.137531,2
118009,4.817959,50.137531,2
118010,4.819482,50.138372,2
118011,4.819482,50.138372,2
118012,4.818513,50.139128,2
118013,4.81876,50.1382,2
118014,4.819482,50.138372,2
118015,4.81876,50.1382,2
118016,4.81876,50.1382,2
118017,4.81876,50.1382,2
118018,4.81876,50.1382,2
118019,4.81894,50.13821,2
118020,4.81876,50.1382,2
118021,4.81928,50.13823,2
118022,4.81945,50.13824,2
118023,4.81963,50.13826,2
118024,4.81963,50.13826,2
118025,4.81981,50.13815,2
118026,4.82028,50.13828,2
118027,4.81828,50.14029,2
118028,4.82028,50.13828,2
118029,4.82048,50.1383,2
118030,4.82068,50.13831,2
118031,4.82088,50.13832,2
118032,4.82088,50.13832,2
118033,4.82088,50.13832,2
118034,4.82301,50.14017,2
118035,4.82265,50.13926,2
118036,4.8214,50.13887,2
118037,4.82066,50.13913,2
118038,4.82066,50.13913,2
118039,4.82301,50.14017,2
118040,4.82023,50.14087,2
118041,4.81888,50.13968,2
118042,4.817959,50.137531,2
118043,4.82301,50.14017,2
118044,4.8229,50.13958,2
118045,4.82294,50.13982,2
118046,4.82299,50.14006,2
118047,4.82131,50.13903,2
118048,4.82131,50.13903,2
118049,4.82131,50.13903,2
118050,4.82279,50.13907,2
118051,4.82279,50.13907,2
118052,4.81933,50.13967,2
118053,4.81873,50.13985,2
118054,4.82279,50.13907,2
118055,4.81923,50.13918,2
118056,4.82284,50.13932,2
118057,4.81858,50.13977,2
118058,4.81923,50.13918,2
118059,4.81888,50.13968,2
118060,4.82265,50.13926,2
118061,4.82268,50.13942,2
118062,4.82268,50.13942,2
118063,4.818506,50.138706,2
118064,4.82271,50.13958,2
118065,4.818493,50.138428,2
118066,4.82292,50.1397,2
118067,4.82294,50.13982,2
118068,4.82294,50.13982,2
118069,4.82294,50.13982,2
118070,4.82294,50.13982,2
118071,4.82294,50.13982,2
118072,4.8228,50.14001,2
118073,4.82296,50.13994,2
118074,4.82299,50.14006,2
118075,4.81873,50.13972,2
118076,4.82299,50.14006,2
118077,4.82299,50.14006,2
118078,4.82299,50.14006,2
118079,4.82321,50.13719,2
118080,4.82351,50.13692,2
118081,4.82354,50.13709,2
118082,4.82351,50.13692,2
118083,4.82363,50.13701,2
118084,4.82351,50.13692,2
118085,4.82372,50.13694,2
118086,4.8238,50.13686,2
118087,4.82339,50.13703,2
118088,4.82345,50.13697,2
118089,4.82357,50.13687,2
118090,4.82369,50.13676,2
118091,4.82351,50.13692,2
118092,4.82302,50.13787,2
118093,4.8256,50.13968,2
118094,4.82333,50.13708,2
118095,4.82577,50.1413,2
118096,4.82577,50.1413,2
118097,4.82577,50.1413,2
118098,4.82614,50.14209,2
118099,4.82602,50.14212,2
118100,4.82594,50.14127,2
118101,4.82369,50.13676,2
118102,4.8258,50.14092,2
118103,4.82369,50.13676,2
118104,4.82575,50.14077,2
118105,4.82572,50.1405,2
118106,4.82558,50.14079,2
118107,4.82556,50.14068,2
118108,4.82554,50.14057,2
118109,4.82553,50.14046,2
118110,4.82551,50.14035,2
118111,4.8255,50.14024,2
118112,4.82548,50.14013,2
118113,4.82351,50.13692,2
118114,4.8257,50.14036,2
118115,4.82568,50.14023,2
118116,4.82564,50.13996,2
118117,4.82562,50.13982,2
118118,4.8256,50.13968,2
118119,4.8256,50.13968,2
118120,4.82558,50.13957,2
118121,4.82545,50.1399,2
118122,4.82543,50.13979,2
118123,4.82542,50.13968,2
118124,4.8254,50.1396,2
118125,4.82538,50.13947,2
118126,4.82537,50.13914,2
118127,4.82485,50.13871,2
118128,4.82278,50.13756,2
118129,4.82461,50.13842,2
118130,4.82449,50.13828,2
118131,4.82485,50.13871,2
118132,4.82449,50.13828,2
118133,4.82449,50.13828,2
118134,4.82439,50.13817,2
118135,4.82439,50.13817,2
118136,4.82439,50.13817,2
118137,4.82432,50.13808,2
118138,4.82432,50.13808,2
118139,4.82425,50.138,2
118140,4.82418,50.13792,2
118141,4.82453,50.13808,2
118142,4.82453,50.13808,2
118143,4.82453,50.13808,2
118144,4.82453,50.13808,2
118145,4.82441,50.13795,2
118146,4.82441,50.13795,2
118147,4.82302,50.13787,2
118148,4.82313,50.13796,2
118149,4.82324,50.13804,2
118150,4.82451,50.13874,2
118151,4.82433,50.13862,2
118152,4.8245,50.13889,2
118153,4.82358,50.13814,2
118154,4.8237,50.13808,2
118155,4.82381,50.13802,2
118156,4.82381,50.13802,2
118157,4.82404,50.1379,2
118158,4.82381,50.13802,2
118159,4.82381,50.13802,2
118160,4.82381,50.13802,2
118161,4.82404,50.1379,2
118162,4.82404,50.1379,2
118163,4.82381,50.13802,2
118164,4.82404,50.1379,2
118165,4.82404,50.1379,2
118166,4.8225,50.1377,2
118167,4.8225,50.1377,2
118168,4.8225,50.1377,2
118169,4.8225,50.1377,2
118170,4.82264,50.13769,2
118171,4.82268,50.13765,2
118172,4.82264,50.13769,2
118173,4.82264,50.13769,2
118174,4.82268,50.13765,2
118175,4.82272,50.13761,2
118176,4.82285,50.13751,2
118177,4.82351,50.13692,2
118178,4.82309,50.1373,2
118179,4.82309,50.1373,2
118180,4.82312,50.13748,2
118181,4.82315,50.13724,2
118182,4.82327,50.13714,2
118183,4.82333,50.13708,2
118184,4.82329,50.13732,2
118185,4.82329,50.13732,2
118186,4.82329,50.13732,2
118187,4.82337,50.13724,2
118188,4.82363,50.13701,2
118189,4.82363,50.13701,2
118190,4.82372,50.13694,2
118191,4.82372,50.13694,2
118192,4.8238,50.13686,2
118193,4.8238,50.13686,2
118194,4.8238,50.13686,2
118195,4.8238,50.13686,2
118196,4.8238,50.13686,2
118197,4.82389,50.13678,2
118198,4.82339,50.13703,2
118199,4.82357,50.13687,2
118200,4.82351,50.13692,2
118201,4.82375,50.1367,2
118202,4.82375,50.1367,2
118203,4.82369,50.13676,2
118204,4.82351,50.13692,2
118205,4.82369,50.13676,2
118206,4.82346,50.13717,2
118207,4.82425,50.138,2
118208,4.82441,50.13795,2
118209,4.82498,50.13638,2
118210,4.82291,50.13779,2
118211,4.82433,50.13862,2
118212,4.82278,50.13776,2
118213,4.82259,50.13773,2
118214,4.82278,50.13756,2
118215,4.72286,49.70613,2
118216,4.72091,49.70948,2
118217,4.72323,49.70369,2
118218,4.7196,49.7055,2
118219,4.72117,49.71002,2
118220,4.72135,49.70974,2
118221,4.72286,49.70613,2
118222,4.72286,49.70613,2
118223,4.72286,49.70613,2
118224,4.72404,49.70387,2
118225,4.72286,49.70613,2
118226,4.722384,49.706539,2
118227,4.72286,49.70613,2
118228,4.721712,49.707873,2
118229,4.72286,49.70613,2
118230,4.72286,49.70613,2
118231,4.72286,49.70613,2
118232,4.72096,49.71141,2
118233,4.72286,49.70613,2
118234,4.72286,49.70613,2
118235,4.72106,49.70696,2
118236,4.72286,49.70613,2
118237,4.72286,49.70613,2
118238,4.72286,49.70613,2
118239,4.72286,49.70613,2
118240,4.72128,49.70865,2
118241,4.72139,49.70862,2
118242,4.72139,49.70855,2
118243,4.72115,49.70873,2
118244,4.72139,49.70862,2
118245,4.72159,49.70845,2
118246,4.72179,49.70847,2
118247,4.72183,49.70869,2
118248,4.7215,49.70877,2
118249,4.72103,49.70864,2
118250,4.7207,49.70835,2
118251,4.72092,49.70854,2
118252,4.72119,49.7089,2
118253,4.72081,49.70845,2
118254,4.72085,49.70733,2
118255,4.71945,49.70557,2
118256,4.72086,49.70776,2
118257,4.72103,49.70705,2
118258,4.72102,49.70737,2
118259,4.72126,49.70701,2
118260,4.72036,49.70648,2
118261,4.72072,49.70815,2
118262,4.72115,49.70873,2
118263,4.72069,49.70773,2
118264,4.72115,49.70873,2
118265,4.72076,49.70695,2
118266,4.72074,49.70783,2
118267,4.72055,49.70813,2
118268,4.71832,49.70895,2
118269,4.71832,49.70895,2
118270,4.71832,49.70895,2
118271,4.71832,49.70895,2
118272,4.721,49.7089,2
118273,4.7209,49.70911,2
118274,4.72096,49.71141,2
118275,4.72083,49.70932,2
118276,4.72085,49.70954,2
118277,4.72088,49.70975,2
118278,4.7209,49.70997,2
118279,4.72129,49.70536,2
118280,4.72096,49.71141,2
118281,4.72129,49.70536,2
118282,4.72104,49.70958,2
118283,4.72102,49.70944,2
118284,4.755992,49.685513,2
118285,4.72105,49.70972,2
118286,4.72107,49.70986,2
118287,4.72108,49.71,2
118288,4.72112,49.70903,2
118289,4.71875,49.71066,2
118290,4.71875,49.71066,2
118291,4.72126,49.70991,2
118292,4.7213,49.70948,2
118293,4.72131,49.71013,2
118294,4.72189,49.70999,2
118295,4.72171,49.7099,2
118296,4.72223,49.70981,2
118297,4.72293,49.70973,2
118298,4.72145,49.70994,2
118299,4.72197,49.70985,2
118300,4.72327,49.70961,2
118301,4.72316,49.70952,2
118302,4.72262,49.7097,2
118303,4.7237,49.70934,2
118304,4.721892,49.709944,2
118305,4.72479,49.70899,2
118306,4.72539,49.70906,2
118307,4.72533,49.70917,2
118308,4.72259,49.70984,2
118309,4.72241,49.70992,2
118310,4.72496,49.70912,2
118311,4.72424,49.70915,2
118312,4.72107,49.71061,2
118313,4.7257,49.70922,2
118314,4.72121,49.71057,2
118315,4.72394,49.70939,2
118316,4.72427,49.70927,2
118317,4.7246,49.70914,2
118318,4.72213,49.71018,2
118319,4.7236,49.7095,2
118320,4.72222,49.71009,2
118321,4.72232,49.71001,2
118322,4.72204,49.71026,2
118323,4.72177,49.71037,2
118324,4.72191,49.71032,2
118325,4.72164,49.71043,2
118326,4.72131,49.71013,2
118327,4.72149,49.71048,2
118328,4.72126,49.71049,2
118329,4.72126,49.71049,2
118330,4.72108,49.71033,2
118331,4.72096,49.71141,2
118332,4.721665,49.710416,2
118333,4.7209,49.71079,2
118334,4.72098,49.710582,2
118335,4.72108,49.71077,2
118336,4.72116,49.71116,2
118337,4.72096,49.71141,2
118338,4.72159,49.71174,2
118339,4.72096,49.71141,2
118340,4.72427,49.71398,2
118341,4.72129,49.7116,2
118342,4.72096,49.71141,2
118343,4.72099,49.7112,2
118344,4.706735,49.706361,2
118345,4.70824,49.71049,2
118346,4.70508,49.70649,2
118347,4.707383,49.707768,2
118348,4.708615,49.71043,2
118349,4.71995,49.706,2
118350,4.72096,49.71141,2
118351,4.72051,49.70642,2
118352,4.71832,49.70274,2
118353,4.71832,49.70274,2
118354,4.72092,49.7069,2
118355,4.7213,49.70543,2
118356,4.72135,49.70512,2
118357,4.72363,49.70378,2
118358,4.72135,49.70512,2
118359,4.72135,49.70512,2
118360,4.72135,49.70512,2
118361,4.72118,49.70485,2
118362,4.72135,49.70512,2
118363,4.72135,49.70512,2
118364,4.72135,49.70512,2
118365,4.72129,49.70539,2
118366,4.72129,49.70536,2
118367,4.72128,49.70534,2
118368,4.72125,49.70518,2
118369,4.72135,49.70512,2
118370,4.71987,49.70484,2
118371,4.72123,49.70512,2
118372,4.72084,49.70484,2
118373,4.7212,49.70493,2
118374,4.72007,49.70487,2
118375,4.7212,49.70498,2
118376,4.72126,49.70524,2
118377,4.72121,49.705,2
118378,4.72126,49.70524,2
118379,4.72121,49.70502,2
118380,4.72122,49.70504,2
118381,4.72187,49.70993,2
118382,4.72097,49.70473,2
118383,4.72123,49.70508,2
118384,4.72037,49.70469,2
118385,4.72125,49.7052,2
118386,4.72126,49.70522,2
118387,4.72126,49.70524,2
118388,4.72126,49.70526,2
118389,4.72135,49.70512,2
118390,4.72127,49.7053,2
118391,4.72135,49.70512,2
118392,4.72285,49.70369,2
118393,4.72261,49.70391,2
118394,4.72204,49.7047,2
118395,4.72135,49.70974,2
118396,4.72654,49.70933,2
118397,4.72129,49.70541,2
118398,4.72126,49.70524,2
118399,4.72117,49.71002,2
118400,4.31611,49.52133,2
118401,4.31611,49.52133,2
118402,4.31611,49.52133,2
118403,4.31611,49.52133,2
118404,4.3221,49.52147,2
118405,4.3155,49.52136,2
118406,4.31335,49.52189,2
118407,4.31204,49.52194,2
118408,4.31121,49.5223,2
118409,4.30976,49.52161,2
118410,4.31228,49.5229,2
118411,4.3129,49.52276,2
118412,4.31477,49.52347,2
118413,4.32026,49.52262,2
118414,4.340201,49.513232,2
118415,4.30893,49.52346,2
118416,4.31433,49.52164,2
118417,4.31433,49.52164,2
118418,4.31694,49.52191,2
118419,4.31694,49.52191,2
118420,4.31611,49.52133,2
118421,4.326163,49.52058,2
118422,4.312002,49.521999,2
118423,4.32267,49.520898,2
118424,4.327107,49.518939,2
118425,4.32212,49.52159,2
118426,4.32186,49.52152,2
118427,4.32163,49.52156,2
118428,4.32139,49.52161,2
118429,4.31611,49.52133,2
118430,4.31611,49.52133,2
118431,4.31611,49.52133,2
118432,4.31961,49.52129,2
118433,4.31929,49.52133,2
118434,4.31897,49.52137,2
118435,4.31611,49.52133,2
118436,4.31888,49.52156,2
118437,4.31858,49.52165,2
118438,4.31861,49.52151,2
118439,4.3178,49.52166,2
118440,4.3182,49.52158,2
118441,4.31739,49.52172,2
118442,4.31694,49.52191,2
118443,4.31663,49.52199,2
118444,4.31698,49.52178,2
118445,4.31631,49.52207,2
118446,4.31599,49.52215,2
118447,4.31568,49.52223,2
118448,4.31659,49.52188,2
118449,4.31541,49.52217,2
118450,4.31502,49.52226,2
118451,4.31727,49.52186,2
118452,4.31504,49.52238,2
118453,4.318611,49.520857,2
118454,4.32195,49.5204,2
118455,4.32195,49.5204,2
118456,4.31972,49.52079,2
118457,4.31967,49.52068,2
118458,4.32195,49.5204,2
118459,4.32195,49.5204,2
118460,4.32195,49.5204,2
118461,4.32195,49.5204,2
118462,4.32195,49.5204,2
118463,4.318611,49.520857,2
118464,4.317431,49.521047,2
118465,4.317458,49.521029,2
118466,4.317376,49.521057,2
118467,4.31667,49.52119,2
118468,4.31613,49.52139,2
118469,4.31611,49.52133,2
118470,4.31611,49.52133,2
118471,4.31611,49.52133,2
118472,4.31611,49.52133,2
118473,4.31611,49.52133,2
118474,4.31611,49.52133,2
118475,4.31611,49.52133,2
118476,4.31611,49.52133,2
118477,4.31611,49.52133,2
118478,4.31611,49.52133,2
118479,4.31611,49.52133,2
118480,4.31611,49.52133,2
118481,4.31611,49.52133,2
118482,4.31377,49.52218,2
118483,4.31611,49.52133,2
118484,4.31349,49.52112,2
118485,4.31322,49.52034,2
118486,4.31286,49.52139,2
118487,4.31197,49.52142,2
118488,4.31107,49.52152,2
118489,4.31329,49.52178,2
118490,4.32177,49.52161,2
118491,4.3218,49.52165,2
118492,4.31287,49.52183,2
118493,4.31298,49.52194,2
118494,4.31245,49.52189,2
118495,4.31189,49.52211,2
118496,4.31225,49.52203,2
118497,4.31155,49.5222,2
118498,4.31164,49.52205,2
118499,4.31125,49.52216,2
118500,4.31086,49.52226,2
118501,4.31086,49.52239,2
118502,4.31047,49.52237,2
118503,4.31052,49.52249,2
118504,4.31026,49.52219,2
118505,4.31013,49.52232,2
118506,4.30997,49.52166,2
118507,4.30994,49.52197,2
118508,4.30976,49.52161,2
118509,4.30958,49.52126,2
118510,4.31035,49.52148,2
118511,4.3102,49.52135,2
118512,4.3115,49.52159,2
118513,4.3094,49.5209,2
118514,4.30966,49.52104,2
118515,4.30859,49.51984,2
118516,4.30873,49.51976,2
118517,4.30837,49.51898,2
118518,4.30974,49.52051,2
118519,4.30974,49.52051,2
118520,4.31006,49.52262,2
118521,4.30984,49.52256,2
118522,4.30948,49.5228,2
118523,4.30897,49.52283,2
118524,4.30891,49.52298,2
118525,4.31611,49.52133,2
118526,4.31611,49.52133,2
118527,4.30878,49.52314,2
118528,4.30867,49.52326,2
118529,4.30902,49.52371,2
118530,4.30924,49.52374,2
118531,4.30901,49.52344,2
118532,4.30893,49.52346,2
118533,4.31026,49.52261,2
118534,4.31046,49.52268,2
118535,4.31033,49.52285,2
118536,4.31055,49.52333,2
118537,4.31217,49.52299,2
118538,4.31157,49.5232,2
118539,4.31192,49.52311,2
118540,4.31228,49.52303,2
118541,4.31264,49.52294,2
118542,4.31335,49.52277,2
118543,4.32195,49.5204,2
118544,4.31371,49.52269,2
118545,4.31417,49.5228,2
118546,4.31352,49.52261,2
118547,4.31386,49.52271,2
118548,4.31368,49.5222,2
118549,4.31419,49.52303,2
118550,4.31435,49.52319,2
118551,4.3136,49.52222,2
118552,4.31389,49.52245,2
118553,4.31977,49.52147,2
118554,4.31991,49.52173,2
118555,4.31994,49.52144,2
118556,4.32008,49.52169,2
118557,4.32004,49.52198,2
118558,4.31026,49.52219,2
118559,4.32018,49.52223,2
118560,4.32021,49.52194,2
118561,4.32035,49.52219,2
118562,4.32032,49.52249,2
118563,4.32049,49.52245,2
118564,4.32045,49.52271,2
118565,4.32057,49.52289,2
118566,4.32063,49.52269,2
118567,4.32079,49.52292,2
118568,4.32094,49.52315,2
118569,4.31217,49.52299,2
118570,4.3207,49.52308,2
118571,4.34504,49.5236,2
118572,4.32082,49.52326,2
118573,4.32094,49.52345,2
118574,4.32109,49.52338,2
118575,4.32195,49.5204,2
118576,5.18221,49.62438,2
118577,5.17845,49.62507,2
118578,5.18221,49.62438,2
118579,5.17817,49.6252,2
118580,5.17789,49.62533,2
118581,5.18221,49.62438,2
118582,5.1776,49.62546,2
118583,5.18221,49.62438,2
118584,5.17746,49.62538,2
118585,5.18221,49.62438,2
118586,5.17768,49.62528,2
118587,5.18221,49.62438,2
118588,5.17789,49.62518,2
118589,5.18221,49.62438,2
118590,5.1781,49.62509,2
118591,5.17831,49.62499,2
118592,5.18221,49.62438,2
118593,5.17852,49.62489,2
118594,5.18264,49.62542,2
118595,5.18221,49.62438,2
118596,5.17873,49.62479,2
118597,5.17894,49.62469,2
118598,5.18221,49.62438,2
118599,5.18221,49.62438,2
118600,5.180433,49.62451,2
118601,5.18221,49.62438,2
118602,5.180433,49.62451,2
118603,5.182456,49.623573,2
118604,5.18221,49.62438,2
118605,5.182887,49.623374,2
118606,5.18221,49.62438,2
118607,5.18221,49.62438,2
118608,5.18221,49.62438,2
118609,5.1833,49.6261,2
118610,5.18341,49.62606,2
118611,5.177077,49.626108,2
118612,5.18352,49.62603,2
118613,5.18363,49.62599,2
118614,5.18374,49.62596,2
118615,5.18385,49.62592,2
118616,5.18396,49.62589,2
118617,5.18419,49.62582,2
118618,5.1843,49.62579,2
118619,5.180681,49.623992,2
118620,5.18452,49.62572,2
118621,5.180681,49.623992,2
118622,5.18463,49.62568,2
118623,5.182698,49.62345,2
118624,5.183305,49.623167,2
118625,5.182887,49.623374,2
118626,5.18485,49.62561,2
118627,5.18496,49.62558,2
118628,5.18309,49.622543,2
118629,5.1841,49.622788,2
118630,5.18507,49.62554,2
118631,5.184194,49.62275,2
118632,5.185326,49.622202,2
118633,5.185151,49.622287,2
118634,5.18759,49.621133,2
118635,5.18518,49.62551,2
118636,5.185313,49.622212,2
118637,5.185568,49.622089,2
118638,5.1853,49.62547,2
118639,5.187253,49.621294,2
118640,5.185434,49.622155,2
118641,5.18541,49.62544,2
118642,5.18896,49.61948,2
118643,5.18552,49.62541,2
118644,5.185515,49.622117,2
118645,5.18563,49.62537,2
118646,5.18575,49.62535,2
118647,5.185515,49.622117,2
118648,5.18896,49.61948,2
118649,5.18586,49.62532,2
118650,5.18631,49.621739,2
118651,5.18631,49.621739,2
118652,5.180681,49.623992,2
118653,5.1858,49.62521,2
118654,5.198845,49.615116,2
118655,5.18568,49.62524,2
118656,5.18557,49.62527,2
118657,5.186121,49.621833,2
118658,5.191727,49.620892,2
118659,5.185568,49.622089,2
118660,5.18545,49.6253,2
118661,5.18896,49.61948,2
118662,5.18534,49.62533,2
118663,5.186526,49.621644,2
118664,5.18896,49.61948,2
118665,5.18523,49.62537,2
118666,5.18896,49.61948,2
118667,5.18512,49.6254,2
118668,5.18501,49.62544,2
118669,5.19203,49.62077,2
118670,5.19151,49.62063,2
118671,5.18489,49.62547,2
118672,5.18896,49.61948,2
118673,5.18972,49.62057,2
118674,5.18478,49.62551,2
118675,5.19072,49.6213,2
118676,5.18459,49.62397,2
118677,5.19103,49.62163,2
118678,5.18467,49.62554,2
118679,5.18896,49.61948,2
118680,5.19103,49.62163,2
118681,5.19103,49.62163,2
118682,5.18456,49.62557,2
118683,5.18896,49.61948,2
118684,5.18445,49.62561,2
118685,5.18913,49.61956,2
118686,5.19125,49.62272,2
118687,5.18936,49.61951,2
118688,5.18423,49.62568,2
118689,5.1896,49.61945,2
118690,5.18411,49.62571,2
118691,5.18983,49.61939,2
118692,5.184,49.62575,2
118693,5.189938,49.620081,2
118694,5.18389,49.62578,2
118695,5.189938,49.620081,2
118696,5.18378,49.62582,2
118697,5.18367,49.62585,2
118698,5.189938,49.620081,2
118699,5.18356,49.62589,2
118700,5.18344,49.62592,2
118701,5.190534,49.619842,2
118702,5.18333,49.62596,2
118703,5.190534,49.619842,2
118704,5.19203,49.62077,2
118705,5.18322,49.62599,2
118706,5.190534,49.619842,2
118707,5.190534,49.619842,2
118708,5.190938,49.619661,2
118709,5.190938,49.619661,2
118710,5.191475,49.619361,2
118711,5.18554,49.62402,2
118712,5.18526,49.62371,2
118713,5.18526,49.62371,2
118714,5.191448,49.61938,2
118715,5.191448,49.61938,2
118716,5.192683,49.618452,2
118717,5.198845,49.615116,2
118718,5.19326,49.61789,2
118719,5.191448,49.61938,2
118720,5.191448,49.61938,2
118721,5.191448,49.61938,2
118722,5.185568,49.622089,2
118723,5.18631,49.621739,2
118724,5.186324,49.621738,2
118725,5.185582,49.622088,2
118726,5.18631,49.621739,2
118727,5.18631,49.621739,2
118728,5.187038,49.621398,2
118729,5.187038,49.621398,2
118730,5.187024,49.621407,2
118731,5.18573,49.622013,2
118732,5.183634,49.623374,2
118733,5.182927,49.623346,2
118734,5.1829,49.62364,2
118735,5.18272,49.62367,2
118736,5.182213,49.623678,2
118737,5.181955,49.624268,2
118738,5.181955,49.624268,2
118739,5.181955,49.624268,2
118740,5.19051,49.62111,2
118741,5.181955,49.624268,2
118742,5.181766,49.62411,2
118743,5.181955,49.624268,2
118744,5.181955,49.624268,2
118745,5.18286,49.62556,2
118746,5.177981,49.625691,2
118747,5.18055,49.62551,2
118748,5.17923,49.62606,2
118749,5.17923,49.62606,2
118750,5.17923,49.62606,2
118751,5.17923,49.62606,2
118752,5.17923,49.62606,2
118753,5.17923,49.62606,2
118754,5.17923,49.62606,2
118755,5.1797,49.62591,2
118756,5.17945,49.62602,2
118757,5.17923,49.62606,2
118758,5.17967,49.62578,2
118759,5.17934,49.62593,2
118760,5.179,49.6261,2
118761,5.17866,49.62626,2
118762,5.17833,49.62641,2
118763,5.178,49.62656,2
118764,5.17778,49.62665,2
118765,5.17769,49.6267,2
118766,5.17759,49.62674,2
118767,5.1775,49.62679,2
118768,5.1774,49.62683,2
118769,5.17843,49.6265,2
118770,5.17863,49.62641,2
118771,5.17883,49.62632,2
118772,5.17927,49.62654,2
118773,5.17927,49.62654,2
118774,5.17927,49.62654,2
118775,5.17911,49.62619,2
118776,5.18424,49.62499,2
118777,5.17927,49.62654,2
118778,5.18424,49.62499,2
118779,5.18264,49.62542,2
118780,5.18264,49.62542,2
118781,5.18264,49.62542,2
118782,5.18264,49.62542,2
118783,5.18264,49.62542,2
118784,5.18264,49.62542,2
118785,5.188547,49.620688,2
118786,5.18264,49.62542,2
118787,5.18264,49.62542,2
118788,5.18264,49.62542,2
118789,5.18264,49.62542,2
118790,5.18264,49.62542,2
118791,5.18264,49.62542,2
118792,5.18264,49.62542,2
118793,5.18264,49.62542,2
118794,5.18264,49.62542,2
118795,5.18264,49.62542,2
118796,5.18264,49.62542,2
118797,5.18264,49.62542,2
118798,5.18264,49.62542,2
118799,5.18264,49.62542,2
118800,5.18264,49.62542,2
118801,5.18264,49.62542,2
118802,5.18264,49.62542,2
118803,5.19033,49.62012,2
118804,5.19033,49.62012,2
118805,5.18264,49.62542,2
118806,5.19033,49.62012,2
118807,5.19103,49.62163,2
118808,5.18264,49.62542,2
118809,5.18264,49.62542,2
118810,5.18264,49.62542,2
118811,5.19039,49.62278,2
118812,5.18264,49.62542,2
118813,5.180429,49.62469,2
118814,5.180429,49.62469,2
118815,5.179585,49.624944,2
118816,5.179862,49.624946,2
118817,5.179836,49.624965,2
118818,5.178641,49.62537,2
118819,5.178641,49.62537,2
118820,5.178641,49.62537,2
118821,5.18517,49.62447,2
118822,5.178151,49.625768,2
118823,5.17812,49.625706,2
118824,5.19147,49.6199,2
118825,5.19151,49.61959,2
118826,5.191589,49.620167,2
118827,5.19171,49.6199,2
118828,5.19161,49.62012,2
118829,5.19146,49.62039,2
118830,5.19158,49.62052,2
118831,5.19173,49.62058,2
118832,5.19191,49.62064,2
118833,5.19208,49.6207,2
118834,5.19225,49.62077,2
118835,5.19039,49.62278,2
118836,5.1924,49.62087,2
118837,5.19039,49.62278,2
118838,5.19254,49.62096,2
118839,5.19562,49.62105,2
118840,5.19562,49.62105,2
118841,5.19289,49.62176,2
118842,5.19203,49.62077,2
118843,5.19228,49.62095,2
118844,5.19181,49.62074,2
118845,5.19151,49.62063,2
118846,5.19145,49.6206,2
118847,5.19203,49.62077,2
118848,5.19203,49.62077,2
118849,5.19203,49.62077,2
118850,5.19134,49.62056,2
118851,5.19115,49.62051,2
118852,5.19098,49.62044,2
118853,5.19082,49.62036,2
118854,5.19065,49.62028,2
118855,5.19049,49.6202,2
118856,5.19033,49.62012,2
118857,5.18954,49.62041,2
118858,5.18972,49.62057,2
118859,5.1899,49.62074,2
118860,5.19008,49.62091,2
118861,5.19008,49.62091,2
118862,5.19008,49.62091,2
118863,5.1897,49.62035,2
118864,5.1899,49.62054,2
118865,5.1901,49.62073,2
118866,5.19051,49.62111,2
118867,5.19031,49.62092,2
118868,5.19072,49.6213,2
118869,5.183466,49.623091,2
118870,5.19072,49.6213,2
118871,5.19072,49.6213,2
118872,5.19026,49.62108,2
118873,5.19044,49.62125,2
118874,5.19062,49.62141,2
118875,5.19082,49.62158,2
118876,5.19093,49.62148,2
118877,5.19103,49.62163,2
118878,5.19103,49.62163,2
118879,5.19103,49.62163,2
118880,5.19103,49.62163,2
118881,5.19103,49.62163,2
118882,5.19103,49.62163,2
118883,5.19103,49.62163,2
118884,5.19103,49.62163,2
118885,5.19103,49.62163,2
118886,5.19082,49.62158,2
118887,5.19082,49.62158,2
118888,5.19082,49.62158,2
118889,5.19103,49.62163,2
118890,5.19103,49.62163,2
118891,5.19103,49.62163,2
118892,5.19103,49.62163,2
118893,5.19103,49.62163,2
118894,5.18978,49.62444,2
118895,5.19103,49.62163,2
118896,5.18978,49.62444,2
118897,5.19103,49.62163,2
118898,5.19103,49.62163,2
118899,5.19103,49.62163,2
118900,5.19039,49.62278,2
118901,5.19103,49.62163,2
118902,5.19261,49.6216,2
118903,5.19271,49.62181,2
118904,5.19227,49.62157,2
118905,5.19232,49.62145,2
118906,5.19202,49.62162,2
118907,5.19187,49.62156,2
118908,5.19215,49.62128,2
118909,5.19237,49.6211,2
118910,5.1924,49.62126,2
118911,5.18896,49.61948,2
118912,5.19194,49.62158,2
118913,5.1917,49.62066,2
118914,5.19173,49.6208,2
118915,5.19173,49.6208,2
118916,5.19163,49.62093,2
118917,5.19153,49.62106,2
118918,5.19143,49.62119,2
118919,5.19133,49.62131,2
118920,5.19122,49.62144,2
118921,5.19154,49.62074,2
118922,5.19289,49.62176,2
118923,5.19154,49.62074,2
118924,5.19289,49.62176,2
118925,5.18972,49.62057,2
118926,5.19289,49.62176,2
118927,5.19139,49.62098,2
118928,5.1912,49.62122,2
118929,5.19101,49.62146,2
118930,5.19112,49.62157,2
118931,5.19039,49.62278,2
118932,5.19039,49.62278,2
118933,5.19096,49.6223,2
118934,5.19096,49.6223,2
118935,5.19039,49.62278,2
118936,5.19039,49.62278,2
118937,5.19039,49.62278,2
118938,5.19039,49.62278,2
118939,5.19039,49.62278,2
118940,5.19039,49.62278,2
118941,5.19039,49.62278,2
118942,5.19039,49.62278,2
118943,5.19039,49.62278,2
118944,5.18978,49.62183,2
118945,5.18963,49.62247,2
118946,5.1901,49.62202,2
118947,5.19073,49.6219,2
118948,5.19012,49.62191,2
118949,5.19069,49.62178,2
118950,5.1903,49.622,2
118951,5.19214,49.62233,2
118952,5.19203,49.62224,2
118953,5.19115,49.62262,2
118954,5.19125,49.62272,2
118955,5.189793,49.617478,2
118956,5.19186,49.62242,2
118957,5.19186,49.62242,2
118958,5.19186,49.62242,2
118959,5.19186,49.62242,2
118960,5.19186,49.62242,2
118961,5.19186,49.62242,2
118962,5.18978,49.62444,2
118963,5.18978,49.62444,2
118964,5.18978,49.62444,2
118965,5.18978,49.62444,2
118966,5.18978,49.62444,2
118967,5.18978,49.62444,2
118968,5.18978,49.62444,2
118969,5.18978,49.62444,2
118970,5.18978,49.62444,2
118971,5.18978,49.62444,2
118972,5.18978,49.62444,2
118973,5.18978,49.62444,2
118974,5.18978,49.62444,2
118975,5.18978,49.62444,2
118976,5.17778,49.62665,2
118977,5.17778,49.62665,2
118978,5.18978,49.62444,2
118979,5.19103,49.62163,2
118980,5.18978,49.62444,2
118981,5.18855,49.62598,2
118982,5.18636,49.6243,2
118983,5.18928,49.62512,2
118984,5.18978,49.62444,2
118985,5.178574,49.625408,2
118986,5.18978,49.62444,2
118987,5.19024,49.62305,2
118988,5.18978,49.62444,2
118989,5.18978,49.62444,2
118990,5.18999,49.6238,2
118991,5.18978,49.62444,2
118992,5.18978,49.62444,2
118993,5.18978,49.62444,2
118994,5.18636,49.6243,2
118995,5.18636,49.6243,2
118996,5.199544,49.614273,2
118997,5.188,49.62325,2
118998,5.188,49.62325,2
118999,5.188,49.62325,2
119000,5.188,49.62325,2
119001,5.19039,49.62278,2
119002,5.188,49.62325,2
119003,5.18264,49.62542,2
119004,5.188,49.62325,2
119005,5.18264,49.62542,2
119006,5.188,49.62325,2
119007,5.1879,49.62336,2
119008,5.18734,49.62267,2
119009,5.18734,49.62267,2
119010,5.18722,49.62276,2
119011,5.18654,49.62216,2
119012,5.18668,49.62209,2
119013,5.18717,49.62412,2
119014,5.18636,49.6243,2
119015,5.18636,49.6243,2
119016,5.18636,49.6243,2
119017,5.19261,49.6216,2
119018,5.1864,49.62435,2
119019,5.19261,49.6216,2
119020,5.18636,49.6243,2
119021,5.18636,49.6243,2
119022,5.18518,49.62471,2
119023,5.18499,49.62477,2
119024,5.1848,49.62483,2
119025,5.18461,49.62488,2
119026,5.18442,49.62494,2
119027,5.19154,49.62074,2
119028,5.18424,49.62499,2
119029,5.19154,49.62074,2
119030,5.18407,49.62504,2
119031,5.18389,49.6251,2
119032,5.18372,49.62515,2
119033,5.18355,49.6252,2
119034,5.18337,49.62525,2
119035,5.18321,49.6253,2
119036,5.18305,49.62536,2
119037,5.18289,49.62541,2
119038,5.18394,49.62495,2
119039,5.18636,49.6243,2
119040,5.189793,49.617478,2
119041,5.18632,49.62424,2
119042,5.18673,49.62411,2
119043,5.18662,49.62402,2
119044,5.18642,49.62385,2
119045,5.18631,49.62377,2
119046,5.1861,49.6236,2
119047,5.186,49.62352,2
119048,5.1859,49.62343,2
119049,5.1857,49.62327,2
119050,5.18561,49.62319,2
119051,5.18551,49.62312,2
119052,5.18541,49.62304,2
119053,5.18532,49.62297,2
119054,5.18522,49.62289,2
119055,5.18512,49.62281,2
119056,5.18722,49.62276,2
119057,5.18503,49.62274,2
119058,5.18493,49.62266,2
119059,5.18484,49.62259,2
119060,5.18475,49.6227,2
119061,5.18513,49.623,2
119062,5.18551,49.6233,2
119063,5.18564,49.62342,2
119064,5.1859,49.62363,2
119065,5.18608,49.62377,2
119066,5.18616,49.62384,2
119067,5.18642,49.62405,2
119068,5.1866,49.62419,2
119069,5.18642,49.62464,2
119070,5.18651,49.62472,2
119071,5.1866,49.6248,2
119072,5.1867,49.62487,2
119073,5.18687,49.62504,2
119074,5.18674,49.62518,2
119075,5.1865,49.62522,2
119076,5.18626,49.62525,2
119077,5.18603,49.62529,2
119078,5.18658,49.62509,2
119079,5.1867,49.62508,2
119080,5.18657,49.62496,2
119081,5.18643,49.62485,2
119082,5.1863,49.62473,2
119083,5.18616,49.62462,2
119084,5.18602,49.6245,2
119085,5.18579,49.62432,2
119086,5.18548,49.62406,2
119087,5.18537,49.62398,2
119088,5.18527,49.6239,2
119089,5.18505,49.62373,2
119090,5.18495,49.62365,2
119091,5.18466,49.62341,2
119092,5.18447,49.62326,2
119093,5.18428,49.6231,2
119094,5.18286,49.62556,2
119095,5.18409,49.62294,2
119096,5.18286,49.62556,2
119097,5.18896,49.61948,2
119098,5.18679,49.62495,2
119099,5.18286,49.62556,2
119100,5.18426,49.6229,2
119101,5.18442,49.62303,2
119102,5.18286,49.62556,2
119103,5.1849,49.62342,2
119104,5.18286,49.62556,2
119105,5.18506,49.62355,2
119106,5.18286,49.62556,2
119107,5.18542,49.62354,2
119108,5.18554,49.62402,2
119109,5.18286,49.62556,2
119110,5.18526,49.62371,2
119111,5.18286,49.62556,2
119112,5.1855,49.62389,2
119113,5.18286,49.62556,2
119114,5.18574,49.62408,2
119115,5.18597,49.62428,2
119116,5.18286,49.62556,2
119117,5.18361,49.62317,2
119118,5.18286,49.62556,2
119119,5.18376,49.62329,2
119120,5.18391,49.62341,2
119121,5.18406,49.62354,2
119122,5.18422,49.62366,2
119123,5.18437,49.62378,2
119124,5.18449,49.62388,2
119125,5.19289,49.62176,2
119126,5.18459,49.62397,2
119127,5.182698,49.62345,2
119128,5.18469,49.62405,2
119129,5.18488,49.62422,2
119130,5.18507,49.62439,2
119131,5.18526,49.62456,2
119132,5.18549,49.62477,2
119133,5.18561,49.62488,2
119134,5.18567,49.62496,2
119135,5.18579,49.62506,2
119136,5.18481,49.62427,2
119137,5.18512,49.62463,2
119138,5.18486,49.6244,2
119139,5.18478,49.62433,2
119140,5.1846,49.62418,2
119141,5.18443,49.62402,2
119142,5.18423,49.62385,2
119143,5.18408,49.62373,2
119144,5.18392,49.62361,2
119145,5.18896,49.61948,2
119146,5.18377,49.62349,2
119147,5.17836,49.62561,2
119148,5.18896,49.61948,2
119149,5.192185,49.61894,2
119150,5.18362,49.62337,2
119151,5.18347,49.62324,2
119152,5.18319,49.6239,2
119153,5.18348,49.62416,2
119154,5.18294,49.62387,2
119155,5.18315,49.62406,2
119156,5.18382,49.62437,2
119157,5.18404,49.62457,2
119158,5.18337,49.62426,2
119159,5.18373,49.62448,2
119160,5.18724,49.621303,2
119161,5.18405,49.62479,2
119162,5.18425,49.62478,2
119163,5.18221,49.62438,2
119164,5.18221,49.62438,2
119165,5.1863,49.62473,2
119166,5.18221,49.62438,2
119167,5.1863,49.62473,2
119168,5.18221,49.62438,2
119169,5.18221,49.62438,2
119170,5.19049,49.6202,2
119171,5.18221,49.62438,2
119172,5.18221,49.62438,2
119173,5.18221,49.62438,2
119174,5.177333,49.625985,2
119175,5.18221,49.62438,2
119176,5.178641,49.62537,2
119177,5.18221,49.62438,2
119178,5.17929,49.625094,2
119179,5.186808,49.621502,2
119180,5.18221,49.62438,2
119181,5.17921,49.6249,2
119182,5.18221,49.62438,2
119183,5.17901,49.6248,2
119184,5.17873,49.62494,2
119185,4.814692,49.28928,2
119186,4.814692,49.28928,2
119187,4.814608,49.289263,2
119188,4.817417,49.289664,2
119189,4.818488,49.290217,2
119190,4.819006,49.290413,2
119191,4.819398,49.290567,2
119192,4.81958,49.290635,2
119193,4.819888,49.290754,2
119194,4.820912,49.29147,2
119195,4.82118,49.29083,2
119196,4.822521,49.291779,2
119197,4.82014,49.2908,2
119198,4.82014,49.2908,2
119199,4.82014,49.2908,2
119200,4.809517,49.287984,2
119201,4.814608,49.289263,2
119202,4.8175,49.28902,2
119203,4.815577,49.289396,2
119204,4.82014,49.2908,2
119205,4.815384,49.289382,2
119206,4.816088,49.289458,2
119207,4.815563,49.289397,2
119208,4.816502,49.289503,2
119209,4.816502,49.289503,2
119210,4.817417,49.289664,2
119211,4.8175,49.28902,2
119212,4.8175,49.28902,2
119213,4.8175,49.28902,2
119214,4.818087,49.290153,2
119215,4.818087,49.290153,2
119216,4.818488,49.290217,2
119217,4.818222,49.290115,2
119218,4.817982,49.289976,2
119219,4.81774,49.289513,2
119220,4.818488,49.290217,2
119221,4.819398,49.290567,2
119222,4.818642,49.290277,2
119223,4.819888,49.290754,2
119224,4.819931,49.29078,2
119225,4.82014,49.2908,2
119226,4.820173,49.290955,2
119227,4.820273,49.291034,2
119228,4.820258,49.291016,2
119229,4.821039,49.291252,2
119230,4.82118,49.29083,2
119231,4.541892,49.38754,2
119232,4.820214,49.291808,2
119233,4.82014,49.2908,2
119234,4.82135,49.29178,2
119235,4.82118,49.29083,2
119236,4.82118,49.29083,2
119237,4.82118,49.29083,2
119238,4.82118,49.29083,2
119239,4.82118,49.29083,2
119240,4.82118,49.29083,2
119241,4.82118,49.29083,2
119242,4.82118,49.29083,2
119243,4.822341,49.291746,2
119244,4.816502,49.289503,2
119245,4.82266,49.291794,2
119246,4.82338,49.291923,2
119247,4.82338,49.291923,2
119248,4.82338,49.291923,2
119249,4.823969,49.291883,2
119250,4.820601,49.291845,2
119251,4.82014,49.2908,2
119252,4.820601,49.291845,2
119253,4.82135,49.29178,2
119254,4.82135,49.29178,2
119255,4.82135,49.29178,2
119256,4.809517,49.287984,2
119257,4.82064,49.29153,2
119258,4.820225,49.291745,2
119259,4.819975,49.2914,2
119260,4.819635,49.2912,2
119261,4.818324,49.290517,2
119262,4.791238,49.278409,2
119263,4.815522,49.289397,2
119264,4.81519,49.289359,2
119265,4.813786,49.293011,2
119266,4.782569,49.308732,2
119267,4.782448,49.309364,2
119268,4.78329,49.29923,2
119269,4.78515,49.31003,2
119270,4.784028,49.309934,2
119271,4.78515,49.31003,2
119272,4.785323,49.312002,2
119273,4.78515,49.31003,2
119274,4.78329,49.29923,2
119275,4.78515,49.31003,2
119276,4.78515,49.31003,2
119277,4.78238,49.309671,2
119278,4.78238,49.309671,2
119279,4.78148,49.30996,2
119280,4.78181,49.30992,2
119281,4.78506,49.31003,2
119282,4.78515,49.31003,2
119283,4.78245,49.30975,2
119284,4.78275,49.30976,2
119285,4.78336,49.30978,2
119286,4.78515,49.31003,2
119287,4.78515,49.31003,2
119288,4.78515,49.31003,2
119289,4.78515,49.31003,2
119290,4.78515,49.31003,2
119291,4.784304,49.310243,2
119292,4.78506,49.31003,2
119293,4.78515,49.31003,2
119294,4.78475,49.30991,2
119295,4.78515,49.31003,2
119296,4.78515,49.31003,2
119297,4.78515,49.31003,2
119298,4.78432,49.31116,2
119299,4.78515,49.31003,2
119300,4.78515,49.31003,2
119301,4.78515,49.31003,2
119302,4.78515,49.31003,2
119303,4.78515,49.31003,2
119304,4.78432,49.31116,2
119305,4.78432,49.31116,2
119306,4.78515,49.31003,2
119307,4.78515,49.31003,2
119308,4.78538,49.31005,2
119309,4.78506,49.31003,2
119310,4.78515,49.31003,2
119311,4.78515,49.31003,2
119312,4.78593,49.310318,2
119313,4.78515,49.31003,2
119314,4.78515,49.31003,2
119315,4.78644,49.3104,2
119316,4.78515,49.31003,2
119317,4.786918,49.310567,2
119318,4.78572,49.31036,2
119319,4.78515,49.31003,2
119320,4.78515,49.31003,2
119321,4.78515,49.31003,2
119322,4.78549,49.31105,2
119323,4.78549,49.31105,2
119324,4.78549,49.31105,2
119325,4.78549,49.31105,2
119326,4.782523,49.308931,2
119327,4.78523,49.31208,2
119328,4.78523,49.31208,2
119329,4.78506,49.31003,2
119330,4.782179,49.310062,2
119331,4.78432,49.31116,2
119332,4.4123,49.50347,2
119333,4.39969,49.49916,2
119334,4.41256,49.50411,2
119335,4.4084,49.5031,2
119336,4.4084,49.5031,2
119337,4.40763,49.50306,2
119338,4.40751,49.50294,2
119339,4.39964,49.49904,2
119340,4.39891,49.49914,2
119341,4.39831,49.49925,2
119342,4.39881,49.49928,2
119343,4.40002,49.50189,2
119344,4.40002,49.50189,2
119345,4.41256,49.50411,2
119346,4.41541,49.50463,2
119347,4.41494,49.50455,2
119348,4.4145,49.50448,2
119349,4.41411,49.50441,2
119350,4.41295,49.50412,2
119351,4.41331,49.50429,2
119352,4.41258,49.50406,2
119353,4.41257,49.5052,2
119354,4.41253,49.50656,2
119355,4.41248,49.50521,2
119356,4.41258,49.50606,2
119357,4.41221,49.50349,2
119358,4.41234,49.50283,2
119359,4.4126,49.5021,2
119360,4.4123,49.50347,2
119361,4.4123,49.50347,2
119362,4.4123,49.50347,2
119363,4.41086,49.50368,2
119364,4.41256,49.50411,2
119365,4.40706,49.5029,2
119366,4.40656,49.50294,2
119367,4.40483,49.50159,2
119368,4.40499,49.50152,2
119369,4.40259,49.50044,2
119370,4.4022,49.50044,2
119371,4.40205,49.5002,2
119372,4.40214,49.49998,2
119373,4.40194,49.50004,2
119374,4.38937,49.50424,2
119375,4.40203,49.49955,2
119376,4.40147,49.49913,2
119377,4.40169,49.49916,2
119378,4.41174,49.50285,2
119379,4.40152,49.49896,2
119380,4.40123,49.49885,2
119381,4.401,49.49887,2
119382,4.40125,49.49896,2
119383,4.40032,49.49896,2
119384,4.40009,49.49899,2
119385,4.40021,49.49909,2
119386,4.39995,49.49912,2
119387,4.39987,49.49901,2
119388,4.3982,49.49939,2
119389,4.41174,49.50285,2
119390,4.397916,49.498989,2
119391,4.40051,49.50036,2
119392,4.39998,49.50029,2
119393,4.40165,49.50021,2
119394,4.40175,49.50034,2
119395,4.3995,49.5013,2
119396,4.40054,49.50024,2
119397,4.39941,49.50119,2
119398,4.39933,49.5005,2
119399,4.39893,49.5007,2
119400,4.41136,49.50383,2
119401,4.39941,49.50119,2
119402,4.39917,49.50102,2
119403,4.39941,49.50134,2
119404,4.40002,49.50189,2
119405,4.39941,49.50119,2
119406,4.39941,49.50119,2
119407,4.39965,49.50166,2
119408,4.39988,49.50198,2
119409,4.39963,49.50234,2
119410,4.39974,49.50248,2
119411,4.39985,49.50263,2
119412,4.39996,49.50278,2
119413,4.39978,49.5028,2
119414,4.39963,49.50261,2
119415,4.39949,49.50241,2
119416,4.39933,49.50227,2
119417,4.39915,49.50209,2
119418,4.39897,49.50213,2
119419,4.39911,49.50227,2
119420,4.39925,49.5024,2
119421,4.39946,49.50238,2
119422,4.39964,49.49904,2
119423,4.39881,49.49928,2
119424,4.38941,49.50428,2
119425,4.39881,49.49928,2
119426,4.39964,49.49904,2
119427,4.39964,49.49904,2
119428,4.40586,49.50219,2
119429,4.39964,49.49904,2
119430,4.39964,49.49904,2
119431,4.39987,49.49901,2
119432,4.41248,49.50521,2
119433,4.41248,49.50521,2
119434,4.38944,49.50433,2
119435,4.39897,49.50044,2
119436,4.4117,49.5039,2
119437,4.39941,49.50119,2
119438,4.41174,49.50285,2
119439,4.39964,49.49904,2
119440,4.41253,49.50656,2
119441,4.39988,49.50042,2
119442,4.4123,49.50347,2
119443,4.39964,49.49904,2
119444,4.40047,49.49906,2
119445,4.40586,49.50219,2
119446,4.4123,49.50347,2
119447,4.41271,49.50449,2
119448,4.459997,49.482341,2
119449,4.46377,49.48535,2
119450,4.4572,49.48035,2
119451,4.45495,49.48133,2
119452,4.45503,49.48183,2
119453,4.45437,49.48107,2
119454,4.45393,49.481,2
119455,4.45413,49.48108,2
119456,4.45002,49.47571,2
119457,4.45191,49.48007,2
119458,4.45133,49.47959,2
119459,4.45027,49.47859,2
119460,4.45005,49.47827,2
119461,4.44981,49.47785,2
119462,4.45002,49.47755,2
119463,4.45011,49.4766,2
119464,4.45015,49.476,2
119465,4.45057,49.46707,2
119466,4.45024,49.48102,2
119467,4.4572,49.48035,2
119468,4.45421,49.48195,2
119469,4.47627,49.49313,2
119470,4.47627,49.49313,2
119471,4.46675,49.48222,2
119472,4.46754,49.48952,2
119473,4.46176,49.48388,2
119474,4.45662,49.48086,2
119475,4.45638,49.48073,2
119476,4.4572,49.48035,2
119477,4.4572,49.48035,2
119478,4.45495,49.48133,2
119479,4.4572,49.48035,2
119480,4.45413,49.48108,2
119481,4.45413,49.48108,2
119482,4.45331,49.48085,2
119483,4.45296,49.48072,2
119484,4.45262,49.48059,2
119485,4.45228,49.48038,2
119486,4.45221,49.48051,2
119487,4.45153,49.47976,2
119488,4.44987,49.47827,2
119489,4.45199,49.48033,2
119490,4.45177,49.48014,2
119491,4.45154,49.47996,2
119492,4.45132,49.47977,2
119493,4.45002,49.47571,2
119494,4.45117,49.47964,2
119495,4.45173,49.47945,2
119496,4.45108,49.47955,2
119497,4.45122,49.47948,2
119498,4.45122,49.47948,2
119499,4.4509,49.47918,2
119500,4.45078,49.47927,2
119501,4.45059,49.47889,2
119502,4.45034,49.47886,2
119503,4.45049,49.479,2
119504,4.45019,49.47872,2
119505,4.45,49.47809,2
119506,4.45004,49.47858,2
119507,4.44992,49.47844,2
119508,4.44987,49.47827,2
119509,4.44982,49.47811,2
119510,4.44919,49.47816,2
119511,4.4492,49.4781,2
119512,4.44984,49.47754,2
119513,4.44993,49.4766,2
119514,4.44996,49.47628,2
119515,4.44997,49.4761,2
119516,4.44997,49.476,2
119517,4.45195,49.48093,2
119518,4.45201,49.48105,2
119519,4.45204,49.48151,2
119520,4.45163,49.48117,2
119521,4.45188,49.48099,2
119522,4.45633,49.4806,2
119523,4.45188,49.48099,2
119524,4.45188,49.48099,2
119525,4.45188,49.48099,2
119526,4.45264,49.48092,2
119527,4.45305,49.48126,2
119528,4.45385,49.48125,2
119529,4.4537,49.48112,2
119530,4.4572,49.48035,2
119531,4.45421,49.48195,2
119532,4.45415,49.48201,2
119533,4.45421,49.48195,2
119534,4.4572,49.48035,2
119535,4.45301,49.48194,2
119536,4.45331,49.48194,2
119537,4.45294,49.48213,2
119538,4.4528,49.48217,2
119539,4.45273,49.48234,2
119540,4.45295,49.48236,2
119541,4.45272,49.4832,2
119542,4.45284,49.48222,2
119543,4.45287,49.48259,2
119544,4.45291,49.48232,2
119545,4.45272,49.4832,2
119546,4.45228,49.48349,2
119547,4.45208,49.48391,2
119548,4.45224,49.48378,2
119549,4.45208,49.48391,2
119550,4.45194,49.48459,2
119551,4.45701,49.48034,2
119552,4.4572,49.48035,2
119553,4.45802,49.47996,2
119554,4.46624,49.47571,2
119555,4.4572,49.48035,2
119556,4.45002,49.47571,2
119557,4.42281,49.48386,2
119558,4.428497,49.483682,2
119559,4.42121,49.48217,2
119560,4.42121,49.48217,2
119561,4.427773,49.483874,2
119562,4.43233,49.48271,2
119563,4.43213,49.48347,2
119564,4.43662,49.48322,2
119565,4.43668,49.48324,2
119566,4.42215,49.48379,2
119567,4.43575,49.48321,2
119568,4.4386,49.48273,2
119569,4.42203,49.48473,2
119570,4.42203,49.48473,2
119571,4.42413,49.48512,2
119572,4.42441,49.48504,2
119573,4.42215,49.48379,2
119574,4.43555,49.48308,2
119575,4.43535,49.48307,2
119576,4.436119,49.476856,2
119577,4.43617,49.48312,2
119578,4.4386,49.48273,2
119579,4.424849,49.488265,2
119580,4.43596,49.4763,2
119581,4.42281,49.48386,2
119582,4.43121,49.48376,2
119583,4.42902,49.48382,2
119584,4.42836,49.48358,2
119585,4.42862,49.48327,2
119586,4.4283,49.48278,2
119587,4.43968,49.48139,2
119588,4.43968,49.48139,2
119589,4.43478,49.48226,2
119590,4.43968,49.48139,2
119591,4.43093,49.48297,2
119592,4.43556,49.4821,2
119593,4.43634,49.48193,2
119594,4.43152,49.48283,2
119595,4.4323,49.48265,2
119596,4.43711,49.48177,2
119597,4.42281,49.48386,2
119598,4.422742,49.483935,2
119599,4.43217,49.48322,2
119600,4.43864,49.48279,2
119601,4.43649,49.48319,2
119602,4.43662,49.48322,2
119603,4.43491,49.48316,2
119604,4.43675,49.48325,2
119605,4.43657,49.48333,2
119606,4.437,49.48332,2
119607,4.437579,49.483866,2
119608,4.43777,49.484491,2
119609,4.43735,49.48343,2
119610,4.43783,49.48353,2
119611,4.43831,49.48362,2
119612,4.43814,49.48371,2
119613,4.43879,49.48365,2
119614,4.43859,49.48284,2
119615,4.43888,49.483,2
119616,4.4386,49.48273,2
119617,4.43842,49.48223,2
119618,4.43829,49.48233,2
119619,4.4386,49.48273,2
119620,4.42152,49.48312,2
119621,4.4213,49.48217,2
119622,4.42121,49.48217,2
119623,4.42112,49.4822,2
119624,4.42131,49.48363,2
119625,4.42134,49.48375,2
119626,4.43474,49.48303,2
119627,4.422952,49.484012,2
119628,4.42203,49.48473,2
119629,4.42198,49.4847,2
119630,4.42196,49.4847,2
119631,4.42281,49.48386,2
119632,4.42192,49.4847,2
119633,4.42203,49.48473,2
119634,4.42203,49.48473,2
119635,4.42203,49.48473,2
119636,4.42203,49.48473,2
119637,4.42327,49.48467,2
119638,4.423558,49.484999,2
119639,4.424026,49.485656,2
119640,4.424025,49.485647,2
119641,4.424285,49.486271,2
119642,4.424378,49.486503,2
119643,4.424425,49.486655,2
119644,4.424569,49.487129,2
119645,4.425091,49.487084,2
119646,4.425091,49.487084,2
119647,4.42465,49.48805,2
119648,4.424569,49.487138,2
119649,4.424663,49.487765,2
119650,4.424661,49.487693,2
119651,4.424569,49.487138,2
119652,4.425,49.48818,2
119653,4.424736,49.488528,2
119654,4.42519,49.489,2
119655,4.424731,49.488411,2
119656,4.424731,49.488411,2
119657,4.42477,49.48708,2
119658,4.42944,49.48738,2
119659,4.42394,49.48501,2
119660,4.42413,49.48512,2
119661,4.42456,49.48497,2
119662,4.42506,49.48496,2
119663,4.42583,49.48578,2
119664,4.4251,49.4848,2
119665,4.42602,49.48625,2
119666,4.43233,49.48271,2
119667,4.42578,49.48667,2
119668,4.42603,49.4858,2
119669,4.42581,49.48537,2
119670,4.4256,49.48493,2
119671,4.4256,49.48493,2
119672,4.42525,49.48455,2
119673,4.42509,49.48417,2
119674,4.43521,49.48306,2
119675,4.43508,49.48305,2
119676,4.42281,49.48386,2
119677,4.43481,49.48303,2
119678,4.43494,49.48304,2
119679,4.43487,49.48304,2
119680,4.43501,49.48305,2
119681,4.43515,49.48306,2
119682,4.43528,49.48306,2
119683,4.43542,49.48307,2
119684,4.43555,49.48308,2
119685,4.43569,49.48309,2
119686,4.43562,49.48309,2
119687,4.43549,49.48308,2
119688,4.43576,49.48309,2
119689,4.43596,49.48311,2
119690,4.4361,49.48312,2
119691,4.43624,49.48313,2
119692,4.436119,49.476856,2
119693,4.42649,49.48386,2
119694,4.42857,49.48299,2
119695,4.4363,49.48314,2
119696,4.43968,49.48139,2
119697,4.78629,49.31024,2
119698,4.78329,49.29923,2
119699,4.78329,49.29923,2
119700,4.78329,49.29923,2
119701,4.78519,49.30022,2
119702,4.78329,49.29923,2
119703,4.781476,49.298463,2
119704,4.78329,49.29923,2
119705,4.78329,49.29923,2
119706,4.78329,49.29923,2
119707,4.783445,49.300284,2
119708,4.78329,49.29923,2
119709,4.78277,49.29994,2
119710,4.78329,49.29923,2
119711,4.78329,49.29923,2
119712,4.78741,49.31047,2
119713,4.78697,49.31051,2
119714,4.78709,49.31041,2
119715,4.78329,49.29923,2
119716,4.784326,49.299151,2
119717,4.78329,49.29923,2
119718,4.78329,49.29923,2
119719,4.784379,49.299105,2
119720,4.78329,49.29923,2
119721,4.78432,49.29844,2
119722,4.78329,49.29923,2
119723,4.78329,49.29923,2
119724,4.78329,49.29923,2
119725,4.78329,49.29923,2
119726,4.78329,49.29923,2
119727,4.78329,49.29923,2
119728,4.78329,49.29923,2
119729,4.78329,49.29923,2
119730,4.78519,49.30022,2
119731,4.78329,49.29923,2
119732,4.78329,49.29923,2
119733,4.78329,49.29923,2
119734,4.78329,49.29923,2
119735,4.78519,49.30022,2
119736,4.78329,49.29923,2
119737,4.78329,49.29923,2
119738,4.78329,49.29923,2
119739,4.78519,49.30022,2
119740,4.78329,49.29923,2
119741,4.78329,49.29923,2
119742,4.784027,49.302114,2
119743,4.784027,49.302114,2
119744,4.78329,49.29923,2
119745,4.37472,49.87052,2
119746,4.35728,49.86104,2
119747,4.37813,49.87261,2
119748,4.37813,49.87261,2
119749,4.37813,49.87261,2
119750,4.38371,49.87231,2
119751,4.37813,49.87261,2
119752,4.37973,49.87468,2
119753,4.37787,49.87487,2
119754,4.367602,49.872628,2
119755,4.358787,49.871823,2
119756,4.37813,49.87261,2
119757,4.37294,49.86525,2
119758,4.36087,49.86422,2
119759,4.36399,49.85845,2
119760,4.35772,49.86297,2
119761,4.35772,49.86297,2
119762,4.35785,49.86313,2
119763,4.35772,49.86297,2
119764,4.3567,49.86271,2
119765,4.3578,49.86411,2
119766,4.358235,49.863542,2
119767,4.36048,49.86578,2
119768,4.37294,49.87035,2
119769,4.37294,49.87033,2
119770,4.37787,49.87487,2
119771,4.379172,49.872479,2
119772,4.380655,49.872374,2
119773,4.37813,49.87261,2
119774,4.37675,49.87265,2
119775,4.37472,49.87052,2
119776,4.37779,49.87491,2
119777,4.37799,49.87487,2
119778,4.35772,49.86297,2
119779,4.37813,49.87261,2
119780,4.3812,49.87049,2
119781,4.35772,49.86297,2
119782,4.35772,49.86297,2
119783,4.73969,49.85753,2
119784,4.73969,49.85753,2
119785,4.73965,49.85761,2
119786,4.74405,49.86001,2
119787,4.74294,49.85938,2
119788,4.74622,49.86258,2
119789,4.74405,49.86001,2
119790,4.74405,49.86001,2
119791,4.74622,49.86258,2
119792,4.73839,49.85968,2
119793,4.73883,49.85779,2
119794,4.73739,49.85945,2
119795,4.77291,49.847128,2
119796,4.76875,49.8522,2
119797,4.76914,49.84992,2
119798,4.74072,49.85694,2
119799,4.77004,49.8458,2
119800,4.76931,49.84826,2
119801,4.76931,49.84826,2
119802,4.76905,49.84677,2
119803,4.77135,49.84621,2
119804,4.77135,49.84621,2
119805,4.774337,49.840092,2
119806,4.77189,49.84567,2
119807,4.77135,49.84621,2
119808,4.82086,50.13844,2
119809,4.82301,50.14017,2
119810,4.82301,50.14017,2
119811,4.81828,50.14029,2
119812,4.81873,50.13972,2
119813,4.81927,50.13962,2
119814,4.81873,50.13972,2
119815,4.81948,50.1395,2
119816,4.82375,50.1367,2
119817,4.82498,50.13638,2
119818,4.82312,50.13788,2
119819,4.82291,50.13746,2
119820,4.82312,50.13748,2
119821,4.82315,50.13724,2
119822,4.82602,50.14212,2
119823,4.82412,50.13783,2
119824,4.82498,50.13638,2
119825,4.82324,50.13804,2
119826,4.82433,50.13862,2
119827,4.82398,50.13838,2
119828,4.82309,50.1373,2
119829,4.72286,49.70613,2
119830,4.72074,49.70783,2
119831,4.72091,49.70948,2
119832,4.72091,49.70948,2
119833,4.72091,49.70948,2
119834,4.72144,49.70992,2
119835,4.72135,49.70974,2
119836,4.72117,49.71002,2
119837,4.72139,49.70862,2
119838,4.72096,49.71141,2
119839,4.72135,49.70512,2
119840,4.72117,49.71002,2
119841,4.31321,49.52063,2
119842,4.345665,49.523411,2
119843,4.31433,49.52164,2
119844,4.31611,49.52133,2
119845,4.31667,49.52192,2
119846,4.317431,49.521047,2
119847,4.31611,49.52133,2
119848,4.31368,49.5222,2
119849,4.326192,49.520607,2
119850,4.31321,49.52063,2
119851,4.31611,49.52133,2
119852,4.3117,49.5215,2
119853,4.31611,49.52133,2
119854,4.30958,49.52105,2
119855,4.31368,49.5222,2
119856,4.31338,49.52167,2
119857,5.180681,49.623992,2
119858,5.18896,49.61948,2
119859,5.191448,49.61938,2
119860,5.19147,49.6199,2
119861,5.19147,49.6199,2
119862,5.18978,49.62444,2
119863,5.191448,49.61938,2
119864,5.17836,49.62561,2
119865,5.18636,49.6243,2
119866,5.18398,49.6241,2
119867,5.17836,49.62561,2
119868,5.18896,49.61948,2
119869,5.17823,49.62508,2
119870,5.182064,49.623744,2
119871,5.18896,49.61948,2
119872,5.202711,49.612526,2
119873,5.192171,49.618949,2
119874,5.192185,49.61894,2
119875,5.185241,49.62242,2
119876,5.17927,49.62654,2
119877,5.191578,49.620222,2
119878,5.191589,49.620167,2
119879,5.191589,49.620167,2
119880,5.19147,49.6199,2
119881,5.19147,49.6199,2
119882,5.18636,49.6243,2
119883,5.18636,49.6243,2
119884,5.188,49.62325,2
119885,5.188,49.62325,2
119886,5.18734,49.62267,2
119887,5.18636,49.6243,2
119888,5.185482,49.623259,2
119889,5.18554,49.62402,2
119890,5.18554,49.62402,2
119891,5.17836,49.62561,2
119892,5.17836,49.62561,2
119893,4.820842,49.291436,2
119894,4.820842,49.291436,2
119895,4.821656,49.291212,2
119896,4.82064,49.29153,2
119897,4.809293,49.28789,2
119898,4.820059,49.290877,2
119899,4.786918,49.310567,2
119900,4.78578,49.310626,2
119901,4.785865,49.3104,2
119902,4.786899,49.313633,2
119903,4.78515,49.31003,2
119904,4.4123,49.50347,2
119905,4.40045,49.499,2
119906,4.40045,49.499,2
119907,4.41174,49.50285,2
119908,4.41174,49.50285,2
119909,4.41174,49.50285,2
119910,4.39941,49.50119,2
119911,4.3995,49.5013,2
119912,4.39964,49.49904,2
119913,4.41174,49.50285,2
119914,4.45413,49.48108,2
119915,4.45002,49.47571,2
119916,4.45075,49.47904,2
119917,4.45221,49.480798,2
119918,4.45188,49.48099,2
119919,4.45413,49.48108,2
119920,4.45287,49.48259,2
119921,4.433331,49.483526,2
119922,4.42281,49.48386,2
119923,4.424025,49.485647,2
119924,4.43521,49.48306,2
119925,4.42649,49.48386,2
119926,4.42649,49.48386,2
119927,4.42649,49.48386,2
119928,4.42281,49.48386,2
119929,4.43968,49.48139,2
119930,4.43704,49.48341,2
119931,4.42065,49.48518,2
119932,4.78329,49.29923,2
119933,4.78329,49.29923,2
119934,4.78329,49.29923,2
119935,4.78329,49.29923,2
119936,4.78329,49.29923,2
