"ID","Longitude","Latitude","ServiceTime (min)"
55967,4.7243,49.79136,2
55968,4.7243,49.79136,2
55969,4.7243,49.79136,2
55970,4.7243,49.79136,2
55971,4.71517,49.78124,2
55972,4.71507,49.78133,2
55973,4.72279,49.79237,2
55974,4.71486,49.78151,2
55975,4.71432,49.78195,2
55976,4.72272,49.79317,2
55977,4.71466,49.78169,2
55978,4.72433,49.79377,2
55979,4.72433,49.79377,2
55980,4.71443,49.78186,2
55981,4.72567,49.79335,2
55982,4.71443,49.78186,2
55983,4.72567,49.79335,2
55984,4.72567,49.79335,2
55985,4.71432,49.78195,2
55986,4.72567,49.79335,2
55987,4.72567,49.79335,2
55988,4.7142,49.78203,2
55989,4.72567,49.79335,2
55990,4.7142,49.78203,2
55991,4.72567,49.79335,2
55992,4.72567,49.79335,2
55993,4.71409,49.78212,2
55994,4.72567,49.79335,2
55995,4.72567,49.79335,2
55996,4.71397,49.7822,2
55997,4.72567,49.79335,2
55998,4.72567,49.79335,2
55999,4.71488,49.7813,2
56000,4.71453,49.78161,2
56001,4.71453,49.78161,2
56002,4.71453,49.78161,2
56003,4.71453,49.78161,2
56004,4.71453,49.78161,2
56005,4.71453,49.78161,2
56006,4.71426,49.78181,2
56007,4.71413,49.78191,2
56008,4.71413,49.78191,2
56009,4.71413,49.78191,2
56010,4.714,49.78201,2
56011,4.71387,49.78211,2
56012,4.71373,49.78221,2
56013,4.71362,49.7823,2
56014,4.71354,49.78237,2
56015,4.71354,49.78237,2
56016,4.71354,49.78237,2
56017,4.71354,49.78237,2
56018,4.71354,49.78237,2
56019,4.71316,49.78272,2
56020,4.71308,49.78279,2
56021,4.713,49.78287,2
56022,4.713,49.78287,2
56023,4.71184,49.78289,2
56024,4.71184,49.78289,2
56025,4.71184,49.78289,2
56026,4.71258,49.78303,2
56027,4.71371,49.78242,2
56028,4.72241,49.7934,2
56029,4.71367,49.78246,2
56030,4.71367,49.78246,2
56031,4.71367,49.78246,2
56032,4.71367,49.78246,2
56033,4.71367,49.78246,2
56034,4.71367,49.78246,2
56035,4.71367,49.78246,2
56036,4.71087,49.78594,2
56037,4.71367,49.78246,2
56038,4.71087,49.78587,2
56039,4.71358,49.78253,2
56040,4.71358,49.78253,2
56041,4.71086,49.78579,2
56042,4.7135,49.78261,2
56043,4.71086,49.78571,2
56044,4.71346,49.78265,2
56045,4.71085,49.78564,2
56046,4.71326,49.78283,2
56047,4.71085,49.78556,2
56048,4.71326,49.78283,2
56049,4.71084,49.78548,2
56050,4.71322,49.78287,2
56051,4.71318,49.78291,2
56052,4.71084,49.78541,2
56053,4.71314,49.78295,2
56054,4.71082,49.78532,2
56055,4.71305,49.78316,2
56056,4.7108,49.78522,2
56057,4.713,49.7833,2
56058,4.71078,49.78513,2
56059,4.71296,49.78345,2
56060,4.71076,49.78503,2
56061,4.71296,49.78374,2
56062,4.71074,49.78493,2
56063,4.71534,49.78984,2
56064,4.71296,49.78388,2
56065,4.71072,49.78483,2
56066,4.71477,49.79489,2
56067,4.71292,49.78301,2
56068,4.71067,49.78474,2
56069,4.71292,49.78301,2
56070,4.71059,49.78466,2
56071,4.71285,49.7832,2
56072,4.715279,49.781973,2
56073,4.715279,49.781973,2
56074,4.71279,49.78339,2
56075,4.71547,49.78188,2
56076,4.71547,49.78188,2
56077,4.71278,49.78358,2
56078,4.724479,49.792366,2
56079,4.71278,49.78377,2
56080,4.71278,49.78377,2
56081,4.71257,49.78429,2
56082,4.71235,49.78429,2
56083,4.71213,49.7843,2
56084,4.71191,49.78431,2
56085,4.71168,49.78432,2
56086,4.71146,49.78433,2
56087,4.71147,49.78444,2
56088,4.71169,49.78443,2
56089,4.71192,49.78443,2
56090,4.71214,49.78442,2
56091,4.71236,49.78441,2
56092,4.7128,49.78428,2
56093,4.71281,49.78439,2
56094,4.71281,49.78431,2
56095,4.71281,49.78439,2
56096,4.71295,49.78496,2
56097,4.71296,49.78403,2
56098,4.72279,49.79237,2
56099,4.71296,49.78417,2
56100,4.71296,49.78417,2
56101,4.71301,49.78436,2
56102,4.71302,49.78443,2
56103,4.71303,49.7845,2
56104,4.71303,49.7845,2
56105,4.71306,49.78467,2
56106,4.71304,49.78457,2
56107,4.71324,49.78559,2
56108,4.71328,49.78579,2
56109,4.71331,49.78599,2
56110,4.71337,49.78593,2
56111,4.72395,49.79147,2
56112,4.71363,49.7859,2
56113,4.7139,49.78586,2
56114,4.71417,49.78582,2
56115,4.71443,49.78578,2
56116,4.7147,49.78575,2
56117,4.72337,49.79255,2
56118,4.71503,49.7857,2
56119,4.72352,49.79261,2
56120,4.71564,49.78547,2
56121,4.7154,49.78563,2
56122,4.71578,49.78557,2
56123,4.71578,49.78557,2
56124,4.71497,49.78596,2
56125,4.7146,49.78564,2
56126,4.7142,49.7857,2
56127,4.7138,49.78575,2
56128,4.7134,49.78581,2
56129,4.71087,49.78594,2
56130,4.71087,49.78594,2
56131,4.72226,49.79351,2
56132,4.7224,49.79358,2
56133,4.71087,49.78594,2
56134,4.72255,49.79347,2
56135,4.72313,49.79209,2
56136,4.71087,49.78587,2
56137,4.71087,49.78587,2
56138,4.72313,49.79209,2
56139,4.71087,49.78587,2
56140,4.72345,49.79183,2
56141,4.7191,49.76014,2
56142,4.72345,49.79183,2
56143,4.71318,49.78663,2
56144,4.72345,49.79183,2
56145,4.7132,49.78679,2
56146,4.72367,49.79154,2
56147,4.71323,49.78697,2
56148,4.71332,49.78729,2
56149,4.72387,49.7911,2
56150,4.71332,49.78729,2
56151,4.7135,49.78781,2
56152,4.72395,49.79147,2
56153,4.7135,49.78781,2
56154,4.71336,49.78745,2
56155,4.7135,49.78781,2
56156,4.71388,49.78867,2
56157,4.72421,49.79127,2
56158,4.72421,49.79127,2
56159,4.71359,49.78809,2
56160,4.71379,49.78234,2
56161,4.72414,49.79119,2
56162,4.72414,49.79119,2
56163,4.71432,49.78945,2
56164,4.71366,49.78826,2
56165,4.71432,49.78945,2
56166,4.71334,49.78646,2
56167,4.71355,49.78643,2
56168,4.71376,49.78639,2
56169,4.71397,49.78636,2
56170,4.71419,49.78632,2
56171,4.7144,49.78629,2
56172,4.71461,49.78625,2
56173,4.71482,49.78622,2
56174,4.71504,49.78619,2
56175,4.71493,49.78482,2
56176,4.71526,49.78615,2
56177,4.71549,49.78612,2
56178,4.71571,49.78608,2
56179,4.71594,49.78605,2
56180,4.71595,49.78617,2
56181,4.71567,49.78621,2
56182,4.71539,49.78625,2
56183,4.71511,49.78629,2
56184,4.71511,49.78629,2
56185,4.71476,49.78635,2
56186,4.72149,49.79326,2
56187,4.71434,49.78642,2
56188,4.71391,49.78649,2
56189,4.71349,49.78656,2
56190,4.71336,49.78662,2
56191,4.72345,49.79183,2
56192,4.71338,49.78678,2
56193,4.72367,49.79154,2
56194,4.71341,49.78695,2
56195,4.72387,49.7911,2
56196,4.71347,49.78696,2
56197,4.71376,49.78691,2
56198,4.71404,49.78687,2
56199,4.71433,49.78682,2
56200,4.71462,49.78677,2
56201,4.71462,49.78677,2
56202,4.71449,49.78327,2
56203,4.71473,49.78688,2
56204,4.71491,49.78673,2
56205,4.7131,49.78302,2
56206,4.71497,49.78684,2
56207,4.72279,49.79237,2
56208,4.71448,49.78692,2
56209,4.71423,49.78696,2
56210,4.71557,49.7822,2
56211,4.71398,49.787,2
56212,4.71557,49.7822,2
56213,4.71349,49.78708,2
56214,4.71557,49.7822,2
56215,4.7135,49.78727,2
56216,4.71557,49.7822,2
56217,4.71354,49.78743,2
56218,4.71557,49.7822,2
56219,4.71357,49.78752,2
56220,4.71557,49.7822,2
56221,4.71359,49.78756,2
56222,4.71295,49.78496,2
56223,4.71476,49.7816,2
56224,4.71401,49.78748,2
56225,4.71386,49.78229,2
56226,4.71278,49.78396,2
56227,4.71434,49.78742,2
56228,4.71413,49.78191,2
56229,4.71354,49.78237,2
56230,4.71499,49.78651,2
56231,4.71367,49.78246,2
56232,4.71376,49.78791,2
56233,4.71358,49.78253,2
56234,4.71482,49.78772,2
56235,4.71375,49.78238,2
56236,4.71456,49.78777,2
56237,4.71278,49.78415,2
56238,4.71087,49.78594,2
56239,4.725335,49.794038,2
56240,4.71429,49.78782,2
56241,4.725338,49.794092,2
56242,4.71508,49.78267,2
56243,4.71087,49.78587,2
56244,4.725408,49.794414,2
56245,4.71402,49.78786,2
56246,4.725406,49.794369,2
56247,4.71371,49.78791,2
56248,4.725456,49.794539,2
56249,4.71323,49.78697,2
56250,4.725457,49.794557,2
56251,4.71363,49.78765,2
56252,4.725457,49.794557,2
56253,4.7135,49.78781,2
56254,4.725457,49.794557,2
56255,4.71367,49.78778,2
56256,4.725408,49.794414,2
56257,4.725407,49.794387,2
56258,4.71534,49.78984,2
56259,4.725407,49.794378,2
56260,4.725301,49.793904,2
56261,4.71534,49.78984,2
56262,4.71395,49.78866,2
56263,4.725337,49.794074,2
56264,4.71557,49.7822,2
56265,4.71395,49.78866,2
56266,4.725302,49.793922,2
56267,4.71534,49.78984,2
56268,4.71143,49.78762,2
56269,4.71557,49.7822,2
56270,4.71422,49.78258,2
56271,4.71534,49.78984,2
56272,4.71159,49.78697,2
56273,4.71544,49.78242,2
56274,4.71534,49.78984,2
56275,4.71492,49.78292,2
56276,4.71534,49.78984,2
56277,4.71534,49.78984,2
56278,4.71534,49.78984,2
56279,4.71534,49.78984,2
56280,4.71404,49.78861,2
56281,4.71534,49.78984,2
56282,4.71449,49.78941,2
56283,4.71534,49.78984,2
56284,4.71395,49.78866,2
56285,4.712,49.78531,2
56286,4.7146,49.78996,2
56287,4.712,49.78531,2
56288,4.71534,49.78984,2
56289,4.712,49.78531,2
56290,4.7146,49.78996,2
56291,4.71534,49.78984,2
56292,4.712,49.78531,2
56293,4.7146,49.78996,2
56294,4.712,49.78531,2
56295,4.71534,49.78984,2
56296,4.712,49.78531,2
56297,4.71451,49.79028,2
56298,4.712,49.78531,2
56299,4.71433,49.79082,2
56300,4.712,49.78531,2
56301,4.71414,49.79135,2
56302,4.71353,49.79275,2
56303,4.71353,49.79275,2
56304,4.7135,49.79451,2
56305,4.7135,49.79451,2
56306,4.7135,49.79451,2
56307,4.71508,49.78267,2
56308,4.71354,49.79473,2
56309,4.71359,49.79494,2
56310,4.71359,49.79494,2
56311,4.72242,49.79267,2
56312,4.71361,49.79508,2
56313,4.72242,49.79267,2
56314,4.72242,49.79267,2
56315,4.71359,49.79494,2
56316,4.71361,49.79508,2
56317,4.71361,49.79508,2
56318,4.71395,49.78866,2
56319,4.72425,49.7924,2
56320,4.723,49.79293,2
56321,4.71343,49.79308,2
56322,4.7247,49.79237,2
56323,4.72313,49.7928,2
56324,4.72452,49.79244,2
56325,4.71348,49.79291,2
56326,4.72524,49.79218,2
56327,4.72313,49.79209,2
56328,4.72325,49.79268,2
56329,4.71338,49.79324,2
56330,4.72506,49.79224,2
56331,4.72488,49.79231,2
56332,4.72339,49.79274,2
56333,4.71333,49.7934,2
56334,4.724479,49.792366,2
56335,4.71278,49.78396,2
56336,4.72327,49.79288,2
56337,4.72515,49.79208,2
56338,4.71328,49.79357,2
56339,4.71278,49.78396,2
56340,4.72497,49.79214,2
56341,4.72314,49.79301,2
56342,4.71395,49.78866,2
56343,4.72479,49.79221,2
56344,4.71278,49.78396,2
56345,4.72493,49.79173,2
56346,4.71073,49.79844,2
56347,4.72475,49.79179,2
56348,4.71395,49.78866,2
56349,4.71278,49.78396,2
56350,4.72457,49.79186,2
56351,4.70977,49.80051,2
56352,4.723949,49.791999,2
56353,4.71278,49.78396,2
56354,4.72421,49.79199,2
56355,4.71477,49.79489,2
56356,4.72403,49.79205,2
56357,4.71307,49.78757,2
56358,4.71278,49.78396,2
56359,4.72394,49.79195,2
56360,4.72412,49.79189,2
56361,4.71307,49.78757,2
56362,4.71278,49.78396,2
56363,4.72503,49.79267,2
56364,4.72448,49.79176,2
56365,4.71279,49.78758,2
56366,4.71278,49.78396,2
56367,4.72466,49.79169,2
56368,4.71128,49.78698,2
56369,4.72485,49.79163,2
56370,4.72279,49.79237,2
56371,4.72559,49.79262,2
56372,4.71252,49.78759,2
56373,4.72543,49.79267,2
56374,4.72527,49.79272,2
56375,4.71225,49.7876,2
56376,4.72511,49.79277,2
56377,4.72496,49.79282,2
56378,4.71225,49.7876,2
56379,4.72438,49.792916,2
56380,4.71252,49.78759,2
56381,4.72519,49.79262,2
56382,4.71198,49.7876,2
56383,4.72535,49.79257,2
56384,4.72551,49.79252,2
56385,4.7117,49.78761,2
56386,4.7117,49.78761,2
56387,4.71143,49.78762,2
56388,4.72464,49.79379,2
56389,4.71116,49.78762,2
56390,4.72467,49.79368,2
56391,4.7247,49.79357,2
56392,4.71089,49.78763,2
56393,4.72472,49.79345,2
56394,4.72475,49.79334,2
56395,4.71061,49.78764,2
56396,4.72482,49.79381,2
56397,4.72485,49.79369,2
56398,4.71034,49.78765,2
56399,4.72487,49.79358,2
56400,4.7249,49.79347,2
56401,4.71007,49.78765,2
56402,4.72493,49.79336,2
56403,4.71091,49.78751,2
56404,4.72402,49.79365,2
56405,4.72409,49.79353,2
56406,4.7113,49.7875,2
56407,4.72413,49.79341,2
56408,4.72385,49.7936,2
56409,4.7117,49.78749,2
56410,4.72393,49.79346,2
56411,4.72396,49.79332,2
56412,4.71315,49.78693,2
56413,4.72399,49.79317,2
56414,4.72401,49.79303,2
56415,4.71284,49.78694,2
56416,4.72419,49.79303,2
56417,4.72417,49.79316,2
56418,4.71222,49.78695,2
56419,4.71444,49.78519,2
56420,4.72415,49.79328,2
56421,4.71444,49.78519,2
56422,4.72199,49.79299,2
56423,4.71191,49.78696,2
56424,4.71128,49.78698,2
56425,4.72199,49.79299,2
56426,4.71097,49.78699,2
56427,4.71444,49.78519,2
56428,4.72242,49.79267,2
56429,4.72199,49.79299,2
56430,4.71444,49.78519,2
56431,4.72242,49.79267,2
56432,4.71066,49.78699,2
56433,4.71444,49.78519,2
56434,4.71444,49.78519,2
56435,4.71035,49.787,2
56436,4.71444,49.78519,2
56437,4.71444,49.78519,2
56438,4.71004,49.78701,2
56439,4.71444,49.78519,2
56440,4.71444,49.78519,2
56441,4.71004,49.78689,2
56442,4.71444,49.78519,2
56443,4.71508,49.78267,2
56444,4.71444,49.78519,2
56445,4.71508,49.78267,2
56446,4.71035,49.78689,2
56447,4.71444,49.78519,2
56448,4.71444,49.78519,2
56449,4.71035,49.78689,2
56450,4.71444,49.78519,2
56451,4.71444,49.78519,2
56452,4.71066,49.78688,2
56453,4.71444,49.78519,2
56454,4.71444,49.78519,2
56455,4.71097,49.78687,2
56456,4.71444,49.78519,2
56457,4.71159,49.78685,2
56458,4.71444,49.78519,2
56459,4.71444,49.78519,2
56460,4.7119,49.78685,2
56461,4.71444,49.78519,2
56462,4.71221,49.78684,2
56463,4.71252,49.78683,2
56464,4.71284,49.78682,2
56465,4.71278,49.78396,2
56466,4.71315,49.78681,2
56467,4.71315,49.78681,2
56468,4.71433,49.78249,2
56469,4.71411,49.78239,2
56470,4.71389,49.78229,2
56471,4.71401,49.78249,2
56472,4.71422,49.78258,2
56473,4.71444,49.78268,2
56474,4.71466,49.78278,2
56475,4.71487,49.78288,2
56476,4.71563,49.78053,2
56477,4.7156,49.78108,2
56478,4.71568,49.78122,2
56479,4.71567,49.78153,2
56480,4.7243,49.79182,2
56481,4.71566,49.78168,2
56482,4.71565,49.78184,2
56483,4.71557,49.7822,2
56484,4.72367,49.79154,2
56485,4.71564,49.78199,2
56486,4.71518,49.78281,2
56487,4.71531,49.78263,2
56488,4.7155,49.78149,2
56489,4.71549,49.78162,2
56490,4.71548,49.78175,2
56491,4.71548,49.78175,2
56492,4.71548,49.78175,2
56493,4.71548,49.78175,2
56494,4.71548,49.78175,2
56495,4.72288,49.79306,2
56496,4.71548,49.78175,2
56497,4.72301,49.79314,2
56498,4.71548,49.78175,2
56499,4.72257,49.79328,2
56500,4.71548,49.78175,2
56501,4.7227,49.79336,2
56502,4.71548,49.78175,2
56503,4.72285,49.79325,2
56504,4.71548,49.78175,2
56505,4.72149,49.79326,2
56506,4.71548,49.78175,2
56507,4.72367,49.79154,2
56508,4.72149,49.79326,2
56509,4.71548,49.78175,2
56510,4.72367,49.79154,2
56511,4.72149,49.79326,2
56512,4.71548,49.78175,2
56513,4.71548,49.78175,2
56514,4.71548,49.78175,2
56515,4.71548,49.78175,2
56516,4.71548,49.78175,2
56517,4.71547,49.78188,2
56518,4.71547,49.78188,2
56519,4.71547,49.78188,2
56520,4.71547,49.78188,2
56521,4.71547,49.78188,2
56522,4.71547,49.78188,2
56523,4.72313,49.79209,2
56524,4.71547,49.78188,2
56525,4.72199,49.79299,2
56526,4.71547,49.78188,2
56527,4.72199,49.79299,2
56528,4.71336,49.78662,2
56529,4.71547,49.78188,2
56530,4.71336,49.78662,2
56531,4.71547,49.78188,2
56532,4.71547,49.78188,2
56533,4.71547,49.78188,2
56534,4.71547,49.78188,2
56535,4.71547,49.78188,2
56536,4.71547,49.78188,2
56537,4.71547,49.78188,2
56538,4.71547,49.78188,2
56539,4.71518,49.78253,2
56540,4.71513,49.7826,2
56541,4.71503,49.78275,2
56542,4.71498,49.78278,2
56543,4.71498,49.78282,2
56544,4.71486,49.78297,2
56545,4.71467,49.78303,2
56546,4.71458,49.78315,2
56547,4.71441,49.78339,2
56548,4.71434,49.78351,2
56549,4.71434,49.78364,2
56550,4.71435,49.78404,2
56551,4.71439,49.78417,2
56552,4.71443,49.7843,2
56553,4.71448,49.78442,2
56554,4.71452,49.78455,2
56555,4.7138,49.78814,2
56556,4.71458,49.78468,2
56557,4.71458,49.78468,2
56558,4.71475,49.78475,2
56559,4.72476,49.79229,2
56560,4.72476,49.79229,2
56561,4.72476,49.79229,2
56562,4.71548,49.78509,2
56563,4.71519,49.78515,2
56564,4.7149,49.78522,2
56565,4.71342,49.78551,2
56566,4.71044,49.78449,2
56567,4.71395,49.78541,2
56568,4.71346,49.78711,2
56569,4.71105,49.78444,2
56570,4.71105,49.78444,2
56571,4.71105,49.78444,2
56572,4.71105,49.78444,2
56573,4.72434,49.7925,2
56574,4.71926,49.76367,2
56575,4.71926,49.76367,2
56576,4.7191,49.76336,2
56577,4.7191,49.76336,2
56578,4.7191,49.76336,2
56579,4.7191,49.76336,2
56580,4.71895,49.76337,2
56581,4.72129,49.76266,2
56582,4.7188,49.76338,2
56583,4.71865,49.76338,2
56584,4.71835,49.7634,2
56585,4.7182,49.7634,2
56586,4.7182,49.7634,2
56587,4.7182,49.7634,2
56588,4.7182,49.7634,2
56589,4.71805,49.76341,2
56590,4.7192,49.76324,2
56591,4.7192,49.76324,2
56592,4.7192,49.76324,2
56593,4.7192,49.76324,2
56594,4.7192,49.76324,2
56595,4.71897,49.76325,2
56596,4.71875,49.76326,2
56597,4.71875,49.76326,2
56598,4.71875,49.76326,2
56599,4.71853,49.76327,2
56600,4.71853,49.76327,2
56601,4.7183,49.76328,2
56602,4.7183,49.76328,2
56603,4.7183,49.76328,2
56604,4.71808,49.76329,2
56605,4.73774,49.77257,2
56606,4.71807,49.7633,2
56607,4.7181,49.76317,2
56608,4.7181,49.76317,2
56609,4.7181,49.76317,2
56610,4.7181,49.76317,2
56611,4.7181,49.76317,2
56612,4.71813,49.76304,2
56613,4.71813,49.76304,2
56614,4.71813,49.76304,2
56615,4.71817,49.76292,2
56616,4.71817,49.76292,2
56617,4.71817,49.76292,2
56618,4.71826,49.76281,2
56619,4.71836,49.76269,2
56620,4.71836,49.76269,2
56621,4.71853,49.76265,2
56622,4.71853,49.76265,2
56623,4.72129,49.76266,2
56624,4.71853,49.76265,2
56625,4.71872,49.76262,2
56626,4.71872,49.76262,2
56627,4.71892,49.76259,2
56628,4.71911,49.76256,2
56629,4.71892,49.76259,2
56630,4.71911,49.76256,2
56631,4.71911,49.76256,2
56632,4.71911,49.76256,2
56633,4.71911,49.76256,2
56634,4.71934,49.76279,2
56635,4.71934,49.76279,2
56636,4.71934,49.76279,2
56637,4.71934,49.76279,2
56638,4.71934,49.76279,2
56639,4.71953,49.76282,2
56640,4.71953,49.76282,2
56641,4.71953,49.76282,2
56642,4.71953,49.76282,2
56643,4.71953,49.76282,2
56644,4.71971,49.76286,2
56645,4.71971,49.76286,2
56646,4.71971,49.76286,2
56647,4.71971,49.76286,2
56648,4.71971,49.76286,2
56649,4.71971,49.76286,2
56650,4.71989,49.76289,2
56651,4.71989,49.76289,2
56652,4.71989,49.76289,2
56653,4.7191,49.76336,2
56654,4.7183,49.76328,2
56655,4.71989,49.76289,2
56656,4.71989,49.76289,2
56657,4.71989,49.76289,2
56658,4.71989,49.76289,2
56659,4.72007,49.76293,2
56660,4.72196,49.7632,2
56661,4.72007,49.76293,2
56662,4.72007,49.76293,2
56663,4.72007,49.76293,2
56664,4.72025,49.76297,2
56665,4.71996,49.76303,2
56666,4.72026,49.76309,2
56667,4.72026,49.76309,2
56668,4.72026,49.76309,2
56669,4.72026,49.76309,2
56670,4.72026,49.76309,2
56671,4.72026,49.76309,2
56672,4.72026,49.76309,2
56673,4.72118,49.76324,2
56674,4.7208,49.76308,2
56675,4.7208,49.76308,2
56676,4.7208,49.76308,2
56677,4.72098,49.76311,2
56678,4.72098,49.76311,2
56679,4.72098,49.76311,2
56680,4.72098,49.76311,2
56681,4.72144,49.76311,2
56682,4.72144,49.76311,2
56683,4.72144,49.76311,2
56684,4.72144,49.76311,2
56685,4.72161,49.7631,2
56686,4.72161,49.7631,2
56687,4.72161,49.7631,2
56688,4.72177,49.7631,2
56689,4.72177,49.7631,2
56690,4.72177,49.7631,2
56691,4.72193,49.76309,2
56692,4.72209,49.76308,2
56693,4.72225,49.76308,2
56694,4.72454,49.76295,2
56695,4.72506,49.76299,2
56696,4.72506,49.76299,2
56697,4.72423,49.76292,2
56698,4.72354,49.76286,2
56699,4.72354,49.76286,2
56700,4.72354,49.76286,2
56701,4.72354,49.76286,2
56702,4.7232,49.76284,2
56703,4.72285,49.76281,2
56704,4.7225,49.76278,2
56705,4.72221,49.76276,2
56706,4.72152,49.76269,2
56707,4.72175,49.76271,2
56708,4.72129,49.76266,2
56709,4.72129,49.76266,2
56710,4.72129,49.76266,2
56711,4.72106,49.76264,2
56712,4.72062,49.76259,2
56713,4.72062,49.76259,2
56714,4.72062,49.76259,2
56715,4.72018,49.76255,2
56716,4.7204,49.76257,2
56717,4.7204,49.76257,2
56718,4.7204,49.76257,2
56719,4.71996,49.76255,2
56720,4.72018,49.76255,2
56721,4.72018,49.76255,2
56722,4.71996,49.76255,2
56723,4.71974,49.76255,2
56724,4.71996,49.76255,2
56725,4.71974,49.76255,2
56726,4.71974,49.76255,2
56727,4.71952,49.76255,2
56728,4.71996,49.76255,2
56729,4.71929,49.76255,2
56730,4.71929,49.76255,2
56731,4.71929,49.76255,2
56732,4.71929,49.76255,2
56733,4.72165,49.76263,2
56734,4.72087,49.76321,2
56735,4.72087,49.76321,2
56736,4.72087,49.76321,2
56737,4.72087,49.76321,2
56738,4.72087,49.76321,2
56739,4.72087,49.76321,2
56740,4.72087,49.76321,2
56741,4.72087,49.76321,2
56742,4.72087,49.76321,2
56743,4.72087,49.76321,2
56744,4.72198,49.76273,2
56745,4.72087,49.76321,2
56746,4.72087,49.76321,2
56747,4.72087,49.76321,2
56748,4.72087,49.76321,2
56749,4.72087,49.76321,2
56750,4.72087,49.76321,2
56751,4.72087,49.76321,2
56752,4.72087,49.76321,2
56753,4.72087,49.76321,2
56754,4.72087,49.76321,2
56755,4.72087,49.76321,2
56756,4.72087,49.76321,2
56757,4.72087,49.76321,2
56758,4.71925,49.76352,2
56759,4.71926,49.76367,2
56760,4.71926,49.76367,2
56761,4.7192,49.76324,2
56762,4.71875,49.76326,2
56763,4.7181,49.76317,2
56764,4.71892,49.76259,2
56765,4.71892,49.76259,2
56766,4.71912,49.76266,2
56767,4.71934,49.76279,2
56768,4.71931,49.76276,2
56769,4.71971,49.76286,2
56770,4.71989,49.76289,2
56771,4.71989,49.76289,2
56772,4.72043,49.763,2
56773,4.72043,49.763,2
56774,4.72056,49.76315,2
56775,4.7208,49.76308,2
56776,4.7208,49.76308,2
56777,4.72144,49.76311,2
56778,4.72161,49.7631,2
56779,4.72177,49.7631,2
56780,4.72531,49.76301,2
56781,4.72354,49.76286,2
56782,4.72389,49.76289,2
56783,4.72018,49.76255,2
56784,4.71996,49.76255,2
56785,4.71974,49.76255,2
56786,4.71929,49.76255,2
56787,4.72087,49.76321,2
56788,4.72087,49.76321,2
56789,4.72087,49.76321,2
56790,4.71925,49.76352,2
56791,4.71925,49.76352,2
56792,4.71925,49.76352,2
56793,4.71925,49.76352,2
56794,4.71925,49.76352,2
56795,4.71925,49.76352,2
56796,4.71926,49.76367,2
56797,4.71926,49.76367,2
56798,4.71926,49.76367,2
56799,4.71926,49.76367,2
56800,4.71926,49.76367,2
56801,4.70348,49.77425,2
56802,4.70348,49.77425,2
56803,4.70348,49.77425,2
56804,4.70348,49.77425,2
56805,4.70348,49.77425,2
56806,4.70348,49.77425,2
56807,4.70348,49.77425,2
56808,4.70348,49.77425,2
56809,4.70348,49.77425,2
56810,4.70348,49.77425,2
56811,4.70348,49.77425,2
56812,4.70348,49.77425,2
56813,4.70348,49.77425,2
56814,4.70348,49.77425,2
56815,4.70348,49.77425,2
56816,4.70348,49.77425,2
56817,4.70348,49.77425,2
56818,4.70348,49.77425,2
56819,4.70348,49.77425,2
56820,4.70348,49.77425,2
56821,4.70348,49.77425,2
56822,4.70348,49.77425,2
56823,4.70348,49.77425,2
56824,4.70348,49.77425,2
56825,4.70348,49.77425,2
56826,4.70348,49.77425,2
56827,4.70348,49.77425,2
56828,4.70348,49.77425,2
56829,4.70348,49.77425,2
56830,4.70348,49.77425,2
56831,4.70348,49.77425,2
56832,4.70348,49.77425,2
56833,4.70348,49.77425,2
56834,4.70348,49.77425,2
56835,4.70348,49.77425,2
56836,4.70348,49.77425,2
56837,4.70348,49.77425,2
56838,4.70348,49.77425,2
56839,4.70348,49.77425,2
56840,4.70348,49.77425,2
56841,4.70348,49.77425,2
56842,4.70348,49.77425,2
56843,4.70348,49.77425,2
56844,4.70348,49.77425,2
56845,4.70348,49.77425,2
56846,4.70348,49.77425,2
56847,4.70348,49.77425,2
56848,4.71292,49.77271,2
56849,4.70887,49.77347,2
56850,4.70887,49.77347,2
56851,4.70887,49.77347,2
56852,4.70887,49.77347,2
56853,4.70887,49.77347,2
56854,4.70887,49.77347,2
56855,4.70887,49.77347,2
56856,4.70887,49.77347,2
56857,4.70887,49.77347,2
56858,4.70887,49.77347,2
56859,4.70887,49.77347,2
56860,4.70887,49.77347,2
56861,4.70887,49.77347,2
56862,4.70887,49.77347,2
56863,4.70887,49.77347,2
56864,4.70887,49.77347,2
56865,4.70887,49.77347,2
56866,4.70887,49.77347,2
56867,4.70887,49.77347,2
56868,4.70887,49.77347,2
56869,4.70887,49.77347,2
56870,4.70887,49.77347,2
56871,4.70887,49.77347,2
56872,4.70887,49.77347,2
56873,4.70887,49.77347,2
56874,4.70887,49.77347,2
56875,4.70887,49.77347,2
56876,4.70887,49.77347,2
56877,4.70887,49.77347,2
56878,4.70887,49.77347,2
56879,4.70887,49.77347,2
56880,4.70887,49.77347,2
56881,4.70887,49.77347,2
56882,4.70887,49.77347,2
56883,4.70887,49.77347,2
56884,4.70887,49.77347,2
56885,4.70887,49.77347,2
56886,4.70887,49.77347,2
56887,4.70887,49.77347,2
56888,4.70887,49.77347,2
56889,4.70887,49.77347,2
56890,4.70887,49.77347,2
56891,4.70887,49.77347,2
56892,4.70887,49.77347,2
56893,4.70887,49.77347,2
56894,4.70887,49.77347,2
56895,4.70887,49.77347,2
56896,4.70887,49.77347,2
56897,4.70889,49.77297,2
56898,4.70887,49.77347,2
56899,4.70889,49.77297,2
56900,4.70613,49.77356,2
56901,4.70887,49.77347,2
56902,4.70613,49.77356,2
56903,4.70348,49.77425,2
56904,4.70887,49.77347,2
56905,4.70887,49.77347,2
56906,4.70348,49.77425,2
56907,4.70348,49.77425,2
56908,4.70887,49.77347,2
56909,4.70348,49.77425,2
56910,4.70887,49.77347,2
56911,4.70348,49.77425,2
56912,4.70348,49.77425,2
56913,4.70887,49.77347,2
56914,4.70348,49.77425,2
56915,4.70348,49.77425,2
56916,4.70887,49.77347,2
56917,4.70348,49.77425,2
56918,4.70348,49.77425,2
56919,4.70887,49.77347,2
56920,4.70348,49.77425,2
56921,4.70348,49.77425,2
56922,4.70887,49.77347,2
56923,4.70348,49.77425,2
56924,4.70887,49.77347,2
56925,4.70348,49.77425,2
56926,4.70348,49.77425,2
56927,4.70887,49.77347,2
56928,4.70348,49.77425,2
56929,4.70887,49.77347,2
56930,4.70348,49.77425,2
56931,4.70887,49.77347,2
56932,4.70348,49.77425,2
56933,4.70348,49.77425,2
56934,4.70887,49.77347,2
56935,4.70348,49.77425,2
56936,4.70348,49.77425,2
56937,4.70887,49.77347,2
56938,4.70348,49.77425,2
56939,4.70887,49.77347,2
56940,4.70887,49.77347,2
56941,4.70887,49.77347,2
56942,4.70887,49.77347,2
56943,4.70887,49.77347,2
56944,4.70887,49.77347,2
56945,4.70887,49.77347,2
56946,4.70887,49.77347,2
56947,4.70887,49.77347,2
56948,4.70887,49.77347,2
56949,4.70887,49.77347,2
56950,4.70887,49.77347,2
56951,4.70887,49.77347,2
56952,4.70887,49.77347,2
56953,4.70887,49.77347,2
56954,4.70887,49.77347,2
56955,4.70887,49.77347,2
56956,4.70889,49.77319,2
56957,4.70889,49.77297,2
56958,4.70889,49.77297,2
56959,4.70889,49.77297,2
56960,4.70889,49.77297,2
56961,4.70889,49.77297,2
56962,4.70889,49.77297,2
56963,4.70889,49.77297,2
56964,4.70889,49.77297,2
56965,4.70889,49.77297,2
56966,4.70889,49.77297,2
56967,4.70889,49.77297,2
56968,4.70889,49.77297,2
56969,4.70889,49.77297,2
56970,4.70889,49.77297,2
56971,4.70889,49.77297,2
56972,4.70889,49.77297,2
56973,4.70889,49.77297,2
56974,4.70889,49.77297,2
56975,4.70889,49.77297,2
56976,4.70889,49.77297,2
56977,4.70889,49.77297,2
56978,4.70889,49.77297,2
56979,4.70889,49.77297,2
56980,4.70889,49.77297,2
56981,4.70889,49.77297,2
56982,4.70889,49.77297,2
56983,4.70889,49.77297,2
56984,4.70889,49.77297,2
56985,4.70889,49.77297,2
56986,4.70889,49.77297,2
56987,4.70889,49.77297,2
56988,4.70889,49.77297,2
56989,4.70889,49.77297,2
56990,4.70889,49.77297,2
56991,4.70889,49.77297,2
56992,4.70889,49.77297,2
56993,4.70889,49.77297,2
56994,4.70889,49.77297,2
56995,4.70889,49.77297,2
56996,4.70613,49.77356,2
56997,4.70613,49.77356,2
56998,4.70613,49.77356,2
56999,4.70613,49.77356,2
57000,4.70613,49.77356,2
57001,4.70613,49.77356,2
57002,4.70613,49.77356,2
57003,4.70613,49.77356,2
57004,4.70613,49.77356,2
57005,4.70348,49.77425,2
57006,4.70348,49.77425,2
57007,4.70348,49.77425,2
57008,4.70348,49.77425,2
57009,4.70348,49.77425,2
57010,4.70348,49.77425,2
57011,4.70348,49.77425,2
57012,4.70348,49.77425,2
57013,4.70348,49.77425,2
57014,4.70348,49.77425,2
57015,4.70348,49.77425,2
57016,4.70348,49.77425,2
57017,4.70348,49.77425,2
57018,4.70348,49.77425,2
57019,4.70348,49.77425,2
57020,4.70348,49.77425,2
57021,4.70348,49.77425,2
57022,4.70348,49.77425,2
57023,4.70348,49.77425,2
57024,4.70348,49.77425,2
57025,4.70348,49.77425,2
57026,4.70348,49.77425,2
57027,4.70348,49.77425,2
57028,4.70348,49.77425,2
57029,4.70348,49.77425,2
57030,4.70348,49.77425,2
57031,4.70348,49.77425,2
57032,4.70348,49.77425,2
57033,4.70348,49.77425,2
57034,4.70348,49.77425,2
57035,4.70348,49.77425,2
57036,4.70348,49.77425,2
57037,4.70348,49.77425,2
57038,4.70348,49.77425,2
57039,4.70348,49.77425,2
57040,4.70348,49.77425,2
57041,4.70348,49.77425,2
57042,4.70348,49.77425,2
57043,4.70348,49.77425,2
57044,4.70348,49.77425,2
57045,4.70348,49.77425,2
57046,4.70348,49.77425,2
57047,4.70348,49.77425,2
57048,4.70348,49.77425,2
57049,4.70348,49.77425,2
57050,4.70348,49.77425,2
57051,4.70348,49.77425,2
57052,4.70348,49.77425,2
57053,4.70348,49.77425,2
57054,4.70348,49.77425,2
57055,4.70348,49.77425,2
57056,4.70348,49.77425,2
57057,4.70348,49.77425,2
57058,4.70348,49.77425,2
57059,4.70348,49.77425,2
57060,4.70348,49.77425,2
57061,4.35309,49.82874,2
57062,4.35486,49.82905,2
57063,4.35486,49.82905,2
57064,4.35486,49.82905,2
57065,4.35486,49.82905,2
57066,4.35437,49.82927,2
57067,4.35526,49.82945,2
57068,4.35606,49.82945,2
57069,4.355975,49.829404,2
57070,4.35737,49.82927,2
57071,4.35751,49.82941,2
57072,4.35869,49.8294,2
57073,4.35837,49.82938,2
57074,4.35815,49.82949,2
57075,4.3587,49.82951,2
57076,4.358895,49.829499,2
57077,4.35437,49.82927,2
57078,4.35592,49.82989,2
57079,4.3548,49.82998,2
57080,4.3547,49.82957,2
57081,4.35391,49.82986,2
57082,4.352093,49.834786,2
57083,4.3533,49.82955,2
57084,4.35309,49.82874,2
57085,4.35309,49.82874,2
57086,4.33464,49.82591,2
57087,4.35309,49.82874,2
57088,4.35309,49.82874,2
57089,4.335505,49.820123,2
57090,4.35309,49.82874,2
57091,4.33458,49.81984,2
57092,4.35309,49.82874,2
57093,4.35309,49.82874,2
57094,4.33285,49.82004,2
57095,4.35309,49.82874,2
57096,4.33335,49.81986,2
57097,4.35322,49.82873,2
57098,4.358881,49.829499,2
57099,4.358895,49.829499,2
57100,4.35442,49.82996,2
57101,4.35389,49.82992,2
57102,4.35391,49.82986,2
57103,4.3533,49.82955,2
57104,4.3533,49.82955,2
57105,4.35426,49.82899,2
57106,4.35426,49.82899,2
57107,4.35309,49.82874,2
57108,4.35309,49.82874,2
57109,4.35309,49.82874,2
57110,4.35309,49.82874,2
57111,4.33398,49.81979,2
57112,4.35309,49.82874,2
57113,4.3329,49.82011,2
57114,4.33285,49.82004,2
57115,4.33177,49.82025,2
57116,4.35309,49.82874,2
57117,4.33812,49.82157,2
57118,4.401571,49.820087,2
57119,4.40036,49.81898,2
57120,4.40036,49.81898,2
57121,4.40036,49.81898,2
57122,4.40036,49.81898,2
57123,4.40307,49.8179,2
57124,4.40739,49.80509,2
57125,4.40724,49.80538,2
57126,4.40036,49.81898,2
57127,4.4011,49.81875,2
57128,4.40023,49.81789,2
57129,4.40036,49.81898,2
57130,4.401428,49.821014,2
57131,4.40188,49.81861,2
57132,4.40036,49.81898,2
57133,4.40036,49.81898,2
57134,4.40036,49.81898,2
57135,4.40036,49.81898,2
57136,4.40036,49.81898,2
57137,4.40036,49.81898,2
57138,4.4011,49.81875,2
57139,4.40121,49.81892,2
57140,4.4011,49.81875,2
57141,4.40036,49.81898,2
57142,4.39997,49.81864,2
57143,4.40023,49.81789,2
57144,4.40023,49.81789,2
57145,4.40023,49.81789,2
57146,4.40023,49.81789,2
57147,4.40036,49.81898,2
57148,4.40036,49.81898,2
57149,4.401322,49.819076,2
57150,4.38436,49.82026,2
57151,4.38436,49.82026,2
57152,4.38436,49.82026,2
57153,4.40036,49.81898,2
57154,4.38436,49.82026,2
57155,4.38436,49.82026,2
57156,4.40036,49.81898,2
57157,4.40121,49.81892,2
57158,4.40121,49.81892,2
57159,4.401973,49.818355,2
57160,4.40724,49.80538,2
57161,4.40036,49.81898,2
57162,4.40724,49.80538,2
57163,4.40737,49.80471,2
57164,4.40036,49.81898,2
57165,4.401463,49.820511,2
57166,4.401444,49.821068,2
57167,4.40036,49.81898,2
57168,4.40036,49.81898,2
57169,4.39934,49.81922,2
57170,4.40023,49.81789,2
57171,4.39966,49.81817,2
57172,4.40023,49.81789,2
57173,4.40036,49.81898,2
57174,4.40036,49.81898,2
57175,4.398597,49.819661,2
57176,4.40188,49.81861,2
57177,4.401601,49.81979,2
57178,4.78918,49.70197,2
57179,4.78986,49.70188,2
57180,4.78986,49.70188,2
57181,4.78986,49.70188,2
57182,4.78951,49.70185,2
57183,4.79058,49.70168,2
57184,4.79096,49.70147,2
57185,4.79096,49.70147,2
57186,4.79133,49.70127,2
57187,4.78951,49.70185,2
57188,4.78951,49.70185,2
57189,4.79167,49.70108,2
57190,4.79167,49.70108,2
57191,4.79222,49.70079,2
57192,4.79302,49.70037,2
57193,4.78999,49.70227,2
57194,4.78999,49.70227,2
57195,4.79019,49.70212,2
57196,4.79019,49.70212,2
57197,4.79019,49.70212,2
57198,4.79019,49.70212,2
57199,4.79013,49.7019,2
57200,4.79013,49.7019,2
57201,4.79019,49.70212,2
57202,4.79007,49.70287,2
57203,4.789881,49.70255,2
57204,4.79678,49.69904,2
57205,4.79007,49.70287,2
57206,4.79007,49.70287,2
57207,4.79007,49.70287,2
57208,4.78991,49.70229,2
57209,4.78991,49.70229,2
57210,4.78991,49.70229,2
57211,4.78991,49.70229,2
57212,4.79021,49.70344,2
57213,4.78985,49.70268,2
57214,4.78985,49.70268,2
57215,4.78985,49.70268,2
57216,4.78985,49.70268,2
57217,4.78999,49.70227,2
57218,4.78999,49.70227,2
57219,4.79,49.70308,2
57220,4.79,49.70308,2
57221,4.79021,49.70344,2
57222,4.78999,49.70227,2
57223,4.78999,49.70227,2
57224,4.79021,49.70344,2
57225,4.79021,49.70344,2
57226,4.79021,49.70344,2
57227,4.79021,49.70344,2
57228,4.79021,49.70344,2
57229,4.79021,49.70344,2
57230,4.79021,49.70344,2
57231,4.79021,49.70344,2
57232,4.79021,49.70344,2
57233,4.79021,49.70344,2
57234,4.78839,49.70297,2
57235,4.78839,49.70297,2
57236,4.78976,49.70387,2
57237,4.78976,49.70387,2
57238,4.78935,49.70322,2
57239,4.78935,49.70322,2
57240,4.79021,49.70344,2
57241,4.79021,49.70344,2
57242,4.79596,49.69947,2
57243,4.79596,49.69947,2
57244,4.78894,49.70311,2
57245,4.79036,49.70324,2
57246,4.78894,49.70311,2
57247,4.79955,49.69992,2
57248,4.78913,49.70329,2
57249,4.78913,49.70329,2
57250,4.78846,49.70308,2
57251,4.78846,49.70308,2
57252,4.78846,49.70308,2
57253,4.78846,49.70308,2
57254,4.78855,49.70298,2
57255,4.78855,49.70298,2
57256,4.78783,49.70281,2
57257,4.78783,49.70281,2
57258,4.78817,49.70282,2
57259,4.79596,49.70148,2
57260,4.78817,49.70282,2
57261,4.7878,49.70266,2
57262,4.7878,49.70266,2
57263,4.7878,49.70266,2
57264,4.7878,49.70266,2
57265,4.78839,49.70297,2
57266,4.78839,49.70297,2
57267,4.79133,49.70323,2
57268,4.79133,49.70323,2
57269,4.79133,49.70323,2
57270,4.79133,49.70323,2
57271,4.78839,49.70297,2
57272,4.78839,49.70297,2
57273,4.79134,49.7031,2
57274,4.79134,49.7031,2
57275,4.79134,49.7031,2
57276,4.79134,49.7031,2
57277,4.78839,49.70297,2
57278,4.78839,49.70297,2
57279,4.79465,49.69853,2
57280,4.79466,49.69846,2
57281,4.79563,49.69891,2
57282,4.79579,49.69885,2
57283,4.79579,49.69885,2
57284,4.79596,49.69947,2
57285,4.79596,49.69947,2
57286,4.79596,49.69947,2
57287,4.79605,49.69944,2
57288,4.79021,49.70344,2
57289,4.79613,49.69968,2
57290,4.79613,49.69968,2
57291,4.79662,49.70028,2
57292,4.79622,49.69983,2
57293,4.79632,49.69994,2
57294,4.79642,49.70006,2
57295,4.79672,49.70039,2
57296,4.79712,49.70072,2
57297,4.79686,49.70048,2
57298,4.7971,49.70058,2
57299,4.79734,49.70067,2
57300,4.79757,49.70077,2
57301,4.79504,49.70104,2
57302,4.79571,49.69976,2
57303,4.79571,49.69976,2
57304,4.79579,49.69885,2
57305,4.79766,49.6997,2
57306,4.79704,49.69932,2
57307,4.79764,49.69984,2
57308,4.79798,49.69985,2
57309,4.79744,49.6995,2
57310,4.79806,49.70002,2
57311,4.7983,49.69999,2
57312,4.79847,49.70021,2
57313,4.79862,49.70013,2
57314,4.79882,49.70015,2
57315,4.79909,49.70004,2
57316,4.79964,49.69981,2
57317,4.79991,49.6997,2
57318,4.80019,49.69959,2
57319,4.80095,49.69925,2
57320,4.80076,49.69897,2
57321,4.80079,49.69909,2
57322,4.80062,49.69893,2
57323,4.80046,49.69877,2
57324,4.80122,49.69919,2
57325,4.80156,49.6991,2
57326,4.80156,49.6991,2
57327,4.80192,49.69903,2
57328,4.79749,49.70088,2
57329,4.80228,49.69896,2
57330,4.80263,49.69889,2
57331,4.80292,49.69902,2
57332,4.80292,49.69922,2
57333,4.80291,49.69943,2
57334,4.8029,49.69964,2
57335,4.8029,49.69985,2
57336,4.80289,49.70005,2
57337,4.80289,49.70026,2
57338,4.80271,49.70024,2
57339,4.80271,49.7,2
57340,4.80272,49.69976,2
57341,4.80273,49.69952,2
57342,4.80274,49.69927,2
57343,4.80274,49.69903,2
57344,4.80272,49.69899,2
57345,4.80243,49.69905,2
57346,4.80214,49.69911,2
57347,4.80185,49.69917,2
57348,4.80156,49.69922,2
57349,4.80076,49.69897,2
57350,4.80128,49.6993,2
57351,4.80061,49.69961,2
57352,4.80098,49.69978,2
57353,4.80137,49.69993,2
57354,4.80175,49.70008,2
57355,4.80215,49.70021,2
57356,4.80259,49.70028,2
57357,4.80149,49.70011,2
57358,4.80028,49.69969,2
57359,4.80001,49.6998,2
57360,4.79973,49.69991,2
57361,4.79946,49.70002,2
57362,4.79919,49.70013,2
57363,4.79891,49.70025,2
57364,4.79854,49.70041,2
57365,4.79851,49.70056,2
57366,4.79891,49.7008,2
57367,4.79939,49.70096,2
57368,4.7999,49.70111,2
57369,4.79987,49.70123,2
57370,4.79946,49.70111,2
57371,4.79904,49.70099,2
57372,4.79868,49.70082,2
57373,4.79835,49.70062,2
57374,4.79816,49.70062,2
57375,4.79786,49.70081,2
57376,4.79743,49.70108,2
57377,4.79781,49.70068,2
57378,4.79811,49.70049,2
57379,4.79766,49.70078,2
57380,4.79796,49.70058,2
57381,4.79471,49.69852,2
57382,4.79596,49.69947,2
57383,4.79471,49.69852,2
57384,4.79642,49.70006,2
57385,4.797329,49.701015,2
57386,4.797329,49.701015,2
57387,4.79471,49.69852,2
57388,4.79563,49.69891,2
57389,4.797289,49.701034,2
57390,4.79605,49.69944,2
57391,4.79596,49.69947,2
57392,4.79579,49.69885,2
57393,4.79579,49.69885,2
57394,4.79579,49.69885,2
57395,4.79579,49.69885,2
57396,4.797289,49.701034,2
57397,4.80734,49.69834,2
57398,4.80541,49.69867,2
57399,4.80545,49.69847,2
57400,4.80548,49.69826,2
57401,4.80552,49.69805,2
57402,4.80556,49.69784,2
57403,4.80559,49.69763,2
57404,4.80563,49.69743,2
57405,4.80542,49.69762,2
57406,4.80545,49.69741,2
57407,4.80534,49.69804,2
57408,4.80538,49.69783,2
57409,4.8053,49.69824,2
57410,4.80527,49.69845,2
57411,4.80523,49.69866,2
57412,4.79036,49.70324,2
57413,4.79036,49.70324,2
57414,4.802112,49.700235,2
57415,4.79471,49.69852,2
57416,4.79936,49.69992,2
57417,4.78951,49.70185,2
57418,4.80344,49.69881,2
57419,4.80156,49.6991,2
57420,4.80156,49.6991,2
57421,4.65162,49.92771,2
57422,4.65138,49.92775,2
57423,4.65115,49.92778,2
57424,4.6512,49.9279,2
57425,4.65143,49.92786,2
57426,4.65166,49.92782,2
57427,4.65198,49.92819,2
57428,4.65169,49.92823,2
57429,4.6514,49.92828,2
57430,4.65144,49.92839,2
57431,4.65173,49.92835,2
57432,4.65202,49.9283,2
57433,4.65214,49.9285,2
57434,4.65192,49.92869,2
57435,4.6516,49.92878,2
57436,4.65167,49.92888,2
57437,4.65203,49.92879,2
57438,4.65227,49.92858,2
57439,4.65171,49.92828,2
57440,4.65171,49.92828,2
57441,4.65223,49.92833,2
57442,4.32437,49.35076,2
57443,4.32437,49.35076,2
57444,4.32437,49.35076,2
57445,4.32437,49.35076,2
57446,4.32437,49.35076,2
57447,4.32543,49.35092,2
57448,4.32268,49.35082,2
57449,4.32268,49.35082,2
57450,4.32268,49.35082,2
57451,4.32268,49.35082,2
57452,4.32268,49.35082,2
57453,4.32268,49.35082,2
57454,4.32009,49.34947,2
57455,4.32268,49.35082,2
57456,4.32009,49.34947,2
57457,4.32009,49.34947,2
57458,4.32268,49.35082,2
57459,4.32268,49.35082,2
57460,4.32545,49.34983,2
57461,4.325065,49.349521,2
57462,4.32545,49.34983,2
57463,4.32376,49.34919,2
57464,4.3188,49.35014,2
57465,4.3188,49.35014,2
57466,4.32545,49.34983,2
57467,4.32304,49.34966,2
57468,4.32545,49.34983,2
57469,4.32268,49.35082,2
57470,4.32545,49.34983,2
57471,4.31888,49.35009,2
57472,4.325658,49.348505,2
57473,4.325976,49.350324,2
57474,4.32268,49.35082,2
57475,4.32346,49.34983,2
57476,4.32545,49.34983,2
57477,4.32545,49.34983,2
57478,4.32291,49.35019,2
57479,4.32291,49.35019,2
57480,4.32437,49.35076,2
57481,4.32437,49.35076,2
57482,4.31888,49.35009,2
57483,4.32009,49.34947,2
57484,4.3203,49.34927,2
57485,4.32009,49.34947,2
57486,4.32082,49.34979,2
57487,4.32138,49.34998,2
57488,4.32247,49.34955,2
57489,4.32247,49.34955,2
57490,4.32376,49.34919,2
57491,4.354,49.32492,2
57492,4.32508,49.35068,2
57493,4.32472,49.35054,2
57494,4.32436,49.3504,2
57495,4.32405,49.35022,2
57496,4.32437,49.35076,2
57497,4.32497,49.35079,2
57498,4.32268,49.35082,2
57499,4.32268,49.35082,2
57500,4.32268,49.35082,2
57501,4.32009,49.34947,2
57502,4.31937,49.34915,2
57503,4.32009,49.34947,2
57504,4.31849,49.34881,2
57505,4.32497,49.35079,2
57506,4.32009,49.34947,2
57507,4.31888,49.35009,2
57508,4.3188,49.35014,2
57509,4.3203,49.34927,2
57510,4.3203,49.34927,2
57511,4.32027,49.3496,2
57512,4.32009,49.34947,2
57513,4.32009,49.34947,2
57514,4.32055,49.34969,2
57515,4.32009,49.34947,2
57516,4.3211,49.34988,2
57517,4.32247,49.34955,2
57518,4.32247,49.34955,2
57519,4.32179,49.34986,2
57520,4.32213,49.3496,2
57521,4.32255,49.34952,2
57522,4.32332,49.34956,2
57523,4.32356,49.34953,2
57524,4.32364,49.34918,2
57525,4.32408,49.34886,2
57526,4.32376,49.34919,2
57527,4.32411,49.34901,2
57528,4.32376,49.34919,2
57529,4.32545,49.34983,2
57530,4.32549,49.34976,2
57531,4.32532,49.3498,2
57532,4.32545,49.34983,2
57533,4.32437,49.35076,2
57534,4.32508,49.35068,2
57535,4.32346,49.34983,2
57536,4.32376,49.34919,2
57537,4.32376,49.34919,2
57538,4.32437,49.35076,2
57539,4.32437,49.35076,2
57540,4.32437,49.35076,2
57541,4.32437,49.35076,2
57542,4.24803,49.41845,2
57543,4.25577,49.41952,2
57544,4.25577,49.41952,2
57545,4.24803,49.41845,2
57546,4.25577,49.41952,2
57547,4.244878,49.41851,2
57548,4.244904,49.418474,2
57549,4.245069,49.418453,2
57550,4.24677,49.41949,2
57551,4.25577,49.41952,2
57552,4.24677,49.41949,2
57553,4.24803,49.41845,2
57554,4.24677,49.41949,2
57555,4.25577,49.41952,2
57556,4.24677,49.41949,2
57557,4.25577,49.41952,2
57558,4.24677,49.41949,2
57559,4.247022,49.419482,2
57560,4.245546,49.419066,2
57561,4.24677,49.41949,2
57562,4.245546,49.419057,2
57563,4.24677,49.41949,2
57564,4.245546,49.419057,2
57565,4.25677,49.41945,2
57566,4.25577,49.41952,2
57567,4.245729,49.41953,2
57568,4.2583,49.419,2
57569,4.247022,49.419482,2
57570,4.25865,49.41905,2
57571,4.25873,49.41904,2
57572,4.25616,49.41886,2
57573,4.24803,49.41845,2
57574,4.24803,49.41845,2
57575,4.24803,49.41845,2
57576,4.253571,49.420403,2
57577,4.2604,49.41859,2
57578,4.24803,49.41845,2
57579,4.24677,49.41949,2
57580,4.24677,49.41949,2
57581,4.254,49.42014,2
57582,4.247056,49.420039,2
57583,4.25573,49.41831,2
57584,4.24677,49.41949,2
57585,4.24677,49.41949,2
57586,4.24803,49.41845,2
57587,4.24803,49.41845,2
57588,4.24803,49.41845,2
57589,4.24898,49.41871,2
57590,4.24803,49.41845,2
57591,4.24803,49.41845,2
57592,4.24803,49.41845,2
57593,4.24803,49.41845,2
57594,4.24677,49.41949,2
57595,4.24677,49.41949,2
57596,4.24677,49.41949,2
57597,4.24677,49.41949,2
57598,4.24677,49.41949,2
57599,4.24677,49.41949,2
57600,4.24677,49.41949,2
57601,4.24677,49.41949,2
57602,4.24677,49.41949,2
57603,4.24677,49.41949,2
57604,4.24677,49.41949,2
57605,4.24677,49.41949,2
57606,4.24677,49.41949,2
57607,4.24677,49.41949,2
57608,4.24677,49.41949,2
57609,4.24677,49.41949,2
57610,4.24677,49.41949,2
57611,4.24677,49.41949,2
57612,4.25421,49.41944,2
57613,4.24677,49.41949,2
57614,4.25421,49.41944,2
57615,4.25486,49.41525,2
57616,4.25486,49.41525,2
57617,4.24677,49.41949,2
57618,4.25481,49.41918,2
57619,4.25486,49.41989,2
57620,4.25486,49.41989,2
57621,4.24677,49.41949,2
57622,4.24677,49.41949,2
57623,4.24677,49.41949,2
57624,4.24677,49.41949,2
57625,4.24677,49.41949,2
57626,4.24677,49.41949,2
57627,4.24677,49.41949,2
57628,4.25594,49.41812,2
57629,4.2563,49.41943,2
57630,4.25677,49.41945,2
57631,4.25663,49.41936,2
57632,4.25696,49.41929,2
57633,4.2573,49.41921,2
57634,4.25796,49.41907,2
57635,4.25833,49.41911,2
57636,4.25856,49.41907,2
57637,4.25856,49.41907,2
57638,4.2586,49.41894,2
57639,4.25869,49.41892,2
57640,4.26115,49.41838,2
57641,4.25877,49.41891,2
57642,4.25882,49.41902,2
57643,4.25965,49.41884,2
57644,4.2604,49.41859,2
57645,4.25657,49.41819,2
57646,4.25573,49.41831,2
57647,4.25494,49.4185,2
57648,4.25542,49.419,2
57649,4.24677,49.41949,2
57650,4.24677,49.41949,2
57651,4.25494,49.4185,2
57652,4.24677,49.41949,2
57653,4.24677,49.41949,2
57654,4.24677,49.41949,2
57655,4.24677,49.41949,2
57656,4.24677,49.41949,2
57657,4.24677,49.41949,2
57658,4.25763,49.41914,2
57659,4.24803,49.41845,2
57660,4.24803,49.41845,2
57661,4.245655,49.419414,2
57662,4.24803,49.41845,2
57663,4.24803,49.41845,2
57664,4.245571,49.418993,2
57665,4.25577,49.41952,2
57666,4.25577,49.41952,2
57667,4.25577,49.41952,2
57668,4.25577,49.41952,2
57669,4.25577,49.41952,2
57670,4.25577,49.41952,2
57671,4.245787,49.418505,2
57672,4.25959,49.41873,2
57673,4.24803,49.41845,2
57674,4.25577,49.41952,2
57675,4.25577,49.41952,2
57676,4.25577,49.41952,2
57677,4.25577,49.41952,2
57678,4.25577,49.41952,2
57679,4.25577,49.41952,2
57680,4.25577,49.41952,2
57681,4.24803,49.41845,2
57682,4.24677,49.41949,2
57683,4.24708,49.419571,2
57684,4.24803,49.41845,2
57685,4.46771,49.34854,2
57686,4.46572,49.34777,2
57687,4.4684,49.34724,2
57688,4.465371,49.346537,2
57689,4.465371,49.346537,2
57690,4.46776,49.3458,2
57691,4.47015,49.34675,2
57692,4.46896,49.34781,2
57693,4.47057,49.34857,2
57694,4.47148,49.34883,2
57695,4.4717,49.34889,2
57696,4.47241,49.349,2
57697,4.4718,49.34903,2
57698,4.47235,49.34911,2
57699,4.47319,49.34899,2
57700,4.47359,49.34907,2
57701,4.47545,49.34884,2
57702,4.4687,49.34905,2
57703,4.46736,49.34516,2
57704,4.4687,49.34905,2
57705,4.47038,49.34656,2
57706,4.46771,49.34854,2
57707,4.47372,49.34958,2
57708,4.47268,49.34907,2
57709,4.4686,49.34756,2
57710,4.46794,49.34709,2
57711,4.46754,49.34682,2
57712,4.46754,49.34682,2
57713,4.46713,49.34655,2
57714,4.46767,49.34674,2
57715,4.47005,49.3484,2
57716,4.4668,49.34631,2
57717,4.47372,49.34958,2
57718,4.465371,49.346537,2
57719,4.46788,49.34571,2
57720,4.46924,49.3465,2
57721,4.46895,49.34746,2
57722,4.46932,49.3472,2
57723,4.46927,49.34741,2
57724,4.46912,49.34662,2
57725,4.4696,49.34699,2
57726,4.46983,49.347,2
57727,4.46979,49.34685,2
57728,4.47,49.34668,2
57729,4.47024,49.34648,2
57730,4.47011,49.34736,2
57731,4.47032,49.34745,2
57732,4.47108,49.3476,2
57733,4.4694,49.34769,2
57734,4.46945,49.34774,2
57735,4.46912,49.34793,2
57736,4.46929,49.34802,2
57737,4.46928,49.34786,2
57738,4.46946,49.34812,2
57739,4.46953,49.34801,2
57740,4.46979,49.34815,2
57741,4.46963,49.34822,2
57742,4.4698,49.34832,2
57743,4.47004,49.3483,2
57744,4.4703,49.34844,2
57745,4.4703,49.34844,2
57746,4.46997,49.34841,2
57747,4.47014,49.34851,2
57748,4.47032,49.3486,2
57749,4.47005,49.3484,2
57750,4.4708,49.34865,2
57751,4.47102,49.34871,2
57752,4.47051,49.34868,2
57753,4.47194,49.34893,2
57754,4.47101,49.34883,2
57755,4.47128,49.3489,2
57756,4.47217,49.34897,2
57757,4.47154,49.34897,2
57758,4.47208,49.34907,2
57759,4.47249,49.34951,2
57760,4.47443,49.34924,2
57761,4.47392,49.34894,2
57762,4.47359,49.34907,2
57763,4.47582,49.34917,2
57764,4.4745,49.34947,2
57765,4.47305,49.34981,2
57766,4.47094,49.34997,2
57767,4.4687,49.34905,2
57768,4.46958,49.34956,2
57769,4.46943,49.3498,2
57770,4.46972,49.34965,2
57771,4.46952,49.34995,2
57772,4.46928,49.35004,2
57773,4.46912,49.35027,2
57774,4.46932,49.35026,2
57775,4.46912,49.35057,2
57776,4.46897,49.35051,2
57777,4.46879,49.3507,2
57778,4.46887,49.35085,2
57779,4.46841,49.3507,2
57780,4.46844,49.35058,2
57781,4.4687,49.34905,2
57782,4.47005,49.3484,2
57783,4.4684,49.34724,2
57784,4.46308,49.34699,2
57785,4.90245,49.33298,2
57786,4.89821,49.33228,2
57787,4.89821,49.33228,2
57788,4.89821,49.33228,2
57789,4.898071,49.333013,2
57790,4.89782,49.33253,2
57791,4.89821,49.33228,2
57792,4.88182,49.32605,2
57793,4.89782,49.33253,2
57794,4.89821,49.33228,2
57795,4.90245,49.33298,2
57796,4.89782,49.33253,2
57797,4.89821,49.33228,2
57798,4.89821,49.33228,2
57799,4.89821,49.33228,2
57800,4.89821,49.33228,2
57801,4.89821,49.33228,2
57802,4.89821,49.33228,2
57803,4.89821,49.33228,2
57804,4.89821,49.33228,2
57805,4.89782,49.33253,2
57806,4.898213,49.332561,2
57807,4.898206,49.333523,2
57808,4.89795,49.33402,2
57809,4.89795,49.33402,2
57810,4.89795,49.33402,2
57811,4.89795,49.33402,2
57812,4.89795,49.33402,2
57813,4.89795,49.33402,2
57814,4.89795,49.33402,2
57815,4.898207,49.333532,2
57816,4.898721,49.333089,2
57817,4.898721,49.333089,2
57818,4.898721,49.333089,2
57819,4.898883,49.333589,2
57820,4.898721,49.333089,2
57821,4.898723,49.333125,2
57822,4.898616,49.332642,2
57823,4.898616,49.332633,2
57824,4.92485,49.32024,2
57825,4.92485,49.32024,2
57826,4.92485,49.32024,2
57827,4.92485,49.32024,2
57828,4.92485,49.32024,2
57829,4.92485,49.32024,2
57830,4.92204,49.3208,2
57831,4.92204,49.3208,2
57832,4.92485,49.32024,2
57833,4.92485,49.32024,2
57834,4.92485,49.32024,2
57835,4.92485,49.32024,2
57836,4.9251,49.32086,2
57837,4.92472,49.31973,2
57838,4.92289,49.32148,2
57839,4.92265,49.32166,2
57840,4.922354,49.321429,2
57841,4.92304,49.32157,2
57842,4.9242,49.32131,2
57843,4.92458,49.32123,2
57844,4.9248,49.321,2
57845,4.92472,49.31973,2
57846,4.92204,49.3208,2
57847,4.92533,49.32069,2
57848,4.92533,49.32069,2
57849,4.92533,49.32069,2
57850,4.92533,49.32069,2
57851,4.92533,49.32069,2
57852,4.92533,49.32069,2
57853,4.92637,49.32114,2
57854,4.92637,49.32114,2
57855,4.92637,49.32114,2
57856,4.92533,49.32069,2
57857,4.92472,49.31973,2
57858,4.92533,49.32069,2
57859,4.92472,49.31973,2
57860,4.927304,49.320324,2
57861,4.92533,49.32069,2
57862,4.92533,49.32069,2
57863,4.92485,49.32024,2
57864,4.927259,49.319984,2
57865,4.926931,49.320018,2
57866,4.92472,49.31973,2
57867,4.927304,49.320324,2
57868,4.926253,49.319925,2
57869,4.925768,49.319863,2
57870,4.92485,49.32024,2
57871,4.92485,49.32024,2
57872,4.92265,49.32166,2
57873,4.92637,49.32114,2
57874,4.92637,49.32114,2
57875,4.92533,49.32069,2
57876,4.92533,49.32069,2
57877,4.92472,49.31973,2
57878,4.92533,49.32069,2
57879,4.92978,49.31669,2
57880,4.92485,49.32024,2
57881,4.92485,49.32024,2
57882,4.92485,49.32024,2
57883,4.92862,49.3181,2
57884,4.92485,49.32024,2
57885,4.92485,49.32024,2
57886,4.92862,49.3181,2
57887,4.92862,49.3181,2
57888,4.92862,49.3181,2
57889,4.92978,49.31669,2
57890,4.92472,49.31973,2
57891,4.92862,49.3181,2
57892,4.92862,49.3181,2
57893,4.92862,49.3181,2
57894,4.92862,49.3181,2
57895,4.92862,49.3181,2
57896,4.92485,49.32024,2
57897,4.92485,49.32024,2
57898,4.92485,49.32024,2
57899,4.92472,49.31973,2
57900,4.92485,49.32024,2
57901,4.92485,49.32024,2
57902,4.92485,49.32024,2
57903,4.92472,49.31973,2
57904,4.92485,49.32024,2
57905,4.92485,49.32024,2
57906,4.92183,49.31776,2
57907,4.924481,49.319693,2
57908,4.92485,49.32024,2
57909,4.924908,49.320259,2
57910,4.92485,49.32024,2
57911,4.925079,49.32093,2
57912,4.92485,49.32024,2
57913,4.92485,49.32024,2
57914,4.92485,49.32024,2
57915,4.92485,49.32024,2
57916,4.92485,49.32024,2
57917,4.28251,49.37715,2
57918,4.28428,49.37702,2
57919,4.28134,49.37715,2
57920,4.28175,49.37695,2
57921,4.28201,49.37707,2
57922,4.28226,49.37718,2
57923,4.28252,49.37729,2
57924,4.28188,49.37687,2
57925,4.2822,49.37701,2
57926,4.28587,49.37857,2
57927,4.28277,49.3774,2
57928,4.28302,49.37752,2
57929,4.28282,49.37729,2
57930,4.28314,49.37742,2
57931,4.28587,49.37857,2
57932,4.28345,49.37756,2
57933,4.28404,49.37797,2
57934,4.28407,49.37784,2
57935,4.28429,49.37808,2
57936,4.28439,49.37798,2
57937,4.2848,49.37831,2
57938,4.28506,49.37842,2
57939,4.28501,49.37826,2
57940,4.28531,49.37853,2
57941,4.28557,49.37864,2
57942,4.28564,49.37853,2
57943,4.28587,49.37857,2
57944,4.28532,49.379,2
57945,4.283127,49.377516,2
57946,4.28622,49.37892,2
57947,4.28657,49.37907,2
57948,4.28691,49.37921,2
57949,4.28684,49.37904,2
57950,4.28754,49.37935,2
57951,4.2876,49.37952,2
57952,4.28804,49.37995,2
57953,4.28739,49.37848,2
57954,4.28587,49.37857,2
57955,4.28134,49.3759,2
57956,4.28371,49.37775,2
57957,4.28353,49.37774,2
57958,4.28379,49.37785,2
57959,4.28587,49.37877,2
57960,4.28726,49.37936,2
57961,4.28804,49.37995,2
57962,4.28841,49.38074,2
57963,4.294746,49.367865,2
57964,4.294702,49.367794,2
57965,4.28146,49.376,2
57966,4.285667,49.377717,2
57967,4.2881,49.37978,2
57968,4.28146,49.376,2
57969,4.28844,49.38029,2
57970,4.28146,49.376,2
57971,4.28863,49.38084,2
57972,4.28189,49.37654,2
57973,4.28146,49.376,2
57974,4.28146,49.376,2
57975,4.28181,49.37651,2
57976,4.28146,49.376,2
57977,4.28146,49.376,2
57978,4.28146,49.376,2
57979,4.28371,49.37775,2
57980,4.23933,49.41454,2
57981,4.23933,49.41454,2
57982,4.23933,49.41454,2
57983,4.23925,49.41426,2
57984,4.24158,49.41463,2
57985,4.23933,49.41454,2
57986,4.24158,49.41463,2
57987,4.2296,49.38496,2
57988,4.23925,49.41426,2
57989,4.23925,49.41426,2
57990,4.23925,49.41426,2
57991,4.23925,49.41426,2
57992,4.23925,49.41426,2
57993,4.23925,49.41426,2
57994,4.24158,49.41463,2
57995,4.23925,49.41426,2
57996,4.23929,49.41404,2
57997,4.23929,49.41404,2
57998,4.23929,49.41404,2
57999,4.23925,49.41426,2
58000,4.23881,49.41485,2
58001,4.23881,49.41485,2
58002,4.2296,49.38496,2
58003,4.2296,49.38496,2
58004,4.2296,49.38496,2
58005,4.23925,49.41426,2
58006,4.23881,49.41485,2
58007,4.232929,49.388139,2
58008,4.23925,49.41426,2
58009,4.23925,49.41426,2
58010,4.83384,49.7315,2
58011,4.83384,49.7315,2
58012,4.83384,49.7315,2
58013,4.83384,49.7315,2
58014,4.83384,49.7315,2
58015,4.83384,49.7315,2
58016,4.83581,49.72999,2
58017,4.83581,49.72999,2
58018,4.83581,49.72999,2
58019,4.83581,49.72999,2
58020,4.82634,49.7332,2
58021,4.83581,49.72999,2
58022,4.83581,49.72999,2
58023,4.83581,49.72999,2
58024,4.83581,49.72999,2
58025,4.83581,49.72999,2
58026,4.83581,49.72999,2
58027,4.83297,49.73219,2
58028,4.83581,49.72999,2
58029,4.83581,49.72999,2
58030,4.83581,49.72999,2
58031,4.83581,49.72999,2
58032,4.83581,49.72999,2
58033,4.83536,49.73099,2
58034,4.83536,49.73099,2
58035,4.83536,49.73099,2
58036,4.83536,49.73099,2
58037,4.83536,49.73099,2
58038,4.83536,49.73099,2
58039,4.83536,49.73099,2
58040,4.83536,49.73099,2
58041,4.83536,49.73099,2
58042,4.83536,49.73099,2
58043,4.81858,49.74063,2
58044,4.83536,49.73099,2
58045,4.81655,49.73127,2
58046,4.83536,49.73099,2
58047,4.83536,49.73099,2
58048,4.83536,49.73099,2
58049,4.83536,49.73099,2
58050,4.83536,49.73099,2
58051,4.83536,49.73099,2
58052,4.83536,49.73099,2
58053,4.83536,49.73099,2
58054,4.83536,49.73099,2
58055,4.83536,49.73099,2
58056,4.83536,49.73099,2
58057,4.83536,49.73099,2
58058,4.83536,49.73099,2
58059,4.83536,49.73099,2
58060,4.81642,49.73099,2
58061,4.83536,49.73099,2
58062,4.83536,49.73099,2
58063,4.83536,49.73099,2
58064,4.83536,49.73099,2
58065,4.83536,49.73099,2
58066,4.83667,49.73325,2
58067,4.83637,49.73323,2
58068,4.8361,49.73334,2
58069,4.83598,49.73339,2
58070,4.83595,49.73342,2
58071,4.8155,49.72936,2
58072,4.83587,49.7335,2
58073,4.8155,49.72936,2
58074,4.8155,49.72936,2
58075,4.8358,49.73357,2
58076,4.83565,49.73351,2
58077,4.8357,49.73346,2
58078,4.83574,49.73342,2
58079,4.83578,49.73337,2
58080,4.83583,49.73333,2
58081,4.83562,49.73325,2
58082,4.83548,49.73308,2
58083,4.81953,49.74195,2
58084,4.83564,49.73313,2
58085,4.83592,49.73326,2
58086,4.83584,49.73345,2
58087,4.83632,49.73312,2
58088,4.83584,49.73345,2
58089,4.81858,49.74063,2
58090,4.81661,49.74079,2
58091,4.81706,49.74077,2
58092,4.81752,49.74075,2
58093,4.81797,49.74073,2
58094,4.81812,49.74076,2
58095,4.81817,49.74094,2
58096,4.81821,49.74112,2
58097,4.81825,49.74131,2
58098,4.81854,49.74139,2
58099,4.81854,49.74139,2
58100,4.81854,49.74139,2
58101,4.82485,49.73345,2
58102,4.81827,49.74135,2
58103,4.8155,49.72936,2
58104,4.81815,49.74139,2
58105,4.81803,49.74142,2
58106,4.83581,49.72999,2
58107,4.81791,49.74146,2
58108,4.83536,49.73099,2
58109,4.81789,49.74154,2
58110,4.81791,49.74162,2
58111,4.81793,49.74171,2
58112,4.81795,49.74179,2
58113,4.81797,49.74188,2
58114,4.81807,49.74193,2
58115,4.81818,49.74198,2
58116,4.81829,49.74202,2
58117,4.81833,49.74209,2
58118,4.81851,49.74209,2
58119,4.81852,49.74197,2
58120,4.81836,49.74191,2
58121,4.81819,49.74185,2
58122,4.81812,49.74175,2
58123,4.8181,49.74162,2
58124,4.81814,49.74152,2
58125,4.81831,49.74147,2
58126,4.81841,49.74145,2
58127,4.81849,49.74145,2
58128,4.81858,49.74145,2
58129,4.83584,49.73345,2
58130,4.81867,49.74145,2
58131,4.81862,49.74133,2
58132,4.81845,49.74133,2
58133,4.81843,49.74129,2
58134,4.81839,49.74111,2
58135,4.82523,49.73332,2
58136,4.81834,49.74093,2
58137,4.8183,49.74074,2
58138,4.82875,49.73316,2
58139,4.81913,49.74063,2
58140,4.82938,49.73342,2
58141,4.81913,49.74063,2
58142,4.82938,49.73342,2
58143,4.81949,49.74056,2
58144,4.82745,49.7318,2
58145,4.82817,49.73251,2
58146,4.81985,49.7405,2
58147,4.82014,49.74035,2
58148,4.82916,49.73319,2
58149,4.82916,49.73319,2
58150,4.82042,49.74019,2
58151,4.82916,49.73319,2
58152,4.82042,49.74019,2
58153,4.82817,49.73251,2
58154,4.8207,49.74003,2
58155,4.82817,49.73251,2
58156,4.82115,49.73973,2
58157,4.82745,49.7318,2
58158,4.82115,49.73973,2
58159,4.82745,49.7318,2
58160,4.82176,49.7393,2
58161,4.82789,49.73134,2
58162,4.82236,49.73887,2
58163,4.82775,49.73204,2
58164,4.82145,49.73769,2
58165,4.82235,49.73871,2
58166,4.82769,49.73197,2
58167,4.82235,49.73871,2
58168,4.82235,49.73871,2
58169,4.82762,49.7319,2
58170,4.82235,49.73871,2
58171,4.82756,49.73182,2
58172,4.82205,49.73892,2
58173,4.82749,49.73175,2
58174,4.82176,49.73913,2
58175,4.82743,49.73168,2
58176,4.82146,49.73934,2
58177,4.82736,49.73161,2
58178,4.82116,49.73955,2
58179,4.82116,49.73955,2
58180,4.8273,49.73153,2
58181,4.82087,49.73976,2
58182,4.82718,49.7314,2
58183,4.82079,49.73976,2
58184,4.827,49.73122,2
58185,4.82063,49.73953,2
58186,4.82683,49.73105,2
58187,4.82047,49.73929,2
58188,4.82031,49.73905,2
58189,4.82666,49.73087,2
58190,4.82015,49.73881,2
58191,4.82649,49.73069,2
58192,4.81998,49.73858,2
58193,4.81988,49.73833,2
58194,4.82631,49.73052,2
58195,4.82745,49.7318,2
58196,4.81999,49.73811,2
58197,4.82612,49.73053,2
58198,4.81823,49.7406,2
58199,4.82033,49.73798,2
58200,4.8262,49.73062,2
58201,4.82071,49.73788,2
58202,4.82629,49.73071,2
58203,4.82071,49.73788,2
58204,4.82638,49.7308,2
58205,4.82145,49.73769,2
58206,4.82646,49.73089,2
58207,4.82071,49.73788,2
58208,4.82655,49.73098,2
58209,4.82071,49.73788,2
58210,4.82664,49.73106,2
58211,4.82071,49.73788,2
58212,4.82672,49.73115,2
58213,4.82108,49.73779,2
58214,4.82681,49.73124,2
58215,4.81988,49.73857,2
58216,4.8269,49.73133,2
58217,4.82145,49.73769,2
58218,4.82122,49.73762,2
58219,4.82698,49.73142,2
58220,4.82707,49.73151,2
58221,4.82146,49.73756,2
58222,4.82003,49.73793,2
58223,4.82737,49.73184,2
58224,4.82737,49.73184,2
58225,4.82003,49.73793,2
58226,4.82737,49.73184,2
58227,4.81984,49.73804,2
58228,4.82756,49.73211,2
58229,4.8197,49.73817,2
58230,4.8197,49.73834,2
58231,4.8274,49.73221,2
58232,4.81983,49.73864,2
58233,4.82004,49.73894,2
58234,4.82723,49.73231,2
58235,4.82015,49.7391,2
58236,4.82403,49.73362,2
58237,4.8233,49.73372,2
58238,4.82025,49.73925,2
58239,4.82707,49.73241,2
58240,4.8233,49.73372,2
58241,4.82035,49.7394,2
58242,4.8233,49.73372,2
58243,4.82045,49.73955,2
58244,4.82691,49.73251,2
58245,4.82045,49.73955,2
58246,4.82674,49.73261,2
58247,4.82065,49.73985,2
58248,4.82485,49.73345,2
58249,4.81991,49.74032,2
58250,4.82485,49.73345,2
58251,4.81991,49.74032,2
58252,4.82658,49.73271,2
58253,4.81886,49.74055,2
58254,4.82485,49.73345,2
58255,4.81876,49.74056,2
58256,4.82094,49.73365,2
58257,4.82683,49.73105,2
58258,4.81865,49.74057,2
58259,4.82641,49.7328,2
58260,4.82683,49.73105,2
58261,4.82625,49.7329,2
58262,4.81855,49.74058,2
58263,4.81759,49.73557,2
58264,4.82608,49.733,2
58265,4.81823,49.7406,2
58266,4.82592,49.7331,2
58267,4.81834,49.74059,2
58268,4.8259,49.73335,2
58269,4.81823,49.7406,2
58270,4.8259,49.73335,2
58271,4.82759,49.73226,2
58272,4.81773,49.74062,2
58273,4.82723,49.73248,2
58274,4.82687,49.7327,2
58275,4.81773,49.74062,2
58276,4.81593,49.74074,2
58277,4.82651,49.73292,2
58278,4.82615,49.73313,2
58279,4.81593,49.74074,2
58280,4.81593,49.74074,2
58281,4.81593,49.74074,2
58282,4.82634,49.7332,2
58283,4.81507,49.74084,2
58284,4.82634,49.7332,2
58285,4.81507,49.74084,2
58286,4.81507,49.74084,2
58287,4.82634,49.7332,2
58288,4.82447,49.73344,2
58289,4.81422,49.74095,2
58290,4.81593,49.74074,2
58291,4.82634,49.7332,2
58292,4.81374,49.74102,2
58293,4.81858,49.74063,2
58294,4.8271,49.73314,2
58295,4.82759,49.73309,2
58296,4.82784,49.73304,2
58297,4.82809,49.73299,2
58298,4.82833,49.73294,2
58299,4.82801,49.73313,2
58300,4.82634,49.7332,2
58301,4.82758,49.73337,2
58302,4.82758,49.73337,2
58303,4.82758,49.73337,2
58304,4.82743,49.73323,2
58305,4.82747,49.73333,2
58306,4.82485,49.73345,2
58307,4.82756,49.73353,2
58308,4.82485,49.73345,2
58309,4.81854,49.74139,2
58310,4.82731,49.73324,2
58311,4.82731,49.73324,2
58312,4.82145,49.73624,2
58313,4.82693,49.73327,2
58314,4.82618,49.73333,2
58315,4.8259,49.73335,2
58316,4.82573,49.73336,2
58317,4.8155,49.72936,2
58318,4.82573,49.73336,2
58319,4.8155,49.72936,2
58320,4.82485,49.73345,2
58321,4.82094,49.73365,2
58322,4.81612,49.7295,2
58323,4.82059,49.73374,2
58324,4.82447,49.73344,2
58325,4.82447,49.73344,2
58326,4.82059,49.73374,2
58327,4.82523,49.73332,2
58328,4.8155,49.72936,2
58329,4.8155,49.72936,2
58330,4.82195,49.73382,2
58331,4.82403,49.7335,2
58332,4.818211,49.732727,2
58333,4.818211,49.732727,2
58334,4.818211,49.732727,2
58335,4.82523,49.73332,2
58336,4.818211,49.732727,2
58337,4.82523,49.73332,2
58338,4.818211,49.732727,2
58339,4.82523,49.73332,2
58340,4.817654,49.73211,2
58341,4.82523,49.73332,2
58342,4.817725,49.732144,2
58343,4.817797,49.732196,2
58344,4.817993,49.732812,2
58345,4.82122,49.73762,2
58346,4.81659,49.73196,2
58347,4.815987,49.732323,2
58348,4.81624,49.7307,2
58349,4.81636,49.73018,2
58350,4.81636,49.73018,2
58351,4.81673,49.72964,2
58352,4.81612,49.7295,2
58353,4.81488,49.72921,2
58354,4.8155,49.72936,2
58355,4.8155,49.72936,2
58356,4.8155,49.72936,2
58357,4.8155,49.72936,2
58358,4.8155,49.72936,2
58359,4.8155,49.72936,2
58360,4.81488,49.72921,2
58361,4.81498,49.72911,2
58362,4.8152,49.72917,2
58363,4.81543,49.72922,2
58364,4.81566,49.72927,2
58365,4.81589,49.72933,2
58366,4.81612,49.72938,2
58367,4.81642,49.73099,2
58368,4.81635,49.72943,2
58369,4.81681,49.72954,2
58370,4.81681,49.72954,2
58371,4.83298,49.73197,2
58372,4.81702,49.72961,2
58373,4.83347,49.73164,2
58374,4.81624,49.7307,2
58375,4.83384,49.7315,2
58376,4.83298,49.73197,2
58377,4.83364,49.73206,2
58378,4.83364,49.73206,2
58379,4.83298,49.73197,2
58380,4.83364,49.73206,2
58381,4.83464,49.73217,2
58382,4.83298,49.73197,2
58383,4.83464,49.73217,2
58384,4.83464,49.73217,2
58385,4.83298,49.73197,2
58386,4.8345,49.73137,2
58387,4.8345,49.73137,2
58388,4.83298,49.73197,2
58389,4.83528,49.73104,2
58390,4.83528,49.73104,2
58391,4.83298,49.73197,2
58392,4.83384,49.7315,2
58393,4.83384,49.7315,2
58394,4.83298,49.73197,2
58395,4.83384,49.7315,2
58396,4.83298,49.73197,2
58397,4.83536,49.73099,2
58398,4.83536,49.73099,2
58399,4.83298,49.73197,2
58400,4.83536,49.73099,2
58401,4.83536,49.73099,2
58402,4.83298,49.73197,2
58403,4.83536,49.73099,2
58404,4.83298,49.73197,2
58405,4.83298,49.73197,2
58406,4.83298,49.73197,2
58407,4.83298,49.73197,2
58408,4.83298,49.73197,2
58409,4.83298,49.73197,2
58410,4.83347,49.73164,2
58411,4.83347,49.73164,2
58412,4.83347,49.73164,2
58413,4.83347,49.73164,2
58414,4.83347,49.73164,2
58415,4.83347,49.73164,2
58416,4.83347,49.73164,2
58417,4.83347,49.73164,2
58418,4.83347,49.73164,2
58419,4.83347,49.73164,2
58420,4.83347,49.73164,2
58421,4.83347,49.73164,2
58422,4.83347,49.73164,2
58423,4.81956,49.74179,2
58424,4.83347,49.73164,2
58425,4.83347,49.73164,2
58426,4.83347,49.73164,2
58427,4.83384,49.7315,2
58428,4.83384,49.7315,2
58429,4.83384,49.7315,2
58430,4.83384,49.7315,2
58431,4.83384,49.7315,2
58432,4.83384,49.7315,2
58433,4.83384,49.7315,2
58434,4.83384,49.7315,2
58435,4.83384,49.7315,2
58436,4.83384,49.7315,2
58437,4.83384,49.7315,2
58438,4.83384,49.7315,2
58439,4.83384,49.7315,2
58440,4.83384,49.7315,2
58441,4.83384,49.7315,2
58442,4.81858,49.74063,2
58443,4.83384,49.7315,2
58444,4.83384,49.7315,2
58445,4.83364,49.73206,2
58446,4.83364,49.73206,2
58447,4.83364,49.73206,2
58448,4.83364,49.73206,2
58449,4.83364,49.73206,2
58450,4.83364,49.73206,2
58451,4.83364,49.73206,2
58452,4.83364,49.73206,2
58453,4.83364,49.73206,2
58454,4.83364,49.73206,2
58455,4.83364,49.73206,2
58456,4.83364,49.73206,2
58457,4.83364,49.73206,2
58458,4.83364,49.73206,2
58459,4.83364,49.73206,2
58460,4.83364,49.73206,2
58461,4.83364,49.73206,2
58462,4.83364,49.73206,2
58463,4.83364,49.73206,2
58464,4.83364,49.73206,2
58465,4.83464,49.73217,2
58466,4.83464,49.73217,2
58467,4.83464,49.73217,2
58468,4.83464,49.73217,2
58469,4.83464,49.73217,2
58470,4.81953,49.74195,2
58471,4.83464,49.73217,2
58472,4.81953,49.74195,2
58473,4.83464,49.73217,2
58474,4.81953,49.74195,2
58475,4.83464,49.73217,2
58476,4.81953,49.74195,2
58477,4.83464,49.73217,2
58478,4.81889,49.74076,2
58479,4.83464,49.73217,2
58480,4.819,49.74105,2
58481,4.83464,49.73217,2
58482,4.81911,49.74133,2
58483,4.83464,49.73217,2
58484,4.81942,49.74152,2
58485,4.83464,49.73217,2
58486,4.81956,49.74179,2
58487,4.83464,49.73217,2
58488,4.82003,49.74198,2
58489,4.83464,49.73217,2
58490,4.82067,49.742,2
58491,4.83464,49.73217,2
58492,4.81953,49.74195,2
58493,4.83464,49.73217,2
58494,4.83464,49.73217,2
58495,4.83464,49.73217,2
58496,4.8345,49.73137,2
58497,4.8345,49.73137,2
58498,4.8345,49.73137,2
58499,4.8345,49.73137,2
58500,4.8345,49.73137,2
58501,4.8345,49.73137,2
58502,4.8345,49.73137,2
58503,4.8345,49.73137,2
58504,4.8345,49.73137,2
58505,4.8345,49.73137,2
58506,4.8345,49.73137,2
58507,4.8345,49.73137,2
58508,4.8345,49.73137,2
58509,4.8345,49.73137,2
58510,4.8345,49.73137,2
58511,4.8345,49.73137,2
58512,4.8345,49.73137,2
58513,4.8345,49.73137,2
58514,4.8345,49.73137,2
58515,4.8345,49.73137,2
58516,4.83528,49.73104,2
58517,4.83528,49.73104,2
58518,4.83528,49.73104,2
58519,4.83528,49.73104,2
58520,4.83528,49.73104,2
58521,4.83528,49.73104,2
58522,4.83528,49.73104,2
58523,4.83528,49.73104,2
58524,4.83528,49.73104,2
58525,4.83528,49.73104,2
58526,4.83528,49.73104,2
58527,4.83528,49.73104,2
58528,4.83528,49.73104,2
58529,4.83528,49.73104,2
58530,4.83528,49.73104,2
58531,4.83528,49.73104,2
58532,4.83528,49.73104,2
58533,4.83528,49.73104,2
58534,4.83528,49.73104,2
58535,4.83384,49.7315,2
58536,4.83384,49.7315,2
58537,4.83384,49.7315,2
58538,4.83384,49.7315,2
58539,4.83384,49.7315,2
58540,4.83384,49.7315,2
58541,4.83384,49.7315,2
58542,4.83384,49.7315,2
58543,4.83384,49.7315,2
58544,4.83384,49.7315,2
58545,4.83384,49.7315,2
58546,4.83384,49.7315,2
58547,4.83384,49.7315,2
58548,4.83384,49.7315,2
58549,4.81942,49.74152,2
58550,4.83384,49.7315,2
58551,4.83384,49.7315,2
58552,4.83384,49.7315,2
58553,4.83384,49.7315,2
58554,4.71341,49.78758,2
58555,4.72433,49.79377,2
58556,4.71148,49.7854,2
58557,4.71395,49.78866,2
58558,4.71087,49.78594,2
58559,4.71087,49.78594,2
58560,4.71087,49.78594,2
58561,4.71087,49.78587,2
58562,4.71087,49.78587,2
58563,4.71087,49.78587,2
58564,4.7135,49.78781,2
58565,4.71136,49.78598,2
58566,4.71715,49.78615,2
58567,4.713585,49.795005,2
58568,4.71477,49.79489,2
58569,4.71531,49.78263,2
58570,4.71518,49.78281,2
58571,4.71513,49.7826,2
58572,4.71105,49.78444,2
58573,4.71136,49.78598,2
58574,4.71136,49.78598,2
58575,4.71477,49.79489,2
58576,4.71316,49.78272,2
58577,4.71346,49.78711,2
58578,4.71346,49.78711,2
58579,4.712,49.78531,2
58580,4.712,49.78531,2
58581,4.7191,49.76014,2
58582,4.71797,49.76358,2
58583,4.718085,49.764561,2
58584,4.718158,49.764937,2
58585,4.7191,49.76014,2
58586,4.7191,49.76014,2
58587,4.71911,49.76256,2
58588,4.72354,49.76286,2
58589,4.72129,49.76266,2
58590,4.7204,49.76257,2
58591,4.71974,49.76255,2
58592,4.71929,49.76255,2
58593,4.70887,49.77347,2
58594,4.70887,49.77347,2
58595,4.70887,49.77347,2
58596,4.70887,49.77347,2
58597,4.70348,49.77425,2
58598,4.70348,49.77425,2
58599,4.70348,49.77425,2
58600,4.70348,49.77425,2
58601,4.35426,49.82899,2
58602,4.35426,49.82899,2
58603,4.35426,49.82899,2
58604,4.35426,49.82899,2
58605,4.369847,49.834975,2
58606,4.35426,49.82899,2
58607,4.369847,49.834975,2
58608,4.4011,49.81875,2
58609,4.398597,49.819661,2
58610,4.40737,49.80471,2
58611,4.40036,49.81898,2
58612,4.4011,49.81875,2
58613,4.402029,49.818381,2
58614,4.40724,49.80538,2
58615,4.40036,49.81898,2
58616,4.79362,49.70129,2
58617,4.79596,49.69947,2
58618,4.80076,49.69897,2
58619,4.80543,49.69804,2
58620,4.79596,49.69947,2
58621,4.79471,49.69852,2
58622,4.65223,49.92833,2
58623,4.31822,49.34884,2
58624,4.320894,49.352304,2
58625,4.32009,49.34947,2
58626,4.32375,49.35003,2
58627,4.32268,49.35082,2
58628,4.32009,49.34947,2
58629,4.31814,49.34867,2
58630,4.32376,49.34919,2
58631,4.32497,49.35079,2
58632,4.25421,49.41944,2
58633,4.25716,49.41937,2
58634,4.24677,49.41949,2
58635,4.24677,49.41949,2
58636,4.24677,49.41949,2
58637,4.24677,49.41949,2
58638,4.24677,49.41949,2
58639,4.25486,49.41989,2
58640,4.253728,49.419439,2
58641,4.25486,49.41989,2
58642,4.46979,49.34696,2
58643,4.46927,49.34741,2
58644,4.4694,49.34769,2
58645,4.4694,49.34769,2
58646,4.47268,49.34907,2
58647,4.47238,49.3495,2
58648,4.4718,49.34903,2
58649,4.4687,49.34905,2
58650,4.89782,49.33253,2
58651,4.898721,49.333089,2
58652,4.89782,49.33253,2
58653,4.89786,49.33256,2
58654,4.927099,49.31899,2
58655,4.93645,49.32695,2
58656,4.927259,49.319984,2
58657,4.926973,49.320026,2
58658,4.924481,49.319693,2
58659,4.92472,49.31973,2
58660,4.92472,49.31973,2
58661,4.92472,49.31973,2
58662,4.92485,49.32024,2
58663,4.2847,49.37812,2
58664,4.28614,49.37875,2
58665,4.28587,49.37857,2
58666,4.28371,49.37775,2
58667,4.28407,49.37784,2
58668,4.28587,49.37857,2
58669,4.2296,49.38496,2
58670,4.229804,49.385133,2
58671,4.24158,49.41463,2
58672,4.239428,49.414535,2
58673,4.8273,49.73153,2
58674,4.8155,49.72936,2
58675,4.83581,49.72999,2
58676,4.82745,49.7318,2
58677,4.82714,49.73423,2
58678,4.81813,49.732765,2
58679,4.83536,49.73099,2
58680,4.83536,49.73099,2
58681,4.81858,49.74063,2
58682,4.81834,49.74059,2
58683,4.81858,49.74063,2
58684,4.83581,49.72999,2
