"ID","Longitude","Latitude","ServiceTime (min)"
3750,4.670417,49.597533,2
3751,4.64907,49.59422,2
3752,4.64907,49.59422,2
3753,4.64907,49.59422,2
3754,4.64907,49.59422,2
3755,4.64907,49.59422,2
3756,4.656514,49.594584,2
3757,4.656514,49.594584,2
3758,4.656432,49.594586,2
3759,4.671335,49.593427,2
3760,4.656033,49.594629,2
3761,4.655887,49.595081,2
3762,4.64141,49.59756,2
3763,4.650805,49.60738,2
3764,4.651117,49.607563,2
3765,4.65188,49.60633,2
3766,4.635852,49.606012,2
3767,4.635852,49.606012,2
3768,4.642528,49.621573,2
3769,4.642528,49.621573,2
3770,4.67554,49.61104,2
3771,4.67096,49.59899,2
3772,4.67697,49.59428,2
3773,4.66914,49.59184,2
3774,4.67554,49.61104,2
3775,4.67697,49.59428,2
3776,4.66888,49.59515,2
3777,4.67554,49.61104,2
3778,4.67554,49.61104,2
3779,4.66914,49.59184,2
3780,4.66888,49.59515,2
3781,4.655859,49.594767,2
3782,4.65188,49.60633,2
3783,4.66888,49.59515,2
3784,4.67697,49.59428,2
3785,4.66888,49.59515,2
3786,4.66888,49.59515,2
3787,4.64141,49.59756,2
3788,4.64141,49.59756,2
3789,4.66914,49.59184,2
3790,4.67035,49.59492,2
3791,4.66914,49.59184,2
3792,4.64777,49.58968,2
3793,4.66888,49.59515,2
3794,4.67087,49.59373,2
3795,4.66888,49.59515,2
3796,4.67096,49.59899,2
3797,4.67554,49.61104,2
3798,4.66888,49.59515,2
3799,4.67697,49.59428,2
3800,4.67697,49.59428,2
3801,4.647328,49.589818,2
3802,4.67697,49.59428,2
3803,4.64141,49.59756,2
3804,4.64141,49.59756,2
3805,4.650734,49.607346,2
3806,4.650975,49.607476,2
3807,4.635852,49.606012,2
3808,4.643746,49.621909,2
3809,4.643593,49.621283,2
3810,4.67697,49.59428,2
3811,4.66888,49.59515,2
3812,4.66806,49.59691,2
3813,4.66888,49.59515,2
3814,4.67554,49.61104,2
3815,4.67554,49.61104,2
3816,4.67554,49.61104,2
3817,4.67554,49.61104,2
3818,4.67554,49.61104,2
3819,4.67554,49.61104,2
3820,4.67554,49.61104,2
3821,4.66888,49.59515,2
3822,4.67096,49.59899,2
3823,4.67096,49.59899,2
3824,4.66888,49.59515,2
3825,4.66888,49.59515,2
3826,4.66888,49.59515,2
3827,4.66888,49.59515,2
3828,4.66806,49.59691,2
3829,4.66806,49.59691,2
3830,4.66806,49.59691,2
3831,4.66806,49.59691,2
3832,4.66806,49.59691,2
3833,4.66888,49.59515,2
3834,4.66888,49.59515,2
3835,4.66914,49.5931,2
3836,4.66888,49.59515,2
3837,4.66888,49.59515,2
3838,4.67035,49.59492,2
3839,4.67035,49.59492,2
3840,4.67035,49.59492,2
3841,4.67035,49.59492,2
3842,4.66888,49.59515,2
3843,4.67035,49.59492,2
3844,4.67035,49.59492,2
3845,4.67035,49.59492,2
3846,4.67035,49.59492,2
3847,4.67195,49.59425,2
3848,4.671723,49.594049,2
3849,4.67195,49.59425,2
3850,4.67065,49.59425,2
3851,4.67195,49.59425,2
3852,4.66914,49.5931,2
3853,4.66888,49.59515,2
3854,4.66914,49.5931,2
3855,4.66888,49.59515,2
3856,4.67065,49.59425,2
3857,4.67065,49.59425,2
3858,4.67065,49.59425,2
3859,4.67065,49.59425,2
3860,4.66914,49.5931,2
3861,4.67013,49.59428,2
3862,4.67013,49.59428,2
3863,4.67013,49.59428,2
3864,4.66888,49.59515,2
3865,4.67697,49.59428,2
3866,4.67697,49.59428,2
3867,4.67697,49.59428,2
3868,4.67697,49.59428,2
3869,4.67697,49.59428,2
3870,4.67697,49.59428,2
3871,4.67697,49.59428,2
3872,4.669152,49.593757,2
3873,4.66888,49.59515,2
3874,4.66888,49.59515,2
3875,4.66888,49.59515,2
3876,4.66888,49.59515,2
3877,4.66888,49.59515,2
3878,4.66888,49.59515,2
3879,4.64907,49.59422,2
3880,4.66914,49.59184,2
3881,4.66914,49.59184,2
3882,4.66914,49.59184,2
3883,4.66914,49.59184,2
3884,4.66914,49.59184,2
3885,4.66914,49.59184,2
3886,4.66914,49.59184,2
3887,4.71323,49.76943,2
3888,4.71323,49.76943,2
3889,4.71323,49.76943,2
3890,4.7131,49.76949,2
3891,4.71271,49.76967,2
3892,4.71271,49.76967,2
3893,4.71271,49.76967,2
3894,4.71258,49.76973,2
3895,4.71482,49.76865,2
3896,4.71482,49.76865,2
3897,4.71482,49.76865,2
3898,4.71482,49.76865,2
3899,4.71482,49.76865,2
3900,4.71482,49.76865,2
3901,4.71482,49.76865,2
3902,4.71482,49.76865,2
3903,4.71467,49.76872,2
3904,4.71467,49.76872,2
3905,4.7229,49.76724,2
3906,4.71467,49.76872,2
3907,4.71467,49.76872,2
3908,4.71467,49.76872,2
3909,4.71467,49.76872,2
3910,4.71467,49.76872,2
3911,4.71467,49.76872,2
3912,4.71452,49.7688,2
3913,4.71452,49.7688,2
3914,4.71452,49.7688,2
3915,4.71452,49.7688,2
3916,4.72882,49.76969,2
3917,4.71452,49.7688,2
3918,4.71457,49.76675,2
3919,4.71452,49.7688,2
3920,4.71452,49.7688,2
3921,4.71452,49.7688,2
3922,4.71411,49.76828,2
3923,4.71411,49.76828,2
3924,4.71411,49.76828,2
3925,4.71411,49.76828,2
3926,4.723869,49.766038,2
3927,4.71411,49.76828,2
3928,4.7229,49.76724,2
3929,4.71411,49.76828,2
3930,4.71411,49.76828,2
3931,4.71411,49.76828,2
3932,4.7229,49.76724,2
3933,4.71417,49.7683,2
3934,4.7229,49.76724,2
3935,4.71417,49.7683,2
3936,4.7229,49.76724,2
3937,4.71417,49.7683,2
3938,4.7229,49.76724,2
3939,4.71417,49.7683,2
3940,4.71417,49.7683,2
3941,4.71417,49.7683,2
3942,4.71417,49.7683,2
3943,4.71417,49.7683,2
3944,4.7229,49.76724,2
3945,4.7232,49.76715,2
3946,4.72335,49.7671,2
3947,4.72354,49.76704,2
3948,4.72392,49.76684,2
3949,4.72823,49.76973,2
3950,4.72823,49.76973,2
3951,4.72823,49.76973,2
3952,4.72823,49.76973,2
3953,4.72471,49.76884,2
3954,4.72823,49.76973,2
3955,4.72471,49.76884,2
3956,4.72823,49.76973,2
3957,4.72436,49.76634,2
3958,4.72436,49.76634,2
3959,4.72436,49.76634,2
3960,4.72436,49.76634,2
3961,4.72436,49.76634,2
3962,4.72436,49.76634,2
3963,4.72414,49.76658,2
3964,4.72414,49.76658,2
3965,4.72414,49.76658,2
3966,4.71382,49.76927,2
3967,4.72414,49.76658,2
3968,4.72414,49.76658,2
3969,4.72792,49.76785,2
3970,4.72792,49.76785,2
3971,4.72464,49.76619,2
3972,4.7229,49.76724,2
3973,4.72464,49.76619,2
3974,4.7274,49.76727,2
3975,4.72796,49.76776,2
3976,4.72805,49.76794,2
3977,4.72824,49.7685,2
3978,4.72824,49.7685,2
3979,4.72818,49.76899,2
3980,4.72818,49.76899,2
3981,4.72814,49.76938,2
3982,4.72812,49.76957,2
3983,4.72814,49.76938,2
3984,4.72814,49.76938,2
3985,4.72812,49.76957,2
3986,4.72812,49.76957,2
3987,4.72823,49.76973,2
3988,4.72812,49.76957,2
3989,4.72812,49.76957,2
3990,4.72823,49.76973,2
3991,4.72823,49.76973,2
3992,4.72823,49.76973,2
3993,4.72895,49.76919,2
3994,4.72895,49.76919,2
3995,4.72895,49.76919,2
3996,4.72895,49.76919,2
3997,4.7229,49.76724,2
3998,4.72895,49.76919,2
3999,4.72895,49.76919,2
4000,4.7229,49.76724,2
4001,4.72895,49.76919,2
4002,4.72895,49.76919,2
4003,4.7229,49.76724,2
4004,4.72895,49.76919,2
4005,4.7283,49.76984,2
4006,4.72958,49.76945,2
4007,4.7229,49.76724,2
4008,4.72958,49.76945,2
4009,4.72958,49.76945,2
4010,4.72882,49.76969,2
4011,4.72882,49.76969,2
4012,4.72882,49.76969,2
4013,4.72882,49.76969,2
4014,4.72882,49.76969,2
4015,4.7283,49.76984,2
4016,4.72913,49.76959,2
4017,4.7283,49.76984,2
4018,4.72952,49.76939,2
4019,4.72818,49.76996,2
4020,4.7283,49.77013,2
4021,4.7283,49.77013,2
4022,4.7287,49.77055,2
4023,4.72878,49.77063,2
4024,4.72878,49.77063,2
4025,4.72878,49.77063,2
4026,4.72878,49.77063,2
4027,4.72878,49.77063,2
4028,4.72878,49.77063,2
4029,4.72878,49.77063,2
4030,4.72878,49.77063,2
4031,4.72455,49.76802,2
4032,4.72878,49.77063,2
4033,4.72455,49.76802,2
4034,4.72878,49.77063,2
4035,4.72455,49.76802,2
4036,4.72878,49.77063,2
4037,4.72922,49.77101,2
4038,4.72922,49.77101,2
4039,4.72922,49.77101,2
4040,4.7229,49.76724,2
4041,4.72935,49.77109,2
4042,4.72935,49.77109,2
4043,4.72953,49.77121,2
4044,4.72977,49.77137,2
4045,4.72796,49.76776,2
4046,4.7229,49.76724,2
4047,4.7229,49.76724,2
4048,4.7229,49.76724,2
4049,4.72414,49.76658,2
4050,4.7229,49.76724,2
4051,4.71558,49.76841,2
4052,4.71504,49.76869,2
4053,4.71434,49.76903,2
4054,4.71395,49.76921,2
4055,4.71358,49.7694,2
4056,4.71396,49.77023,2
4057,4.71268,49.76984,2
4058,4.71384,49.76912,2
4059,4.71374,49.76917,2
4060,4.71364,49.76922,2
4061,4.71457,49.76675,2
4062,4.71354,49.76927,2
4063,4.71438,49.76738,2
4064,4.71354,49.76927,2
4065,4.71438,49.76738,2
4066,4.7191,49.76014,2
4067,4.71323,49.76943,2
4068,4.71438,49.76738,2
4069,4.71323,49.76943,2
4070,4.7191,49.76014,2
4071,4.71297,49.76955,2
4072,4.7191,49.76014,2
4073,4.71414,49.76814,2
4074,4.71297,49.76955,2
4075,4.71415,49.76815,2
4076,4.72455,49.76802,2
4077,4.71419,49.76817,2
4078,4.72792,49.76785,2
4079,4.72638,49.76685,2
4080,4.71422,49.76818,2
4081,4.72571,49.7666,2
4082,4.71426,49.7682,2
4083,4.71429,49.76822,2
4084,4.71429,49.76822,2
4085,4.71558,49.76841,2
4086,4.7157,49.76849,2
4087,4.71558,49.76841,2
4088,4.71529,49.76856,2
4089,4.71511,49.76865,2
4090,4.71504,49.76869,2
4091,4.71504,49.76869,2
4092,4.72824,49.7685,2
4093,4.71504,49.76869,2
4094,4.71504,49.76869,2
4095,4.72812,49.76957,2
4096,4.72823,49.76973,2
4097,4.71504,49.76869,2
4098,4.72875,49.76958,2
4099,4.71504,49.76869,2
4100,4.72895,49.76919,2
4101,4.72895,49.76919,2
4102,4.71504,49.76869,2
4103,4.72895,49.76919,2
4104,4.72895,49.76919,2
4105,4.71478,49.76882,2
4106,4.71493,49.76874,2
4107,4.72895,49.76919,2
4108,4.72895,49.76919,2
4109,4.71434,49.76903,2
4110,4.72895,49.76919,2
4111,4.71434,49.76903,2
4112,4.72952,49.76939,2
4113,4.71434,49.76903,2
4114,4.72958,49.76945,2
4115,4.71434,49.76903,2
4116,4.73051,49.76951,2
4117,4.71434,49.76903,2
4118,4.72882,49.76969,2
4119,4.71434,49.76903,2
4120,4.71434,49.76903,2
4121,4.71434,49.76903,2
4122,4.72922,49.76957,2
4123,4.72796,49.76776,2
4124,4.7283,49.76984,2
4125,4.72796,49.76776,2
4126,4.71434,49.76903,2
4127,4.71434,49.76903,2
4128,4.72848,49.77033,2
4129,4.72842,49.77028,2
4130,4.71434,49.76903,2
4131,4.72878,49.77063,2
4132,4.7139,49.76921,2
4133,4.72922,49.77101,2
4134,4.71382,49.76927,2
4135,4.72935,49.77109,2
4136,4.71382,49.76927,2
4137,4.71382,49.76927,2
4138,4.71504,49.76869,2
4139,4.7137,49.76934,2
4140,4.71358,49.7694,2
4141,4.71358,49.7694,2
4142,4.71358,49.7694,2
4143,4.71358,49.7694,2
4144,4.71358,49.7694,2
4145,4.71358,49.7694,2
4146,4.71358,49.7694,2
4147,4.71358,49.7694,2
4148,4.71358,49.7694,2
4149,4.71358,49.7694,2
4150,4.71358,49.7694,2
4151,4.71358,49.7694,2
4152,4.71358,49.7694,2
4153,4.71358,49.7694,2
4154,4.71358,49.7694,2
4155,4.71358,49.7694,2
4156,4.71358,49.7694,2
4157,4.71358,49.7694,2
4158,4.72455,49.76802,2
4159,4.71358,49.7694,2
4160,4.72455,49.76802,2
4161,4.71358,49.7694,2
4162,4.7229,49.76724,2
4163,4.71396,49.77023,2
4164,4.71396,49.77023,2
4165,4.71396,49.77023,2
4166,4.71396,49.77023,2
4167,4.71396,49.77023,2
4168,4.71396,49.77023,2
4169,4.71396,49.77023,2
4170,4.71396,49.77023,2
4171,4.71396,49.77023,2
4172,4.71396,49.77023,2
4173,4.71396,49.77023,2
4174,4.71396,49.77023,2
4175,4.71396,49.77023,2
4176,4.71396,49.77023,2
4177,4.71396,49.77023,2
4178,4.71396,49.77023,2
4179,4.71396,49.77023,2
4180,4.71396,49.77023,2
4181,4.71396,49.77023,2
4182,4.71321,49.76959,2
4183,4.71308,49.76965,2
4184,4.71295,49.76971,2
4185,4.72792,49.76785,2
4186,4.71282,49.76977,2
4187,4.71268,49.76984,2
4188,4.71268,49.76984,2
4189,4.71268,49.76983,2
4190,4.71438,49.76887,2
4191,4.71423,49.76894,2
4192,4.71403,49.76903,2
4193,4.71403,49.76903,2
4194,4.71403,49.76903,2
4195,4.71384,49.76912,2
4196,4.71384,49.76912,2
4197,4.71374,49.76917,2
4198,4.71364,49.76922,2
4199,4.71364,49.76922,2
4200,4.71364,49.76922,2
4201,4.71364,49.76922,2
4202,4.71354,49.76927,2
4203,4.71354,49.76927,2
4204,4.71354,49.76927,2
4205,4.71344,49.76932,2
4206,4.71334,49.76937,2
4207,4.71323,49.76943,2
4208,4.71323,49.76943,2
4209,4.71323,49.76943,2
4210,4.52117,49.82687,2
4211,4.5194,49.82994,2
4212,4.5194,49.82994,2
4213,4.5194,49.82989,2
4214,4.52126,49.82704,2
4215,4.5194,49.82994,2
4216,4.52117,49.82687,2
4217,4.52199,49.82774,2
4218,4.52117,49.82687,2
4219,4.52117,49.82687,2
4220,4.5194,49.82994,2
4221,4.510344,49.845711,2
4222,4.5194,49.82989,2
4223,4.397177,49.889115,2
4224,4.5194,49.82989,2
4225,4.52048,49.8271,2
4226,4.52173,49.82618,2
4227,4.521,49.82791,2
4228,4.5194,49.82989,2
4229,4.5194,49.82989,2
4230,4.52126,49.82704,2
4231,4.5194,49.82989,2
4232,4.52126,49.82704,2
4233,4.5194,49.82989,2
4234,4.52126,49.82704,2
4235,4.52126,49.82704,2
4236,4.5194,49.82989,2
4237,4.5194,49.82989,2
4238,4.5194,49.82994,2
4239,4.5194,49.82994,2
4240,4.5194,49.82994,2
4241,4.5194,49.82989,2
4242,4.5194,49.82989,2
4243,4.5194,49.82989,2
4244,4.52126,49.82704,2
4245,4.5194,49.82989,2
4246,4.520828,49.827873,2
4247,4.521,49.82791,2
4248,4.52126,49.82704,2
4249,4.5194,49.82989,2
4250,4.52126,49.82704,2
4251,4.52117,49.82687,2
4252,4.52117,49.82687,2
4253,4.52126,49.82704,2
4254,4.521,49.82791,2
4255,4.52126,49.82704,2
4256,4.519575,49.82715,2
4257,4.52126,49.82704,2
4258,4.520242,49.827165,2
4259,4.5194,49.82994,2
4260,4.52048,49.8271,2
4261,4.520228,49.827165,2
4262,4.43605,49.77601,2
4263,4.5194,49.82994,2
4264,4.52048,49.8271,2
4265,4.52031,49.827128,2
4266,4.52048,49.8271,2
4267,4.52126,49.82704,2
4268,4.52117,49.82687,2
4269,4.52117,49.82687,2
4270,4.52117,49.82687,2
4271,4.52117,49.82687,2
4272,4.52126,49.82704,2
4273,4.55448,49.81055,2
4274,4.521388,49.825393,2
4275,4.52126,49.82704,2
4276,4.52126,49.82704,2
4277,4.52208,49.82595,2
4278,4.52208,49.82595,2
4279,4.52173,49.82618,2
4280,4.52117,49.82687,2
4281,4.52117,49.82687,2
4282,4.52117,49.82687,2
4283,4.52117,49.82687,2
4284,4.52117,49.82687,2
4285,4.52126,49.82704,2
4286,4.52117,49.82687,2
4287,4.52126,49.82704,2
4288,4.52126,49.82704,2
4289,4.52126,49.82704,2
4290,4.52117,49.82687,2
4291,4.52117,49.82687,2
4292,4.52169,49.82632,2
4293,4.52117,49.82687,2
4294,4.52169,49.82632,2
4295,4.52169,49.82632,2
4296,4.52126,49.82704,2
4297,4.52126,49.82704,2
4298,4.52126,49.82704,2
4299,4.52199,49.82774,2
4300,4.52299,49.82793,2
4301,4.52234,49.82807,2
4302,4.52126,49.82704,2
4303,4.52199,49.82774,2
4304,4.52199,49.82774,2
4305,4.524046,49.829405,2
4306,4.524048,49.831067,2
4307,4.52299,49.82793,2
4308,4.56213,49.81005,2
4309,4.52173,49.82618,2
4310,4.5194,49.82989,2
4311,4.67707,49.79674,2
4312,4.67707,49.79674,2
4313,4.67777,49.79669,2
4314,4.67364,49.79787,2
4315,4.67903,49.7959,2
4316,4.67903,49.7959,2
4317,4.6794,49.7956,2
4318,4.67976,49.79529,2
4319,4.67963,49.79559,2
4320,4.68082,49.79437,2
4321,4.68017,49.79503,2
4322,4.68017,49.79503,2
4323,4.68017,49.79503,2
4324,4.68082,49.79437,2
4325,4.68117,49.79406,2
4326,4.68017,49.79503,2
4327,4.68017,49.79503,2
4328,4.68256,49.79333,2
4329,4.68017,49.79503,2
4330,4.68263,49.79313,2
4331,4.68011,49.79498,2
4332,4.68017,49.79503,2
4333,4.6835,49.79282,2
4334,4.67805,49.79528,2
4335,4.67729,49.79586,2
4336,4.67808,49.79534,2
4337,4.67805,49.79528,2
4338,4.67805,49.79528,2
4339,4.67644,49.796,2
4340,4.67589,49.79561,2
4341,4.67604,49.79566,2
4342,4.67588,49.79541,2
4343,4.67587,49.796,2
4344,4.67529,49.79628,2
4345,4.67481,49.79663,2
4346,4.67439,49.79702,2
4347,4.67488,49.79635,2
4348,4.67432,49.79688,2
4349,4.67589,49.79561,2
4350,4.67589,49.79561,2
4351,4.67589,49.79561,2
4352,4.67438,49.79723,2
4353,4.67428,49.79732,2
4354,4.67446,49.7976,2
4355,4.67433,49.79729,2
4356,4.67433,49.79729,2
4357,4.67433,49.79729,2
4358,4.67433,49.79729,2
4359,4.67433,49.79729,2
4360,4.67433,49.79729,2
4361,4.67433,49.79729,2
4362,4.67485,49.79804,2
4363,4.67485,49.79804,2
4364,4.67567,49.79765,2
4365,4.67479,49.79782,2
4366,4.67524,49.79776,2
4367,4.67567,49.79765,2
4368,4.67375,49.79747,2
4369,4.67563,49.79765,2
4370,4.67391,49.79753,2
4371,4.67375,49.79747,2
4372,4.69444,49.81158,2
4373,4.69444,49.81158,2
4374,4.69492,49.81203,2
4375,4.69444,49.81158,2
4376,4.69444,49.81158,2
4377,4.69444,49.81158,2
4378,4.69444,49.81158,2
4379,4.69444,49.81158,2
4380,4.69444,49.81158,2
4381,4.69444,49.81158,2
4382,4.69444,49.81158,2
4383,4.69444,49.81158,2
4384,4.69444,49.81158,2
4385,4.69444,49.81158,2
4386,4.69444,49.81158,2
4387,4.69444,49.81158,2
4388,4.66456,49.791769,2
4389,4.67563,49.79765,2
4390,4.656853,49.790129,2
4391,4.657778,49.787281,2
4392,4.657778,49.787281,2
4393,4.658044,49.786423,2
4394,4.65712,49.78978,2
4395,4.67563,49.79765,2
4396,4.670282,49.798531,2
4397,4.67364,49.79787,2
4398,4.67606,49.79742,2
4399,4.67746,49.79805,2
4400,4.69444,49.81158,2
4401,4.67567,49.79765,2
4402,4.67567,49.79765,2
4403,4.67632,49.79703,2
4404,4.68017,49.79503,2
4405,4.67502,49.79631,2
4406,4.67566,49.79596,2
4407,4.67433,49.79729,2
4408,4.67375,49.79747,2
4409,4.69444,49.81158,2
4410,4.658426,49.785966,2
4411,4.656806,49.786339,2
4412,4.649194,49.787993,2
4413,4.67805,49.79528,2
4414,4.69707,49.827901,2
4415,4.67567,49.79765,2
4416,4.67567,49.79765,2
4417,4.67375,49.79747,2
4418,4.67364,49.79787,2
4419,4.67604,49.79872,2
4420,4.67375,49.79747,2
4421,4.67567,49.79927,2
4422,4.67567,49.79765,2
4423,4.68017,49.79503,2
4424,4.67805,49.79528,2
4425,4.68017,49.79503,2
4426,4.67347,49.79835,2
4427,4.67563,49.79765,2
4428,4.67364,49.79787,2
4429,4.67364,49.79787,2
4430,4.67347,49.79835,2
4431,4.67364,49.79787,2
4432,4.67347,49.79835,2
4433,4.67364,49.79787,2
4434,4.67347,49.79835,2
4435,4.67347,49.79835,2
4436,4.67364,49.79787,2
4437,4.67364,49.79787,2
4438,4.67364,49.79787,2
4439,4.67364,49.79787,2
4440,4.67364,49.79787,2
4441,4.67364,49.79787,2
4442,4.67364,49.79787,2
4443,4.677577,49.797807,2
4444,4.67364,49.79787,2
4445,4.68017,49.79503,2
4446,4.67364,49.79787,2
4447,4.67364,49.79787,2
4448,4.67615,49.7986,2
4449,4.67581,49.79868,2
4450,4.67364,49.79787,2
4451,4.67364,49.79787,2
4452,4.67567,49.79927,2
4453,4.67597,49.79959,2
4454,4.67583,49.79969,2
4455,4.67568,49.79979,2
4456,4.67583,49.79969,2
4457,4.67576,49.79974,2
4458,4.6759,49.79964,2
4459,4.67593,49.79969,2
4460,4.67604,49.79954,2
4461,4.67593,49.79969,2
4462,4.67593,49.79969,2
4463,4.69444,49.81158,2
4464,4.67593,49.79969,2
4465,4.67572,49.79886,2
4466,4.67593,49.79969,2
4467,4.67675,49.79799,2
4468,4.67588,49.79879,2
4469,4.68419,49.80159,2
4470,4.67604,49.79872,2
4471,4.6762,49.79865,2
4472,4.67636,49.79858,2
4473,4.67652,49.7985,2
4474,4.67638,49.79843,2
4475,4.67691,49.79822,2
4476,4.67731,49.79798,2
4477,4.67658,49.79819,2
4478,4.676629,49.798319,2
4479,4.67558,49.79772,2
4480,4.67567,49.79765,2
4481,4.67567,49.79765,2
4482,4.67558,49.79772,2
4483,4.67668,49.79843,2
4484,4.67697,49.79833,2
4485,4.6771,49.79827,2
4486,4.67722,49.7982,2
4487,4.67734,49.79812,2
4488,4.67758,49.79798,2
4489,4.67567,49.79765,2
4490,4.67567,49.79765,2
4491,4.67567,49.79765,2
4492,4.67567,49.79765,2
4493,4.67567,49.79765,2
4494,4.67567,49.79765,2
4495,4.67567,49.79765,2
4496,4.67567,49.79765,2
4497,4.69444,49.81158,2
4498,4.67567,49.79765,2
4499,4.67567,49.79765,2
4500,4.67567,49.79765,2
4501,4.67682,49.79803,2
4502,4.67567,49.79765,2
4503,4.67565,49.79759,2
4504,4.67567,49.79765,2
4505,4.67567,49.79765,2
4506,4.67606,49.79742,2
4507,4.67364,49.79787,2
4508,4.67567,49.79765,2
4509,4.67558,49.79772,2
4510,4.6758,49.79769,2
4511,4.67524,49.79776,2
4512,4.68017,49.79503,2
4513,4.67828,49.79631,2
4514,4.48441,49.79491,2
4515,4.48441,49.79491,2
4516,4.47632,49.79994,2
4517,4.47632,49.79994,2
4518,4.4758,49.79974,2
4519,4.47597,49.80019,2
4520,4.47268,49.80039,2
4521,4.47597,49.80019,2
4522,4.47597,49.80019,2
4523,4.47549,49.80046,2
4524,4.47533,49.8005,2
4525,4.47597,49.80019,2
4526,4.47517,49.80053,2
4527,4.47597,49.80019,2
4528,4.47481,49.80061,2
4529,4.475,49.80057,2
4530,4.47462,49.80065,2
4531,4.47443,49.80069,2
4532,4.47424,49.80073,2
4533,4.47597,49.80019,2
4534,4.47405,49.80077,2
4535,4.47386,49.8008,2
4536,4.47367,49.80084,2
4537,4.47342,49.80078,2
4538,4.47377,49.80133,2
4539,4.473621,49.801199,2
4540,4.474333,49.80195,2
4541,4.4739,49.801545,2
4542,4.4748,49.8027,2
4543,4.47356,49.80123,2
4544,4.47372,49.80149,2
4545,4.48441,49.79491,2
4546,4.473621,49.801199,2
4547,4.47342,49.80078,2
4548,4.47316,49.80078,2
4549,4.47285,49.80072,2
4550,4.47255,49.80067,2
4551,4.47173,49.80051,2
4552,4.47225,49.80055,2
4553,4.47225,49.80055,2
4554,4.476,49.80025,2
4555,4.46814,49.79966,2
4556,4.47576,49.79959,2
4557,4.47268,49.80039,2
4558,4.47527,49.80039,2
4559,4.47305,49.80001,2
4560,4.474333,49.80195,2
4561,4.47316,49.80011,2
4562,4.474333,49.80195,2
4563,4.472668,49.8003,2
4564,4.474333,49.80195,2
4565,4.47258,49.80034,2
4566,4.476243,49.803794,2
4567,4.47649,49.79997,2
4568,4.47442,49.80221,2
4569,4.47324,49.80001,2
4570,4.4739,49.801545,2
4571,4.474319,49.799633,2
4572,4.47649,49.79997,2
4573,4.474354,49.799803,2
4574,4.473207,49.800901,2
4575,4.47498,49.80033,2
4576,4.47225,49.80055,2
4577,4.474354,49.799803,2
4578,4.46814,49.79966,2
4579,4.47498,49.80033,2
4580,4.47336,49.80032,2
4581,4.47498,49.80033,2
4582,4.47498,49.80033,2
4583,4.47425,49.79932,2
4584,4.47444,49.80005,2
4585,4.47456,49.79955,2
4586,4.47498,49.80033,2
4587,4.47498,49.79948,2
4588,4.47555,49.80031,2
4589,4.47498,49.80033,2
4590,4.47498,49.80033,2
4591,4.47528,49.80021,2
4592,4.47498,49.80033,2
4593,4.47649,49.79997,2
4594,4.47555,49.80031,2
4595,4.4759,49.80016,2
4596,4.48441,49.79491,2
4597,4.51023,49.80912,2
4598,4.51023,49.80912,2
4599,4.51023,49.80912,2
4600,4.51023,49.80912,2
4601,4.51023,49.80912,2
4602,4.82571,50.13752,2
4603,4.82449,50.13753,2
4604,4.82565,50.13726,2
4605,4.82439,50.13758,2
4606,4.8258,50.13874,2
4607,4.82321,50.13784,2
4608,4.82549,50.1371,2
4609,4.82321,50.13784,2
4610,4.82321,50.13784,2
4611,4.82565,50.13726,2
4612,4.82321,50.13784,2
4613,4.82735,50.13663,2
4614,4.82636,50.13657,2
4615,4.82321,50.13784,2
4616,4.829563,50.138229,2
4617,4.82321,50.13784,2
4618,4.82427,50.13778,2
4619,4.82713,50.13666,2
4620,4.82713,50.13666,2
4621,4.82715,50.13651,2
4622,4.82439,50.13758,2
4623,4.82705,50.13645,2
4624,4.82439,50.13758,2
4625,4.82489,50.13899,2
4626,4.82439,50.13758,2
4627,4.82489,50.13899,2
4628,4.82459,50.13747,2
4629,4.8258,50.13874,2
4630,4.82439,50.13773,2
4631,4.8259,50.1377,2
4632,4.82439,50.13773,2
4633,4.82439,50.13773,2
4634,4.82439,50.13773,2
4635,4.82439,50.13773,2
4636,4.82544,50.13726,2
4637,4.8245,50.13767,2
4638,4.82495,50.13674,2
4639,4.8245,50.13767,2
4640,4.82489,50.13666,2
4641,4.82461,50.13761,2
4642,4.82505,50.13661,2
4643,4.82513,50.1367,2
4644,4.82471,50.13756,2
4645,4.82616,50.13669,2
4646,4.8252,50.13678,2
4647,4.82469,50.13742,2
4648,4.82527,50.13686,2
4649,4.82478,50.13736,2
4650,4.82527,50.13686,2
4651,4.82481,50.1375,2
4652,4.82534,50.13695,2
4653,4.82481,50.1375,2
4654,4.825,50.13739,2
4655,4.82541,50.13703,2
4656,4.8249,50.13745,2
4657,4.82509,50.13734,2
4658,4.82597,50.13681,2
4659,4.82616,50.13669,2
4660,4.82488,50.13731,2
4661,4.82488,50.13731,2
4662,4.82607,50.13659,2
4663,4.82497,50.13725,2
4664,4.82497,50.13725,2
4665,4.82572,50.13681,2
4666,4.82507,50.1372,2
4667,4.82669,50.13639,2
4668,4.82517,50.13714,2
4669,4.8256,50.13688,2
4670,4.82549,50.1371,2
4671,4.82565,50.13726,2
4672,4.82565,50.13726,2
4673,4.82565,50.13726,2
4674,4.82522,50.13789,2
4675,4.82688,50.13747,2
4676,4.82603,50.13764,2
4677,4.82615,50.1376,2
4678,4.82618,50.13772,2
4679,4.82618,50.13772,2
4680,4.82618,50.13772,2
4681,4.82641,50.13763,2
4682,4.82638,50.13751,2
4683,4.82674,50.13739,2
4684,4.82697,50.13731,2
4685,4.8274,50.13683,2
4686,4.8274,50.13683,2
4687,4.8274,50.13682,2
4688,4.8274,50.13682,2
4689,4.8274,50.13682,2
4690,4.82725,50.13657,2
4691,4.82735,50.13663,2
4692,4.82713,50.13666,2
4693,4.82713,50.13666,2
4694,4.82713,50.13666,2
4695,4.82713,50.13666,2
4696,4.82713,50.13666,2
4697,4.82713,50.13666,2
4698,4.82713,50.13666,2
4699,4.82713,50.13666,2
4700,4.82705,50.13645,2
4701,4.82705,50.13645,2
4702,4.82705,50.13645,2
4703,4.82705,50.13645,2
4704,4.82705,50.13645,2
4705,4.82705,50.13645,2
4706,4.82691,50.13632,2
4707,4.82699,50.13657,2
4708,4.82322,50.13878,2
4709,4.8234,50.13899,2
4710,4.82357,50.13906,2
4711,4.82375,50.13909,2
4712,4.82395,50.13907,2
4713,4.82415,50.13906,2
4714,4.82435,50.13904,2
4715,4.82379,50.13898,2
4716,4.82413,50.13895,2
4717,4.82446,50.13891,2
4718,4.82486,50.13887,2
4719,4.82455,50.13902,2
4720,4.82528,50.13891,2
4721,4.82554,50.13883,2
4722,4.8258,50.13874,2
4723,4.8258,50.13874,2
4724,4.82606,50.13866,2
4725,4.82632,50.13858,2
4726,4.82632,50.13858,2
4727,4.82678,50.13864,2
4728,4.82678,50.13864,2
4729,4.8249,50.13893,2
4730,4.82678,50.13864,2
4731,4.82715,50.13905,2
4732,4.82605,50.13764,2
4733,4.82605,50.13764,2
4734,4.82589,50.13749,2
4735,4.82589,50.13749,2
4736,4.82581,50.13741,2
4737,4.82573,50.13733,2
4738,4.82573,50.13733,2
4739,4.82573,50.13733,2
4740,4.82571,50.13752,2
4741,4.82562,50.13744,2
4742,4.82553,50.13735,2
4743,4.82553,50.13735,2
4744,4.8252,50.13702,2
4745,4.82514,50.13695,2
4746,4.82508,50.13688,2
4747,4.82508,50.13688,2
4748,4.82495,50.13674,2
4749,4.82495,50.13674,2
4750,4.82489,50.13666,2
4751,4.82505,50.13661,2
4752,4.82505,50.13661,2
4753,4.82505,50.13661,2
4754,4.8252,50.13678,2
4755,4.82527,50.13686,2
4756,4.82534,50.13695,2
4757,4.82527,50.13686,2
4758,4.82541,50.13703,2
4759,4.82587,50.13687,2
4760,4.82572,50.13681,2
4761,4.82597,50.13681,2
4762,4.82572,50.13681,2
4763,4.82572,50.13681,2
4764,4.82645,50.13641,2
4765,4.82636,50.13657,2
4766,4.82636,50.13657,2
4767,4.82669,50.13639,2
4768,4.82669,50.13639,2
4769,4.82669,50.13639,2
4770,4.82485,50.13655,2
4771,4.82616,50.13669,2
4772,4.82642,50.13637,2
4773,4.82645,50.13641,2
4774,4.82642,50.13637,2
4775,4.8263,50.13645,2
4776,4.8263,50.13645,2
4777,4.8263,50.13645,2
4778,4.82618,50.13652,2
4779,4.66975,49.62651,2
4780,4.67104,49.62746,2
4781,4.66948,49.62633,2
4782,4.66948,49.62633,2
4783,4.670319,49.627159,2
4784,4.67009,49.62741,2
4785,4.670319,49.627159,2
4786,4.67818,49.62203,2
4787,4.667918,49.625776,2
4788,4.66936,49.62738,2
4789,4.66936,49.62738,2
4790,4.669988,49.627803,2
4791,4.673066,49.626144,2
4792,4.67818,49.62203,2
4793,4.66936,49.62738,2
4794,4.69176,49.61541,2
4795,4.66594,49.62906,2
4796,4.67104,49.62746,2
4797,4.66975,49.62651,2
4798,4.679144,49.621759,2
4799,4.69176,49.61541,2
4800,4.668258,49.625959,2
4801,4.66936,49.62738,2
4802,4.667865,49.625831,2
4803,4.67104,49.62746,2
4804,4.67104,49.62746,2
4805,4.67104,49.62746,2
4806,4.67104,49.62746,2
4807,4.67104,49.62746,2
4808,4.67104,49.62746,2
4809,4.67104,49.62746,2
4810,4.66975,49.62651,2
4811,4.67104,49.62746,2
4812,4.66948,49.62633,2
4813,4.67104,49.62746,2
4814,4.66936,49.62738,2
4815,4.66975,49.62651,2
4816,4.67104,49.62746,2
4817,4.67009,49.62741,2
4818,4.669988,49.627803,2
4819,4.668807,49.627386,2
4820,4.66936,49.62738,2
4821,4.668905,49.627411,2
4822,4.66975,49.62651,2
4823,4.66936,49.62738,2
4824,4.66936,49.62738,2
4825,4.668681,49.627343,2
4826,4.66858,49.62704,2
4827,4.66936,49.62738,2
4828,4.66936,49.62738,2
4829,4.67104,49.62746,2
4830,4.67104,49.62746,2
4831,4.66975,49.62651,2
4832,4.66975,49.62651,2
4833,4.66594,49.62906,2
4834,4.66594,49.62906,2
4835,4.66936,49.62738,2
4836,4.67818,49.62203,2
4837,4.66594,49.62906,2
4838,4.67818,49.62203,2
4839,4.681015,49.620321,2
4840,4.681015,49.620321,2
4841,4.66936,49.62738,2
4842,4.67818,49.62203,2
4843,4.67818,49.62203,2
4844,4.67818,49.62203,2
4845,4.67818,49.62203,2
4846,4.67818,49.62203,2
4847,4.679901,49.621358,2
4848,4.66936,49.62738,2
4849,4.682764,49.618957,2
4850,4.69176,49.61541,2
4851,4.69176,49.61541,2
4852,4.66594,49.62906,2
4853,4.67818,49.62203,2
4854,4.66594,49.62906,2
4855,4.67818,49.62203,2
4856,4.66858,49.62704,2
4857,4.545669,49.798131,2
4858,4.53151,49.81831,2
4859,4.54202,49.82286,2
4860,4.5418,49.8221,2
4861,4.54217,49.8227,2
4862,4.5383,49.81727,2
4863,4.538518,49.817933,2
4864,4.53151,49.81831,2
4865,4.535375,49.817802,2
4866,4.5388,49.817695,2
4867,4.53769,49.81665,2
4868,4.53845,49.81689,2
4869,4.538445,49.817207,2
4870,4.527343,49.799577,2
4871,4.53645,49.8156,2
4872,4.54063,49.82168,2
4873,4.52323,49.79718,2
4874,4.52662,49.79695,2
4875,4.52956,49.80678,2
4876,4.54125,49.82177,2
4877,4.54219,49.82325,2
4878,4.54219,49.82325,2
4879,4.54358,49.82317,2
4880,4.54219,49.82325,2
4881,4.54221,49.82356,2
4882,4.54238,49.82352,2
4883,4.5383,49.81727,2
4884,4.54219,49.82325,2
4885,4.5428,49.82249,2
4886,4.54329,49.82262,2
4887,4.54353,49.8226,2
4888,4.54279,49.82244,2
4889,4.5434,49.82252,2
4890,4.5383,49.81727,2
4891,4.54106,49.82233,2
4892,4.54111,49.82227,2
4893,4.54134,49.82233,2
4894,4.53958,49.82143,2
4895,4.54087,49.82218,2
4896,4.52662,49.79695,2
4897,4.53982,49.8186,2
4898,4.5383,49.81727,2
4899,4.5383,49.81727,2
4900,4.538829,49.81773,2
4901,4.538518,49.817933,2
4902,4.538829,49.81773,2
4903,4.538118,49.817348,2
4904,4.538037,49.817403,2
4905,4.538104,49.817348,2
4906,4.53821,49.81705,2
4907,4.537611,49.817177,2
4908,4.53151,49.81831,2
4909,4.53151,49.81831,2
4910,4.53933,49.8169,2
4911,4.53151,49.81831,2
4912,4.53151,49.81831,2
4913,4.53151,49.81831,2
4914,4.53,49.81834,2
4915,4.53151,49.81831,2
4916,4.53151,49.81831,2
4917,4.53151,49.81831,2
4918,4.53151,49.81831,2
4919,4.53935,49.81701,2
4920,4.53151,49.81831,2
4921,4.54063,49.82168,2
4922,4.537801,49.817075,2
4923,4.52956,49.80678,2
4924,4.53756,49.81688,2
4925,4.53629,49.81565,2
4926,4.537277,49.81651,2
4927,4.53757,49.8167,2
4928,4.53818,49.81631,2
4929,4.53794,49.81658,2
4930,4.53807,49.81654,2
4931,4.53832,49.81667,2
4932,4.538445,49.817207,2
4933,4.538755,49.817624,2
4934,4.538445,49.817207,2
4935,4.538829,49.81773,2
4936,4.53584,49.81446,2
4937,4.53653,49.8158,2
4938,4.535901,49.814558,2
4939,4.538037,49.817403,2
4940,4.52591,49.7991,2
4941,4.52703,49.7968,2
4942,4.52689,49.79672,2
4943,4.53795,49.81708,2
4944,4.66001,49.64172,2
4945,4.66027,49.64054,2
4946,4.66001,49.64172,2
4947,4.659072,49.641104,2
4948,4.66001,49.64172,2
4949,4.65893,49.6413,2
4950,4.65893,49.6413,2
4951,4.66001,49.64172,2
4952,4.66001,49.64172,2
4953,4.644014,49.64743,2
4954,4.65704,49.64286,2
4955,4.65795,49.64214,2
4956,4.65609,49.64336,2
4957,4.65806,49.64262,2
4958,4.65481,49.64364,2
4959,4.65328,49.64389,2
4960,4.65815,49.64206,2
4961,4.65811,49.6422,2
4962,4.65862,49.642424,2
4963,4.66001,49.64172,2
4964,4.65893,49.6413,2
4965,4.65936,49.64179,2
4966,4.65949,49.64188,2
4967,4.658,49.6425,2
4968,4.65815,49.64206,2
4969,4.65965,49.64145,2
4970,4.65883,49.6413,2
4971,4.65893,49.6413,2
4972,4.65896,49.64137,2
4973,4.66037,49.64064,2
4974,4.660005,49.640628,2
4975,4.66001,49.64172,2
4976,4.6574,49.642987,2
4977,4.65896,49.64137,2
4978,4.66027,49.64054,2
4979,4.66001,49.64172,2
4980,4.66132,49.63994,2
4981,4.66147,49.64,2
4982,4.65893,49.6413,2
4983,4.65893,49.6413,2
4984,4.54392,49.7876,2
4985,4.54392,49.7876,2
4986,4.54392,49.7876,2
4987,4.53056,49.78084,2
4988,4.54392,49.7876,2
4989,4.53056,49.78084,2
4990,4.54392,49.7876,2
4991,4.54386,49.78716,2
4992,4.54392,49.7876,2
4993,4.52407,49.77967,2
4994,4.52407,49.77967,2
4995,4.55218,49.78439,2
4996,4.52995,49.78148,2
4997,4.52995,49.78148,2
4998,4.55218,49.78439,2
4999,4.528297,49.781451,2
5000,4.53056,49.78084,2
5001,4.53056,49.78084,2
5002,4.53207,49.78171,2
5003,4.53056,49.78084,2
5004,4.535093,49.779486,2
5005,4.53056,49.78084,2
5006,4.55262,49.78464,2
5007,4.55218,49.78439,2
5008,4.55218,49.78439,2
5009,4.53056,49.78084,2
5010,4.53056,49.78084,2
5011,4.54392,49.7876,2
5012,4.54392,49.7876,2
5013,4.54392,49.7876,2
5014,4.54392,49.7876,2
5015,4.53142,49.78204,2
5016,4.552907,49.785262,2
5017,4.55218,49.78439,2
5018,4.527346,49.780632,2
5019,4.544021,49.787337,2
5020,4.552703,49.784717,2
5021,4.55218,49.78439,2
5022,4.55345,49.784335,2
5023,4.54392,49.7876,2
5024,4.533484,49.78142,2
5025,4.43345,49.77651,2
5026,4.53056,49.78084,2
5027,4.43566,49.7759,2
5028,4.532239,49.780849,2
5029,4.53056,49.78084,2
5030,4.5287,49.78059,2
5031,4.5287,49.78059,2
5032,4.5287,49.78059,2
5033,4.5287,49.78059,2
5034,4.53146,49.78035,2
5035,4.5287,49.78059,2
5036,4.53224,49.78087,2
5037,4.53056,49.78084,2
5038,4.53207,49.78171,2
5039,4.532201,49.782233,2
5040,4.53207,49.78171,2
5041,4.53207,49.78171,2
5042,4.532201,49.782233,2
5043,4.53056,49.78084,2
5044,4.53207,49.78171,2
5045,4.53142,49.78137,2
5046,4.53056,49.78084,2
5047,4.53056,49.78084,2
5048,4.53133,49.78144,2
5049,4.53224,49.78087,2
5050,4.53224,49.78087,2
5051,4.530132,49.780896,2
5052,4.53056,49.78084,2
5053,4.53224,49.78087,2
5054,4.530403,49.780748,2
5055,4.53056,49.78084,2
5056,4.530403,49.780748,2
5057,4.52995,49.78148,2
5058,4.52995,49.78148,2
5059,4.53056,49.78084,2
5060,4.52995,49.78148,2
5061,4.528011,49.781896,2
5062,4.528011,49.781896,2
5063,4.527726,49.781066,2
5064,4.527726,49.781066,2
5065,4.53056,49.78084,2
5066,4.43566,49.7759,2
5067,4.52995,49.78148,2
5068,4.529531,49.781105,2
5069,4.552553,49.784145,2
5070,4.529531,49.781105,2
5071,4.52995,49.78148,2
5072,4.43566,49.7759,2
5073,4.52407,49.77967,2
5074,4.53224,49.78087,2
5075,4.52407,49.77967,2
5076,4.52407,49.77967,2
5077,4.55309,49.78481,2
5078,4.55218,49.78439,2
5079,4.53056,49.78084,2
5080,4.55218,49.78439,2
5081,4.55218,49.78439,2
5082,4.55218,49.78439,2
5083,4.55218,49.78439,2
5084,4.44176,49.77646,2
5085,4.55231,49.78503,2
5086,4.55218,49.78439,2
5087,4.55218,49.78439,2
5088,4.55218,49.78439,2
5089,4.552908,49.785271,2
5090,4.552285,49.784348,2
5091,4.552553,49.784145,2
5092,4.55218,49.78439,2
5093,4.55218,49.78439,2
5094,4.55218,49.78439,2
5095,4.55218,49.78439,2
5096,4.53056,49.78084,2
5097,4.55218,49.78439,2
5098,4.54392,49.7876,2
5099,4.55218,49.78439,2
5100,4.43345,49.77651,2
5101,4.43345,49.77651,2
5102,4.550957,49.78412,2
5103,4.55231,49.78503,2
5104,4.43631,49.77523,2
5105,4.550873,49.784104,2
5106,4.54392,49.7876,2
5107,4.54392,49.7876,2
5108,4.64079,49.93355,2
5109,4.63837,49.93182,2
5110,4.63854,49.93192,2
5111,4.63872,49.93202,2
5112,4.63889,49.93211,2
5113,4.63977,49.93212,2
5114,4.64012,49.93187,2
5115,4.63977,49.93212,2
5116,4.63977,49.93212,2
5117,4.63958,49.93239,2
5118,4.63987,49.93215,2
5119,4.64012,49.93187,2
5120,4.64012,49.93187,2
5121,4.64012,49.93187,2
5122,4.639,49.93155,2
5123,4.63958,49.93188,2
5124,4.6397,49.9321,2
5125,4.6396,49.93204,2
5126,4.63949,49.93198,2
5127,4.63938,49.93192,2
5128,4.63928,49.93186,2
5129,4.63917,49.9318,2
5130,4.63906,49.93174,2
5131,4.63896,49.93168,2
5132,4.63885,49.93162,2
5133,4.63875,49.93156,2
5134,4.63864,49.9315,2
5135,4.6386,49.93131,2
5136,4.63865,49.93134,2
5137,4.63869,49.93137,2
5138,4.63874,49.93147,2
5139,4.63889,49.93146,2
5140,4.63977,49.93131,2
5141,4.63977,49.93131,2
5142,4.63904,49.93144,2
5143,4.6392,49.93142,2
5144,4.63935,49.93141,2
5145,4.6395,49.93139,2
5146,4.63965,49.93137,2
5147,4.63981,49.93136,2
5148,4.63977,49.93131,2
5149,4.63977,49.93131,2
5150,4.63996,49.93134,2
5151,4.64011,49.93132,2
5152,4.64027,49.9313,2
5153,4.63977,49.93131,2
5154,4.63977,49.93131,2
5155,4.64042,49.93129,2
5156,4.64057,49.93127,2
5157,4.64072,49.93125,2
5158,4.64088,49.93124,2
5159,4.63728,49.93204,2
5160,4.63977,49.93131,2
5161,4.63773,49.93229,2
5162,4.63977,49.93131,2
5163,4.63605,49.93128,2
5164,4.6409,49.93108,2
5165,4.63781,49.93224,2
5166,4.64089,49.93122,2
5167,4.63781,49.93224,2
5168,4.64102,49.93133,2
5169,4.63781,49.93224,2
5170,4.64117,49.93145,2
5171,4.63781,49.93224,2
5172,4.64093,49.93168,2
5173,4.63781,49.93224,2
5174,4.64104,49.93195,2
5175,4.63781,49.93224,2
5176,4.64085,49.93198,2
5177,4.63781,49.93224,2
5178,4.64102,49.93203,2
5179,4.63743,49.93266,2
5180,4.64099,49.93216,2
5181,4.63743,49.93266,2
5182,4.64081,49.93216,2
5183,4.64079,49.93223,2
5184,4.64077,49.93229,2
5185,4.64079,49.93355,2
5186,4.64075,49.93237,2
5187,4.64096,49.93228,2
5188,4.64092,49.93241,2
5189,4.64071,49.93254,2
5190,4.64068,49.93267,2
5191,4.64064,49.93283,2
5192,4.64062,49.9329,2
5193,4.64081,49.93286,2
5194,4.64079,49.93294,2
5195,4.64054,49.93321,2
5196,4.64051,49.93335,2
5197,4.64072,49.93322,2
5198,4.64071,49.93328,2
5199,4.64038,49.93456,2
5200,4.64068,49.93337,2
5201,4.64067,49.93346,2
5202,4.64127,49.93291,2
5203,4.64124,49.93278,2
5204,4.64098,49.93329,2
5205,4.64089,49.93342,2
5206,4.64065,49.93364,2
5207,4.64046,49.93349,2
5208,4.64046,49.93349,2
5209,4.64046,49.93349,2
5210,4.64047,49.93416,2
5211,4.64163,49.92898,2
5212,4.64034,49.93394,2
5213,4.64029,49.93415,2
5214,4.64083,49.93277,2
5215,4.64068,49.93267,2
5216,4.64075,49.93309,2
5217,4.64094,49.93321,2
5218,4.63916,49.93362,2
5219,4.63865,49.93307,2
5220,4.64017,49.93473,2
5221,4.63808,49.93282,2
5222,4.64024,49.93436,2
5223,4.64094,49.93201,2
5224,4.64094,49.93201,2
5225,4.64016,49.93479,2
5226,4.63991,49.93446,2
5227,4.63966,49.93418,2
5228,4.63953,49.93404,2
5229,4.63941,49.9339,2
5230,4.63904,49.93347,2
5231,4.63891,49.93333,2
5232,4.63879,49.93319,2
5233,4.63865,49.93307,2
5234,4.63808,49.93282,2
5235,4.63824,49.93287,2
5236,4.63792,49.93278,2
5237,4.63776,49.93274,2
5238,4.63759,49.9327,2
5239,4.63759,49.93273,2
5240,4.63764,49.93266,2
5241,4.6377,49.9326,2
5242,4.63781,49.93247,2
5243,4.63852,49.93159,2
5244,4.63852,49.93159,2
5245,4.63786,49.93241,2
5246,4.63782,49.93234,2
5247,4.63804,49.93245,2
5248,4.63797,49.93241,2
5249,4.6379,49.93238,2
5250,4.63809,49.93248,2
5251,4.63728,49.93262,2
5252,4.63713,49.93258,2
5253,4.63698,49.93253,2
5254,4.63683,49.93248,2
5255,4.63669,49.93243,2
5256,4.63654,49.93238,2
5257,4.63642,49.93231,2
5258,4.63633,49.93223,2
5259,4.63623,49.93214,2
5260,4.63602,49.93198,2
5261,4.63581,49.93181,2
5262,4.6357,49.93173,2
5263,4.6356,49.93164,2
5264,4.6355,49.93156,2
5265,4.63539,49.93148,2
5266,4.63508,49.93123,2
5267,4.63497,49.93115,2
5268,4.63487,49.93106,2
5269,4.63466,49.9309,2
5270,4.6344,49.93077,2
5271,4.63364,49.93045,2
5272,4.63286,49.93018,2
5273,4.63244,49.93009,2
5274,4.63201,49.92999,2
5275,4.6313,49.92989,2
5276,4.63739,49.94061,2
5277,4.63852,49.93159,2
5278,4.63904,49.93347,2
5279,4.49855,49.78506,2
5280,4.49855,49.78506,2
5281,4.49855,49.78506,2
5282,4.49855,49.78506,2
5283,4.49855,49.78506,2
5284,4.49855,49.78506,2
5285,4.49855,49.78506,2
5286,4.49855,49.78506,2
5287,4.49855,49.78506,2
5288,4.49855,49.78506,2
5289,4.49197,49.78693,2
5290,4.49855,49.78506,2
5291,4.49729,49.78606,2
5292,4.49931,49.78533,2
5293,4.4995,49.78515,2
5294,4.49865,49.78595,2
5295,4.49652,49.78645,2
5296,4.49773,49.79017,2
5297,4.49773,49.79017,2
5298,4.48304,49.78895,2
5299,4.49799,49.79073,2
5300,4.49407,49.78695,2
5301,4.49974,49.79128,2
5302,4.498205,49.789581,2
5303,4.4944,49.7881,2
5304,4.4976,49.78958,2
5305,4.49799,49.79073,2
5306,4.5028,49.79307,2
5307,4.49276,49.78788,2
5308,4.49981,49.79133,2
5309,4.48934,49.79159,2
5310,4.499111,49.793921,2
5311,4.48934,49.79159,2
5312,4.49799,49.79073,2
5313,4.4902,49.7871,2
5314,4.49031,49.78711,2
5315,4.4902,49.7871,2
5316,4.49058,49.78772,2
5317,4.49141,49.78777,2
5318,4.48635,49.78902,2
5319,4.49245,49.78785,2
5320,4.49311,49.78792,2
5321,4.49325,49.78794,2
5322,4.48635,49.78902,2
5323,4.49436,49.78821,2
5324,4.49315,49.78805,2
5325,4.49303,49.78803,2
5326,4.49972,49.78506,2
5327,4.49416,49.78806,2
5328,4.49622,49.78906,2
5329,4.507197,49.795762,2
5330,4.50077,49.78533,2
5331,4.50629,49.78729,2
5332,4.50115,49.7855,2
5333,4.50097,49.78299,2
5334,4.50024,49.78423,2
5335,4.49992,49.78474,2
5336,4.49799,49.79073,2
5337,4.4976,49.78958,2
5338,4.49461,49.78819,2
5339,4.48862,49.78747,2
5340,4.48961,49.78759,2
5341,4.489789,49.789703,2
5342,4.48948,49.78746,2
5343,4.49303,49.78803,2
5344,4.49027,49.78768,2
5345,4.49037,49.78757,2
5346,4.48635,49.78902,2
5347,4.49172,49.78787,2
5348,4.49172,49.78787,2
5349,4.49416,49.78806,2
5350,4.49799,49.79073,2
5351,4.49192,49.78789,2
5352,4.49206,49.78791,2
5353,4.49241,49.78796,2
5354,4.48635,49.78902,2
5355,4.49141,49.78777,2
5356,4.49178,49.78776,2
5357,4.49226,49.78782,2
5358,4.49248,49.78785,2
5359,4.49278,49.78789,2
5360,4.49461,49.78819,2
5361,4.49141,49.78777,2
5362,4.49289,49.7879,2
5363,4.49461,49.78819,2
5364,4.49311,49.78792,2
5365,4.49141,49.78777,2
5366,4.49141,49.78777,2
5367,4.49141,49.78777,2
5368,4.48635,49.78902,2
5369,4.49141,49.78777,2
5370,4.49342,49.78796,2
5371,4.49141,49.78777,2
5372,4.49396,49.78804,2
5373,4.49461,49.78819,2
5374,4.49141,49.78777,2
5375,4.49386,49.78802,2
5376,4.49443,49.7881,2
5377,4.4976,49.78696,2
5378,4.4944,49.7881,2
5379,4.48635,49.78902,2
5380,4.49416,49.78806,2
5381,4.49459,49.78813,2
5382,4.49141,49.78777,2
5383,4.49492,49.78818,2
5384,4.49492,49.78818,2
5385,4.49482,49.78817,2
5386,4.49552,49.78874,2
5387,4.49652,49.78928,2
5388,4.49639,49.78936,2
5389,4.50071,49.78296,2
5390,4.49688,49.7895,2
5391,4.49773,49.79017,2
5392,4.49488,49.78829,2
5393,4.49773,49.79017,2
5394,4.49488,49.78829,2
5395,4.48948,49.78746,2
5396,4.49439,49.78822,2
5397,4.489424,49.787644,2
5398,4.48934,49.79159,2
5399,4.4933,49.78807,2
5400,4.49345,49.78808,2
5401,4.49245,49.78796,2
5402,4.49141,49.78777,2
5403,4.492133,49.788386,2
5404,4.49249,49.78804,2
5405,4.49461,49.78819,2
5406,4.49097,49.78951,2
5407,4.49178,49.78907,2
5408,4.49132,49.78925,2
5409,4.48934,49.79159,2
5410,4.49076,49.78946,2
5411,4.48635,49.78902,2
5412,4.48851,49.78951,2
5413,4.48788,49.78941,2
5414,4.48635,49.78902,2
5415,4.48896,49.78959,2
5416,4.48922,49.78962,2
5417,4.49063,49.78964,2
5418,4.4902,49.78968,2
5419,4.48994,49.78969,2
5420,4.48709,49.78928,2
5421,4.49799,49.79073,2
5422,4.48885,49.78945,2
5423,4.49933,49.79105,2
5424,4.48547,49.78886,2
5425,4.48703,49.78926,2
5426,4.4902,49.79054,2
5427,4.48565,49.78889,2
5428,4.49461,49.78819,2
5429,4.48641,49.78897,2
5430,4.4902,49.79054,2
5431,4.492047,49.791262,2
5432,4.492244,49.79133,2
5433,4.49068,49.79063,2
5434,4.492787,49.791375,2
5435,4.490801,49.790682,2
5436,4.49163,49.79101,2
5437,4.49373,49.78698,2
5438,4.49092,49.79068,2
5439,4.4914,49.79078,2
5440,4.49208,49.79075,2
5441,4.48934,49.79159,2
5442,4.49635,49.78703,2
5443,4.49729,49.78606,2
5444,4.49758,49.78707,2
5445,4.49773,49.79017,2
5446,4.4976,49.78958,2
5447,4.49923,49.79115,2
5448,4.49856,49.79076,2
5449,4.49866,49.79081,2
5450,4.49799,49.7908,2
5451,4.49799,49.79073,2
5452,4.49799,49.79073,2
5453,4.50033,49.79179,2
5454,4.50098,49.79202,2
5455,4.50108,49.79208,2
5456,4.50131,49.79221,2
5457,4.50141,49.79227,2
5458,4.50165,49.7924,2
5459,4.501,49.79203,2
5460,4.500876,49.79168,2
5461,4.50056,49.79177,2
5462,4.50034,49.79164,2
5463,4.50014,49.79152,2
5464,4.49992,49.79139,2
5465,4.500391,49.791383,2
5466,4.48934,49.79159,2
5467,4.49504,49.78675,2
5468,4.501605,49.792529,2
5469,4.48934,49.79159,2
5470,4.49799,49.79073,2
5471,4.48934,49.79159,2
5472,4.501515,49.791381,2
5473,4.501515,49.791381,2
5474,4.50201,49.79261,2
5475,4.501544,49.791731,2
5476,4.501544,49.791731,2
5477,4.501544,49.791731,2
5478,4.49773,49.79017,2
5479,4.48893,49.79173,2
5480,4.500912,49.79123,2
5481,4.500876,49.79168,2
5482,4.500912,49.79123,2
5483,4.500912,49.79123,2
5484,4.50224,49.79274,2
5485,4.500912,49.79123,2
5486,4.500912,49.79123,2
5487,4.501544,49.791731,2
5488,4.502588,49.793114,2
5489,4.48301,49.78907,2
5490,4.49591,49.78885,2
5491,4.49591,49.78885,2
5492,4.49591,49.78885,2
5493,4.50234,49.7928,2
5494,4.49622,49.78906,2
5495,4.49622,49.78906,2
5496,4.49622,49.78906,2
5497,4.50255,49.79292,2
5498,4.5028,49.79307,2
5499,4.49773,49.79017,2
5500,4.49652,49.78928,2
5501,4.49652,49.78928,2
5502,4.49799,49.79073,2
5503,4.49652,49.78928,2
5504,4.49579,49.788905,2
5505,4.49652,49.78928,2
5506,4.5034,49.79341,2
5507,4.503228,49.793479,2
5508,4.508277,49.796371,2
5509,4.52731,49.798805,2
5510,4.49925,49.78559,2
5511,4.49925,49.78559,2
5512,4.49735,49.79078,2
5513,4.49855,49.78506,2
5514,4.49997,49.78489,2
5515,4.50033,49.78512,2
5516,4.50629,49.78729,2
5517,4.50042,49.78517,2
5518,4.50056,49.78523,2
5519,4.50066,49.78528,2
5520,4.49149,49.78772,2
5521,4.50157,49.78569,2
5522,4.50216,49.78596,2
5523,4.50216,49.78596,2
5524,4.50216,49.78596,2
5525,4.50216,49.78596,2
5526,4.4988,49.79075,2
5527,4.50198,49.78588,2
5528,4.50198,49.78588,2
5529,4.50198,49.78588,2
5530,4.4976,49.78696,2
5531,4.4976,49.78696,2
5532,4.501542,49.78582,2
5533,4.49972,49.78506,2
5534,4.48934,49.79159,2
5535,4.49149,49.78772,2
5536,4.49972,49.78506,2
5537,4.49149,49.78772,2
5538,4.4976,49.78696,2
5539,4.501542,49.78582,2
5540,4.50226,49.78587,2
5541,4.50629,49.78729,2
5542,4.50007,49.78478,2
5543,4.50049,49.78505,2
5544,4.5016,49.78557,2
5545,4.50096,49.78528,2
5546,4.49652,49.78644,2
5547,4.50052,49.78507,2
5548,4.49989,49.79137,2
5549,4.50008,49.78479,2
5550,4.50071,49.78296,2
5551,4.5003,49.78444,2
5552,4.50038,49.7843,2
5553,4.50054,49.78358,2
5554,4.50111,49.78334,2
5555,4.50097,49.78299,2
5556,4.50062,49.78397,2
5557,4.50071,49.78296,2
5558,4.50097,49.78299,2
5559,4.50109,49.78302,2
5560,4.50022,49.78426,2
5561,4.50021,49.78427,2
5562,4.50024,49.78423,2
5563,4.50071,49.78296,2
5564,4.50016,49.78436,2
5565,4.50013,49.78441,2
5566,4.50013,49.78441,2
5567,4.4955,49.78656,2
5568,4.49666,49.78633,2
5569,4.49799,49.78593,2
5570,4.49688,49.78613,2
5571,4.49637,49.78638,2
5572,4.49638,49.78638,2
5573,4.4999,49.78478,2
5574,4.4963,49.78804,2
5575,4.4886,49.7919,2
5576,4.49623,49.78797,2
5577,4.49855,49.78506,2
5578,4.49755,49.78691,2
5579,4.49729,49.78606,2
5580,4.49358,49.7881,2
5581,4.49836,49.78597,2
5582,4.49779,49.78599,2
5583,4.49793,49.78582,2
5584,4.49855,49.78506,2
5585,4.49855,49.78506,2
5586,4.49855,49.78506,2
5587,4.49855,49.78506,2
5588,4.4976,49.78696,2
5589,5.100949,49.606708,2
5590,5.0707,49.61012,2
5591,5.101637,49.605632,2
5592,5.07715,49.60588,2
5593,5.101046,49.606715,2
5594,5.0707,49.61012,2
5595,5.07715,49.60588,2
5596,5.101854,49.605537,2
5597,5.100672,49.606705,2
5598,5.0707,49.61012,2
5599,5.100636,49.606032,2
5600,5.100405,49.606109,2
5601,5.0707,49.61012,2
5602,5.10027,49.606166,2
5603,5.10211,49.606178,2
5604,5.0707,49.61012,2
5605,5.099877,49.60631,2
5606,5.101115,49.606713,2
5607,5.0707,49.61012,2
5608,5.099538,49.606444,2
5609,5.101364,49.606716,2
5610,5.0707,49.61012,2
5611,5.099242,49.606594,2
5612,5.101364,49.606716,2
5613,5.0707,49.61012,2
5614,5.100175,49.606195,2
5615,5.09561,49.60745,2
5616,5.0707,49.61012,2
5617,5.09591,49.60737,2
5618,5.09576,49.60741,2
5619,5.0707,49.61012,2
5620,5.09547,49.60749,2
5621,5.0951,49.60759,2
5622,5.0707,49.61012,2
5623,5.09782,49.60699,2
5624,5.09452,49.60774,2
5625,5.0707,49.61012,2
5626,5.09656,49.60721,2
5627,5.09307,49.60805,2
5628,5.0707,49.61012,2
5629,5.09229,49.60812,2
5630,5.09149,49.60809,2
5631,5.0707,49.61012,2
5632,5.09069,49.60806,2
5633,5.09069,49.60806,2
5634,5.0707,49.61012,2
5635,5.08989,49.60803,2
5636,5.08911,49.60795,2
5637,5.07174,49.61048,2
5638,5.08755,49.60771,2
5639,5.08619,49.60738,2
5640,5.07174,49.61048,2
5641,5.08582,49.607206,2
5642,5.07944,49.60914,2
5643,5.07174,49.61048,2
5644,5.07944,49.60914,2
5645,5.07944,49.60914,2
5646,5.07174,49.61048,2
5647,5.07944,49.60914,2
5648,5.07944,49.60914,2
5649,5.07174,49.61048,2
5650,5.07944,49.60914,2
5651,5.07795,49.6101,2
5652,5.07174,49.61048,2
5653,5.0794,49.6091,2
5654,5.07944,49.60914,2
5655,5.07226,49.61045,2
5656,5.07944,49.60914,2
5657,5.07944,49.60914,2
5658,5.07226,49.61045,2
5659,5.0818,49.60744,2
5660,5.08258,49.607,2
5661,5.07226,49.61045,2
5662,5.08354,49.60651,2
5663,5.08493,49.60585,2
5664,5.07226,49.61045,2
5665,5.08669,49.60516,2
5666,5.08698,49.60505,2
5667,5.07226,49.61045,2
5668,5.08728,49.60494,2
5669,5.088615,49.60441,2
5670,5.07226,49.61045,2
5671,5.07447,49.60067,2
5672,5.08759,49.60481,2
5673,5.07226,49.61045,2
5674,5.103431,49.564709,2
5675,5.103891,49.559423,2
5676,5.07226,49.61045,2
5677,5.099114,49.594007,2
5678,5.07334,49.56026,2
5679,5.07226,49.61045,2
5680,5.097832,49.593569,2
5681,5.097832,49.593569,2
5682,5.07226,49.61045,2
5683,5.07334,49.56026,2
5684,5.07226,49.61045,2
5685,5.07334,49.56026,2
5686,5.08656,49.60535,2
5687,5.07226,49.61045,2
5688,5.07944,49.60914,2
5689,5.08713,49.60499,2
5690,5.07226,49.61045,2
5691,5.08684,49.60511,2
5692,5.08654,49.60522,2
5693,5.07226,49.61045,2
5694,5.08503,49.60595,2
5695,5.0827,49.60709,2
5696,5.07226,49.61045,2
5697,5.08565,49.60555,2
5698,5.07944,49.60914,2
5699,5.07226,49.61045,2
5700,5.07944,49.60914,2
5701,5.07944,49.60914,2
5702,5.07226,49.61045,2
5703,5.07944,49.60914,2
5704,5.08144,49.60785,2
5705,5.07226,49.61045,2
5706,5.0809,49.60823,2
5707,5.07226,49.61045,2
5708,5.0762,49.61233,2
5709,5.0805,49.6085,2
5710,5.0745,49.61168,2
5711,5.07226,49.61045,2
5712,5.07398,49.61178,2
5713,5.07226,49.61045,2
5714,5.07307,49.61197,2
5715,5.07226,49.61045,2
5716,5.07944,49.60914,2
5717,5.07226,49.61045,2
5718,5.07233,49.61219,2
5719,5.07226,49.61045,2
5720,5.07127,49.61269,2
5721,5.07226,49.61045,2
5722,5.07178,49.61241,2
5723,5.07226,49.61045,2
5724,5.07127,49.61269,2
5725,5.07226,49.61045,2
5726,5.08484,49.6095,2
5727,5.08497,49.6094,2
5728,5.07226,49.61045,2
5729,5.0794,49.58253,2
5730,5.07226,49.61045,2
5731,5.0794,49.58253,2
5732,5.07226,49.61045,2
5733,5.0794,49.58253,2
5734,5.07226,49.61045,2
5735,5.0794,49.58253,2
5736,5.0794,49.58253,2
5737,5.07226,49.61045,2
5738,5.07922,49.5823,2
5739,5.07226,49.61045,2
5740,5.0855,49.60928,2
5741,5.07226,49.61045,2
5742,5.0855,49.60928,2
5743,5.07226,49.61045,2
5744,5.0855,49.60928,2
5745,5.0855,49.60928,2
5746,5.07226,49.61045,2
5747,5.0855,49.60928,2
5748,5.07226,49.61045,2
5749,5.08615,49.61055,2
5750,5.07226,49.61045,2
5751,5.08617,49.61051,2
5752,5.07226,49.61045,2
5753,5.08618,49.61046,2
5754,5.07226,49.61045,2
5755,5.0862,49.61041,2
5756,5.07226,49.61045,2
5757,5.08621,49.61037,2
5758,5.07226,49.61045,2
5759,5.08601,49.61041,2
5760,5.07265,49.6118,2
5761,5.08597,49.61031,2
5762,5.07265,49.6118,2
5763,5.08567,49.61024,2
5764,5.07373,49.60998,2
5765,5.08537,49.61017,2
5766,5.07382,49.60995,2
5767,5.0739,49.60991,2
5768,5.08507,49.6101,2
5769,5.07398,49.60988,2
5770,5.07406,49.60985,2
5771,5.08477,49.61003,2
5772,5.07414,49.60981,2
5773,5.08461,49.60986,2
5774,5.07423,49.60978,2
5775,5.08458,49.60967,2
5776,5.07431,49.60975,2
5777,5.07439,49.60971,2
5778,5.08467,49.60947,2
5779,5.07447,49.60968,2
5780,5.08474,49.6097,2
5781,5.07388,49.60969,2
5782,5.0707,49.61012,2
5783,5.08483,49.60989,2
5784,5.066679,49.612339,2
5785,5.07265,49.6118,2
5786,5.08511,49.60999,2
5787,5.07265,49.6118,2
5788,5.07265,49.6118,2
5789,5.08541,49.61006,2
5790,5.07265,49.6118,2
5791,5.07265,49.6118,2
5792,5.08572,49.61013,2
5793,5.07265,49.6118,2
5794,5.07334,49.61076,2
5795,5.08602,49.6102,2
5796,5.07399,49.61065,2
5797,5.0855,49.60928,2
5798,5.07334,49.61076,2
5799,5.0855,49.60928,2
5800,5.0855,49.60928,2
5801,5.07334,49.61076,2
5802,5.0855,49.60928,2
5803,5.07334,49.61076,2
5804,5.08523,49.60931,2
5805,5.07334,49.61076,2
5806,5.0855,49.60928,2
5807,5.07399,49.61065,2
5808,5.08424,49.60921,2
5809,5.07334,49.61076,2
5810,5.07334,49.61076,2
5811,5.07334,49.61076,2
5812,5.07399,49.61065,2
5813,5.07334,49.61076,2
5814,5.07334,49.61076,2
5815,5.07334,49.61076,2
5816,5.07399,49.61065,2
5817,5.07399,49.61065,2
5818,5.07334,49.61076,2
5819,5.07399,49.61065,2
5820,5.07399,49.61065,2
5821,5.07334,49.61076,2
5822,5.07334,49.61076,2
5823,5.07399,49.61065,2
5824,5.07334,49.61076,2
5825,5.07334,49.61076,2
5826,5.07334,49.61076,2
5827,5.07334,49.61076,2
5828,5.08493,49.60585,2
5829,5.07334,49.61076,2
5830,5.07399,49.61065,2
5831,5.07334,49.61076,2
5832,5.07334,49.61076,2
5833,5.07334,49.61076,2
5834,5.07334,49.61076,2
5835,5.07399,49.61065,2
5836,5.07399,49.61065,2
5837,5.07399,49.61065,2
5838,5.07399,49.61065,2
5839,5.07334,49.61076,2
5840,5.07399,49.61065,2
5841,5.07399,49.61065,2
5842,5.07399,49.61065,2
5843,5.07334,49.61076,2
5844,5.07334,49.61076,2
5845,5.07334,49.61076,2
5846,5.07334,49.61076,2
5847,5.07334,49.61076,2
5848,5.07334,49.61076,2
5849,5.0747,49.61029,2
5850,5.07483,49.61024,2
5851,5.07496,49.6102,2
5852,5.07509,49.61015,2
5853,5.07478,49.61035,2
5854,5.07484,49.6104,2
5855,5.0749,49.61044,2
5856,5.07496,49.61049,2
5857,5.07502,49.61053,2
5858,5.07521,49.61069,2
5859,5.07524,49.61071,2
5860,5.07527,49.61073,2
5861,5.0753,49.61075,2
5862,5.07534,49.61077,2
5863,5.07503,49.61071,2
5864,5.07507,49.61076,2
5865,5.07513,49.6108,2
5866,5.07519,49.61084,2
5867,5.07538,49.6108,2
5868,5.07543,49.61084,2
5869,5.07547,49.61088,2
5870,5.07556,49.61092,2
5871,5.07588,49.61125,2
5872,5.075128,49.610782,2
5873,5.0758,49.61127,2
5874,5.07575,49.61128,2
5875,5.07571,49.61129,2
5876,5.073946,49.61142,2
5877,5.07502,49.61157,2
5878,5.07554,49.61147,2
5879,5.0707,49.61012,2
5880,5.0762,49.61233,2
5881,5.0707,49.61012,2
5882,5.07519,49.61221,2
5883,5.0707,49.61012,2
5884,5.0762,49.61233,2
5885,5.07226,49.61045,2
5886,5.07226,49.61045,2
5887,5.0762,49.61233,2
5888,5.07226,49.61045,2
5889,5.0762,49.61233,2
5890,5.07226,49.61045,2
5891,5.0762,49.61233,2
5892,5.07226,49.61045,2
5893,5.0762,49.61233,2
5894,5.07226,49.61045,2
5895,5.07174,49.61048,2
5896,5.0762,49.61233,2
5897,5.07593,49.61284,2
5898,5.07593,49.61284,2
5899,5.07399,49.61065,2
5900,5.07572,49.613,2
5901,5.07399,49.61065,2
5902,5.0762,49.61233,2
5903,5.0762,49.61233,2
5904,5.07601,49.61294,2
5905,5.07629,49.61289,2
5906,5.0762,49.61233,2
5907,5.07685,49.61276,2
5908,5.08022,49.61006,2
5909,5.08022,49.61006,2
5910,5.0762,49.61233,2
5911,5.08022,49.61006,2
5912,5.08009,49.6104,2
5913,5.08022,49.61006,2
5914,5.0762,49.61233,2
5915,5.08022,49.61006,2
5916,5.0762,49.61233,2
5917,5.08022,49.61006,2
5918,5.0762,49.61233,2
5919,5.0762,49.61233,2
5920,5.0762,49.61233,2
5921,5.07334,49.56026,2
5922,5.0762,49.61233,2
5923,5.07334,49.56026,2
5924,5.07944,49.60914,2
5925,5.0762,49.61233,2
5926,5.071937,49.612131,2
5927,5.07609,49.61195,2
5928,5.07702,49.61184,2
5929,5.07718,49.6118,2
5930,5.07718,49.6118,2
5931,5.07718,49.6118,2
5932,5.07718,49.6118,2
5933,5.07735,49.61176,2
5934,5.07735,49.61176,2
5935,5.07735,49.61176,2
5936,5.07735,49.61176,2
5937,5.07752,49.61176,2
5938,5.07761,49.61186,2
5939,5.07668,49.61192,2
5940,5.10258,49.56478,2
5941,5.07586,49.61138,2
5942,5.07611,49.6113,2
5943,5.07637,49.61122,2
5944,5.0756,49.60921,2
5945,5.07543,49.60912,2
5946,5.07525,49.60902,2
5947,5.07506,49.60898,2
5948,5.07542,49.60863,2
5949,5.07542,49.60863,2
5950,5.07542,49.60863,2
5951,5.07506,49.60898,2
5952,5.07871,49.61138,2
5953,5.07525,49.60902,2
5954,5.07576,49.60919,2
5955,5.0756,49.60921,2
5956,5.07542,49.60863,2
5957,5.07576,49.60919,2
5958,5.07871,49.61138,2
5959,5.07399,49.61065,2
5960,5.07576,49.60919,2
5961,5.10258,49.56478,2
5962,5.07691,49.60836,2
5963,5.10258,49.56478,2
5964,5.07616,49.61116,2
5965,5.07681,49.6083,2
5966,5.0767,49.60824,2
5967,5.07584,49.61126,2
5968,5.0766,49.60818,2
5969,5.0765,49.60812,2
5970,5.0764,49.60806,2
5971,5.0762,49.61233,2
5972,5.07657,49.608,2
5973,5.0762,49.61233,2
5974,5.07678,49.60813,2
5975,5.07718,49.6118,2
5976,5.07698,49.60825,2
5977,5.07735,49.61176,2
5978,5.07713,49.60833,2
5979,5.082448,49.61085,2
5980,5.07734,49.60845,2
5981,5.07724,49.60839,2
5982,5.07745,49.6085,2
5983,5.09605,49.60733,2
5984,5.07715,49.60827,2
5985,5.07944,49.60914,2
5986,5.07736,49.6086,2
5987,5.07729,49.60856,2
5988,5.07721,49.60853,2
5989,5.0861,49.60539,2
5990,5.07714,49.60849,2
5991,5.07707,49.60845,2
5992,5.09054,49.60368,2
5993,5.077,49.60842,2
5994,5.103652,49.574662,2
5995,5.0767,49.60824,2
5996,5.09873,49.59386,2
5997,5.0766,49.60818,2
5998,5.09873,49.59386,2
5999,5.07542,49.60863,2
6000,5.07334,49.56026,2
6001,5.07576,49.60919,2
6002,5.0765,49.60812,2
6003,5.07346,49.61189,2
6004,5.0765,49.60812,2
6005,5.0764,49.60806,2
6006,5.07645,49.614023,2
6007,5.07714,49.61114,2
6008,5.077738,49.618182,2
6009,5.07741,49.61118,2
6010,5.07768,49.61121,2
6011,5.07795,49.61125,2
6012,5.09331,49.60788,2
6013,5.078,49.61128,2
6014,5.07798,49.61143,2
6015,5.07796,49.61158,2
6016,5.07794,49.61173,2
6017,5.07794,49.61188,2
6018,5.07581,49.61065,2
6019,5.07812,49.61185,2
6020,5.07812,49.61171,2
6021,5.07814,49.61157,2
6022,5.07816,49.61143,2
6023,5.07818,49.61129,2
6024,5.07814,49.61128,2
6025,5.0784,49.61135,2
6026,5.07881,49.61146,2
6027,5.07912,49.61165,2
6028,5.07919,49.61174,2
6029,5.07908,49.61182,2
6030,5.07898,49.61189,2
6031,5.07887,49.61197,2
6032,5.07877,49.61204,2
6033,5.07872,49.61214,2
6034,5.09778,49.60687,2
6035,5.07888,49.61221,2
6036,5.07903,49.61202,2
6037,5.07926,49.61186,2
6038,5.07946,49.61177,2
6039,5.0797,49.61171,2
6040,5.07952,49.61163,2
6041,5.07926,49.61158,2
6042,5.07893,49.61137,2
6043,5.07849,49.61124,2
6044,5.07715,49.60588,2
6045,5.07841,49.61116,2
6046,5.07715,49.60588,2
6047,5.07819,49.61117,2
6048,5.07758,49.61108,2
6049,5.07724,49.61108,2
6050,5.07762,49.611,2
6051,5.07799,49.61091,2
6052,5.07837,49.61083,2
6053,5.0787,49.61076,2
6054,5.07897,49.6107,2
6055,5.07924,49.61065,2
6056,5.08009,49.6104,2
6057,5.08021,49.6112,2
6058,5.08009,49.6104,2
6059,5.07979,49.61053,2
6060,5.0801,49.61047,2
6061,5.0804,49.6104,2
6062,5.0807,49.61033,2
6063,5.08101,49.61027,2
6064,5.08131,49.6102,2
6065,5.08161,49.61013,2
6066,5.08191,49.61007,2
6067,5.082241,49.610342,2
6068,5.082241,49.610342,2
6069,5.082241,49.610342,2
6070,5.082302,49.610458,2
6071,5.075459,49.615915,2
6072,5.0813,49.61014,2
6073,5.0813,49.61014,2
6074,5.0813,49.61014,2
6075,5.08022,49.61006,2
6076,5.08022,49.61006,2
6077,5.08022,49.61006,2
6078,5.08022,49.61006,2
6079,5.08022,49.61006,2
6080,5.08022,49.61006,2
6081,5.08022,49.61006,2
6082,5.08022,49.61006,2
6083,5.08022,49.61006,2
6084,5.08022,49.61006,2
6085,5.08022,49.61006,2
6086,5.08022,49.61006,2
6087,5.08022,49.61006,2
6088,5.08022,49.61006,2
6089,5.08022,49.61006,2
6090,5.08022,49.61006,2
6091,5.08022,49.61006,2
6092,5.08022,49.61006,2
6093,5.08022,49.61006,2
6094,5.08022,49.61006,2
6095,5.08022,49.61006,2
6096,5.08022,49.61006,2
6097,5.08022,49.61006,2
6098,5.08022,49.61006,2
6099,5.08022,49.61006,2
6100,5.08022,49.61006,2
6101,5.08022,49.61006,2
6102,5.08022,49.61006,2
6103,5.09873,49.59386,2
6104,5.08022,49.61006,2
6105,5.08022,49.61006,2
6106,5.08022,49.61006,2
6107,5.08022,49.61006,2
6108,5.08022,49.61006,2
6109,5.08022,49.61006,2
6110,5.08022,49.61006,2
6111,5.08022,49.61006,2
6112,5.08022,49.61006,2
6113,5.08022,49.61006,2
6114,5.08022,49.61006,2
6115,5.07866,49.61016,2
6116,5.0796,49.6108,2
6117,5.07888,49.61001,2
6118,5.07922,49.60977,2
6119,5.07931,49.60971,2
6120,5.07941,49.60964,2
6121,5.0795,49.60958,2
6122,5.07959,49.60951,2
6123,5.079381,49.610398,2
6124,5.079381,49.610398,2
6125,5.072461,49.61184,2
6126,5.07129,49.61253,2
6127,5.079381,49.610398,2
6128,5.079083,49.609992,2
6129,5.07209,49.61215,2
6130,5.07864,49.61001,2
6131,5.07408,49.60914,2
6132,5.07408,49.60914,2
6133,5.07875,49.60981,2
6134,5.07408,49.60914,2
6135,5.07866,49.61016,2
6136,5.07265,49.6118,2
6137,5.07265,49.6118,2
6138,5.07888,49.61001,2
6139,5.07408,49.60914,2
6140,5.07408,49.60914,2
6141,5.07922,49.60977,2
6142,5.0762,49.61233,2
6143,5.07702,49.60647,2
6144,5.07931,49.60971,2
6145,5.07408,49.60914,2
6146,5.07941,49.60964,2
6147,5.0727,49.61096,2
6148,5.0795,49.60958,2
6149,5.07254,49.61104,2
6150,5.07959,49.60951,2
6151,5.07237,49.61111,2
6152,5.07969,49.60945,2
6153,5.0722,49.61119,2
6154,5.07978,49.60938,2
6155,5.07204,49.61126,2
6156,5.07745,49.6085,2
6157,5.07187,49.61134,2
6158,5.07987,49.60932,2
6159,5.0717,49.61142,2
6160,5.07997,49.60925,2
6161,5.07159,49.61132,2
6162,5.08006,49.60919,2
6163,5.07174,49.61126,2
6164,5.07188,49.61119,2
6165,5.08015,49.60912,2
6166,5.07203,49.61113,2
6167,5.0813,49.61014,2
6168,5.07217,49.61106,2
6169,5.07998,49.60907,2
6170,5.07232,49.61099,2
6171,5.07981,49.60919,2
6172,5.07247,49.61093,2
6173,5.07963,49.60931,2
6174,5.07261,49.61086,2
6175,5.07946,49.60943,2
6176,5.07174,49.61048,2
6177,5.07929,49.60955,2
6178,5.07174,49.61048,2
6179,5.07912,49.60967,2
6180,5.07174,49.61048,2
6181,5.07888,49.61001,2
6182,5.07174,49.61048,2
6183,5.07866,49.61016,2
6184,5.07894,49.60979,2
6185,5.07174,49.61048,2
6186,5.07864,49.61001,2
6187,5.07875,49.60981,2
6188,5.07174,49.61048,2
6189,5.07878,49.6104,2
6190,5.07715,49.60588,2
6191,5.07174,49.61048,2
6192,5.07826,49.61059,2
6193,5.07878,49.6104,2
6194,5.07174,49.61048,2
6195,5.07944,49.60914,2
6196,5.07953,49.60918,2
6197,5.07174,49.61048,2
6198,5.07808,49.61018,2
6199,5.07786,49.61068,2
6200,5.07174,49.61048,2
6201,5.07747,49.61065,2
6202,5.07786,49.61068,2
6203,5.0707,49.61012,2
6204,5.07806,49.61063,2
6205,5.08009,49.6104,2
6206,5.0707,49.61012,2
6207,5.08009,49.6104,2
6208,5.08009,49.6104,2
6209,5.0707,49.61012,2
6210,5.08009,49.6104,2
6211,5.08009,49.6104,2
6212,5.0707,49.61012,2
6213,5.08408,49.60809,2
6214,5.08009,49.6104,2
6215,5.0707,49.61012,2
6216,5.0796,49.6108,2
6217,5.08291,49.60947,2
6218,5.0707,49.61012,2
6219,5.08175,49.60998,2
6220,5.0707,49.61012,2
6221,5.08125,49.61009,2
6222,5.0813,49.61014,2
6223,5.0707,49.61012,2
6224,5.08074,49.6102,2
6225,5.0707,49.61012,2
6226,5.08034,49.61029,2
6227,5.08004,49.61036,2
6228,5.0707,49.61012,2
6229,5.07974,49.61042,2
6230,5.0707,49.61012,2
6231,5.08074,49.6102,2
6232,5.0707,49.61012,2
6233,5.07974,49.61042,2
6234,5.08223,49.60996,2
6235,5.0707,49.61012,2
6236,5.0825,49.60982,2
6237,5.08277,49.60969,2
6238,5.0707,49.61012,2
6239,5.08304,49.60955,2
6240,5.08329,49.6094,2
6241,5.0707,49.61012,2
6242,5.08329,49.6094,2
6243,5.08304,49.60955,2
6244,5.0707,49.61012,2
6245,5.08351,49.60923,2
6246,5.0707,49.61012,2
6247,5.08351,49.60923,2
6248,5.08373,49.60906,2
6249,5.0707,49.61012,2
6250,5.08009,49.6104,2
6251,5.0707,49.61012,2
6252,5.08424,49.60921,2
6253,5.08009,49.6104,2
6254,5.0707,49.61012,2
6255,5.08009,49.6104,2
6256,5.08009,49.6104,2
6257,5.0707,49.61012,2
6258,5.08009,49.6104,2
6259,5.08009,49.6104,2
6260,5.0707,49.61012,2
6261,5.08009,49.6104,2
6262,5.08009,49.6104,2
6263,5.0707,49.61012,2
6264,5.0906,49.60799,2
6265,5.08502,49.60678,2
6266,5.0707,49.61012,2
6267,5.08579,49.60714,2
6268,5.08579,49.60714,2
6269,5.0707,49.61012,2
6270,5.08674,49.60741,2
6271,5.08807,49.60767,2
6272,5.0707,49.61012,2
6273,5.0898,49.60791,2
6274,5.09157,49.60797,2
6275,5.0707,49.61012,2
6276,5.09545,49.60737,2
6277,5.09569,49.6073,2
6278,5.0707,49.61012,2
6279,5.0906,49.60799,2
6280,5.0707,49.61012,2
6281,5.09594,49.60724,2
6282,5.0707,49.61012,2
6283,5.0707,49.61012,2
6284,5.101212,49.60672,2
6285,5.100921,49.605927,2
6286,5.0707,49.61012,2
6287,5.101205,49.605821,2
6288,4.3638,49.51424,2
6289,4.3629,49.51226,2
6290,4.3638,49.51424,2
6291,4.36298,49.51217,2
6292,4.3638,49.51424,2
6293,4.36298,49.51217,2
6294,4.3638,49.51424,2
6295,4.36377,49.51216,2
6296,4.3638,49.51424,2
6297,4.36306,49.51209,2
6298,4.36321,49.51191,2
6299,4.3638,49.51424,2
6300,4.36321,49.51191,2
6301,4.36321,49.51191,2
6302,4.3638,49.51424,2
6303,4.36256,49.51269,2
6304,4.36326,49.51184,2
6305,4.36256,49.51269,2
6306,4.3638,49.51424,2
6307,4.36329,49.5118,2
6308,4.36256,49.51269,2
6309,4.36336,49.51171,2
6310,4.36256,49.51269,2
6311,4.3638,49.51424,2
6312,4.36336,49.51171,2
6313,4.3638,49.51424,2
6314,4.36339,49.51166,2
6315,4.3638,49.51424,2
6316,4.36342,49.51162,2
6317,4.36353,49.51165,2
6318,4.3638,49.51424,2
6319,4.36381,49.51179,2
6320,4.36256,49.51269,2
6321,4.36381,49.51179,2
6322,4.3638,49.51424,2
6323,4.36403,49.51194,2
6324,4.36403,49.51194,2
6325,4.36403,49.51194,2
6326,4.36403,49.51194,2
6327,4.3636,49.51234,2
6328,4.3636,49.51234,2
6329,4.36407,49.51198,2
6330,4.3636,49.51234,2
6331,4.3636,49.51234,2
6332,4.3636,49.51234,2
6333,4.3636,49.51234,2
6334,4.36407,49.51198,2
6335,4.3636,49.51234,2
6336,4.3636,49.51234,2
6337,4.3636,49.51234,2
6338,4.381967,49.508965,2
6339,4.36377,49.51216,2
6340,4.3636,49.51234,2
6341,4.3636,49.51234,2
6342,4.3636,49.51234,2
6343,4.36377,49.51216,2
6344,4.36419,49.51206,2
6345,4.36422,49.51208,2
6346,4.36404,49.51216,2
6347,4.36389,49.51225,2
6348,4.36389,49.51225,2
6349,4.36374,49.51234,2
6350,4.36358,49.51243,2
6351,4.3636,49.51234,2
6352,4.3636,49.51234,2
6353,4.36343,49.51252,2
6354,4.36399,49.51181,2
6355,4.36422,49.5119,2
6356,4.36422,49.5119,2
6357,4.36422,49.5119,2
6358,4.36422,49.5119,2
6359,4.36422,49.5119,2
6360,4.36422,49.5119,2
6361,4.36449,49.51163,2
6362,4.36449,49.51163,2
6363,4.36449,49.51163,2
6364,4.36449,49.51163,2
6365,4.36449,49.51163,2
6366,4.36449,49.51163,2
6367,4.364,49.51175,2
6368,4.36411,49.51182,2
6369,4.36411,49.51182,2
6370,4.364,49.51175,2
6371,4.36389,49.51167,2
6372,4.36389,49.51167,2
6373,4.36389,49.51167,2
6374,4.36407,49.51344,2
6375,4.36407,49.51344,2
6376,4.36407,49.51344,2
6377,4.36407,49.51344,2
6378,4.36407,49.51344,2
6379,4.36407,49.51344,2
6380,4.36407,49.51344,2
6381,4.36407,49.51344,2
6382,4.36407,49.51344,2
6383,4.36407,49.51344,2
6384,4.36414,49.51338,2
6385,4.36385,49.5132,2
6386,4.36443,49.51356,2
6387,4.36407,49.51344,2
6388,4.36362,49.51134,2
6389,4.3637,49.51122,2
6390,4.36381,49.51112,2
6391,4.36381,49.51112,2
6392,4.36381,49.51112,2
6393,4.36381,49.51112,2
6394,4.36399,49.51111,2
6395,4.36399,49.51111,2
6396,4.36399,49.51111,2
6397,4.36399,49.51111,2
6398,4.36403,49.51194,2
6399,4.36399,49.51111,2
6400,4.36399,49.51111,2
6401,4.36449,49.51163,2
6402,4.36449,49.51163,2
6403,4.36316,49.51253,2
6404,4.36399,49.51111,2
6405,4.36454,49.51176,2
6406,4.36454,49.51176,2
6407,4.36454,49.51176,2
6408,4.36454,49.51176,2
6409,4.36455,49.51203,2
6410,4.36451,49.51217,2
6411,4.36456,49.51235,2
6412,4.36485,49.51253,2
6413,4.36425,49.51386,2
6414,4.36603,49.51269,2
6415,4.36645,49.51281,2
6416,4.36672,49.51302,2
6417,4.36519,49.51264,2
6418,4.36709,49.51302,2
6419,4.36731,49.51312,2
6420,4.36666,49.51287,2
6421,4.36666,49.51287,2
6422,4.36523,49.51253,2
6423,4.36569,49.51261,2
6424,4.36637,49.51292,2
6425,4.36686,49.51293,2
6426,4.36603,49.51281,2
6427,4.36689,49.5133,2
6428,4.36564,49.51272,2
6429,4.36507,49.51321,2
6430,4.3658,49.51287,2
6431,4.3655,49.51327,2
6432,4.36589,49.51352,2
6433,4.36572,49.51358,2
6434,4.36588,49.51368,2
6435,4.36563,49.51344,2
6436,4.36514,49.51333,2
6437,4.36485,49.51335,2
6438,4.36464,49.5135,2
6439,4.36482,49.51354,2
6440,4.36481,49.51366,2
6441,4.36464,49.5135,2
6442,4.36513,49.51386,2
6443,4.36545,49.51406,2
6444,4.36545,49.51406,2
6445,4.36507,49.51389,2
6446,4.36542,49.5142,2
6447,4.36528,49.51411,2
6448,4.36514,49.51403,2
6449,4.36501,49.51394,2
6450,4.36487,49.51386,2
6451,4.36961,49.51647,2
6452,4.36474,49.51378,2
6453,4.36463,49.51368,2
6454,4.36431,49.5139,2
6455,4.36397,49.5141,2
6456,4.36407,49.51416,2
6457,4.36417,49.51422,2
6458,4.36427,49.51428,2
6459,4.36437,49.51434,2
6460,4.36446,49.5144,2
6461,4.36456,49.51446,2
6462,4.36497,49.51557,2
6463,4.365,49.51533,2
6464,4.36479,49.51542,2
6465,4.36483,49.51522,2
6466,4.36502,49.51502,2
6467,4.36521,49.51483,2
6468,4.36539,49.51463,2
6469,4.36558,49.51443,2
6470,4.36577,49.51424,2
6471,4.36559,49.51473,2
6472,4.36578,49.51453,2
6473,4.36598,49.51433,2
6474,4.36596,49.51404,2
6475,4.36652,49.51378,2
6476,4.36662,49.51369,2
6477,4.36666,49.51385,2
6478,4.36677,49.51375,2
6479,4.38212,49.50988,2
6480,4.36672,49.51359,2
6481,4.36637,49.51393,2
6482,4.36689,49.5133,2
6483,4.36788,49.51313,2
6484,4.36576,49.51467,2
6485,4.36831,49.51298,2
6486,4.36893,49.51419,2
6487,4.36877,49.51423,2
6488,4.36877,49.51423,2
6489,4.36877,49.51423,2
6490,4.36877,49.51423,2
6491,4.36877,49.51423,2
6492,4.36893,49.51419,2
6493,4.36893,49.51419,2
6494,4.36893,49.51419,2
6495,4.36893,49.51419,2
6496,4.36893,49.51419,2
6497,4.36909,49.51416,2
6498,4.36909,49.51416,2
6499,4.36868,49.51431,2
6500,4.36909,49.51416,2
6501,4.36909,49.51416,2
6502,4.36909,49.51416,2
6503,4.37048,49.51675,2
6504,4.36877,49.51423,2
6505,4.37048,49.51675,2
6506,4.37048,49.51675,2
6507,4.37048,49.51675,2
6508,4.37048,49.51675,2
6509,4.36907,49.51428,2
6510,4.36907,49.51428,2
6511,4.36907,49.51428,2
6512,4.36907,49.51428,2
6513,4.36907,49.51428,2
6514,4.36907,49.51428,2
6515,4.36907,49.51428,2
6516,4.36907,49.51428,2
6517,4.36907,49.51428,2
6518,4.36907,49.51428,2
6519,4.36913,49.51463,2
6520,4.36922,49.51491,2
6521,4.36922,49.51491,2
6522,4.36922,49.51491,2
6523,4.36922,49.51491,2
6524,4.36922,49.51491,2
6525,4.36922,49.51491,2
6526,4.36922,49.51491,2
6527,4.36922,49.51491,2
6528,4.36339,49.51166,2
6529,4.36944,49.51546,2
6530,4.36864,49.51557,2
6531,4.36989,49.51617,2
6532,4.37008,49.51641,2
6533,4.37048,49.51675,2
6534,4.37015,49.51655,2
6535,4.382494,49.509396,2
6536,4.37063,49.51683,2
6537,4.3707,49.51691,2
6538,4.3705,49.51667,2
6539,4.37057,49.51675,2
6540,4.36996,49.51654,2
6541,4.37037,49.51651,2
6542,4.37044,49.51659,2
6543,4.36961,49.51647,2
6544,4.37017,49.51643,2
6545,4.36998,49.51642,2
6546,4.36961,49.51647,2
6547,4.36915,49.51637,2
6548,4.36915,49.51637,2
6549,4.36955,49.51634,2
6550,4.36869,49.51627,2
6551,4.37194,49.51649,2
6552,4.37411,49.51644,2
6553,4.37411,49.51644,2
6554,4.37411,49.51644,2
6555,4.37411,49.51644,2
6556,4.37411,49.51644,2
6557,4.37017,49.51609,2
6558,4.37411,49.51644,2
6559,4.37411,49.51644,2
6560,4.37411,49.51644,2
6561,4.37411,49.51644,2
6562,4.36905,49.51737,2
6563,4.37059,49.51706,2
6564,4.37039,49.51711,2
6565,4.3636,49.51234,2
6566,4.37017,49.51703,2
6567,4.3636,49.51234,2
6568,4.36914,49.51692,2
6569,4.3636,49.51234,2
6570,4.37015,49.51714,2
6571,4.36995,49.51713,2
6572,4.36996,49.51702,2
6573,4.3647,49.51244,2
6574,4.36976,49.51701,2
6575,4.36975,49.51712,2
6576,4.36954,49.51709,2
6577,4.36961,49.51699,2
6578,4.36877,49.51423,2
6579,4.36946,49.51695,2
6580,4.36909,49.51416,2
6581,4.36939,49.51705,2
6582,4.37048,49.51675,2
6583,4.36923,49.51701,2
6584,4.36907,49.51428,2
6585,4.36913,49.51463,2
6586,4.36908,49.51697,2
6587,4.36893,49.51693,2
6588,4.36877,49.51689,2
6589,4.36862,49.51685,2
6590,4.3693,49.51691,2
6591,4.36915,49.51687,2
6592,4.36899,49.51683,2
6593,4.36884,49.51679,2
6594,4.36868,49.51675,2
6595,4.36805,49.51721,2
6596,4.36855,49.51672,2
6597,4.36848,49.51671,2
6598,4.36841,49.5167,2
6599,4.3638,49.51424,2
6600,4.36834,49.51669,2
6601,4.3638,49.51424,2
6602,4.3638,49.51424,2
6603,4.36827,49.51668,2
6604,4.3638,49.51424,2
6605,4.36914,49.51692,2
6606,4.3638,49.51424,2
6607,4.36819,49.51667,2
6608,4.36807,49.51678,2
6609,4.36811,49.51687,2
6610,4.36814,49.51695,2
6611,4.36845,49.51684,2
6612,4.36838,49.51699,2
6613,4.36831,49.51714,2
6614,4.36862,49.51687,2
6615,4.36855,49.51702,2
6616,4.36848,49.51717,2
6617,4.36818,49.51703,2
6618,4.36822,49.51712,2
6619,4.36825,49.5172,2
6620,4.36812,49.5171,2
6621,4.36758,49.51696,2
6622,4.36733,49.51703,2
6623,4.36733,49.51703,2
6624,4.36703,49.5169,2
6625,4.36751,49.51707,2
6626,4.36692,49.51667,2
6627,4.36769,49.51712,2
6628,4.36787,49.51717,2
6629,4.36823,49.51726,2
6630,4.36836,49.5173,2
6631,4.36853,49.51733,2
6632,4.36844,49.51719,2
6633,4.36268,49.51252,2
6634,4.36867,49.51724,2
6635,4.36313,49.512,2
6636,4.36875,49.51738,2
6637,4.36306,49.51209,2
6638,4.36897,49.51742,2
6639,4.36306,49.51209,2
6640,4.36907,49.51732,2
6641,4.36326,49.51184,2
6642,4.36329,49.5118,2
6643,4.36947,49.5174,2
6644,4.36342,49.51162,2
6645,4.36919,49.51746,2
6646,4.36893,49.51419,2
6647,4.36422,49.5119,2
6648,4.36941,49.5175,2
6649,4.36454,49.51176,2
6650,4.36974,49.51735,2
6651,4.36357,49.5114,2
6652,4.36993,49.51724,2
6653,4.36357,49.5114,2
6654,4.36963,49.51754,2
6655,4.36362,49.51134,2
6656,4.36982,49.51746,2
6657,4.36366,49.51128,2
6658,4.36995,49.51739,2
6659,4.37008,49.51731,2
6660,4.36381,49.51112,2
6661,4.36375,49.51116,2
6662,4.37011,49.51734,2
6663,4.36403,49.51107,2
6664,4.37032,49.51746,2
6665,4.36407,49.51122,2
6666,4.36394,49.51089,2
6667,4.37056,49.51756,2
6668,4.37054,49.51774,2
6669,4.36454,49.51176,2
6670,4.36454,49.51176,2
6671,4.36425,49.51386,2
6672,4.36485,49.51253,2
6673,4.36367,49.51416,2
6674,4.36425,49.51386,2
6675,4.36687,49.51366,2
6676,4.36672,49.51359,2
6677,4.36913,49.51463,2
6678,4.36913,49.51463,2
6679,4.36922,49.51491,2
6680,4.36922,49.51491,2
6681,4.36408,49.51288,2
6682,4.36408,49.51288,2
6683,4.36909,49.5156,2
6684,4.36399,49.51144,2
6685,4.3638,49.51424,2
6686,4.3638,49.51424,2
6687,4.3638,49.51424,2
6688,4.3638,49.51424,2
6689,4.36298,49.51217,2
6690,4.3638,49.51424,2
6691,4.3638,49.51424,2
6692,4.3638,49.51424,2
6693,4.3638,49.51424,2
6694,4.3638,49.51424,2
6695,4.3638,49.51424,2
6696,4.3638,49.51424,2
6697,4.3638,49.51424,2
6698,4.3638,49.51424,2
6699,4.3638,49.51424,2
6700,4.36381,49.51112,2
6701,4.3638,49.51424,2
6702,4.3638,49.51424,2
6703,4.3638,49.51424,2
6704,4.3638,49.51424,2
6705,4.3638,49.51424,2
6706,4.3638,49.51424,2
6707,4.3638,49.51424,2
6708,4.3638,49.51424,2
6709,4.3638,49.51424,2
6710,4.3638,49.51424,2
6711,4.3638,49.51424,2
6712,4.3638,49.51424,2
6713,4.3638,49.51424,2
6714,4.3638,49.51424,2
6715,4.3638,49.51424,2
6716,4.3638,49.51424,2
6717,4.3638,49.51424,2
6718,4.3638,49.51424,2
6719,4.3638,49.51424,2
6720,4.3638,49.51424,2
6721,4.3638,49.51424,2
6722,4.3638,49.51424,2
6723,4.36201,49.51315,2
6724,4.3638,49.51424,2
6725,4.36206,49.51311,2
6726,4.3638,49.51424,2
6727,4.36211,49.51307,2
6728,4.36216,49.51303,2
6729,4.3638,49.51424,2
6730,4.3622,49.51299,2
6731,4.3638,49.51424,2
6732,4.36225,49.51295,2
6733,4.3638,49.51424,2
6734,4.3623,49.51291,2
6735,4.3638,49.51424,2
6736,4.36236,49.51286,2
6737,4.3638,49.51424,2
6738,4.36243,49.5128,2
6739,4.3638,49.51424,2
6740,4.36249,49.51274,2
6741,4.36256,49.51269,2
6742,4.3638,49.51424,2
6743,4.36285,49.51313,2
6744,4.3638,49.51424,2
6745,4.36301,49.51332,2
6746,4.36318,49.51351,2
6747,4.3638,49.51424,2
6748,4.36334,49.5137,2
6749,4.3638,49.51424,2
6750,4.36407,49.51344,2
6751,4.3638,49.51424,2
6752,4.36273,49.51222,2
6753,4.36308,49.5133,2
6754,4.3638,49.51424,2
6755,4.36273,49.51267,2
6756,4.36275,49.51244,2
6757,4.3638,49.51424,2
6758,4.36275,49.51244,2
6759,4.3638,49.51424,2
6760,4.36283,49.51235,2
6761,4.3629,49.51226,2
6762,4.3638,49.51424,2
6763,4.36298,49.51217,2
6764,4.3629,49.51226,2
6765,4.3638,49.51424,2
6766,4.3629,49.51226,2
6767,4.3638,49.51424,2
6768,4.3629,49.51226,2
6769,4.3638,49.51424,2
6770,4.3629,49.51226,2
6771,4.3638,49.51424,2
6772,4.3629,49.51226,2
6773,4.70001,49.39771,2
6774,4.70001,49.39771,2
6775,4.70257,49.39799,2
6776,4.69995,49.39528,2
6777,4.69965,49.39708,2
6778,4.70049,49.39755,2
6779,4.70049,49.39755,2
6780,4.70128,49.39759,2
6781,4.69999,49.39816,2
6782,4.69976,49.39769,2
6783,4.700366,49.398688,2
6784,4.700365,49.39867,2
6785,4.700365,49.39867,2
6786,4.70142,49.39757,2
6787,4.69999,49.39864,2
6788,4.69979,49.39865,2
6789,4.70054,49.39832,2
6790,4.70054,49.39832,2
6791,4.69965,49.39708,2
6792,4.70054,49.39832,2
6793,4.70054,49.39832,2
6794,4.70041,49.39833,2
6795,4.70262,49.39744,2
6796,4.70041,49.39833,2
6797,4.70041,49.39833,2
6798,4.69998,49.39827,2
6799,4.69995,49.39834,2
6800,4.70054,49.39827,2
6801,4.69995,49.39834,2
6802,4.69995,49.39834,2
6803,4.69998,49.39827,2
6804,4.70015,49.39835,2
6805,4.69999,49.39816,2
6806,4.69999,49.3981,2
6807,4.69999,49.39816,2
6808,4.69999,49.39805,2
6809,4.7,49.39793,2
6810,4.70002,49.39757,2
6811,4.70002,49.39757,2
6812,4.70002,49.39757,2
6813,4.70054,49.39827,2
6814,4.70054,49.39827,2
6815,4.70065,49.39755,2
6816,4.70054,49.39827,2
6817,4.70065,49.39755,2
6818,4.70065,49.39755,2
6819,4.70142,49.39757,2
6820,4.70054,49.39827,2
6821,4.70054,49.39827,2
6822,4.70054,49.39827,2
6823,4.70054,49.39827,2
6824,4.70054,49.39827,2
6825,4.70054,49.39827,2
6826,4.70054,49.39827,2
6827,4.70054,49.39827,2
6828,4.70054,49.39827,2
6829,4.70054,49.39827,2
6830,4.70054,49.39827,2
6831,4.70091,49.39754,2
6832,4.70099,49.39762,2
6833,4.70103,49.39775,2
6834,4.70105,49.39781,2
6835,4.70105,49.39781,2
6836,4.70105,49.39781,2
6837,4.70107,49.39788,2
6838,4.701,49.39831,2
6839,4.7008,49.39853,2
6840,4.70145,49.39817,2
6841,4.70124,49.3983,2
6842,4.70124,49.3983,2
6843,4.7014,49.39829,2
6844,4.70124,49.3983,2
6845,4.7014,49.39829,2
6846,4.70124,49.3983,2
6847,4.7014,49.39829,2
6848,4.7014,49.39829,2
6849,4.70149,49.39828,2
6850,4.70165,49.39827,2
6851,4.70182,49.39827,2
6852,4.7019,49.39826,2
6853,4.7019,49.39826,2
6854,4.7019,49.39826,2
6855,4.7019,49.39826,2
6856,4.7019,49.39826,2
6857,4.70198,49.39826,2
6858,4.70174,49.39815,2
6859,4.70361,49.39738,2
6860,4.70227,49.39737,2
6861,4.70338,49.39734,2
6862,4.70338,49.39734,2
6863,4.70338,49.39734,2
6864,4.70317,49.39733,2
6865,4.7031,49.39733,2
6866,4.70338,49.39734,2
6867,4.70227,49.39737,2
6868,4.70331,49.39734,2
6869,4.70331,49.39734,2
6870,4.70324,49.39734,2
6871,4.7031,49.39733,2
6872,4.70303,49.39733,2
6873,4.70316,49.39745,2
6874,4.70316,49.39745,2
6875,4.70316,49.39745,2
6876,4.70289,49.39744,2
6877,4.7026,49.39732,2
6878,4.70257,49.39799,2
6879,4.70288,49.39733,2
6880,4.70343,49.39746,2
6881,4.70343,49.39746,2
6882,4.70343,49.39746,2
6883,4.70343,49.39746,2
6884,4.70343,49.39746,2
6885,4.70343,49.39746,2
6886,4.70222,49.39745,2
6887,4.70222,49.39745,2
6888,4.70267,49.39732,2
6889,4.70271,49.39744,2
6890,4.70267,49.39732,2
6891,4.70244,49.39744,2
6892,4.70257,49.39722,2
6893,4.70244,49.39744,2
6894,4.70244,49.39744,2
6895,4.70271,49.39744,2
6896,4.70262,49.39744,2
6897,4.70236,49.39631,2
6898,4.70236,49.39631,2
6899,4.70271,49.39744,2
6900,4.70227,49.39733,2
6901,4.70271,49.39744,2
6902,4.70191,49.39737,2
6903,4.70186,49.3975,2
6904,4.70191,49.39737,2
6905,4.70174,49.39739,2
6906,4.70174,49.39739,2
6907,4.70174,49.39739,2
6908,4.70186,49.3975,2
6909,4.70116,49.39749,2
6910,4.70197,49.39746,2
6911,4.70166,49.39741,2
6912,4.70166,49.39741,2
6913,4.70166,49.39741,2
6914,4.70142,49.39757,2
6915,4.70128,49.39759,2
6916,4.70132,49.39747,2
6917,4.70132,49.39747,2
6918,4.70132,49.39747,2
6919,4.70132,49.39747,2
6920,4.70098,49.39764,2
6921,4.70124,49.39748,2
6922,4.70124,49.39748,2
6923,4.70124,49.39748,2
6924,4.70124,49.39748,2
6925,4.70124,49.39748,2
6926,4.70116,49.39749,2
6927,4.70107,49.39751,2
6928,4.69992,49.39769,2
6929,4.70007,49.39769,2
6930,4.69976,49.39769,2
6931,4.69946,49.3977,2
6932,4.69946,49.3977,2
6933,4.69946,49.3977,2
6934,4.70257,49.39799,2
6935,4.69946,49.3977,2
6936,4.69946,49.3977,2
6937,4.69946,49.3977,2
6938,4.69851,49.39765,2
6939,4.6988,49.39851,2
6940,4.69882,49.39823,2
6941,4.69868,49.39841,2
6942,4.69897,49.39805,2
6943,4.69921,49.39801,2
6944,4.69921,49.39801,2
6945,4.69921,49.39801,2
6946,4.69929,49.39791,2
6947,4.69921,49.39801,2
6948,4.69921,49.39801,2
6949,4.69952,49.39759,2
6950,4.69955,49.39748,2
6951,4.69952,49.39759,2
6952,4.69857,49.39754,2
6953,4.70267,49.39732,2
6954,4.69857,49.39754,2
6955,4.69936,49.39752,2
6956,4.69937,49.39745,2
6957,4.69937,49.39745,2
6958,4.69939,49.39738,2
6959,4.69941,49.39731,2
6960,4.69941,49.39731,2
6961,4.69941,49.39731,2
6962,4.69941,49.39731,2
6963,4.69965,49.39708,2
6964,4.69941,49.39731,2
6965,4.69941,49.39731,2
6966,4.69952,49.39759,2
6967,4.69952,49.39759,2
6968,4.69976,49.39701,2
6969,4.69952,49.39759,2
6970,4.69976,49.39701,2
6971,4.69976,49.39701,2
6972,4.69963,49.39718,2
6973,4.69963,49.39718,2
6974,4.69963,49.39718,2
6975,4.69963,49.39718,2
6976,4.69963,49.39718,2
6977,4.69963,49.39718,2
6978,4.69963,49.39718,2
6979,4.69968,49.39697,2
6980,4.69965,49.39708,2
6981,4.69965,49.39708,2
6982,4.69971,49.39687,2
6983,4.6998,49.39721,2
6984,4.69976,49.39685,2
6985,4.69972,49.39672,2
6986,4.69972,49.39672,2
6987,4.69972,49.39672,2
6988,4.69972,49.39672,2
6989,4.69945,49.39718,2
6990,4.69972,49.39672,2
6991,4.69972,49.39672,2
6992,4.69972,49.39672,2
6993,4.70054,49.39827,2
6994,4.69977,49.39653,2
6995,4.70054,49.39827,2
6996,4.69946,49.39711,2
6997,4.69948,49.39704,2
6998,4.70112,49.39801,2
6999,4.69948,49.39704,2
7000,4.70115,49.3983,2
7001,4.69948,49.39704,2
7002,4.69948,49.39704,2
7003,4.69954,49.39684,2
7004,4.70253,49.39732,2
7005,4.69952,49.3969,2
7006,4.69921,49.39801,2
7007,4.69952,49.3969,2
7008,4.69952,49.3969,2
7009,4.70157,49.39742,2
7010,4.69982,49.39635,2
7011,4.6995,49.39697,2
7012,4.69982,49.39635,2
7013,4.69952,49.3969,2
7014,4.69964,49.39634,2
7015,4.69954,49.39671,2
7016,4.7,49.39579,2
7017,4.69986,49.39563,2
7018,4.6999,49.39546,2
7019,4.69986,49.39563,2
7020,4.69986,49.39563,2
7021,4.6999,49.39546,2
7022,4.6999,49.39546,2
7023,4.6999,49.39546,2
7024,4.6999,49.39546,2
7025,4.6999,49.39546,2
7026,4.6999,49.39546,2
7027,4.69992,49.39537,2
7028,4.69995,49.39528,2
7029,4.69997,49.39519,2
7030,4.69999,49.3951,2
7031,4.70011,49.39534,2
7032,4.70001,49.39502,2
7033,4.70227,49.39737,2
7034,4.70253,49.39743,2
7035,4.70086,49.39831,2
7036,4.69999,49.39864,2
7037,4.69985,49.39855,2
7038,4.69998,49.39827,2
7039,4.69999,49.39816,2
7040,4.69999,49.39805,2
7041,4.7,49.39788,2
7042,4.70001,49.39771,2
7043,4.70018,49.39757,2
7044,4.70034,49.39756,2
7045,4.70034,49.39756,2
7046,4.70054,49.39827,2
7047,4.70049,49.39755,2
7048,4.70054,49.39827,2
7049,4.70054,49.39827,2
7050,4.70065,49.39755,2
7051,4.70054,49.39827,2
7052,4.70054,49.39827,2
7053,4.70099,49.39752,2
7054,4.70103,49.39775,2
7055,4.70109,49.39794,2
7056,4.70114,49.39807,2
7057,4.70107,49.39831,2
7058,4.70159,49.39816,2
7059,4.70132,49.39829,2
7060,4.70267,49.39732,2
7061,4.70157,49.39828,2
7062,4.70173,49.39827,2
7063,4.7019,49.39826,2
7064,4.70054,49.39827,2
7065,4.70207,49.39825,2
7066,4.69995,49.39528,2
7067,4.70361,49.39738,2
7068,4.69995,49.39528,2
7069,4.69995,49.39528,2
7070,4.70324,49.39734,2
7071,4.70324,49.39734,2
7072,4.70317,49.39733,2
7073,4.7031,49.39733,2
7074,4.69965,49.39708,2
7075,4.70316,49.39745,2
7076,4.70298,49.39745,2
7077,4.70334,49.39746,2
7078,4.70274,49.39732,2
7079,4.70233,49.39745,2
7080,4.70253,49.39743,2
7081,4.70244,49.39744,2
7082,4.70271,49.39744,2
7083,4.70271,49.39744,2
7084,4.70227,49.39733,2
7085,4.70199,49.39735,2
7086,4.70157,49.39742,2
7087,4.70201,49.39747,2
7088,4.70174,49.39739,2
7089,4.70186,49.3975,2
7090,4.70182,49.39738,2
7091,4.70128,49.39759,2
7092,4.70128,49.39759,2
7093,4.70141,49.39745,2
7094,4.70107,49.39751,2
7095,4.69992,49.39769,2
7096,4.69969,49.39769,2
7097,4.69946,49.3977,2
7098,4.69856,49.39766,2
7099,4.69937,49.39781,2
7100,4.69926,49.39769,2
7101,4.6995,49.39757,2
7102,4.69857,49.39754,2
7103,4.69936,49.39752,2
7104,4.69941,49.39731,2
7105,4.69952,49.39759,2
7106,4.69957,49.39738,2
7107,4.69963,49.39718,2
7108,4.70253,49.39743,2
7109,4.69963,49.39718,2
7110,4.69948,49.39704,2
7111,4.69952,49.3969,2
7112,4.69994,49.39597,2
7113,4.69982,49.39577,2
7114,4.69986,49.39563,2
7115,4.69992,49.39537,2
7116,4.70249,49.39803,2
7117,4.70002,49.39765,2
7118,4.69968,49.39757,2
7119,4.70327,49.39766,2
7120,4.67554,49.61104,2
7121,4.66849,49.595594,2
7122,4.6694,49.59405,2
7123,4.66914,49.5931,2
7124,4.67013,49.59428,2
7125,4.67013,49.59428,2
7126,4.64777,49.58968,2
7127,4.656582,49.594556,2
7128,4.6441,49.59916,2
7129,4.6441,49.59916,2
7130,4.65188,49.60633,2
7131,4.71614,49.76814,2
7132,4.71504,49.76869,2
7133,4.70958,49.77129,2
7134,4.71467,49.76872,2
7135,4.71417,49.7683,2
7136,4.7229,49.76724,2
7137,4.7229,49.76724,2
7138,4.723768,49.765968,2
7139,4.72414,49.76658,2
7140,4.72436,49.76634,2
7141,4.72571,49.7666,2
7142,4.7283,49.76984,2
7143,4.728367,49.77027,2
7144,4.72792,49.76785,2
7145,4.72436,49.76634,2
7146,4.7229,49.76724,2
7147,4.72812,49.76988,2
7148,4.7229,49.76724,2
7149,4.72792,49.76785,2
7150,4.7229,49.76724,2
7151,4.7137,49.76934,2
7152,4.71346,49.76946,2
7153,4.72571,49.7666,2
7154,4.72697,49.76728,2
7155,4.72895,49.76919,2
7156,4.72882,49.76969,2
7157,4.520844,49.831475,2
7158,4.52126,49.82704,2
7159,4.52126,49.82704,2
7160,4.52126,49.82704,2
7161,4.52173,49.82618,2
7162,4.52126,49.82704,2
7163,4.52117,49.82687,2
7164,4.52126,49.82704,2
7165,4.52117,49.82687,2
7166,4.67567,49.79765,2
7167,4.67567,49.79765,2
7168,4.67502,49.79631,2
7169,4.67347,49.79835,2
7170,4.67563,49.79765,2
7171,4.67615,49.7986,2
7172,4.676629,49.798319,2
7173,4.69444,49.81158,2
7174,4.67563,49.79765,2
7175,4.67597,49.797263,2
7176,4.67563,49.79765,2
7177,4.67805,49.79528,2
7178,4.68017,49.79503,2
7179,4.68017,49.79503,2
7180,4.67563,49.79765,2
7181,4.67563,49.79765,2
7182,4.67589,49.79561,2
7183,4.68017,49.79503,2
7184,4.67805,49.79528,2
7185,4.47597,49.80019,2
7186,4.47597,49.80019,2
7187,4.473896,49.800476,2
7188,4.47597,49.80019,2
7189,4.4742,49.80187,2
7190,4.47649,49.79997,2
7191,4.459131,49.79883,2
7192,4.51023,49.80912,2
7193,4.46814,49.79966,2
7194,4.472668,49.8003,2
7195,4.82428,50.13764,2
7196,4.82321,50.13784,2
7197,4.82416,50.13769,2
7198,4.82658,50.13635,2
7199,4.82558,50.13705,2
7200,4.82428,50.13764,2
7201,4.825,50.13739,2
7202,4.82526,50.13708,2
7203,4.82567,50.1374,2
7204,4.82526,50.13708,2
7205,4.82538,50.13717,2
7206,4.82814,50.13746,2
7207,4.82658,50.13749,2
7208,4.82658,50.13635,2
7209,4.82818,50.13702,2
7210,4.82671,50.13635,2
7211,4.82658,50.1385,2
7212,4.82577,50.13693,2
7213,4.82658,50.13749,2
7214,4.67009,49.62741,2
7215,4.66936,49.62738,2
7216,4.66936,49.62738,2
7217,4.671277,49.627257,2
7218,4.680793,49.620622,2
7219,4.678093,49.622058,2
7220,4.67009,49.62741,2
7221,4.53795,49.81708,2
7222,4.5418,49.8221,2
7223,4.53795,49.81708,2
7224,4.53151,49.81831,2
7225,4.53795,49.81708,2
7226,4.53795,49.81708,2
7227,4.53787,49.81669,2
7228,4.53795,49.81708,2
7229,4.52684,49.79919,2
7230,4.65893,49.6413,2
7231,4.66001,49.64172,2
7232,4.53056,49.78084,2
7233,4.538464,49.777566,2
7234,4.533484,49.78142,2
7235,4.53371,49.781514,2
7236,4.53056,49.78084,2
7237,4.52995,49.78148,2
7238,4.55218,49.78439,2
7239,4.54392,49.7876,2
7240,4.54392,49.7876,2
7241,4.53224,49.78087,2
7242,4.55218,49.78439,2
7243,4.43345,49.77651,2
7244,4.63674,49.93028,2
7245,4.64102,49.93133,2
7246,4.6411,49.93454,2
7247,4.64133,49.93468,2
7248,4.64094,49.93201,2
7249,4.63759,49.93273,2
7250,4.624705,49.930264,2
7251,4.63026,49.93649,2
7252,4.633634,49.939706,2
7253,4.622984,49.929425,2
7254,4.622984,49.929425,2
7255,4.64094,49.93201,2
7256,4.63891,49.93333,2
7257,4.49141,49.78777,2
7258,4.49141,49.78777,2
7259,4.493044,49.787948,2
7260,4.49972,49.78506,2
7261,4.49141,49.78777,2
7262,4.49235,49.78793,2
7263,4.49235,49.78793,2
7264,4.4905,49.78978,2
7265,4.4976,49.78696,2
7266,4.4976,49.78696,2
7267,4.49773,49.79017,2
7268,4.49461,49.78819,2
7269,4.50097,49.78299,2
7270,4.49972,49.78506,2
7271,4.49855,49.78506,2
7272,4.49141,49.78777,2
7273,4.4976,49.78696,2
7274,4.4905,49.78978,2
7275,5.07265,49.6118,2
7276,5.07174,49.61048,2
7277,5.0707,49.61012,2
7278,5.0707,49.61012,2
7279,5.07265,49.6118,2
7280,5.07265,49.6118,2
7281,5.07265,49.6118,2
7282,5.07265,49.6118,2
7283,5.0762,49.61233,2
7284,5.07581,49.61065,2
7285,5.07576,49.60919,2
7286,5.07871,49.61138,2
7287,5.08009,49.6104,2
7288,5.08009,49.6104,2
7289,5.07814,49.61054,2
7290,5.084586,49.606892,2
7291,5.10085,49.60681,2
7292,5.084482,49.605996,2
7293,5.09873,49.59386,2
7294,5.07715,49.60588,2
7295,5.07408,49.60914,2
7296,5.07377,49.6117,2
7297,5.094725,49.607704,2
7298,5.10085,49.60681,2
7299,5.07997,49.60874,2
7300,5.07478,49.61035,2
7301,5.07521,49.61069,2
7302,5.087519,49.604857,2
7303,5.090896,49.603118,2
7304,4.3636,49.51234,2
7305,4.36576,49.51467,2
7306,4.36286,49.51217,2
7307,4.36407,49.51198,2
7308,4.36464,49.51175,2
7309,4.36576,49.51467,2
7310,4.36576,49.51467,2
7311,4.36922,49.51491,2
7312,4.37048,49.51675,2
7313,4.36913,49.51463,2
7314,4.36844,49.517,2
7315,4.36464,49.51175,2
7316,4.36425,49.51386,2
7317,4.36576,49.51467,2
7318,4.37008,49.51641,2
7319,4.70054,49.39827,2
7320,4.70054,49.39827,2
7321,4.70054,49.39827,2
7322,4.70002,49.39765,2
7323,4.69991,49.3988,2
7324,4.7,49.39799,2
7325,4.70054,49.39827,2
7326,4.70054,49.39827,2
7327,4.70324,49.39734,2
7328,4.70324,49.39734,2
7329,4.70158,49.39262,2
7330,4.70158,49.39262,2
7331,4.69976,49.39596,2
7332,4.70041,49.39833,2
7333,4.69998,49.39822,2
7334,4.70091,49.39754,2
7335,4.70131,49.39818,2
7336,4.70131,49.39818,2
7337,4.7031,49.39733,2
7338,4.70288,49.39733,2
7339,4.70281,49.39732,2
7340,4.70171,49.39752,2
7341,4.70113,49.39762,2
7342,4.70099,49.39762,2
7343,4.69985,49.39757,2
7344,4.69935,49.39651,2
7345,4.69935,49.39651,2
7346,4.69994,49.39597,2
