"ID","Longitude","Latitude","ServiceTime (min)"
82685,4.73073,49.75011,2
82686,4.73088,49.75058,2
82687,4.72944,49.74986,2
82688,4.72944,49.74991,2
82689,4.72906,49.74978,2
82690,4.72652,49.74866,2
82691,4.72661,49.74864,2
82692,4.7267,49.74862,2
82693,4.72697,49.74857,2
82694,4.72706,49.74855,2
82695,4.72724,49.74851,2
82696,4.72743,49.74847,2
82697,4.7277,49.74842,2
82698,4.72779,49.7484,2
82699,4.72806,49.74835,2
82700,4.72815,49.74833,2
82701,4.7283,49.7483,2
82702,4.7283,49.7483,2
82703,4.7283,49.7483,2
82704,4.72837,49.74829,2
82705,4.72843,49.74828,2
82706,4.7285,49.74826,2
82707,4.72857,49.74825,2
82708,4.72863,49.74824,2
82709,4.72863,49.74824,2
82710,4.7287,49.74822,2
82711,4.72883,49.7482,2
82712,4.7289,49.74819,2
82713,4.7298,49.748,2
82714,4.73038,49.74772,2
82715,4.73023,49.74791,2
82716,4.73036,49.74731,2
82717,4.73033,49.74649,2
82718,4.73026,49.74568,2
82719,4.72998,49.74531,2
82720,4.72968,49.74495,2
82721,4.72993,49.74501,2
82722,4.73041,49.7456,2
82723,4.73056,49.7476,2
82724,4.73007,49.74807,2
82725,4.72931,49.74822,2
82726,4.72918,49.74825,2
82727,4.72862,49.74836,2
82728,4.72862,49.74836,2
82729,4.72847,49.74839,2
82730,4.7282,49.74844,2
82731,4.7282,49.74844,2
82732,4.72877,49.74959,2
82733,4.72811,49.74846,2
82734,4.72801,49.74848,2
82735,4.72801,49.74848,2
82736,4.72801,49.74848,2
82737,4.72801,49.74848,2
82738,4.72792,49.7485,2
82739,4.72792,49.7485,2
82740,4.72782,49.74852,2
82741,4.72782,49.74852,2
82742,4.72782,49.74852,2
82743,4.72772,49.74854,2
82744,4.72753,49.74857,2
82745,4.72744,49.74859,2
82746,4.72744,49.74859,2
82747,4.72744,49.74859,2
82748,4.72734,49.74861,2
82749,4.72725,49.74863,2
82750,4.72686,49.74871,2
82751,4.72648,49.74879,2
82752,4.72648,49.74879,2
82753,4.72816,49.74844,2
82754,4.7282,49.74852,2
82755,4.72825,49.7486,2
82756,4.72838,49.74885,2
82757,4.72842,49.74893,2
82758,4.72842,49.74893,2
82759,4.72846,49.74901,2
82760,4.72846,49.74901,2
82761,4.72851,49.74909,2
82762,4.72851,49.74909,2
82763,4.72851,49.74909,2
82764,4.72855,49.74918,2
82765,4.72855,49.74918,2
82766,4.72859,49.74926,2
82767,4.72859,49.74926,2
82768,4.72864,49.74934,2
82769,4.72868,49.74942,2
82770,4.72868,49.74942,2
82771,4.72868,49.74942,2
82772,4.72872,49.74951,2
82773,4.72872,49.74951,2
82774,4.72877,49.74959,2
82775,4.72877,49.74959,2
82776,4.72881,49.74967,2
82777,4.72881,49.74967,2
82778,4.72885,49.74975,2
82779,4.72894,49.74992,2
82780,4.72906,49.74978,2
82781,4.72903,49.74973,2
82782,4.729,49.74967,2
82783,4.72891,49.7495,2
82784,4.72885,49.74939,2
82785,4.72885,49.74939,2
82786,4.72885,49.74939,2
82787,4.72885,49.74939,2
82788,4.72885,49.74939,2
82789,4.72882,49.74934,2
82790,4.72882,49.74934,2
82791,4.72882,49.74934,2
82792,4.72876,49.74922,2
82793,4.72873,49.74917,2
82794,4.72873,49.74917,2
82795,4.72873,49.74917,2
82796,4.72871,49.74911,2
82797,4.72865,49.749,2
82798,4.72862,49.74894,2
82799,4.72862,49.74894,2
82800,4.72853,49.74878,2
82801,4.72853,49.74878,2
82802,4.7285,49.74872,2
82803,4.72841,49.74855,2
82804,4.72841,49.74855,2
82805,4.72838,49.7485,2
82806,4.72835,49.74844,2
82807,4.72832,49.74839,2
82808,4.72899,49.75121,2
82809,4.72912,49.75116,2
82810,4.72926,49.75112,2
82811,4.72926,49.75112,2
82812,4.72926,49.75112,2
82813,4.72939,49.75107,2
82814,4.7298,49.75094,2
82815,4.7298,49.75094,2
82816,4.72953,49.75103,2
82817,4.72993,49.7509,2
82818,4.73007,49.75085,2
82819,4.73021,49.75081,2
82820,4.73034,49.75076,2
82821,4.73061,49.75067,2
82822,4.73075,49.75063,2
82823,4.728,49.75014,2
82824,4.73088,49.75058,2
82825,4.73088,49.75058,2
82826,4.73075,49.75063,2
82827,4.73088,49.75058,2
82828,4.73088,49.75058,2
82829,4.73049,49.75084,2
82830,4.73049,49.75084,2
82831,4.73049,49.75084,2
82832,4.73033,49.7509,2
82833,4.73017,49.75095,2
82834,4.73002,49.751,2
82835,4.7297,49.7511,2
82836,4.72955,49.75115,2
82837,4.72939,49.75121,2
82838,4.72923,49.75126,2
82839,4.72803,49.75025,2
82840,4.72819,49.75021,2
82841,4.72852,49.75013,2
82842,4.72868,49.75009,2
82843,4.72884,49.75006,2
82844,4.729,49.75002,2
82845,4.72944,49.74986,2
82846,4.72944,49.74986,2
82847,4.72944,49.74986,2
82848,4.72944,49.74986,2
82849,4.72944,49.74986,2
82850,4.72944,49.74986,2
82851,4.72944,49.74986,2
82852,4.72944,49.74986,2
82853,4.72944,49.74986,2
82854,4.72944,49.74986,2
82855,4.72944,49.74991,2
82856,4.73026,49.74568,2
82857,4.72944,49.74991,2
82858,4.72944,49.74991,2
82859,4.72944,49.74991,2
82860,4.72944,49.74991,2
82861,4.72944,49.74991,2
82862,4.72989,49.74981,2
82863,4.72989,49.74981,2
82864,4.72989,49.74981,2
82865,4.73007,49.74978,2
82866,4.73007,49.74978,2
82867,4.73041,49.74971,2
82868,4.7301,49.74965,2
82869,4.73024,49.74962,2
82870,4.73024,49.74962,2
82871,4.73024,49.74962,2
82872,4.7301,49.74965,2
82873,4.72938,49.7498,2
82874,4.72924,49.74984,2
82875,4.72909,49.74987,2
82876,4.72845,49.75003,2
82877,4.72823,49.75008,2
82878,4.728,49.75014,2
82879,4.728,49.75014,2
82880,4.728,49.75014,2
82881,4.7282,49.74844,2
82882,4.728,49.75014,2
82883,4.72792,49.7485,2
82884,4.7147,49.79748,2
82885,4.7147,49.79748,2
82886,4.71464,49.79738,2
82887,4.71443,49.79705,2
82888,4.71393,49.79686,2
82889,4.71358,49.79699,2
82890,4.71318,49.79714,2
82891,4.71278,49.79729,2
82892,4.71264,49.79757,2
82893,4.7125,49.79786,2
82894,4.71241,49.79814,2
82895,4.71235,49.79843,2
82896,4.7123,49.79871,2
82897,4.71227,49.79879,2
82898,4.71227,49.79879,2
82899,4.71247,49.79879,2
82900,4.71266,49.79879,2
82901,4.71286,49.79879,2
82902,4.71276,49.79891,2
82903,4.71257,49.79885,2
82904,4.71237,49.79891,2
82905,4.71218,49.79929,2
82906,4.712,49.79905,2
82907,4.71187,49.79899,2
82908,4.71174,49.79905,2
82909,4.71174,49.79893,2
82910,4.71187,49.79899,2
82911,4.712,49.79893,2
82912,4.71212,49.7987,2
82913,4.71217,49.79841,2
82914,4.71223,49.79812,2
82915,4.71234,49.79782,2
82916,4.71248,49.79752,2
82917,4.71264,49.79722,2
82918,4.71305,49.79705,2
82919,4.71348,49.7969,2
82920,4.71363,49.79685,2
82921,4.71358,49.79676,2
82922,4.71354,49.79668,2
82923,4.7135,49.79659,2
82924,4.71368,49.79657,2
82925,4.71373,49.79668,2
82926,4.71461,49.79647,2
82927,4.71469,49.7962,2
82928,4.71473,49.79592,2
82929,4.71454,49.79575,2
82930,4.71409,49.79559,2
82931,4.71362,49.79543,2
82932,4.71483,49.78992,2
82933,4.71512,49.78108,2
82934,4.71483,49.78992,2
82935,4.71512,49.78108,2
82936,4.71509,49.78988,2
82937,4.71509,49.78988,2
82938,4.715,49.78119,2
82939,4.715,49.78119,2
82940,4.71534,49.78984,2
82941,4.71534,49.78984,2
82942,4.71534,49.78984,2
82943,4.71534,49.78984,2
82944,4.71559,49.7898,2
82945,4.71559,49.7898,2
82946,4.71559,49.7898,2
82947,4.71559,49.7898,2
82948,4.71584,49.78976,2
82949,4.71379,49.79679,2
82950,4.71465,49.78151,2
82951,4.71465,49.78151,2
82952,4.71584,49.78976,2
82953,4.7161,49.78971,2
82954,4.7161,49.78971,2
82955,4.7161,49.78971,2
82956,4.71453,49.78161,2
82957,4.71676,49.79028,2
82958,4.71676,49.79028,2
82959,4.71676,49.79028,2
82960,4.71676,49.79028,2
82961,4.71639,49.78994,2
82962,4.71639,49.78994,2
82963,4.71639,49.78994,2
82964,4.71639,49.78994,2
82965,4.71625,49.79013,2
82966,4.71616,49.79022,2
82967,4.71607,49.79032,2
82968,4.71598,49.79041,2
82969,4.7159,49.7905,2
82970,4.71582,49.7906,2
82971,4.7159,49.79068,2
82972,4.71605,49.79074,2
82973,4.7162,49.79079,2
82974,4.71635,49.79084,2
82975,4.71652,49.79081,2
82976,4.71668,49.79078,2
82977,4.71684,49.79074,2
82978,4.717,49.79067,2
82979,4.71706,49.79061,2
82980,4.71713,49.79055,2
82981,4.71719,49.79048,2
82982,4.71735,49.79032,2
82983,4.71758,49.79007,2
82984,4.71731,49.79014,2
82985,4.7171,49.79033,2
82986,4.71691,49.79025,2
82987,4.71671,49.79018,2
82988,4.71652,49.7901,2
82989,4.71695,49.79051,2
82990,4.71659,49.79068,2
82991,4.71607,49.79061,2
82992,4.7163,49.7903,2
82993,4.71652,49.79024,2
82994,4.71691,49.79039,2
82995,4.71631,49.78968,2
82996,4.71631,49.78968,2
82997,4.71631,49.78968,2
82998,4.71631,49.78968,2
82999,4.71649,49.78966,2
83000,4.71667,49.78964,2
83001,4.71686,49.78962,2
83002,4.71291,49.79715,2
83003,4.7168,49.78951,2
83004,4.71655,49.78954,2
83005,4.71631,49.78957,2
83006,4.71616,49.78958,2
83007,4.71616,49.78958,2
83008,4.71616,49.78958,2
83009,4.71616,49.78958,2
83010,4.71616,49.78958,2
83011,4.71616,49.78958,2
83012,4.71616,49.78958,2
83013,4.71616,49.78958,2
83014,4.71616,49.78958,2
83015,4.71616,49.78958,2
83016,4.71616,49.78958,2
83017,4.71616,49.78958,2
83018,4.71611,49.78963,2
83019,4.71611,49.78963,2
83020,4.71611,49.78963,2
83021,4.71611,49.78963,2
83022,4.71609,49.7896,2
83023,4.71609,49.7896,2
83024,4.71609,49.7896,2
83025,4.71609,49.7896,2
83026,4.71608,49.78956,2
83027,4.71608,49.78956,2
83028,4.71608,49.78956,2
83029,4.71608,49.78956,2
83030,4.71482,49.79818,2
83031,4.71371,49.79533,2
83032,4.715,49.78119,2
83033,4.71417,49.79549,2
83034,4.715,49.78119,2
83035,4.71463,49.79565,2
83036,4.71476,49.7814,2
83037,4.71465,49.78151,2
83038,4.71489,49.79558,2
83039,4.71465,49.78151,2
83040,4.71516,49.79552,2
83041,4.71453,49.78161,2
83042,4.71508,49.7956,2
83043,4.71453,49.78161,2
83044,4.71501,49.79568,2
83045,4.71676,49.79028,2
83046,4.71639,49.78994,2
83047,4.71493,49.79577,2
83048,4.71639,49.78994,2
83049,4.71491,49.79588,2
83050,4.71631,49.78968,2
83051,4.71491,49.79607,2
83052,4.71631,49.78968,2
83053,4.71486,49.79626,2
83054,4.71616,49.78958,2
83055,4.71616,49.78958,2
83056,4.7148,49.79644,2
83057,4.71616,49.78958,2
83058,4.71464,49.79659,2
83059,4.71616,49.78958,2
83060,4.71478,49.79713,2
83061,4.71611,49.78963,2
83062,4.71609,49.7896,2
83063,4.71495,49.79718,2
83064,4.71609,49.7896,2
83065,4.71508,49.7971,2
83066,4.71608,49.78956,2
83067,4.71511,49.79722,2
83068,4.71481,49.79725,2
83069,4.71492,49.7976,2
83070,4.71494,49.79781,2
83071,4.71491,49.79801,2
83072,4.71489,49.79821,2
83073,4.71486,49.79841,2
83074,4.71483,49.79862,2
83075,4.71475,49.79883,2
83076,4.71461,49.79901,2
83077,4.71448,49.79919,2
83078,4.71435,49.79937,2
83079,4.71402,49.79968,2
83080,4.71422,49.79955,2
83081,4.71372,49.79974,2
83082,4.71342,49.79973,2
83083,4.71311,49.79972,2
83084,4.7128,49.79969,2
83085,4.7125,49.79967,2
83086,4.71219,49.79965,2
83087,4.71186,49.79967,2
83088,4.71145,49.79975,2
83089,4.71103,49.79983,2
83090,4.71061,49.7999,2
83091,4.71019,49.79998,2
83092,4.7098,49.79997,2
83093,4.71011,49.79986,2
83094,4.71087,49.79973,2
83095,4.71164,49.79959,2
83096,4.712,49.79928,2
83097,4.71227,49.79954,2
83098,4.71271,49.79957,2
83099,4.71314,49.7996,2
83100,4.71357,49.79963,2
83101,4.71399,49.79957,2
83102,4.71419,49.79932,2
83103,4.71437,49.79907,2
83104,4.71456,49.79881,2
83105,4.71453,49.7987,2
83106,4.71443,49.79857,2
83107,4.71423,49.79857,2
83108,4.71432,49.79847,2
83109,4.71463,49.7986,2
83110,4.71467,49.79851,2
83111,4.71472,49.79811,2
83112,4.71477,49.79772,2
83113,4.71453,49.79766,2
83114,4.71421,49.79763,2
83115,4.71437,49.79758,2
83116,4.71453,49.79753,2
83117,4.69658,49.76343,2
83118,4.69631,49.7635,2
83119,4.69404,49.76395,2
83120,4.69382,49.764,2
83121,4.69373,49.76415,2
83122,4.69389,49.76411,2
83123,4.69615,49.76386,2
83124,4.69569,49.76341,2
83125,4.69258,49.76369,2
83126,4.69138,49.76406,2
83127,4.69985,49.76257,2
83128,4.69985,49.76257,2
83129,4.69389,49.76411,2
83130,4.69985,49.76257,2
83131,4.69985,49.76257,2
83132,4.69985,49.76257,2
83133,4.69985,49.76257,2
83134,4.69985,49.76257,2
83135,4.69985,49.76257,2
83136,4.69985,49.76257,2
83137,4.69985,49.76257,2
83138,4.69985,49.76257,2
83139,4.69985,49.76257,2
83140,4.69985,49.76257,2
83141,4.69985,49.76257,2
83142,4.69985,49.76257,2
83143,4.69985,49.76257,2
83144,4.69985,49.76257,2
83145,4.69985,49.76257,2
83146,4.69985,49.76257,2
83147,4.69985,49.76257,2
83148,4.69985,49.76257,2
83149,4.69985,49.76257,2
83150,4.69985,49.76257,2
83151,4.69985,49.76257,2
83152,4.69985,49.76257,2
83153,4.69985,49.76257,2
83154,4.69985,49.76257,2
83155,4.69985,49.76257,2
83156,4.69985,49.76257,2
83157,4.69985,49.76257,2
83158,4.69985,49.76257,2
83159,4.69985,49.76257,2
83160,4.69985,49.76257,2
83161,4.69985,49.76257,2
83162,4.69985,49.76257,2
83163,4.69985,49.76257,2
83164,4.69985,49.76257,2
83165,4.69985,49.76257,2
83166,4.69985,49.76257,2
83167,4.69985,49.76257,2
83168,4.69985,49.76257,2
83169,4.69985,49.76257,2
83170,4.69985,49.76257,2
83171,4.69985,49.76257,2
83172,4.69985,49.76257,2
83173,4.69985,49.76257,2
83174,4.69985,49.76257,2
83175,4.69985,49.76257,2
83176,4.69985,49.76257,2
83177,4.69956,49.76264,2
83178,4.69943,49.76268,2
83179,4.6993,49.76271,2
83180,4.69917,49.76275,2
83181,4.69835,49.76297,2
83182,4.69835,49.76297,2
83183,4.69835,49.76297,2
83184,4.69835,49.76297,2
83185,4.69835,49.76297,2
83186,4.69835,49.76297,2
83187,4.69835,49.76297,2
83188,4.69835,49.76297,2
83189,4.69835,49.76297,2
83190,4.69835,49.76297,2
83191,4.69835,49.76297,2
83192,4.69835,49.76297,2
83193,4.69835,49.76297,2
83194,4.69835,49.76297,2
83195,4.69835,49.76297,2
83196,4.69744,49.7632,2
83197,4.69744,49.7632,2
83198,4.69744,49.7632,2
83199,4.69744,49.7632,2
83200,4.69744,49.7632,2
83201,4.69744,49.7632,2
83202,4.69744,49.7632,2
83203,4.69744,49.7632,2
83204,4.69744,49.7632,2
83205,4.69744,49.7632,2
83206,4.69744,49.7632,2
83207,4.69744,49.7632,2
83208,4.69744,49.7632,2
83209,4.69744,49.7632,2
83210,4.69744,49.7632,2
83211,4.69685,49.76336,2
83212,4.69685,49.76336,2
83213,4.69658,49.76343,2
83214,4.69414,49.76334,2
83215,4.69631,49.7635,2
83216,4.69631,49.7635,2
83217,4.69631,49.7635,2
83218,4.69604,49.76357,2
83219,4.69552,49.76357,2
83220,4.69531,49.76363,2
83221,4.6951,49.76368,2
83222,4.69488,49.76373,2
83223,4.69467,49.76379,2
83224,4.69446,49.76384,2
83225,4.69425,49.76389,2
83226,4.69404,49.76395,2
83227,4.69371,49.76417,2
83228,4.69363,49.76405,2
83229,4.69345,49.7641,2
83230,4.69327,49.76415,2
83231,4.69309,49.76419,2
83232,4.69291,49.76424,2
83233,4.69273,49.76429,2
83234,4.69255,49.76434,2
83235,4.69237,49.76439,2
83236,4.69219,49.76443,2
83237,4.69201,49.76448,2
83238,4.69184,49.76453,2
83239,4.69166,49.76458,2
83240,4.69148,49.76463,2
83241,4.6913,49.76467,2
83242,4.69134,49.76479,2
83243,4.69146,49.76476,2
83244,4.69158,49.76472,2
83245,4.6917,49.76469,2
83246,4.69181,49.76466,2
83247,4.69193,49.76463,2
83248,4.69205,49.7646,2
83249,4.69217,49.76456,2
83250,4.69229,49.76453,2
83251,4.69241,49.7645,2
83252,4.69253,49.76447,2
83253,4.69265,49.76444,2
83254,4.69277,49.76441,2
83255,4.69289,49.76437,2
83256,4.69301,49.76434,2
83257,4.69313,49.76431,2
83258,4.69325,49.76428,2
83259,4.69337,49.76425,2
83260,4.69349,49.76421,2
83261,4.69361,49.76418,2
83262,4.6941,49.76405,2
83263,4.69431,49.764,2
83264,4.69453,49.76395,2
83265,4.69474,49.7639,2
83266,4.69495,49.76384,2
83267,4.69516,49.76379,2
83268,4.69537,49.76374,2
83269,4.69559,49.76368,2
83270,4.6958,49.76363,2
83271,4.69602,49.76364,2
83272,4.69602,49.76364,2
83273,4.69628,49.76409,2
83274,4.69569,49.76341,2
83275,4.69569,49.76341,2
83276,4.6955,49.76309,2
83277,4.6953,49.76278,2
83278,4.69511,49.76249,2
83279,4.69541,49.76299,2
83280,4.6952,49.76305,2
83281,4.69499,49.76311,2
83282,4.69478,49.76317,2
83283,4.69456,49.76322,2
83284,4.69435,49.76328,2
83285,4.69414,49.76334,2
83286,4.69414,49.76334,2
83287,4.69393,49.7634,2
83288,4.69372,49.76346,2
83289,4.6935,49.76352,2
83290,4.69262,49.76374,2
83291,4.69373,49.76415,2
83292,4.69262,49.76374,2
83293,4.69307,49.7635,2
83294,4.7003,49.76246,2
83295,4.69985,49.76257,2
83296,4.69985,49.76257,2
83297,4.69985,49.76257,2
83298,4.69985,49.76257,2
83299,4.69835,49.76297,2
83300,4.69835,49.76297,2
83301,4.69835,49.76297,2
83302,4.69744,49.7632,2
83303,4.69744,49.7632,2
83304,4.69744,49.7632,2
83305,4.81668,49.7674,2
83306,4.81586,49.76724,2
83307,4.81586,49.76724,2
83308,4.81631,49.76821,2
83309,4.81668,49.7674,2
83310,4.81586,49.76724,2
83311,4.815783,49.76742,2
83312,4.81577,49.7671,2
83313,4.81586,49.76724,2
83314,4.81577,49.76691,2
83315,4.81594,49.76743,2
83316,4.81586,49.76724,2
83317,4.81586,49.76724,2
83318,4.81595,49.76691,2
83319,4.81586,49.76724,2
83320,4.81685,49.76671,2
83321,4.81685,49.76671,2
83322,4.81586,49.76724,2
83323,4.81586,49.76724,2
83324,4.81586,49.76724,2
83325,4.81586,49.76724,2
83326,4.81586,49.76724,2
83327,4.81586,49.76724,2
83328,4.81451,49.77045,2
83329,4.81451,49.77045,2
83330,4.81451,49.77045,2
83331,4.81451,49.77045,2
83332,4.81451,49.77045,2
83333,4.8159,49.76883,2
83334,4.8159,49.76883,2
83335,4.81376,49.7702,2
83336,4.81473,49.7701,2
83337,4.81451,49.77045,2
83338,4.81451,49.77045,2
83339,4.81451,49.77045,2
83340,4.81451,49.77045,2
83341,4.8159,49.76883,2
83342,4.8159,49.76883,2
83343,4.81451,49.77045,2
83344,4.82295,49.76925,2
83345,4.82295,49.76925,2
83346,4.82019,49.76814,2
83347,4.82052,49.76812,2
83348,4.81962,49.76782,2
83349,4.81962,49.76782,2
83350,4.81729,49.76786,2
83351,4.81969,49.76797,2
83352,4.82007,49.76797,2
83353,4.82295,49.76925,2
83354,4.82295,49.76925,2
83355,4.8159,49.76883,2
83356,4.8159,49.76883,2
83357,4.8175,49.76699,2
83358,4.8175,49.76699,2
83359,4.8159,49.76883,2
83360,4.81586,49.76724,2
83361,4.8175,49.76735,2
83362,4.8175,49.76735,2
83363,4.82074,49.76791,2
83364,4.81757,49.76814,2
83365,4.81432,49.77053,2
83366,4.82074,49.76791,2
83367,4.81432,49.77053,2
83368,4.81716,49.76719,2
83369,4.81586,49.76724,2
83370,4.81586,49.76724,2
83371,4.8159,49.76883,2
83372,4.81759,49.76757,2
83373,4.81713,49.76823,2
83374,4.8159,49.76883,2
83375,4.82074,49.76791,2
83376,4.8159,49.76883,2
83377,4.8159,49.76883,2
83378,4.816,49.76882,2
83379,4.8159,49.76883,2
83380,4.81759,49.76757,2
83381,4.81606,49.76878,2
83382,4.8159,49.76883,2
83383,4.8159,49.76883,2
83384,4.81724,49.76816,2
83385,4.81724,49.76816,2
83386,4.81691,49.76828,2
83387,4.81668,49.7674,2
83388,4.8159,49.76883,2
83389,4.8159,49.76883,2
83390,4.81577,49.76765,2
83391,4.81724,49.76816,2
83392,4.81724,49.76816,2
83393,4.81724,49.76816,2
83394,4.81724,49.76816,2
83395,4.81858,49.76791,2
83396,4.81858,49.76791,2
83397,4.81824,49.76779,2
83398,4.81858,49.76791,2
83399,4.82295,49.76925,2
83400,4.82295,49.76925,2
83401,4.82295,49.76925,2
83402,4.82074,49.76791,2
83403,4.82074,49.76791,2
83404,4.82074,49.76791,2
83405,4.82074,49.76791,2
83406,4.82074,49.76791,2
83407,4.82074,49.76791,2
83408,4.82074,49.76791,2
83409,4.82074,49.76791,2
83410,4.8201,49.76789,2
83411,4.81586,49.76724,2
83412,4.82074,49.76791,2
83413,4.82074,49.76791,2
83414,4.81759,49.76757,2
83415,4.82074,49.76791,2
83416,4.82074,49.76791,2
83417,4.8175,49.76699,2
83418,4.81709,49.76685,2
83419,4.8175,49.76735,2
83420,4.8175,49.76699,2
83421,4.81685,49.76671,2
83422,4.81685,49.76671,2
83423,4.82074,49.76791,2
83424,4.81685,49.76671,2
83425,4.81685,49.76671,2
83426,4.81685,49.76671,2
83427,4.81691,49.76689,2
83428,4.81701,49.767,2
83429,4.81668,49.7674,2
83430,4.8175,49.76735,2
83431,4.81668,49.7674,2
83432,4.81685,49.76671,2
83433,4.81668,49.7674,2
83434,4.81668,49.7674,2
83435,4.81759,49.76757,2
83436,4.81585,49.767661,2
83437,4.81668,49.7674,2
83438,4.8159,49.76883,2
83439,4.81785,49.76748,2
83440,4.8159,49.76883,2
83441,4.8159,49.76883,2
83442,4.81759,49.76757,2
83443,4.8159,49.76883,2
83444,4.81573,49.76883,2
83445,4.81573,49.76883,2
83446,4.81573,49.76883,2
83447,4.81573,49.76883,2
83448,4.81573,49.76883,2
83449,4.5375,49.96348,2
83450,4.5375,49.96348,2
83451,4.54146,49.96627,2
83452,4.53921,49.95353,2
83453,4.54704,49.94117,2
83454,4.5348,49.93902,2
83455,4.53458,49.93959,2
83456,4.52905,49.9411,2
83457,4.529042,49.941724,2
83458,4.53237,49.94529,2
83459,4.53416,49.94024,2
83460,4.53392,49.94087,2
83461,4.53406,49.94476,2
83462,4.53237,49.94529,2
83463,4.53406,49.94476,2
83464,4.53376,49.94129,2
83465,4.53341,49.94275,2
83466,4.53237,49.94529,2
83467,4.53335,49.94241,2
83468,4.53313,49.94304,2
83469,4.53297,49.94349,2
83470,4.53881,49.95288,2
83471,4.53406,49.94476,2
83472,4.53276,49.94404,2
83473,4.53213,49.94568,2
83474,4.53244,49.94486,2
83475,4.53406,49.94476,2
83476,4.53406,49.94476,2
83477,4.53346,49.94382,2
83478,4.53419,49.9448,2
83479,4.53361,49.94375,2
83480,4.53382,49.94441,2
83481,4.53481,49.94532,2
83482,4.53406,49.94476,2
83483,4.5342,49.94523,2
83484,4.53669,49.94466,2
83485,4.53769,49.9444,2
83486,4.54267,49.94326,2
83487,4.54673,49.94328,2
83488,4.53467,49.94736,2
83489,4.5316,49.94706,2
83490,4.52658,49.94529,2
83491,4.52658,49.94529,2
83492,4.52658,49.94529,2
83493,4.52658,49.94529,2
83494,4.52658,49.94529,2
83495,4.51282,49.94665,2
83496,4.51282,49.94665,2
83497,4.51282,49.94665,2
83498,4.53146,49.94746,2
83499,4.53136,49.94831,2
83500,4.53118,49.9483,2
83501,4.52524,49.9474,2
83502,4.52524,49.9474,2
83503,4.52524,49.9474,2
83504,4.52503,49.94825,2
83505,4.53445,49.95803,2
83506,4.53354,49.94381,2
83507,4.53136,49.94975,2
83508,4.53188,49.95066,2
83509,4.53227,49.95174,2
83510,4.53237,49.94529,2
83511,4.53177,49.95087,2
83512,4.53237,49.94529,2
83513,4.53458,49.93959,2
83514,4.53203,49.95159,2
83515,4.52658,49.94529,2
83516,4.53458,49.93959,2
83517,4.51282,49.94665,2
83518,4.53237,49.94529,2
83519,4.51282,49.94665,2
83520,4.53237,49.94529,2
83521,4.52658,49.94529,2
83522,4.53237,49.94529,2
83523,4.53237,49.94529,2
83524,4.533656,49.956361,2
83525,4.53237,49.94529,2
83526,4.53237,49.94529,2
83527,4.5373,49.95762,2
83528,4.53237,49.94529,2
83529,4.54392,49.96788,2
83530,4.53237,49.94529,2
83531,4.546,49.96658,2
83532,4.53237,49.94529,2
83533,4.54168,49.96643,2
83534,4.53237,49.94529,2
83535,4.54376,49.96784,2
83536,4.53237,49.94529,2
83537,4.53765,49.9627,2
83538,4.53237,49.94529,2
83539,4.53237,49.94529,2
83540,4.53237,49.94529,2
83541,4.533642,49.956352,2
83542,4.53237,49.94529,2
83543,4.53237,49.94529,2
83544,4.533656,49.956361,2
83545,4.53237,49.94529,2
83546,4.53237,49.94529,2
83547,4.533959,49.957235,2
83548,4.53237,49.94529,2
83549,4.53237,49.94529,2
83550,4.53237,49.94529,2
83551,4.53237,49.94529,2
83552,4.53237,49.94529,2
83553,4.53237,49.94529,2
83554,4.53237,49.94529,2
83555,4.53237,49.94529,2
83556,4.53237,49.94529,2
83557,4.53237,49.94529,2
83558,4.53237,49.94529,2
83559,4.53237,49.94529,2
83560,4.53237,49.94529,2
83561,4.53237,49.94529,2
83562,4.53834,49.95806,2
83563,4.53834,49.95806,2
83564,4.53834,49.95806,2
83565,4.53834,49.95806,2
83566,4.53237,49.94529,2
83567,4.5373,49.95762,2
83568,4.53834,49.95806,2
83569,4.5373,49.95762,2
83570,4.5373,49.95762,2
83571,4.5373,49.95762,2
83572,4.53834,49.958,2
83573,4.53834,49.95806,2
83574,4.5368,49.95813,2
83575,4.53812,49.95812,2
83576,4.53834,49.95806,2
83577,4.53856,49.95812,2
83578,4.54042,49.95785,2
83579,4.53237,49.94529,2
83580,4.53237,49.94529,2
83581,4.53237,49.94529,2
83582,4.53237,49.94529,2
83583,4.53237,49.94529,2
83584,4.53237,49.94529,2
83585,4.546,49.96658,2
83586,4.546,49.96658,2
83587,4.53559,49.9616,2
83588,4.53577,49.9619,2
83589,4.546,49.96658,2
83590,4.53593,49.96221,2
83591,4.53671,49.96266,2
83592,4.53593,49.96185,2
83593,4.53593,49.96221,2
83594,4.53624,49.96246,2
83595,4.53764,49.96341,2
83596,4.53687,49.96297,2
83597,4.54392,49.96788,2
83598,4.54016,49.96045,2
83599,4.5393,49.96466,2
83600,4.53908,49.96467,2
83601,4.53781,49.96373,2
83602,4.5375,49.96348,2
83603,4.54055,49.96576,2
83604,4.54128,49.96631,2
83605,4.54082,49.96579,2
83606,4.54038,49.96546,2
83607,4.54103,49.96595,2
83608,4.54125,49.96611,2
83609,4.54035,49.96044,2
83610,4.5457,49.96727,2
83611,4.5421,49.96713,2
83612,4.54192,49.96715,2
83613,4.54569,49.96731,2
83614,4.5457,49.96727,2
83615,4.53802,49.96129,2
83616,4.53927,49.9607,2
83617,4.53961,49.96058,2
83618,4.53866,49.95219,2
83619,4.5378,49.96149,2
83620,4.53817,49.96136,2
83621,4.53846,49.96121,2
83622,4.53875,49.96106,2
83623,4.53382,49.94441,2
83624,4.53905,49.96091,2
83625,4.53382,49.94441,2
83626,4.54028,49.96034,2
83627,4.53937,49.9608,2
83628,4.54002,49.96056,2
83629,4.54035,49.96044,2
83630,4.539935,49.960522,2
83631,4.5397,49.96068,2
83632,4.53795,49.96155,2
83633,4.54066,49.96032,2
83634,4.5407,49.96008,2
83635,4.54059,49.95943,2
83636,4.54063,49.95893,2
83637,4.54077,49.95937,2
83638,4.54079,49.95913,2
83639,4.5408,49.95889,2
83640,4.54075,49.95865,2
83641,4.54048,49.95819,2
83642,4.54033,49.95812,2
83643,4.54061,49.95918,2
83644,4.54071,49.95841,2
83645,4.53834,49.95806,2
83646,4.540674,49.958003,2
83647,4.5457,49.95767,2
83648,4.54033,49.9574,2
83649,4.53968,49.95455,2
83650,4.54055,49.95761,2
83651,4.53987,49.95488,2
83652,4.53949,49.95422,2
83653,4.53997,49.95523,2
83654,4.540451,49.957675,2
83655,4.54003,49.95482,2
83656,4.5402,49.95541,2
83657,4.54037,49.956,2
83658,4.5402,49.95627,2
83659,4.54038,49.9563,2
83660,4.54011,49.95511,2
83661,4.54007,49.95557,2
83662,4.540297,49.957013,2
83663,4.53986,49.95454,2
83664,4.54017,49.95592,2
83665,4.5397,49.95425,2
83666,4.53912,49.95356,2
83667,4.53954,49.95397,2
83668,4.5393,49.95389,2
83669,4.53879,49.95194,2
83670,4.53892,49.95253,2
83671,4.53807,49.95123,2
83672,4.5382,49.95114,2
83673,4.53837,49.95152,2
83674,4.53921,49.95353,2
83675,4.53801,49.95096,2
83676,4.53921,49.95353,2
83677,4.53789,49.95086,2
83678,4.53765,49.95065,2
83679,4.53759,49.95079,2
83680,4.53777,49.95075,2
83681,4.53788,49.95104,2
83682,4.53663,49.95003,2
83683,4.53648,49.94987,2
83684,4.5375,49.95071,2
83685,4.53735,49.95061,2
83686,4.53921,49.95353,2
83687,4.53704,49.95022,2
83688,4.53621,49.94935,2
83689,4.53679,49.94879,2
83690,4.53679,49.94879,2
83691,4.53679,49.94879,2
83692,4.53679,49.94879,2
83693,4.53679,49.94879,2
83694,4.535067,49.948755,2
83695,4.53569,49.9491,2
83696,4.53237,49.94529,2
83697,4.5345,49.9474,2
83698,4.54669,49.94927,2
83699,4.54669,49.94927,2
83700,4.54866,49.94208,2
83701,4.54513,49.95005,2
83702,4.54704,49.94117,2
83703,4.54934,49.94303,2
83704,4.54855,49.94335,2
83705,4.53237,49.94529,2
83706,4.53593,49.96185,2
83707,4.53593,49.96185,2
83708,4.53593,49.96221,2
83709,4.52658,49.94529,2
83710,4.52658,49.94529,2
83711,4.54075,49.9596,2
83712,4.53893,49.95323,2
83713,4.52503,49.94825,2
83714,4.53593,49.96221,2
83715,4.54673,49.94328,2
83716,4.53237,49.94529,2
83717,4.54038,49.9563,2
83718,4.53237,49.94529,2
83719,4.53237,49.94529,2
83720,4.5373,49.95762,2
83721,4.53885,49.95224,2
83722,4.5348,49.93902,2
83723,4.5348,49.93902,2
83724,4.54673,49.94328,2
83725,4.54055,49.96576,2
83726,4.54055,49.96576,2
83727,4.53406,49.94476,2
83728,4.54673,49.94328,2
83729,4.54673,49.94328,2
83730,4.65214,49.68123,2
83731,4.6488,49.682827,2
83732,4.65054,49.68103,2
83733,4.65279,49.68173,2
83734,4.61347,49.64743,2
83735,4.65651,49.69933,2
83736,4.64768,49.68317,2
83737,4.53101,49.65056,2
83738,4.63186,49.68632,2
83739,4.63186,49.68632,2
83740,4.61974,49.70104,2
83741,4.61974,49.70104,2
83742,4.66295,49.68478,2
83743,4.66295,49.68478,2
83744,4.65651,49.69933,2
83745,4.6521,49.68117,2
83746,4.6521,49.68117,2
83747,4.64906,49.682759,2
83748,4.65605,49.68079,2
83749,4.65401,49.68054,2
83750,4.65595,49.68117,2
83751,4.65477,49.68151,2
83752,4.65577,49.68115,2
83753,4.6554,49.68073,2
83754,4.65452,49.68058,2
83755,4.65326,49.68063,2
83756,4.6539,49.68043,2
83757,4.65356,49.68046,2
83758,4.65256,49.68081,2
83759,4.65291,49.68072,2
83760,4.65278,49.68062,2
83761,4.65374,49.6805,2
83762,4.65054,49.68103,2
83763,4.65054,49.68103,2
83764,4.65054,49.68103,2
83765,4.65054,49.68103,2
83766,4.65054,49.68103,2
83767,4.65054,49.68103,2
83768,4.65054,49.68103,2
83769,4.65054,49.68103,2
83770,4.65054,49.68103,2
83771,4.65054,49.68103,2
83772,4.650627,49.682199,2
83773,4.6508,49.68074,2
83774,4.6508,49.68074,2
83775,4.65095,49.68058,2
83776,4.65039,49.68005,2
83777,4.650633,49.680492,2
83778,4.6503,49.67998,2
83779,4.65106,49.681966,2
83780,4.65011,49.67974,2
83781,4.64915,49.67916,2
83782,4.65052,49.67997,2
83783,4.65054,49.68103,2
83784,4.65106,49.68078,2
83785,4.65072,49.68091,2
83786,4.650591,49.681086,2
83787,4.650354,49.68136,2
83788,4.65083,49.680857,2
83789,4.650591,49.681086,2
83790,4.63186,49.68632,2
83791,4.650354,49.68136,2
83792,4.65214,49.68123,2
83793,4.65279,49.68173,2
83794,4.65279,49.68173,2
83795,4.65279,49.68173,2
83796,4.61347,49.64743,2
83797,4.61347,49.64743,2
83798,4.65222,49.6809,2
83799,4.61347,49.64743,2
83800,4.65279,49.68173,2
83801,4.652125,49.68103,2
83802,4.61347,49.64743,2
83803,4.61347,49.64743,2
83804,4.61347,49.64743,2
83805,4.65651,49.69933,2
83806,4.65373,49.68184,2
83807,4.61347,49.64743,2
83808,4.66295,49.68478,2
83809,4.61347,49.64743,2
83810,4.65683,49.68301,2
83811,4.66295,49.68478,2
83812,4.65651,49.69933,2
83813,4.65384,49.68193,2
83814,4.65591,49.69959,2
83815,4.65639,49.69934,2
83816,4.65279,49.68173,2
83817,4.65651,49.69933,2
83818,4.65494,49.68159,2
83819,4.65513,49.7002,2
83820,4.66295,49.68478,2
83821,4.653303,49.682274,2
83822,4.65734,49.69883,2
83823,4.65279,49.68173,2
83824,4.61347,49.64743,2
83825,4.65651,49.69933,2
83826,4.65214,49.68123,2
83827,4.65279,49.68173,2
83828,4.65279,49.68173,2
83829,4.65279,49.68173,2
83830,4.61347,49.64743,2
83831,4.65279,49.68173,2
83832,4.61347,49.64743,2
83833,4.65279,49.68173,2
83834,4.65651,49.69933,2
83835,4.65279,49.68173,2
83836,4.65279,49.68173,2
83837,4.65279,49.68173,2
83838,4.65279,49.68173,2
83839,4.65214,49.68123,2
83840,4.63186,49.68632,2
83841,4.648305,49.682899,2
83842,4.65214,49.68123,2
83843,4.651588,49.681705,2
83844,4.65214,49.68123,2
83845,4.65083,49.682088,2
83846,4.650055,49.682399,2
83847,4.65083,49.682088,2
83848,4.650641,49.68219,2
83849,4.651276,49.681845,2
83850,4.65083,49.682097,2
83851,4.65083,49.682097,2
83852,4.65083,49.682097,2
83853,4.649292,49.682665,2
83854,4.649292,49.682665,2
83855,4.650055,49.682399,2
83856,4.64496,49.68475,2
83857,4.650055,49.682399,2
83858,4.650055,49.682399,2
83859,4.650055,49.682399,2
83860,4.649292,49.682665,2
83861,4.649292,49.682665,2
83862,4.649292,49.682665,2
83863,4.647631,49.683308,2
83864,4.649278,49.682674,2
83865,4.6488,49.682827,2
83866,4.649278,49.682674,2
83867,4.648814,49.682827,2
83868,4.63186,49.68632,2
83869,4.63186,49.68632,2
83870,4.63186,49.68632,2
83871,4.63186,49.68632,2
83872,4.63186,49.68632,2
83873,4.61974,49.70104,2
83874,4.64496,49.68475,2
83875,4.650618,49.681067,2
83876,4.65651,49.69933,2
83877,4.646218,49.681762,2
83878,4.65148,49.68172,2
83879,4.64906,49.682759,2
83880,4.83081,49.76121,2
83881,4.83506,49.76211,2
83882,4.83506,49.76211,2
83883,4.82262,49.75486,2
83884,4.8223,49.75581,2
83885,4.83091,49.76025,2
83886,4.8316,49.76299,2
83887,4.8316,49.76299,2
83888,4.82178,49.7529,2
83889,4.82983,49.76157,2
83890,4.83506,49.76211,2
83891,4.83068,49.76051,2
83892,4.82883,49.76523,2
83893,4.82908,49.76142,2
83894,4.82262,49.75486,2
83895,4.82151,49.75342,2
83896,4.83242,49.76305,2
83897,4.81797,49.75,2
83898,4.8284,49.7621,2
83899,4.82187,49.75282,2
83900,4.81797,49.75,2
83901,4.827927,49.760209,2
83902,4.81797,49.75,2
83903,4.82303,49.75541,2
83904,4.82341,49.753761,2
83905,4.83141,49.76134,2
83906,4.83004,49.76157,2
83907,4.82178,49.7529,2
83908,4.8284,49.7621,2
83909,4.82835,49.76206,2
83910,4.83004,49.76157,2
83911,4.82975,49.76185,2
83912,4.83127,49.7614,2
83913,4.83032,49.76241,2
83914,4.83251,49.76307,2
83915,4.83282,49.76348,2
83916,4.83242,49.76305,2
83917,4.83282,49.76348,2
83918,4.83002,49.76214,2
83919,4.83791,49.76103,2
83920,4.83791,49.76103,2
83921,4.83882,49.76039,2
83922,4.83091,49.76025,2
83923,4.83141,49.76134,2
83924,4.83208,49.76204,2
83925,4.83882,49.76039,2
83926,4.83018,49.76146,2
83927,4.83004,49.76157,2
83928,4.83048,49.76136,2
83929,4.83282,49.76348,2
83930,4.83004,49.76157,2
83931,4.83085,49.76051,2
83932,4.83113,49.76005,2
83933,4.83105,49.7598,2
83934,4.83091,49.76025,2
83935,4.81797,49.75,2
83936,4.83157,49.76304,2
83937,4.81797,49.75,2
83938,4.83095,49.76012,2
83939,4.83113,49.76285,2
83940,4.83227,49.76314,2
83941,4.83167,49.76294,2
83942,4.83202,49.76323,2
83943,4.8223,49.75441,2
83944,4.830328,49.761381,2
83945,4.830328,49.761381,2
83946,4.83086,49.76096,2
83947,4.8308,49.75968,2
83948,4.83004,49.76157,2
83949,4.83004,49.76157,2
83950,4.82178,49.7529,2
83951,4.8223,49.75441,2
83952,4.8307,49.76264,2
83953,4.8303,49.76221,2
83954,4.82955,49.76177,2
83955,4.8271,49.76261,2
83956,4.82908,49.76193,2
83957,4.82493,49.76329,2
83958,4.82835,49.76206,2
83959,4.82634,49.76279,2
83960,4.8284,49.7621,2
83961,4.82844,49.76216,2
83962,4.82557,49.76298,2
83963,4.82781,49.76239,2
83964,4.82625,49.76269,2
83965,4.82187,49.75282,2
83966,4.82924,49.76137,2
83967,4.82837,49.76055,2
83968,4.82548,49.76288,2
83969,4.82187,49.75282,2
83970,4.8284,49.7621,2
83971,4.82394,49.75614,2
83972,4.82863,49.76074,2
83973,4.82482,49.7632,2
83974,4.82703,49.7625,2
83975,4.82835,49.76206,2
83976,4.82565,49.75799,2
83977,4.82431,49.75647,2
83978,4.82513,49.75719,2
83979,4.82473,49.75674,2
83980,4.82629,49.75873,2
83981,4.82347,49.75385,2
83982,4.82453,49.7566,2
83983,4.8255,49.75739,2
83984,4.82877,49.76067,2
83985,4.8278,49.75977,2
83986,4.82643,49.75866,2
83987,4.82897,49.76118,2
83988,4.82487,49.75667,2
83989,4.82389,49.75619,2
83990,4.82368,49.75605,2
83991,4.82713,49.7594,2
83992,4.82789,49.7601,2
83993,4.82347,49.75591,2
83994,4.82307,49.75562,2
83995,4.82327,49.75577,2
83996,4.82886,49.76094,2
83997,4.82416,49.75621,2
83998,4.8244,49.75636,2
83999,4.82393,49.75605,2
84000,4.82369,49.7559,2
84001,4.82288,49.75547,2
84002,4.82347,49.75574,2
84003,4.82325,49.75558,2
84004,4.82288,49.75524,2
84005,4.83791,49.76103,2
84006,4.82275,49.75503,2
84007,4.81968,49.75311,2
84008,4.82237,49.75584,2
84009,4.8223,49.75441,2
84010,4.82223,49.75576,2
84011,4.82265,49.75517,2
84012,4.82262,49.75486,2
84013,4.82236,49.75482,2
84014,4.8223,49.75441,2
84015,4.82239,49.75465,2
84016,4.82205,49.75459,2
84017,4.82217,49.75466,2
84018,4.82156,49.75408,2
84019,4.82117,49.75481,2
84020,4.81832,49.75192,2
84021,4.81893,49.75223,2
84022,4.82211,49.75463,2
84023,4.82199,49.75455,2
84024,4.82157,49.75424,2
84025,4.83091,49.76025,2
84026,4.8223,49.75441,2
84027,4.819595,49.755151,2
84028,4.82187,49.75448,2
84029,4.82175,49.75441,2
84030,4.81797,49.75,2
84031,4.81797,49.75,2
84032,4.82199,49.75368,2
84033,4.8215,49.75415,2
84034,4.8223,49.75441,2
84035,4.82193,49.75452,2
84036,4.82147,49.75383,2
84037,4.82147,49.75394,2
84038,4.82147,49.75373,2
84039,4.82147,49.75362,2
84040,4.82147,49.75352,2
84041,4.82166,49.7534,2
84042,4.8223,49.75581,2
84043,4.82347,49.75385,2
84044,4.82254,49.75427,2
84045,4.82258,49.75438,2
84046,4.8236,49.75395,2
84047,4.82285,49.75177,2
84048,4.822519,49.751407,2
84049,4.82225,49.75438,2
84050,4.82216,49.75424,2
84051,4.82207,49.75411,2
84052,4.8223,49.75441,2
84053,4.82201,49.75382,2
84054,4.82203,49.75397,2
84055,4.81797,49.75,2
84056,4.82199,49.75368,2
84057,4.82197,49.75353,2
84058,4.83506,49.76211,2
84059,4.82081,49.75147,2
84060,4.82178,49.7529,2
84061,4.82178,49.7529,2
84062,4.82095,49.7514,2
84063,4.830328,49.761381,2
84064,4.818791,49.750315,2
84065,4.82183,49.7534,2
84066,4.82187,49.75282,2
84067,4.8223,49.75441,2
84068,4.81797,49.75,2
84069,4.81797,49.75,2
84070,4.81797,49.75,2
84071,4.8241,49.75633,2
84072,4.81797,49.75,2
84073,4.823241,49.753144,2
84074,4.82341,49.75388,2
84075,4.8324,49.76291,2
84076,4.822764,49.750755,2
84077,4.82144,49.754017,2
84078,4.8223,49.75581,2
84079,4.82919,49.76167,2
84080,4.8225,49.75476,2
84081,4.556779,49.511411,2
84082,4.55729,49.51335,2
84083,4.55729,49.51335,2
84084,4.55729,49.51335,2
84085,4.55729,49.51335,2
84086,4.55729,49.51335,2
84087,4.55729,49.51335,2
84088,4.55729,49.51335,2
84089,4.55729,49.51335,2
84090,4.55729,49.51335,2
84091,4.55729,49.51335,2
84092,4.55729,49.51335,2
84093,4.55904,49.51307,2
84094,4.55729,49.51335,2
84095,4.55984,49.51304,2
84096,4.55838,49.51311,2
84097,4.55655,49.5126,2
84098,4.55816,49.513354,2
84099,4.55808,49.51335,2
84100,4.5574,49.51328,2
84101,4.55658,49.51346,2
84102,4.55708,49.51342,2
84103,4.55618,49.51331,2
84104,4.55586,49.51326,2
84105,4.55609,49.51342,2
84106,4.55578,49.51336,2
84107,4.55621,49.51425,2
84108,4.5565,49.51472,2
84109,4.55597,49.51365,2
84110,4.55596,49.51246,2
84111,4.55711,49.51263,2
84112,4.55735,49.51259,2
84113,4.55759,49.51257,2
84114,4.55748,49.51269,2
84115,4.55808,49.51259,2
84116,4.55832,49.5128,2
84117,4.55555,49.51275,2
84118,4.55602,49.51257,2
84119,4.55569,49.51234,2
84120,4.55552,49.51241,2
84121,4.55545,49.51203,2
84122,4.5557,49.51173,2
84123,4.55647,49.51064,2
84124,4.55615,49.5101,2
84125,4.5559,49.50969,2
84126,4.55489,49.50804,2
84127,4.55295,49.50499,2
84128,4.555931,49.509998,2
84129,4.55163,49.50183,2
84130,4.54976,49.51378,2
84131,4.55491,49.51316,2
84132,4.54972,49.51366,2
84133,4.5489,49.51377,2
84134,4.54894,49.51389,2
84135,4.54372,49.51393,2
84136,4.54829,49.51398,2
84137,4.54374,49.51408,2
84138,4.54933,49.51375,2
84139,4.54933,49.51375,2
84140,4.55733,49.51338,2
84141,4.54933,49.51375,2
84142,4.54933,49.51375,2
84143,4.54933,49.51375,2
84144,4.54933,49.51375,2
84145,4.54933,49.51375,2
84146,4.54933,49.51375,2
84147,4.54933,49.51375,2
84148,4.54933,49.51375,2
84149,4.54933,49.51375,2
84150,4.551812,49.513362,2
84151,4.54933,49.51375,2
84152,4.54933,49.51375,2
84153,4.54933,49.51375,2
84154,4.54933,49.51375,2
84155,4.54933,49.51375,2
84156,4.54933,49.51375,2
84157,4.56153,49.51285,2
84158,4.54933,49.51375,2
84159,4.54933,49.51375,2
84160,4.54933,49.51375,2
84161,4.54933,49.51375,2
84162,4.54933,49.51375,2
84163,4.549661,49.513725,2
84164,4.549661,49.513725,2
84165,4.549661,49.513725,2
84166,4.549166,49.513752,2
84167,4.549166,49.513752,2
84168,4.544876,49.510282,2
84169,4.55044,49.51399,2
84170,4.55051,49.51418,2
84171,4.55057,49.51437,2
84172,4.55064,49.51456,2
84173,4.56054,49.51279,2
84174,4.55065,49.51406,2
84175,4.550603,49.514759,2
84176,4.55783,49.51258,2
84177,4.55077,49.51492,2
84178,4.555498,49.512423,2
84179,4.55078,49.51444,2
84180,4.54933,49.51375,2
84181,4.55091,49.51481,2
84182,4.549661,49.513725,2
84183,4.55077,49.51492,2
84184,4.544876,49.510282,2
84185,4.55104,49.51516,2
84186,4.55089,49.51498,2
84187,4.5509,49.51527,2
84188,4.54038,49.52164,2
84189,4.550862,49.515312,2
84190,4.54025,49.52206,2
84191,4.54952,49.51571,2
84192,4.53962,49.52092,2
84193,4.55002,49.51487,2
84194,4.527857,49.514042,2
84195,4.54928,49.51533,2
84196,4.54202,49.52046,2
84197,4.54958,49.51495,2
84198,4.55004,49.51494,2
84199,4.5402,49.52105,2
84200,4.52753,49.5142,2
84201,4.52753,49.5142,2
84202,4.54708,49.51676,2
84203,4.5445,49.51916,2
84204,4.54176,49.5209,2
84205,4.54115,49.52111,2
84206,4.54137,49.52136,2
84207,4.54025,49.52206,2
84208,4.54074,49.52109,2
84209,4.54055,49.52106,2
84210,4.54036,49.52103,2
84211,4.54018,49.52101,2
84212,4.54078,49.52128,2
84213,4.54058,49.52146,2
84214,4.5402,49.52105,2
84215,4.54032,49.5219,2
84216,4.54039,49.52232,2
84217,4.54025,49.52206,2
84218,4.54018,49.52213,2
84219,4.53999,49.52098,2
84220,4.53981,49.52095,2
84221,4.53882,49.52094,2
84222,4.53928,49.5209,2
84223,4.5388,49.52088,2
84224,4.53833,49.52086,2
84225,4.541929,49.520345,2
84226,4.55707,49.51338,2
84227,4.55573,49.51319,2
84228,4.54202,49.52046,2
84229,4.54372,49.51393,2
84230,4.54372,49.51393,2
84231,4.54202,49.52046,2
84232,4.54137,49.52136,2
84233,4.548425,49.513856,2
84234,4.54014,49.52112,2
84235,4.70158,49.39262,2
84236,4.70158,49.39262,2
84237,4.70196,49.39202,2
84238,4.70224,49.39168,2
84239,4.70306,49.39064,2
84240,4.68986,49.37879,2
84241,4.70306,49.39064,2
84242,4.70158,49.39262,2
84243,4.70252,49.39526,2
84244,4.70158,49.39262,2
84245,4.69753,49.39345,2
84246,4.70023,49.39444,2
84247,4.70068,49.39373,2
84248,4.70079,49.39355,2
84249,4.70105,49.39344,2
84250,4.70157,49.39253,2
84251,4.70181,49.39066,2
84252,4.70212,49.39208,2
84253,4.70225,49.39191,2
84254,4.70478,49.38345,2
84255,4.69753,49.39345,2
84256,4.69861,49.39546,2
84257,4.69607,49.39555,2
84258,4.7008,49.39559,2
84259,4.69409,49.39531,2
84260,4.70369,49.39506,2
84261,4.70346,49.3951,2
84262,4.70245,49.39647,2
84263,4.6998,49.39505,2
84264,4.69928,49.39527,2
84265,4.69928,49.39527,2
84266,4.69999,49.39511,2
84267,4.70005,49.39489,2
84268,4.70011,49.39473,2
84269,4.70017,49.39457,2
84270,4.7004,49.39417,2
84271,4.70028,49.39435,2
84272,4.70034,49.39426,2
84273,4.70045,49.39408,2
84274,4.70051,49.39399,2
84275,4.70041,49.39445,2
84276,4.7005,49.39431,2
84277,4.7006,49.39416,2
84278,4.70069,49.39402,2
84279,4.70057,49.3939,2
84280,4.70079,49.39355,2
84281,4.70079,49.39355,2
84282,4.70079,49.39355,2
84283,4.70079,49.39355,2
84284,4.70079,49.39355,2
84285,4.70085,49.39346,2
84286,4.70091,49.39337,2
84287,4.70091,49.39337,2
84288,4.70085,49.39346,2
84289,4.70078,49.39388,2
84290,4.70087,49.39373,2
84291,4.70096,49.39359,2
84292,4.70105,49.39344,2
84293,4.70105,49.39344,2
84294,4.70105,49.39344,2
84295,4.70073,49.39265,2
84296,4.69909,49.39529,2
84297,4.70144,49.39268,2
84298,4.70144,49.39268,2
84299,4.70238,49.39152,2
84300,4.70204,49.39042,2
84301,4.70158,49.39089,2
84302,4.70181,49.39066,2
84303,4.70178,49.3909,2
84304,4.70288,49.39086,2
84305,4.70144,49.39125,2
84306,4.70137,49.3911,2
84307,4.7012,49.39128,2
84308,4.70158,49.39262,2
84309,4.70352,49.39034,2
84310,4.70352,49.39034,2
84311,4.70158,49.39262,2
84312,4.70158,49.39262,2
84313,4.70453,49.38655,2
84314,4.70453,49.38655,2
84315,4.70422,49.38855,2
84316,4.70158,49.39262,2
84317,4.70534,49.38946,2
84318,4.70158,49.39262,2
84319,4.70478,49.38345,2
84320,4.70304,49.39091,2
84321,4.70158,49.39262,2
84322,4.70254,49.39157,2
84323,4.70257,49.39363,2
84324,4.70183,49.39219,2
84325,4.70183,49.39219,2
84326,4.70183,49.39219,2
84327,4.70183,49.39219,2
84328,4.7013,49.39538,2
84329,4.70183,49.39219,2
84330,4.70183,49.39219,2
84331,4.70183,49.39219,2
84332,4.70183,49.39219,2
84333,4.70196,49.39202,2
84334,4.70196,49.39202,2
84335,4.70196,49.39202,2
84336,4.70196,49.39202,2
84337,4.70196,49.39202,2
84338,4.70196,49.39202,2
84339,4.70196,49.39202,2
84340,4.70196,49.39202,2
84341,4.70209,49.39185,2
84342,4.70209,49.39185,2
84343,4.70209,49.39185,2
84344,4.70209,49.39185,2
84345,4.70209,49.39185,2
84346,4.70209,49.39185,2
84347,4.70209,49.39185,2
84348,4.70209,49.39185,2
84349,4.70224,49.39168,2
84350,4.70224,49.39168,2
84351,4.70224,49.39168,2
84352,4.70224,49.39168,2
84353,4.70224,49.39168,2
84354,4.70224,49.39168,2
84355,4.70224,49.39168,2
84356,4.70224,49.39168,2
84357,4.70224,49.39168,2
84358,4.70224,49.39168,2
84359,4.70224,49.39168,2
84360,4.70224,49.39168,2
84361,4.70224,49.39168,2
84362,4.70224,49.39168,2
84363,4.70224,49.39168,2
84364,4.70224,49.39168,2
84365,4.70224,49.39168,2
84366,4.70224,49.39168,2
84367,4.70306,49.39064,2
84368,4.70306,49.39064,2
84369,4.70306,49.39064,2
84370,4.70306,49.39064,2
84371,4.70306,49.39064,2
84372,4.70306,49.39064,2
84373,4.70306,49.39064,2
84374,4.70306,49.39064,2
84375,4.70306,49.39064,2
84376,4.70306,49.39064,2
84377,4.70306,49.39064,2
84378,4.70306,49.39064,2
84379,4.70306,49.39064,2
84380,4.70306,49.39064,2
84381,4.70306,49.39064,2
84382,4.70224,49.39168,2
84383,4.70158,49.39262,2
84384,4.70352,49.39034,2
84385,4.70158,49.39262,2
84386,4.70158,49.39262,2
84387,4.70158,49.39262,2
84388,4.70158,49.39262,2
84389,4.70158,49.39262,2
84390,4.70158,49.39262,2
84391,4.70158,49.39262,2
84392,4.70158,49.39262,2
84393,4.70158,49.39262,2
84394,4.70085,49.39346,2
84395,4.70158,49.39262,2
84396,4.70158,49.39262,2
84397,4.70158,49.39262,2
84398,4.70158,49.39262,2
84399,4.69903,49.39355,2
84400,4.69875,49.3937,2
84401,4.70271,49.39107,2
84402,4.69932,49.3934,2
84403,4.70259,49.39123,2
84404,4.6996,49.39325,2
84405,4.70254,49.39131,2
84406,4.6996,49.39325,2
84407,4.70248,49.3914,2
84408,4.69852,49.39408,2
84409,4.70144,49.39125,2
84410,4.69862,49.39432,2
84411,4.70144,49.39125,2
84412,4.69853,49.39454,2
84413,4.69837,49.39417,2
84414,4.69819,49.39387,2
84415,4.69971,49.39334,2
84416,4.69785,49.39362,2
84417,4.69803,49.39356,2
84418,4.69825,49.39383,2
84419,4.69825,49.39383,2
84420,4.696742,49.393547,2
84421,4.69816,49.39363,2
84422,4.69846,49.39385,2
84423,4.6979,49.39349,2
84424,4.69777,49.39342,2
84425,4.69783,49.39316,2
84426,4.69825,49.39383,2
84427,4.69753,49.39345,2
84428,4.69825,49.39383,2
84429,4.69825,49.39383,2
84430,4.69713,49.39316,2
84431,4.69704,49.39326,2
84432,4.69825,49.39383,2
84433,4.69872,49.39457,2
84434,4.69883,49.39481,2
84435,4.69889,49.39527,2
84436,4.69868,49.39491,2
84437,4.69909,49.39529,2
84438,4.69909,49.39529,2
84439,4.69929,49.39541,2
84440,4.69911,49.3958,2
84441,4.69981,49.39763,2
84442,4.69886,49.39553,2
84443,4.6989,49.3954,2
84444,4.69832,49.39552,2
84445,4.69427,49.3954,2
84446,4.69774,49.39563,2
84447,4.6979,49.39572,2
84448,4.69633,49.39558,2
84449,4.69582,49.39552,2
84450,4.69658,49.39561,2
84451,4.69685,49.39564,2
84452,4.69617,49.39568,2
84453,4.69515,49.39555,2
84454,4.69557,49.39549,2
84455,4.69715,49.39566,2
84456,4.69272,49.39534,2
84457,4.69557,49.39549,2
84458,4.69427,49.3954,2
84459,4.69481,49.39551,2
84460,4.69364,49.39539,2
84461,4.69318,49.39536,2
84462,4.69531,49.39545,2
84463,4.69506,49.39542,2
84464,4.69448,49.39535,2
84465,4.69254,49.39556,2
84466,4.69366,49.39527,2
84467,4.6932,49.39525,2
84468,4.69409,49.39531,2
84469,4.69274,49.39522,2
84470,4.69445,49.39547,2
84471,4.70005,49.39573,2
84472,4.70162,49.39538,2
84473,4.70062,49.39563,2
84474,4.70062,49.39563,2
84475,4.70024,49.39569,2
84476,4.70099,49.39556,2
84477,4.70118,49.39552,2
84478,4.7008,49.39559,2
84479,4.7008,49.39559,2
84480,4.70136,49.39549,2
84481,4.70136,49.39549,2
84482,4.70172,49.39541,2
84483,4.70154,49.39545,2
84484,4.70208,49.39534,2
84485,4.70369,49.39506,2
84486,4.70299,49.39518,2
84487,4.70154,49.39545,2
84488,4.70369,49.39506,2
84489,4.70346,49.3951,2
84490,4.70369,49.39506,2
84491,4.70154,49.39545,2
84492,4.70346,49.3951,2
84493,4.70322,49.39514,2
84494,4.70346,49.3951,2
84495,4.70346,49.3951,2
84496,4.70346,49.3951,2
84497,4.70228,49.3953,2
84498,4.70245,49.39647,2
84499,4.70245,49.39647,2
84500,4.70245,49.39647,2
84501,4.70245,49.39647,2
84502,4.70245,49.39647,2
84503,4.70245,49.39647,2
84504,4.70245,49.39647,2
84505,4.70245,49.39647,2
84506,4.70245,49.39647,2
84507,4.70245,49.39647,2
84508,4.70245,49.39647,2
84509,4.70228,49.3947,2
84510,4.70245,49.39647,2
84511,4.70245,49.39647,2
84512,4.70245,49.39647,2
84513,4.70245,49.39647,2
84514,4.70245,49.39647,2
84515,4.70245,49.39647,2
84516,4.70245,49.39647,2
84517,4.70245,49.39647,2
84518,4.70245,49.39647,2
84519,4.70245,49.39647,2
84520,4.70241,49.39569,2
84521,4.70229,49.3954,2
84522,4.70245,49.39647,2
84523,4.70253,49.39599,2
84524,4.70253,49.39599,2
84525,4.70253,49.39599,2
84526,4.70253,49.39599,2
84527,4.70253,49.39599,2
84528,4.70253,49.39599,2
84529,4.70253,49.39599,2
84530,4.70255,49.39691,2
84531,4.70068,49.39373,2
84532,4.69549,49.39559,2
84533,4.70158,49.39262,2
84534,4.92804,49.72564,2
84535,4.92731,49.72236,2
84536,4.92774,49.72228,2
84537,4.92706,49.72276,2
84538,4.92817,49.72237,2
84539,4.92648,49.72386,2
84540,4.93026,49.72218,2
84541,4.92648,49.72386,2
84542,4.92628,49.72444,2
84543,4.93026,49.72218,2
84544,4.92628,49.72444,2
84545,4.93026,49.72218,2
84546,4.92611,49.72507,2
84547,4.92628,49.72478,2
84548,4.92756,49.72237,2
84549,4.92611,49.72507,2
84550,4.93264,49.70943,2
84551,4.92602,49.72572,2
84552,4.93496,49.70843,2
84553,4.93496,49.70843,2
84554,4.92602,49.72587,2
84555,4.93496,49.70843,2
84556,4.92602,49.72602,2
84557,4.93496,49.70843,2
84558,4.92601,49.7263,2
84559,4.93452,49.70864,2
84560,4.93339,49.70906,2
84561,4.92601,49.7263,2
84562,4.93015,49.72415,2
84563,4.93299,49.70922,2
84564,4.92601,49.7263,2
84565,4.93258,49.70939,2
84566,4.92599,49.72661,2
84567,4.92576,49.72741,2
84568,4.93215,49.70955,2
84569,4.92602,49.72754,2
84570,4.93177,49.70969,2
84571,4.92601,49.72785,2
84572,4.9314,49.70982,2
84573,4.9258,49.73026,2
84574,4.93103,49.70994,2
84575,4.92538,49.73013,2
84576,4.93267,49.70948,2
84577,4.92681,49.72353,2
84578,4.93267,49.70948,2
84579,4.92537,49.73053,2
84580,4.92557,49.73247,2
84581,4.9303,49.71019,2
84582,4.92555,49.73053,2
84583,4.92994,49.71032,2
84584,4.9262,49.72768,2
84585,4.93112,49.71004,2
84586,4.9262,49.72754,2
84587,4.93149,49.70992,2
84588,4.9262,49.72727,2
84589,4.92628,49.72478,2
84590,4.93076,49.71016,2
84591,4.92653,49.72724,2
84592,4.93003,49.71042,2
84593,4.92615,49.72684,2
84594,4.92671,49.72629,2
84595,4.92967,49.71055,2
84596,4.92757,49.72636,2
84597,4.9262,49.72598,2
84598,4.92664,49.71778,2
84599,4.92923,49.71059,2
84600,4.9262,49.72576,2
84601,4.92888,49.71074,2
84602,4.9262,49.72559,2
84603,4.92888,49.71074,2
84604,4.92933,49.71069,2
84605,4.9262,49.72546,2
84606,4.92898,49.71083,2
84607,4.92624,49.72525,2
84608,4.92898,49.71083,2
84609,4.92633,49.72494,2
84610,4.92642,49.72462,2
84611,4.92864,49.71098,2
84612,4.92829,49.71112,2
84613,4.9265,49.72431,2
84614,4.93035,49.72425,2
84615,4.92795,49.71127,2
84616,4.92812,49.72451,2
84617,4.93452,49.70864,2
84618,4.92741,49.72225,2
84619,4.9276,49.71141,2
84620,4.92802,49.72461,2
84621,4.93452,49.70864,2
84622,4.9276,49.71141,2
84623,4.92739,49.72228,2
84624,4.9276,49.71141,2
84625,4.92778,49.72442,2
84626,4.92854,49.71088,2
84627,4.92844,49.72467,2
84628,4.92819,49.71103,2
84629,4.92744,49.72433,2
84630,4.92691,49.7117,2
84631,4.92694,49.7242,2
84632,4.9314,49.72509,2
84633,4.92784,49.71117,2
84634,4.92681,49.72417,2
84635,4.92656,49.71184,2
84636,4.92668,49.72413,2
84637,4.92622,49.71199,2
84638,4.92587,49.71213,2
84639,4.92655,49.7241,2
84640,4.9268,49.71161,2
84641,4.92659,49.72402,2
84642,4.9267,49.72376,2
84643,4.92645,49.71175,2
84644,4.92691,49.72335,2
84645,4.92701,49.72316,2
84646,4.92708,49.72304,2
84647,4.92712,49.72297,2
84648,4.92716,49.7229,2
84649,4.92721,49.72284,2
84650,4.92725,49.72277,2
84651,4.93073,49.72326,2
84652,4.92734,49.72264,2
84653,4.92743,49.72249,2
84654,4.92747,49.72241,2
84655,4.92748,49.72238,2
84656,4.92749,49.72237,2
84657,4.92749,49.72237,2
84658,4.92751,49.72236,2
84659,4.92751,49.72236,2
84660,4.92597,49.721,2
84661,4.92753,49.72235,2
84662,4.92753,49.72235,2
84663,4.92587,49.71213,2
84664,4.92755,49.72234,2
84665,4.92756,49.72237,2
84666,4.92776,49.72241,2
84667,4.92776,49.72241,2
84668,4.92795,49.72245,2
84669,4.92795,49.72245,2
84670,4.92814,49.72248,2
84671,4.92834,49.72252,2
84672,4.92873,49.72258,2
84673,4.92873,49.72258,2
84674,4.92723,49.72171,2
84675,4.92873,49.72258,2
84676,4.92873,49.72258,2
84677,4.92873,49.72258,2
84678,4.92873,49.72258,2
84679,4.92873,49.72258,2
84680,4.92873,49.72258,2
84681,4.92873,49.72258,2
84682,4.92611,49.72507,2
84683,4.93104,49.72031,2
84684,4.93019,49.72013,2
84685,4.92889,49.72258,2
84686,4.92902,49.72258,2
84687,4.92915,49.72259,2
84688,4.92928,49.72259,2
84689,4.92928,49.72259,2
84690,4.92928,49.72259,2
84691,4.92928,49.72259,2
84692,4.92928,49.72259,2
84693,4.92928,49.72259,2
84694,4.92928,49.72259,2
84695,4.92953,49.72263,2
84696,4.92964,49.72268,2
84697,4.92587,49.71213,2
84698,4.92964,49.72268,2
84699,4.93042,49.71911,2
84700,4.92964,49.72268,2
84701,4.92964,49.72268,2
84702,4.92964,49.72268,2
84703,4.92983,49.7228,2
84704,4.92983,49.7228,2
84705,4.92983,49.7228,2
84706,4.92983,49.7228,2
84707,4.92996,49.72288,2
84708,4.92628,49.72478,2
84709,4.93009,49.72296,2
84710,4.92628,49.72478,2
84711,4.93028,49.72307,2
84712,4.92628,49.72478,2
84713,4.93036,49.7231,2
84714,4.92628,49.72478,2
84715,4.93035,49.72295,2
84716,4.92628,49.72478,2
84717,4.93021,49.72275,2
84718,4.92628,49.72478,2
84719,4.93012,49.72269,2
84720,4.93004,49.72263,2
84721,4.92512,49.723645,2
84722,4.92994,49.7226,2
84723,4.92628,49.72478,2
84724,4.92983,49.72264,2
84725,4.92628,49.72478,2
84726,4.93023,49.72213,2
84727,4.93168,49.72261,2
84728,4.92691,49.72335,2
84729,4.93023,49.72213,2
84730,4.92628,49.72478,2
84731,4.93026,49.72218,2
84732,4.9267,49.72376,2
84733,4.93026,49.72218,2
84734,4.92628,49.72478,2
84735,4.93026,49.72218,2
84736,4.93026,49.72218,2
84737,4.92628,49.72478,2
84738,4.92576,49.72898,2
84739,4.92958,49.72237,2
84740,4.92628,49.72478,2
84741,4.93026,49.72218,2
84742,4.93026,49.72218,2
84743,4.93026,49.72218,2
84744,4.93072,49.72047,2
84745,4.93052,49.72318,2
84746,4.92619,49.72126,2
84747,4.92603,49.72128,2
84748,4.9306,49.72322,2
84749,4.92748,49.72183,2
84750,4.93073,49.72326,2
84751,4.92747,49.72191,2
84752,4.93086,49.7233,2
84753,4.93101,49.72336,2
84754,4.92745,49.72199,2
84755,4.92745,49.72199,2
84756,4.93117,49.72342,2
84757,4.93133,49.72348,2
84758,4.93117,49.72342,2
84759,4.93149,49.72354,2
84760,4.92576,49.72898,2
84761,4.93165,49.7236,2
84762,4.92748,49.72238,2
84763,4.93229,49.72382,2
84764,4.92853,49.72256,2
84765,4.93266,49.72394,2
84766,4.92681,49.72353,2
84767,4.92873,49.72258,2
84768,4.93298,49.72404,2
84769,4.92928,49.72259,2
84770,4.93339,49.72409,2
84771,4.93028,49.72307,2
84772,4.93359,49.72412,2
84773,4.93318,49.72407,2
84774,4.93379,49.72415,2
84775,4.93399,49.72417,2
84776,4.93107,49.72301,2
84777,4.9342,49.72417,2
84778,4.93229,49.72224,2
84779,4.93441,49.72417,2
84780,4.93052,49.7193,2
84781,4.93695,49.72408,2
84782,4.942962,49.724557,2
84783,4.9313,49.72341,2
84784,4.92754,49.72204,2
84785,4.93426,49.72405,2
84786,4.92754,49.72204,2
84787,4.93336,49.72397,2
84788,4.92899,49.72178,2
84789,4.93278,49.72385,2
84790,4.92886,49.72188,2
84791,4.9324,49.72372,2
84792,4.93496,49.70843,2
84793,4.93415,49.70878,2
84794,4.9317,49.72348,2
84795,4.93067,49.71006,2
84796,4.9317,49.72348,2
84797,4.9276,49.71141,2
84798,4.93146,49.72339,2
84799,4.92725,49.71156,2
84800,4.93122,49.7233,2
84801,4.93038,49.72373,2
84802,4.92587,49.71213,2
84803,4.93038,49.72373,2
84804,4.93032,49.72383,2
84805,4.92587,49.71213,2
84806,4.93029,49.72388,2
84807,4.92587,49.71213,2
84808,4.93026,49.72394,2
84809,4.92715,49.71146,2
84810,4.9302,49.72404,2
84811,4.93023,49.72399,2
84812,4.93018,49.7241,2
84813,4.93018,49.7241,2
84814,4.93015,49.72415,2
84815,4.92805,49.72543,2
84816,4.93015,49.72415,2
84817,4.92899,49.72178,2
84818,4.93015,49.72415,2
84819,4.93018,49.72458,2
84820,4.92993,49.7245,2
84821,4.92976,49.72472,2
84822,4.92858,49.72475,2
84823,4.92913,49.7249,2
84824,4.92967,49.72496,2
84825,4.92915,49.72477,2
84826,4.9295,49.72486,2
84827,4.93002,49.72466,2
84828,4.93031,49.72449,2
84829,4.93086,49.72491,2
84830,4.9314,49.72509,2
84831,4.93112,49.72501,2
84832,4.93112,49.72501,2
84833,4.93112,49.72501,2
84834,4.93074,49.72481,2
84835,4.93167,49.72516,2
84836,4.93167,49.72516,2
84837,4.92915,49.72477,2
84838,4.93194,49.72523,2
84839,4.93074,49.72481,2
84840,4.93074,49.72481,2
84841,4.93074,49.72481,2
84842,4.93074,49.72481,2
84843,4.92847,49.7246,2
84844,4.93476,49.7259,2
84845,4.93361,49.72569,2
84846,4.92681,49.72353,2
84847,4.93294,49.72539,2
84848,4.93476,49.7259,2
84849,4.93312,49.72557,2
84850,4.93228,49.7252,2
84851,4.93201,49.72513,2
84852,4.93147,49.72499,2
84853,4.93035,49.72425,2
84854,4.93035,49.72425,2
84855,4.93035,49.72425,2
84856,4.93035,49.72425,2
84857,4.93033,49.72429,2
84858,4.93034,49.72414,2
84859,4.93033,49.72429,2
84860,4.92628,49.72478,2
84861,4.93034,49.72414,2
84862,4.92628,49.72478,2
84863,4.93174,49.72477,2
84864,4.92628,49.72478,2
84865,4.93034,49.72414,2
84866,4.92628,49.72478,2
84867,4.93043,49.72398,2
84868,4.92628,49.72478,2
84869,4.93082,49.72337,2
84870,4.92628,49.72478,2
84871,4.92628,49.71757,2
84872,4.93051,49.72303,2
84873,4.92603,49.72128,2
84874,4.92603,49.72128,2
84875,4.93068,49.72311,2
84876,4.9308,49.72302,2
84877,4.9308,49.72302,2
84878,4.9308,49.72302,2
84879,4.9308,49.72302,2
84880,4.93091,49.72294,2
84881,4.93452,49.70864,2
84882,4.93093,49.7231,2
84883,4.93107,49.72301,2
84884,4.93107,49.72301,2
84885,4.9312,49.72304,2
84886,4.93159,49.72315,2
84887,4.93146,49.72311,2
84888,4.92587,49.71213,2
84889,4.92587,49.71213,2
84890,4.93172,49.72318,2
84891,4.92587,49.71213,2
84892,4.93185,49.72322,2
84893,4.92587,49.71213,2
84894,4.92587,49.71213,2
84895,4.93035,49.72425,2
84896,4.92723,49.72171,2
84897,4.93237,49.72326,2
84898,4.92587,49.71213,2
84899,4.92587,49.71213,2
84900,4.93194,49.72312,2
84901,4.92587,49.71213,2
84902,4.93182,49.72308,2
84903,4.935427,49.724108,2
84904,4.92587,49.71213,2
84905,4.92587,49.71213,2
84906,4.93171,49.72305,2
84907,4.93159,49.72302,2
84908,4.93171,49.72305,2
84909,4.93136,49.72296,2
84910,4.9308,49.72302,2
84911,4.93113,49.7229,2
84912,4.93156,49.72308,2
84913,4.93073,49.7228,2
84914,4.93093,49.72279,2
84915,4.93075,49.72232,2
84916,4.93076,49.7219,2
84917,4.93107,49.72196,2
84918,4.93084,49.72196,2
84919,4.93069,49.72182,2
84920,4.93069,49.72182,2
84921,4.93118,49.72189,2
84922,4.93147,49.72179,2
84923,4.93065,49.72151,2
84924,4.93065,49.72151,2
84925,4.93166,49.72171,2
84926,4.93171,49.72175,2
84927,4.93177,49.72178,2
84928,4.93183,49.72182,2
84929,4.93189,49.72185,2
84930,4.93195,49.72189,2
84931,4.93081,49.72475,2
84932,4.93201,49.72192,2
84933,4.93207,49.72196,2
84934,4.93213,49.722,2
84935,4.93219,49.72203,2
84936,4.93225,49.72207,2
84937,4.93237,49.72198,2
84938,4.9324,49.72216,2
84939,4.93229,49.72224,2
84940,4.93229,49.72224,2
84941,4.93199,49.72185,2
84942,4.93229,49.72224,2
84943,4.93229,49.72224,2
84944,4.92576,49.72898,2
84945,4.93229,49.72224,2
84946,4.93233,49.72221,2
84947,4.9324,49.72216,2
84948,4.93242,49.72213,2
84949,4.93243,49.72209,2
84950,4.92628,49.71757,2
84951,4.93243,49.72209,2
84952,4.93192,49.72369,2
84953,4.93446,49.72204,2
84954,4.93285,49.72221,2
84955,4.93364,49.72215,2
84956,4.93576,49.72145,2
84957,4.93677,49.72101,2
84958,4.93859,49.72069,2
84959,4.93446,49.72204,2
84960,4.9323,49.72194,2
84961,4.93237,49.72198,2
84962,4.93224,49.7219,2
84963,4.93217,49.72186,2
84964,4.93211,49.72182,2
84965,4.93204,49.72178,2
84966,4.93198,49.72174,2
84967,4.93169,49.72095,2
84968,4.93195,49.72133,2
84969,4.93175,49.72094,2
84970,4.93169,49.72095,2
84971,4.9318,49.7206,2
84972,4.92576,49.72898,2
84973,4.93177,49.72133,2
84974,4.93158,49.72097,2
84975,4.93164,49.72152,2
84976,4.93172,49.72158,2
84977,4.93164,49.72152,2
84978,4.93156,49.72145,2
84979,4.93142,49.72153,2
84980,4.93142,49.72153,2
84981,4.93052,49.7193,2
84982,4.93141,49.72132,2
84983,4.93141,49.72132,2
84984,4.93133,49.72126,2
84985,4.93125,49.7212,2
84986,4.93117,49.72113,2
84987,4.93081,49.72113,2
84988,4.93081,49.72113,2
84989,4.93081,49.72113,2
84990,4.93035,49.72425,2
84991,4.9305,49.72127,2
84992,4.93102,49.721,2
84993,4.93098,49.72096,2
84994,4.93094,49.7209,2
84995,4.93091,49.72085,2
84996,4.93088,49.72079,2
84997,4.93085,49.72074,2
84998,4.93069,49.7203,2
84999,4.93065,49.72013,2
85000,4.93062,49.71996,2
85001,4.93123,49.71781,2
85002,4.93123,49.71781,2
85003,4.93152,49.71743,2
85004,4.93197,49.71716,2
85005,4.93252,49.71693,2
85006,4.93052,49.7193,2
85007,4.93052,49.7193,2
85008,4.93391,49.71712,2
85009,4.93213,49.71694,2
85010,4.93042,49.71911,2
85011,4.9304,49.71981,2
85012,4.93044,49.71998,2
85013,4.93047,49.72015,2
85014,4.93051,49.72032,2
85015,4.93051,49.72032,2
85016,4.93054,49.72048,2
85017,4.92827,49.71927,2
85018,4.93033,49.72005,2
85019,4.93019,49.72013,2
85020,4.92945,49.7197,2
85021,4.93045,49.72133,2
85022,4.93051,49.72136,2
85023,4.93057,49.7214,2
85024,4.93063,49.72143,2
85025,4.93069,49.72147,2
85026,4.92681,49.72353,2
85027,4.93075,49.7215,2
85028,4.93081,49.72154,2
85029,4.93081,49.72154,2
85030,4.93092,49.72161,2
85031,4.93098,49.72165,2
85032,4.93084,49.72169,2
85033,4.93075,49.72175,2
85034,4.93084,49.72172,2
85035,4.93073,49.72165,2
85036,4.92805,49.72543,2
85037,4.93051,49.72152,2
85038,4.9304,49.72146,2
85039,4.9303,49.72139,2
85040,4.9302,49.72136,2
85041,4.9302,49.72136,2
85042,4.93004,49.72133,2
85043,4.92987,49.7213,2
85044,4.92971,49.72127,2
85045,4.92984,49.72083,2
85046,4.92976,49.72093,2
85047,4.92961,49.72113,2
85048,4.92951,49.72058,2
85049,4.92948,49.72052,2
85050,4.92944,49.72045,2
85051,4.92856,49.71933,2
85052,4.92937,49.72032,2
85053,4.92955,49.72119,2
85054,4.92939,49.72131,2
85055,4.92931,49.72137,2
85056,4.92916,49.72148,2
85057,4.92916,49.72148,2
85058,4.92614,49.71734,2
85059,4.92642,49.71778,2
85060,4.93039,49.71029,2
85061,4.92908,49.72154,2
85062,4.92631,49.71749,2
85063,4.929,49.7216,2
85064,4.92648,49.71763,2
85065,4.92892,49.72165,2
85066,4.93452,49.70864,2
85067,4.92681,49.71793,2
85068,4.92892,49.72165,2
85069,4.92698,49.71808,2
85070,4.92966,49.72129,2
85071,4.92952,49.72139,2
85072,4.92709,49.71824,2
85073,4.93065,49.72151,2
85074,4.92939,49.72149,2
85075,4.92692,49.7186,2
85076,4.92884,49.72171,2
85077,4.92645,49.71866,2
85078,4.92877,49.72177,2
85079,4.92694,49.71874,2
85080,4.92694,49.71874,2
85081,4.92869,49.72183,2
85082,4.92739,49.71881,2
85083,4.92862,49.72189,2
85084,4.92753,49.71902,2
85085,4.92912,49.72168,2
85086,4.92832,49.71936,2
85087,4.92856,49.72195,2
85088,4.92911,49.71971,2
85089,4.92852,49.72193,2
85090,4.92768,49.71894,2
85091,4.92716,49.71919,2
85092,4.92826,49.72187,2
85093,4.92716,49.71919,2
85094,4.928,49.72182,2
85095,4.92587,49.71213,2
85096,4.9271,49.71874,2
85097,4.92774,49.72176,2
85098,4.92719,49.71942,2
85099,4.92724,49.71987,2
85100,4.92754,49.72204,2
85101,4.92727,49.72009,2
85102,4.9273,49.72031,2
85103,4.92754,49.72204,2
85104,4.92735,49.72105,2
85105,4.92722,49.72117,2
85106,4.92721,49.72132,2
85107,4.92754,49.72204,2
85108,4.92719,49.72148,2
85109,4.92754,49.72204,2
85110,4.92743,49.72158,2
85111,4.92754,49.72204,2
85112,4.92717,49.72146,2
85113,4.92754,49.72204,2
85114,4.92754,49.72204,2
85115,4.92687,49.72134,2
85116,4.92762,49.72139,2
85117,4.92657,49.72123,2
85118,4.92757,49.72097,2
85119,4.92597,49.721,2
85120,4.92536,49.72077,2
85121,4.92754,49.72204,2
85122,4.92507,49.72074,2
85123,4.92754,49.72075,2
85124,4.92751,49.72053,2
85125,4.92409,49.72083,2
85126,4.92751,49.72053,2
85127,4.92619,49.72126,2
85128,4.92751,49.72053,2
85129,4.92471,49.72069,2
85130,4.9269,49.72554,2
85131,4.92462,49.72067,2
85132,4.92723,49.72171,2
85133,4.92713,49.72559,2
85134,4.92619,49.72126,2
85135,4.92736,49.72565,2
85136,4.92619,49.72126,2
85137,4.92759,49.7256,2
85138,4.9234,49.721,2
85139,4.92783,49.72556,2
85140,4.92628,49.72444,2
85141,4.92785,49.72557,2
85142,4.92287,49.72179,2
85143,4.92788,49.72548,2
85144,4.92619,49.72126,2
85145,4.92576,49.72898,2
85146,4.92287,49.72179,2
85147,4.92797,49.7254,2
85148,4.92619,49.72126,2
85149,4.92853,49.72256,2
85150,4.92619,49.72126,2
85151,4.92806,49.72532,2
85152,4.92619,49.72126,2
85153,4.92853,49.72256,2
85154,4.92853,49.72256,2
85155,4.92442,49.72069,2
85156,4.92587,49.71213,2
85157,4.92829,49.72528,2
85158,4.92619,49.72126,2
85159,4.92412,49.72071,2
85160,4.92842,49.72532,2
85161,4.9233,49.72045,2
85162,4.92855,49.72536,2
85163,4.92619,49.72126,2
85164,4.92619,49.72126,2
85165,4.9286,49.72545,2
85166,4.92463,49.72079,2
85167,4.92495,49.72089,2
85168,4.92845,49.72546,2
85169,4.92523,49.72099,2
85170,4.9287,49.72549,2
85171,4.92563,49.72113,2
85172,4.9288,49.72551,2
85173,4.92643,49.72142,2
85174,4.92889,49.72554,2
85175,4.92898,49.72556,2
85176,4.92683,49.72157,2
85177,4.92908,49.72558,2
85178,4.92683,49.72157,2
85179,4.93104,49.71927,2
85180,4.93052,49.7193,2
85181,4.92723,49.72171,2
85182,4.928851,49.725866,2
85183,4.92913,49.72575,2
85184,4.92723,49.72171,2
85185,4.928863,49.725838,2
85186,4.92683,49.72157,2
85187,4.92908,49.72586,2
85188,4.92748,49.72183,2
85189,4.92905,49.72592,2
85190,4.92747,49.72191,2
85191,4.92902,49.72597,2
85192,4.92745,49.72199,2
85193,4.92745,49.72199,2
85194,4.92886,49.72591,2
85195,4.92745,49.72199,2
85196,4.92892,49.7258,2
85197,4.92745,49.72199,2
85198,4.92898,49.72569,2
85199,4.92745,49.72199,2
85200,4.92878,49.72563,2
85201,4.92744,49.72208,2
85202,4.92849,49.72557,2
85203,4.92742,49.72216,2
85204,4.92838,49.72559,2
85205,4.92742,49.72216,2
85206,4.92827,49.72561,2
85207,4.92741,49.72225,2
85208,4.92739,49.72228,2
85209,4.92816,49.72562,2
85210,4.92739,49.72228,2
85211,4.72926,49.74815,2
85212,4.72836,49.75017,2
85213,4.71676,49.79028,2
85214,4.71492,49.7976,2
85215,4.71395,49.78866,2
85216,4.69573,49.76352,2
85217,4.69527,49.76263,2
85218,4.69345,49.7641,2
85219,4.69345,49.7641,2
85220,4.69929,49.76319,2
85221,4.70197,49.76196,2
85222,4.69363,49.76405,2
85223,4.6925,49.76442,2
85224,4.69527,49.76263,2
85225,4.69314,49.76361,2
85226,4.69262,49.76374,2
85227,4.82074,49.76791,2
85228,4.8159,49.76883,2
85229,4.8159,49.76883,2
85230,4.81858,49.76791,2
85231,4.82074,49.76791,2
85232,4.81759,49.76757,2
85233,4.8159,49.76883,2
85234,4.81724,49.76816,2
85235,4.81451,49.77045,2
85236,4.82074,49.76791,2
85237,4.81759,49.76757,2
85238,4.539649,49.954582,2
85239,4.54669,49.94927,2
85240,4.5341,49.95706,2
85241,4.5341,49.95706,2
85242,4.53406,49.94476,2
85243,4.53406,49.94476,2
85244,4.51148,49.9469,2
85245,4.51282,49.94665,2
85246,4.53354,49.94381,2
85247,4.53354,49.94381,2
85248,4.533088,49.954799,2
85249,4.53237,49.94529,2
85250,4.533656,49.956361,2
85251,4.5341,49.95706,2
85252,4.53237,49.94529,2
85253,4.53237,49.94529,2
85254,4.53892,49.960891,2
85255,4.535534,49.961769,2
85256,4.546,49.96658,2
85257,4.54016,49.96045,2
85258,4.536086,49.949473,2
85259,4.65374,49.6805,2
85260,4.65054,49.68103,2
85261,4.65039,49.68005,2
85262,4.65214,49.68123,2
85263,4.65214,49.68123,2
85264,4.65214,49.68123,2
85265,4.65011,49.67974,2
85266,4.65011,49.67974,2
85267,4.635526,49.687536,2
85268,4.65498,49.68261,2
85269,4.65651,49.69933,2
85270,4.649278,49.682674,2
85271,4.63186,49.68632,2
85272,4.65047,49.68011,2
85273,4.649299,49.67917,2
85274,4.649299,49.67917,2
85275,4.6521,49.68117,2
85276,4.62126,49.68716,2
85277,4.61974,49.70104,2
85278,4.8223,49.75441,2
85279,4.83882,49.76039,2
85280,4.8223,49.75441,2
85281,4.830789,49.761156,2
85282,4.83004,49.76157,2
85283,4.83791,49.76103,2
85284,4.8223,49.75441,2
85285,4.8223,49.75441,2
85286,4.823231,49.75407,2
85287,4.821553,49.753206,2
85288,4.830759,49.760833,2
85289,4.8223,49.75441,2
85290,4.83004,49.76157,2
85291,4.83004,49.76157,2
85292,4.82156,49.75408,2
85293,4.82394,49.75614,2
85294,4.83242,49.76305,2
85295,4.83092,49.75955,2
85296,4.56153,49.51285,2
85297,4.5574,49.51328,2
85298,4.55586,49.51366,2
85299,4.555606,49.512691,2
85300,4.55616,49.51161,2
85301,4.55616,49.51161,2
85302,4.54933,49.51375,2
85303,4.54933,49.51375,2
85304,4.54025,49.52206,2
85305,4.55729,49.51335,2
85306,4.70158,49.39262,2
85307,4.70158,49.39262,2
85308,4.70158,49.39262,2
85309,4.70183,49.39219,2
85310,4.70306,49.39064,2
85311,4.69618,49.39639,2
85312,4.70274,49.3951,2
85313,4.70245,49.39647,2
85314,4.70245,49.39647,2
85315,4.70245,49.39647,2
85316,4.70245,49.39647,2
85317,4.70225,49.39191,2
85318,4.70062,49.39563,2
85319,4.7019,49.39537,2
85320,4.70245,49.39647,2
85321,4.70254,49.3966,2
85322,4.92862,49.71614,2
85323,4.92576,49.72898,2
85324,4.93074,49.72481,2
85325,4.93074,49.72481,2
85326,4.93091,49.72221,2
85327,4.93156,49.72308,2
85328,4.93078,49.721,2
85329,4.93052,49.7193,2
85330,4.93065,49.72151,2
85331,4.92781,49.7219,2
85332,4.93264,49.70943,2
85333,4.93185,49.70979,2
85334,4.93264,49.70943,2
85335,4.92754,49.72204,2
85336,4.92619,49.72126,2
85337,4.92628,49.72478,2
85338,4.9313,49.72341,2
85339,4.93169,49.72095,2
85340,4.92926,49.72158,2
85341,4.92819,49.71103,2
85342,4.92628,49.72478,2
85343,4.929,49.7216,2
85344,4.92886,49.72188,2
85345,4.92754,49.72204,2
85346,4.93065,49.72151,2
