"ID","Longitude","Latitude","ServiceTime (min)"
96171,4.70142,49.76221,2
96172,4.70142,49.76221,2
96173,4.70142,49.76221,2
96174,4.70142,49.76221,2
96175,4.70163,49.76258,2
96176,4.70141,49.76204,2
96177,4.70173,49.76276,2
96178,4.70183,49.76295,2
96179,4.70197,49.76196,2
96180,4.70186,49.76265,2
96181,4.70473,49.76156,2
96182,4.70473,49.76156,2
96183,4.70473,49.76156,2
96184,4.70473,49.76156,2
96185,4.70473,49.76156,2
96186,4.70473,49.76156,2
96187,4.70473,49.76156,2
96188,4.70473,49.76156,2
96189,4.70473,49.76156,2
96190,4.70473,49.76156,2
96191,4.70173,49.76242,2
96192,4.70473,49.76156,2
96193,4.70473,49.76156,2
96194,4.7097,49.76031,2
96195,4.70459,49.76154,2
96196,4.70459,49.76154,2
96197,4.70459,49.76154,2
96198,4.70459,49.76154,2
96199,4.70459,49.76154,2
96200,4.70459,49.76154,2
96201,4.70459,49.76154,2
96202,4.70459,49.76154,2
96203,4.70445,49.76152,2
96204,4.70445,49.76152,2
96205,4.7123,49.76062,2
96206,4.70445,49.76152,2
96207,4.71029,49.7607,2
96208,4.70996,49.76071,2
96209,4.70949,49.76077,2
96210,4.70445,49.76152,2
96211,4.70965,49.76056,2
96212,4.70445,49.76152,2
96213,4.70963,49.76017,2
96214,4.70445,49.76152,2
96215,4.70974,49.76007,2
96216,4.70445,49.76152,2
96217,4.70445,49.76152,2
96218,4.70372,49.76105,2
96219,4.70965,49.76056,2
96220,4.70372,49.76105,2
96221,4.70372,49.76105,2
96222,4.70573,49.7614,2
96223,4.70372,49.76105,2
96224,4.70368,49.7609,2
96225,4.70372,49.76105,2
96226,4.70923,49.76058,2
96227,4.70923,49.76058,2
96228,4.70372,49.76105,2
96229,4.7156,49.7614,2
96230,4.70372,49.76105,2
96231,4.71642,49.76099,2
96232,4.71713,49.76111,2
96233,4.70372,49.76105,2
96234,4.71718,49.76109,2
96235,4.70368,49.7609,2
96236,4.7175,49.76095,2
96237,4.71754,49.76093,2
96238,4.70368,49.7609,2
96239,4.71525,49.7614,2
96240,4.70368,49.7609,2
96241,4.7144,49.76122,2
96242,4.70368,49.7609,2
96243,4.71418,49.76112,2
96244,4.70142,49.76221,2
96245,4.71418,49.76112,2
96246,4.70368,49.7609,2
96247,4.71474,49.76101,2
96248,4.70368,49.7609,2
96249,4.71457,49.76125,2
96250,4.70368,49.7609,2
96251,4.71491,49.76133,2
96252,4.71715,49.7622,2
96253,4.70368,49.7609,2
96254,4.71695,49.76259,2
96255,4.71675,49.76298,2
96256,4.70923,49.76058,2
96257,4.71655,49.76338,2
96258,4.70923,49.76058,2
96259,4.71657,49.76365,2
96260,4.70923,49.76058,2
96261,4.70923,49.76058,2
96262,4.70923,49.76058,2
96263,4.71637,49.76357,2
96264,4.70923,49.76058,2
96265,4.71637,49.76357,2
96266,4.70923,49.76058,2
96267,4.71637,49.76357,2
96268,4.70923,49.76058,2
96269,4.71637,49.76357,2
96270,4.70923,49.76058,2
96271,4.70923,49.76058,2
96272,4.70923,49.76058,2
96273,4.70923,49.76058,2
96274,4.70923,49.76058,2
96275,4.70923,49.76058,2
96276,4.70923,49.76058,2
96277,4.7095,49.76042,2
96278,4.7095,49.76042,2
96279,4.7095,49.76042,2
96280,4.7095,49.76042,2
96281,4.71727,49.76105,2
96282,4.7095,49.76042,2
96283,4.7095,49.76042,2
96284,4.7095,49.76042,2
96285,4.7095,49.76042,2
96286,4.7095,49.76042,2
96287,4.70173,49.76242,2
96288,4.7095,49.76042,2
96289,4.7095,49.76042,2
96290,4.7095,49.76042,2
96291,4.7095,49.76042,2
96292,4.7095,49.76042,2
96293,4.7095,49.76042,2
96294,4.7095,49.76042,2
96295,4.7095,49.76042,2
96296,4.7095,49.76042,2
96297,4.7095,49.76042,2
96298,4.70959,49.75993,2
96299,4.70959,49.75993,2
96300,4.70959,49.75993,2
96301,4.70959,49.75993,2
96302,4.70959,49.75993,2
96303,4.70959,49.75993,2
96304,4.70959,49.75993,2
96305,4.70959,49.75993,2
96306,4.70959,49.75993,2
96307,4.70959,49.75993,2
96308,4.70959,49.75993,2
96309,4.70959,49.75993,2
96310,4.70959,49.75993,2
96311,4.70959,49.75993,2
96312,4.70959,49.75993,2
96313,4.70959,49.75993,2
96314,4.70959,49.75993,2
96315,4.70793,49.76049,2
96316,4.70793,49.76049,2
96317,4.70793,49.76049,2
96318,4.70793,49.76049,2
96319,4.70793,49.76049,2
96320,4.70793,49.76049,2
96321,4.70793,49.76049,2
96322,4.70793,49.76049,2
96323,4.70793,49.76049,2
96324,4.70793,49.76049,2
96325,4.70793,49.76049,2
96326,4.70793,49.76049,2
96327,4.70793,49.76049,2
96328,4.70793,49.76049,2
96329,4.70793,49.76049,2
96330,4.70727,49.76047,2
96331,4.70727,49.76047,2
96332,4.70727,49.76047,2
96333,4.70727,49.76047,2
96334,4.70727,49.76047,2
96335,4.70727,49.76047,2
96336,4.70727,49.76047,2
96337,4.70727,49.76047,2
96338,4.70727,49.76047,2
96339,4.70727,49.76047,2
96340,4.70727,49.76047,2
96341,4.70727,49.76047,2
96342,4.70662,49.76045,2
96343,4.70662,49.76045,2
96344,4.70662,49.76045,2
96345,4.70532,49.76049,2
96346,4.70532,49.76049,2
96347,4.70532,49.76049,2
96348,4.70532,49.76049,2
96349,4.70532,49.76049,2
96350,4.70532,49.76049,2
96351,4.70532,49.76049,2
96352,4.70532,49.76049,2
96353,4.70532,49.76049,2
96354,4.70532,49.76049,2
96355,4.70532,49.76049,2
96356,4.70532,49.76049,2
96357,4.70532,49.76049,2
96358,4.70532,49.76049,2
96359,4.70532,49.76049,2
96360,4.70532,49.76049,2
96361,4.70532,49.76049,2
96362,4.70532,49.76049,2
96363,4.70532,49.76049,2
96364,4.70596,49.76043,2
96365,4.70596,49.76043,2
96366,4.70596,49.76043,2
96367,4.70596,49.76043,2
96368,4.70596,49.76043,2
96369,4.70596,49.76043,2
96370,4.70596,49.76043,2
96371,4.70596,49.76043,2
96372,4.70596,49.76043,2
96373,4.70596,49.76043,2
96374,4.70596,49.76043,2
96375,4.70596,49.76043,2
96376,4.70596,49.76043,2
96377,4.70596,49.76043,2
96378,4.70596,49.76043,2
96379,4.70596,49.76043,2
96380,4.70596,49.76043,2
96381,4.7072,49.76053,2
96382,4.7072,49.76053,2
96383,4.7072,49.76053,2
96384,4.7072,49.76053,2
96385,4.7072,49.76053,2
96386,4.7072,49.76053,2
96387,4.7072,49.76053,2
96388,4.7072,49.76053,2
96389,4.7072,49.76053,2
96390,4.7072,49.76053,2
96391,4.7072,49.76053,2
96392,4.7072,49.76053,2
96393,4.7072,49.76053,2
96394,4.7072,49.76053,2
96395,4.7072,49.76053,2
96396,4.71491,49.76133,2
96397,4.7072,49.76053,2
96398,4.7072,49.76053,2
96399,4.7072,49.76053,2
96400,4.7072,49.76053,2
96401,4.7072,49.76053,2
96402,4.7072,49.76053,2
96403,4.7072,49.76053,2
96404,4.70662,49.76045,2
96405,4.70662,49.76045,2
96406,4.70662,49.76045,2
96407,4.70662,49.76045,2
96408,4.70662,49.76045,2
96409,4.70662,49.76045,2
96410,4.70662,49.76045,2
96411,4.70858,49.76052,2
96412,4.70858,49.76052,2
96413,4.70858,49.76052,2
96414,4.70858,49.76052,2
96415,4.70858,49.76052,2
96416,4.70858,49.76052,2
96417,4.70858,49.76052,2
96418,4.70858,49.76052,2
96419,4.70858,49.76052,2
96420,4.70858,49.76052,2
96421,4.70858,49.76052,2
96422,4.70858,49.76052,2
96423,4.70858,49.76052,2
96424,4.70858,49.76052,2
96425,4.70858,49.76052,2
96426,4.71645,49.76114,2
96427,4.71642,49.76099,2
96428,4.71642,49.76099,2
96429,4.71642,49.76099,2
96430,4.71639,49.76083,2
96431,4.71639,49.76083,2
96432,4.71639,49.76083,2
96433,4.71639,49.76083,2
96434,4.71639,49.76083,2
96435,4.71639,49.76083,2
96436,4.71639,49.76083,2
96437,4.71672,49.76127,2
96438,4.71672,49.76123,2
96439,4.71695,49.76126,2
96440,4.71713,49.76111,2
96441,4.71713,49.76111,2
96442,4.71713,49.76111,2
96443,4.71713,49.76111,2
96444,4.71718,49.76109,2
96445,4.71718,49.76109,2
96446,4.71718,49.76109,2
96447,4.71718,49.76109,2
96448,4.71718,49.76109,2
96449,4.71731,49.76103,2
96450,4.71731,49.76103,2
96451,4.71731,49.76103,2
96452,4.71731,49.76103,2
96453,4.71736,49.76101,2
96454,4.71741,49.76099,2
96455,4.7175,49.76095,2
96456,4.7175,49.76095,2
96457,4.7175,49.76095,2
96458,4.71754,49.76093,2
96459,4.71754,49.76093,2
96460,4.71754,49.76093,2
96461,4.71754,49.76093,2
96462,4.71754,49.76093,2
96463,4.71754,49.76093,2
96464,4.71759,49.76091,2
96465,4.71759,49.76091,2
96466,4.71759,49.76091,2
96467,4.71759,49.76091,2
96468,4.71759,49.76091,2
96469,4.71764,49.76089,2
96470,4.71764,49.76089,2
96471,4.71768,49.76087,2
96472,4.71768,49.76087,2
96473,4.71742,49.76112,2
96474,4.71525,49.7614,2
96475,4.71525,49.7614,2
96476,4.71525,49.7614,2
96477,4.71525,49.7614,2
96478,4.71525,49.7614,2
96479,4.71508,49.76136,2
96480,4.71525,49.7614,2
96481,4.7144,49.76122,2
96482,4.7144,49.76122,2
96483,4.7144,49.76122,2
96484,4.7144,49.76122,2
96485,4.7144,49.76122,2
96486,4.7144,49.76122,2
96487,4.71432,49.76121,2
96488,4.71432,49.76121,2
96489,4.71432,49.76121,2
96490,4.71432,49.76121,2
96491,4.71432,49.76121,2
96492,4.71415,49.76125,2
96493,4.71415,49.76125,2
96494,4.71424,49.76123,2
96495,4.71415,49.76112,2
96496,4.71415,49.76112,2
96497,4.71415,49.76112,2
96498,4.7149,49.76059,2
96499,4.71418,49.76112,2
96500,4.71418,49.76112,2
96501,4.71418,49.76112,2
96502,4.71418,49.76112,2
96503,4.71418,49.76112,2
96504,4.71474,49.76101,2
96505,4.71474,49.76101,2
96506,4.71474,49.76101,2
96507,4.71474,49.76101,2
96508,4.71558,49.76084,2
96509,4.71457,49.76125,2
96510,4.71457,49.76125,2
96511,4.71457,49.76125,2
96512,4.71457,49.76125,2
96513,4.71474,49.76129,2
96514,4.71474,49.76129,2
96515,4.71474,49.76129,2
96516,4.70979,49.76072,2
96517,4.71474,49.76129,2
96518,4.71474,49.76129,2
96519,4.71474,49.76129,2
96520,4.71474,49.76129,2
96521,4.71474,49.76129,2
96522,4.71491,49.76133,2
96523,4.71491,49.76133,2
96524,4.71491,49.76133,2
96525,4.71491,49.76133,2
96526,4.71491,49.76133,2
96527,4.71491,49.76133,2
96528,4.71491,49.76133,2
96529,4.71715,49.7622,2
96530,4.71715,49.7622,2
96531,4.71715,49.7622,2
96532,4.71715,49.7622,2
96533,4.71715,49.7622,2
96534,4.71715,49.7622,2
96535,4.71695,49.76259,2
96536,4.71695,49.76259,2
96537,4.71508,49.76136,2
96538,4.71695,49.76259,2
96539,4.71508,49.76136,2
96540,4.71508,49.76136,2
96541,4.71695,49.76259,2
96542,4.71508,49.76136,2
96543,4.71695,49.76259,2
96544,4.71695,49.76259,2
96545,4.71222,49.76051,2
96546,4.71695,49.76259,2
96547,4.71199,49.76052,2
96548,4.71017,49.76124,2
96549,4.71695,49.76259,2
96550,4.71175,49.76052,2
96551,4.71017,49.76124,2
96552,4.71695,49.76259,2
96553,4.71152,49.76053,2
96554,4.71695,49.76259,2
96555,4.71695,49.76259,2
96556,4.71152,49.76053,2
96557,4.71695,49.76259,2
96558,4.71128,49.76054,2
96559,4.70466,49.76091,2
96560,4.71675,49.76298,2
96561,4.71105,49.76055,2
96562,4.70473,49.76156,2
96563,4.71675,49.76298,2
96564,4.71082,49.76056,2
96565,4.70459,49.76154,2
96566,4.70368,49.7609,2
96567,4.71675,49.76298,2
96568,4.71058,49.76057,2
96569,4.70923,49.76058,2
96570,4.70923,49.76058,2
96571,4.71675,49.76298,2
96572,4.71035,49.76058,2
96573,4.70923,49.76058,2
96574,4.7095,49.76042,2
96575,4.71675,49.76298,2
96576,4.71035,49.76058,2
96577,4.7095,49.76042,2
96578,4.7095,49.76042,2
96579,4.71675,49.76298,2
96580,4.71035,49.76058,2
96581,4.70959,49.75993,2
96582,4.71012,49.76059,2
96583,4.70959,49.75993,2
96584,4.71655,49.76338,2
96585,4.71012,49.76059,2
96586,4.70793,49.76049,2
96587,4.70793,49.76049,2
96588,4.71655,49.76338,2
96589,4.70988,49.7606,2
96590,4.70727,49.76047,2
96591,4.70727,49.76047,2
96592,4.71655,49.76338,2
96593,4.70988,49.7606,2
96594,4.70727,49.76047,2
96595,4.70965,49.76061,2
96596,4.70727,49.76047,2
96597,4.71655,49.76338,2
96598,4.70662,49.76045,2
96599,4.71213,49.76063,2
96600,4.70532,49.76049,2
96601,4.71655,49.76338,2
96602,4.70532,49.76049,2
96603,4.71213,49.76063,2
96604,4.70596,49.76043,2
96605,4.71655,49.76338,2
96606,4.71196,49.76063,2
96607,4.70596,49.76043,2
96608,4.7072,49.76053,2
96609,4.71657,49.76365,2
96610,4.7118,49.76064,2
96611,4.7072,49.76053,2
96612,4.7072,49.76053,2
96613,4.71657,49.76365,2
96614,4.7118,49.76064,2
96615,4.7072,49.76053,2
96616,4.71415,49.76112,2
96617,4.7072,49.76053,2
96618,4.71657,49.76365,2
96619,4.71163,49.76065,2
96620,4.7072,49.76053,2
96621,4.70662,49.76045,2
96622,4.71657,49.76365,2
96623,4.71163,49.76065,2
96624,4.70858,49.76052,2
96625,4.71146,49.76065,2
96626,4.70858,49.76052,2
96627,4.71657,49.76365,2
96628,4.7113,49.76066,2
96629,4.71657,49.76365,2
96630,4.7113,49.76066,2
96631,4.71657,49.76365,2
96632,4.7113,49.76066,2
96633,4.71113,49.76067,2
96634,4.71657,49.76365,2
96635,4.71113,49.76067,2
96636,4.71657,49.76365,2
96637,4.71113,49.76067,2
96638,4.71474,49.76129,2
96639,4.71657,49.76365,2
96640,4.71474,49.76129,2
96641,4.71096,49.76067,2
96642,4.71491,49.76133,2
96643,4.71657,49.76365,2
96644,4.71732,49.76372,2
96645,4.7191,49.76014,2
96646,4.7108,49.76068,2
96647,4.71637,49.76357,2
96648,4.71063,49.76069,2
96649,4.71637,49.76357,2
96650,4.71046,49.76069,2
96651,4.71637,49.76357,2
96652,4.71029,49.7607,2
96653,4.71637,49.76357,2
96654,4.71029,49.7607,2
96655,4.71637,49.76357,2
96656,4.71029,49.7607,2
96657,4.71637,49.76357,2
96658,4.71029,49.7607,2
96659,4.71637,49.76357,2
96660,4.71013,49.76071,2
96661,4.71637,49.76357,2
96662,4.70996,49.76071,2
96663,4.71637,49.76357,2
96664,4.70996,49.76071,2
96665,4.71637,49.76357,2
96666,4.70996,49.76071,2
96667,4.71637,49.76357,2
96668,4.70996,49.76071,2
96669,4.71637,49.76357,2
96670,4.70996,49.76071,2
96671,4.71637,49.76357,2
96672,4.70996,49.76071,2
96673,4.71637,49.76357,2
96674,4.70996,49.76071,2
96675,4.70979,49.76072,2
96676,4.71637,49.76357,2
96677,4.70979,49.76072,2
96678,4.71637,49.76357,2
96679,4.70979,49.76072,2
96680,4.71637,49.76357,2
96681,4.7095,49.76042,2
96682,4.71637,49.76357,2
96683,4.7072,49.76053,2
96684,4.70963,49.76073,2
96685,4.71637,49.76357,2
96686,4.70997,49.76114,2
96687,4.71637,49.76357,2
96688,4.70955,49.76095,2
96689,4.71637,49.76357,2
96690,4.71637,49.76357,2
96691,4.70949,49.76077,2
96692,4.71637,49.76357,2
96693,4.7097,49.76031,2
96694,4.71424,49.76123,2
96695,4.71637,49.76357,2
96696,4.70785,49.7606,2
96697,4.71637,49.76357,2
96698,4.70785,49.7606,2
96699,4.71637,49.76357,2
96700,4.70785,49.7606,2
96701,4.70785,49.7606,2
96702,4.70785,49.7606,2
96703,4.70785,49.7606,2
96704,4.70785,49.7606,2
96705,4.70747,49.76059,2
96706,4.7071,49.76058,2
96707,4.70635,49.76055,2
96708,4.70672,49.76057,2
96709,4.70597,49.76054,2
96710,4.7175,49.76095,2
96711,4.70484,49.76091,2
96712,4.7175,49.76095,2
96713,4.70486,49.76127,2
96714,4.70487,49.76154,2
96715,4.70487,49.76154,2
96716,4.70468,49.76127,2
96717,4.70468,49.76127,2
96718,4.70468,49.76127,2
96719,4.70468,49.76127,2
96720,4.70468,49.76127,2
96721,4.70468,49.76127,2
96722,4.70468,49.76127,2
96723,4.70468,49.76127,2
96724,4.70468,49.76127,2
96725,4.70466,49.76091,2
96726,4.70466,49.76091,2
96727,4.70466,49.76091,2
96728,4.70466,49.76091,2
96729,4.70466,49.76091,2
96730,4.70466,49.76091,2
96731,4.70466,49.76091,2
96732,4.70466,49.76091,2
96733,4.70186,49.76265,2
96734,4.70186,49.76265,2
96735,4.70503,49.76158,2
96736,4.70611,49.76165,2
96737,4.70611,49.76165,2
96738,4.70611,49.76165,2
96739,4.70501,49.76169,2
96740,4.70501,49.76169,2
96741,4.70471,49.76167,2
96742,4.70459,49.76166,2
96743,4.70448,49.76164,2
96744,4.70436,49.76163,2
96745,4.7016,49.76219,2
96746,4.70564,49.76112,2
96747,4.70564,49.76118,2
96748,4.70564,49.76124,2
96749,4.70564,49.7613,2
96750,4.70564,49.76135,2
96751,4.70564,49.76141,2
96752,4.70564,49.76147,2
96753,4.70564,49.76153,2
96754,4.70564,49.76159,2
96755,4.70173,49.76242,2
96756,4.70564,49.76165,2
96757,4.70425,49.76162,2
96758,4.70413,49.7616,2
96759,4.70394,49.7616,2
96760,4.70363,49.7616,2
96761,4.70248,49.76187,2
96762,4.7023,49.76192,2
96763,4.70212,49.76197,2
96764,4.70194,49.76202,2
96765,4.70176,49.76207,2
96766,4.70158,49.76212,2
96767,4.70144,49.76107,2
96768,4.70965,49.76056,2
96769,4.69978,49.7615,2
96770,4.70142,49.76221,2
96771,4.24976,49.6483,2
96772,4.24976,49.6483,2
96773,4.25248,49.64945,2
96774,4.24976,49.6483,2
96775,4.24976,49.6483,2
96776,4.24976,49.6483,2
96777,4.25248,49.64945,2
96778,4.24976,49.6483,2
96779,4.24976,49.6483,2
96780,4.24976,49.6483,2
96781,4.24976,49.6483,2
96782,4.24976,49.6483,2
96783,4.24976,49.6483,2
96784,4.24976,49.6483,2
96785,4.26429,49.6504,2
96786,4.27653,49.65962,2
96787,4.25399,49.65076,2
96788,4.2537,49.65091,2
96789,4.25332,49.65094,2
96790,4.25298,49.65085,2
96791,4.25349,49.65081,2
96792,4.25159,49.65113,2
96793,4.25294,49.65098,2
96794,4.25211,49.65094,2
96795,4.25252,49.6509,2
96796,4.25259,49.65101,2
96797,4.25171,49.65099,2
96798,4.25131,49.65105,2
96799,4.2421,49.64842,2
96800,4.25225,49.65105,2
96801,4.25062,49.65141,2
96802,4.25062,49.65141,2
96803,4.25062,49.65141,2
96804,4.25062,49.65141,2
96805,4.24811,49.65055,2
96806,4.2499,49.65119,2
96807,4.25045,49.65127,2
96808,4.25045,49.65127,2
96809,4.25045,49.65127,2
96810,4.24983,49.6513,2
96811,4.25045,49.65127,2
96812,4.24936,49.65119,2
96813,4.25045,49.65127,2
96814,4.26723,49.656,2
96815,4.26723,49.656,2
96816,4.26723,49.656,2
96817,4.27653,49.65962,2
96818,4.27653,49.65962,2
96819,4.27653,49.65962,2
96820,4.26723,49.656,2
96821,4.289471,49.664286,2
96822,4.28021,49.66793,2
96823,4.28021,49.66793,2
96824,4.281742,49.667762,2
96825,4.24898,49.64872,2
96826,4.25062,49.65141,2
96827,4.23786,49.64578,2
96828,4.23786,49.64578,2
96829,4.2488,49.65101,2
96830,4.24573,49.65049,2
96831,4.25045,49.65127,2
96832,4.24664,49.64928,2
96833,4.2684,49.6336,2
96834,4.2684,49.6336,2
96835,4.2684,49.6336,2
96836,4.2421,49.64842,2
96837,4.23786,49.64578,2
96838,4.24976,49.6483,2
96839,4.2421,49.64842,2
96840,4.19984,49.67594,2
96841,4.24015,49.64793,2
96842,4.24898,49.64757,2
96843,4.26723,49.656,2
96844,4.24898,49.64757,2
96845,4.26723,49.656,2
96846,4.24898,49.64757,2
96847,4.2421,49.64842,2
96848,4.24898,49.64757,2
96849,4.22346,49.63584,2
96850,4.24976,49.6483,2
96851,4.23786,49.64578,2
96852,4.24664,49.64928,2
96853,4.24667,49.64923,2
96854,4.24803,49.649,2
96855,4.242965,49.636388,2
96856,4.2511,49.64755,2
96857,4.2511,49.64755,2
96858,4.25248,49.64945,2
96859,4.24976,49.6483,2
96860,4.26429,49.6504,2
96861,4.26429,49.6504,2
96862,4.24942,49.65108,2
96863,4.247052,49.659843,2
96864,4.27653,49.65962,2
96865,4.289471,49.664286,2
96866,4.24811,49.65055,2
96867,4.23979,49.64756,2
96868,4.23786,49.64578,2
96869,4.25094,49.65126,2
96870,4.25248,49.64945,2
96871,4.24976,49.6483,2
96872,4.24664,49.64928,2
96873,4.24664,49.64928,2
96874,4.24664,49.64928,2
96875,4.24664,49.64928,2
96876,4.255033,49.649457,2
96877,4.2684,49.6336,2
96878,4.24898,49.64757,2
96879,4.24898,49.64757,2
96880,4.24976,49.6483,2
96881,4.24898,49.64757,2
96882,4.24898,49.64757,2
96883,4.19984,49.67594,2
96884,4.28021,49.66793,2
96885,4.25248,49.64945,2
96886,4.2421,49.64842,2
96887,4.2421,49.64842,2
96888,4.2421,49.64842,2
96889,4.25216,49.649215,2
96890,4.252174,49.649197,2
96891,4.250324,49.653377,2
96892,4.25045,49.65127,2
96893,4.25045,49.65127,2
96894,4.25045,49.65127,2
96895,4.25045,49.65127,2
96896,4.25045,49.65127,2
96897,4.24573,49.65049,2
96898,4.24573,49.65049,2
96899,4.25045,49.65127,2
96900,4.25045,49.65127,2
96901,4.25045,49.65127,2
96902,4.25045,49.65127,2
96903,4.24708,49.64924,2
96904,4.2466,49.64928,2
96905,4.24728,49.64925,2
96906,4.2421,49.64842,2
96907,4.2463,49.64933,2
96908,4.2421,49.64842,2
96909,4.24664,49.64928,2
96910,4.24664,49.64928,2
96911,4.24664,49.64928,2
96912,4.24664,49.64928,2
96913,4.24526,49.64937,2
96914,4.24517,49.64979,2
96915,4.24573,49.65049,2
96916,4.2421,49.64842,2
96917,4.2684,49.6336,2
96918,4.244193,49.64926,2
96919,4.24517,49.64979,2
96920,4.2684,49.6336,2
96921,4.2684,49.6336,2
96922,4.2421,49.64842,2
96923,4.2684,49.6336,2
96924,4.2421,49.64842,2
96925,4.2684,49.6336,2
96926,4.2684,49.6336,2
96927,4.2421,49.64842,2
96928,4.2684,49.6336,2
96929,4.2421,49.64842,2
96930,4.2421,49.64842,2
96931,4.2684,49.6336,2
96932,4.243542,49.649253,2
96933,4.2421,49.64842,2
96934,4.2421,49.64842,2
96935,4.2421,49.64842,2
96936,4.2684,49.6336,2
96937,4.2466,49.64928,2
96938,4.2421,49.64842,2
96939,4.2421,49.64842,2
96940,4.19984,49.67594,2
96941,4.2684,49.6336,2
96942,4.2466,49.64928,2
96943,4.2421,49.64842,2
96944,4.2421,49.64842,2
96945,4.23786,49.64578,2
96946,4.253933,49.650741,2
96947,4.253933,49.650741,2
96948,4.23786,49.64578,2
96949,4.253933,49.650741,2
96950,4.24319,49.64898,2
96951,4.253933,49.650741,2
96952,4.2421,49.64842,2
96953,4.24396,49.64839,2
96954,4.244193,49.64926,2
96955,4.2684,49.6336,2
96956,4.24664,49.64928,2
96957,4.24647,49.64922,2
96958,4.24647,49.64922,2
96959,4.24647,49.64922,2
96960,4.24647,49.64922,2
96961,4.24756,49.64928,2
96962,4.24744,49.6492,2
96963,4.24749,49.64902,2
96964,4.24767,49.64906,2
96965,4.24703,49.65069,2
96966,4.24779,49.64914,2
96967,4.24803,49.649,2
96968,4.24822,49.64896,2
96969,4.24821,49.64884,2
96970,4.24829,49.64851,2
96971,4.24898,49.64872,2
96972,4.24889,49.64884,2
96973,4.24893,49.64811,2
96974,4.24851,49.64849,2
96975,4.24836,49.64867,2
96976,4.24866,49.64832,2
96977,4.24881,49.64814,2
96978,4.248479,49.648079,2
96979,4.24899,49.64782,2
96980,4.24918,49.64739,2
96981,4.24891,49.64757,2
96982,4.24939,49.6465,2
96983,4.24893,49.64811,2
96984,4.24898,49.64757,2
96985,4.24858,49.64817,2
96986,4.24921,49.64649,2
96987,4.24929,49.64808,2
96988,4.28021,49.66793,2
96989,4.25248,49.64945,2
96990,4.24976,49.6483,2
96991,4.2511,49.64755,2
96992,4.24976,49.6483,2
96993,4.2511,49.64755,2
96994,4.2504,49.64794,2
96995,4.2511,49.64755,2
96996,4.24976,49.6483,2
96997,4.24976,49.6483,2
96998,4.24976,49.6483,2
96999,4.2466,49.64928,2
97000,4.24976,49.6483,2
97001,4.24976,49.6483,2
97002,4.24976,49.6483,2
97003,4.24976,49.6483,2
97004,4.25248,49.64945,2
97005,4.24976,49.6483,2
97006,4.24976,49.6483,2
97007,4.252147,49.649225,2
97008,4.25248,49.64945,2
97009,4.24976,49.6483,2
97010,4.24976,49.6483,2
97011,4.24976,49.6483,2
97012,4.24976,49.6483,2
97013,4.28163,49.63421,2
97014,4.28163,49.63421,2
97015,4.2511,49.64755,2
97016,4.2511,49.64755,2
97017,4.2511,49.64755,2
97018,4.2511,49.64755,2
97019,4.2511,49.64755,2
97020,4.2511,49.64755,2
97021,4.2511,49.64755,2
97022,4.2511,49.64755,2
97023,4.2511,49.64755,2
97024,4.2511,49.64755,2
97025,4.2511,49.64755,2
97026,4.22294,49.63523,2
97027,4.2511,49.64755,2
97028,4.2511,49.64755,2
97029,4.2511,49.64755,2
97030,4.26987,49.63346,2
97031,4.2511,49.64755,2
97032,4.2511,49.64755,2
97033,4.2511,49.64755,2
97034,4.2511,49.64755,2
97035,4.2511,49.64755,2
97036,4.2511,49.64755,2
97037,4.2511,49.64755,2
97038,4.2511,49.64755,2
97039,4.2511,49.64755,2
97040,4.2511,49.64755,2
97041,4.2511,49.64755,2
97042,4.2511,49.64755,2
97043,4.2511,49.64755,2
97044,4.2511,49.64755,2
97045,4.2511,49.64755,2
97046,4.2511,49.64755,2
97047,4.250099,49.645888,2
97048,4.82926,49.82053,2
97049,4.82922,49.82082,2
97050,4.82945,49.82029,2
97051,4.82922,49.82082,2
97052,4.82922,49.82082,2
97053,4.82922,49.82082,2
97054,4.82945,49.82029,2
97055,4.82914,49.82084,2
97056,4.82939,49.82004,2
97057,4.82937,49.81996,2
97058,4.82933,49.81979,2
97059,4.82931,49.81971,2
97060,4.82929,49.81962,2
97061,4.82928,49.81954,2
97062,4.82905,49.81941,2
97063,4.82873,49.81931,2
97064,4.82931,49.82018,2
97065,4.82935,49.81988,2
97066,4.82931,49.82018,2
97067,4.82995,49.8202,2
97068,4.82984,49.82007,2
97069,4.82994,49.8202,2
97070,4.82994,49.8202,2
97071,4.82969,49.82025,2
97072,4.82945,49.82029,2
97073,4.82945,49.82029,2
97074,4.82942,49.82042,2
97075,4.8295,49.8204,2
97076,4.82958,49.82039,2
97077,4.82966,49.82037,2
97078,4.82974,49.82036,2
97079,4.82982,49.82034,2
97080,4.82991,49.82033,2
97081,4.82999,49.82031,2
97082,4.83007,49.8203,2
97083,4.83018,49.82027,2
97084,4.83029,49.82024,2
97085,4.83041,49.82021,2
97086,4.83029,49.82024,2
97087,4.83052,49.82018,2
97088,4.83064,49.82015,2
97089,4.83087,49.82009,2
97090,4.83096,49.82014,2
97091,4.83106,49.82019,2
97092,4.83115,49.82008,2
97093,4.83099,49.81998,2
97094,4.83078,49.81998,2
97095,4.83057,49.82004,2
97096,4.83036,49.82009,2
97097,4.83016,49.82015,2
97098,4.83016,49.82015,2
97099,4.82905,49.82102,2
97100,4.82873,49.82119,2
97101,4.82841,49.82136,2
97102,4.83114,49.82025,2
97103,4.8457,49.81585,2
97104,4.82807,49.82095,2
97105,4.83098,49.82031,2
97106,4.8457,49.81585,2
97107,4.82789,49.82097,2
97108,4.83082,49.82036,2
97109,4.82792,49.82102,2
97110,4.83075,49.82039,2
97111,4.82794,49.82107,2
97112,4.84911,49.81566,2
97113,4.82799,49.82116,2
97114,4.84876,49.81568,2
97115,4.82804,49.82126,2
97116,4.84841,49.81569,2
97117,4.82767,49.82138,2
97118,4.83043,49.82051,2
97119,4.82769,49.82159,2
97120,4.84807,49.81571,2
97121,4.82754,49.8215,2
97122,4.84772,49.81569,2
97123,4.82754,49.8215,2
97124,4.84737,49.81568,2
97125,4.84821,49.81582,2
97126,4.82754,49.8215,2
97127,4.84702,49.81566,2
97128,4.82754,49.8215,2
97129,4.84668,49.81568,2
97130,4.82754,49.8215,2
97131,4.84599,49.81576,2
97132,4.82754,49.8215,2
97133,4.84566,49.81579,2
97134,4.82754,49.8215,2
97135,4.82965,49.82087,2
97136,4.82726,49.82111,2
97137,4.8446,49.81592,2
97138,4.82663,49.82009,2
97139,4.82664,49.81996,2
97140,4.84569,49.81591,2
97141,4.82732,49.82133,2
97142,4.8272,49.82136,2
97143,4.84536,49.81595,2
97144,4.82675,49.82145,2
97145,4.84603,49.81587,2
97146,4.82663,49.82147,2
97147,4.82985,49.82104,2
97148,4.82771,49.82163,2
97149,4.82996,49.821,2
97150,4.82754,49.8215,2
97151,4.82815,49.8214,2
97152,4.84727,49.81579,2
97153,4.82563,49.82213,2
97154,4.83017,49.82093,2
97155,4.82563,49.82213,2
97156,4.83027,49.8209,2
97157,4.83037,49.82086,2
97158,4.82595,49.82176,2
97159,4.83048,49.82083,2
97160,4.82595,49.82176,2
97161,4.83058,49.82079,2
97162,4.84914,49.81578,2
97163,4.82595,49.82176,2
97164,4.8457,49.81585,2
97165,4.82563,49.82213,2
97166,4.8457,49.81585,2
97167,4.82595,49.82176,2
97168,4.8457,49.81585,2
97169,4.82595,49.82176,2
97170,4.8457,49.81585,2
97171,4.82563,49.82213,2
97172,4.83134,49.82041,2
97173,4.82595,49.82176,2
97174,4.8457,49.81585,2
97175,4.82595,49.82176,2
97176,4.8457,49.81585,2
97177,4.82595,49.82176,2
97178,4.8457,49.81585,2
97179,4.8346,49.81882,2
97180,4.84531,49.81624,2
97181,4.82975,49.82107,2
97182,4.84536,49.81595,2
97183,4.8328,49.81982,2
97184,4.82975,49.82107,2
97185,4.84531,49.81624,2
97186,4.83383,49.81939,2
97187,4.8457,49.81585,2
97188,4.84737,49.81568,2
97189,4.83234,49.81994,2
97190,4.82965,49.82111,2
97191,4.83552,49.8184,2
97192,4.84531,49.81624,2
97193,4.82952,49.82138,2
97194,4.84702,49.81566,2
97195,4.8457,49.81585,2
97196,4.82663,49.82009,2
97197,4.84531,49.81624,2
97198,4.84292,49.81776,2
97199,4.82924,49.82132,2
97200,4.84665,49.8158,2
97201,4.8457,49.81585,2
97202,4.84696,49.81577,2
97203,4.8457,49.81585,2
97204,4.82728,49.82196,2
97205,4.84938,49.81613,2
97206,4.84531,49.81624,2
97207,4.82833,49.82304,2
97208,4.8457,49.81585,2
97209,4.83472,49.8189,2
97210,4.82885,49.82098,2
97211,4.84807,49.81571,2
97212,4.84633,49.81572,2
97213,4.83569,49.81847,2
97214,4.84599,49.81576,2
97215,4.82814,49.81532,2
97216,4.84533,49.81583,2
97217,4.8457,49.81585,2
97218,4.84531,49.81624,2
97219,4.84531,49.81624,2
97220,4.8369,49.81799,2
97221,4.84531,49.81624,2
97222,4.8457,49.81585,2
97223,4.83618,49.81817,2
97224,4.847753,49.816022,2
97225,4.82905,49.82066,2
97226,4.84531,49.81624,2
97227,4.8457,49.81585,2
97228,4.82931,49.82018,2
97229,4.84876,49.81568,2
97230,4.8457,49.81585,2
97231,4.82994,49.8202,2
97232,4.84938,49.81613,2
97233,4.83654,49.81808,2
97234,4.82914,49.82084,2
97235,4.84531,49.81624,2
97236,4.8457,49.81585,2
97237,4.84531,49.81624,2
97238,4.8457,49.81585,2
97239,4.8457,49.81585,2
97240,4.8457,49.81585,2
97241,4.83342,49.8209,2
97242,4.84938,49.81613,2
97243,4.8457,49.81585,2
97244,4.84951,49.81568,2
97245,4.8457,49.81585,2
97246,4.84951,49.81568,2
97247,4.8457,49.81585,2
97248,4.84938,49.81613,2
97249,4.8457,49.81585,2
97250,4.8457,49.81585,2
97251,4.84938,49.81613,2
97252,4.84951,49.81568,2
97253,4.83601,49.81733,2
97254,4.84536,49.81595,2
97255,4.83425,49.81655,2
97256,4.86218,49.81217,2
97257,4.83637,49.81739,2
97258,4.84531,49.81624,2
97259,4.84635,49.81583,2
97260,4.8457,49.81585,2
97261,4.83537,49.81763,2
97262,4.83601,49.81733,2
97263,4.83513,49.8182,2
97264,4.8457,49.81585,2
97265,4.8457,49.81585,2
97266,4.8457,49.81585,2
97267,4.8457,49.81585,2
97268,4.82812,49.82211,2
97269,4.83268,49.81973,2
97270,4.8457,49.81585,2
97271,4.8457,49.81585,2
97272,4.83127,49.8205,2
97273,4.83113,49.82071,2
97274,4.831,49.82092,2
97275,4.83195,49.82123,2
97276,4.83342,49.8209,2
97277,4.83136,49.82109,2
97278,4.83087,49.82098,2
97279,4.83342,49.8209,2
97280,4.83084,49.821,2
97281,4.83081,49.82102,2
97282,4.83082,49.82104,2
97283,4.83079,49.82114,2
97284,4.830491,49.821597,2
97285,4.83063,49.82119,2
97286,4.83045,49.82121,2
97287,4.83032,49.8212,2
97288,4.83019,49.82119,2
97289,4.83006,49.82119,2
97290,4.82996,49.82134,2
97291,4.82999,49.82122,2
97292,4.82983,49.82141,2
97293,4.828599,49.821258,2
97294,4.82952,49.8216,2
97295,4.82964,49.82189,2
97296,4.82969,49.82199,2
97297,4.82974,49.8221,2
97298,4.82979,49.82221,2
97299,4.82995,49.82253,2
97300,4.83004,49.82262,2
97301,4.83004,49.82262,2
97302,4.83012,49.82272,2
97303,4.82926,49.82403,2
97304,4.83021,49.82282,2
97305,4.83073,49.8214,2
97306,4.83073,49.8214,2
97307,4.83048,49.82309,2
97308,4.83077,49.82334,2
97309,4.83093,49.82364,2
97310,4.83108,49.82394,2
97311,4.8314,49.82519,2
97312,4.83108,49.82428,2
97313,4.83135,49.8246,2
97314,4.83108,49.82394,2
97315,4.83108,49.82394,2
97316,4.83125,49.82424,2
97317,4.83108,49.82394,2
97318,4.831,49.82468,2
97319,4.83047,49.82328,2
97320,4.82931,49.82018,2
97321,4.82068,49.82264,2
97322,4.83153,49.8255,2
97323,4.8317,49.82491,2
97324,4.83083,49.82384,2
97325,4.83205,49.82521,2
97326,4.83011,49.82299,2
97327,4.83274,49.82581,2
97328,4.83262,49.82552,2
97329,4.83239,49.82551,2
97330,4.83308,49.82612,2
97331,4.8301,49.82293,2
97332,4.83153,49.8255,2
97333,4.83229,49.82531,2
97334,4.82968,49.82237,2
97335,4.82959,49.82217,2
97336,4.82959,49.82217,2
97337,4.82949,49.82197,2
97338,4.82939,49.82175,2
97339,4.82983,49.82238,2
97340,4.82905,49.82066,2
97341,4.82931,49.82151,2
97342,4.83874,49.83332,2
97343,4.82944,49.82193,2
97344,4.82923,49.82197,2
97345,4.82944,49.82193,2
97346,4.82954,49.82112,2
97347,4.8292,49.821336,2
97348,4.82931,49.82018,2
97349,4.82904,49.82118,2
97350,4.82935,49.82132,2
97351,4.82884,49.82128,2
97352,4.82865,49.82138,2
97353,4.82846,49.82148,2
97354,4.82842,49.82151,2
97355,4.82846,49.8216,2
97356,4.82859,49.82185,2
97357,4.82864,49.82193,2
97358,4.82881,49.82204,2
97359,4.82859,49.82207,2
97360,4.82902,49.822,2
97361,4.82671,49.82212,2
97362,4.82683,49.8221,2
97363,4.82695,49.82208,2
97364,4.851712,49.816344,2
97365,4.82707,49.82205,2
97366,4.83212,49.82119,2
97367,4.82717,49.822,2
97368,4.82728,49.82196,2
97369,4.82812,49.82211,2
97370,4.82818,49.82219,2
97371,4.82823,49.82226,2
97372,4.82828,49.82233,2
97373,4.82832,49.82238,2
97374,4.82836,49.82243,2
97375,4.82844,49.82254,2
97376,4.82851,49.82264,2
97377,4.82855,49.8227,2
97378,4.82892,49.82316,2
97379,4.82904,49.8231,2
97380,4.82912,49.82306,2
97381,4.83159,49.82461,2
97382,4.8321,49.82506,2
97383,4.82921,49.82305,2
97384,4.82929,49.82307,2
97385,4.82938,49.8231,2
97386,4.82331,49.82271,2
97387,4.82899,49.82054,2
97388,4.82974,49.82318,2
97389,4.82331,49.82271,2
97390,4.82993,49.82309,2
97391,4.83027,49.82306,2
97392,4.83019,49.8231,2
97393,4.83027,49.82306,2
97394,4.82991,49.82319,2
97395,4.83003,49.82318,2
97396,4.82995,49.82322,2
97397,4.82986,49.82326,2
97398,4.82986,49.82326,2
97399,4.82978,49.8233,2
97400,4.82962,49.82338,2
97401,4.82991,49.82319,2
97402,4.829,49.82435,2
97403,4.82991,49.82369,2
97404,4.8297,49.82334,2
97405,4.82964,49.82371,2
97406,4.82882,49.82433,2
97407,4.82926,49.82403,2
97408,4.82954,49.82324,2
97409,4.82879,49.823,2
97410,4.82949,49.82344,2
97411,4.82928,49.82336,2
97412,4.82928,49.82336,2
97413,4.82879,49.823,2
97414,4.82909,49.82326,2
97415,4.82812,49.82211,2
97416,4.82879,49.82307,2
97417,4.82892,49.82316,2
97418,4.82866,49.82298,2
97419,4.82853,49.82288,2
97420,4.82843,49.82279,2
97421,4.82859,49.82275,2
97422,4.82838,49.82274,2
97423,4.8283,49.82262,2
97424,4.82825,49.82256,2
97425,4.82834,49.82268,2
97426,4.84531,49.81624,2
97427,4.82821,49.8225,2
97428,4.8457,49.81585,2
97429,4.8457,49.81585,2
97430,4.83121,49.82022,2
97431,4.82817,49.82244,2
97432,4.82812,49.82238,2
97433,4.82799,49.82218,2
97434,4.82785,49.82224,2
97435,4.82859,49.82275,2
97436,4.82761,49.82238,2
97437,4.82769,49.82159,2
97438,4.82787,49.82209,2
97439,4.82762,49.82249,2
97440,4.82775,49.82276,2
97441,4.82784,49.82292,2
97442,4.82797,49.82306,2
97443,4.82899,49.82054,2
97444,4.82784,49.82292,2
97445,4.82804,49.82305,2
97446,4.82754,49.8215,2
97447,4.82795,49.82309,2
97448,4.82795,49.82309,2
97449,4.82812,49.823,2
97450,4.82821,49.82295,2
97451,4.82824,49.82308,2
97452,4.82816,49.82313,2
97453,4.82807,49.82318,2
97454,4.82788,49.82328,2
97455,4.82761,49.82342,2
97456,4.82734,49.82356,2
97457,4.8277,49.82322,2
97458,4.82729,49.82343,2
97459,4.82748,49.82262,2
97460,4.82754,49.82273,2
97461,4.8276,49.82284,2
97462,4.82766,49.82295,2
97463,4.82775,49.82305,2
97464,4.82784,49.82314,2
97465,4.82855,49.82176,2
97466,4.8274,49.82235,2
97467,4.82751,49.82225,2
97468,4.82751,49.82225,2
97469,4.82751,49.82225,2
97470,4.82769,49.82217,2
97471,4.82766,49.82261,2
97472,4.82778,49.82193,2
97473,4.82738,49.82192,2
97474,4.82749,49.82187,2
97475,4.8276,49.82183,2
97476,4.8277,49.82178,2
97477,4.82767,49.8218,2
97478,4.83653,49.81803,2
97479,4.82749,49.82187,2
97480,4.82731,49.82194,2
97481,4.82714,49.82202,2
97482,4.82653,49.82458,2
97483,4.82695,49.82208,2
97484,4.82675,49.82211,2
97485,4.82658,49.82213,2
97486,4.8265,49.82213,2
97487,4.82641,49.82213,2
97488,4.82632,49.82213,2
97489,4.82624,49.82213,2
97490,4.82606,49.82213,2
97491,4.82532,49.82227,2
97492,4.82516,49.82237,2
97493,4.82505,49.82244,2
97494,4.82494,49.82251,2
97495,4.82472,49.82264,2
97496,4.8246,49.82271,2
97497,4.82282,49.82283,2
97498,4.82449,49.82278,2
97499,4.82515,49.821715,2
97500,4.82595,49.82176,2
97501,4.82595,49.82176,2
97502,4.82072,49.82277,2
97503,4.82386,49.82283,2
97504,4.8226,49.82275,2
97505,4.82331,49.82271,2
97506,4.82451,49.82261,2
97507,4.82475,49.82231,2
97508,4.82331,49.82271,2
97509,4.82402,49.82271,2
97510,4.82475,49.82231,2
97511,4.82552,49.82211,2
97512,4.82652,49.82205,2
97513,4.82647,49.8219,2
97514,4.82645,49.82182,2
97515,4.82642,49.82175,2
97516,4.82639,49.82167,2
97517,4.82637,49.82159,2
97518,4.82637,49.82159,2
97519,4.82641,49.82153,2
97520,4.82652,49.8215,2
97521,4.82913,49.82102,2
97522,4.83342,49.8209,2
97523,4.82904,49.82105,2
97524,4.82904,49.82105,2
97525,4.82877,49.82079,2
97526,4.82881,49.82088,2
97527,4.82872,49.82069,2
97528,4.82869,49.82059,2
97529,4.82866,49.82051,2
97530,4.82863,49.82043,2
97531,4.82858,49.82031,2
97532,4.82945,49.82029,2
97533,4.8286,49.82036,2
97534,4.82663,49.82009,2
97535,4.82856,49.82026,2
97536,4.82854,49.82021,2
97537,4.82852,49.82016,2
97538,4.8285,49.82011,2
97539,4.82846,49.82005,2
97540,4.82563,49.82213,2
97541,4.82841,49.81996,2
97542,4.82563,49.82213,2
97543,4.82563,49.82213,2
97544,4.82841,49.81996,2
97545,4.82595,49.82176,2
97546,4.82835,49.81979,2
97547,4.82851,49.81952,2
97548,4.82832,49.81935,2
97549,4.82842,49.81929,2
97550,4.82823,49.81925,2
97551,4.82785,49.81896,2
97552,4.82709,49.81835,2
97553,4.82663,49.82009,2
97554,4.82663,49.82009,2
97555,4.82664,49.81749,2
97556,4.82693,49.81779,2
97557,4.82623,49.81709,2
97558,4.82684,49.81711,2
97559,4.82684,49.81711,2
97560,4.82684,49.81711,2
97561,4.82685,49.81706,2
97562,4.82812,49.82211,2
97563,4.82664,49.81996,2
97564,4.82715,49.81686,2
97565,4.82664,49.81996,2
97566,4.82664,49.81996,2
97567,4.82756,49.81643,2
97568,4.82664,49.81996,2
97569,4.82736,49.81665,2
97570,4.82763,49.81636,2
97571,4.8277,49.81608,2
97572,4.82814,49.81532,2
97573,4.82814,49.81532,2
97574,4.82814,49.81532,2
97575,4.82788,49.81606,2
97576,4.82788,49.81606,2
97577,4.82794,49.8163,2
97578,4.82794,49.8163,2
97579,4.82777,49.81633,2
97580,4.82782,49.8165,2
97581,4.83342,49.8209,2
97582,4.82802,49.81658,2
97583,4.82743,49.82249,2
97584,4.82806,49.81672,2
97585,4.827844,49.816899,2
97586,4.82786,49.81667,2
97587,4.82789,49.81683,2
97588,4.82791,49.817,2
97589,4.82776,49.81703,2
97590,4.82833,49.82304,2
97591,4.826996,49.817159,2
97592,4.82807,49.81686,2
97593,4.82809,49.817,2
97594,4.82805,49.81765,2
97595,4.82823,49.81763,2
97596,4.82935,49.82101,2
97597,4.82838,49.81828,2
97598,4.82838,49.81828,2
97599,4.8282,49.8183,2
97600,4.82842,49.81847,2
97601,4.82838,49.81828,2
97602,4.82851,49.81884,2
97603,4.82851,49.81884,2
97604,4.82851,49.81884,2
97605,4.82983,49.82238,2
97606,4.82824,49.81848,2
97607,4.82829,49.81867,2
97608,4.82833,49.81886,2
97609,4.82835,49.81988,2
97610,4.8282,49.8212,2
97611,4.82837,49.81904,2
97612,4.82842,49.81923,2
97613,4.82855,49.81902,2
97614,4.8286,49.81921,2
97615,4.82868,49.81949,2
97616,4.82868,49.81949,2
97617,4.8289,49.81967,2
97618,4.82892,49.81973,2
97619,4.82894,49.8198,2
97620,4.82895,49.81986,2
97621,4.82896,49.81992,2
97622,4.82896,49.81997,2
97623,4.82896,49.82001,2
97624,4.8286,49.81986,2
97625,4.82851,49.81952,2
97626,4.82888,49.82018,2
97627,4.82893,49.82035,2
97628,4.82896,49.82044,2
97629,4.790274,50.019454,2
97630,4.79336,50.0211,2
97631,4.78969,50.0151,2
97632,4.78218,50.014354,2
97633,4.790279,50.018987,2
97634,4.788638,50.018203,2
97635,4.7895,50.01377,2
97636,4.79047,50.01587,2
97637,4.78969,50.0151,2
97638,4.79012,50.01718,2
97639,4.8053,50.01535,2
97640,4.78967,50.01575,2
97641,4.79012,50.01718,2
97642,4.793469,50.018644,2
97643,4.796857,50.016941,2
97644,4.79155,50.01971,2
97645,4.78904,50.02049,2
97646,4.793439,50.019462,2
97647,4.783922,50.015208,2
97648,4.788196,50.016837,2
97649,4.79016,50.0191,2
97650,4.79055,50.01912,2
97651,4.78996,50.01903,2
97652,4.7904,50.01906,2
97653,4.788641,50.018257,2
97654,4.79009,50.01895,2
97655,4.78994,50.01889,2
97656,4.78976,50.01896,2
97657,4.78957,50.01888,2
97658,4.78979,50.01883,2
97659,4.78907,50.01869,2
97660,4.789415,50.018699,2
97661,4.78941,50.01882,2
97662,4.790279,50.018987,2
97663,4.78896,50.01864,2
97664,4.78916,50.01859,2
97665,4.78873,50.01855,2
97666,4.78927,50.01863,2
97667,4.78943,50.018708,2
97668,4.793357,50.018647,2
97669,4.78921,50.01861,2
97670,4.78911,50.01857,2
97671,4.789,50.01852,2
97672,4.78889,50.01848,2
97673,4.79029,50.01971,2
97674,4.78879,50.01844,2
97675,4.78865,50.01822,2
97676,4.78869,50.01797,2
97677,4.78878,50.01783,2
97678,4.78868,50.0184,2
97679,4.78847,50.01835,2
97680,4.787514,50.018881,2
97681,4.78847,50.01813,2
97682,4.7883,50.01799,2
97683,4.788638,50.018185,2
97684,4.788629,50.017718,2
97685,4.78965,50.01579,2
97686,4.78958,50.01595,2
97687,4.788603,50.017754,2
97688,4.78896,50.01712,2
97689,4.78889,50.01726,2
97690,4.78882,50.01739,2
97691,4.78868,50.01766,2
97692,4.78955,50.01603,2
97693,4.78955,50.01604,2
97694,4.79012,50.01718,2
97695,4.78954,50.01605,2
97696,4.78953,50.01607,2
97697,4.78953,50.01608,2
97698,4.78952,50.01609,2
97699,4.789173,50.016279,2
97700,4.789173,50.016279,2
97701,4.78969,50.0151,2
97702,4.78969,50.0151,2
97703,4.79012,50.01718,2
97704,4.78972,50.01551,2
97705,4.78972,50.01491,2
97706,4.78965,50.01528,2
97707,4.78969,50.0151,2
97708,4.78951,50.01481,2
97709,4.78945,50.01464,2
97710,4.78939,50.01443,2
97711,4.78936,50.01433,2
97712,4.78942,50.01454,2
97713,4.78932,50.01416,2
97714,4.78932,50.01374,2
97715,4.79306,50.01985,2
97716,4.7895,50.01415,2
97717,4.78955,50.01436,2
97718,4.78961,50.01457,2
97719,4.79042,50.01628,2
97720,4.79683,50.017822,2
97721,4.789162,50.016351,2
97722,4.79049,50.01615,2
97723,4.78952,50.01611,2
97724,4.7905,50.01601,2
97725,4.78986,50.01539,2
97726,4.78952,50.01611,2
97727,4.7905,50.01601,2
97728,4.79031,50.01578,2
97729,4.78996,50.01561,2
97730,4.79014,50.01569,2
97731,4.78973,50.01562,2
97732,4.78972,50.01563,2
97733,4.79501,50.01994,2
97734,4.78972,50.01565,2
97735,4.78971,50.01566,2
97736,4.79012,50.01718,2
97737,4.79012,50.01718,2
97738,4.79012,50.01718,2
97739,4.7897,50.01569,2
97740,4.78969,50.0157,2
97741,4.78969,50.01571,2
97742,4.78968,50.01574,2
97743,4.78968,50.01572,2
97744,4.78966,50.01576,2
97745,4.79012,50.01718,2
97746,4.78965,50.01579,2
97747,4.79012,50.01718,2
97748,4.78965,50.0158,2
97749,4.78964,50.01582,2
97750,4.79062,50.01812,2
97751,4.7896,50.01592,2
97752,4.79019,50.01815,2
97753,4.78996,50.01809,2
97754,4.78973,50.01804,2
97755,4.78951,50.01798,2
97756,4.78928,50.01793,2
97757,4.78905,50.01788,2
97758,4.78882,50.01782,2
97759,4.79012,50.01718,2
97760,4.79049,50.01615,2
97761,4.7905,50.01601,2
97762,4.79092,50.01828,2
97763,4.7904,50.0182,2
97764,4.79012,50.01718,2
97765,4.79014,50.01569,2
97766,4.79141,50.01836,2
97767,4.79246,50.01853,2
97768,4.7918,50.01842,2
97769,4.792502,50.018538,2
97770,4.79103,50.0188,2
97771,4.79164,50.0184,2
97772,4.79177,50.01822,2
97773,4.79114,50.0182,2
97774,4.791827,50.01813,2
97775,4.79157,50.01827,2
97776,4.79336,50.01859,2
97777,4.792502,50.018538,2
97778,4.79222,50.01849,2
97779,4.79253,50.018547,2
97780,4.7925,50.01919,2
97781,4.79259,50.0192,2
97782,4.793469,50.018644,2
97783,4.79155,50.01835,2
97784,4.793469,50.018644,2
97785,4.793469,50.018644,2
97786,4.79377,50.01848,2
97787,4.796477,50.017722,2
97788,4.793469,50.018644,2
97789,4.79461,50.01822,2
97790,4.796887,50.017839,2
97791,4.79724,50.017931,2
97792,4.79345,50.01921,2
97793,4.79498,50.01796,2
97794,4.797367,50.017973,2
97795,4.79597,50.01776,2
97796,4.793438,50.019453,2
97797,4.793439,50.019462,2
97798,4.7948,50.017926,2
97799,4.797192,50.01609,2
97800,4.79345,50.01921,2
97801,4.79345,50.01921,2
97802,4.79501,50.01994,2
97803,4.79345,50.01921,2
97804,4.793437,50.019426,2
97805,4.79329,50.01982,2
97806,4.79349,50.01982,2
97807,4.79369,50.01981,2
97808,4.79389,50.01981,2
97809,4.79409,50.0198,2
97810,4.7943,50.0198,2
97811,4.79469,50.01984,2
97812,4.79489,50.01986,2
97813,4.79509,50.01989,2
97814,4.79528,50.01992,2
97815,4.79501,50.01994,2
97816,4.79568,50.01998,2
97817,4.79587,50.02,2
97818,4.79607,50.02003,2
97819,4.79627,50.02006,2
97820,4.79622,50.02017,2
97821,4.79663,50.02019,2
97822,4.79663,50.02007,2
97823,4.79501,50.01994,2
97824,4.79602,50.02014,2
97825,4.79581,50.02011,2
97826,4.7956,50.02008,2
97827,4.7954,50.02005,2
97828,4.79519,50.02002,2
97829,4.79498,50.01999,2
97830,4.79477,50.01996,2
97831,4.79457,50.01994,2
97832,4.79436,50.01991,2
97833,4.79415,50.01992,2
97834,4.79394,50.01992,2
97835,4.79372,50.01993,2
97836,4.79351,50.01993,2
97837,4.7933,50.01994,2
97838,4.79306,50.01985,2
97839,4.793516,50.021059,2
97840,4.79319,50.02177,2
97841,4.79306,50.01985,2
97842,4.79323,50.02083,2
97843,4.79321,50.02036,2
97844,4.79155,50.01971,2
97845,4.79155,50.01835,2
97846,4.79155,50.01971,2
97847,4.79501,50.01994,2
97848,4.79155,50.01971,2
97849,4.78986,50.02004,2
97850,4.79155,50.01971,2
97851,4.79155,50.01971,2
97852,4.792812,50.019753,2
97853,4.79501,50.01994,2
97854,4.79155,50.01971,2
97855,4.79155,50.01971,2
97856,4.79243,50.0198,2
97857,4.79254,50.01991,2
97858,4.79236,50.01992,2
97859,4.79155,50.01971,2
97860,4.79155,50.01971,2
97861,4.79155,50.01971,2
97862,4.79155,50.01971,2
97863,4.79155,50.01971,2
97864,4.79155,50.01971,2
97865,4.79155,50.01971,2
97866,4.79155,50.01971,2
97867,4.79155,50.01971,2
97868,4.79155,50.01971,2
97869,4.79155,50.01971,2
97870,4.792,50.01994,2
97871,4.79181,50.01995,2
97872,4.79163,50.01996,2
97873,4.79145,50.01997,2
97874,4.79127,50.01994,2
97875,4.79109,50.01992,2
97876,4.79092,50.01995,2
97877,4.79076,50.02,2
97878,4.79078,50.01987,2
97879,4.789738,50.0196,2
97880,4.79012,50.01718,2
97881,4.79058,50.02001,2
97882,4.79012,50.01718,2
97883,4.792,50.01983,2
97884,4.790118,50.019969,2
97885,4.791267,50.019811,2
97886,4.791267,50.019811,2
97887,4.7894,50.02043,2
97888,4.789648,50.020347,2
97889,4.78973,50.02024,2
97890,4.789648,50.020347,2
97891,4.79155,50.01971,2
97892,4.79105,50.019358,2
97893,4.79306,50.01985,2
97894,4.79155,50.01971,2
97895,4.79105,50.019358,2
97896,4.789681,50.019592,2
97897,4.789667,50.019583,2
97898,4.789667,50.019583,2
97899,4.790514,50.019503,2
97900,4.790514,50.019503,2
97901,4.78805,50.019292,2
97902,4.78805,50.019292,2
97903,4.789667,50.019583,2
97904,4.789442,50.019543,2
97905,4.789667,50.019583,2
97906,4.789931,50.01956,2
97907,4.789667,50.019583,2
97908,4.790514,50.019503,2
97909,4.790514,50.019503,2
97910,4.790514,50.019503,2
97911,4.790514,50.019503,2
97912,4.78805,50.019292,2
97913,4.787673,50.019282,2
97914,4.78969,50.01571,2
97915,4.79306,50.01985,2
97916,4.79306,50.01985,2
97917,4.793511,50.02123,2
97918,4.796575,50.017747,2
97919,5.01352,49.26187,2
97920,5.01352,49.26187,2
97921,5.01293,49.26179,2
97922,5.01352,49.26187,2
97923,5.01352,49.26187,2
97924,5.01597,49.2625,2
97925,5.01352,49.26187,2
97926,5.01279,49.262997,2
97927,5.01352,49.26187,2
97928,5.02053,49.26083,2
97929,5.01352,49.26187,2
97930,5.01352,49.26187,2
97931,5.014975,49.26223,2
97932,5.01352,49.26187,2
97933,5.01352,49.26187,2
97934,5.025897,49.259909,2
97935,5.029696,49.260057,2
97936,5.02953,49.25662,2
97937,5.02953,49.25662,2
97938,5.02953,49.25662,2
97939,5.03607,49.26214,2
97940,5.02953,49.25662,2
97941,5.02953,49.25662,2
97942,5.02953,49.25662,2
97943,5.030913,49.258906,2
97944,5.03281,49.25804,2
97945,5.02953,49.25662,2
97946,5.02953,49.25662,2
97947,5.02953,49.25662,2
97948,5.031769,49.258465,2
97949,5.02953,49.25662,2
97950,5.027359,49.26002,2
97951,5.02953,49.25662,2
97952,5.02953,49.25662,2
97953,5.02953,49.25662,2
97954,5.02931,49.25692,2
97955,5.02953,49.25662,2
97956,5.02931,49.25692,2
97957,5.02931,49.25692,2
97958,5.02944,49.25795,2
97959,5.02944,49.25795,2
97960,4.323193,49.612234,2
97961,4.32712,49.596286,2
97962,4.327173,49.596564,2
97963,4.32712,49.596286,2
97964,4.32662,49.59784,2
97965,4.32662,49.59784,2
97966,4.32662,49.59784,2
97967,4.32673,49.59675,2
97968,4.32691,49.59636,2
97969,4.32669,49.59658,2
97970,4.32662,49.59784,2
97971,4.32645,49.5968,2
97972,4.325965,49.59714,2
97973,4.326376,49.597403,2
97974,4.32376,49.61132,2
97975,4.32642,49.597456,2
97976,4.32534,49.59757,2
97977,4.32503,49.597614,2
97978,4.324957,49.596465,2
97979,4.325165,49.596111,2
97980,4.325165,49.596111,2
97981,4.324498,49.596024,2
97982,4.324498,49.596024,2
97983,4.32662,49.59784,2
97984,4.32662,49.59784,2
97985,4.323677,49.594456,2
97986,4.324051,49.594854,2
97987,4.324051,49.594854,2
97988,4.32662,49.59784,2
97989,4.324164,49.595607,2
97990,4.324164,49.595607,2
97991,4.32363,49.59689,2
97992,4.32343,49.59652,2
97993,4.32362,49.59677,2
97994,4.32272,49.59722,2
97995,4.32261,49.59713,2
97996,4.32213,49.59746,2
97997,4.32272,49.59714,2
97998,4.32398,49.59713,2
97999,4.32446,49.59777,2
98000,4.32463,49.59803,2
98001,4.32465,49.5983,2
98002,4.32662,49.59784,2
98003,4.32466,49.59857,2
98004,4.32662,49.59784,2
98005,4.32485,49.59873,2
98006,4.32536,49.59924,2
98007,4.325492,49.599206,2
98008,4.32662,49.59784,2
98009,4.32662,49.59784,2
98010,4.341134,49.607886,2
98011,4.328267,49.61295,2
98012,4.328267,49.61295,2
98013,4.328267,49.61295,2
98014,4.328267,49.61295,2
98015,4.32773,49.612995,2
98016,4.3272,49.612887,2
98017,4.327979,49.612991,2
98018,4.326221,49.61258,2
98019,4.325183,49.61222,2
98020,4.32376,49.61132,2
98021,4.326221,49.61258,2
98022,4.32675,49.59804,2
98023,4.32376,49.61132,2
98024,4.32644,49.60902,2
98025,4.32644,49.60902,2
98026,4.32644,49.60902,2
98027,4.32662,49.59784,2
98028,4.324072,49.611735,2
98029,4.323776,49.611569,2
98030,4.324017,49.611727,2
98031,4.323691,49.611516,2
98032,4.323691,49.611516,2
98033,4.323105,49.612469,2
98034,4.32662,49.59784,2
98035,4.32362,49.611131,2
98036,4.32362,49.611131,2
98037,4.32662,49.59784,2
98038,4.32644,49.60902,2
98039,4.324631,49.610468,2
98040,4.324631,49.610468,2
98041,4.324631,49.610468,2
98042,4.324631,49.610468,2
98043,4.32376,49.61132,2
98044,4.325109,49.609948,2
98045,4.322967,49.612831,2
98046,4.326414,49.610088,2
98047,4.326228,49.608501,2
98048,4.32362,49.611131,2
98049,4.322313,49.610236,2
98050,4.32662,49.59784,2
98051,4.32662,49.59784,2
98052,4.32662,49.59784,2
98053,4.32662,49.59784,2
98054,4.32487,49.59559,2
98055,4.32662,49.59784,2
98056,4.323677,49.594456,2
98057,4.32446,49.59777,2
98058,4.32662,49.59784,2
98059,4.326744,49.59905,2
98060,4.326744,49.59905,2
98061,4.32376,49.61132,2
98062,4.322975,49.613738,2
98063,4.32306,49.61415,2
98064,4.32376,49.61132,2
98065,4.325109,49.609948,2
98066,4.325998,49.609008,2
98067,4.322313,49.610236,2
98068,4.325534,49.609519,2
98069,4.325409,49.612324,2
98070,4.32333,49.59639,2
98071,4.32597,49.60958,2
98072,4.32272,49.59714,2
98073,4.32644,49.60902,2
98074,4.32337,49.59417,2
98075,4.32675,49.59804,2
98076,4.32485,49.59873,2
98077,4.323169,49.612324,2
98078,5.01486,49.24623,2
98079,5.00998,49.24911,2
98080,5.0127,49.24781,2
98081,5.0127,49.24781,2
98082,5.0127,49.24781,2
98083,5.01353,49.24772,2
98084,5.01335,49.24767,2
98085,5.01318,49.24761,2
98086,5.01292,49.24716,2
98087,5.01266,49.24777,2
98088,5.01292,49.24716,2
98089,5.01296,49.24711,2
98090,5.01231,49.24684,2
98091,5.01181,49.24665,2
98092,5.01129,49.24649,2
98093,5.01024,49.24618,2
98094,5.01077,49.24634,2
98095,5.01075,49.24646,2
98096,5.01292,49.24716,2
98097,5.00974,49.24628,2
98098,5.01889,49.23945,2
98099,5.00762,49.24682,2
98100,5.01889,49.23945,2
98101,5.01292,49.24716,2
98102,5.014,49.24643,2
98103,5.01202,49.24732,2
98104,5.01279,49.24785,2
98105,5.01176,49.24756,2
98106,5.0123,49.24727,2
98107,5.0127,49.24781,2
98108,5.01382,49.24769,2
98109,5.01499,49.2462,2
98110,5.01178,49.24775,2
98111,5.00998,49.24911,2
98112,5.01278,49.24824,2
98113,5.01199,49.24811,2
98114,5.0115,49.2478,2
98115,5.01117,49.24792,2
98116,5.00966,49.24908,2
98117,5.01117,49.24792,2
98118,5.00924,49.24646,2
98119,5.00998,49.24911,2
98120,5.009015,49.249831,2
98121,5.01292,49.24821,2
98122,5.01125,49.24782,2
98123,5.01155,49.24804,2
98124,5.01,49.24917,2
98125,5.00998,49.24911,2
98126,5.00998,49.24911,2
98127,5.01019,49.24891,2
98128,5.01107,49.24848,2
98129,5.0081,49.25039,2
98130,5.00998,49.24911,2
98131,5.00798,49.25031,2
98132,5.01499,49.2462,2
98133,4.93694,49.69626,2
98134,4.93883,49.69777,2
98135,4.93883,49.69777,2
98136,4.93886,49.69661,2
98137,4.93883,49.69777,2
98138,4.94035,49.69689,2
98139,4.93883,49.69777,2
98140,4.93883,49.69777,2
98141,4.93883,49.69777,2
98142,4.93883,49.69777,2
98143,4.93883,49.69777,2
98144,4.93883,49.69777,2
98145,4.93883,49.69777,2
98146,4.93883,49.69777,2
98147,4.93823,49.69736,2
98148,4.94218,49.69662,2
98149,4.93823,49.69736,2
98150,4.94406,49.69821,2
98151,4.93823,49.69736,2
98152,4.93823,49.69736,2
98153,4.93823,49.69736,2
98154,4.93821,49.69753,2
98155,4.93884,49.69763,2
98156,4.93885,49.6975,2
98157,4.93885,49.6975,2
98158,4.93885,49.6975,2
98159,4.93885,49.6975,2
98160,4.93885,49.6975,2
98161,4.93885,49.6975,2
98162,4.93885,49.6975,2
98163,4.93885,49.6975,2
98164,4.93927,49.69736,2
98165,4.93927,49.69736,2
98166,4.93647,49.69551,2
98167,4.93754,49.6957,2
98168,4.93754,49.6957,2
98169,4.93754,49.6957,2
98170,4.93754,49.6957,2
98171,4.93754,49.6957,2
98172,4.93754,49.6957,2
98173,4.93754,49.6957,2
98174,4.93754,49.6957,2
98175,4.93754,49.6957,2
98176,4.93754,49.6957,2
98177,4.93754,49.6957,2
98178,4.93754,49.6957,2
98179,4.93754,49.6957,2
98180,4.93754,49.6957,2
98181,4.93714,49.69596,2
98182,4.93714,49.69596,2
98183,4.93714,49.69596,2
98184,4.93714,49.69596,2
98185,4.93694,49.69626,2
98186,4.93714,49.69596,2
98187,4.93714,49.69596,2
98188,4.93714,49.69596,2
98189,4.93714,49.69596,2
98190,4.93714,49.69596,2
98191,4.93714,49.69596,2
98192,4.93714,49.69596,2
98193,4.93724,49.69631,2
98194,4.93724,49.69631,2
98195,4.93724,49.69631,2
98196,4.93724,49.69631,2
98197,4.93724,49.69631,2
98198,4.93724,49.69631,2
98199,4.93724,49.69631,2
98200,4.93724,49.69631,2
98201,4.93724,49.69631,2
98202,4.94257,49.69745,2
98203,4.93724,49.69631,2
98204,4.93724,49.69631,2
98205,4.93724,49.69631,2
98206,4.93724,49.69631,2
98207,4.93724,49.69631,2
98208,4.93724,49.69631,2
98209,4.93724,49.69631,2
98210,4.93724,49.69631,2
98211,4.93724,49.69631,2
98212,4.93724,49.69631,2
98213,4.93724,49.69631,2
98214,4.94169,49.69728,2
98215,4.93724,49.69631,2
98216,4.94169,49.69728,2
98217,4.93724,49.69631,2
98218,4.94169,49.69728,2
98219,4.93724,49.69631,2
98220,4.94169,49.69728,2
98221,4.93724,49.69631,2
98222,4.94169,49.69728,2
98223,4.93756,49.69637,2
98224,4.94169,49.69728,2
98225,4.93756,49.69637,2
98226,4.94169,49.69728,2
98227,4.93756,49.69637,2
98228,4.94169,49.69728,2
98229,4.94139,49.69722,2
98230,4.93789,49.69643,2
98231,4.94139,49.69722,2
98232,4.93821,49.69649,2
98233,4.94139,49.69722,2
98234,4.93821,49.69649,2
98235,4.94139,49.69722,2
98236,4.93821,49.69649,2
98237,4.94139,49.69722,2
98238,4.93812,49.6966,2
98239,4.93821,49.69649,2
98240,4.93854,49.69655,2
98241,4.94139,49.69722,2
98242,4.93854,49.69655,2
98243,4.94139,49.69722,2
98244,4.93854,49.69655,2
98245,4.94139,49.69722,2
98246,4.93854,49.69655,2
98247,4.93886,49.69661,2
98248,4.93886,49.69661,2
98249,4.94169,49.69728,2
98250,4.94139,49.69722,2
98251,4.93886,49.69661,2
98252,4.93921,49.69668,2
98253,4.93921,49.69668,2
98254,4.93921,49.69668,2
98255,4.93957,49.69675,2
98256,4.93988,49.69681,2
98257,4.93988,49.69681,2
98258,4.93988,49.69681,2
98259,4.93988,49.69681,2
98260,4.93988,49.69681,2
98261,4.9453,49.69771,2
98262,4.93988,49.69681,2
98263,4.93988,49.69681,2
98264,4.93988,49.69681,2
98265,4.94011,49.69685,2
98266,4.94011,49.69685,2
98267,4.94011,49.69685,2
98268,4.94011,49.69685,2
98269,4.94011,49.69685,2
98270,4.94011,49.69685,2
98271,4.94011,49.69685,2
98272,4.94011,49.69685,2
98273,4.94011,49.69685,2
98274,4.94011,49.69685,2
98275,4.94011,49.69685,2
98276,4.94011,49.69685,2
98277,4.94011,49.69685,2
98278,4.94011,49.69685,2
98279,4.94011,49.69685,2
98280,4.94011,49.69685,2
98281,4.94035,49.69689,2
98282,4.94035,49.69689,2
98283,4.94035,49.69689,2
98284,4.94082,49.69638,2
98285,4.94018,49.69698,2
98286,4.94096,49.697,2
98287,4.9408,49.69709,2
98288,4.93982,49.6978,2
98289,4.9411,49.69716,2
98290,4.93642,49.6963,2
98291,4.94139,49.69722,2
98292,4.93927,49.69736,2
98293,4.94485,49.69887,2
98294,4.94139,49.69722,2
98295,4.94485,49.69887,2
98296,4.94169,49.69728,2
98297,4.94465,49.69884,2
98298,4.94425,49.69879,2
98299,4.94169,49.69728,2
98300,4.94406,49.69904,2
98301,4.94198,49.69734,2
98302,4.94406,49.69929,2
98303,4.93907,49.69697,2
98304,4.94194,49.69721,2
98305,4.94406,49.69821,2
98306,4.94194,49.69721,2
98307,4.93907,49.69697,2
98308,4.94194,49.69721,2
98309,4.94406,49.69821,2
98310,4.94194,49.69721,2
98311,4.93907,49.69697,2
98312,4.94194,49.69721,2
98313,4.94194,49.69721,2
98314,4.93907,49.69697,2
98315,4.94145,49.69711,2
98316,4.94404,49.69805,2
98317,4.93907,49.69697,2
98318,4.94385,49.69776,2
98319,4.94239,49.69698,2
98320,4.9436,49.69816,2
98321,4.94239,49.69698,2
98322,4.93907,49.69697,2
98323,4.94216,49.69789,2
98324,4.942,49.69786,2
98325,4.94236,49.69729,2
98326,4.93934,49.69683,2
98327,4.94173,49.69784,2
98328,4.93934,49.69683,2
98329,4.94173,49.69784,2
98330,4.94272,49.69736,2
98331,4.94108,49.69783,2
98332,4.93975,49.69697,2
98333,4.94272,49.69736,2
98334,4.93975,49.69697,2
98335,4.93885,49.69673,2
98336,4.93975,49.69697,2
98337,4.94272,49.69736,2
98338,4.93975,49.69697,2
98339,4.93861,49.69669,2
98340,4.93975,49.69697,2
98341,4.94308,49.69742,2
98342,4.93975,49.69697,2
98343,4.93812,49.6966,2
98344,4.93975,49.69697,2
98345,4.93788,49.69655,2
98346,4.94344,49.69749,2
98347,4.93975,49.69697,2
98348,4.93788,49.69655,2
98349,4.94344,49.69749,2
98350,4.93975,49.69697,2
98351,4.93975,49.69697,2
98352,4.93763,49.69651,2
98353,4.94344,49.69749,2
98354,4.94018,49.69698,2
98355,4.94344,49.69749,2
98356,4.94018,49.69698,2
98357,4.94018,49.69698,2
98358,4.94344,49.69749,2
98359,4.94018,49.69698,2
98360,4.9368,49.69678,2
98361,4.94018,49.69698,2
98362,4.93672,49.69677,2
98363,4.94344,49.69749,2
98364,4.94018,49.69698,2
98365,4.93694,49.69638,2
98366,4.94018,49.69698,2
98367,4.93694,49.69638,2
98368,4.93893,49.69631,2
98369,4.94018,49.69698,2
98370,4.93914,49.69605,2
98371,4.94018,49.69698,2
98372,4.93655,49.69673,2
98373,4.94018,49.69698,2
98374,4.93642,49.6963,2
98375,4.93912,49.69624,2
98376,4.94018,49.69698,2
98377,4.93912,49.69624,2
98378,4.94018,49.69698,2
98379,4.93642,49.6963,2
98380,4.93911,49.69642,2
98381,4.94018,49.69698,2
98382,4.94018,49.69698,2
98383,4.93514,49.69593,2
98384,4.93911,49.69642,2
98385,4.94049,49.69721,2
98386,4.93694,49.69626,2
98387,4.93883,49.69777,2
98388,4.93911,49.69642,2
98389,4.94049,49.69721,2
98390,4.94049,49.69721,2
98391,4.93883,49.69777,2
98392,4.93911,49.69642,2
98393,4.94049,49.69721,2
98394,4.93884,49.69763,2
98395,4.94049,49.69721,2
98396,4.93885,49.6975,2
98397,4.93911,49.69642,2
98398,4.94049,49.69721,2
98399,4.93754,49.6957,2
98400,4.94049,49.69721,2
98401,4.9438,49.69756,2
98402,4.94049,49.69721,2
98403,4.93789,49.69643,2
98404,4.94049,49.69721,2
98405,4.93789,49.69643,2
98406,4.9438,49.69756,2
98407,4.94049,49.69721,2
98408,4.9438,49.69756,2
98409,4.94049,49.69721,2
98410,4.93854,49.69655,2
98411,4.94049,49.69721,2
98412,4.93886,49.69661,2
98413,4.9438,49.69756,2
98414,4.94049,49.69721,2
98415,4.93886,49.69661,2
98416,4.9438,49.69756,2
98417,4.94049,49.69721,2
98418,4.93886,49.69661,2
98419,4.94049,49.69721,2
98420,4.94287,49.69751,2
98421,4.94049,49.69721,2
98422,4.93921,49.69668,2
98423,4.94049,49.69721,2
98424,4.93921,49.69668,2
98425,4.94316,49.69756,2
98426,4.94049,49.69721,2
98427,4.94049,49.69721,2
98428,4.93988,49.69681,2
98429,4.94287,49.69751,2
98430,4.94049,49.69721,2
98431,4.93988,49.69681,2
98432,4.94027,49.69764,2
98433,4.94287,49.69751,2
98434,4.94027,49.69764,2
98435,4.94027,49.69764,2
98436,4.94011,49.69685,2
98437,4.94287,49.69751,2
98438,4.94027,49.69764,2
98439,4.94027,49.69764,2
98440,4.94287,49.69751,2
98441,4.94027,49.69764,2
98442,4.94035,49.69689,2
98443,4.94027,49.69764,2
98444,4.94345,49.69761,2
98445,4.94027,49.69764,2
98446,4.94059,49.69693,2
98447,4.94027,49.69764,2
98448,4.94345,49.69761,2
98449,4.94027,49.69764,2
98450,4.94167,49.69652,2
98451,4.94027,49.69764,2
98452,4.9408,49.69709,2
98453,4.94345,49.69761,2
98454,4.94027,49.69764,2
98455,4.94027,49.69764,2
98456,4.94139,49.69722,2
98457,4.94345,49.69761,2
98458,4.94027,49.69764,2
98459,4.94139,49.69722,2
98460,4.94027,49.69764,2
98461,4.94194,49.69721,2
98462,4.94345,49.69761,2
98463,4.94027,49.69764,2
98464,4.94027,49.69764,2
98465,4.93885,49.6975,2
98466,4.94194,49.69721,2
98467,4.94345,49.69761,2
98468,4.94027,49.69764,2
98469,4.94194,49.69721,2
98470,4.94027,49.69764,2
98471,4.94194,49.69721,2
98472,4.94345,49.69761,2
98473,4.94027,49.69764,2
98474,4.93586,49.69608,2
98475,4.94027,49.69764,2
98476,4.93836,49.69664,2
98477,4.93586,49.69608,2
98478,4.94249,49.69675,2
98479,4.94345,49.69761,2
98480,4.94027,49.69764,2
98481,4.94027,49.69764,2
98482,4.94229,49.69722,2
98483,4.94027,49.69764,2
98484,4.94447,49.69769,2
98485,4.94027,49.69764,2
98486,4.94272,49.69736,2
98487,4.94027,49.69764,2
98488,4.93616,49.69613,2
98489,4.94272,49.69736,2
98490,4.94447,49.69769,2
98491,4.94027,49.69764,2
98492,4.94308,49.69742,2
98493,4.94027,49.69764,2
98494,4.94447,49.69769,2
98495,4.94027,49.69764,2
98496,4.94344,49.69749,2
98497,4.94027,49.69764,2
98498,4.94482,49.69775,2
98499,4.93982,49.6978,2
98500,4.94344,49.69749,2
98501,4.93982,49.6978,2
98502,4.94482,49.69775,2
98503,4.93982,49.6978,2
98504,4.94344,49.69749,2
98505,4.94482,49.69775,2
98506,4.93982,49.6978,2
98507,4.94344,49.69749,2
98508,4.93982,49.6978,2
98509,4.94482,49.69775,2
98510,4.93982,49.6978,2
98511,4.93912,49.69624,2
98512,4.94482,49.69775,2
98513,4.93982,49.6978,2
98514,4.93982,49.6978,2
98515,4.93911,49.69642,2
98516,4.94516,49.69782,2
98517,4.93936,49.69754,2
98518,4.9438,49.69756,2
98519,4.93936,49.69754,2
98520,4.94516,49.69782,2
98521,4.93936,49.69754,2
98522,4.9438,49.69756,2
98523,4.93936,49.69754,2
98524,4.94516,49.69782,2
98525,4.93936,49.69754,2
98526,4.9438,49.69756,2
98527,4.93936,49.69754,2
98528,4.94516,49.69782,2
98529,4.93936,49.69754,2
98530,4.94228,49.6974,2
98531,4.94516,49.69782,2
98532,4.93936,49.69754,2
98533,4.94562,49.6979,2
98534,4.93936,49.69754,2
98535,4.94257,49.69745,2
98536,4.93936,49.69754,2
98537,4.94287,49.69751,2
98538,4.94562,49.6979,2
98539,4.93936,49.69754,2
98540,4.93936,49.69754,2
98541,4.94287,49.69751,2
98542,4.94562,49.6979,2
98543,4.93967,49.69764,2
98544,4.94345,49.69761,2
98545,4.93967,49.69764,2
98546,4.94562,49.6979,2
98547,4.93967,49.69764,2
98548,4.94447,49.69769,2
98549,4.93967,49.69764,2
98550,4.94403,49.69789,2
98551,4.93967,49.69764,2
98552,4.94482,49.69775,2
98553,4.93967,49.69764,2
98554,4.94482,49.69775,2
98555,4.94403,49.69789,2
98556,4.93967,49.69764,2
98557,4.93967,49.69764,2
98558,4.94482,49.69775,2
98559,4.94403,49.69789,2
98560,4.93967,49.69764,2
98561,4.93967,49.69764,2
98562,4.94403,49.69789,2
98563,4.93967,49.69764,2
98564,4.9453,49.69771,2
98565,4.93967,49.69764,2
98566,4.94403,49.69789,2
98567,4.93971,49.6972,2
98568,4.94403,49.69789,2
98569,4.93971,49.6972,2
98570,4.94272,49.69736,2
98571,4.94408,49.69774,2
98572,4.94403,49.69789,2
98573,4.93971,49.6972,2
98574,4.93971,49.6972,2
98575,4.94442,49.6978,2
98576,4.94403,49.69789,2
98577,4.93971,49.6972,2
98578,4.94442,49.6978,2
98579,4.93971,49.6972,2
98580,4.94442,49.6978,2
98581,4.93971,49.6972,2
98582,4.94442,49.6978,2
98583,4.93971,49.6972,2
98584,4.94511,49.69793,2
98585,4.93971,49.6972,2
98586,4.94442,49.6978,2
98587,4.93971,49.6972,2
98588,4.94511,49.69793,2
98589,4.94442,49.6978,2
98590,4.93971,49.6972,2
98591,4.93971,49.6972,2
98592,4.94543,49.69799,2
98593,4.94442,49.6978,2
98594,4.93955,49.69706,2
98595,4.93955,49.69706,2
98596,4.94543,49.69799,2
98597,4.94477,49.69787,2
98598,4.93955,49.69706,2
98599,4.93955,49.69706,2
98600,4.94507,49.69831,2
98601,4.94477,49.69787,2
98602,4.93955,49.69706,2
98603,4.93955,49.69706,2
98604,4.94497,49.69858,2
98605,4.94477,49.69787,2
98606,4.93955,49.69706,2
98607,4.93955,49.69706,2
98608,4.94257,49.69745,2
98609,4.94497,49.69858,2
98610,4.94477,49.69787,2
98611,4.93955,49.69706,2
98612,4.94474,49.69874,2
98613,4.93955,49.69706,2
98614,4.94474,49.69874,2
98615,4.94511,49.69793,2
98616,4.93955,49.69706,2
98617,4.94553,49.69855,2
98618,4.93955,49.69706,2
98619,4.94511,49.69793,2
98620,4.93907,49.69697,2
98621,4.93907,49.69697,2
98622,4.93586,49.69608,2
98623,4.94511,49.69793,2
98624,4.93907,49.69697,2
98625,4.93586,49.69608,2
98626,4.93903,49.69743,2
98627,4.93616,49.69613,2
98628,4.94511,49.69793,2
98629,4.93903,49.69743,2
98630,4.93616,49.69613,2
98631,4.93903,49.69743,2
98632,4.93616,49.69613,2
98633,4.94511,49.69793,2
98634,4.93903,49.69743,2
98635,4.94511,49.69793,2
98636,4.93903,49.69743,2
98637,4.94511,49.69793,2
98638,4.93903,49.69743,2
98639,4.94511,49.69793,2
98640,4.93903,49.69743,2
98641,4.94543,49.69799,2
98642,4.93903,49.69743,2
98643,4.93903,49.69743,2
98644,4.94543,49.69799,2
98645,4.93903,49.69743,2
98646,4.94543,49.69799,2
98647,4.93903,49.69743,2
98648,4.93903,49.69743,2
98649,4.94507,49.69831,2
98650,4.93903,49.69743,2
98651,4.93903,49.69743,2
98652,4.94507,49.69831,2
98653,4.93903,49.69743,2
98654,4.93903,49.69743,2
98655,4.94507,49.69831,2
98656,4.93903,49.69743,2
98657,4.93903,49.69743,2
98658,4.94503,49.6984,2
98659,4.93903,49.69743,2
98660,4.93903,49.69743,2
98661,4.94497,49.69858,2
98662,4.93901,49.69771,2
98663,4.93901,49.69771,2
98664,4.94497,49.69858,2
98665,4.93901,49.69771,2
98666,4.93901,49.69771,2
98667,4.94497,49.69858,2
98668,4.93901,49.69771,2
98669,4.93901,49.69771,2
98670,4.94474,49.69874,2
98671,4.93901,49.69771,2
98672,4.93901,49.69771,2
98673,4.9449,49.69877,2
98674,4.93901,49.69771,2
98675,4.93901,49.69771,2
98676,4.9449,49.69877,2
98677,4.93901,49.69771,2
98678,4.93901,49.69771,2
98679,4.9449,49.69877,2
98680,4.93901,49.69771,2
98681,4.93901,49.69771,2
98682,4.9449,49.69877,2
98683,4.93901,49.69771,2
98684,4.93901,49.69771,2
98685,4.9449,49.69877,2
98686,4.93901,49.69771,2
98687,4.93901,49.69771,2
98688,4.9449,49.69877,2
98689,4.93901,49.69771,2
98690,4.93901,49.69771,2
98691,4.93586,49.69608,2
98692,4.93901,49.69771,2
98693,4.93901,49.69771,2
98694,4.93586,49.69608,2
98695,4.94485,49.69887,2
98696,4.93586,49.69608,2
98697,4.94485,49.69887,2
98698,4.93586,49.69608,2
98699,4.94485,49.69887,2
98700,4.93586,49.69608,2
98701,4.94485,49.69887,2
98702,4.93586,49.69608,2
98703,4.94485,49.69887,2
98704,4.93586,49.69608,2
98705,4.93586,49.69608,2
98706,4.94485,49.69887,2
98707,4.93586,49.69608,2
98708,4.94465,49.69884,2
98709,4.93586,49.69608,2
98710,4.94465,49.69884,2
98711,4.93616,49.69613,2
98712,4.94465,49.69884,2
98713,4.93616,49.69613,2
98714,4.94465,49.69884,2
98715,4.93616,49.69613,2
98716,4.94445,49.69881,2
98717,4.93616,49.69613,2
98718,4.94405,49.69876,2
98719,4.94405,49.69876,2
98720,4.93616,49.69613,2
98721,4.94405,49.69876,2
98722,4.93616,49.69613,2
98723,4.93616,49.69613,2
98724,4.94406,49.69904,2
98725,4.94406,49.69904,2
98726,4.93616,49.69613,2
98727,4.94406,49.69904,2
98728,4.94406,49.69904,2
98729,4.93616,49.69613,2
98730,4.94406,49.69904,2
98731,4.94406,49.69904,2
98732,4.93616,49.69613,2
98733,4.94406,49.69904,2
98734,4.93616,49.69613,2
98735,4.94406,49.69929,2
98736,4.93539,49.69533,2
98737,4.93886,49.69726,2
98738,4.93539,49.69533,2
98739,4.94406,49.69929,2
98740,4.93539,49.69533,2
98741,4.93539,49.69533,2
98742,4.94406,49.69929,2
98743,4.93539,49.69533,2
98744,4.94406,49.69929,2
98745,4.93539,49.69533,2
98746,4.94406,49.69929,2
98747,4.93539,49.69533,2
98748,4.93539,49.69533,2
98749,4.94406,49.69821,2
98750,4.93539,49.69533,2
98751,4.94424,49.69867,2
98752,4.93539,49.69533,2
98753,4.93539,49.69533,2
98754,4.94424,49.69867,2
98755,4.93539,49.69533,2
98756,4.93539,49.69533,2
98757,4.94406,49.69821,2
98758,4.93539,49.69533,2
98759,4.93539,49.69533,2
98760,4.94406,49.69821,2
98761,4.93539,49.69533,2
98762,4.94406,49.69821,2
98763,4.93539,49.69533,2
98764,4.94406,49.69821,2
98765,4.93539,49.69533,2
98766,4.94406,49.69821,2
98767,4.93539,49.69533,2
98768,4.94404,49.69805,2
98769,4.93539,49.69533,2
98770,4.93539,49.69533,2
98771,4.94385,49.69776,2
98772,4.93539,49.69533,2
98773,4.94385,49.69776,2
98774,4.93539,49.69533,2
98775,4.93539,49.69533,2
98776,4.94385,49.69776,2
98777,4.93539,49.69533,2
98778,4.93539,49.69533,2
98779,4.94386,49.69798,2
98780,4.93539,49.69533,2
98781,4.9436,49.69816,2
98782,4.93539,49.69533,2
98783,4.9436,49.69816,2
98784,4.9436,49.69816,2
98785,4.9436,49.69816,2
98786,4.9436,49.69816,2
98787,4.9436,49.69816,2
98788,4.9436,49.69816,2
98789,4.94232,49.69792,2
98790,4.94387,49.69819,2
98791,4.94216,49.69789,2
98792,4.94232,49.69792,2
98793,4.94216,49.69789,2
98794,4.94232,49.69792,2
98795,4.942,49.69786,2
98796,4.942,49.69786,2
98797,4.942,49.69786,2
98798,4.942,49.69786,2
98799,4.942,49.69786,2
98800,4.942,49.69786,2
98801,4.942,49.69786,2
98802,4.94108,49.69783,2
98803,4.94107,49.6979,2
98804,4.93694,49.69693,2
98805,4.93782,49.69697,2
98806,4.93751,49.69691,2
98807,4.93751,49.69691,2
98808,4.93886,49.69726,2
98809,4.93886,49.69726,2
98810,4.93886,49.69726,2
98811,4.93886,49.69726,2
98812,4.93861,49.69669,2
98813,4.93861,49.69669,2
98814,4.93861,49.69669,2
98815,4.93861,49.69669,2
98816,4.93861,49.69669,2
98817,4.93861,49.69669,2
98818,4.93836,49.69664,2
98819,4.93836,49.69664,2
98820,4.93836,49.69664,2
98821,4.93812,49.6966,2
98822,4.93812,49.6966,2
98823,4.93812,49.6966,2
98824,4.93812,49.6966,2
98825,4.93788,49.69655,2
98826,4.93788,49.69655,2
98827,4.93788,49.69655,2
98828,4.93763,49.69651,2
98829,4.93763,49.69651,2
98830,4.93763,49.69651,2
98831,4.93763,49.69651,2
98832,4.93763,49.69651,2
98833,4.94257,49.69745,2
98834,4.93763,49.69651,2
98835,4.93701,49.69661,2
98836,4.93692,49.69677,2
98837,4.9372,49.69685,2
98838,4.9372,49.69685,2
98839,4.9368,49.69678,2
98840,4.9368,49.69678,2
98841,4.9368,49.69678,2
98842,4.93694,49.69638,2
98843,4.93694,49.69638,2
98844,4.93694,49.69638,2
98845,4.94059,49.69693,2
98846,4.94059,49.69693,2
98847,4.93694,49.69638,2
98848,4.94059,49.69693,2
98849,4.94059,49.69693,2
98850,4.93694,49.69638,2
98851,4.94059,49.69693,2
98852,4.93694,49.69638,2
98853,4.94059,49.69693,2
98854,4.93694,49.69638,2
98855,4.93677,49.69635,2
98856,4.93907,49.69697,2
98857,4.93642,49.6963,2
98858,4.94272,49.69736,2
98859,4.93642,49.6963,2
98860,4.93975,49.69697,2
98861,4.93642,49.6963,2
98862,4.93975,49.69697,2
98863,4.94018,49.69698,2
98864,4.93642,49.6963,2
98865,4.94018,49.69698,2
98866,4.93642,49.6963,2
98867,4.94049,49.69721,2
98868,4.93625,49.69627,2
98869,4.94049,49.69721,2
98870,4.94055,49.69746,2
98871,4.93625,49.69627,2
98872,4.94027,49.69764,2
98873,4.94027,49.69764,2
98874,4.93625,49.69627,2
98875,4.94027,49.69764,2
98876,4.93982,49.6978,2
98877,4.93608,49.69624,2
98878,4.93982,49.6978,2
98879,4.93581,49.69619,2
98880,4.93936,49.69754,2
98881,4.93967,49.69764,2
98882,4.93545,49.69611,2
98883,4.93967,49.69764,2
98884,4.93545,49.69611,2
98885,4.93967,49.69764,2
98886,4.93971,49.6972,2
98887,4.93545,49.69611,2
98888,4.93955,49.69706,2
98889,4.93907,49.69697,2
98890,4.93545,49.69611,2
98891,4.93903,49.69743,2
98892,4.93903,49.69743,2
98893,4.93545,49.69611,2
98894,4.93903,49.69743,2
98895,4.93903,49.69743,2
98896,4.93545,49.69611,2
98897,4.93903,49.69743,2
98898,4.93901,49.69771,2
98899,4.93545,49.69611,2
98900,4.93901,49.69771,2
98901,4.93545,49.69611,2
98902,4.93545,49.69611,2
98903,4.9366,49.69632,2
98904,4.93545,49.69611,2
98905,4.93509,49.69604,2
98906,4.93514,49.69593,2
98907,4.93724,49.69631,2
98908,4.93724,49.69631,2
98909,4.93514,49.69593,2
98910,4.93724,49.69631,2
98911,4.94069,49.69673,2
98912,4.93514,49.69593,2
98913,4.94076,49.69656,2
98914,4.93514,49.69593,2
98915,4.93514,49.69593,2
98916,4.93514,49.69593,2
98917,4.93514,49.69593,2
98918,4.93514,49.69593,2
98919,4.93514,49.69593,2
98920,4.93514,49.69593,2
98921,4.93514,49.69593,2
98922,4.93642,49.69618,2
98923,4.93668,49.69622,2
98924,4.93668,49.69622,2
98925,4.93694,49.69626,2
98926,4.93694,49.69626,2
98927,4.93694,49.69626,2
98928,4.343557,49.581927,2
98929,4.391031,49.608981,2
98930,4.34928,49.58547,2
98931,4.35075,49.58261,2
98932,4.34716,49.58421,2
98933,4.34575,49.58257,2
98934,4.34575,49.58257,2
98935,4.34907,49.58163,2
98936,4.3492,49.58452,2
98937,4.37463,49.60488,2
98938,4.34907,49.58163,2
98939,4.34575,49.58257,2
98940,4.37463,49.60488,2
98941,4.39366,49.58946,2
98942,4.374323,49.577603,2
98943,4.35075,49.58261,2
98944,4.35075,49.58261,2
98945,4.35075,49.58261,2
98946,4.35075,49.58261,2
98947,4.35075,49.58261,2
98948,4.34634,49.58281,2
98949,4.34876,49.58247,2
98950,4.34907,49.58163,2
98951,4.35365,49.57563,2
98952,4.34435,49.58247,2
98953,4.34435,49.58323,2
98954,4.34716,49.58421,2
98955,4.347378,49.584559,2
98956,4.3492,49.58452,2
98957,4.3492,49.58452,2
98958,4.3492,49.58452,2
98959,4.34794,49.58236,2
98960,4.377458,49.60179,2
98961,4.37463,49.60488,2
98962,4.37463,49.60488,2
98963,4.343174,49.582373,2
98964,4.35248,49.58716,2
98965,4.37463,49.60488,2
98966,4.35075,49.58261,2
98967,4.34794,49.58236,2
98968,4.35075,49.58261,2
98969,4.390555,49.587508,2
98970,4.37463,49.60488,2
98971,4.35075,49.58261,2
98972,4.356029,49.583184,2
98973,4.35075,49.58261,2
98974,4.35075,49.58261,2
98975,4.35075,49.58261,2
98976,4.35075,49.58261,2
98977,4.35075,49.58261,2
98978,4.35075,49.58261,2
98979,4.35075,49.58261,2
98980,4.35075,49.58261,2
98981,4.35075,49.58261,2
98982,4.35075,49.58261,2
98983,4.35075,49.58261,2
98984,4.35075,49.58261,2
98985,4.35075,49.58261,2
98986,4.35075,49.58261,2
98987,4.35075,49.58261,2
98988,4.35075,49.58261,2
98989,4.35075,49.58261,2
98990,4.35075,49.58261,2
98991,4.35075,49.58261,2
98992,4.35075,49.58261,2
98993,4.350889,49.582497,2
98994,4.35075,49.58261,2
98995,4.35075,49.58261,2
98996,4.35075,49.58261,2
98997,4.35075,49.58261,2
98998,4.35075,49.58261,2
98999,4.35075,49.58261,2
99000,4.35075,49.58261,2
99001,4.35075,49.58261,2
99002,4.35075,49.58261,2
99003,4.349238,49.582677,2
99004,4.35075,49.58261,2
99005,4.35075,49.58261,2
99006,4.35075,49.58261,2
99007,4.35075,49.58261,2
99008,4.349238,49.582677,2
99009,4.34634,49.58281,2
99010,4.34634,49.58281,2
99011,4.34634,49.58281,2
99012,4.34634,49.58281,2
99013,4.34634,49.58281,2
99014,4.34634,49.58281,2
99015,4.34634,49.58281,2
99016,4.34664,49.58239,2
99017,4.34664,49.58239,2
99018,4.34634,49.58281,2
99019,4.34794,49.58236,2
99020,4.34794,49.58236,2
99021,4.34794,49.58236,2
99022,4.34907,49.58163,2
99023,4.34907,49.58163,2
99024,4.34907,49.58163,2
99025,4.34435,49.58247,2
99026,4.34907,49.58163,2
99027,4.34634,49.58281,2
99028,4.34634,49.58281,2
99029,4.34634,49.58281,2
99030,4.34634,49.58281,2
99031,4.34634,49.58281,2
99032,4.34575,49.58257,2
99033,4.34435,49.58247,2
99034,4.34435,49.58247,2
99035,4.34435,49.58247,2
99036,4.34435,49.58247,2
99037,4.34435,49.58247,2
99038,4.34435,49.58323,2
99039,4.34928,49.58547,2
99040,4.34435,49.58323,2
99041,4.34435,49.58323,2
99042,4.34435,49.58323,2
99043,4.34435,49.58247,2
99044,4.34435,49.58323,2
99045,4.34435,49.58323,2
99046,4.34435,49.58323,2
99047,4.34435,49.58323,2
99048,4.34435,49.58323,2
99049,4.34435,49.58323,2
99050,4.34435,49.58323,2
99051,4.34435,49.58323,2
99052,4.3466,49.58233,2
99053,4.34435,49.58323,2
99054,4.3466,49.58233,2
99055,4.34435,49.58323,2
99056,4.34435,49.58323,2
99057,4.34435,49.58323,2
99058,4.34435,49.58323,2
99059,4.34394,49.583942,2
99060,4.34394,49.583942,2
99061,4.34394,49.583942,2
99062,4.34394,49.583942,2
99063,4.34568,49.58389,2
99064,4.34568,49.58389,2
99065,4.34578,49.58368,2
99066,4.34578,49.58368,2
99067,4.34578,49.58368,2
99068,4.34578,49.58368,2
99069,4.34578,49.58368,2
99070,4.34578,49.58368,2
99071,4.34578,49.58368,2
99072,4.34634,49.58281,2
99073,4.34634,49.58281,2
99074,4.34634,49.58281,2
99075,4.34634,49.58281,2
99076,4.34716,49.58421,2
99077,4.34716,49.58421,2
99078,4.34716,49.58421,2
99079,4.34716,49.58421,2
99080,4.34928,49.58547,2
99081,4.34578,49.58368,2
99082,4.3492,49.58452,2
99083,4.3492,49.58452,2
99084,4.3492,49.58452,2
99085,4.3492,49.58452,2
99086,4.3492,49.58452,2
99087,4.3492,49.58452,2
99088,4.3492,49.58452,2
99089,4.3492,49.58452,2
99090,4.3492,49.58452,2
99091,4.3492,49.58452,2
99092,4.3492,49.58452,2
99093,4.3492,49.58452,2
99094,4.35136,49.5834,2
99095,4.35136,49.5834,2
99096,4.37463,49.60488,2
99097,4.35136,49.5834,2
99098,4.3492,49.58452,2
99099,4.3492,49.58452,2
99100,4.3492,49.58452,2
99101,4.3492,49.58452,2
99102,4.34634,49.58281,2
99103,4.3492,49.58452,2
99104,4.3492,49.58452,2
99105,4.3492,49.58452,2
99106,4.3492,49.58452,2
99107,4.3492,49.58452,2
99108,4.354614,49.585139,2
99109,4.34794,49.58236,2
99110,4.34794,49.58236,2
99111,4.34794,49.58236,2
99112,4.354618,49.584546,2
99113,4.34794,49.58236,2
99114,4.37463,49.60488,2
99115,4.37463,49.60488,2
99116,4.37463,49.60488,2
99117,4.37463,49.60488,2
99118,4.37463,49.60488,2
99119,4.37463,49.60488,2
99120,4.37463,49.60488,2
99121,4.37463,49.60488,2
99122,4.376551,49.601922,2
99123,4.35473,49.58643,2
99124,4.35473,49.58643,2
99125,4.35473,49.58643,2
99126,4.35248,49.58716,2
99127,4.35248,49.58716,2
99128,4.35248,49.58716,2
99129,4.35248,49.58716,2
99130,4.35248,49.58716,2
99131,4.34928,49.58547,2
99132,4.34928,49.58547,2
99133,4.34928,49.58547,2
99134,4.34928,49.58547,2
99135,4.34928,49.58547,2
99136,4.35003,49.58554,2
99137,4.34928,49.58547,2
99138,4.34928,49.58547,2
99139,4.35075,49.58261,2
99140,5.06745,49.24715,2
99141,5.06789,49.24763,2
99142,5.06753,49.24906,2
99143,5.06754,49.24738,2
99144,5.06824,49.24797,2
99145,5.06864,49.2483,2
99146,5.06831,49.24869,2
99147,5.06831,49.24869,2
99148,5.06742,49.24812,2
99149,5.06707,49.24764,2
99150,5.06743,49.24824,2
99151,5.06707,49.24764,2
99152,5.06734,49.24815,2
99153,5.06727,49.24806,2
99154,5.06734,49.24786,2
99155,5.06707,49.25041,2
99156,5.06763,49.24823,2
99157,5.06746,49.24805,2
99158,5.06734,49.24815,2
99159,5.06674,49.24853,2
99160,5.06755,49.24728,2
99161,5.06755,49.24722,2
99162,5.06797,49.24896,2
99163,5.06815,49.24896,2
99164,5.06789,49.24842,2
99165,5.06742,49.25041,2
99166,5.06745,49.24649,2
99167,5.06716,49.24872,2
99168,5.06716,49.24872,2
99169,5.06802,49.25137,2
99170,5.06446,49.248413,2
99171,5.06762,49.25043,2
99172,5.06707,49.24764,2
99173,5.06795,49.24995,2
99174,5.06811,49.25001,2
99175,5.06742,49.25041,2
99176,5.06742,49.25041,2
99177,5.067086,49.250817,2
99178,5.067072,49.250799,2
99179,5.06508,49.24862,2
99180,5.066107,49.249445,2
99181,5.06886,49.24863,2
99182,5.066107,49.249445,2
99183,5.066107,49.249445,2
99184,5.065904,49.249234,2
99185,5.06755,49.24728,2
99186,5.06742,49.24812,2
99187,5.065904,49.249234,2
99188,5.06446,49.248413,2
99189,5.06446,49.248413,2
99190,5.06446,49.248413,2
99191,5.06446,49.248413,2
99192,5.06446,49.248413,2
99193,5.08354,49.239536,2
99194,5.06757,49.25106,2
99195,5.06894,49.24962,2
99196,5.06707,49.24764,2
99197,5.06751,49.24833,2
99198,5.06776,49.24857,2
99199,5.067284,49.247027,2
99200,5.06707,49.25041,2
99201,5.06853,49.24975,2
99202,5.07022,49.24928,2
99203,5.066882,49.250587,2
99204,5.06762,49.25043,2
99205,5.06795,49.24995,2
99206,5.067072,49.250799,2
99207,5.06701,49.2505,2
99208,5.06651,49.24976,2
99209,5.06446,49.248413,2
99210,5.060079,49.24711,2
99211,5.06446,49.248413,2
99212,5.075671,49.245695,2
99213,5.08354,49.239536,2
99214,5.067252,49.249024,2
99215,4.7156,49.7614,2
99216,4.7097,49.76031,2
99217,4.70965,49.76056,2
99218,4.70248,49.76187,2
99219,4.71644,49.763192,2
99220,4.71516,49.76031,2
99221,4.70445,49.76152,2
99222,4.70963,49.76073,2
99223,4.7072,49.76053,2
99224,4.70474,49.76109,2
99225,4.70197,49.76196,2
99226,4.71717,49.76123,2
99227,4.71717,49.76123,2
99228,4.7152,49.76098,2
99229,4.716575,49.7631,2
99230,4.2421,49.64842,2
99231,4.243134,49.649061,2
99232,4.244115,49.655334,2
99233,4.24664,49.64928,2
99234,4.248068,49.656323,2
99235,4.23786,49.64578,2
99236,4.2684,49.6336,2
99237,4.2421,49.64842,2
99238,4.2466,49.64928,2
99239,4.24517,49.64979,2
99240,4.22346,49.63584,2
99241,4.23786,49.64578,2
99242,4.253933,49.650741,2
99243,4.23786,49.64578,2
99244,4.2684,49.6336,2
99245,4.24626,49.64921,2
99246,4.24664,49.64928,2
99247,4.24664,49.64928,2
99248,4.2466,49.64928,2
99249,4.24976,49.6483,2
99250,4.24976,49.6483,2
99251,4.2466,49.64928,2
99252,4.248719,49.653007,2
99253,4.2511,49.64755,2
99254,4.25062,49.65141,2
99255,4.26723,49.656,2
99256,4.28021,49.66793,2
99257,4.2511,49.64755,2
99258,4.253933,49.650741,2
99259,4.2511,49.64755,2
99260,4.26991,49.63466,2
99261,4.26974,49.63433,2
99262,4.26987,49.63346,2
99263,4.83229,49.82531,2
99264,4.83848,49.8161,2
99265,4.82684,49.81783,2
99266,4.82754,49.8215,2
99267,4.84951,49.81568,2
99268,4.836433,49.828643,2
99269,4.838073,49.813427,2
99270,4.82595,49.82176,2
99271,4.838569,49.816741,2
99272,4.8457,49.81585,2
99273,4.82935,49.82101,2
99274,4.84951,49.81568,2
99275,4.833312,49.819392,2
99276,4.82983,49.82238,2
99277,4.82851,49.82168,2
99278,4.82935,49.82101,2
99279,4.82814,49.82305,2
99280,4.82754,49.82273,2
99281,4.827123,49.821459,2
99282,4.827951,49.821622,2
99283,4.8268,49.82152,2
99284,4.82684,49.81783,2
99285,4.827759,49.816002,2
99286,4.8287,49.81981,2
99287,4.82823,49.81763,2
99288,4.8287,49.81981,2
99289,4.8287,49.81981,2
99290,4.829206,49.821165,2
99291,4.826217,49.821657,2
99292,4.82766,49.82168,2
99293,4.82935,49.82101,2
99294,4.8457,49.81585,2
99295,4.86218,49.81217,2
99296,4.82663,49.82009,2
99297,4.78969,50.0151,2
99298,4.79012,50.01718,2
99299,4.789765,50.019599,2
99300,4.79663,50.02007,2
99301,4.78904,50.02049,2
99302,4.79068,50.01919,2
99303,4.789339,50.009926,2
99304,4.788504,50.016858,2
99305,4.788787,50.01696,2
99306,4.78969,50.0151,2
99307,4.78952,50.01611,2
99308,4.79012,50.01718,2
99309,4.79012,50.01718,2
99310,4.8053,50.01535,2
99311,4.79501,50.01994,2
99312,4.79336,50.0211,2
99313,4.792941,50.021852,2
99314,4.79306,50.01985,2
99315,4.79218,50.01993,2
99316,4.79155,50.01971,2
99317,4.78973,50.02024,2
99318,4.78891,50.0195,2
99319,4.79155,50.01971,2
99320,4.78908,50.01863,2
99321,5.02053,49.26083,2
99322,5.01352,49.26187,2
99323,5.01352,49.26187,2
99324,5.030408,49.259232,2
99325,5.02953,49.25662,2
99326,4.32662,49.59784,2
99327,4.32662,49.59784,2
99328,4.32662,49.59784,2
99329,4.32662,49.59784,2
99330,4.32662,49.59784,2
99331,4.32376,49.61132,2
99332,4.32376,49.61132,2
99333,4.32571,49.609399,2
99334,4.325873,49.609702,2
99335,4.32662,49.59784,2
99336,5.01228,49.24708,2
99337,5.01292,49.24716,2
99338,5.01228,49.24708,2
99339,5.01201,49.24745,2
99340,5.0127,49.24781,2
99341,4.93928,49.69724,2
99342,4.94406,49.69821,2
99343,4.94507,49.69831,2
99344,4.93739,49.69646,2
99345,4.93715,49.69642,2
99346,4.94049,49.69721,2
99347,4.93756,49.69637,2
99348,4.94553,49.69855,2
99349,4.94011,49.69685,2
99350,4.93907,49.69697,2
99351,4.94011,49.69685,2
99352,4.94272,49.69736,2
99353,4.94516,49.69782,2
99354,4.94477,49.69787,2
99355,4.9449,49.69877,2
99356,4.93539,49.69533,2
99357,4.93748,49.69698,2
99358,4.93748,49.69698,2
99359,4.94553,49.69855,2
99360,4.93904,49.69631,2
99361,4.93956,49.6976,2
99362,4.93982,49.6978,2
99363,4.94107,49.6979,2
99364,4.94107,49.6979,2
99365,4.9372,49.69685,2
99366,4.93545,49.69611,2
99367,4.93514,49.69593,2
99368,4.93714,49.69596,2
99369,4.93941,49.6954,2
99370,4.94099,49.69505,2
99371,4.93904,49.69631,2
99372,4.94413,49.69763,2
99373,4.94553,49.69855,2
99374,4.35075,49.58261,2
99375,4.35075,49.58261,2
99376,4.35075,49.58261,2
99377,4.34673,49.58242,2
99378,4.343793,49.58336,2
99379,4.34578,49.58368,2
99380,4.34634,49.58281,2
99381,4.3492,49.58452,2
99382,4.37463,49.60488,2
99383,5.06742,49.24812,2
99384,5.0681,49.24948,2
99385,5.06755,49.24722,2
99386,5.0681,49.24948,2
99387,5.06797,49.24896,2
99388,5.06781,49.25016,2
99389,5.071702,49.254721,2
