"ID","Longitude","Latitude","ServiceTime (min)"
172498,4.653137,49.826761,2
172499,4.652891,49.826837,2
172500,4.6524,49.82473,2
172501,4.652891,49.826837,2
172502,4.65373,49.82452,2
172503,4.65373,49.82452,2
172504,4.65154,49.82369,2
172505,4.65154,49.82369,2
172506,4.65373,49.82452,2
172507,4.65154,49.82369,2
172508,4.65289,49.82466,2
172509,4.6524,49.82473,2
172510,4.6527,49.82457,2
172511,4.65383,49.82438,2
172512,4.65327,49.82447,2
172513,4.65238,49.82462,2
172514,4.65227,49.82462,2
172515,4.65217,49.82463,2
172516,4.65218,49.82474,2
172517,4.65229,49.82474,2
172518,4.65327,49.82453,2
172519,4.65207,49.82475,2
172520,4.651708,49.826788,2
172521,4.652,49.82482,2
172522,4.65191,49.82488,2
172523,4.65206,49.82464,2
172524,4.65183,49.82495,2
172525,4.65175,49.82501,2
172526,4.64967,49.82586,2
172527,4.65167,49.82507,2
172528,4.65151,49.82519,2
172529,4.65142,49.82526,2
172530,4.65142,49.82526,2
172531,4.65134,49.82532,2
172532,4.65249,49.82597,2
172533,4.65294,49.82594,2
172534,4.65278,49.82607,2
172535,4.65197,49.82612,2
172536,4.6514,49.82577,2
172537,4.65223,49.82604,2
172538,4.65184,49.8269,2
172539,4.65122,49.82592,2
172540,4.65124,49.82616,2
172541,4.65144,49.82638,2
172542,4.65164,49.8266,2
172543,4.65204,49.82703,2
172544,4.65244,49.82747,2
172545,4.65224,49.82725,2
172546,4.65264,49.82768,2
172547,4.65184,49.8269,2
172548,4.65184,49.8269,2
172549,4.65184,49.8269,2
172550,4.6517,49.82796,2
172551,4.65107,49.82766,2
172552,4.6518,49.82824,2
172553,4.65218,49.82742,2
172554,4.651,49.82865,2
172555,4.65196,49.82717,2
172556,4.65207,49.82729,2
172557,4.65173,49.82692,2
172558,4.6515,49.82667,2
172559,4.65139,49.82655,2
172560,4.65127,49.82642,2
172561,4.65116,49.8263,2
172562,4.65105,49.82617,2
172563,4.65103,49.82603,2
172564,4.65105,49.82589,2
172565,4.65109,49.8256,2
172566,4.65184,49.8269,2
172567,4.65112,49.82542,2
172568,4.65116,49.82525,2
172569,4.65117,49.82515,2
172570,4.6511,49.82505,2
172571,4.65102,49.82495,2
172572,4.65094,49.82484,2
172573,4.65085,49.82473,2
172574,4.65076,49.82462,2
172575,4.65068,49.82452,2
172576,4.65059,49.82441,2
172577,4.6505,49.8243,2
172578,4.65042,49.82419,2
172579,4.64984,49.82636,2
172580,4.65071,49.82392,2
172581,4.65071,49.82392,2
172582,4.64942,49.82538,2
172583,4.65071,49.82392,2
172584,4.6518,49.82824,2
172585,4.6497,49.82454,2
172586,4.64967,49.82639,2
172587,4.6493,49.82259,2
172588,4.6508,49.82347,2
172589,4.6508,49.82347,2
172590,4.6512,49.82337,2
172591,4.64859,49.82198,2
172592,4.65184,49.8269,2
172593,4.65132,49.82487,2
172594,4.65173,49.82476,2
172595,4.65158,49.82486,2
172596,4.65188,49.82442,2
172597,4.65179,49.82385,2
172598,4.65208,49.82458,2
172599,4.65202,49.82414,2
172600,4.65205,49.82436,2
172601,4.65205,49.82436,2
172602,4.65199,49.82392,2
172603,4.65201,49.8237,2
172604,4.65154,49.82369,2
172605,4.652891,49.826837,2
172606,4.65154,49.82369,2
172607,4.65189,49.82314,2
172608,4.65174,49.82279,2
172609,4.65172,49.82265,2
172610,4.65193,49.82257,2
172611,4.65206,49.82247,2
172612,4.65209,49.82232,2
172613,4.65187,49.82247,2
172614,4.65149,49.82219,2
172615,4.65099,49.82145,2
172616,4.65141,49.82243,2
172617,4.65157,49.82282,2
172618,4.65172,49.82317,2
172619,4.65121,49.82153,2
172620,4.65109,49.82185,2
172621,4.65078,49.82189,2
172622,4.65047,49.82193,2
172623,4.65017,49.82199,2
172624,4.6499,49.82211,2
172625,4.64964,49.82223,2
172626,4.64952,49.82214,2
172627,4.64976,49.82204,2
172628,4.64999,49.82193,2
172629,4.65024,49.82184,2
172630,4.65052,49.8218,2
172631,4.6508,49.82177,2
172632,4.65108,49.82173,2
172633,4.65318,49.82053,2
172634,4.65318,49.82053,2
172635,4.65313,49.82041,2
172636,4.65175,49.82105,2
172637,4.65374,49.82042,2
172638,4.64957,49.81991,2
172639,4.64658,49.81751,2
172640,4.6518,49.82824,2
172641,4.65159,49.82513,2
172642,4.65184,49.82704,2
172643,4.65141,49.82561,2
172644,4.6508,49.82347,2
172645,4.65318,49.82048,2
172646,4.65184,49.82681,2
172647,4.6523,49.82754,2
172648,4.6518,49.82824,2
172649,4.652891,49.826837,2
172650,4.65253,49.82779,2
172651,4.652891,49.826837,2
172652,4.651708,49.826788,2
172653,4.65289,49.82466,2
172654,4.6518,49.82824,2
172655,4.53813,49.89006,2
172656,4.53813,49.89006,2
172657,4.53813,49.89006,2
172658,4.5377,49.8899,2
172659,4.5375,49.88973,2
172660,4.5373,49.88956,2
172661,4.53777,49.88977,2
172662,4.5371,49.8894,2
172663,4.53774,49.88881,2
172664,4.53977,49.89162,2
172665,4.53711,49.88921,2
172666,4.52497,49.88574,2
172667,4.53621,49.88865,2
172668,4.5359,49.88849,2
172669,4.53774,49.88881,2
172670,4.53682,49.88897,2
172671,4.53528,49.88816,2
172672,4.53466,49.88784,2
172673,4.535,49.88817,2
172674,4.54262,49.89116,2
172675,4.52666,49.88516,2
172676,4.53852,49.88976,2
172677,4.52572,49.88536,2
172678,4.54922,49.9053,2
172679,4.52736,49.88412,2
172680,4.54128,49.89123,2
172681,4.54249,49.88797,2
172682,4.54249,49.88797,2
172683,4.54249,49.88797,2
172684,4.54163,49.89008,2
172685,4.54063,49.89231,2
172686,4.52666,49.88516,2
172687,4.52666,49.88516,2
172688,4.5248,49.88579,2
172689,4.52325,49.88637,2
172690,4.52411,49.88604,2
172691,4.52624,49.88515,2
172692,4.52583,49.88498,2
172693,4.52247,49.88352,2
172694,4.52613,49.88497,2
172695,4.53652,49.88881,2
172696,4.52597,49.88496,2
172697,4.52597,49.88496,2
172698,4.52529,49.8848,2
172699,4.52471,49.88462,2
172700,4.52292,49.88364,2
172701,4.52428,49.88445,2
172702,4.52321,49.88395,2
172703,4.52277,49.88371,2
172704,4.52378,49.88423,2
172705,4.52186,49.88314,2
172706,4.52147,49.88291,2
172707,4.52627,49.88531,2
172708,4.52579,49.88547,2
172709,4.54794,49.90435,2
172710,4.52108,49.88294,2
172711,4.5253,49.88563,2
172712,4.52817,49.88558,2
172713,4.52697,49.88521,2
172714,4.51836,49.88191,2
172715,4.52666,49.88516,2
172716,4.52772,49.8854,2
172717,4.52725,49.88417,2
172718,4.52666,49.88516,2
172719,4.52795,49.88549,2
172720,4.52697,49.88521,2
172721,4.52666,49.88516,2
172722,4.52697,49.88521,2
172723,4.53014,49.88639,2
172724,4.53544,49.88992,2
172725,4.52958,49.88616,2
172726,4.538,49.88996,2
172727,4.52768,49.88526,2
172728,4.537572,49.894228,2
172729,4.52902,49.88593,2
172730,4.53387,49.89957,2
172731,4.53127,49.88685,2
172732,4.53071,49.88662,2
172733,4.53184,49.88708,2
172734,4.54794,49.90435,2
172735,4.53967,49.89213,2
172736,4.53079,49.88652,2
172737,4.52948,49.88599,2
172738,4.54009,49.89178,2
172739,4.53246,49.88723,2
172740,4.53211,49.88702,2
172741,4.54079,49.89089,2
172742,4.53355,49.88723,2
172743,4.53328,49.88745,2
172744,4.53745,49.88949,2
172745,4.53372,49.88759,2
172746,4.53372,49.88759,2
172747,4.53873,49.88755,2
172748,4.53593,49.88751,2
172749,4.53647,49.88755,2
172750,4.53495,49.88938,2
172751,4.53434,49.88792,2
172752,4.53546,49.88983,2
172753,4.53597,49.89028,2
172754,4.53667,49.8911,2
172755,4.54262,49.89116,2
172756,4.54089,49.89252,2
172757,4.53627,49.89074,2
172758,4.53459,49.88906,2
172759,4.53565,49.8902,2
172760,4.53546,49.88983,2
172761,4.53544,49.88992,2
172762,4.53647,49.89072,2
172763,4.53709,49.89072,2
172764,4.53686,49.89127,2
172765,4.53704,49.89144,2
172766,4.53723,49.89161,2
172767,4.54128,49.89123,2
172768,4.53754,49.89168,2
172769,4.53544,49.88992,2
172770,4.53718,49.89136,2
172771,4.53718,49.89136,2
172772,4.53738,49.89173,2
172773,4.53777,49.88977,2
172774,4.53739,49.88953,2
172775,4.53739,49.88953,2
172776,4.53739,49.88953,2
172777,4.54088,49.88749,2
172778,4.53852,49.88976,2
172779,4.54088,49.88749,2
172780,4.5375,49.89184,2
172781,4.53799,49.89225,2
172782,4.53763,49.89194,2
172783,4.53787,49.89214,2
172784,4.53803,49.89209,2
172785,4.5382,49.89223,2
172786,4.53852,49.88976,2
172787,4.53836,49.89236,2
172788,4.53852,49.8925,2
172789,4.53836,49.89255,2
172790,4.53869,49.89263,2
172791,4.53848,49.89265,2
172792,4.53861,49.89276,2
172793,4.53873,49.89286,2
172794,4.53885,49.89277,2
172795,4.53905,49.89285,2
172796,4.53899,49.89274,2
172797,4.53935,49.89255,2
172798,4.53971,49.89236,2
172799,4.53959,49.89257,2
172800,4.54249,49.88797,2
172801,4.53955,49.89056,2
172802,4.53955,49.89056,2
172803,4.53986,49.89243,2
172804,4.539607,49.892412,2
172805,4.53656,49.89827,2
172806,4.53802,49.89321,2
172807,4.53774,49.89439,2
172808,4.53867,49.89289,2
172809,4.53653,49.89847,2
172810,4.53756,49.89437,2
172811,4.53807,49.89528,2
172812,4.53752,49.8956,2
172813,4.53752,49.89634,2
172814,4.53752,49.896,2
172815,4.5377,49.8958,2
172816,4.53484,49.90026,2
172817,4.53448,49.90057,2
172818,4.53387,49.89957,2
172819,4.53653,49.89847,2
172820,4.5389,49.89301,2
172821,4.53911,49.89321,2
172822,4.53933,49.89342,2
172823,4.5412,49.89287,2
172824,4.53954,49.89362,2
172825,4.54002,49.89386,2
172826,4.53976,49.89383,2
172827,4.54249,49.88797,2
172828,4.53998,49.89403,2
172829,4.53915,49.89305,2
172830,4.54061,49.89396,2
172831,4.5412,49.89287,2
172832,4.54141,49.89358,2
172833,4.5479,49.90566,2
172834,4.54794,49.90435,2
172835,4.5479,49.90566,2
172836,4.5479,49.90566,2
172837,4.54794,49.90435,2
172838,4.5479,49.90566,2
172839,4.54794,49.90435,2
172840,4.5479,49.90566,2
172841,4.547658,49.904248,2
172842,4.54794,49.90435,2
172843,4.547586,49.904205,2
172844,4.5479,49.90566,2
172845,4.5479,49.90566,2
172846,4.5479,49.90566,2
172847,4.5479,49.90566,2
172848,4.5479,49.90566,2
172849,4.5479,49.90566,2
172850,4.54794,49.90435,2
172851,4.5479,49.90566,2
172852,4.5479,49.90566,2
172853,4.5479,49.90566,2
172854,4.54164,49.89315,2
172855,4.54127,49.89284,2
172856,4.54161,49.89332,2
172857,4.54113,49.89291,2
172858,4.54096,49.89277,2
172859,4.5408,49.89264,2
172860,4.54064,49.8925,2
172861,4.54063,49.89231,2
172862,4.53873,49.88755,2
172863,4.540285,49.89267,2
172864,4.54421,49.8883,2
172865,4.5401,49.8925,2
172866,4.53995,49.89189,2
172867,4.53987,49.89192,2
172868,4.53979,49.89195,2
172869,4.53995,49.8924,2
172870,4.53971,49.89198,2
172871,4.53965,49.89201,2
172872,4.53965,49.89207,2
172873,4.53997,49.89172,2
172874,4.53971,49.89148,2
172875,4.5397,49.89167,2
172876,4.54128,49.89123,2
172877,4.53944,49.89124,2
172878,4.53916,49.89099,2
172879,4.53916,49.89118,2
172880,4.54237,49.88884,2
172881,4.54009,49.89178,2
172882,4.54237,49.88884,2
172883,4.54032,49.89169,2
172884,4.54055,49.89174,2
172885,4.54074,49.89185,2
172886,4.54123,49.89179,2
172887,4.54262,49.89116,2
172888,4.54047,49.8904,2
172889,4.54236,49.89113,2
172890,4.54047,49.8904,2
172891,4.54123,49.89179,2
172892,4.54248,49.89214,2
172893,4.52666,49.88516,2
172894,4.54167,49.89166,2
172895,4.54794,49.90435,2
172896,4.54211,49.89203,2
172897,4.54256,49.8924,2
172898,4.543,49.89276,2
172899,4.54218,49.89121,2
172900,4.54253,49.89106,2
172901,4.5426,49.89088,2
172902,4.54248,49.89076,2
172903,4.54215,49.89131,2
172904,4.54392,49.8902,2
172905,4.54505,49.88987,2
172906,4.52666,49.88516,2
172907,4.54522,49.88984,2
172908,4.54551,49.8897,2
172909,4.54669,49.88866,2
172910,4.54297,49.89024,2
172911,4.54516,49.88961,2
172912,4.54536,49.88977,2
172913,4.54536,49.88977,2
172914,4.54173,49.88998,2
172915,4.54202,49.89028,2
172916,4.54185,49.8901,2
172917,4.54163,49.89008,2
172918,4.54178,49.89024,2
172919,4.54192,49.89039,2
172920,4.54207,49.89055,2
172921,4.54222,49.89071,2
172922,4.54237,49.89086,2
172923,4.54252,49.89102,2
172924,4.54272,49.891,2
172925,4.54162,49.89143,2
172926,4.54144,49.89127,2
172927,4.54144,49.89147,2
172928,4.54121,49.89126,2
172929,4.54098,49.89106,2
172930,4.54063,49.89075,2
172931,4.54048,49.89061,2
172932,4.54048,49.89061,2
172933,4.5411,49.89097,2
172934,4.54093,49.89082,2
172935,4.54078,49.89068,2
172936,4.53774,49.88881,2
172937,4.54047,49.8904,2
172938,4.54062,49.89054,2
172939,4.52517,49.88442,2
172940,4.54031,49.89026,2
172941,4.54128,49.89123,2
172942,4.53955,49.89056,2
172943,4.53955,49.89056,2
172944,4.54551,49.8897,2
172945,4.53955,49.89056,2
172946,4.53949,49.89052,2
172947,4.5402,49.88982,2
172948,4.54038,49.88983,2
172949,4.54018,49.88928,2
172950,4.54036,49.88939,2
172951,4.54034,49.88896,2
172952,4.54041,49.88852,2
172953,4.54069,49.88767,2
172954,4.53915,49.88748,2
172955,4.53873,49.88755,2
172956,4.53826,49.88753,2
172957,4.53873,49.88755,2
172958,4.53916,49.8876,2
172959,4.53774,49.88881,2
172960,4.53827,49.88764,2
172961,4.53721,49.88749,2
172962,4.537,49.88759,2
172963,4.5347,49.88729,2
172964,4.54089,49.88701,2
172965,4.5403,49.88753,2
172966,4.54094,49.88721,2
172967,4.5413,49.88664,2
172968,4.54122,49.88641,2
172969,4.54122,49.88641,2
172970,4.54132,49.8862,2
172971,4.54151,49.88579,2
172972,4.54016,49.88874,2
172973,4.54033,49.88822,2
172974,4.54186,49.88546,2
172975,4.5405,49.88769,2
172976,4.54161,49.88559,2
172977,4.54171,49.88538,2
172978,4.54219,49.88546,2
172979,4.54211,49.88665,2
172980,4.54223,49.88601,2
172981,4.5479,49.90566,2
172982,4.54204,49.8858,2
172983,4.54234,49.88711,2
172984,4.54206,49.88622,2
172985,4.54259,49.88806,2
172986,4.54209,49.88644,2
172987,4.54211,49.88665,2
172988,4.54273,49.88731,2
172989,4.54349,49.88707,2
172990,4.53754,49.88763,2
172991,4.54208,49.88745,2
172992,4.54345,49.88838,2
172993,4.54389,49.88825,2
172994,4.54441,49.88814,2
172995,4.54128,49.88748,2
172996,4.54249,49.88797,2
172997,4.54253,49.88841,2
172998,4.54383,49.8878,2
172999,4.54229,49.88773,2
173000,4.54312,49.88851,2
173001,4.54237,49.88884,2
173002,4.54159,49.88939,2
173003,4.53852,49.88976,2
173004,4.54191,49.8891,2
173005,4.54266,49.88883,2
173006,4.54144,49.88936,2
173007,4.54296,49.8887,2
173008,4.54252,49.88891,2
173009,4.54239,49.88898,2
173010,4.54225,49.88906,2
173011,4.54055,49.8881,2
173012,4.54212,49.88913,2
173013,4.54198,49.88921,2
173014,4.54184,49.88928,2
173015,4.54171,49.88936,2
173016,4.53955,49.89056,2
173017,4.54144,49.88951,2
173018,4.54157,49.88943,2
173019,4.5413,49.88959,2
173020,4.54117,49.88966,2
173021,4.54103,49.88974,2
173022,4.5409,49.88981,2
173023,4.54076,49.88989,2
173024,4.54262,49.89116,2
173025,4.54062,49.88996,2
173026,4.5405,49.89004,2
173027,4.5405,49.88988,2
173028,4.53961,49.89061,2
173029,4.5398,49.89035,2
173030,4.53919,49.89068,2
173031,4.53893,49.89098,2
173032,4.53938,49.89138,2
173033,4.52497,49.88574,2
173034,4.53904,49.89108,2
173035,4.53863,49.89097,2
173036,4.53879,49.89085,2
173037,4.53861,49.89069,2
173038,4.53844,49.89053,2
173039,4.53791,49.8914,2
173040,4.5385,49.89038,2
173041,4.53686,49.89127,2
173042,4.538455,49.890538,2
173043,4.53686,49.89127,2
173044,4.53827,49.89037,2
173045,4.53804,49.89028,2
173046,4.53741,49.89057,2
173047,4.53709,49.89072,2
173048,4.52355,49.88404,2
173049,4.53773,49.89043,2
173050,4.538455,49.890538,2
173051,4.54063,49.89231,2
173052,4.53826,49.89017,2
173053,4.66122,49.80625,2
173054,4.66438,49.82029,2
173055,4.67143,49.81049,2
173056,4.67001,49.80931,2
173057,4.66122,49.80625,2
173058,4.67001,49.80931,2
173059,4.66879,49.80929,2
173060,4.66913,49.80543,2
173061,4.66888,49.80658,2
173062,4.66955,49.8082,2
173063,4.66913,49.80543,2
173064,4.67001,49.80931,2
173065,4.66972,49.81059,2
173066,4.67013,49.80935,2
173067,4.66846,49.80832,2
173068,4.66831,49.80838,2
173069,4.66853,49.8086,2
173070,4.66897,49.80906,2
173071,4.66913,49.80901,2
173072,4.6689,49.80878,2
173073,4.66868,49.80855,2
173074,4.66875,49.80883,2
173075,4.66897,49.80906,2
173076,4.66754,49.80923,2
173077,4.66879,49.80929,2
173078,4.66879,49.80929,2
173079,4.66879,49.80929,2
173080,4.66879,49.80929,2
173081,4.66879,49.80929,2
173082,4.66879,49.80929,2
173083,4.66879,49.80929,2
173084,4.66879,49.80929,2
173085,4.66122,49.80625,2
173086,4.66879,49.80929,2
173087,4.66879,49.80929,2
173088,4.66879,49.80929,2
173089,4.66879,49.80929,2
173090,4.66879,49.80929,2
173091,4.66879,49.80929,2
173092,4.67098,49.81041,2
173093,4.66879,49.80929,2
173094,4.66879,49.80929,2
173095,4.66711,49.80962,2
173096,4.66829,49.80932,2
173097,4.66855,49.80953,2
173098,4.66916,49.80963,2
173099,4.66899,49.80943,2
173100,4.66782,49.8093,2
173101,4.66879,49.80929,2
173102,4.6687,49.80934,2
173103,4.66942,49.81005,2
173104,4.66929,49.80984,2
173105,4.66975,49.81055,2
173106,4.66978,49.81051,2
173107,4.66122,49.80625,2
173108,4.66975,49.81055,2
173109,4.66975,49.81055,2
173110,4.67257,49.81094,2
173111,4.66975,49.81055,2
173112,4.66975,49.81055,2
173113,4.66882,49.80973,2
173114,4.67143,49.81049,2
173115,4.66956,49.81064,2
173116,4.67072,49.81039,2
173117,4.66882,49.80973,2
173118,4.66122,49.80625,2
173119,4.66896,49.80999,2
173120,4.6691,49.81024,2
173121,4.66924,49.81049,2
173122,4.66438,49.82029,2
173123,4.66438,49.82029,2
173124,4.66438,49.82029,2
173125,4.66438,49.82029,2
173126,4.66438,49.82029,2
173127,4.66438,49.82029,2
173128,4.66438,49.82029,2
173129,4.66438,49.82029,2
173130,4.66832,49.81161,2
173131,4.66704,49.81111,2
173132,4.66634,49.8105,2
173133,4.66663,49.81069,2
173134,4.66784,49.81156,2
173135,4.66682,49.81074,2
173136,4.66862,49.81187,2
173137,4.66438,49.82029,2
173138,4.66438,49.82029,2
173139,4.66438,49.82029,2
173140,4.66438,49.82029,2
173141,4.66438,49.82029,2
173142,4.66438,49.82029,2
173143,4.66438,49.82029,2
173144,4.66438,49.82029,2
173145,4.66928,49.81385,2
173146,4.66842,49.81379,2
173147,4.66918,49.81374,2
173148,4.66847,49.81366,2
173149,4.66438,49.82029,2
173150,4.66438,49.82029,2
173151,4.66438,49.82029,2
173152,4.65807,49.80326,2
173153,4.66438,49.82029,2
173154,4.66438,49.82029,2
173155,4.66438,49.82029,2
173156,4.66438,49.82029,2
173157,4.66438,49.82029,2
173158,4.66438,49.82029,2
173159,4.66438,49.82029,2
173160,4.66438,49.82029,2
173161,4.6703,49.81112,2
173162,4.67052,49.81153,2
173163,4.67044,49.81143,2
173164,4.67052,49.81153,2
173165,4.67052,49.81153,2
173166,4.67052,49.81153,2
173167,4.67052,49.81153,2
173168,4.67063,49.81146,2
173169,4.67052,49.81153,2
173170,4.66992,49.81083,2
173171,4.670134,49.810724,2
173172,4.670134,49.810733,2
173173,4.6701,49.81076,2
173174,4.66993,49.81057,2
173175,4.66989,49.81063,2
173176,4.67021,49.81036,2
173177,4.67394,49.81147,2
173178,4.67047,49.81038,2
173179,4.67117,49.81034,2
173180,4.67098,49.81041,2
173181,4.67121,49.81048,2
173182,4.67394,49.81147,2
173183,4.67144,49.81055,2
173184,4.67387,49.81152,2
173185,4.67394,49.81147,2
173186,4.67257,49.81094,2
173187,4.67394,49.81147,2
173188,4.67046,49.81026,2
173189,4.670144,49.810032,2
173190,4.67046,49.81026,2
173191,4.67026,49.80958,2
173192,4.67011,49.80908,2
173193,4.66992,49.80858,2
173194,4.66953,49.8099,2
173195,4.66906,49.80656,2
173196,4.6693,49.80548,2
173197,4.66937,49.80481,2
173198,4.66972,49.80815,2
173199,4.66971,49.80231,2
173200,4.668873,49.805942,2
173201,4.66923,49.80547,2
173202,4.66923,49.80547,2
173203,4.66923,49.80547,2
173204,4.66923,49.80547,2
173205,4.66438,49.82029,2
173206,4.66438,49.82029,2
173207,4.67052,49.81156,2
173208,4.66975,49.81055,2
173209,4.65796,49.80246,2
173210,4.66939,49.80763,2
173211,4.66122,49.80625,2
173212,4.66953,49.8099,2
173213,4.66954,49.80787,2
173214,4.66868,49.80855,2
173215,4.66652,49.80982,2
173216,4.67143,49.81049,2
173217,4.66923,49.80547,2
173218,4.66879,49.80929,2
173219,4.666352,49.809979,2
173220,4.66837,49.80927,2
173221,4.66978,49.81051,2
173222,4.66663,49.81069,2
173223,4.66923,49.80547,2
173224,4.65678,49.8002,2
173225,4.67021,49.81036,2
173226,4.65782,49.80165,2
173227,4.66122,49.80625,2
173228,4.67014,49.81118,2
173229,4.67143,49.81049,2
173230,4.76169,49.83887,2
173231,4.76163,49.83862,2
173232,4.76174,49.839,2
173233,4.7617,49.83897,2
173234,4.76181,49.83896,2
173235,4.76192,49.83895,2
173236,4.76203,49.83894,2
173237,4.76214,49.83892,2
173238,4.7524,49.82805,2
173239,4.76225,49.83891,2
173240,4.76236,49.8389,2
173241,4.76258,49.83887,2
173242,4.76247,49.83889,2
173243,4.76269,49.83886,2
173244,4.75327,49.82813,2
173245,4.7628,49.83885,2
173246,4.76226,49.83895,2
173247,4.76318,49.83879,2
173248,4.76341,49.83876,2
173249,4.76226,49.83895,2
173250,4.76384,49.83868,2
173251,4.76403,49.8386,2
173252,4.76421,49.83851,2
173253,4.76419,49.83837,2
173254,4.76363,49.83873,2
173255,4.76437,49.83859,2
173256,4.76341,49.83888,2
173257,4.76282,49.83896,2
173258,4.76268,49.83898,2
173259,4.76255,49.83899,2
173260,4.76241,49.83901,2
173261,4.76228,49.83903,2
173262,4.76201,49.83906,2
173263,4.76188,49.83907,2
173264,4.76174,49.83909,2
173265,4.754152,49.837423,2
173266,4.751877,49.835717,2
173267,4.749686,49.833748,2
173268,4.75327,49.82813,2
173269,4.754138,49.837415,2
173270,4.754152,49.837423,2
173271,4.75673,49.83025,2
173272,4.75257,49.82858,2
173273,4.76737,49.83365,2
173274,4.7524,49.82805,2
173275,4.75528,49.82852,2
173276,4.7614,49.8377,2
173277,4.754095,49.837397,2
173278,4.763341,49.837303,2
173279,4.76226,49.83895,2
173280,4.7614,49.8377,2
173281,4.75282,49.82893,2
173282,4.76391,49.84007,2
173283,4.76391,49.84007,2
173284,4.75817,49.82875,2
173285,4.76391,49.84007,2
173286,4.75268,49.8289,2
173287,4.75503,49.8298,2
173288,4.76391,49.84007,2
173289,4.76123,49.8371,2
173290,4.76391,49.84007,2
173291,4.76391,49.84007,2
173292,4.76391,49.84007,2
173293,4.76391,49.84007,2
173294,4.76391,49.84007,2
173295,4.76391,49.84007,2
173296,4.76166,49.83911,2
173297,4.76156,49.83916,2
173298,4.76143,49.83918,2
173299,4.7613,49.83919,2
173300,4.76117,49.83919,2
173301,4.76104,49.8392,2
173302,4.76059,49.83916,2
173303,4.7595,49.83876,2
173304,4.75951,49.82881,2
173305,4.7604,49.83907,2
173306,4.7604,49.83907,2
173307,4.7595,49.83876,2
173308,4.7604,49.83907,2
173309,4.7604,49.83907,2
173310,4.7604,49.83907,2
173311,4.76157,49.83904,2
173312,4.76156,49.83901,2
173313,4.76153,49.83895,2
173314,4.76152,49.83889,2
173315,4.76149,49.83881,2
173316,4.76147,49.83873,2
173317,4.76145,49.83864,2
173318,4.76145,49.83864,2
173319,4.76145,49.83864,2
173320,4.76143,49.83856,2
173321,4.76141,49.83848,2
173322,4.76139,49.83839,2
173323,4.76136,49.83831,2
173324,4.76135,49.83819,2
173325,4.76135,49.83809,2
173326,4.76135,49.83803,2
173327,4.76135,49.83797,2
173328,4.76133,49.83791,2
173329,4.76131,49.83764,2
173330,4.76128,49.83743,2
173331,4.76126,49.83733,2
173332,4.76124,49.83718,2
173333,4.76122,49.83699,2
173334,4.76119,49.83687,2
173335,4.76122,49.83699,2
173336,4.7611,49.83673,2
173337,4.760214,49.837258,2
173338,4.76072,49.83643,2
173339,4.760074,49.836649,2
173340,4.76131,49.83676,2
173341,4.76087,49.83637,2
173342,4.76144,49.83817,2
173343,4.76144,49.83817,2
173344,4.76178,49.83757,2
173345,4.76023,49.83728,2
173346,4.76168,49.83693,2
173347,4.76023,49.83728,2
173348,4.76179,49.83691,2
173349,4.76023,49.83728,2
173350,4.76207,49.83715,2
173351,4.76023,49.83728,2
173352,4.76207,49.83711,2
173353,4.76023,49.83728,2
173354,4.76221,49.83714,2
173355,4.76236,49.83718,2
173356,4.76023,49.83728,2
173357,4.7604,49.83907,2
173358,4.76239,49.83701,2
173359,4.7625,49.837,2
173360,4.76023,49.83728,2
173361,4.7626,49.83699,2
173362,4.76023,49.83728,2
173363,4.7627,49.83698,2
173364,4.76023,49.83728,2
173365,4.76291,49.83695,2
173366,4.76023,49.83728,2
173367,4.76302,49.83694,2
173368,4.76023,49.83728,2
173369,4.76312,49.83693,2
173370,4.76023,49.83728,2
173371,4.76322,49.83692,2
173372,4.76023,49.83728,2
173373,4.76333,49.83691,2
173374,4.76313,49.83742,2
173375,4.76354,49.83688,2
173376,4.76361,49.83692,2
173377,4.76361,49.83692,2
173378,4.76222,49.83689,2
173379,4.76272,49.83675,2
173380,4.76243,49.8368,2
173381,4.7622,49.83683,2
173382,4.76249,49.83678,2
173383,4.7625,49.83669,2
173384,4.76251,49.8366,2
173385,4.76253,49.8365,2
173386,4.76254,49.83641,2
173387,4.76256,49.83632,2
173388,4.7626,49.83623,2
173389,4.76271,49.83617,2
173390,4.76273,49.83635,2
173391,4.76268,49.83668,2
173392,4.76308,49.83669,2
173393,4.76222,49.83689,2
173394,4.76302,49.83682,2
173395,4.76389,49.83667,2
173396,4.7638,49.83656,2
173397,4.76344,49.83662,2
173398,4.76417,49.83654,2
173399,4.764,49.83675,2
173400,4.76513,49.83594,2
173401,4.76456,49.83636,2
173402,4.76565,49.83549,2
173403,4.76611,49.83502,2
173404,4.76532,49.83597,2
173405,4.76552,49.83582,2
173406,4.75673,49.83025,2
173407,4.7657,49.83566,2
173408,4.76586,49.83549,2
173409,4.76619,49.83515,2
173410,4.76635,49.83498,2
173411,4.76695,49.83404,2
173412,4.76653,49.83453,2
173413,4.76603,49.83532,2
173414,4.76729,49.83364,2
173415,4.76729,49.83364,2
173416,4.76737,49.83365,2
173417,4.76665,49.83463,2
173418,4.76709,49.83411,2
173419,4.76724,49.83394,2
173420,4.76738,49.83377,2
173421,4.76695,49.83429,2
173422,4.76751,49.83362,2
173423,4.76391,49.84007,2
173424,4.76391,49.84007,2
173425,4.76822,49.83155,2
173426,4.76136,49.83831,2
173427,4.7613,49.83754,2
173428,4.76717,49.83279,2
173429,4.76123,49.8371,2
173430,4.76717,49.83279,2
173431,4.7604,49.83907,2
173432,4.76144,49.83817,2
173433,4.76802,49.83199,2
173434,4.76565,49.83549,2
173435,4.76737,49.83365,2
173436,4.76761,49.8324,2
173437,4.76324,49.83743,2
173438,4.76161,49.83854,2
173439,4.76717,49.83279,2
173440,4.76688,49.83343,2
173441,4.76688,49.83343,2
173442,4.76688,49.83343,2
173443,4.76694,49.83326,2
173444,4.7666,49.83302,2
173445,4.76694,49.83326,2
173446,4.76525,49.83474,2
173447,4.76699,49.83308,2
173448,4.76525,49.83474,2
173449,4.76643,49.83346,2
173450,4.76505,49.83475,2
173451,4.76525,49.83474,2
173452,4.76564,49.82436,2
173453,4.76228,49.83367,2
173454,4.76142,49.83543,2
173455,4.76142,49.83543,2
173456,4.76564,49.82436,2
173457,4.76008,49.83498,2
173458,4.7614,49.8377,2
173459,4.76038,49.83547,2
173460,4.75989,49.83485,2
173461,4.75989,49.83485,2
173462,4.75997,49.83483,2
173463,4.75985,49.83468,2
173464,4.75989,49.83485,2
173465,4.76382,49.8351,2
173466,4.76382,49.8351,2
173467,4.76228,49.83481,2
173468,4.76358,49.83492,2
173469,4.763612,49.83542,2
173470,4.76332,49.83493,2
173471,4.76318,49.83493,2
173472,4.76304,49.83494,2
173473,4.7629,49.83495,2
173474,4.7624,49.83486,2
173475,4.76251,49.83491,2
173476,4.76263,49.83495,2
173477,4.76277,49.83496,2
173478,4.76241,49.83473,2
173479,4.7626,49.8348,2
173480,4.7628,49.83485,2
173481,4.76302,49.83483,2
173482,4.76324,49.83482,2
173483,4.76346,49.8348,2
173484,4.76368,49.83482,2
173485,4.76381,49.83481,2
173486,4.76391,49.83477,2
173487,4.76401,49.83474,2
173488,4.76412,49.83471,2
173489,4.76422,49.8348,2
173490,4.76382,49.8351,2
173491,4.76392,49.83508,2
173492,4.76396,49.83489,2
173493,4.76389,49.83491,2
173494,4.76383,49.83493,2
173495,4.76376,49.83495,2
173496,4.76402,49.83521,2
173497,4.76512,49.83612,2
173498,4.76492,49.83627,2
173499,4.76471,49.83642,2
173500,4.75222,49.82864,2
173501,4.76737,49.83365,2
173502,4.76737,49.83365,2
173503,4.76436,49.83668,2
173504,4.76426,49.83674,2
173505,4.76451,49.83657,2
173506,4.76451,49.83657,2
173507,4.76417,49.8368,2
173508,4.76408,49.83686,2
173509,4.76367,49.83698,2
173510,4.76389,49.83698,2
173511,4.76398,49.83692,2
173512,4.762175,49.837308,2
173513,4.76737,49.83365,2
173514,4.7635,49.83716,2
173515,4.76313,49.83742,2
173516,4.76326,49.8375,2
173517,4.76313,49.83742,2
173518,4.76023,49.83728,2
173519,4.76737,49.83365,2
173520,4.76737,49.83365,2
173521,4.76322,49.83735,2
173522,4.76323,49.8374,2
173523,4.76304,49.8376,2
173524,4.76313,49.83742,2
173525,4.76218,49.8372,2
173526,4.76218,49.8372,2
173527,4.76218,49.8372,2
173528,4.76191,49.83747,2
173529,4.7614,49.8377,2
173530,4.76325,49.83749,2
173531,4.76288,49.83761,2
173532,4.7621,49.8376,2
173533,4.76296,49.83756,2
173534,4.76296,49.83756,2
173535,4.76296,49.83756,2
173536,4.7628,49.83753,2
173537,4.7618,49.83783,2
173538,4.76309,49.8376,2
173539,4.76278,49.8375,2
173540,4.76151,49.83788,2
173541,4.76251,49.83759,2
173542,4.76191,49.83747,2
173543,4.76153,49.83804,2
173544,4.76153,49.83819,2
173545,4.76154,49.83829,2
173546,4.76154,49.83829,2
173547,4.76156,49.83837,2
173548,4.76159,49.83846,2
173549,4.76161,49.83854,2
173550,4.76165,49.83871,2
173551,4.343293,49.729703,2
173552,4.341592,49.729075,2
173553,4.34119,49.72881,2
173554,4.341345,49.728424,2
173555,4.34119,49.72881,2
173556,4.34119,49.72881,2
173557,4.34119,49.72881,2
173558,4.34119,49.72881,2
173559,4.34119,49.72881,2
173560,4.34119,49.72881,2
173561,4.341753,49.728596,2
173562,4.341753,49.728596,2
173563,4.34119,49.72881,2
173564,4.34158,49.72825,2
173565,4.33432,49.72274,2
173566,4.338024,49.726448,2
173567,4.33432,49.72274,2
173568,4.33432,49.72274,2
173569,4.33432,49.72274,2
173570,4.339899,49.727262,2
173571,4.34158,49.72825,2
173572,4.33432,49.72274,2
173573,4.3466,49.72171,2
173574,4.342625,49.727854,2
173575,4.34375,49.72853,2
173576,4.34375,49.72853,2
173577,4.34375,49.72853,2
173578,4.34375,49.72853,2
173579,4.34375,49.72853,2
173580,4.34158,49.72825,2
173581,4.342871,49.727778,2
173582,4.34375,49.72853,2
173583,4.345561,49.724662,2
173584,4.343293,49.729703,2
173585,4.341592,49.729075,2
173586,4.34119,49.72881,2
173587,4.34119,49.72881,2
173588,4.33432,49.72274,2
173589,4.3466,49.72171,2
173590,4.34375,49.72853,2
173591,4.34375,49.72853,2
173592,4.34375,49.72853,2
173593,4.346918,49.733766,2
173594,4.71251,50.07491,2
173595,4.72068,50.08755,2
173596,4.72059,50.08755,2
173597,4.72042,50.08756,2
173598,4.72033,50.08757,2
173599,4.72006,50.08759,2
173600,4.71532,50.07482,2
173601,4.71988,50.0876,2
173602,4.71979,50.0876,2
173603,4.71971,50.08761,2
173604,4.71962,50.08762,2
173605,4.71647,50.08748,2
173606,4.71687,50.08747,2
173607,4.71896,50.08715,2
173608,4.71968,50.08713,2
173609,4.72112,50.08708,2
173610,4.72184,50.08705,2
173611,4.71908,50.08765,2
173612,4.71891,50.08766,2
173613,4.71864,50.08768,2
173614,4.70223,50.09372,2
173615,4.71855,50.08769,2
173616,4.71837,50.0877,2
173617,4.71668,50.08776,2
173618,4.7169,50.08777,2
173619,4.71701,50.08778,2
173620,4.71712,50.08779,2
173621,4.71723,50.08779,2
173622,4.71734,50.0878,2
173623,4.71745,50.08781,2
173624,4.71767,50.08782,2
173625,4.71778,50.08783,2
173626,4.71789,50.08783,2
173627,4.718,50.08784,2
173628,4.71811,50.08783,2
173629,4.71822,50.08783,2
173630,4.71844,50.08781,2
173631,4.71866,50.0878,2
173632,4.71888,50.08778,2
173633,4.71899,50.08777,2
173634,4.71911,50.08777,2
173635,4.71922,50.08776,2
173636,4.71933,50.08775,2
173637,4.71944,50.08774,2
173638,4.71955,50.08774,2
173639,4.71966,50.08773,2
173640,4.71977,50.08772,2
173641,4.71988,50.08772,2
173642,4.71999,50.08771,2
173643,4.7201,50.0877,2
173644,4.72032,50.08769,2
173645,4.72065,50.08766,2
173646,4.70742,50.08715,2
173647,4.72087,50.08765,2
173648,4.72108,50.08764,2
173649,4.7224,50.0876,2
173650,4.72294,50.08757,2
173651,4.72294,50.08757,2
173652,4.72329,50.08748,2
173653,4.71602,50.08739,2
173654,4.71608,50.08751,2
173655,4.71571,50.0875,2
173656,4.71534,50.08749,2
173657,4.71391,50.087,2
173658,4.71497,50.08748,2
173659,4.71473,50.08735,2
173660,4.71448,50.08721,2
173661,4.71289,50.08719,2
173662,4.72455,50.08384,2
173663,4.71305,50.08716,2
173664,4.71321,50.08713,2
173665,4.712328,50.087248,2
173666,4.712328,50.087248,2
173667,4.712329,50.087257,2
173668,4.724866,50.079056,2
173669,4.712329,50.087257,2
173670,4.71341,50.08698,2
173671,4.71309,50.08704,2
173672,4.7132,50.08701,2
173673,4.71303,50.08705,2
173674,4.71291,50.08706,2
173675,4.71285,50.08707,2
173676,4.71265,50.08698,2
173677,4.71278,50.08717,2
173678,4.71252,50.08706,2
173679,4.71499,50.08742,2
173680,4.71265,50.08714,2
173681,4.71263,50.08723,2
173682,4.711402,50.088317,2
173683,4.7122,50.08754,2
173684,4.7121,50.08759,2
173685,4.71201,50.08765,2
173686,4.71297,50.08705,2
173687,4.71153,50.08793,2
173688,4.71143,50.08799,2
173689,4.71134,50.08804,2
173690,4.712375,50.087041,2
173691,4.71124,50.0881,2
173692,4.712296,50.087446,2
173693,4.71105,50.08821,2
173694,4.712725,50.08707,2
173695,4.71095,50.08827,2
173696,4.71156,50.08807,2
173697,4.72455,50.08384,2
173698,4.71195,50.08784,2
173699,4.71214,50.08772,2
173700,4.71234,50.08761,2
173701,4.712329,50.087257,2
173702,4.712329,50.087257,2
173703,4.712329,50.087257,2
173704,4.712329,50.087257,2
173705,4.713183,50.087914,2
173706,4.71376,50.08787,2
173707,4.71337,50.08794,2
173708,4.71324,50.08796,2
173709,4.71298,50.08801,2
173710,4.71285,50.08804,2
173711,4.71247,50.08813,2
173712,4.71185,50.0879,2
173713,4.71234,50.08816,2
173714,4.71221,50.08819,2
173715,4.71196,50.08824,2
173716,4.71157,50.08833,2
173717,4.71145,50.08836,2
173718,4.71217,50.08807,2
173719,4.71138,50.08825,2
173720,4.71099,50.0884,2
173721,4.71092,50.08843,2
173722,4.71077,50.0885,2
173723,4.7107,50.08854,2
173724,4.7107,50.08854,2
173725,4.70997,50.08889,2
173726,4.70986,50.08896,2
173727,4.70991,50.08892,2
173728,4.71532,50.07482,2
173729,4.7098,50.08899,2
173730,4.70968,50.08906,2
173731,4.70962,50.0891,2
173732,4.70956,50.08913,2
173733,4.7088,50.0895,2
173734,4.70939,50.08925,2
173735,4.70929,50.08934,2
173736,4.70838,50.08967,2
173737,4.7082,50.08967,2
173738,4.70801,50.08967,2
173739,4.7078,50.08967,2
173740,4.70717,50.08967,2
173741,4.70668,50.08971,2
173742,4.70655,50.08974,2
173743,4.70628,50.08979,2
173744,4.70628,50.08999,2
173745,4.70785,50.09001,2
173746,4.7088,50.0895,2
173747,4.70582,50.09031,2
173748,4.70582,50.09031,2
173749,4.7088,50.0895,2
173750,4.71181,50.076203,2
173751,4.70742,50.08715,2
173752,4.70668,50.0891,2
173753,4.70742,50.08715,2
173754,4.70668,50.0891,2
173755,4.70827,50.08956,2
173756,4.70717,50.08956,2
173757,4.70903,50.08938,2
173758,4.70909,50.08933,2
173759,4.70926,50.08916,2
173760,4.70917,50.08916,2
173761,4.70361,50.09369,2
173762,4.70361,50.09369,2
173763,4.70937,50.08909,2
173764,4.70937,50.08909,2
173765,4.70937,50.08909,2
173766,4.70966,50.08892,2
173767,4.7098,50.08884,2
173768,4.71,50.08873,2
173769,4.70983,50.08898,2
173770,4.70989,50.08894,2
173771,4.70981,50.0887,2
173772,4.71318,50.07482,2
173773,4.71028,50.08861,2
173774,4.71261,50.07289,2
173775,4.71034,50.08849,2
173776,4.70992,50.08853,2
173777,4.71003,50.08845,2
173778,4.71007,50.08842,2
173779,4.71007,50.08842,2
173780,4.70983,50.0888,2
173781,4.70994,50.08891,2
173782,4.71045,50.08852,2
173783,4.7136,50.07379,2
173784,4.71052,50.08848,2
173785,4.7106,50.08845,2
173786,4.71351,50.07387,2
173787,4.70945,50.08904,2
173788,4.71074,50.08838,2
173789,4.71081,50.08834,2
173790,4.7102,50.08923,2
173791,4.71399,50.08895,2
173792,4.71399,50.08895,2
173793,4.70986,50.08962,2
173794,4.71019,50.08957,2
173795,4.7112,50.08943,2
173796,4.71187,50.08934,2
173797,4.7122,50.08929,2
173798,4.71254,50.08925,2
173799,4.71287,50.0892,2
173800,4.71317,50.07299,2
173801,4.71317,50.07299,2
173802,4.71399,50.08895,2
173803,4.71399,50.08895,2
173804,4.71317,50.07299,2
173805,4.71483,50.07273,2
173806,4.71317,50.07299,2
173807,4.71375,50.08898,2
173808,4.7143,50.07377,2
173809,4.71317,50.07299,2
173810,4.71359,50.08905,2
173811,4.71392,50.08892,2
173812,4.71408,50.08885,2
173813,4.71464,50.08852,2
173814,4.71399,50.08895,2
173815,4.71373,50.08829,2
173816,4.71399,50.08895,2
173817,4.71399,50.08895,2
173818,4.71488,50.08836,2
173819,4.71399,50.08895,2
173820,4.71399,50.08895,2
173821,4.71558,50.08793,2
173822,4.71443,50.08839,2
173823,4.71546,50.08787,2
173824,4.7152,50.08783,2
173825,4.71542,50.08775,2
173826,4.71493,50.08779,2
173827,4.71467,50.08775,2
173828,4.70361,50.09369,2
173829,4.70361,50.09369,2
173830,4.70361,50.09369,2
173831,4.70361,50.09369,2
173832,4.70361,50.09369,2
173833,4.70361,50.09369,2
173834,4.70361,50.09369,2
173835,4.70361,50.09369,2
173836,4.70361,50.09369,2
173837,4.70361,50.09369,2
173838,4.70361,50.09369,2
173839,4.70361,50.09369,2
173840,4.70216,50.09449,2
173841,4.70194,50.09443,2
173842,4.70277,50.09431,2
173843,4.70361,50.09369,2
173844,4.70223,50.09372,2
173845,4.70391,50.09361,2
173846,4.70224,50.09366,2
173847,4.70477,50.09368,2
173848,4.70223,50.09372,2
173849,4.70223,50.09372,2
173850,4.70223,50.09372,2
173851,4.70223,50.09372,2
173852,4.70223,50.09372,2
173853,4.70223,50.09372,2
173854,4.70223,50.09372,2
173855,4.70223,50.09372,2
173856,4.70223,50.09372,2
173857,4.70223,50.09372,2
173858,4.71523,50.08814,2
173859,4.72108,50.08764,2
173860,4.70223,50.09372,2
173861,4.70223,50.09372,2
173862,4.70223,50.09372,2
173863,4.70223,50.09372,2
173864,4.71405,50.07462,2
173865,4.71389,50.07469,2
173866,4.71373,50.07475,2
173867,4.71371,50.07481,2
173868,4.71368,50.07495,2
173869,4.71343,50.07496,2
173870,4.71276,50.07496,2
173871,4.71251,50.07491,2
173872,4.71248,50.07477,2
173873,4.7124,50.07467,2
173874,4.71221,50.0747,2
173875,4.71236,50.07456,2
173876,4.71217,50.07458,2
173877,4.71218,50.0745,2
173878,4.71197,50.07435,2
173879,4.71177,50.0742,2
173880,4.71156,50.07405,2
173881,4.71139,50.07383,2
173882,4.71134,50.07359,2
173883,4.71127,50.07349,2
173884,4.71108,50.07345,2
173885,4.71113,50.07334,2
173886,4.71133,50.07338,2
173887,4.71162,50.0731,2
173888,4.71153,50.07299,2
173889,4.71178,50.07305,2
173890,4.7117,50.07293,2
173891,4.71182,50.07303,2
173892,4.71206,50.07293,2
173893,4.71233,50.07288,2
173894,4.7129,50.0729,2
173895,4.7132,50.07294,2
173896,4.71321,50.07288,2
173897,4.71339,50.07288,2
173898,4.71602,50.07325,2
173899,4.7134,50.07296,2
173900,4.71358,50.07296,2
173901,4.71377,50.07296,2
173902,4.71395,50.07295,2
173903,4.72148,50.0763,2
173904,4.72148,50.0763,2
173905,4.72148,50.0763,2
173906,4.71368,50.07495,2
173907,4.72148,50.0763,2
173908,4.71368,50.07495,2
173909,4.72148,50.0763,2
173910,4.72148,50.0763,2
173911,4.72148,50.0763,2
173912,4.72148,50.0763,2
173913,4.72148,50.0763,2
173914,4.72148,50.0763,2
173915,4.71413,50.07291,2
173916,4.7143,50.07287,2
173917,4.71448,50.07282,2
173918,4.71465,50.07278,2
173919,4.71511,50.07266,2
173920,4.7155,50.07257,2
173921,4.7159,50.07263,2
173922,4.71621,50.07279,2
173923,4.71616,50.07341,2
173924,4.71642,50.07342,2
173925,4.71615,50.07352,2
173926,4.71641,50.07354,2
173927,4.71607,50.07381,2
173928,4.71598,50.07359,2
173929,4.71597,50.07338,2
173930,4.71607,50.07312,2
173931,4.71613,50.07298,2
173932,4.71598,50.07277,2
173933,4.71531,50.07274,2
173934,4.71416,50.07302,2
173935,4.71314,50.07305,2
173936,4.71284,50.07332,2
173937,4.71202,50.07389,2
173938,4.71218,50.07391,2
173939,4.71185,50.0879,2
173940,4.71206,50.07377,2
173941,4.71221,50.07379,2
173942,4.71234,50.07392,2
173943,4.71237,50.07381,2
173944,4.71499,50.07288,2
173945,4.71483,50.07305,2
173946,4.71459,50.07319,2
173947,4.71443,50.07336,2
173948,4.7136,50.07379,2
173949,4.7136,50.07379,2
173950,4.71369,50.07378,2
173951,4.71433,50.07356,2
173952,4.71369,50.0739,2
173953,4.71408,50.07389,2
173954,4.71327,50.0741,2
173955,4.71369,50.07366,2
173956,4.71351,50.07369,2
173957,4.71345,50.07393,2
173958,4.7132,50.07399,2
173959,4.7127,50.07442,2
173960,4.71299,50.0741,2
173961,4.71279,50.07421,2
173962,4.71259,50.07433,2
173963,4.71239,50.07444,2
173964,4.71287,50.07301,2
173965,4.7106,50.08845,2
173966,4.7106,50.08845,2
173967,4.71532,50.07482,2
173968,4.71209,50.07357,2
173969,4.71209,50.07357,2
173970,4.71209,50.07357,2
173971,4.71254,50.073,2
173972,4.71882,50.08767,2
173973,4.70283,50.09411,2
173974,4.71221,50.073,2
173975,4.71209,50.07357,2
173976,4.71209,50.07357,2
173977,4.71209,50.07357,2
173978,4.71193,50.07312,2
173979,4.71173,50.07324,2
173980,4.71209,50.07357,2
173981,4.71209,50.07357,2
173982,4.71209,50.07357,2
173983,4.71156,50.07341,2
173984,4.71209,50.07357,2
173985,4.71209,50.07357,2
173986,4.71209,50.07357,2
173987,4.71209,50.07357,2
173988,4.71154,50.07368,2
173989,4.7129,50.07478,2
173990,4.71288,50.07473,2
173991,4.71287,50.07467,2
173992,4.70223,50.09372,2
173993,4.71292,50.07463,2
173994,4.713,50.07461,2
173995,4.71308,50.0746,2
173996,4.71317,50.07459,2
173997,4.71325,50.07458,2
173998,4.71333,50.07457,2
173999,4.71342,50.07456,2
174000,4.71448,50.08721,2
174001,4.7135,50.07455,2
174002,4.71357,50.07452,2
174003,4.715,50.07441,2
174004,4.71364,50.07449,2
174005,4.71371,50.07446,2
174006,4.70272,50.09392,2
174007,4.71378,50.07442,2
174008,4.71384,50.07439,2
174009,4.71392,50.07438,2
174010,4.71399,50.07441,2
174011,4.71405,50.07444,2
174012,4.71411,50.07448,2
174013,4.71432,50.07435,2
174014,4.71432,50.07435,2
174015,4.715,50.07441,2
174016,4.71432,50.07435,2
174017,4.71432,50.07435,2
174018,4.715,50.07441,2
174019,4.715,50.07441,2
174020,4.715,50.07441,2
174021,4.715,50.07441,2
174022,4.71532,50.07482,2
174023,4.71532,50.07482,2
174024,4.71532,50.07482,2
174025,4.71532,50.07482,2
174026,4.7149,50.07451,2
174027,4.7149,50.07451,2
174028,4.7149,50.07451,2
174029,4.7149,50.07451,2
174030,4.71645,50.07559,2
174031,4.72442,50.08748,2
174032,4.71636,50.07559,2
174033,4.72461,50.08735,2
174034,4.71628,50.07558,2
174035,4.72237,50.08748,2
174036,4.718942,50.088969,2
174037,4.71619,50.07557,2
174038,4.718942,50.088969,2
174039,4.71611,50.07556,2
174040,4.7088,50.0895,2
174041,4.71602,50.07555,2
174042,4.70223,50.09372,2
174043,4.71593,50.07554,2
174044,4.71681,50.08836,2
174045,4.71586,50.07552,2
174046,4.71579,50.07549,2
174047,4.70223,50.09372,2
174048,4.71571,50.07546,2
174049,4.717273,50.088508,2
174050,4.71681,50.08836,2
174051,4.71564,50.07543,2
174052,4.70223,50.09372,2
174053,4.71557,50.0754,2
174054,4.70223,50.09372,2
174055,4.7155,50.07537,2
174056,4.71543,50.07534,2
174057,4.70223,50.09372,2
174058,4.71369,50.07366,2
174059,4.71536,50.07531,2
174060,4.71369,50.07366,2
174061,4.71528,50.07527,2
174062,4.70223,50.09372,2
174063,4.71522,50.07524,2
174064,4.70223,50.09372,2
174065,4.7151,50.07509,2
174066,4.71681,50.08836,2
174067,4.71647,50.07548,2
174068,4.71681,50.08836,2
174069,4.7162,50.07545,2
174070,4.71681,50.08836,2
174071,4.71611,50.07545,2
174072,4.71602,50.07544,2
174073,4.71594,50.07542,2
174074,4.71586,50.07538,2
174075,4.7226,50.08046,2
174076,4.71578,50.07535,2
174077,4.7226,50.08046,2
174078,4.71571,50.07532,2
174079,4.7226,50.08046,2
174080,4.71563,50.07529,2
174081,4.7226,50.08046,2
174082,4.711051,50.09126,2
174083,4.71555,50.07525,2
174084,4.71548,50.07522,2
174085,4.7154,50.07519,2
174086,4.71534,50.07515,2
174087,4.7153,50.0751,2
174088,4.71526,50.07504,2
174089,4.70983,50.0888,2
174090,4.70983,50.0888,2
174091,4.71443,50.08839,2
174092,4.71399,50.08823,2
174093,4.71373,50.08829,2
174094,4.71372,50.08817,2
174095,4.71523,50.08814,2
174096,4.71451,50.08828,2
174097,4.72329,50.08748,2
174098,4.71488,50.08836,2
174099,4.72466,50.08746,2
174100,4.71399,50.08823,2
174101,4.71464,50.08852,2
174102,4.72485,50.08733,2
174103,4.71452,50.08861,2
174104,4.72461,50.08735,2
174105,4.7144,50.08871,2
174106,4.72461,50.08735,2
174107,4.71425,50.08879,2
174108,4.72441,50.08737,2
174109,4.71408,50.08885,2
174110,4.71392,50.08892,2
174111,4.72431,50.08737,2
174112,4.71375,50.08898,2
174113,4.72431,50.08737,2
174114,4.71359,50.08905,2
174115,4.71342,50.08912,2
174116,4.72412,50.08739,2
174117,4.71399,50.08823,2
174118,4.72412,50.08739,2
174119,4.71399,50.08823,2
174120,4.72402,50.08739,2
174121,4.71399,50.08823,2
174122,4.71399,50.08823,2
174123,4.72394,50.0874,2
174124,4.71399,50.08823,2
174125,4.71399,50.08823,2
174126,4.72386,50.0874,2
174127,4.71399,50.08823,2
174128,4.7132,50.08916,2
174129,4.72355,50.08742,2
174130,4.71287,50.0892,2
174131,4.71254,50.08925,2
174132,4.72371,50.08741,2
174133,4.7122,50.08929,2
174134,4.71187,50.08934,2
174135,4.72355,50.08742,2
174136,4.72455,50.08384,2
174137,4.72455,50.08384,2
174138,4.72355,50.08742,2
174139,4.72455,50.08384,2
174140,4.72455,50.08384,2
174141,4.72355,50.08742,2
174142,4.72455,50.08384,2
174143,4.72355,50.08742,2
174144,4.72455,50.08384,2
174145,4.72455,50.08384,2
174146,4.72347,50.08742,2
174147,4.72455,50.08384,2
174148,4.72339,50.08743,2
174149,4.72455,50.08384,2
174150,4.72455,50.08384,2
174151,4.72331,50.08743,2
174152,4.72455,50.08384,2
174153,4.72455,50.08384,2
174154,4.72315,50.08744,2
174155,4.72299,50.08745,2
174156,4.72455,50.08384,2
174157,4.71399,50.08823,2
174158,4.72283,50.08746,2
174159,4.71399,50.08823,2
174160,4.72275,50.08746,2
174161,4.71655,50.08766,2
174162,4.72267,50.08747,2
174163,4.71399,50.08823,2
174164,4.71643,50.08768,2
174165,4.72259,50.08747,2
174166,4.71399,50.08823,2
174167,4.71631,50.0877,2
174168,4.72252,50.08748,2
174169,4.71399,50.08823,2
174170,4.71619,50.08773,2
174171,4.72244,50.08748,2
174172,4.71399,50.08823,2
174173,4.71608,50.08775,2
174174,4.72229,50.08748,2
174175,4.71399,50.08823,2
174176,4.71596,50.08777,2
174177,4.72222,50.08749,2
174178,4.71399,50.08823,2
174179,4.71584,50.0878,2
174180,4.72207,50.08749,2
174181,4.71399,50.08823,2
174182,4.72199,50.08749,2
174183,4.71399,50.08823,2
174184,4.72192,50.0875,2
174185,4.71399,50.08823,2
174186,4.72184,50.0875,2
174187,4.71399,50.08823,2
174188,4.72177,50.0875,2
174189,4.71399,50.08823,2
174190,4.72169,50.0875,2
174191,4.71399,50.08823,2
174192,4.72162,50.08751,2
174193,4.71399,50.08823,2
174194,4.72154,50.08751,2
174195,4.71399,50.08823,2
174196,4.71399,50.08823,2
174197,4.72147,50.08751,2
174198,4.71399,50.08823,2
174199,4.7214,50.08751,2
174200,4.71399,50.08823,2
174201,4.72132,50.08752,2
174202,4.71399,50.08823,2
174203,4.72125,50.08752,2
174204,4.71656,50.08777,2
174205,4.71399,50.08823,2
174206,4.72117,50.08752,2
174207,4.71635,50.08782,2
174208,4.7211,50.08752,2
174209,4.71399,50.08823,2
174210,4.71615,50.08786,2
174211,4.72102,50.08753,2
174212,4.720542,50.087672,2
174213,4.72109,50.08714,2
174214,4.72086,50.08753,2
174215,4.72077,50.08754,2
174216,4.71251,50.07491,2
174217,4.44855,49.63942,2
174218,4.44855,49.63942,2
174219,4.44855,49.63942,2
174220,4.44855,49.63942,2
174221,4.44855,49.63942,2
174222,4.44855,49.63942,2
174223,4.44855,49.63942,2
174224,4.44855,49.63942,2
174225,4.44752,49.638707,2
174226,4.43964,49.6369,2
174227,4.42697,49.62917,2
174228,4.43077,49.63099,2
174229,4.43077,49.63099,2
174230,4.43077,49.63099,2
174231,4.430782,49.630948,2
174232,4.43077,49.63099,2
174233,4.43077,49.63099,2
174234,4.43185,49.6306,2
174235,4.43077,49.63099,2
174236,4.43077,49.63099,2
174237,4.43185,49.6306,2
174238,4.43099,49.63021,2
174239,4.42697,49.62917,2
174240,4.43185,49.6306,2
174241,4.43185,49.6306,2
174242,4.43185,49.6306,2
174243,4.43099,49.63021,2
174244,4.42697,49.62917,2
174245,4.43099,49.63021,2
174246,4.43099,49.63021,2
174247,4.43099,49.63021,2
174248,4.42852,49.6294,2
174249,4.42852,49.6294,2
174250,4.42852,49.6294,2
174251,4.42852,49.6294,2
174252,4.42852,49.6294,2
174253,4.42852,49.6294,2
174254,4.42852,49.6294,2
174255,4.42697,49.62917,2
174256,4.4261,49.63181,2
174257,4.4261,49.63181,2
174258,4.43099,49.63021,2
174259,4.426572,49.630168,2
174260,4.4261,49.63181,2
174261,4.426586,49.630159,2
174262,4.42636,49.62959,2
174263,4.42636,49.62959,2
174264,4.42636,49.62959,2
174265,4.424954,49.628812,2
174266,4.42852,49.6294,2
174267,4.4251,49.62828,2
174268,4.43008,49.6285,2
174269,4.43008,49.6285,2
174270,4.43008,49.6285,2
174271,4.43008,49.6285,2
174272,4.43008,49.6285,2
174273,4.42697,49.62917,2
174274,4.43964,49.6369,2
174275,4.43964,49.6369,2
174276,4.424968,49.628812,2
174277,4.43964,49.6369,2
174278,4.43077,49.63099,2
174279,4.43077,49.63099,2
174280,4.43125,49.63068,2
174281,4.41689,49.63211,2
174282,4.43099,49.63021,2
174283,4.43125,49.63068,2
174284,4.43185,49.6306,2
174285,4.43008,49.6285,2
174286,4.4261,49.63181,2
174287,4.42636,49.62959,2
174288,4.43008,49.6285,2
174289,4.43008,49.6285,2
174290,4.41689,49.63211,2
174291,4.42697,49.62917,2
174292,4.42697,49.62917,2
174293,4.43099,49.63021,2
174294,4.968,49.6855,2
174295,4.9573,49.69368,2
174296,4.96782,49.68533,2
174297,4.96771,49.68517,2
174298,4.95846,49.69248,2
174299,4.95852,49.69249,2
174300,4.96798,49.68506,2
174301,4.95765,49.69325,2
174302,4.96825,49.68495,2
174303,4.95765,49.69325,2
174304,4.95867,49.69232,2
174305,4.96852,49.68484,2
174306,4.95883,49.69214,2
174307,4.96837,49.68476,2
174308,4.95898,49.69197,2
174309,4.95784,49.69303,2
174310,4.96799,49.68492,2
174311,4.95784,49.69303,2
174312,4.95784,49.69303,2
174313,4.96761,49.68508,2
174314,4.95784,49.69303,2
174315,4.95803,49.69282,2
174316,4.96757,49.6853,2
174317,4.95822,49.6926,2
174318,4.96782,49.68553,2
174319,4.9584,49.69239,2
174320,4.95859,49.69217,2
174321,4.95897,49.69174,2
174322,4.95878,49.69196,2
174323,4.95914,49.69179,2
174324,4.95941,49.69143,2
174325,4.95952,49.69124,2
174326,4.95974,49.69086,2
174327,4.95992,49.6905,2
174328,4.95966,49.69066,2
174329,4.95972,49.69052,2
174330,4.95979,49.69038,2
174331,4.95979,49.69038,2
174332,4.95985,49.69024,2
174333,4.95985,49.69024,2
174334,4.95985,49.69024,2
174335,4.95988,49.68996,2
174336,4.96525,49.68668,2
174337,4.96008,49.68998,2
174338,4.96008,49.68998,2
174339,4.95989,49.68934,2
174340,4.95989,49.68934,2
174341,4.95989,49.68934,2
174342,4.95989,49.68934,2
174343,4.95981,49.68977,2
174344,4.95981,49.68977,2
174345,4.95973,49.68974,2
174346,4.95966,49.68971,2
174347,4.95966,49.68971,2
174348,4.95966,49.68971,2
174349,4.95948,49.68963,2
174350,4.9592,49.68951,2
174351,4.95936,49.68944,2
174352,4.95862,49.68911,2
174353,4.95891,49.68938,2
174354,4.95976,49.68968,2
174355,4.95789,49.68878,2
174356,4.95835,49.68913,2
174357,4.95807,49.689,2
174358,4.95778,49.68887,2
174359,4.9575,49.68874,2
174360,4.9575,49.68874,2
174361,4.95665,49.68836,2
174362,4.95722,49.68862,2
174363,4.95637,49.68824,2
174364,4.95609,49.68811,2
174365,4.95715,49.68845,2
174366,4.95641,49.68812,2
174367,4.95789,49.68878,2
174368,4.95789,49.68878,2
174369,4.95962,49.68959,2
174370,4.95715,49.68845,2
174371,4.95283,49.6865,2
174372,4.95962,49.68959,2
174373,4.95962,49.68959,2
174374,4.95971,49.68948,2
174375,4.95966,49.68954,2
174376,4.95936,49.68944,2
174377,4.95971,49.68948,2
174378,4.95981,49.68937,2
174379,4.95985,49.68931,2
174380,4.9599,49.68926,2
174381,4.95995,49.6892,2
174382,4.95999,49.68915,2
174383,4.96004,49.68909,2
174384,4.96009,49.68903,2
174385,4.96026,49.68899,2
174386,4.95975,49.68871,2
174387,4.95993,49.68883,2
174388,4.95978,49.6889,2
174389,4.95936,49.68861,2
174390,4.95957,49.68859,2
174391,4.9594,49.68846,2
174392,4.95922,49.68833,2
174393,4.96838,49.68632,2
174394,4.95905,49.68821,2
174395,4.95859,49.68797,2
174396,4.95905,49.68821,2
174397,4.95888,49.68808,2
174398,4.95863,49.68792,2
174399,4.95853,49.68785,2
174400,4.95894,49.68754,2
174401,4.96759,49.68602,2
174402,4.95864,49.68778,2
174403,4.9582,49.68764,2
174404,4.95993,49.68883,2
174405,4.95821,49.68781,2
174406,4.95851,49.688,2
174407,4.95793,49.68763,2
174408,4.95846,49.69248,2
174409,4.95999,49.68974,2
174410,4.95999,49.68974,2
174411,4.95999,49.68974,2
174412,4.95999,49.68974,2
174413,4.95999,49.68974,2
174414,4.96003,49.68968,2
174415,4.96003,49.68968,2
174416,4.96008,49.68963,2
174417,4.96012,49.68958,2
174418,4.96012,49.68958,2
174419,4.96012,49.68958,2
174420,4.96012,49.68958,2
174421,4.96025,49.68943,2
174422,4.96029,49.68938,2
174423,4.96034,49.68933,2
174424,4.96034,49.68933,2
174425,4.96038,49.68927,2
174426,4.95989,49.68934,2
174427,4.95989,49.68934,2
174428,4.96042,49.68922,2
174429,4.96046,49.68917,2
174430,4.96046,49.68917,2
174431,4.96051,49.68913,2
174432,4.96059,49.68908,2
174433,4.96823,49.68624,2
174434,4.96067,49.68903,2
174435,4.96076,49.68898,2
174436,4.96084,49.68893,2
174437,4.96101,49.68883,2
174438,4.96052,49.68896,2
174439,4.96052,49.68896,2
174440,4.96064,49.68889,2
174441,4.96064,49.68889,2
174442,4.96064,49.68889,2
174443,4.96064,49.68889,2
174444,4.96076,49.68882,2
174445,4.96089,49.68874,2
174446,4.96118,49.68873,2
174447,4.96127,49.68868,2
174448,4.96127,49.68868,2
174449,4.96101,49.68867,2
174450,4.96152,49.68853,2
174451,4.96161,49.68849,2
174452,4.96171,49.68844,2
174453,4.96171,49.68844,2
174454,4.9618,49.6884,2
174455,4.96114,49.6886,2
174456,4.96763,49.68589,2
174457,4.96126,49.68853,2
174458,4.96138,49.68846,2
174459,4.96151,49.68839,2
174460,4.96165,49.68833,2
174461,4.96192,49.6882,2
174462,4.96205,49.68814,2
174463,4.96205,49.68814,2
174464,4.96178,49.68826,2
174465,4.96192,49.6882,2
174466,4.96192,49.6882,2
174467,4.96189,49.68836,2
174468,4.96198,49.68831,2
174469,4.96189,49.68836,2
174470,4.96208,49.68827,2
174471,4.96217,49.68823,2
174472,4.96772,49.68576,2
174473,4.96217,49.68823,2
174474,4.96217,49.68823,2
174475,4.96235,49.68814,2
174476,4.96245,49.6881,2
174477,4.96245,49.6881,2
174478,4.96245,49.6881,2
174479,4.96245,49.6881,2
174480,4.96245,49.6881,2
174481,4.96245,49.6881,2
174482,4.96245,49.6881,2
174483,4.96226,49.68818,2
174484,4.96245,49.6881,2
174485,4.96245,49.6881,2
174486,4.96245,49.6881,2
174487,4.96266,49.68804,2
174488,4.96266,49.68804,2
174489,4.96245,49.6881,2
174490,4.96245,49.6881,2
174491,4.96219,49.68807,2
174492,4.96232,49.68801,2
174493,4.96015,49.6864,2
174494,4.96189,49.68738,2
174495,4.95956,49.68615,2
174496,4.96007,49.68645,2
174497,4.96015,49.6864,2
174498,4.96057,49.68675,2
174499,4.96111,49.68707,2
174500,4.9617,49.68743,2
174501,4.96228,49.68778,2
174502,4.9631,49.68813,2
174503,4.96374,49.68842,2
174504,4.96437,49.68871,2
174505,4.96501,49.68899,2
174506,4.96593,49.68957,2
174507,4.96576,49.68927,2
174508,4.96528,49.68897,2
174509,4.96496,49.68883,2
174510,4.96464,49.68868,2
174511,4.964,49.6884,2
174512,4.96432,49.68854,2
174513,4.964,49.6884,2
174514,4.96368,49.68825,2
174515,4.96336,49.68811,2
174516,4.96304,49.68797,2
174517,4.96292,49.68785,2
174518,4.96306,49.6877,2
174519,4.96319,49.68753,2
174520,4.96333,49.68737,2
174521,4.96346,49.68721,2
174522,4.96373,49.68689,2
174523,4.96299,49.68796,2
174524,4.96391,49.68674,2
174525,4.96391,49.68674,2
174526,4.96391,49.68674,2
174527,4.9641,49.6866,2
174528,4.96391,49.68674,2
174529,4.96315,49.68783,2
174530,4.9634,49.68753,2
174531,4.9634,49.68753,2
174532,4.96327,49.68768,2
174533,4.96364,49.68723,2
174534,4.96377,49.68708,2
174535,4.96377,49.68708,2
174536,4.96463,49.68668,2
174537,4.96493,49.68661,2
174538,4.96467,49.68657,2
174539,4.96441,49.68653,2
174540,4.96426,49.68646,2
174541,4.96386,49.6858,2
174542,4.96412,49.6863,2
174543,4.96398,49.68614,2
174544,4.96384,49.68598,2
174545,4.96386,49.6858,2
174546,4.96318,49.68506,2
174547,4.96386,49.6858,2
174548,4.95989,49.68934,2
174549,4.96483,49.68682,2
174550,4.96461,49.68716,2
174551,4.96511,49.68727,2
174552,4.96566,49.68734,2
174553,4.96621,49.68742,2
174554,4.96651,49.68761,2
174555,4.96654,49.68783,2
174556,4.96617,49.68794,2
174557,4.96581,49.68805,2
174558,4.96586,49.68816,2
174559,4.96615,49.68807,2
174560,4.96643,49.68799,2
174561,4.9667,49.6879,2
174562,4.96678,49.68772,2
174563,4.96665,49.68753,2
174564,4.96679,49.68743,2
174565,4.96727,49.68724,2
174566,4.96694,49.68724,2
174567,4.96635,49.68733,2
174568,4.96586,49.68725,2
174569,4.96536,49.68719,2
174570,4.96485,49.68713,2
174571,4.965,49.68686,2
174572,4.965,49.68686,2
174573,4.96525,49.68663,2
174574,4.96772,49.68576,2
174575,4.96638,49.6867,2
174576,4.96772,49.68576,2
174577,4.9677,49.68594,2
174578,4.96772,49.68576,2
174579,4.96819,49.68418,2
174580,4.96882,49.68644,2
174581,4.96772,49.68576,2
174582,4.96796,49.68624,2
174583,4.96772,49.68576,2
174584,4.96834,49.68645,2
174585,4.96772,49.68576,2
174586,4.96854,49.68664,2
174587,4.96772,49.68576,2
174588,4.96772,49.68576,2
174589,4.95746,49.69346,2
174590,4.96772,49.68576,2
174591,4.96772,49.68576,2
174592,4.96772,49.68576,2
174593,4.96882,49.68644,2
174594,4.96772,49.68576,2
174595,4.96772,49.68576,2
174596,4.96772,49.68576,2
174597,4.96772,49.68576,2
174598,4.96808,49.68615,2
174599,4.96793,49.68606,2
174600,4.968,49.68611,2
174601,4.96638,49.6867,2
174602,4.96683,49.68684,2
174603,4.96727,49.68698,2
174604,4.9678,49.68715,2
174605,4.96521,49.68506,2
174606,4.965131,49.686017,2
174607,4.96521,49.68506,2
174608,4.96521,49.68506,2
174609,4.96521,49.68506,2
174610,4.96521,49.68506,2
174611,4.96318,49.68506,2
174612,4.965074,49.685973,2
174613,4.965132,49.686026,2
174614,4.965088,49.685991,2
174615,4.965186,49.686007,2
174616,4.96318,49.68506,2
174617,4.965378,49.685957,2
174618,4.96521,49.68506,2
174619,4.96521,49.68506,2
174620,4.96521,49.68506,2
174621,4.96778,49.68598,2
174622,4.96521,49.68506,2
174623,4.96521,49.68506,2
174624,4.96521,49.68506,2
174625,4.96669,49.685623,2
174626,4.96782,49.68553,2
174627,4.96757,49.6853,2
174628,4.96761,49.68508,2
174629,4.95746,49.69346,2
174630,4.96521,49.68506,2
174631,4.96521,49.68506,2
174632,4.96521,49.68506,2
174633,4.96521,49.68506,2
174634,4.96521,49.68506,2
174635,4.96521,49.68506,2
174636,4.96521,49.68506,2
174637,4.96378,49.68901,2
174638,4.96521,49.68506,2
174639,4.96815,49.68619,2
174640,4.96521,49.68506,2
174641,4.96521,49.68506,2
174642,4.96521,49.68506,2
174643,4.96144,49.68858,2
174644,4.96521,49.68506,2
174645,4.96144,49.68858,2
174646,4.95789,49.68878,2
174647,4.96144,49.68858,2
174648,4.96521,49.68506,2
174649,4.96144,49.68858,2
174650,4.96144,49.68858,2
174651,4.96521,49.68506,2
174652,4.96799,49.68492,2
174653,4.96521,49.68506,2
174654,4.96521,49.68506,2
174655,4.96521,49.68506,2
174656,4.96521,49.68506,2
174657,4.96152,49.68853,2
174658,4.95715,49.68845,2
174659,4.96378,49.68901,2
174660,4.95976,49.68943,2
174661,4.96772,49.68576,2
174662,4.9683,49.68628,2
174663,4.96853,49.68641,2
174664,4.96767,49.68452,2
174665,4.96378,49.68901,2
174666,4.96378,49.68901,2
174667,4.96144,49.68858,2
174668,4.96378,49.68901,2
174669,4.95765,49.69325,2
174670,4.95765,49.69325,2
174671,4.95963,49.69105,2
174672,4.96058,49.69113,2
174673,4.96008,49.68998,2
174674,4.95966,49.69066,2
174675,4.95985,49.69024,2
174676,4.95991,49.6901,2
174677,4.95962,49.68959,2
174678,4.95983,49.68982,2
174679,4.95962,49.68959,2
174680,4.95846,49.69248,2
174681,4.95962,49.68959,2
174682,4.95981,49.68977,2
174683,4.9686,49.68645,2
174684,4.95863,49.68925,2
174685,4.95789,49.68878,2
174686,4.95715,49.68845,2
174687,4.95896,49.68831,2
174688,4.95873,49.68798,2
174689,4.96021,49.68948,2
174690,4.9604,49.68904,2
174691,4.96064,49.68889,2
174692,4.96135,49.68863,2
174693,4.96261,49.68793,2
174694,4.96232,49.68801,2
174695,4.96232,49.68801,2
174696,4.96845,49.68636,2
174697,4.98839,49.6772,2
174698,4.98722,49.67462,2
174699,4.97745,49.67552,2
174700,4.98839,49.67712,2
174701,4.97853,49.6742,2
174702,4.992641,49.6752,2
174703,4.99053,49.67746,2
174704,4.98839,49.67728,2
174705,4.97862,49.67504,2
174706,4.98355,49.6796,2
174707,4.98839,49.67744,2
174708,4.98355,49.6796,2
174709,4.97745,49.67552,2
174710,4.98081,49.67598,2
174711,4.9891,49.67748,2
174712,4.97745,49.67552,2
174713,4.97983,49.67596,2
174714,4.98946,49.67747,2
174715,4.97901,49.67593,2
174716,4.97745,49.67552,2
174717,4.97983,49.67508,2
174718,4.97844,49.67429,2
174719,4.98982,49.67746,2
174720,4.98003,49.67497,2
174721,4.97844,49.67429,2
174722,4.99017,49.67745,2
174723,4.97975,49.67548,2
174724,4.97844,49.67414,2
174725,4.97978,49.67591,2
174726,4.99053,49.67746,2
174727,4.97845,49.6739,2
174728,4.98423,49.67566,2
174729,4.98043,49.67415,2
174730,4.97853,49.6742,2
174731,4.98423,49.67566,2
174732,4.98978,49.67757,2
174733,4.98043,49.67415,2
174734,4.97853,49.6742,2
174735,4.99056,49.67772,2
174736,4.97845,49.6739,2
174737,4.99018,49.6778,2
174738,4.98439,49.673637,2
174739,4.97853,49.6742,2
174740,4.98981,49.67787,2
174741,4.97844,49.67233,2
174742,4.98943,49.67794,2
174743,4.97862,49.67504,2
174744,4.98935,49.67843,2
174745,4.97862,49.67422,2
174746,4.98964,49.67843,2
174747,4.97853,49.6742,2
174748,4.97853,49.6742,2
174749,4.98992,49.67843,2
174750,4.98411,49.67157,2
174751,4.9902,49.67843,2
174752,4.98306,49.67564,2
174753,4.99023,49.67854,2
174754,4.98345,49.67567,2
174755,4.99,49.67854,2
174756,4.98384,49.67567,2
174757,4.98978,49.67854,2
174758,4.98423,49.67566,2
174759,4.98955,49.67854,2
174760,4.98462,49.67564,2
174761,4.98933,49.67854,2
174762,4.97994,49.67762,2
174763,4.98501,49.67563,2
174764,4.98934,49.67918,2
174765,4.98524,49.67549,2
174766,4.97994,49.67762,2
174767,4.9896,49.67917,2
174768,4.98542,49.6755,2
174769,4.98986,49.67916,2
174770,4.98535,49.67571,2
174771,4.99012,49.67916,2
174772,4.98504,49.67575,2
174773,4.99015,49.67927,2
174774,4.9847,49.67576,2
174775,4.98994,49.67928,2
174776,4.98436,49.67577,2
174777,4.98974,49.67928,2
174778,4.98402,49.67578,2
174779,4.98953,49.67929,2
174780,4.98369,49.6758,2
174781,4.98932,49.67929,2
174782,4.98411,49.67157,2
174783,4.98335,49.67578,2
174784,4.98301,49.67576,2
174785,4.99324,49.67655,2
174786,4.98337,49.67549,2
174787,4.98722,49.67462,2
174788,4.98427,49.67507,2
174789,4.98458,49.67494,2
174790,4.98489,49.67482,2
174791,4.9855,49.67459,2
174792,4.98056,49.67644,2
174793,4.99324,49.67655,2
174794,4.97836,49.67636,2
174795,4.99062,49.67646,2
174796,4.99017,49.67644,2
174797,4.98972,49.67642,2
174798,4.98926,49.6764,2
174799,4.98892,49.67638,2
174800,4.98869,49.67636,2
174801,4.98846,49.67635,2
174802,4.98824,49.67633,2
174803,4.98801,49.67632,2
174804,4.98778,49.6763,2
174805,4.98756,49.67629,2
174806,4.98733,49.67628,2
174807,4.9871,49.67626,2
174808,4.98688,49.67625,2
174809,4.98665,49.67624,2
174810,4.98642,49.67623,2
174811,4.98642,49.67623,2
174812,4.98642,49.67623,2
174813,4.98642,49.67623,2
174814,4.99324,49.67655,2
174815,4.99324,49.67655,2
174816,4.99324,49.67655,2
174817,4.98475,49.67615,2
174818,4.99324,49.67655,2
174819,4.99324,49.67655,2
174820,4.98355,49.6796,2
174821,4.98355,49.6796,2
174822,4.97983,49.67596,2
174823,4.97983,49.67596,2
174824,4.98196,49.67601,2
174825,4.98117,49.67616,2
174826,4.98489,49.6773,2
174827,4.98548,49.67745,2
174828,4.97944,49.6775,2
174829,4.98571,49.67745,2
174830,4.97944,49.6775,2
174831,4.98593,49.67745,2
174832,4.98049,49.67769,2
174833,4.98593,49.67745,2
174834,4.98695,49.67745,2
174835,4.97994,49.67762,2
174836,4.9865,49.67745,2
174837,4.97885,49.67747,2
174838,4.98763,49.67734,2
174839,4.98764,49.67711,2
174840,4.97831,49.6774,2
174841,4.98764,49.67689,2
174842,4.98721,49.67706,2
174843,4.97831,49.6774,2
174844,4.98732,49.67687,2
174845,4.97875,49.67734,2
174846,4.98713,49.67727,2
174847,4.97944,49.6775,2
174848,4.98637,49.67733,2
174849,4.98638,49.67719,2
174850,4.97875,49.67734,2
174851,4.9864,49.67705,2
174852,4.98012,49.67752,2
174853,4.98622,49.67704,2
174854,4.980813,49.677543,2
174855,4.99324,49.67655,2
174856,4.98117,49.67616,2
174857,4.9862,49.67718,2
174858,4.98619,49.67732,2
174859,4.98096,49.67648,2
174860,4.98545,49.67731,2
174861,4.98055,49.67648,2
174862,4.98545,49.67713,2
174863,4.98545,49.67696,2
174864,4.98013,49.67649,2
174865,4.98534,49.67683,2
174866,4.97914,49.67651,2
174867,4.98505,49.6768,2
174868,4.98492,49.67693,2
174869,4.97914,49.67651,2
174870,4.98109,49.67628,2
174871,4.98117,49.67616,2
174872,4.98081,49.67598,2
174873,4.98111,49.67603,2
174874,4.98081,49.67598,2
174875,4.98081,49.67598,2
174876,4.98081,49.67598,2
174877,4.98081,49.67598,2
174878,4.98029,49.676,2
174879,4.98029,49.676,2
174880,4.98008,49.67602,2
174881,4.97985,49.6762,2
174882,4.97986,49.67604,2
174883,4.97986,49.67604,2
174884,4.97986,49.67604,2
174885,4.97983,49.67602,2
174886,4.97957,49.67603,2
174887,4.97929,49.67604,2
174888,4.97902,49.67605,2
174889,4.97875,49.67605,2
174890,4.97875,49.67593,2
174891,4.97901,49.67593,2
174892,4.97928,49.67592,2
174893,4.9865,49.67745,2
174894,4.98081,49.67598,2
174895,4.9865,49.67745,2
174896,4.97956,49.67591,2
174897,4.97956,49.67591,2
174898,4.9796,49.67583,2
174899,4.97958,49.67557,2
174900,4.97958,49.67557,2
174901,4.97957,49.67533,2
174902,4.97957,49.67533,2
174903,4.99324,49.67655,2
174904,4.97957,49.67512,2
174905,4.97912,49.67483,2
174906,4.9802,49.67509,2
174907,4.97983,49.67508,2
174908,4.97983,49.67508,2
174909,4.97983,49.67508,2
174910,4.97983,49.67508,2
174911,4.97983,49.67508,2
174912,4.97983,49.67508,2
174913,4.97975,49.67522,2
174914,4.97975,49.67522,2
174915,4.97975,49.67548,2
174916,4.98764,49.67711,2
174917,4.97976,49.67559,2
174918,4.97977,49.6757,2
174919,4.97977,49.6757,2
174920,4.97978,49.6758,2
174921,4.97978,49.67591,2
174922,4.97978,49.67591,2
174923,4.98017,49.67589,2
174924,4.98411,49.67157,2
174925,4.9803,49.67582,2
174926,4.9803,49.6756,2
174927,4.9803,49.67538,2
174928,4.9803,49.67515,2
174929,4.9803,49.67515,2
174930,4.9803,49.67484,2
174931,4.9803,49.67484,2
174932,4.98043,49.67415,2
174933,4.98031,49.67444,2
174934,4.98032,49.67404,2
174935,4.98032,49.67404,2
174936,4.98043,49.67415,2
174937,4.98033,49.67364,2
174938,4.98036,49.67323,2
174939,4.98271,49.67227,2
174940,4.98335,49.67172,2
174941,4.99488,49.67213,2
174942,4.98411,49.67157,2
174943,4.98385,49.66964,2
174944,4.98385,49.66964,2
174945,4.98385,49.66964,2
174946,4.98516,49.67452,2
174947,4.98498,49.67433,2
174948,4.98487,49.67431,2
174949,4.98457,49.67442,2
174950,4.98438,49.6745,2
174951,4.98428,49.67454,2
174952,4.98418,49.67459,2
174953,4.98408,49.67464,2
174954,4.98397,49.67455,2
174955,4.98407,49.6745,2
174956,4.97765,49.67583,2
174957,4.98417,49.67445,2
174958,4.98427,49.6744,2
174959,4.98418,49.67433,2
174960,4.98394,49.67407,2
174961,4.98372,49.67382,2
174962,4.98399,49.6736,2
174963,4.98439,49.67345,2
174964,4.98416,49.67409,2
174965,4.98439,49.67359,2
174966,4.98448,49.67432,2
174967,4.98478,49.67421,2
174968,4.98478,49.67331,2
174969,4.98506,49.6741,2
174970,4.98531,49.67398,2
174971,4.98552,49.6739,2
174972,4.98491,49.67712,2
174973,4.985,49.67359,2
174974,4.98543,49.67381,2
174975,4.97797,49.67555,2
174976,4.98528,49.67387,2
174977,4.98534,49.67371,2
174978,4.98524,49.67362,2
174979,4.97656,49.676,2
174980,4.98515,49.67353,2
174981,4.98505,49.67343,2
174982,4.98554,49.6739,2
174983,4.98515,49.6744,2
174984,4.98588,49.67379,2
174985,4.98606,49.67381,2
174986,4.986,49.67392,2
174987,5.005976,49.67284,2
174988,4.99324,49.67655,2
174989,4.98586,49.67392,2
174990,4.98573,49.67396,2
174991,4.9856,49.67401,2
174992,4.98541,49.67408,2
174993,4.98475,49.67615,2
174994,4.98475,49.67615,2
174995,4.995595,49.671307,2
174996,4.98516,49.67419,2
174997,4.98475,49.67615,2
174998,4.98411,49.67157,2
174999,4.98475,49.67615,2
175000,4.98514,49.67427,2
175001,4.98475,49.67615,2
175002,4.98475,49.67615,2
175003,4.98531,49.67447,2
175004,4.984024,49.674589,2
175005,4.993858,49.674383,2
175006,4.98439,49.673637,2
175007,4.98515,49.6744,2
175008,4.98439,49.673637,2
175009,4.98515,49.6744,2
175010,4.98531,49.67447,2
175011,4.98514,49.67427,2
175012,4.98514,49.67427,2
175013,4.98514,49.67427,2
175014,4.98514,49.67427,2
175015,4.98515,49.6744,2
175016,4.98515,49.6744,2
175017,4.98515,49.6744,2
175018,4.98515,49.6744,2
175019,4.984216,49.673488,2
175020,4.984101,49.673401,2
175021,4.984217,49.673497,2
175022,4.98515,49.6744,2
175023,4.98515,49.6744,2
175024,4.98515,49.6744,2
175025,4.98498,49.67433,2
175026,4.98515,49.6744,2
175027,4.9803,49.67538,2
175028,4.9803,49.67538,2
175029,4.9803,49.67538,2
175030,4.98055,49.67648,2
175031,4.9803,49.67538,2
175032,4.97853,49.6742,2
175033,4.98317,49.67596,2
175034,4.98109,49.67628,2
175035,4.98109,49.67628,2
175036,4.98109,49.67628,2
175037,4.98109,49.67628,2
175038,4.98411,49.67157,2
175039,4.98109,49.67628,2
175040,4.98675,49.67739,2
175041,4.97369,49.67652,2
175042,4.97377,49.67631,2
175043,4.97413,49.67621,2
175044,4.97534,49.67599,2
175045,4.98722,49.67462,2
175046,4.97547,49.67596,2
175047,4.9756,49.67592,2
175048,4.97573,49.67588,2
175049,4.97584,49.67573,2
175050,4.97586,49.67585,2
175051,4.97684,49.67588,2
175052,4.97617,49.67586,2
175053,4.98065,49.68439,2
175054,4.97656,49.676,2
175055,4.97684,49.67588,2
175056,4.97684,49.67588,2
175057,4.97684,49.67588,2
175058,4.97684,49.67588,2
175059,4.97684,49.67588,2
175060,4.9768,49.67487,2
175061,4.9768,49.67463,2
175062,4.97698,49.67487,2
175063,4.97705,49.67495,2
175064,4.97719,49.67507,2
175065,4.97719,49.67526,2
175066,4.978253,49.674374,2
175067,4.97844,49.67504,2
175068,4.97844,49.67429,2
175069,4.97704,49.67565,2
175070,4.97702,49.67573,2
175071,4.98521,49.6747,2
175072,4.97703,49.67578,2
175073,4.97703,49.67583,2
175074,4.97725,49.67557,2
175075,4.97703,49.67588,2
175076,4.97703,49.67588,2
175077,4.97703,49.67588,2
175078,4.97703,49.67588,2
175079,4.97703,49.67588,2
175080,4.97703,49.67588,2
175081,4.97703,49.67588,2
175082,4.97704,49.67593,2
175083,4.97704,49.67598,2
175084,4.97705,49.67608,2
175085,4.98196,49.68633,2
175086,4.97706,49.67627,2
175087,4.97709,49.67633,2
175088,4.97715,49.67642,2
175089,4.97757,49.67656,2
175090,4.9774,49.67651,2
175091,4.9774,49.67651,2
175092,4.97722,49.67647,2
175093,4.97776,49.6763,2
175094,4.97776,49.6763,2
175095,4.97776,49.6763,2
175096,4.98722,49.67462,2
175097,4.97776,49.6763,2
175098,4.97776,49.6763,2
175099,4.98109,49.67628,2
175100,4.97776,49.6763,2
175101,4.9778,49.67607,2
175102,4.97762,49.67606,2
175103,4.97765,49.67583,2
175104,4.97765,49.67583,2
175105,4.97758,49.67629,2
175106,4.97783,49.67584,2
175107,4.97783,49.67584,2
175108,4.97783,49.67584,2
175109,4.97769,49.6756,2
175110,4.97769,49.6756,2
175111,4.97769,49.6756,2
175112,4.97762,49.67555,2
175113,4.97762,49.67555,2
175114,4.97762,49.67555,2
175115,4.97762,49.67555,2
175116,4.97725,49.67557,2
175117,4.97822,49.67527,2
175118,4.97822,49.67527,2
175119,4.97822,49.67527,2
175120,4.97822,49.67527,2
175121,4.97822,49.67527,2
175122,4.97822,49.67527,2
175123,4.97822,49.67527,2
175124,4.97822,49.67527,2
175125,4.97822,49.67527,2
175126,4.97822,49.67527,2
175127,4.97822,49.67527,2
175128,4.97822,49.67527,2
175129,4.97822,49.67527,2
175130,4.97822,49.67527,2
175131,4.97822,49.67527,2
175132,4.97822,49.67527,2
175133,4.97822,49.67527,2
175134,4.97822,49.67527,2
175135,4.97822,49.67527,2
175136,4.97822,49.67527,2
175137,4.97822,49.67527,2
175138,4.97822,49.67527,2
175139,4.97822,49.67527,2
175140,4.97822,49.67527,2
175141,4.9772,49.67529,2
175142,4.97761,49.67528,2
175143,4.97761,49.67528,2
175144,4.97802,49.67527,2
175145,4.97703,49.67588,2
175146,4.97802,49.67527,2
175147,4.97704,49.67603,2
175148,4.97705,49.67613,2
175149,4.97802,49.67527,2
175150,4.97762,49.67606,2
175151,4.97834,49.67557,2
175152,4.97762,49.67555,2
175153,4.97797,49.67555,2
175154,4.97615,49.67571,2
175155,4.97822,49.67527,2
175156,4.97844,49.67504,2
175157,4.98839,49.67736,2
175158,4.97844,49.67504,2
175159,4.66187,49.58374,2
175160,4.66187,49.58374,2
175161,4.66187,49.58374,2
175162,4.66187,49.58374,2
175163,4.663095,49.582462,2
175164,4.663187,49.582658,2
175165,4.66759,49.58253,2
175166,4.66507,49.58343,2
175167,4.64239,49.576866,2
175168,4.659072,49.584561,2
175169,4.663431,49.582851,2
175170,4.66187,49.58374,2
175171,4.660406,49.58503,2
175172,4.66187,49.58374,2
175173,4.66187,49.58374,2
175174,4.659228,49.584648,2
175175,4.659072,49.584561,2
175176,4.66187,49.58374,2
175177,4.65986,49.585472,2
175178,4.66019,49.58452,2
175179,4.66019,49.58452,2
175180,4.66019,49.58452,2
175181,4.660744,49.584251,2
175182,4.66287,49.58427,2
175183,4.66187,49.58374,2
175184,4.662336,49.583708,2
175185,4.66187,49.58374,2
175186,4.66187,49.58374,2
175187,4.66187,49.58374,2
175188,4.66187,49.58374,2
175189,4.66187,49.58374,2
175190,4.66187,49.58374,2
175191,4.66019,49.58452,2
175192,4.66187,49.58374,2
175193,4.66187,49.58374,2
175194,4.66287,49.58427,2
175195,4.66287,49.58427,2
175196,4.66287,49.5836,2
175197,4.66187,49.58374,2
175198,4.663416,49.582833,2
175199,4.66187,49.58374,2
175200,4.66187,49.58374,2
175201,4.66187,49.58374,2
175202,4.66187,49.58374,2
175203,4.66187,49.58374,2
175204,4.66425,49.58337,2
175205,4.66507,49.58343,2
175206,4.6659,49.5834,2
175207,4.6659,49.5834,2
175208,4.66187,49.58374,2
175209,4.6659,49.5834,2
175210,4.6659,49.5834,2
175211,4.6659,49.5834,2
175212,4.66187,49.58374,2
175213,4.66187,49.58374,2
175214,4.66187,49.58374,2
175215,4.642418,49.576874,2
175216,4.66187,49.58374,2
175217,4.664059,49.57389,2
175218,4.664646,49.572216,2
175219,4.66581,49.5719,2
175220,4.66503,49.57069,2
175221,4.66503,49.57069,2
175222,4.66503,49.57069,2
175223,4.66503,49.57069,2
175224,4.66503,49.57069,2
175225,4.664498,49.568966,2
175226,4.66503,49.57069,2
175227,4.66447,49.57257,2
175228,4.66447,49.57257,2
175229,4.66581,49.5719,2
175230,4.663872,49.57463,2
175231,4.663997,49.574349,2
175232,4.66443,49.57257,2
175233,4.66443,49.57257,2
175234,4.663959,49.574431,2
175235,4.664059,49.57389,2
175236,4.663872,49.57463,2
175237,4.664035,49.574276,2
175238,4.664099,49.57326,2
175239,4.664099,49.57326,2
175240,4.664294,49.572672,2
175241,4.66451,49.57246,2
175242,4.664294,49.572672,2
175243,4.66451,49.57246,2
175244,4.66343,49.57173,2
175245,4.66343,49.57173,2
175246,4.664294,49.572672,2
175247,4.66343,49.57173,2
175248,4.66447,49.57257,2
175249,4.66447,49.57257,2
175250,4.66447,49.57257,2
175251,4.66503,49.57069,2
175252,4.66447,49.57257,2
175253,4.66447,49.57257,2
175254,4.66451,49.57246,2
175255,4.66447,49.57257,2
175256,4.66447,49.57257,2
175257,4.66503,49.57069,2
175258,4.66447,49.57257,2
175259,4.66503,49.57069,2
175260,4.66503,49.57069,2
175261,4.66581,49.5719,2
175262,4.66503,49.57069,2
175263,4.66503,49.57069,2
175264,4.66503,49.57069,2
175265,4.66503,49.57069,2
175266,4.66503,49.57069,2
175267,4.66503,49.57069,2
175268,4.66503,49.57069,2
175269,4.66503,49.57069,2
175270,4.66503,49.57069,2
175271,4.66503,49.57069,2
175272,4.664498,49.568966,2
175273,4.21861,49.45637,2
175274,4.22033,49.45582,2
175275,4.218664,49.455196,2
175276,4.218788,49.454826,2
175277,4.22169,49.45626,2
175278,4.22291,49.45687,2
175279,4.2235,49.45683,2
175280,4.22338,49.45692,2
175281,4.2231,49.45688,2
175282,4.22295,49.45657,2
175283,4.22314,49.45625,2
175284,4.22143,49.45724,2
175285,4.22268,49.4573,2
175286,4.22322,49.45598,2
175287,4.2233,49.4557,2
175288,4.22338,49.45542,2
175289,4.22346,49.45515,2
175290,4.22298,49.4567,2
175291,4.22278,49.45665,2
175292,4.22259,49.45659,2
175293,4.22338,49.45692,2
175294,4.22179,49.45636,2
175295,4.22291,49.45724,2
175296,4.22213,49.45646,2
175297,4.22257,49.45646,2
175298,4.22137,49.4561,2
175299,4.22257,49.45646,2
175300,4.22112,49.45616,2
175301,4.22239,49.45653,2
175302,4.21987,49.4557,2
175303,4.22204,49.4563,2
175304,4.21999,49.45586,2
175305,4.2208,49.45594,2
175306,4.22082,49.45608,2
175307,4.22027,49.45593,2
175308,4.21971,49.45578,2
175309,4.21789,49.45698,2
175310,4.21606,49.45547,2
175311,4.21861,49.45637,2
175312,4.21892,49.45485,2
175313,4.21729,49.45613,2
175314,4.21556,49.45502,2
175315,4.21577,49.45544,2
175316,4.218711,49.455348,2
175317,4.21606,49.45547,2
175318,4.218569,49.455242,2
175319,4.21984,49.45551,2
175320,4.218824,49.455796,2
175321,4.21968,49.45546,2
175322,4.21861,49.45637,2
175323,4.22029,49.45488,2
175324,4.22022,49.45444,2
175325,4.21861,49.45637,2
175326,4.21661,49.45342,2
175327,4.21828,49.45684,2
175328,4.21722,49.4535,2
175329,4.2188,49.4566,2
175330,4.22099,49.45408,2
175331,4.22203,49.45316,2
175332,4.22036,49.45711,2
175333,4.22092,49.45724,2
175334,4.21946,49.45676,2
175335,4.22147,49.45738,2
175336,4.22203,49.45752,2
175337,4.22256,49.45754,2
175338,4.2178,49.45726,2
175339,4.21796,49.45654,2
175340,4.21606,49.45547,2
175341,4.21771,49.45627,2
175342,4.21665,49.45568,2
175343,4.21644,49.45549,2
175344,4.21598,49.45479,2
175345,4.21604,49.45449,2
175346,4.22004,49.45522,2
175347,4.22013,49.45524,2
175348,4.22093,49.45536,2
175349,4.22069,49.45544,2
175350,4.22069,49.45538,2
175351,4.22013,49.45482,2
175352,4.22017,49.45456,2
175353,4.21973,49.45442,2
175354,4.21929,49.45429,2
175355,4.21971,49.45429,2
175356,4.21886,49.45414,2
175357,4.21798,49.45387,2
175358,4.21921,49.45413,2
175359,4.21755,49.45373,2
175360,4.21872,49.45396,2
175361,4.21822,49.45381,2
175362,4.21711,49.45359,2
175363,4.21822,49.45381,2
175364,4.21711,49.45359,2
175365,4.21772,49.45365,2
175366,4.21607,49.45323,2
175367,4.21643,49.45322,2
175368,4.21332,49.45211,2
175369,4.22056,49.4544,2
175370,4.22069,49.45448,2
175371,4.22127,49.4544,2
175372,4.22209,49.45467,2
175373,4.22119,49.4545,2
175374,4.22292,49.45494,2
175375,4.22201,49.45478,2
175376,4.22283,49.45505,2
175377,4.21814,49.45299,2
175378,4.22203,49.45316,2
175379,4.22462,49.44396,2
175380,4.22078,49.45708,2
175381,4.22268,49.45654,2
175382,4.21861,49.45637,2
175383,4.22337,49.45586,2
175384,4.21667,49.45387,2
175385,4.22294,49.45522,2
175386,4.22203,49.45316,2
175387,4.22203,49.45316,2
175388,4.22203,49.45316,2
175389,4.22203,49.45316,2
175390,4.22203,49.45316,2
175391,4.22203,49.45316,2
175392,4.22203,49.45316,2
175393,4.22203,49.45316,2
175394,4.22203,49.45316,2
175395,4.22203,49.45316,2
175396,4.22203,49.45316,2
175397,4.22203,49.45316,2
175398,4.22203,49.45316,2
175399,4.22203,49.45316,2
175400,4.22203,49.45316,2
175401,4.22203,49.45316,2
175402,4.22203,49.45316,2
175403,4.22203,49.45316,2
175404,4.22203,49.45316,2
175405,4.22203,49.45316,2
175406,4.21711,49.45359,2
175407,4.22203,49.45316,2
175408,4.22203,49.45316,2
175409,4.22013,49.45482,2
175410,4.217751,49.455093,2
175411,4.217889,49.455109,2
175412,4.217264,49.454221,2
175413,4.218412,49.454706,2
175414,4.22268,49.45654,2
175415,4.21861,49.45637,2
175416,4.21606,49.45547,2
175417,4.218809,49.455014,2
175418,4.22078,49.45708,2
175419,4.65154,49.82369,2
175420,4.65154,49.82369,2
175421,4.65184,49.8269,2
175422,4.65327,49.82453,2
175423,4.65184,49.8269,2
175424,4.65184,49.8269,2
175425,4.65184,49.8269,2
175426,4.65184,49.8269,2
175427,4.65184,49.8269,2
175428,4.65318,49.82048,2
175429,4.65141,49.82221,2
175430,4.65154,49.82366,2
175431,4.65184,49.8269,2
175432,4.53544,49.88992,2
175433,4.52355,49.88404,2
175434,4.52666,49.88516,2
175435,4.52666,49.88516,2
175436,4.539511,49.892459,2
175437,4.54007,49.89201,2
175438,4.54794,49.90435,2
175439,4.54794,49.90435,2
175440,4.54031,49.89248,2
175441,4.540285,49.89267,2
175442,4.54066,49.89249,2
175443,4.54007,49.89201,2
175444,4.54024,49.89259,2
175445,4.53916,49.89099,2
175446,4.53916,49.89099,2
175447,4.54215,49.89131,2
175448,4.54237,49.89064,2
175449,4.54128,49.89123,2
175450,4.54128,49.89123,2
175451,4.53955,49.89056,2
175452,4.53955,49.89056,2
175453,4.54007,49.89201,2
175454,4.53946,49.88697,2
175455,4.54249,49.88797,2
175456,4.534027,49.887484,2
175457,4.534037,49.887394,2
175458,4.54128,49.89123,2
175459,4.54159,49.88939,2
175460,4.53544,49.88992,2
175461,4.53877,49.89482,2
175462,4.53968,49.89159,2
175463,4.5404,49.89267,2
175464,4.54007,49.89201,2
175465,4.663875,49.808643,2
175466,4.66837,49.80927,2
175467,4.669299,49.809483,2
175468,4.66901,49.80991,2
175469,4.66438,49.82029,2
175470,4.66438,49.82029,2
175471,4.67013,49.80935,2
175472,4.670101,49.809719,2
175473,4.66923,49.80547,2
175474,4.66923,49.80547,2
175475,4.67013,49.80935,2
175476,4.7614,49.8377,2
175477,4.75673,49.83025,2
175478,4.760759,49.840535,2
175479,4.76391,49.84007,2
175480,4.76144,49.83817,2
175481,4.76144,49.83817,2
175482,4.76144,49.83817,2
175483,4.76272,49.83675,2
175484,4.76737,49.83365,2
175485,4.76737,49.83365,2
175486,4.76737,49.83365,2
175487,4.76737,49.83365,2
175488,4.76525,49.83474,2
175489,4.75989,49.83485,2
175490,4.76382,49.8351,2
175491,4.76218,49.8372,2
175492,4.76296,49.83756,2
175493,4.76218,49.8372,2
175494,4.7614,49.8377,2
175495,4.76144,49.83817,2
175496,4.7614,49.8377,2
175497,4.76191,49.83747,2
175498,4.76272,49.83675,2
175499,4.34119,49.72881,2
175500,4.34119,49.72881,2
175501,4.33432,49.72274,2
175502,4.34119,49.72881,2
175503,4.34119,49.72881,2
175504,4.33432,49.72274,2
175505,4.71399,50.08895,2
175506,4.71681,50.08836,2
175507,4.72329,50.08748,2
175508,4.72329,50.08748,2
175509,4.71681,50.08836,2
175510,4.71914,50.0877,2
175511,4.713,50.08709,2
175512,4.71914,50.0877,2
175513,4.7088,50.0895,2
175514,4.7088,50.0895,2
175515,4.71074,50.08838,2
175516,4.71399,50.08895,2
175517,4.70223,50.09372,2
175518,4.70223,50.09372,2
175519,4.71681,50.08836,2
175520,4.71681,50.08836,2
175521,4.71681,50.08836,2
175522,4.72329,50.08748,2
175523,4.72148,50.0763,2
175524,4.72429,50.08764,2
175525,4.72148,50.0763,2
175526,4.72135,50.07488,2
175527,4.72238,50.0794,2
175528,4.71629,50.07449,2
175529,4.71598,50.07615,2
175530,4.71317,50.07299,2
175531,4.71317,50.07299,2
175532,4.71317,50.07299,2
175533,4.71379,50.07397,2
175534,4.71317,50.07299,2
175535,4.714496,50.074283,2
175536,4.71432,50.07435,2
175537,4.71432,50.07435,2
175538,4.715,50.07441,2
175539,4.715,50.07441,2
175540,4.715,50.07441,2
175541,4.715,50.07441,2
175542,4.71532,50.07482,2
175543,4.71532,50.07482,2
175544,4.71532,50.07482,2
175545,4.7149,50.07451,2
175546,4.7149,50.07451,2
175547,4.71579,50.07549,2
175548,4.71399,50.08895,2
175549,4.71756,50.08734,2
175550,4.70944,50.0892,2
175551,4.72329,50.08748,2
175552,4.71278,50.08717,2
175553,4.7088,50.0895,2
175554,4.70361,50.09369,2
175555,4.71681,50.08836,2
175556,4.70223,50.09372,2
175557,4.7226,50.08046,2
175558,4.7226,50.08046,2
175559,4.7226,50.08046,2
175560,4.7226,50.08046,2
175561,4.7226,50.08046,2
175562,4.71317,50.07299,2
175563,4.7226,50.08046,2
175564,4.465768,49.643706,2
175565,4.43099,49.63021,2
175566,4.43964,49.6369,2
175567,4.41689,49.63211,2
175568,4.43077,49.63099,2
175569,4.44855,49.63942,2
175570,4.43201,49.629867,2
175571,4.43099,49.63021,2
175572,4.42797,49.624439,2
175573,4.430633,49.629361,2
175574,4.43099,49.63021,2
175575,4.43008,49.6285,2
175576,4.42697,49.62917,2
175577,4.41689,49.63211,2
175578,4.42697,49.62917,2
175579,4.96772,49.68576,2
175580,4.95746,49.69346,2
175581,4.95746,49.69346,2
175582,4.95859,49.68797,2
175583,4.95846,49.69248,2
175584,4.96772,49.68576,2
175585,4.96772,49.68576,2
175586,4.96772,49.68576,2
175587,4.95929,49.6913,2
175588,4.95846,49.69248,2
175589,4.95929,49.6913,2
175590,4.95976,49.68968,2
175591,4.95999,49.68974,2
175592,4.95999,49.68974,2
175593,4.9611,49.68878,2
175594,4.96189,49.68836,2
175595,4.9639,49.68693,2
175596,4.96643,49.68799,2
175597,4.96493,49.68661,2
175598,4.96525,49.68668,2
175599,4.96525,49.68668,2
175600,4.96525,49.68668,2
175601,4.96772,49.68576,2
175602,4.96525,49.68668,2
175603,4.95746,49.69346,2
175604,4.95746,49.69346,2
175605,4.96006,49.69243,2
175606,4.96006,49.69243,2
175607,4.95914,49.69179,2
175608,4.95995,49.6892,2
175609,4.95859,49.68797,2
175610,4.96034,49.68933,2
175611,4.96217,49.68823,2
175612,4.99324,49.67655,2
175613,4.98523,49.6737,2
175614,4.99324,49.67655,2
175615,4.98511,49.67868,2
175616,4.9784,49.67633,2
175617,4.97836,49.67636,2
175618,4.98355,49.6796,2
175619,4.97781,49.67528,2
175620,4.97656,49.676,2
175621,4.97684,49.67588,2
175622,4.97684,49.67588,2
175623,4.97781,49.67528,2
175624,4.97843,49.67526,2
175625,4.97745,49.67552,2
175626,4.98433,49.67571,2
175627,4.99324,49.67655,2
175628,4.98722,49.67462,2
175629,4.99324,49.67655,2
175630,4.99324,49.67655,2
175631,4.99324,49.67655,2
175632,4.98117,49.67616,2
175633,4.98271,49.67227,2
175634,4.983874,49.66744,2
175635,4.98722,49.67462,2
175636,4.9784,49.67633,2
175637,4.992713,49.679781,2
175638,4.99324,49.67655,2
175639,4.98411,49.67157,2
175640,4.98013,49.67649,2
175641,4.97584,49.67573,2
175642,4.9768,49.67518,2
175643,4.98355,49.6796,2
175644,4.662951,49.584145,2
175645,4.66187,49.58374,2
175646,4.66287,49.5836,2
175647,4.66019,49.58452,2
175648,4.66706,49.58901,2
175649,4.66451,49.57246,2
175650,4.665171,49.571604,2
175651,4.66503,49.57069,2
175652,4.66447,49.57257,2
175653,4.21892,49.45485,2
175654,4.22203,49.45316,2
175655,4.225613,49.447414,2
175656,4.225613,49.447414,2
175657,4.22169,49.45626,2
175658,4.21971,49.45578,2
175659,4.218824,49.455796,2
175660,4.219817,49.455816,2
175661,4.22272,49.45657,2
175662,4.219386,49.455715,2
175663,4.22203,49.45316,2
