"ID","Longitude","Latitude","ServiceTime (min)"
166844,4.70394,49.882993,2
166845,4.7034,49.87983,2
166846,4.70569,49.87874,2
166847,4.711331,49.876642,2
166848,4.704682,49.882503,2
166849,4.706358,49.878796,2
166850,4.70434,49.882635,2
166851,4.704682,49.882503,2
166852,4.70382,49.88188,2
166853,4.70394,49.882993,2
166854,4.704,49.88194,2
166855,4.7037,49.88195,2
166856,4.70342,49.88204,2
166857,4.7039,49.88201,2
166858,4.70356,49.88203,2
166859,4.70386,49.8819,2
166860,4.70367,49.88191,2
166861,4.70331,49.88192,2
166862,4.70357,49.88191,2
166863,4.7037,49.88195,2
166864,4.70408,49.88188,2
166865,4.70424,49.88186,2
166866,4.70435,49.88185,2
166867,4.70405,49.88188,2
166868,4.70411,49.88187,2
166869,4.70438,49.88185,2
166870,4.70443,49.88184,2
166871,4.70451,49.88183,2
166872,4.70475,49.88181,2
166873,4.70461,49.88194,2
166874,4.70474,49.88193,2
166875,4.70478,49.88192,2
166876,4.7037,49.88195,2
166877,4.7048,49.88193,2
166878,4.70491,49.88196,2
166879,4.70471,49.882215,2
166880,4.70471,49.882215,2
166881,4.70467,49.88226,2
166882,4.7034,49.87983,2
166883,4.7034,49.87983,2
166884,4.704524,49.882389,2
166885,4.70405,49.88217,2
166886,4.704682,49.882503,2
166887,4.704189,49.882665,2
166888,4.704189,49.882665,2
166889,4.704434,49.882561,2
166890,4.70394,49.882993,2
166891,4.70394,49.882993,2
166892,4.703954,49.882984,2
166893,4.703929,49.883047,2
166894,4.703903,49.883084,2
166895,4.70389,49.88312,2
166896,4.703865,49.883165,2
166897,4.703828,49.883265,2
166898,4.703701,49.883537,2
166899,4.70549,49.8785,2
166900,4.703713,49.883501,2
166901,4.70365,49.883637,2
166902,4.703601,49.883763,2
166903,4.703537,49.88389,2
166904,4.703575,49.883818,2
166905,4.703612,49.883718,2
166906,4.703612,49.883718,2
166907,4.703398,49.884189,2
166908,4.703449,49.88409,2
166909,4.70355,49.883872,2
166910,4.703449,49.88409,2
166911,4.703562,49.883836,2
166912,4.703562,49.883827,2
166913,4.703562,49.883836,2
166914,4.703562,49.883836,2
166915,4.703512,49.883945,2
166916,4.703512,49.883954,2
166917,4.703512,49.883945,2
166918,4.703512,49.883945,2
166919,4.703512,49.883954,2
166920,4.703487,49.884008,2
166921,4.703436,49.884117,2
166922,4.702684,49.885281,2
166923,4.702491,49.885608,2
166924,4.702467,49.88569,2
166925,4.70213,49.886514,2
166926,4.7034,49.87983,2
166927,4.7034,49.87983,2
166928,4.702003,49.886777,2
166929,4.7034,49.87983,2
166930,4.7034,49.87983,2
166931,4.7034,49.87983,2
166932,4.703398,49.884189,2
166933,4.702554,49.885463,2
166934,4.702554,49.885463,2
166935,4.703398,49.884189,2
166936,4.703562,49.883836,2
166937,4.70578,49.88173,2
166938,4.70578,49.88173,2
166939,4.70554,49.88185,2
166940,4.70546,49.88168,2
166941,4.70545,49.88181,2
166942,4.70527,49.88174,2
166943,4.70539,49.88179,2
166944,4.70583,49.88177,2
166945,4.70598,49.8817,2
166946,4.70604,49.88165,2
166947,4.70578,49.88173,2
166948,4.70568,49.88185,2
166949,4.70564,49.88141,2
166950,4.70556,49.88136,2
166951,4.70607,49.88161,2
166952,4.70589,49.88159,2
166953,4.70618,49.88143,2
166954,4.702246,49.886314,2
166955,4.70606,49.88132,2
166956,4.705134,49.880877,2
166957,4.70593,49.88152,2
166958,4.70624,49.88134,2
166959,4.70605,49.88125,2
166960,4.7061,49.88137,2
166961,4.70606,49.88082,2
166962,4.70673,49.87997,2
166963,4.70618,49.88111,2
166964,4.7062,49.88095,2
166965,4.70617,49.88109,2
166966,4.70586,49.88064,2
166967,4.7062,49.88095,2
166968,4.70625,49.88078,2
166969,4.70615,49.88068,2
166970,4.70615,49.88068,2
166971,4.70619,49.88069,2
166972,4.70656,49.88087,2
166973,4.70656,49.88087,2
166974,4.70657,49.88085,2
166975,4.70665,49.88065,2
166976,4.70664,49.88067,2
166977,4.70604,49.88165,2
166978,4.70604,49.88165,2
166979,4.705147,49.880859,2
166980,4.705147,49.880859,2
166981,4.705147,49.880859,2
166982,4.70565,49.87905,2
166983,4.70558,49.87984,2
166984,4.70565,49.87905,2
166985,4.705147,49.880859,2
166986,4.705147,49.880859,2
166987,4.705147,49.880859,2
166988,4.70567,49.8803,2
166989,4.705147,49.880859,2
166990,4.705147,49.880859,2
166991,4.705147,49.880859,2
166992,4.705782,49.880757,2
166993,4.70562,49.88051,2
166994,4.70582,49.88071,2
166995,4.705147,49.880859,2
166996,4.705147,49.880859,2
166997,4.705147,49.880859,2
166998,4.705356,49.880873,2
166999,4.704969,49.881204,2
167000,4.704969,49.881204,2
167001,4.704969,49.881204,2
167002,4.704969,49.881204,2
167003,4.704969,49.881204,2
167004,4.704969,49.881204,2
167005,4.704969,49.881204,2
167006,4.704969,49.881204,2
167007,4.7053,49.88114,2
167008,4.70535,49.88116,2
167009,4.70547,49.88118,2
167010,4.70553,49.88119,2
167011,4.70394,49.882993,2
167012,4.7058,49.88136,2
167013,4.703512,49.883945,2
167014,4.70558,49.8812,2
167015,4.70625,49.88128,2
167016,4.705147,49.880859,2
167017,4.7057,49.88122,2
167018,4.705147,49.880859,2
167019,4.705147,49.880859,2
167020,4.70573,49.88122,2
167021,4.705147,49.880859,2
167022,4.70587,49.88125,2
167023,4.70606,49.88137,2
167024,4.704969,49.881204,2
167025,4.70606,49.88137,2
167026,4.70588,49.88137,2
167027,4.70557,49.88143,2
167028,4.70536,49.88147,2
167029,4.70556,49.88136,2
167030,4.70527,49.88126,2
167031,4.704969,49.881204,2
167032,4.704969,49.881204,2
167033,4.704969,49.881204,2
167034,4.70394,49.882993,2
167035,4.7056,49.88132,2
167036,4.70483,49.88156,2
167037,4.70484,49.88154,2
167038,4.7049,49.88144,2
167039,4.70494,49.88138,2
167040,4.70495,49.88136,2
167041,4.70499,49.8813,2
167042,4.70499,49.8813,2
167043,4.70504,49.88121,2
167044,4.70473,49.88121,2
167045,4.70483,49.88114,2
167046,4.704778,49.881297,2
167047,4.704778,49.881297,2
167048,4.704778,49.881297,2
167049,4.704778,49.881297,2
167050,4.705147,49.880859,2
167051,4.705147,49.880859,2
167052,4.705147,49.880859,2
167053,4.705147,49.880859,2
167054,4.704969,49.881204,2
167055,4.704969,49.881204,2
167056,4.704969,49.881204,2
167057,4.704969,49.881204,2
167058,4.704969,49.881204,2
167059,4.704969,49.881204,2
167060,4.704969,49.881204,2
167061,4.704969,49.881204,2
167062,4.704969,49.881204,2
167063,4.705147,49.880859,2
167064,4.705344,49.880298,2
167065,4.70565,49.87905,2
167066,4.70565,49.87905,2
167067,4.70565,49.87905,2
167068,4.70539,49.88008,2
167069,4.70529,49.88007,2
167070,4.70484,49.88003,2
167071,4.70483,49.87991,2
167072,4.70461,49.88014,2
167073,4.70461,49.88014,2
167074,4.70467,49.87988,2
167075,4.70477,49.8799,2
167076,4.70461,49.88014,2
167077,4.7056,49.87978,2
167078,4.70567,49.87986,2
167079,4.70535,49.88,2
167080,4.70535,49.88,2
167081,4.70535,49.88,2
167082,4.70543,49.87973,2
167083,4.70543,49.87973,2
167084,4.70543,49.87973,2
167085,4.70547,49.87953,2
167086,4.70547,49.87951,2
167087,4.70548,49.87947,2
167088,4.7055,49.8794,2
167089,4.70555,49.87922,2
167090,4.70573,49.87939,2
167091,4.70581,49.87926,2
167092,4.70579,49.87929,2
167093,4.70579,49.87929,2
167094,4.70555,49.87921,2
167095,4.70571,49.87903,2
167096,4.70565,49.87905,2
167097,4.70571,49.87903,2
167098,4.70555,49.87917,2
167099,4.70552,49.87888,2
167100,4.70487,49.87763,2
167101,4.70549,49.87884,2
167102,4.70565,49.87905,2
167103,4.70487,49.87763,2
167104,4.70487,49.87763,2
167105,4.70569,49.87885,2
167106,4.70565,49.87842,2
167107,4.70569,49.87862,2
167108,4.704682,49.882503,2
167109,4.70551,49.87884,2
167110,4.70551,49.87884,2
167111,4.70549,49.8785,2
167112,4.70549,49.8785,2
167113,4.70539,49.87816,2
167114,4.70536,49.87805,2
167115,4.70532,49.8779,2
167116,4.70528,49.87775,2
167117,4.70523,49.87764,2
167118,4.70515,49.8775,2
167119,4.70506,49.87735,2
167120,4.70499,49.87725,2
167121,4.70568,49.87852,2
167122,4.70556,49.8781,2
167123,4.70552,49.87798,2
167124,4.70479,49.87697,2
167125,4.70462,49.87677,2
167126,4.70232,49.87501,2
167127,4.70512,49.87714,2
167128,4.70384,49.87624,2
167129,4.70503,49.87702,2
167130,4.70386,49.87613,2
167131,4.70408,49.87615,2
167132,4.70423,49.87617,2
167133,4.7044,49.87628,2
167134,4.70449,49.87639,2
167135,4.7046,49.87651,2
167136,4.70475,49.87669,2
167137,4.70489,49.87685,2
167138,4.70824,49.87493,2
167139,4.708128,49.880989,2
167140,4.707877,49.881264,2
167141,4.707719,49.881446,2
167142,4.707389,49.881821,2
167143,4.711317,49.876642,2
167144,4.74667,49.82005,2
167145,4.74685,49.82003,2
167146,4.74702,49.82001,2
167147,4.74719,49.81999,2
167148,4.74754,49.81995,2
167149,4.74772,49.81993,2
167150,4.74704,49.81903,2
167151,4.74704,49.81903,2
167152,4.74738,49.8195,2
167153,4.74762,49.81984,2
167154,4.74678,49.82009,2
167155,4.74704,49.81903,2
167156,4.74538,49.820242,2
167157,4.74535,49.8203,2
167158,4.74544,49.82039,2
167159,4.74554,49.82048,2
167160,4.74598,49.82077,2
167161,4.7466,49.82109,2
167162,4.74661,49.82157,2
167163,4.74799,49.82221,2
167164,4.74626,49.82115,2
167165,4.74634,49.82122,2
167166,4.74643,49.8213,2
167167,4.74618,49.82108,2
167168,4.74611,49.82101,2
167169,4.74595,49.82087,2
167170,4.74521,49.82038,2
167171,4.74521,49.82038,2
167172,4.74521,49.82038,2
167173,4.74534,49.8205,2
167174,4.74534,49.8205,2
167175,4.74547,49.82062,2
167176,4.74547,49.82062,2
167177,4.74558,49.82072,2
167178,4.74567,49.8208,2
167179,4.74575,49.82089,2
167180,4.7458,49.82073,2
167181,4.74584,49.82097,2
167182,4.74584,49.82097,2
167183,4.74584,49.82097,2
167184,4.74592,49.82105,2
167185,4.74601,49.82113,2
167186,4.7461,49.82121,2
167187,4.74619,49.82129,2
167188,4.74628,49.82137,2
167189,4.74648,49.82155,2
167190,4.744,49.81882,2
167191,4.7441,49.81437,2
167192,4.74398,49.81849,2
167193,4.74398,49.81849,2
167194,4.74407,49.81863,2
167195,4.74404,49.81858,2
167196,4.74401,49.81853,2
167197,4.74401,49.81853,2
167198,4.7441,49.81868,2
167199,4.7438,49.81851,2
167200,4.74354,49.81865,2
167201,4.74244,49.81643,2
167202,4.74368,49.81897,2
167203,4.7441,49.81898,2
167204,4.744,49.81882,2
167205,4.74402,49.81886,2
167206,4.74405,49.8189,2
167207,4.7447,49.81955,2
167208,4.74407,49.81894,2
167209,4.74564,49.82057,2
167210,4.74392,49.81871,2
167211,4.74392,49.81871,2
167212,4.74397,49.81878,2
167213,4.74413,49.81873,2
167214,4.74416,49.81878,2
167215,4.7442,49.81883,2
167216,4.74423,49.81888,2
167217,4.74426,49.81893,2
167218,4.74429,49.81898,2
167219,4.74414,49.81906,2
167220,4.74417,49.8191,2
167221,4.74422,49.81917,2
167222,4.74422,49.81917,2
167223,4.74432,49.81903,2
167224,4.74432,49.81903,2
167225,4.74432,49.81903,2
167226,4.74432,49.81903,2
167227,4.74432,49.81903,2
167228,4.74432,49.81903,2
167229,4.74435,49.81908,2
167230,4.74438,49.81913,2
167231,4.74436,49.81937,2
167232,4.74436,49.81937,2
167233,4.74444,49.81921,2
167234,4.74453,49.81932,2
167235,4.74453,49.81932,2
167236,4.74461,49.81944,2
167237,4.7447,49.81955,2
167238,4.7447,49.81955,2
167239,4.7447,49.81955,2
167240,4.74478,49.81967,2
167241,4.74478,49.81967,2
167242,4.74478,49.81967,2
167243,4.74487,49.81979,2
167244,4.74445,49.81949,2
167245,4.74445,49.81949,2
167246,4.74502,49.81995,2
167247,4.74492,49.82007,2
167248,4.74454,49.8196,2
167249,4.74471,49.81984,2
167250,4.74462,49.81972,2
167251,4.74516,49.8201,2
167252,4.74521,49.82016,2
167253,4.74527,49.82023,2
167254,4.74534,49.82022,2
167255,4.744,49.81882,2
167256,4.74534,49.82022,2
167257,4.74534,49.82022,2
167258,4.7456,49.82019,2
167259,4.7456,49.82019,2
167260,4.74534,49.82022,2
167261,4.74534,49.82022,2
167262,4.7456,49.82019,2
167263,4.74537,49.82033,2
167264,4.74581,49.82016,2
167265,4.74598,49.82013,2
167266,4.74615,49.82011,2
167267,4.74632,49.82009,2
167268,4.7465,49.82007,2
167269,4.74499,49.81508,2
167270,4.74672,49.81489,2
167271,4.74273,49.81518,2
167272,4.74273,49.81518,2
167273,4.74262,49.81528,2
167274,4.74509,49.81521,2
167275,4.74509,49.81521,2
167276,4.74242,49.81542,2
167277,4.74509,49.81521,2
167278,4.74252,49.81538,2
167279,4.74509,49.81521,2
167280,4.74509,49.81521,2
167281,4.74509,49.81521,2
167282,4.74509,49.81521,2
167283,4.74444,49.81518,2
167284,4.74509,49.81521,2
167285,4.74509,49.81521,2
167286,4.74509,49.81521,2
167287,4.742,49.81563,2
167288,4.74509,49.81521,2
167289,4.74509,49.81521,2
167290,4.74509,49.81521,2
167291,4.74509,49.81521,2
167292,4.74509,49.81521,2
167293,4.74509,49.81521,2
167294,4.74205,49.81581,2
167295,4.74258,49.81565,2
167296,4.74258,49.81565,2
167297,4.74281,49.81564,2
167298,4.74281,49.81564,2
167299,4.74281,49.81564,2
167300,4.74281,49.81564,2
167301,4.74281,49.81564,2
167302,4.74288,49.81552,2
167303,4.74344,49.81538,2
167304,4.74362,49.81535,2
167305,4.74344,49.81538,2
167306,4.74329,49.81553,2
167307,4.74344,49.8155,2
167308,4.74358,49.81547,2
167309,4.74373,49.81545,2
167310,4.74381,49.81531,2
167311,4.74413,49.81528,2
167312,4.74413,49.81528,2
167313,4.7441,49.81522,2
167314,4.74408,49.81516,2
167315,4.74405,49.81511,2
167316,4.74388,49.81542,2
167317,4.74423,49.81535,2
167318,4.74423,49.81535,2
167319,4.74418,49.81524,2
167320,4.74418,49.81524,2
167321,4.74428,49.81522,2
167322,4.74436,49.8152,2
167323,4.74444,49.81518,2
167324,4.74451,49.81516,2
167325,4.74459,49.81514,2
167326,4.74485,49.8151,2
167327,4.74471,49.81512,2
167328,4.74485,49.8151,2
167329,4.74527,49.81505,2
167330,4.74513,49.81507,2
167331,4.74513,49.81507,2
167332,4.74538,49.81504,2
167333,4.74544,49.81504,2
167334,4.74544,49.81504,2
167335,4.74316,49.81605,2
167336,4.74554,49.81504,2
167337,4.74554,49.81504,2
167338,4.74562,49.81503,2
167339,4.74569,49.81502,2
167340,4.74576,49.81501,2
167341,4.74583,49.815,2
167342,4.7459,49.81499,2
167343,4.74604,49.81498,2
167344,4.74638,49.81494,2
167345,4.74621,49.81496,2
167346,4.74621,49.81496,2
167347,4.74621,49.81496,2
167348,4.74672,49.81489,2
167349,4.74672,49.81489,2
167350,4.74672,49.81489,2
167351,4.74795,49.81495,2
167352,4.74995,49.81562,2
167353,4.74795,49.81468,2
167354,4.7473,49.81508,2
167355,4.74509,49.81521,2
167356,4.74509,49.81521,2
167357,4.74678,49.815,2
167358,4.74665,49.81502,2
167359,4.74653,49.81503,2
167360,4.74653,49.81503,2
167361,4.74653,49.81503,2
167362,4.7464,49.81505,2
167363,4.74628,49.81507,2
167364,4.74615,49.81509,2
167365,4.74615,49.81509,2
167366,4.74499,49.81508,2
167367,4.74602,49.8151,2
167368,4.74602,49.8151,2
167369,4.74602,49.8151,2
167370,4.74596,49.81511,2
167371,4.74588,49.81513,2
167372,4.74581,49.81516,2
167373,4.74581,49.81516,2
167374,4.74573,49.81519,2
167375,4.74554,49.81524,2
167376,4.74554,49.81524,2
167377,4.74554,49.81524,2
167378,4.74544,49.81525,2
167379,4.74535,49.81526,2
167380,4.74526,49.81527,2
167381,4.74517,49.81527,2
167382,4.74508,49.81528,2
167383,4.7449,49.8153,2
167384,4.74472,49.81531,2
167385,4.74331,49.81593,2
167386,4.74329,49.81583,2
167387,4.74329,49.81583,2
167388,4.74327,49.81572,2
167389,4.74325,49.81562,2
167390,4.74336,49.81609,2
167391,4.74341,49.81623,2
167392,4.74346,49.81636,2
167393,4.74347,49.81641,2
167394,4.74347,49.81641,2
167395,4.74351,49.8165,2
167396,4.74352,49.81654,2
167397,4.74355,49.81663,2
167398,4.74357,49.81668,2
167399,4.74358,49.81672,2
167400,4.74358,49.81673,2
167401,4.74361,49.81676,2
167402,4.74364,49.81684,2
167403,4.74366,49.81693,2
167404,4.74366,49.81693,2
167405,4.74366,49.81693,2
167406,4.74366,49.81693,2
167407,4.74369,49.81702,2
167408,4.74369,49.81702,2
167409,4.74369,49.81702,2
167410,4.74369,49.81702,2
167411,4.74369,49.81702,2
167412,4.74276,49.81682,2
167413,4.74371,49.81711,2
167414,4.74371,49.81711,2
167415,4.74374,49.8172,2
167416,4.74374,49.8172,2
167417,4.74374,49.8172,2
167418,4.74374,49.8172,2
167419,4.74374,49.8172,2
167420,4.74374,49.8172,2
167421,4.74374,49.8172,2
167422,4.74376,49.81729,2
167423,4.74376,49.81729,2
167424,4.74376,49.81729,2
167425,4.74382,49.8176,2
167426,4.742744,49.815596,2
167427,4.74354,49.81677,2
167428,4.74354,49.81677,2
167429,4.74499,49.81508,2
167430,4.74354,49.81865,2
167431,4.74356,49.8187,2
167432,4.74354,49.81677,2
167433,4.74354,49.81677,2
167434,4.74316,49.81605,2
167435,4.74316,49.81605,2
167436,4.74316,49.81605,2
167437,4.7432,49.81614,2
167438,4.74326,49.81633,2
167439,4.74326,49.81633,2
167440,4.74333,49.81651,2
167441,4.74336,49.8166,2
167442,4.74339,49.8167,2
167443,4.74296,49.81669,2
167444,4.74285,49.81669,2
167445,4.74275,49.8167,2
167446,4.74265,49.81671,2
167447,4.74254,49.81671,2
167448,4.74254,49.81671,2
167449,4.74276,49.81682,2
167450,4.74276,49.81682,2
167451,4.74276,49.81682,2
167452,4.74262,49.81683,2
167453,4.74262,49.81683,2
167454,4.74313,49.81731,2
167455,4.74313,49.81731,2
167456,4.74313,49.81731,2
167457,4.74313,49.81731,2
167458,4.74313,49.81731,2
167459,4.74313,49.81731,2
167460,4.74327,49.81572,2
167461,4.74313,49.81731,2
167462,4.74313,49.81731,2
167463,4.74303,49.81702,2
167464,4.74303,49.81702,2
167465,4.74303,49.81702,2
167466,4.74303,49.81702,2
167467,4.74303,49.81702,2
167468,4.74303,49.81702,2
167469,4.74303,49.81702,2
167470,4.74303,49.81702,2
167471,4.74303,49.81702,2
167472,4.74351,49.81706,2
167473,4.74355,49.8172,2
167474,4.74357,49.81727,2
167475,4.74361,49.81742,2
167476,4.74361,49.81742,2
167477,4.74361,49.81742,2
167478,4.74361,49.81742,2
167479,4.74276,49.81712,2
167480,4.74306,49.81747,2
167481,4.74422,49.81753,2
167482,4.74335,49.8177,2
167483,4.74415,49.81762,2
167484,4.74408,49.81772,2
167485,4.74388,49.81772,2
167486,4.74397,49.81776,2
167487,4.74389,49.81779,2
167488,4.74385,49.81781,2
167489,4.74385,49.81796,2
167490,4.74386,49.81802,2
167491,4.74387,49.81807,2
167492,4.74388,49.81817,2
167493,4.74389,49.81823,2
167494,4.7439,49.81828,2
167495,4.74308,49.81773,2
167496,4.74367,49.81797,2
167497,4.74367,49.81801,2
167498,4.74368,49.81806,2
167499,4.7437,49.81814,2
167500,4.7437,49.81818,2
167501,4.74372,49.81826,2
167502,4.74373,49.81831,2
167503,4.74374,49.81835,2
167504,4.74374,49.81839,2
167505,4.74377,49.81847,2
167506,4.74382,49.81855,2
167507,4.74267,49.81713,2
167508,4.74385,49.81859,2
167509,4.74387,49.81863,2
167510,4.74387,49.81863,2
167511,4.7439,49.81867,2
167512,4.74391,49.81833,2
167513,4.74392,49.81839,2
167514,4.74395,49.81844,2
167515,4.74267,49.81713,2
167516,4.74267,49.81713,2
167517,4.74267,49.81713,2
167518,4.74672,49.81489,2
167519,4.74283,49.81508,2
167520,4.74242,49.81542,2
167521,4.74509,49.81521,2
167522,4.74258,49.81565,2
167523,4.74288,49.81552,2
167524,4.74344,49.81538,2
167525,4.74408,49.81526,2
167526,4.74388,49.81542,2
167527,4.74325,49.81562,2
167528,4.74333,49.816,2
167529,4.74338,49.81614,2
167530,4.74339,49.81618,2
167531,4.74341,49.81623,2
167532,4.74343,49.81627,2
167533,4.74344,49.81632,2
167534,4.74355,49.81663,2
167535,4.74357,49.81668,2
167536,4.74369,49.81702,2
167537,4.74369,49.81702,2
167538,4.74371,49.81711,2
167539,4.74376,49.81729,2
167540,4.74376,49.81729,2
167541,4.74376,49.81729,2
167542,4.74378,49.81739,2
167543,4.74382,49.8176,2
167544,4.74366,49.81693,2
167545,4.74354,49.81677,2
167546,4.74354,49.81677,2
167547,4.7519,49.81562,2
167548,4.74267,49.81713,2
167549,4.74316,49.81605,2
167550,4.74316,49.81605,2
167551,4.74323,49.81623,2
167552,4.74333,49.81651,2
167553,4.74336,49.8166,2
167554,4.74339,49.8167,2
167555,4.74276,49.81682,2
167556,4.74276,49.81682,2
167557,4.76447,49.81822,2
167558,4.74346,49.81685,2
167559,4.7435,49.81699,2
167560,4.74353,49.81713,2
167561,4.74355,49.8172,2
167562,4.74359,49.81734,2
167563,4.74361,49.81742,2
167564,4.74361,49.81742,2
167565,4.74349,49.81738,2
167566,4.74354,49.81677,2
167567,4.74283,49.81726,2
167568,4.74415,49.81762,2
167569,4.74397,49.81776,2
167570,4.7522,49.81467,2
167571,4.75668,49.81563,2
167572,4.75235,49.81473,2
167573,4.74712,49.81312,2
167574,4.7525,49.81479,2
167575,4.74622,49.81295,2
167576,4.74782,49.81299,2
167577,4.75257,49.81496,2
167578,4.74862,49.81331,2
167579,4.75265,49.81485,2
167580,4.75265,49.81485,2
167581,4.74989,49.81377,2
167582,4.75273,49.81502,2
167583,4.75158,49.81443,2
167584,4.75273,49.81502,2
167585,4.75173,49.81449,2
167586,4.75273,49.81502,2
167587,4.75668,49.81563,2
167588,4.75279,49.81491,2
167589,4.75289,49.81509,2
167590,4.75466,49.81567,2
167591,4.75293,49.81496,2
167592,4.75659,49.81674,2
167593,4.75307,49.81502,2
167594,4.76054,49.81857,2
167595,4.75321,49.81508,2
167596,4.75334,49.81513,2
167597,4.75348,49.81519,2
167598,4.75362,49.81524,2
167599,4.75376,49.8153,2
167600,4.75305,49.81515,2
167601,4.75305,49.81515,2
167602,4.75305,49.81515,2
167603,4.75354,49.81535,2
167604,4.75321,49.81522,2
167605,4.75338,49.81528,2
167606,4.7537,49.81541,2
167607,4.75419,49.81561,2
167608,4.75386,49.81548,2
167609,4.75419,49.81561,2
167610,4.7539,49.81536,2
167611,4.75404,49.81541,2
167612,4.75418,49.81547,2
167613,4.75432,49.81552,2
167614,4.75446,49.81558,2
167615,4.753923,49.815661,2
167616,4.75451,49.81574,2
167617,4.75463,49.8158,2
167618,4.7547,49.81583,2
167619,4.75458,49.81563,2
167620,4.75458,49.81563,2
167621,4.75458,49.81563,2
167622,4.75458,49.81563,2
167623,4.75466,49.81567,2
167624,4.75466,49.81567,2
167625,4.75466,49.81567,2
167626,4.75466,49.81567,2
167627,4.75466,49.81567,2
167628,4.75491,49.81546,2
167629,4.74456,49.81316,2
167630,4.75477,49.81572,2
167631,4.7549,49.81577,2
167632,4.74511,49.81307,2
167633,4.7552,49.81595,2
167634,4.75874,49.81805,2
167635,4.75874,49.81805,2
167636,4.75532,49.81602,2
167637,4.75543,49.81608,2
167638,4.75555,49.81615,2
167639,4.75566,49.81621,2
167640,4.75578,49.81628,2
167641,4.75592,49.81636,2
167642,4.75592,49.81636,2
167643,4.75592,49.81636,2
167644,4.75626,49.81655,2
167645,4.75659,49.81674,2
167646,4.75676,49.81683,2
167647,4.77684,49.81476,2
167648,4.75643,49.81664,2
167649,4.75692,49.81693,2
167650,4.75692,49.81693,2
167651,4.75692,49.81693,2
167652,4.75692,49.81693,2
167653,4.75674,49.81698,2
167654,4.75674,49.81698,2
167655,4.75711,49.81719,2
167656,4.75711,49.81719,2
167657,4.75723,49.8171,2
167658,4.75737,49.81719,2
167659,4.75763,49.81733,2
167660,4.75771,49.81753,2
167661,4.75797,49.81766,2
167662,4.75822,49.81779,2
167663,4.7578,49.81742,2
167664,4.75801,49.81753,2
167665,4.75801,49.81753,2
167666,4.75848,49.81792,2
167667,4.75874,49.81805,2
167668,4.75844,49.81775,2
167669,4.75866,49.81786,2
167670,4.75903,49.81816,2
167671,4.75933,49.81824,2
167672,4.75993,49.8184,2
167673,4.75963,49.81832,2
167674,4.75911,49.81805,2
167675,4.75936,49.81812,2
167676,4.75936,49.81812,2
167677,4.75936,49.81812,2
167678,4.75962,49.81819,2
167679,4.76115,49.81873,2
167680,4.75987,49.81826,2
167681,4.76012,49.81833,2
167682,4.76037,49.8184,2
167683,4.76088,49.81854,2
167684,4.76113,49.81861,2
167685,4.76206,49.81822,2
167686,4.76167,49.81809,2
167687,4.76187,49.81816,2
167688,4.76143,49.81802,2
167689,4.76025,49.81779,2
167690,4.76235,49.81844,2
167691,4.76115,49.81793,2
167692,4.76086,49.81785,2
167693,4.76058,49.81777,2
167694,4.76086,49.81785,2
167695,4.76031,49.81768,2
167696,4.76004,49.8176,2
167697,4.75978,49.81752,2
167698,4.75935,49.81751,2
167699,4.7598,49.81765,2
167700,4.76003,49.81772,2
167701,4.76166,49.81822,2
167702,4.76003,49.81772,2
167703,4.75951,49.81743,2
167704,4.75924,49.81735,2
167705,4.75924,49.81735,2
167706,4.75897,49.81726,2
167707,4.76093,49.818,2
167708,4.75871,49.81718,2
167709,4.75844,49.8171,2
167710,4.75822,49.81716,2
167711,4.75817,49.81701,2
167712,4.7579,49.81693,2
167713,4.75819,49.81623,2
167714,4.75796,49.8164,2
167715,4.75773,49.81656,2
167716,4.75754,49.81694,2
167717,4.75794,49.81652,2
167718,4.7575,49.81673,2
167719,4.75764,49.81685,2
167720,4.76447,49.81822,2
167721,4.76447,49.81822,2
167722,4.76097,49.81794,2
167723,4.76054,49.81857,2
167724,4.74388,49.81341,2
167725,4.74511,49.81307,2
167726,4.74511,49.81307,2
167727,4.74511,49.81307,2
167728,4.74511,49.81307,2
167729,4.74511,49.81307,2
167730,4.74511,49.81307,2
167731,4.74511,49.81307,2
167732,4.74511,49.81307,2
167733,4.74511,49.81307,2
167734,4.74511,49.81307,2
167735,4.74511,49.81307,2
167736,4.74511,49.81307,2
167737,4.74511,49.81307,2
167738,4.74511,49.81307,2
167739,4.74511,49.81307,2
167740,4.74511,49.81307,2
167741,4.74511,49.81307,2
167742,4.74511,49.81307,2
167743,4.74511,49.81307,2
167744,4.74511,49.81307,2
167745,4.74511,49.81307,2
167746,4.74511,49.81307,2
167747,4.74511,49.81307,2
167748,4.74511,49.81307,2
167749,4.74511,49.81307,2
167750,4.74511,49.81307,2
167751,4.74511,49.81307,2
167752,4.74511,49.81307,2
167753,4.74511,49.81307,2
167754,4.74511,49.81307,2
167755,4.74511,49.81307,2
167756,4.74511,49.81307,2
167757,4.74511,49.81307,2
167758,4.74511,49.81307,2
167759,4.74511,49.81307,2
167760,4.74511,49.81307,2
167761,4.74511,49.81307,2
167762,4.74511,49.81307,2
167763,4.74511,49.81307,2
167764,4.74511,49.81307,2
167765,4.74511,49.81307,2
167766,4.74511,49.81307,2
167767,4.74511,49.81307,2
167768,4.74511,49.81307,2
167769,4.74511,49.81307,2
167770,4.74511,49.81307,2
167771,4.74511,49.81307,2
167772,4.74511,49.81307,2
167773,4.74511,49.81307,2
167774,4.74511,49.81307,2
167775,4.74511,49.81307,2
167776,4.74388,49.81341,2
167777,4.74408,49.81337,2
167778,4.74428,49.81333,2
167779,4.74448,49.8133,2
167780,4.74508,49.81319,2
167781,4.74508,49.81319,2
167782,4.74508,49.81319,2
167783,4.74488,49.81323,2
167784,4.74588,49.81305,2
167785,4.74608,49.81306,2
167786,4.74608,49.81306,2
167787,4.74629,49.81307,2
167788,4.7465,49.81308,2
167789,4.7467,49.8131,2
167790,4.74511,49.81307,2
167791,4.74511,49.81307,2
167792,4.74567,49.81297,2
167793,4.74691,49.81311,2
167794,4.74733,49.81313,2
167795,4.74753,49.81314,2
167796,4.74679,49.81298,2
167797,4.74622,49.81295,2
167798,4.74823,49.81291,2
167799,4.74777,49.81306,2
167800,4.74737,49.81301,2
167801,4.74794,49.81311,2
167802,4.74811,49.81316,2
167803,4.74828,49.81321,2
167804,4.74845,49.81326,2
167805,4.74862,49.81331,2
167806,4.74862,49.81331,2
167807,4.74862,49.81331,2
167808,4.74862,49.81331,2
167809,4.74769,49.81317,2
167810,4.74786,49.81321,2
167811,4.74803,49.81326,2
167812,4.7482,49.81331,2
167813,4.7487,49.81346,2
167814,4.74836,49.81336,2
167815,4.74853,49.81341,2
167816,4.74887,49.81351,2
167817,4.74902,49.81357,2
167818,4.74911,49.81347,2
167819,4.74911,49.81347,2
167820,4.74934,49.81369,2
167821,4.74895,49.8134,2
167822,4.74879,49.81335,2
167823,4.74927,49.81353,2
167824,4.74943,49.81359,2
167825,4.74958,49.81365,2
167826,4.74958,49.81365,2
167827,4.74958,49.81365,2
167828,4.74958,49.81365,2
167829,4.74958,49.81365,2
167830,4.74989,49.81377,2
167831,4.74989,49.81377,2
167832,4.74989,49.81377,2
167833,4.7498,49.81387,2
167834,4.7502,49.81389,2
167835,4.75035,49.81395,2
167836,4.75051,49.81401,2
167837,4.75066,49.81407,2
167838,4.75081,49.81413,2
167839,4.75097,49.81419,2
167840,4.75082,49.81427,2
167841,4.75127,49.81431,2
167842,4.75108,49.81437,2
167843,4.75143,49.81437,2
167844,4.75143,49.81437,2
167845,4.75173,49.81449,2
167846,4.75173,49.81449,2
167847,4.75173,49.81449,2
167848,4.75189,49.81455,2
167849,4.75204,49.81461,2
167850,4.75133,49.81447,2
167851,4.75185,49.81467,2
167852,4.75185,49.81467,2
167853,4.75185,49.81467,2
167854,4.7521,49.81477,2
167855,4.7521,49.81477,2
167856,4.74468,49.81326,2
167857,4.75668,49.81563,2
167858,4.74508,49.81319,2
167859,4.75668,49.81563,2
167860,4.74568,49.81308,2
167861,4.75668,49.81563,2
167862,4.74568,49.81308,2
167863,4.42242,49.69052,2
167864,4.42242,49.69052,2
167865,4.410532,49.711297,2
167866,4.422221,49.69259,2
167867,4.41879,49.69827,2
167868,4.406856,49.711872,2
167869,4.409349,49.711847,2
167870,4.37108,49.71734,2
167871,4.42742,49.720448,2
167872,4.42742,49.720448,2
167873,4.426949,49.723825,2
167874,4.426408,49.726844,2
167875,4.43622,49.72596,2
167876,4.43622,49.72596,2
167877,4.42956,49.73493,2
167878,4.44193,49.69824,2
167879,4.45871,49.72173,2
167880,4.43562,49.68775,2
167881,4.3979,49.67121,2
167882,4.3979,49.67121,2
167883,4.402717,49.721159,2
167884,4.398997,49.723405,2
167885,4.41278,49.72473,2
167886,4.38886,49.73887,2
167887,4.42489,49.69561,2
167888,4.42242,49.69052,2
167889,4.42242,49.69052,2
167890,4.42242,49.69052,2
167891,4.42242,49.69052,2
167892,4.42242,49.69052,2
167893,4.42242,49.69052,2
167894,4.42152,49.69595,2
167895,4.42085,49.69648,2
167896,4.40274,49.70414,2
167897,4.426721,49.716912,2
167898,4.422137,49.692906,2
167899,4.42069,49.69779,2
167900,4.42069,49.69779,2
167901,4.42227,49.692446,2
167902,4.42489,49.69561,2
167903,4.42242,49.69052,2
167904,4.41109,49.7106,2
167905,4.42649,49.72028,2
167906,4.41109,49.7106,2
167907,4.41109,49.7106,2
167908,4.41152,49.68912,2
167909,4.41152,49.68912,2
167910,4.41152,49.68912,2
167911,4.41152,49.68912,2
167912,4.41152,49.68912,2
167913,4.43622,49.72596,2
167914,4.43622,49.72596,2
167915,4.43622,49.72596,2
167916,4.412196,49.710657,2
167917,4.43622,49.72596,2
167918,4.43622,49.72596,2
167919,4.43622,49.72596,2
167920,4.412196,49.710657,2
167921,4.43622,49.72596,2
167922,4.42242,49.69052,2
167923,4.412196,49.710657,2
167924,4.43622,49.72596,2
167925,4.41879,49.69827,2
167926,4.41879,49.69827,2
167927,4.410532,49.711306,2
167928,4.41879,49.69827,2
167929,4.37108,49.71734,2
167930,4.410176,49.711051,2
167931,4.410176,49.711051,2
167932,4.410091,49.711026,2
167933,4.41879,49.69827,2
167934,4.41879,49.69827,2
167935,4.41109,49.7106,2
167936,4.409501,49.710811,2
167937,4.409613,49.710495,2
167938,4.409292,49.71112,2
167939,4.409292,49.71112,2
167940,4.409305,49.711111,2
167941,4.409305,49.711111,2
167942,4.408517,49.711475,2
167943,4.407804,49.711676,2
167944,4.42242,49.69052,2
167945,4.407804,49.711676,2
167946,4.407804,49.711676,2
167947,4.42242,49.69052,2
167948,4.407172,49.711785,2
167949,4.407172,49.711785,2
167950,4.42242,49.69052,2
167951,4.406856,49.711872,2
167952,4.407804,49.711676,2
167953,4.42242,49.69052,2
167954,4.406856,49.711872,2
167955,4.407804,49.711676,2
167956,4.405897,49.712113,2
167957,4.396348,49.709625,2
167958,4.406856,49.711872,2
167959,4.408779,49.711785,2
167960,4.408779,49.711785,2
167961,4.409349,49.711847,2
167962,4.409349,49.711847,2
167963,4.41109,49.7106,2
167964,4.409349,49.711847,2
167965,4.42069,49.69779,2
167966,4.411035,49.71004,2
167967,4.42069,49.69779,2
167968,4.42069,49.69779,2
167969,4.41152,49.68912,2
167970,4.41152,49.68912,2
167971,4.358343,49.698623,2
167972,4.42069,49.69779,2
167973,4.41494,49.69595,2
167974,4.41494,49.69595,2
167975,4.413096,49.713023,2
167976,4.42742,49.720448,2
167977,4.428512,49.69877,2
167978,4.441828,49.698252,2
167979,4.44193,49.69824,2
167980,4.44193,49.69824,2
167981,4.44193,49.69824,2
167982,4.44725,49.68489,2
167983,4.44725,49.68489,2
167984,4.44725,49.68489,2
167985,4.44725,49.68489,2
167986,4.44725,49.68489,2
167987,4.436005,49.687672,2
167988,4.42242,49.69052,2
167989,4.3979,49.67121,2
167990,4.3979,49.67121,2
167991,4.44288,49.67787,2
167992,4.41762,49.6983,2
167993,4.398416,49.723757,2
167994,4.40413,49.73124,2
167995,4.412703,49.725489,2
167996,4.394901,49.726628,2
167997,4.38886,49.73887,2
167998,4.38886,49.73887,2
167999,4.38886,49.73887,2
168000,4.38886,49.73887,2
168001,4.38886,49.73887,2
168002,4.42242,49.69052,2
168003,4.38886,49.73887,2
168004,4.42489,49.69561,2
168005,4.42489,49.69561,2
168006,4.42489,49.69561,2
168007,4.42489,49.69561,2
168008,4.42489,49.69561,2
168009,4.42489,49.69561,2
168010,4.427315,49.694919,2
168011,4.42489,49.69561,2
168012,4.42489,49.69561,2
168013,4.42489,49.69561,2
168014,4.42242,49.69052,2
168015,4.42242,49.69052,2
168016,4.423942,49.695058,2
168017,4.42242,49.69052,2
168018,4.41879,49.69827,2
168019,4.423371,49.69532,2
168020,4.423371,49.69532,2
168021,4.424038,49.69503,2
168022,4.424038,49.69503,2
168023,4.424038,49.69503,2
168024,4.424038,49.69503,2
168025,4.424038,49.69503,2
168026,4.424038,49.69503,2
168027,4.424038,49.69503,2
168028,4.424038,49.69503,2
168029,4.424884,49.694719,2
168030,4.424884,49.694719,2
168031,4.42242,49.69052,2
168032,4.42242,49.69052,2
168033,4.42242,49.69052,2
168034,4.42242,49.69052,2
168035,4.42242,49.69052,2
168036,4.42242,49.69052,2
168037,4.42242,49.69052,2
168038,4.42242,49.69052,2
168039,4.42242,49.69052,2
168040,4.42242,49.69052,2
168041,4.42242,49.69052,2
168042,4.42242,49.69052,2
168043,4.42242,49.69052,2
168044,4.42242,49.69052,2
168045,4.42242,49.69052,2
168046,4.42242,49.69052,2
168047,4.42242,49.69052,2
168048,4.42242,49.69052,2
168049,4.42242,49.69052,2
168050,4.423538,49.695002,2
168051,4.42242,49.69052,2
168052,4.42242,49.69052,2
168053,4.42242,49.69052,2
168054,4.42242,49.69052,2
168055,4.420477,49.693986,2
168056,4.42242,49.69052,2
168057,4.420477,49.693986,2
168058,4.42242,49.69052,2
168059,4.42242,49.69052,2
168060,4.42242,49.69052,2
168061,4.42242,49.69052,2
168062,4.42242,49.69052,2
168063,4.42242,49.69052,2
168064,4.42242,49.69052,2
168065,4.422353,49.695139,2
168066,4.42152,49.69595,2
168067,4.42152,49.69595,2
168068,4.42152,49.69595,2
168069,4.421941,49.695236,2
168070,4.42249,49.695101,2
168071,4.421853,49.695462,2
168072,4.42249,49.695101,2
168073,4.421879,49.695408,2
168074,4.421879,49.695408,2
168075,4.421879,49.695408,2
168076,4.42242,49.69052,2
168077,4.421865,49.695417,2
168078,4.421865,49.695417,2
168079,4.421865,49.695417,2
168080,4.42069,49.69779,2
168081,4.421865,49.695417,2
168082,4.421865,49.695417,2
168083,4.42152,49.69595,2
168084,4.42152,49.69595,2
168085,4.42152,49.69595,2
168086,4.411759,49.711159,2
168087,4.42152,49.69595,2
168088,4.42152,49.69595,2
168089,4.42069,49.69779,2
168090,4.42152,49.69595,2
168091,4.41956,49.69524,2
168092,4.41996,49.6955,2
168093,4.420381,49.695703,2
168094,4.42063,49.696,2
168095,4.420381,49.695694,2
168096,4.417172,49.693423,2
168097,4.419545,49.695224,2
168098,4.419545,49.695224,2
168099,4.422696,49.697451,2
168100,4.420267,49.695607,2
168101,4.453553,49.738797,2
168102,4.419545,49.695224,2
168103,4.42152,49.69595,2
168104,4.42094,49.69623,2
168105,4.42088,49.6964,2
168106,4.42085,49.69648,2
168107,4.42084,49.69665,2
168108,4.42084,49.69665,2
168109,4.42102,49.69667,2
168110,4.42069,49.69779,2
168111,4.42152,49.69595,2
168112,4.42152,49.69595,2
168113,4.42104,49.69646,2
168114,4.42107,49.69636,2
168115,4.42104,49.69677,2
168116,4.42106,49.69687,2
168117,4.42489,49.69561,2
168118,4.42489,49.69561,2
168119,4.413096,49.713023,2
168120,4.42242,49.69052,2
168121,4.42242,49.69052,2
168122,4.723,50.08465,2
168123,4.72295,50.08459,2
168124,4.7229,50.08452,2
168125,4.7229,50.08452,2
168126,4.7228,50.08439,2
168127,4.72275,50.08433,2
168128,4.72275,50.08433,2
168129,4.7227,50.08428,2
168130,4.72263,50.0842,2
168131,4.72255,50.08412,2
168132,4.72248,50.08404,2
168133,4.7224,50.08397,2
168134,4.72232,50.08389,2
168135,4.72217,50.08373,2
168136,4.72238,50.0794,2
168137,4.72202,50.08358,2
168138,4.72192,50.08351,2
168139,4.72162,50.08332,2
168140,4.72152,50.08325,2
168141,4.72142,50.08318,2
168142,4.72122,50.08305,2
168143,4.72112,50.08299,2
168144,4.72102,50.08292,2
168145,4.72092,50.08286,2
168146,4.72082,50.08279,2
168147,4.72072,50.08273,2
168148,4.72062,50.08266,2
168149,4.72042,50.08253,2
168150,4.72033,50.08246,2
168151,4.72023,50.0824,2
168152,4.72441,50.08484,2
168153,4.72014,50.08232,2
168154,4.72455,50.08384,2
168155,4.72,50.08217,2
168156,4.71985,50.08201,2
168157,4.71956,50.08169,2
168158,4.71949,50.08162,2
168159,4.72455,50.08384,2
168160,4.71949,50.08162,2
168161,4.71941,50.08154,2
168162,4.72455,50.08384,2
168163,4.71927,50.08138,2
168164,4.72445,50.08407,2
168165,4.72511,50.08123,2
168166,4.72455,50.08384,2
168167,4.71919,50.0813,2
168168,4.72512,50.08723,2
168169,4.71912,50.08122,2
168170,4.7251,50.08717,2
168171,4.72492,50.08664,2
168172,4.7189,50.08099,2
168173,4.71883,50.08091,2
168174,4.72489,50.08651,2
168175,4.71869,50.08075,2
168176,4.72481,50.08627,2
168177,4.72465,50.08571,2
168178,4.71863,50.08067,2
168179,4.7196,50.08151,2
168180,4.72462,50.08563,2
168181,4.72452,50.0854,2
168182,4.71968,50.08161,2
168183,4.7245,50.08534,2
168184,4.71977,50.0817,2
168185,4.72448,50.08522,2
168186,4.71986,50.08179,2
168187,4.72446,50.08516,2
168188,4.72028,50.08225,2
168189,4.72443,50.08514,2
168190,4.72085,50.08264,2
168191,4.72131,50.08295,2
168192,4.72143,50.08303,2
168193,4.72441,50.08484,2
168194,4.72155,50.0831,2
168195,4.72178,50.08326,2
168196,4.72441,50.08461,2
168197,4.7219,50.08333,2
168198,4.72441,50.08461,2
168199,4.72202,50.08341,2
168200,4.72441,50.08455,2
168201,4.72223,50.08357,2
168202,4.72441,50.08432,2
168203,4.72249,50.08385,2
168204,4.72441,50.08432,2
168205,4.72276,50.08412,2
168206,4.72441,50.08409,2
168207,4.72443,50.08395,2
168208,4.72285,50.08421,2
168209,4.72334,50.08417,2
168210,4.72457,50.08355,2
168211,4.72317,50.08428,2
168212,4.72483,50.08283,2
168213,4.72483,50.08283,2
168214,4.72295,50.08432,2
168215,4.7248,50.08293,2
168216,4.7229,50.08421,2
168217,4.72459,50.08284,2
168218,4.72312,50.08417,2
168219,4.72459,50.08279,2
168220,4.72386,50.08279,2
168221,4.72312,50.08417,2
168222,4.72312,50.08417,2
168223,4.72468,50.08273,2
168224,4.72312,50.08417,2
168225,4.72494,50.08241,2
168226,4.72312,50.08417,2
168227,4.72503,50.08176,2
168228,4.72493,50.08036,2
168229,4.72312,50.08417,2
168230,4.72312,50.08417,2
168231,4.72511,50.08123,2
168232,4.72312,50.08417,2
168233,4.72312,50.08417,2
168234,4.72516,50.08079,2
168235,4.72429,50.0841,2
168236,4.72312,50.08409,2
168237,4.706971,50.074205,2
168238,4.72309,50.084,2
168239,4.72329,50.08748,2
168240,4.72306,50.08392,2
168241,4.723,50.08375,2
168242,4.7247,50.08591,2
168243,4.72294,50.08359,2
168244,4.72291,50.0835,2
168245,4.72288,50.08342,2
168246,4.72285,50.08333,2
168247,4.72459,50.08279,2
168248,4.72282,50.08325,2
168249,4.72279,50.08317,2
168250,4.72276,50.08308,2
168251,4.72273,50.083,2
168252,4.7227,50.08291,2
168253,4.72268,50.08283,2
168254,4.72265,50.08275,2
168255,4.72259,50.08258,2
168256,4.72256,50.0825,2
168257,4.72255,50.08241,2
168258,4.72254,50.08232,2
168259,4.72253,50.08224,2
168260,4.72252,50.08215,2
168261,4.7225,50.08198,2
168262,4.72249,50.08189,2
168263,4.72248,50.08181,2
168264,4.72247,50.08172,2
168265,4.72238,50.0794,2
168266,4.72238,50.0794,2
168267,4.72238,50.0794,2
168268,4.72238,50.0794,2
168269,4.72246,50.08138,2
168270,4.72239,50.08017,2
168271,4.72429,50.0841,2
168272,4.72429,50.0841,2
168273,4.72429,50.0841,2
168274,4.72429,50.0841,2
168275,4.72429,50.0841,2
168276,4.72429,50.0841,2
168277,4.72429,50.0841,2
168278,4.72487,50.08269,2
168279,4.72487,50.08269,2
168280,4.72429,50.0841,2
168281,4.72487,50.08269,2
168282,4.72487,50.08269,2
168283,4.72414,50.08412,2
168284,4.72487,50.08269,2
168285,4.72398,50.08414,2
168286,4.72487,50.08269,2
168287,4.72383,50.08416,2
168288,4.72352,50.08419,2
168289,4.72367,50.08418,2
168290,4.72346,50.08408,2
168291,4.72357,50.08407,2
168292,4.72368,50.08406,2
168293,4.72368,50.08406,2
168294,4.72378,50.08404,2
168295,4.72389,50.08403,2
168296,4.724,50.08402,2
168297,4.72411,50.084,2
168298,4.72422,50.08399,2
168299,4.72432,50.08397,2
168300,4.72278,50.08436,2
168301,4.72288,50.08449,2
168302,4.72293,50.08455,2
168303,4.72308,50.08475,2
168304,4.72308,50.08475,2
168305,4.72318,50.08488,2
168306,4.72505,50.08732,2
168307,4.72415,50.07591,2
168308,4.72501,50.08692,2
168309,4.7251,50.08717,2
168310,4.72499,50.08685,2
168311,4.72496,50.08676,2
168312,4.72492,50.08664,2
168313,4.72485,50.08639,2
168314,4.72481,50.08627,2
168315,4.72481,50.08627,2
168316,4.72455,50.08592,2
168317,4.72474,50.08602,2
168318,4.72455,50.08588,2
168319,4.7247,50.08591,2
168320,4.72465,50.08571,2
168321,4.72442,50.08567,2
168322,4.72456,50.08561,2
168323,4.72428,50.08565,2
168324,4.7246,50.08557,2
168325,4.72449,50.08528,2
168326,4.72449,50.08528,2
168327,4.72446,50.08516,2
168328,4.72403,50.085,2
168329,4.72429,50.085,2
168330,4.72429,50.085,2
168331,4.72441,50.08495,2
168332,4.72441,50.08489,2
168333,4.72441,50.08495,2
168334,4.72441,50.08449,2
168335,4.72441,50.08444,2
168336,4.72441,50.08432,2
168337,4.72441,50.08438,2
168338,4.72441,50.08426,2
168339,4.72441,50.08421,2
168340,4.72441,50.08421,2
168341,4.72441,50.08421,2
168342,4.72441,50.08415,2
168343,4.72441,50.08404,2
168344,4.72441,50.08409,2
168345,4.72453,50.08366,2
168346,4.7242,50.08361,2
168347,4.72403,50.08362,2
168348,4.72461,50.08345,2
168349,4.7247,50.08324,2
168350,4.72466,50.08334,2
168351,4.72436,50.08327,2
168352,4.72455,50.08384,2
168353,4.72455,50.08384,2
168354,4.72455,50.08384,2
168355,4.72434,50.08287,2
168356,4.72434,50.08304,2
168357,4.72434,50.08304,2
168358,4.72434,50.08304,2
168359,4.72434,50.08304,2
168360,4.72434,50.08304,2
168361,4.72434,50.08304,2
168362,4.72455,50.08384,2
168363,4.72466,50.08316,2
168364,4.72511,50.08123,2
168365,4.72483,50.08283,2
168366,4.72483,50.08283,2
168367,4.72483,50.08283,2
168368,4.72483,50.08283,2
168369,4.72483,50.08283,2
168370,4.72483,50.08283,2
168371,4.72511,50.08123,2
168372,4.72474,50.08314,2
168373,4.72482,50.08284,2
168374,4.72482,50.08284,2
168375,4.72498,50.08214,2
168376,4.72482,50.08284,2
168377,4.72482,50.08284,2
168378,4.72498,50.08214,2
168379,4.72482,50.08284,2
168380,4.72436,50.08284,2
168381,4.72498,50.08214,2
168382,4.72482,50.08284,2
168383,4.72459,50.08279,2
168384,4.72498,50.08214,2
168385,4.72459,50.08279,2
168386,4.72459,50.08279,2
168387,4.72459,50.08279,2
168388,4.72459,50.08279,2
168389,4.72433,50.08273,2
168390,4.72487,50.08269,2
168391,4.72485,50.08273,2
168392,4.72485,50.08273,2
168393,4.72485,50.08273,2
168394,4.72485,50.08273,2
168395,4.72491,50.08253,2
168396,4.72491,50.08253,2
168397,4.72491,50.08253,2
168398,4.72491,50.08253,2
168399,4.72491,50.08253,2
168400,4.72496,50.08232,2
168401,4.72497,50.08224,2
168402,4.72498,50.08214,2
168403,4.72498,50.08214,2
168404,4.72498,50.08214,2
168405,4.72501,50.08189,2
168406,4.72501,50.08189,2
168407,4.72501,50.08189,2
168408,4.72501,50.08189,2
168409,4.72501,50.08189,2
168410,4.72501,50.08189,2
168411,4.72501,50.08189,2
168412,4.72501,50.08189,2
168413,4.72503,50.08176,2
168414,4.72504,50.08164,2
168415,4.72511,50.08123,2
168416,4.72496,50.08065,2
168417,4.72494,50.08052,2
168418,4.72493,50.08036,2
168419,4.72493,50.08036,2
168420,4.72492,50.08019,2
168421,4.72492,50.08019,2
168422,4.72492,50.08019,2
168423,4.72489,50.08004,2
168424,4.72483,50.07973,2
168425,4.72473,50.07926,2
168426,4.72473,50.07926,2
168427,4.72473,50.07926,2
168428,4.72469,50.07903,2
168429,4.72511,50.08123,2
168430,4.72511,50.08123,2
168431,4.72511,50.08123,2
168432,4.72337,50.07289,2
168433,4.72361,50.07323,2
168434,4.72383,50.07359,2
168435,4.72396,50.07396,2
168436,4.72396,50.07396,2
168437,4.72413,50.0747,2
168438,4.72413,50.0747,2
168439,4.72417,50.07492,2
168440,4.7242,50.07514,2
168441,4.72427,50.07557,2
168442,4.72438,50.07622,2
168443,4.72442,50.07644,2
168444,4.72446,50.07666,2
168445,4.72449,50.07688,2
168446,4.72453,50.07709,2
168447,4.72511,50.08123,2
168448,4.72477,50.0772,2
168449,4.72529,50.07721,2
168450,4.72456,50.07727,2
168451,4.72459,50.07742,2
168452,4.72462,50.07756,2
168453,4.72464,50.07771,2
168454,4.72467,50.07785,2
168455,4.72471,50.07804,2
168456,4.72471,50.07804,2
168457,4.72511,50.08123,2
168458,4.72477,50.07829,2
168459,4.7248,50.07855,2
168460,4.72511,50.08123,2
168461,4.72511,50.08123,2
168462,4.72575,50.07909,2
168463,4.72563,50.07915,2
168464,4.72563,50.07915,2
168465,4.72563,50.07915,2
168466,4.72563,50.07915,2
168467,4.72491,50.07922,2
168468,4.72493,50.07932,2
168469,4.72495,50.07942,2
168470,4.72498,50.07961,2
168471,4.72498,50.07961,2
168472,4.72498,50.07961,2
168473,4.725,50.07971,2
168474,4.72502,50.07981,2
168475,4.72506,50.08001,2
168476,4.7251,50.0802,2
168477,4.72512,50.08049,2
168478,4.72514,50.08064,2
168479,4.72513,50.08056,2
168480,4.72519,50.08102,2
168481,4.72518,50.08095,2
168482,4.7252,50.0811,2
168483,4.72522,50.08125,2
168484,4.72523,50.08133,2
168485,4.72524,50.0814,2
168486,4.72524,50.08148,2
168487,4.72523,50.08156,2
168488,4.72522,50.08163,2
168489,4.72521,50.08171,2
168490,4.72518,50.08202,2
168491,4.72517,50.08209,2
168492,4.72516,50.08217,2
168493,4.71797,50.07909,2
168494,4.71689,50.07863,2
168495,4.71711,50.07887,2
168496,4.71728,50.07884,2
168497,4.71678,50.07852,2
168498,4.71691,50.07843,2
168499,4.71681,50.07831,2
168500,4.71698,50.0785,2
168501,4.717,50.07814,2
168502,4.717,50.07833,2
168503,4.71729,50.07809,2
168504,4.7172,50.07798,2
168505,4.71704,50.07776,2
168506,4.71607,50.07701,2
168507,4.71607,50.07701,2
168508,4.71607,50.07701,2
168509,4.71607,50.07701,2
168510,4.71545,50.07637,2
168511,4.71587,50.07622,2
168512,4.71637,50.07612,2
168513,4.71536,50.07664,2
168514,4.71562,50.0768,2
168515,4.71588,50.07697,2
168516,4.71614,50.07714,2
168517,4.7164,50.0773,2
168518,4.71666,50.07747,2
168519,4.71676,50.07579,2
168520,4.71696,50.07562,2
168521,4.71715,50.07544,2
168522,4.71723,50.07525,2
168523,4.71721,50.07503,2
168524,4.71718,50.07482,2
168525,4.71716,50.0746,2
168526,4.71722,50.07439,2
168527,4.71724,50.07418,2
168528,4.71715,50.07526,2
168529,4.71715,50.07526,2
168530,4.71706,50.0742,2
168531,4.71701,50.07447,2
168532,4.71699,50.07473,2
168533,4.71703,50.075,2
168534,4.71706,50.07526,2
168535,4.71688,50.07549,2
168536,4.71664,50.07571,2
168537,4.71715,50.07526,2
168538,4.71629,50.07449,2
168539,4.71639,50.07543,2
168540,4.71634,50.0752,2
168541,4.71628,50.07497,2
168542,4.71625,50.07474,2
168543,4.71622,50.07451,2
168544,4.71619,50.07427,2
168545,4.71615,50.07404,2
168546,4.71616,50.07358,2
168547,4.71626,50.07383,2
168548,4.71638,50.07435,2
168549,4.71634,50.07409,2
168550,4.71641,50.07462,2
168551,4.7165,50.07514,2
168552,4.71645,50.07488,2
168553,4.71656,50.0754,2
168554,4.71656,50.07617,2
168555,4.71667,50.07644,2
168556,4.71678,50.07671,2
168557,4.71689,50.07699,2
168558,4.717,50.07726,2
168559,4.71711,50.07753,2
168560,4.71722,50.07781,2
168561,4.71742,50.07782,2
168562,4.71742,50.07782,2
168563,4.71734,50.07763,2
168564,4.71726,50.07744,2
168565,4.71718,50.07724,2
168566,4.7171,50.07705,2
168567,4.71703,50.07686,2
168568,4.71695,50.07667,2
168569,4.71687,50.07648,2
168570,4.71679,50.07629,2
168571,4.71671,50.07609,2
168572,4.71668,50.07593,2
168573,4.72398,50.08612,2
168574,4.72391,50.08598,2
168575,4.72387,50.08591,2
168576,4.72383,50.08584,2
168577,4.72382,50.08581,2
168578,4.7238,50.08577,2
168579,4.72378,50.08574,2
168580,4.72375,50.08567,2
168581,4.72373,50.08564,2
168582,4.72371,50.0856,2
168583,4.72367,50.08553,2
168584,4.72366,50.0855,2
168585,4.72364,50.08546,2
168586,4.72361,50.08543,2
168587,4.72358,50.0854,2
168588,4.72455,50.08384,2
168589,4.72353,50.08533,2
168590,4.72356,50.08537,2
168591,4.72351,50.0853,2
168592,4.72348,50.08527,2
168593,4.72346,50.08524,2
168594,4.72481,50.08627,2
168595,4.72343,50.0852,2
168596,4.72341,50.08517,2
168597,4.72481,50.08627,2
168598,4.72331,50.08504,2
168599,4.72481,50.08627,2
168600,4.72326,50.08498,2
168601,4.72321,50.08491,2
168602,4.72481,50.08627,2
168603,4.72315,50.08485,2
168604,4.76179,49.42521,2
168605,4.75729,49.42267,2
168606,4.75236,49.42771,2
168607,4.75232,49.42912,2
168608,4.7396,49.42225,2
168609,4.76179,49.42521,2
168610,4.75729,49.42267,2
168611,4.74916,49.43044,2
168612,4.74925,49.42827,2
168613,4.75232,49.42912,2
168614,4.75232,49.42912,2
168615,4.75236,49.42771,2
168616,4.74916,49.43044,2
168617,4.74976,49.42926,2
168618,4.74916,49.43044,2
168619,4.7396,49.42225,2
168620,4.74925,49.42827,2
168621,4.75232,49.42912,2
168622,4.75232,49.42912,2
168623,4.7396,49.42225,2
168624,4.7396,49.42225,2
168625,4.7396,49.42225,2
168626,4.74916,49.43044,2
168627,4.74916,49.43044,2
168628,4.74925,49.42827,2
168629,4.74916,49.43044,2
168630,4.74916,49.43044,2
168631,4.74916,49.43044,2
168632,4.74916,49.43044,2
168633,4.74916,49.43044,2
168634,4.74916,49.43044,2
168635,4.74916,49.43044,2
168636,4.74916,49.43044,2
168637,4.74916,49.43044,2
168638,4.748281,49.429894,2
168639,4.74916,49.43044,2
168640,4.74916,49.43044,2
168641,4.74916,49.43044,2
168642,4.74916,49.43044,2
168643,4.74916,49.43044,2
168644,4.74916,49.43044,2
168645,4.74916,49.43044,2
168646,4.74916,49.43044,2
168647,4.74916,49.43044,2
168648,4.748489,49.429926,2
168649,4.74916,49.43044,2
168650,4.74916,49.43044,2
168651,4.74916,49.43044,2
168652,4.74916,49.43044,2
168653,4.75232,49.42912,2
168654,4.75232,49.42912,2
168655,4.74925,49.42827,2
168656,4.74925,49.42827,2
168657,4.74916,49.43044,2
168658,4.74916,49.43044,2
168659,4.74976,49.42926,2
168660,4.74976,49.42926,2
168661,4.74925,49.42827,2
168662,4.7396,49.42225,2
168663,4.747,49.42971,2
168664,4.74254,49.43016,2
168665,4.74916,49.43044,2
168666,4.76179,49.42521,2
168667,4.74916,49.43044,2
168668,4.76179,49.42521,2
168669,4.74912,49.43041,2
168670,4.74916,49.43044,2
168671,4.75232,49.42912,2
168672,4.75232,49.42912,2
168673,4.75232,49.42912,2
168674,4.75232,49.42912,2
168675,4.75232,49.42912,2
168676,4.75232,49.42912,2
168677,4.75232,49.42912,2
168678,4.74916,49.43044,2
168679,4.75232,49.42912,2
168680,4.75232,49.42912,2
168681,4.75232,49.42912,2
168682,4.75236,49.42771,2
168683,4.76179,49.42521,2
168684,4.76179,49.42521,2
168685,4.76179,49.42521,2
168686,4.75236,49.42771,2
168687,4.76179,49.42521,2
168688,4.76179,49.42521,2
168689,4.752485,49.427303,2
168690,4.75236,49.42771,2
168691,4.74912,49.43041,2
168692,4.74925,49.42827,2
168693,4.744559,49.430751,2
168694,4.74925,49.42827,2
168695,4.75729,49.42267,2
168696,4.74916,49.43044,2
168697,4.74925,49.42827,2
168698,4.74254,49.43016,2
168699,4.74976,49.42926,2
168700,4.74254,49.43016,2
168701,4.733102,49.428543,2
168702,4.74254,49.43016,2
168703,4.74254,49.43016,2
168704,4.739083,49.428281,2
168705,4.74254,49.43016,2
168706,4.74254,49.43016,2
168707,4.74916,49.43044,2
168708,4.74254,49.43016,2
168709,4.739554,49.428029,2
168710,4.74916,49.43044,2
168711,4.74916,49.43044,2
168712,4.74976,49.42926,2
168713,4.76179,49.42521,2
168714,4.74916,49.43044,2
168715,4.74916,49.43044,2
168716,4.74925,49.42827,2
168717,4.74976,49.42926,2
168718,4.741312,49.429386,2
168719,4.74147,49.429518,2
168720,4.74976,49.42926,2
168721,4.74976,49.42926,2
168722,4.74916,49.43044,2
168723,4.74916,49.43044,2
168724,4.75729,49.42267,2
168725,4.75729,49.42267,2
168726,4.75729,49.42267,2
168727,4.75729,49.42267,2
168728,4.75729,49.42267,2
168729,4.75729,49.42267,2
168730,4.75729,49.42267,2
168731,4.75729,49.42267,2
168732,4.75729,49.42267,2
168733,4.75729,49.42267,2
168734,4.75232,49.42912,2
168735,4.75232,49.42912,2
168736,4.75232,49.42912,2
168737,4.7396,49.42225,2
168738,4.7396,49.42225,2
168739,4.7396,49.42225,2
168740,4.7396,49.42225,2
168741,4.7396,49.42225,2
168742,4.74916,49.43044,2
168743,4.7396,49.42225,2
168744,4.736412,49.421243,2
168745,4.7396,49.42225,2
168746,4.724613,49.420516,2
168747,4.74916,49.43044,2
168748,4.88848,49.66169,2
168749,4.887164,49.659218,2
168750,4.88631,49.65939,2
168751,4.88565,49.66065,2
168752,4.8856,49.66088,2
168753,4.88569,49.66042,2
168754,4.88543,49.66085,2
168755,4.88548,49.66058,2
168756,4.88553,49.66031,2
168757,4.88586,49.65982,2
168758,4.88568,49.66007,2
168759,4.88604,49.65958,2
168760,4.88623,49.65934,2
168761,4.88661,49.65924,2
168762,4.88739,49.65905,2
168763,4.88554,49.66166,2
168764,4.88554,49.66166,2
168765,4.88554,49.66166,2
168766,4.88554,49.66166,2
168767,4.88493,49.66211,2
168768,4.88493,49.66211,2
168769,4.88493,49.66211,2
168770,4.88493,49.66211,2
168771,4.88493,49.66211,2
168772,4.884737,49.661614,2
168773,4.884737,49.661614,2
168774,4.884737,49.661614,2
168775,4.884452,49.661459,2
168776,4.884438,49.66145,2
168777,4.88493,49.66211,2
168778,4.884438,49.66145,2
168779,4.884438,49.66145,2
168780,4.88493,49.66211,2
168781,4.88527,49.66132,2
168782,4.88493,49.66211,2
168783,4.88493,49.66211,2
168784,4.88495,49.6619,2
168785,4.88482,49.66209,2
168786,4.88108,49.66432,2
168787,4.88474,49.66263,2
168788,4.8847,49.6628,2
168789,4.88466,49.66302,2
168790,4.8846,49.66345,2
168791,4.88493,49.66211,2
168792,4.88493,49.66211,2
168793,4.88493,49.66211,2
168794,4.88493,49.66211,2
168795,4.88385,49.66454,2
168796,4.88779,49.66227,2
168797,4.88672,49.66305,2
168798,4.88805,49.66196,2
168799,4.88705,49.66292,2
168800,4.88705,49.66292,2
168801,4.88705,49.66292,2
168802,4.88705,49.66292,2
168803,4.88825,49.66197,2
168804,4.88802,49.66225,2
168805,4.88778,49.66253,2
168806,4.88746,49.66276,2
168807,4.8871,49.66298,2
168808,4.88675,49.6632,2
168809,4.88604,49.66364,2
168810,4.88385,49.66454,2
168811,4.88566,49.66381,2
168812,4.88385,49.66454,2
168813,4.88499,49.66401,2
168814,4.88466,49.66414,2
168815,4.88385,49.66454,2
168816,4.88385,49.66454,2
168817,4.88385,49.66454,2
168818,4.88385,49.66454,2
168819,4.88388,49.66447,2
168820,4.88245,49.66475,2
168821,4.88385,49.66454,2
168822,4.88385,49.66454,2
168823,4.88385,49.66454,2
168824,4.88433,49.66432,2
168825,4.88396,49.66458,2
168826,4.88119,49.66555,2
168827,4.88286,49.66474,2
168828,4.8823,49.66501,2
168829,4.88095,49.66563,2
168830,4.88107,49.66559,2
168831,4.88125,49.66566,2
168832,4.88021,49.66588,2
168833,4.88091,49.66578,2
168834,4.88073,49.66584,2
168835,4.88056,49.6659,2
168836,4.87996,49.66597,2
168837,4.87983,49.66601,2
168838,4.87971,49.66605,2
168839,4.88039,49.66595,2
168840,4.88004,49.66607,2
168841,4.8797,49.66619,2
168842,4.87959,49.66609,2
168843,4.87904,49.66598,2
168844,4.87882,49.6666,2
168845,4.87717,49.66787,2
168846,4.87753,49.66743,2
168847,4.87827,49.66697,2
168848,4.88056,49.67338,2
168849,4.87768,49.66727,2
168850,4.87727,49.66749,2
168851,4.8786,49.66897,2
168852,4.87777,49.6683,2
168853,4.87753,49.66743,2
168854,4.87753,49.66743,2
168855,4.87753,49.66743,2
168856,4.87753,49.66743,2
168857,4.87753,49.66743,2
168858,4.8786,49.66897,2
168859,4.87909,49.66641,2
168860,4.87748,49.66738,2
168861,4.87827,49.66697,2
168862,4.876,49.66756,2
168863,4.87786,49.6661,2
168864,4.87761,49.66633,2
168865,4.8781,49.66606,2
168866,4.8769,49.66649,2
168867,4.87804,49.66616,2
168868,4.87815,49.66611,2
168869,4.87755,49.66622,2
168870,4.87786,49.6661,2
168871,4.87786,49.6661,2
168872,4.87826,49.66606,2
168873,4.87837,49.66601,2
168874,4.87848,49.66596,2
168875,4.879,49.6661,2
168876,4.87812,49.66598,2
168877,4.88108,49.66432,2
168878,4.88108,49.66432,2
168879,4.87628,49.66592,2
168880,4.87628,49.66592,2
168881,4.87628,49.66592,2
168882,4.87649,49.66584,2
168883,4.87624,49.66597,2
168884,4.87777,49.6683,2
168885,4.87666,49.6666,2
168886,4.87651,49.66682,2
168887,4.87572,49.66741,2
168888,4.87544,49.66726,2
168889,4.87506,49.66719,2
168890,4.87464,49.6672,2
168891,4.87265,49.66614,2
168892,4.87265,49.66614,2
168893,4.87196,49.66647,2
168894,4.86508,49.66754,2
168895,4.88872,49.660991,2
168896,4.86508,49.66754,2
168897,4.887233,49.659208,2
168898,4.86508,49.66754,2
168899,4.887,49.65915,2
168900,4.87614,49.66684,2
168901,4.887,49.65915,2
168902,4.8764,49.66672,2
168903,4.88531,49.6639,2
168904,4.87563,49.66709,2
168905,4.88082,49.66567,2
168906,4.87265,49.66614,2
168907,4.88045,49.6658,2
168908,4.855436,49.660547,2
168909,4.87987,49.66613,2
168910,4.87753,49.66743,2
168911,4.87937,49.66622,2
168912,4.8775,49.66794,2
168913,4.8775,49.66794,2
168914,4.87761,49.66633,2
168915,4.88291,49.66341,2
168916,4.88108,49.66432,2
168917,4.88108,49.66432,2
168918,4.87628,49.66592,2
168919,4.874252,49.663434,2
168920,4.86508,49.66754,2
168921,4.855436,49.660547,2
168922,4.89487,49.654176,2
168923,4.88108,49.66432,2
168924,4.88705,49.66292,2
168925,4.862488,49.661793,2
168926,4.87937,49.67002,2
168927,4.87937,49.67002,2
168928,4.87937,49.67002,2
168929,4.87735,49.66564,2
168930,4.87768,49.66727,2
168931,4.877009,49.665694,2
168932,4.87882,49.6666,2
168933,4.87732,49.66645,2
168934,4.87704,49.66658,2
168935,4.87937,49.67002,2
168936,4.88047,49.67223,2
168937,4.88158,49.67368,2
168938,4.87727,49.66749,2
168939,4.876381,49.665887,2
168940,4.88493,49.66211,2
168941,4.88528,49.66807,2
168942,4.883824,49.661068,2
168943,4.88108,49.66432,2
168944,4.87717,49.66787,2
168945,4.45149,49.53489,2
168946,4.45051,49.53852,2
168947,4.44108,49.54023,2
168948,4.45149,49.53489,2
168949,4.44768,49.53427,2
168950,4.44922,49.53321,2
168951,4.4485,49.53589,2
168952,4.44922,49.53321,2
168953,4.44848,49.53612,2
168954,4.44768,49.53427,2
168955,4.44219,49.53683,2
168956,4.44611,49.53817,2
168957,4.45402,49.53183,2
168958,4.45402,49.53183,2
168959,4.4399,49.54129,2
168960,4.44941,49.54031,2
168961,4.451,49.53891,2
168962,4.44787,49.53633,2
168963,4.45209,49.53994,2
168964,4.43393,49.5567,2
168965,4.4399,49.54129,2
168966,4.4399,49.54129,2
168967,4.43797,49.54502,2
168968,4.43886,49.54586,2
168969,4.4399,49.54129,2
168970,4.43393,49.5567,2
168971,4.4399,49.54129,2
168972,4.43393,49.5567,2
168973,4.4399,49.54129,2
168974,4.427119,49.539801,2
168975,4.4399,49.54129,2
168976,4.429394,49.541747,2
168977,4.4399,49.54129,2
168978,4.43811,49.54367,2
168979,4.4399,49.54129,2
168980,4.4399,49.54129,2
168981,4.44037,49.54087,2
168982,4.43925,49.54216,2
168983,4.44076,49.53944,2
168984,4.43925,49.54216,2
168985,4.44151,49.54025,2
168986,4.4399,49.54129,2
168987,4.4432,49.53882,2
168988,4.43966,49.54145,2
168989,4.44219,49.53691,2
168990,4.4399,49.54129,2
168991,4.4424,49.53584,2
168992,4.4399,49.54129,2
168993,4.4399,49.54129,2
168994,4.45116,49.53886,2
168995,4.45072,49.53867,2
168996,4.43886,49.54586,2
168997,4.45116,49.53886,2
168998,4.44797,49.53678,2
168999,4.4399,49.54129,2
169000,4.45116,49.53886,2
169001,4.44814,49.53682,2
169002,4.44059,49.53988,2
169003,4.45116,49.53886,2
169004,4.44877,49.53754,2
169005,4.45116,49.53886,2
169006,4.45019,49.5382,2
169007,4.44076,49.53944,2
169008,4.44712,49.5398,2
169009,4.4399,49.54129,2
169010,4.44764,49.53899,2
169011,4.4399,49.54129,2
169012,4.4437,49.53839,2
169013,4.43886,49.54586,2
169014,4.44399,49.53307,2
169015,4.44292,49.53989,2
169016,4.44584,49.53335,2
169017,4.44309,49.53964,2
169018,4.44885,49.5332,2
169019,4.44315,49.53937,2
169020,4.4541,49.5316,2
169021,4.44277,49.53982,2
169022,4.43886,49.54586,2
169023,4.4399,49.54129,2
169024,4.4399,49.54129,2
169025,4.4399,49.54129,2
169026,4.4399,49.54129,2
169027,4.44322,49.53854,2
169028,4.44219,49.53691,2
169029,4.44219,49.53691,2
169030,4.44308,49.5381,2
169031,4.44219,49.53691,2
169032,4.44261,49.5376,2
169033,4.45149,49.53489,2
169034,4.44293,49.53818,2
169035,4.44255,49.53774,2
169036,4.44214,49.53731,2
169037,4.44225,49.53708,2
169038,4.44235,49.53649,2
169039,4.4422,49.53632,2
169040,4.44255,49.53592,2
169041,4.45048,49.5385,2
169042,4.4505,49.53851,2
169043,4.44291,49.53564,2
169044,4.4439,49.53592,2
169045,4.45053,49.53853,2
169046,4.45055,49.53854,2
169047,4.4444,49.53606,2
169048,4.45056,49.53855,2
169049,4.45058,49.53856,2
169050,4.45059,49.53857,2
169051,4.45061,49.53858,2
169052,4.45062,49.53859,2
169053,4.44885,49.5332,2
169054,4.44794,49.53725,2
169055,4.45064,49.5386,2
169056,4.45067,49.53862,2
169057,4.45072,49.53867,2
169058,4.44794,49.53725,2
169059,4.44794,49.53725,2
169060,4.44794,49.53725,2
169061,4.45078,49.53872,2
169062,4.44848,49.5374,2
169063,4.45078,49.53872,2
169064,4.45083,49.53877,2
169065,4.45089,49.53882,2
169066,4.45094,49.53886,2
169067,4.44794,49.53725,2
169068,4.45105,49.53896,2
169069,4.45111,49.53901,2
169070,4.43886,49.54586,2
169071,4.45116,49.53906,2
169072,4.44794,49.53725,2
169073,4.45122,49.5391,2
169074,4.45127,49.53915,2
169075,4.45133,49.5392,2
169076,4.44848,49.5374,2
169077,4.44848,49.5374,2
169078,4.45138,49.53925,2
169079,4.44848,49.5374,2
169080,4.45144,49.5393,2
169081,4.45149,49.53934,2
169082,4.45155,49.53939,2
169083,4.4516,49.53944,2
169084,4.45163,49.53949,2
169085,4.45173,49.53959,2
169086,4.44777,49.53343,2
169087,4.45168,49.53954,2
169088,4.44906,49.53767,2
169089,4.45178,49.53964,2
169090,4.44963,49.53793,2
169091,4.44991,49.53806,2
169092,4.45047,49.53834,2
169093,4.44794,49.53725,2
169094,4.45183,49.53969,2
169095,4.45188,49.53974,2
169096,4.45194,49.53979,2
169097,4.45199,49.53984,2
169098,4.45204,49.53989,2
169099,4.46325,49.52633,2
169100,4.45069,49.53847,2
169101,4.44794,49.53725,2
169102,4.45116,49.53886,2
169103,4.45116,49.53886,2
169104,4.44794,49.53725,2
169105,4.44794,49.53725,2
169106,4.45186,49.53952,2
169107,4.4525,49.54015,2
169108,4.45303,49.54089,2
169109,4.45358,49.54121,2
169110,4.45535,49.54323,2
169111,4.44941,49.54031,2
169112,4.44941,49.54031,2
169113,4.44941,49.54031,2
169114,4.45025,49.53853,2
169115,4.44996,49.53869,2
169116,4.44986,49.53934,2
169117,4.4496,49.53951,2
169118,4.44846,49.53963,2
169119,4.44968,49.53975,2
169120,4.44955,49.54014,2
169121,4.44946,49.54052,2
169122,4.44941,49.54031,2
169123,4.44927,49.53992,2
169124,4.44927,49.53992,2
169125,4.44927,49.53992,2
169126,4.44893,49.53983,2
169127,4.44931,49.53981,2
169128,4.44885,49.5332,2
169129,4.44877,49.53966,2
169130,4.44885,49.5332,2
169131,4.44823,49.53951,2
169132,4.44885,49.5332,2
169133,4.44858,49.53973,2
169134,4.44885,49.5332,2
169135,4.44823,49.53963,2
169136,4.44885,49.5332,2
169137,4.44788,49.53954,2
169138,4.44753,49.53945,2
169139,4.4473,49.53938,2
169140,4.44695,49.53925,2
169141,4.44718,49.53933,2
169142,4.44712,49.5398,2
169143,4.44712,49.5398,2
169144,4.44699,49.54064,2
169145,4.44704,49.54098,2
169146,4.44712,49.5398,2
169147,4.44621,49.54053,2
169148,4.44511,49.54025,2
169149,4.44731,49.53964,2
169150,4.44749,49.53923,2
169151,4.44733,49.53918,2
169152,4.44747,49.53895,2
169153,4.44762,49.53871,2
169154,4.44777,49.53848,2
169155,4.44791,49.53824,2
169156,4.44825,49.53778,2
169157,4.44799,49.53799,2
169158,4.44808,49.53775,2
169159,4.44833,49.53752,2
169160,4.44816,49.5375,2
169161,4.44712,49.5398,2
169162,4.44672,49.53916,2
169163,4.44672,49.53916,2
169164,4.44435,49.53848,2
169165,4.44669,49.53902,2
169166,4.44649,49.53908,2
169167,4.44602,49.53891,2
169168,4.44602,49.53891,2
169169,4.44608,49.53871,2
169170,4.44593,49.53859,2
169171,4.44589,49.53874,2
169172,4.44598,49.53845,2
169173,4.44625,49.53789,2
169174,4.44603,49.53831,2
169175,4.44618,49.53803,2
169176,4.44678,49.53782,2
169177,4.44656,49.53778,2
169178,4.44626,49.53806,2
169179,4.44634,49.53776,2
169180,4.44581,49.53872,2
169181,4.44525,49.53871,2
169182,4.44525,49.53871,2
169183,4.44479,49.53848,2
169184,4.44385,49.53851,2
169185,4.44406,49.53842,2
169186,4.44333,49.53835,2
169187,4.44393,49.53318,2
169188,4.44581,49.53347,2
169189,4.44635,49.53354,2
169190,4.44714,49.53327,2
169191,4.44784,49.53327,2
169192,4.44734,49.53355,2
169193,4.44777,49.53343,2
169194,4.44867,49.53316,2
169195,4.44846,49.53963,2
169196,4.44873,49.53327,2
169197,4.4495,49.53306,2
169198,4.4495,49.53306,2
169199,4.44922,49.53321,2
169200,4.4497,49.53315,2
169201,4.45008,49.53319,2
169202,4.45019,49.5331,2
169203,4.43886,49.54586,2
169204,4.45117,49.53299,2
169205,4.45096,49.5329,2
169206,4.45164,49.5329,2
169207,4.45137,49.53284,2
169208,4.45176,49.53275,2
169209,4.45211,49.5328,2
169210,4.45258,49.53269,2
169211,4.45216,49.53266,2
169212,4.45256,49.53258,2
169213,4.45296,49.53301,2
169214,4.45305,49.53299,2
169215,4.45296,49.53301,2
169216,4.45316,49.53327,2
169217,4.45296,49.53301,2
169218,4.45293,49.53271,2
169219,4.45303,49.53237,2
169220,4.45303,49.53252,2
169221,4.45338,49.53231,2
169222,4.45357,49.53199,2
169223,4.4399,49.54129,2
169224,4.45683,49.53936,2
169225,4.4537,49.53207,2
169226,4.45402,49.53183,2
169227,4.45434,49.53159,2
169228,4.46403,49.52599,2
169229,4.46336,49.52622,2
169230,4.46403,49.52599,2
169231,4.46403,49.52599,2
169232,4.44885,49.5332,2
169233,4.463471,49.526156,2
169234,4.46574,49.5253,2
169235,4.46565,49.5252,2
169236,4.46403,49.52599,2
169237,4.46403,49.52599,2
169238,4.415433,49.532536,2
169239,4.45149,49.53489,2
169240,4.45149,49.53489,2
169241,4.44768,49.53427,2
169242,4.4399,49.54129,2
169243,4.45149,49.53489,2
169244,4.4399,49.54129,2
169245,4.44768,49.53427,2
169246,4.4399,49.54129,2
169247,4.44768,49.53427,2
169248,4.45149,49.53489,2
169249,4.44856,49.53542,2
169250,4.4399,49.54129,2
169251,4.45149,49.53489,2
169252,4.45149,49.53489,2
169253,4.45149,49.53489,2
169254,4.45149,49.53489,2
169255,4.44835,49.53564,2
169256,4.4479,49.53626,2
169257,4.4479,49.53626,2
169258,4.45149,49.53489,2
169259,4.44794,49.53725,2
169260,4.427119,49.539801,2
169261,4.45122,49.5391,2
169262,4.45122,49.5391,2
169263,4.45594,49.53918,2
169264,4.44794,49.53725,2
169265,4.44794,49.53725,2
169266,4.44794,49.53725,2
169267,4.44794,49.53725,2
169268,4.44794,49.53725,2
169269,4.44794,49.53725,2
169270,4.44794,49.53725,2
169271,4.45213,49.53999,2
169272,4.44794,49.53725,2
169273,4.44794,49.53725,2
169274,4.44794,49.53725,2
169275,4.44794,49.53725,2
169276,4.44794,49.53725,2
169277,4.44794,49.53725,2
169278,4.45019,49.5382,2
169279,4.43886,49.54586,2
169280,4.45204,49.53989,2
169281,4.45204,49.53989,2
169282,4.45149,49.53489,2
169283,4.45149,49.53489,2
169284,4.44442,49.53845,2
169285,4.44779,49.53875,2
169286,4.453531,49.538793,2
169287,4.4541,49.5316,2
169288,4.45149,49.53489,2
169289,4.45149,49.53489,2
169290,4.43886,49.54586,2
169291,4.43886,49.54586,2
169292,4.43886,49.54586,2
169293,4.43886,49.54586,2
169294,4.43886,49.54586,2
169295,4.45149,49.53489,2
169296,4.84561,49.65298,2
169297,4.84462,49.65326,2
169298,4.84682,49.6513,2
169299,4.84507,49.653538,2
169300,4.84682,49.6513,2
169301,4.84682,49.6513,2
169302,4.84682,49.6513,2
169303,4.84645,49.652333,2
169304,4.84682,49.6513,2
169305,4.84561,49.65298,2
169306,4.84561,49.65298,2
169307,4.84682,49.6513,2
169308,4.84634,49.65154,2
169309,4.84682,49.6513,2
169310,4.84625,49.65167,2
169311,4.845851,49.651698,2
169312,4.84583,49.6516,2
169313,4.84557,49.65175,2
169314,4.84471,49.65208,2
169315,4.845069,49.65184,2
169316,4.842219,49.648179,2
169317,4.84561,49.65298,2
169318,4.84561,49.65298,2
169319,4.841361,49.648188,2
169320,4.853751,49.650528,2
169321,4.84358,49.65319,2
169322,4.84521,49.65322,2
169323,4.85607,49.65655,2
169324,4.84561,49.65298,2
169325,4.84561,49.65298,2
169326,4.84608,49.65294,2
169327,4.84561,49.65298,2
169328,4.84561,49.65298,2
169329,4.84561,49.65298,2
169330,4.84561,49.65298,2
169331,4.841818,49.648188,2
169332,4.84782,49.65124,2
169333,4.84782,49.65124,2
169334,4.84682,49.6513,2
169335,4.84682,49.6513,2
169336,4.84682,49.6513,2
169337,4.84513,49.6536,2
169338,4.849233,49.652931,2
169339,4.85535,49.65592,2
169340,4.84561,49.65298,2
169341,4.847994,49.652498,2
169342,4.85535,49.65592,2
169343,4.84561,49.65298,2
169344,4.846888,49.6528,2
169345,4.84561,49.65298,2
169346,4.84609,49.65282,2
169347,4.84628,49.65289,2
169348,4.84811,49.65243,2
169349,4.84561,49.65298,2
169350,4.85535,49.65592,2
169351,4.85535,49.65592,2
169352,4.85535,49.65592,2
169353,4.85535,49.65592,2
169354,4.85535,49.65592,2
169355,4.84561,49.65298,2
169356,4.85535,49.65592,2
169357,4.84561,49.65298,2
169358,4.84624,49.65278,2
169359,4.84594,49.65285,2
169360,4.84557,49.653007,2
169361,4.84588,49.65299,2
169362,4.84568,49.65305,2
169363,4.84561,49.65298,2
169364,4.84563,49.65293,2
169365,4.84561,49.65298,2
169366,4.84561,49.65298,2
169367,4.84533,49.65301,2
169368,4.84521,49.65322,2
169369,4.84513,49.6536,2
169370,4.84509,49.65337,2
169371,4.84561,49.65298,2
169372,4.84561,49.65298,2
169373,4.84376,49.65322,2
169374,4.84339,49.65316,2
169375,4.84371,49.65309,2
169376,4.84462,49.65326,2
169377,4.84561,49.65298,2
169378,4.93783,49.68236,2
169379,4.93342,49.69032,2
169380,4.939,49.68887,2
169381,4.93744,49.69001,2
169382,4.93342,49.69032,2
169383,4.93342,49.69032,2
169384,4.93342,49.69032,2
169385,4.93342,49.69032,2
169386,4.93342,49.69032,2
169387,4.93293,49.69038,2
169388,4.93314,49.69063,2
169389,4.93278,49.69082,2
169390,4.93258,49.69041,2
169391,4.93291,49.69025,2
169392,4.93324,49.69009,2
169393,4.93359,49.68991,2
169394,4.93396,49.68971,2
169395,4.9344,49.68959,2
169396,4.93342,49.69032,2
169397,4.94094,49.68545,2
169398,4.93931,49.68831,2
169399,4.939966,49.687342,2
169400,4.94024,49.68727,2
169401,4.94017,49.68724,2
169402,4.93948,49.68678,2
169403,4.94021,49.68689,2
169404,4.94002,49.68653,2
169405,4.93984,49.68653,2
169406,4.93994,49.68678,2
169407,4.93984,49.68676,2
169408,4.93975,49.68673,2
169409,4.93965,49.6867,2
169410,4.93955,49.68667,2
169411,4.93946,49.68664,2
169412,4.93926,49.68659,2
169413,4.93813,49.68638,2
169414,4.93956,49.68579,2
169415,4.93917,49.68656,2
169416,4.93896,49.68652,2
169417,4.93891,49.68663,2
169418,4.9386,49.68657,2
169419,4.93813,49.68638,2
169420,4.93838,49.68656,2
169421,4.93838,49.68656,2
169422,4.93838,49.68656,2
169423,4.93838,49.68656,2
169424,4.93838,49.68656,2
169425,4.93838,49.68656,2
169426,4.93838,49.68656,2
169427,4.93838,49.68656,2
169428,4.93838,49.68656,2
169429,4.93838,49.68656,2
169430,4.93815,49.68659,2
169431,4.93834,49.68639,2
169432,4.938,49.68629,2
169433,4.93793,49.68661,2
169434,4.93793,49.68661,2
169435,4.93793,49.68661,2
169436,4.93793,49.68661,2
169437,4.9377,49.68664,2
169438,4.9377,49.68664,2
169439,4.9377,49.68664,2
169440,4.9377,49.68664,2
169441,4.9377,49.68664,2
169442,4.9377,49.68664,2
169443,4.93683,49.68705,2
169444,4.93409,49.68561,2
169445,4.93681,49.68689,2
169446,4.9376,49.68642,2
169447,4.93774,49.68619,2
169448,4.93784,49.68566,2
169449,4.93786,49.68584,2
169450,4.94066,49.68674,2
169451,4.94055,49.68691,2
169452,4.94061,49.68683,2
169453,4.94044,49.68678,2
169454,4.94071,49.68665,2
169455,4.94076,49.68657,2
169456,4.94081,49.68648,2
169457,4.94086,49.68639,2
169458,4.94094,49.68545,2
169459,4.94051,49.6838,2
169460,4.941,49.68606,2
169461,4.94102,49.68586,2
169462,4.94069,49.68635,2
169463,4.94094,49.68545,2
169464,4.94085,49.6858,2
169465,4.94094,49.68545,2
169466,4.94085,49.68557,2
169467,4.94028,49.68369,2
169468,4.94102,49.68545,2
169469,4.94101,49.68525,2
169470,4.941,49.68505,2
169471,4.94099,49.68485,2
169472,4.94017,49.68724,2
169473,4.94094,49.68545,2
169474,4.94066,49.68384,2
169475,4.94083,49.6851,2
169476,4.94084,49.68534,2
169477,4.9409,49.68534,2
169478,4.9409,49.68534,2
169479,4.9409,49.68534,2
169480,4.9409,49.68534,2
169481,4.9409,49.68534,2
169482,4.9409,49.68534,2
169483,4.9409,49.68534,2
169484,4.941,49.68493,2
169485,4.94013,49.68608,2
169486,4.94057,49.68604,2
169487,4.94057,49.68604,2
169488,4.93984,49.68653,2
169489,4.93921,49.68551,2
169490,4.93942,49.68571,2
169491,4.93916,49.68557,2
169492,4.9389,49.68543,2
169493,4.93908,49.68537,2
169494,4.93602,49.68098,2
169495,4.93602,49.68098,2
169496,4.94032,49.68461,2
169497,4.93947,49.68558,2
169498,4.9396,49.68564,2
169499,4.93989,49.6854,2
169500,4.94017,49.68516,2
169501,4.94046,49.68492,2
169502,4.94003,49.68528,2
169503,4.94043,49.68486,2
169504,4.94022,49.68472,2
169505,4.94022,49.68472,2
169506,4.94002,49.68458,2
169507,4.93984,49.68442,2
169508,4.93967,49.68426,2
169509,4.93951,49.6841,2
169510,4.93934,49.68394,2
169511,4.93918,49.68377,2
169512,4.93918,49.68377,2
169513,4.93918,49.68377,2
169514,4.93918,49.68377,2
169515,4.93918,49.68377,2
169516,4.93934,49.68372,2
169517,4.93952,49.6839,2
169518,4.9399,49.68427,2
169519,4.94008,49.68445,2
169520,4.94083,49.68467,2
169521,4.94112,49.68446,2
169522,4.94101,49.68469,2
169523,4.94124,49.68423,2
169524,4.94132,49.68411,2
169525,4.94139,49.68398,2
169526,4.94147,49.68385,2
169527,4.94142,49.68361,2
169528,4.94155,49.68372,2
169529,4.94163,49.68359,2
169530,4.94171,49.68346,2
169531,4.94178,49.68333,2
169532,4.94186,49.6832,2
169533,4.94186,49.6832,2
169534,4.94194,49.68308,2
169535,4.94207,49.68287,2
169536,4.94207,49.68255,2
169537,4.94181,49.68274,2
169538,4.94207,49.68255,2
169539,4.94222,49.6823,2
169540,4.94222,49.6823,2
169541,4.94241,49.68198,2
169542,4.94222,49.6823,2
169543,4.94266,49.68156,2
169544,4.9429,49.68115,2
169545,4.9432,49.68096,2
169546,4.94276,49.67932,2
169547,4.94339,49.68031,2
169548,4.94482,49.67793,2
169549,4.94365,49.67969,2
169550,4.94276,49.67932,2
169551,4.935541,49.689656,2
169552,4.94307,49.6795,2
169553,4.94278,49.67927,2
169554,4.94094,49.68545,2
169555,4.94322,49.67942,2
169556,4.939,49.68887,2
169557,4.94235,49.67913,2
169558,4.93342,49.69032,2
169559,4.93342,49.69032,2
169560,4.94248,49.6793,2
169561,4.94219,49.67921,2
169562,4.9377,49.68664,2
169563,4.9419,49.67911,2
169564,4.94191,49.67898,2
169565,4.93813,49.68638,2
169566,4.94146,49.67884,2
169567,4.94055,49.68477,2
169568,4.94055,49.68477,2
169569,4.94131,49.67892,2
169570,4.94047,49.68317,2
169571,4.94108,49.68226,2
169572,4.94031,49.68326,2
169573,4.9416,49.67901,2
169574,4.94027,49.68343,2
169575,4.94144,49.68255,2
169576,4.93938,49.68355,2
169577,4.936202,49.68116,2
169578,4.9409,49.68212,2
169579,4.93446,49.68025,2
169580,4.94072,49.68198,2
169581,4.94054,49.68184,2
169582,4.94066,49.68166,2
169583,4.94198,49.68285,2
169584,4.94033,49.68171,2
169585,4.9399,49.68149,2
169586,4.932148,49.679045,2
169587,4.93984,49.68161,2
169588,4.9405,49.68199,2
169589,4.94086,49.68227,2
169590,4.94121,49.68255,2
169591,4.94143,49.68274,2
169592,4.94111,49.68281,2
169593,4.94127,49.68272,2
169594,4.94095,49.6829,2
169595,4.94079,49.68299,2
169596,4.94166,49.68292,2
169597,4.94122,49.6829,2
169598,4.94103,49.683,2
169599,4.94116,49.68404,2
169600,4.94084,49.68311,2
169601,4.94065,49.68322,2
169602,4.94046,49.68332,2
169603,4.94063,49.68308,2
169604,4.94047,49.68317,2
169605,4.94014,49.68335,2
169606,4.93985,49.68344,2
169607,4.93985,49.68344,2
169608,4.93858,49.68311,2
169609,4.93734,49.68192,2
169610,4.94211,49.682695,2
169611,4.9382,49.68274,2
169612,4.94013,49.68354,2
169613,4.94028,49.68369,2
169614,4.94044,49.68383,2
169615,4.9406,49.68398,2
169616,4.94077,49.68412,2
169617,4.94066,49.68384,2
169618,4.93383,49.68993,2
169619,4.93356,49.69007,2
169620,4.93409,49.68979,2
169621,4.93441,49.68971,2
169622,4.9344,49.68959,2
169623,4.93418,49.68965,2
169624,4.93396,49.68971,2
169625,4.93378,49.68981,2
169626,4.93359,49.68991,2
169627,4.93341,49.69,2
169628,4.93324,49.69009,2
169629,4.93307,49.69017,2
169630,4.93291,49.69025,2
169631,4.93274,49.69033,2
169632,4.93258,49.69041,2
169633,4.93241,49.69049,2
169634,4.9326,49.69054,2
169635,4.93293,49.69038,2
169636,4.93326,49.69022,2
169637,4.94278,49.67927,2
169638,4.93314,49.69063,2
169639,4.94278,49.67927,2
169640,4.93296,49.69073,2
169641,4.93278,49.69082,2
169642,4.93838,49.68656,2
169643,4.94278,49.6794,2
169644,4.94315,49.68073,2
169645,4.93878,49.6891,2
169646,4.70542,49.87975,2
169647,4.704825,49.88259,2
169648,4.70565,49.87905,2
169649,4.70461,49.88014,2
169650,4.70524,49.88007,2
169651,4.70535,49.88,2
169652,4.70542,49.87975,2
169653,4.70552,49.87798,2
169654,4.70542,49.87762,2
169655,4.70565,49.87905,2
169656,4.70565,49.87905,2
169657,4.70495,49.88176,2
169658,4.70599,49.87955,2
169659,4.74661,49.82157,2
169660,4.7456,49.82019,2
169661,4.7428,49.81521,2
169662,4.742,49.81563,2
169663,4.74354,49.81677,2
169664,4.743197,49.816665,2
169665,4.7455,49.81504,2
169666,4.74306,49.8168,2
169667,4.74267,49.81713,2
169668,4.74267,49.81713,2
169669,4.74509,49.81521,2
169670,4.74331,49.81593,2
169671,4.74369,49.81702,2
169672,4.7431,49.81579,2
169673,4.74329,49.81642,2
169674,4.74313,49.81731,2
169675,4.74306,49.81747,2
169676,4.74354,49.81677,2
169677,4.74567,49.81297,2
169678,4.74567,49.81297,2
169679,4.74567,49.81297,2
169680,4.74989,49.81377,2
169681,4.75592,49.81636,2
169682,4.74511,49.81307,2
169683,4.7486,49.8127,2
169684,4.75265,49.81485,2
169685,4.75592,49.81636,2
169686,4.75723,49.8171,2
169687,4.75592,49.81636,2
169688,4.41109,49.7106,2
169689,4.42242,49.69052,2
169690,4.42242,49.69052,2
169691,4.426721,49.716912,2
169692,4.41109,49.7106,2
169693,4.41879,49.69827,2
169694,4.411035,49.71004,2
169695,4.432564,49.696257,2
169696,4.432564,49.696257,2
169697,4.432564,49.696257,2
169698,4.432564,49.696257,2
169699,4.432564,49.696257,2
169700,4.423052,49.695639,2
169701,4.42242,49.69052,2
169702,4.42242,49.69052,2
169703,4.42152,49.69595,2
169704,4.44667,49.69444,2
169705,4.40274,49.70414,2
169706,4.44193,49.69824,2
169707,4.41109,49.7106,2
169708,4.3979,49.67121,2
169709,4.41494,49.69595,2
169710,4.72441,50.08495,2
169711,4.72441,50.08472,2
169712,4.72477,50.08304,2
169713,4.72275,50.08433,2
169714,4.72172,50.08338,2
169715,4.72312,50.08417,2
169716,4.72334,50.08417,2
169717,4.72238,50.0794,2
169718,4.713183,50.087914,2
169719,4.72499,50.08685,2
169720,4.72474,50.08602,2
169721,4.72522,50.08125,2
169722,4.72455,50.08592,2
169723,4.72416,50.08506,2
169724,4.72455,50.08384,2
169725,4.72459,50.08279,2
169726,4.72416,50.08506,2
169727,4.72459,50.08279,2
169728,4.72498,50.08214,2
169729,4.72501,50.08189,2
169730,4.72505,50.08152,2
169731,4.72413,50.0747,2
169732,4.72511,50.08123,2
169733,4.72563,50.07915,2
169734,4.71871,50.08065,2
169735,4.71598,50.07615,2
169736,4.71607,50.07701,2
169737,4.71629,50.07449,2
169738,4.72511,50.08123,2
169739,4.72449,50.07688,2
169740,4.72511,50.08036,2
169741,4.72455,50.08588,2
169742,4.75232,49.42912,2
169743,4.749026,49.429331,2
169744,4.75232,49.42912,2
169745,4.74916,49.43044,2
169746,4.74916,49.43044,2
169747,4.74976,49.42926,2
169748,4.748267,49.429895,2
169749,4.74916,49.43044,2
169750,4.74925,49.42827,2
169751,4.75232,49.42912,2
169752,4.739097,49.428271,2
169753,4.75729,49.42267,2
169754,4.74912,49.43041,2
169755,4.7396,49.42225,2
169756,4.740051,49.421,2
169757,4.75232,49.42912,2
169758,4.74925,49.42827,2
169759,4.88021,49.66601,2
169760,4.884934,49.661673,2
169761,4.88493,49.66211,2
169762,4.88385,49.66454,2
169763,4.88385,49.66454,2
169764,4.88385,49.66454,2
169765,4.88385,49.66454,2
169766,4.88108,49.66432,2
169767,4.88108,49.66432,2
169768,4.8781,49.66606,2
169769,4.87563,49.66709,2
169770,4.86905,49.66694,2
169771,4.86508,49.66754,2
169772,4.87727,49.66639,2
169773,4.8797,49.66619,2
169774,4.44698,49.54018,2
169775,4.45594,49.53918,2
169776,4.4399,49.54129,2
169777,4.44768,49.53427,2
169778,4.43886,49.54586,2
169779,4.44219,49.53691,2
169780,4.44794,49.53725,2
169781,4.44794,49.53725,2
169782,4.44941,49.54031,2
169783,4.44846,49.53963,2
169784,4.44698,49.54018,2
169785,4.44712,49.5398,2
169786,4.44712,49.5398,2
169787,4.44435,49.53848,2
169788,4.44885,49.5332,2
169789,4.46403,49.52599,2
169790,4.45149,49.53489,2
169791,4.44698,49.54018,2
169792,4.44794,49.53725,2
169793,4.84682,49.6513,2
169794,4.84561,49.65298,2
169795,4.846888,49.6528,2
169796,4.85535,49.65592,2
169797,4.84682,49.6513,2
169798,4.84678,49.65118,2
169799,4.839935,49.649305,2
169800,4.93993,49.68585,2
169801,4.93744,49.69001,2
169802,4.93744,49.69001,2
169803,4.93342,49.69032,2
169804,4.93446,49.68025,2
169805,4.93342,49.69032,2
169806,4.93838,49.68656,2
169807,4.93446,49.68025,2
169808,4.93342,49.69032,2
169809,4.93813,49.68638,2
169810,4.93409,49.68979,2
169811,4.93813,49.68638,2
169812,4.93804,49.68594,2
169813,4.94101,49.68598,2
169814,4.9409,49.68534,2
169815,4.9408,49.68487,2
169816,4.93993,49.68585,2
169817,4.93921,49.68551,2
169818,4.94101,49.68469,2
169819,4.94198,49.68285,2
169820,4.94181,49.68274,2
169821,4.93744,49.69001,2
169822,4.93342,49.69032,2
