"ID","Longitude","Latitude","ServiceTime (min)"
169823,4.72251,49.75823,2
169824,4.72251,49.75823,2
169825,4.72251,49.75823,2
169826,4.72251,49.75823,2
169827,4.72315,49.75811,2
169828,4.72315,49.75811,2
169829,4.72315,49.75811,2
169830,4.72382,49.75806,2
169831,4.72382,49.75806,2
169832,4.72382,49.75806,2
169833,4.72382,49.75806,2
169834,4.7244,49.75807,2
169835,4.7244,49.75807,2
169836,4.72486,49.75813,2
169837,4.72486,49.75813,2
169838,4.72486,49.75813,2
169839,4.72486,49.75813,2
169840,4.72486,49.75813,2
169841,4.72251,49.75823,2
169842,4.72251,49.75823,2
169843,4.72251,49.75823,2
169844,4.72251,49.75823,2
169845,4.72251,49.75823,2
169846,4.72251,49.75823,2
169847,4.72251,49.75823,2
169848,4.72251,49.75823,2
169849,4.72251,49.75823,2
169850,4.72251,49.75823,2
169851,4.72251,49.75823,2
169852,4.72251,49.75823,2
169853,4.72251,49.75823,2
169854,4.72251,49.75823,2
169855,4.72251,49.75823,2
169856,4.72251,49.75823,2
169857,4.72251,49.75823,2
169858,4.72251,49.75823,2
169859,4.72251,49.75823,2
169860,4.72251,49.75823,2
169861,4.72251,49.75823,2
169862,4.72251,49.75823,2
169863,4.72251,49.75823,2
169864,4.72251,49.75823,2
169865,4.72251,49.75823,2
169866,4.72251,49.75823,2
169867,4.72251,49.75823,2
169868,4.72251,49.75823,2
169869,4.72251,49.75823,2
169870,4.72251,49.75823,2
169871,4.72251,49.75823,2
169872,4.72251,49.75823,2
169873,4.72251,49.75823,2
169874,4.72251,49.75823,2
169875,4.72251,49.75823,2
169876,4.72251,49.75823,2
169877,4.72251,49.75823,2
169878,4.72251,49.75823,2
169879,4.72251,49.75823,2
169880,4.72251,49.75823,2
169881,4.72251,49.75823,2
169882,4.72251,49.75823,2
169883,4.72251,49.75823,2
169884,4.72251,49.75823,2
169885,4.72251,49.75823,2
169886,4.72251,49.75823,2
169887,4.72251,49.75823,2
169888,4.72251,49.75823,2
169889,4.72251,49.75823,2
169890,4.72251,49.75823,2
169891,4.72251,49.75823,2
169892,4.72251,49.75823,2
169893,4.72251,49.75823,2
169894,4.72251,49.75823,2
169895,4.72251,49.75823,2
169896,4.72315,49.75811,2
169897,4.72315,49.75811,2
169898,4.72315,49.75811,2
169899,4.72315,49.75811,2
169900,4.72315,49.75811,2
169901,4.72315,49.75811,2
169902,4.72315,49.75811,2
169903,4.72315,49.75811,2
169904,4.72315,49.75811,2
169905,4.72315,49.75811,2
169906,4.72315,49.75811,2
169907,4.72315,49.75811,2
169908,4.72315,49.75811,2
169909,4.72315,49.75811,2
169910,4.72315,49.75811,2
169911,4.72315,49.75811,2
169912,4.72315,49.75811,2
169913,4.72315,49.75811,2
169914,4.72315,49.75811,2
169915,4.72315,49.75811,2
169916,4.72315,49.75811,2
169917,4.72315,49.75811,2
169918,4.72315,49.75811,2
169919,4.72315,49.75811,2
169920,4.72315,49.75811,2
169921,4.72315,49.75811,2
169922,4.72315,49.75811,2
169923,4.72315,49.75811,2
169924,4.72315,49.75811,2
169925,4.72315,49.75811,2
169926,4.72315,49.75811,2
169927,4.72315,49.75811,2
169928,4.72315,49.75811,2
169929,4.72315,49.75811,2
169930,4.72315,49.75811,2
169931,4.72315,49.75811,2
169932,4.72315,49.75811,2
169933,4.72315,49.75811,2
169934,4.72315,49.75811,2
169935,4.72315,49.75811,2
169936,4.72315,49.75811,2
169937,4.72315,49.75811,2
169938,4.72315,49.75811,2
169939,4.72315,49.75811,2
169940,4.72315,49.75811,2
169941,4.72315,49.75811,2
169942,4.72315,49.75811,2
169943,4.72315,49.75811,2
169944,4.72315,49.75811,2
169945,4.72315,49.75811,2
169946,4.72315,49.75811,2
169947,4.72315,49.75811,2
169948,4.72315,49.75811,2
169949,4.72315,49.75811,2
169950,4.72315,49.75811,2
169951,4.72382,49.75806,2
169952,4.72382,49.75806,2
169953,4.72382,49.75806,2
169954,4.72382,49.75806,2
169955,4.72382,49.75806,2
169956,4.72382,49.75806,2
169957,4.72382,49.75806,2
169958,4.72382,49.75806,2
169959,4.72382,49.75806,2
169960,4.72382,49.75806,2
169961,4.72382,49.75806,2
169962,4.72382,49.75806,2
169963,4.72382,49.75806,2
169964,4.72382,49.75806,2
169965,4.72382,49.75806,2
169966,4.72382,49.75806,2
169967,4.72382,49.75806,2
169968,4.72382,49.75806,2
169969,4.72382,49.75806,2
169970,4.72382,49.75806,2
169971,4.72382,49.75806,2
169972,4.72382,49.75806,2
169973,4.72382,49.75806,2
169974,4.72382,49.75806,2
169975,4.72382,49.75806,2
169976,4.72382,49.75806,2
169977,4.72382,49.75806,2
169978,4.72382,49.75806,2
169979,4.72382,49.75806,2
169980,4.72382,49.75806,2
169981,4.72382,49.75806,2
169982,4.72382,49.75806,2
169983,4.72382,49.75806,2
169984,4.72382,49.75806,2
169985,4.72382,49.75806,2
169986,4.72382,49.75806,2
169987,4.72382,49.75806,2
169988,4.72382,49.75806,2
169989,4.72382,49.75806,2
169990,4.72382,49.75806,2
169991,4.72382,49.75806,2
169992,4.72382,49.75806,2
169993,4.72382,49.75806,2
169994,4.72382,49.75806,2
169995,4.72382,49.75806,2
169996,4.72382,49.75806,2
169997,4.72382,49.75806,2
169998,4.72382,49.75806,2
169999,4.72382,49.75806,2
170000,4.72382,49.75806,2
170001,4.72382,49.75806,2
170002,4.72382,49.75806,2
170003,4.72382,49.75806,2
170004,4.72382,49.75806,2
170005,4.72382,49.75806,2
170006,4.72486,49.75813,2
170007,4.72486,49.75813,2
170008,4.72486,49.75813,2
170009,4.72486,49.75813,2
170010,4.72486,49.75813,2
170011,4.72486,49.75813,2
170012,4.72486,49.75813,2
170013,4.72486,49.75813,2
170014,4.72486,49.75813,2
170015,4.72486,49.75813,2
170016,4.72486,49.75813,2
170017,4.72486,49.75813,2
170018,4.72486,49.75813,2
170019,4.72486,49.75813,2
170020,4.72486,49.75813,2
170021,4.72486,49.75813,2
170022,4.72486,49.75813,2
170023,4.72486,49.75813,2
170024,4.72486,49.75813,2
170025,4.72486,49.75813,2
170026,4.72486,49.75813,2
170027,4.72486,49.75813,2
170028,4.72486,49.75813,2
170029,4.72486,49.75813,2
170030,4.72486,49.75813,2
170031,4.72486,49.75813,2
170032,4.72486,49.75813,2
170033,4.72486,49.75813,2
170034,4.72486,49.75813,2
170035,4.72486,49.75813,2
170036,4.72486,49.75813,2
170037,4.72486,49.75813,2
170038,4.72486,49.75813,2
170039,4.72486,49.75813,2
170040,4.72486,49.75813,2
170041,4.72486,49.75813,2
170042,4.72486,49.75813,2
170043,4.72486,49.75813,2
170044,4.72486,49.75813,2
170045,4.72486,49.75813,2
170046,4.72486,49.75813,2
170047,4.72486,49.75813,2
170048,4.72486,49.75813,2
170049,4.72486,49.75813,2
170050,4.72486,49.75813,2
170051,4.72486,49.75813,2
170052,4.72486,49.75813,2
170053,4.72486,49.75813,2
170054,4.72486,49.75813,2
170055,4.72486,49.75813,2
170056,4.72486,49.75813,2
170057,4.72486,49.75813,2
170058,4.72486,49.75813,2
170059,4.72486,49.75813,2
170060,4.72486,49.75813,2
170061,4.7244,49.75807,2
170062,4.7244,49.75807,2
170063,4.7244,49.75807,2
170064,4.7244,49.75807,2
170065,4.7244,49.75807,2
170066,4.7244,49.75807,2
170067,4.7244,49.75807,2
170068,4.7244,49.75807,2
170069,4.7244,49.75807,2
170070,4.7244,49.75807,2
170071,4.7244,49.75807,2
170072,4.7244,49.75807,2
170073,4.7244,49.75807,2
170074,4.7244,49.75807,2
170075,4.7244,49.75807,2
170076,4.7244,49.75807,2
170077,4.7244,49.75807,2
170078,4.7244,49.75807,2
170079,4.7244,49.75807,2
170080,4.7244,49.75807,2
170081,4.7244,49.75807,2
170082,4.7244,49.75807,2
170083,4.7244,49.75807,2
170084,4.7244,49.75807,2
170085,4.7244,49.75807,2
170086,4.7244,49.75807,2
170087,4.7244,49.75807,2
170088,4.7244,49.75807,2
170089,4.7244,49.75807,2
170090,4.7244,49.75807,2
170091,4.7244,49.75807,2
170092,4.7244,49.75807,2
170093,4.7244,49.75807,2
170094,4.7244,49.75807,2
170095,4.7244,49.75807,2
170096,4.7244,49.75807,2
170097,4.7244,49.75807,2
170098,4.7244,49.75807,2
170099,4.7244,49.75807,2
170100,4.7244,49.75807,2
170101,4.7244,49.75807,2
170102,4.7244,49.75807,2
170103,4.7244,49.75807,2
170104,4.7244,49.75807,2
170105,4.7244,49.75807,2
170106,4.7244,49.75807,2
170107,4.7244,49.75807,2
170108,4.7244,49.75807,2
170109,4.7244,49.75807,2
170110,4.7244,49.75807,2
170111,4.7244,49.75807,2
170112,4.7244,49.75807,2
170113,4.7244,49.75807,2
170114,4.7244,49.75807,2
170115,4.7244,49.75807,2
170116,4.71815,49.76008,2
170117,4.71758,49.76059,2
170118,4.71758,49.76059,2
170119,4.71758,49.76059,2
170120,4.71753,49.76059,2
170121,4.71747,49.76059,2
170122,4.71747,49.76059,2
170123,4.71747,49.76059,2
170124,4.71741,49.76057,2
170125,4.71741,49.76057,2
170126,4.71741,49.76057,2
170127,4.71741,49.76057,2
170128,4.71884,49.76014,2
170129,4.71741,49.76057,2
170130,4.71741,49.76057,2
170131,4.71741,49.76057,2
170132,4.71836,49.75997,2
170133,4.71836,49.75997,2
170134,4.71726,49.76056,2
170135,4.71726,49.76056,2
170136,4.71726,49.76056,2
170137,4.71699,49.76058,2
170138,4.71817,49.76044,2
170139,4.71884,49.76014,2
170140,4.71699,49.76058,2
170141,4.71824,49.75985,2
170142,4.71692,49.76062,2
170143,4.71824,49.75985,2
170144,4.71824,49.75985,2
170145,4.71692,49.76062,2
170146,4.71824,49.76006,2
170147,4.71824,49.76026,2
170148,4.71692,49.76062,2
170149,4.71824,49.76026,2
170150,4.71692,49.76062,2
170151,4.71692,49.76062,2
170152,4.71817,49.76044,2
170153,4.71632,49.76069,2
170154,4.71758,49.76059,2
170155,4.71632,49.76069,2
170156,4.71632,49.76069,2
170157,4.71753,49.76059,2
170158,4.71632,49.76069,2
170159,4.71632,49.76069,2
170160,4.71747,49.76059,2
170161,4.71632,49.76069,2
170162,4.71747,49.76059,2
170163,4.71613,49.76073,2
170164,4.71735,49.76059,2
170165,4.71613,49.76073,2
170166,4.71741,49.76059,2
170167,4.71741,49.76057,2
170168,4.71613,49.76073,2
170169,4.71741,49.76057,2
170170,4.71516,49.76092,2
170171,4.71726,49.76056,2
170172,4.71516,49.76092,2
170173,4.71726,49.76056,2
170174,4.71632,49.76069,2
170175,4.71516,49.76092,2
170176,4.71604,49.76051,2
170177,4.71516,49.76092,2
170178,4.71621,49.76054,2
170179,4.71516,49.76092,2
170180,4.71645,49.76066,2
170181,4.71741,49.76043,2
170182,4.71516,49.76092,2
170183,4.71741,49.76043,2
170184,4.71516,49.76092,2
170185,4.71741,49.76043,2
170186,4.71516,49.76092,2
170187,4.7174,49.76028,2
170188,4.7158,49.76034,2
170189,4.71635,49.76044,2
170190,4.71638,49.76056,2
170191,4.71635,49.76044,2
170192,4.7174,49.76028,2
170193,4.71738,49.76014,2
170194,4.7162,49.7605,2
170195,4.7162,49.7605,2
170196,4.71737,49.75988,2
170197,4.71761,49.75981,2
170198,4.7162,49.7605,2
170199,4.71804,49.75981,2
170200,4.7162,49.7605,2
170201,4.7162,49.7605,2
170202,4.7158,49.76034,2
170203,4.7158,49.76034,2
170204,4.7158,49.76034,2
170205,4.7158,49.76034,2
170206,4.7158,49.76034,2
170207,4.7158,49.76034,2
170208,4.7158,49.76034,2
170209,4.7158,49.76034,2
170210,4.7158,49.76034,2
170211,4.7158,49.76034,2
170212,4.7158,49.76034,2
170213,4.7158,49.76034,2
170214,4.71604,49.76051,2
170215,4.71604,49.76051,2
170216,4.71604,49.76051,2
170217,4.71621,49.76054,2
170218,4.71621,49.76054,2
170219,4.71621,49.76054,2
170220,4.71621,49.76054,2
170221,4.71621,49.76054,2
170222,4.71638,49.76056,2
170223,4.71741,49.76057,2
170224,4.71638,49.76056,2
170225,4.71638,49.76056,2
170226,4.71638,49.76056,2
170227,4.71638,49.76056,2
170228,4.71644,49.76065,2
170229,4.71644,49.76065,2
170230,4.71741,49.76043,2
170231,4.71741,49.76043,2
170232,4.71741,49.76043,2
170233,4.71741,49.76043,2
170234,4.71741,49.76043,2
170235,4.71737,49.75988,2
170236,4.71741,49.76043,2
170237,4.71741,49.76043,2
170238,4.71741,49.76043,2
170239,4.71741,49.76043,2
170240,4.71741,49.76043,2
170241,4.7174,49.76028,2
170242,4.7174,49.76028,2
170243,4.7174,49.76028,2
170244,4.71699,49.76058,2
170245,4.71738,49.76014,2
170246,4.7174,49.76028,2
170247,4.71738,49.76014,2
170248,4.71738,49.76014,2
170249,4.71738,49.76014,2
170250,4.71737,49.75999,2
170251,4.71817,49.76044,2
170252,4.71737,49.75999,2
170253,4.71737,49.75999,2
170254,4.71737,49.75988,2
170255,4.71737,49.75988,2
170256,4.71737,49.75979,2
170257,4.71737,49.75979,2
170258,4.71737,49.75979,2
170259,4.71737,49.75979,2
170260,4.71737,49.75979,2
170261,4.71737,49.75979,2
170262,4.71737,49.75979,2
170263,4.71737,49.75979,2
170264,4.71739,49.75981,2
170265,4.71739,49.75981,2
170266,4.71739,49.75981,2
170267,4.71739,49.75981,2
170268,4.71739,49.75981,2
170269,4.71739,49.75981,2
170270,4.71761,49.75981,2
170271,4.71761,49.75981,2
170272,4.71761,49.75981,2
170273,4.71761,49.75981,2
170274,4.71761,49.75981,2
170275,4.71753,49.76059,2
170276,4.71782,49.75981,2
170277,4.71782,49.75981,2
170278,4.71782,49.75981,2
170279,4.71782,49.75981,2
170280,4.71782,49.75981,2
170281,4.71804,49.75981,2
170282,4.71804,49.75981,2
170283,4.71804,49.75981,2
170284,4.71804,49.75981,2
170285,4.71824,49.76006,2
170286,4.71824,49.76026,2
170287,4.71758,49.76059,2
170288,4.71758,49.76059,2
170289,4.71758,49.76059,2
170290,4.71758,49.76059,2
170291,4.71758,49.76059,2
170292,4.71758,49.76059,2
170293,4.71817,49.76044,2
170294,4.71817,49.76044,2
170295,4.71836,49.75997,2
170296,4.71817,49.76044,2
170297,4.71836,49.75997,2
170298,4.71836,49.75997,2
170299,4.71824,49.75985,2
170300,4.71815,49.76008,2
170301,4.71824,49.75985,2
170302,4.71824,49.75985,2
170303,4.71824,49.75985,2
170304,4.71824,49.75985,2
170305,4.71824,49.75985,2
170306,4.71824,49.75985,2
170307,4.71824,49.75985,2
170308,4.71824,49.75985,2
170309,4.71824,49.75985,2
170310,4.71824,49.75985,2
170311,4.71824,49.75985,2
170312,4.71824,49.75985,2
170313,4.71824,49.75985,2
170314,4.71824,49.75985,2
170315,4.71824,49.75985,2
170316,4.71824,49.76006,2
170317,4.71824,49.76006,2
170318,4.71824,49.76006,2
170319,4.71824,49.76006,2
170320,4.71824,49.76006,2
170321,4.71824,49.76006,2
170322,4.71824,49.76006,2
170323,4.71824,49.76006,2
170324,4.71824,49.76006,2
170325,4.71824,49.76026,2
170326,4.71824,49.76026,2
170327,4.71824,49.76026,2
170328,4.71824,49.76026,2
170329,4.71824,49.76026,2
170330,4.71824,49.76026,2
170331,4.71824,49.76026,2
170332,4.71817,49.76044,2
170333,4.71817,49.76044,2
170334,4.71817,49.76044,2
170335,4.71817,49.76044,2
170336,4.71817,49.76044,2
170337,4.71817,49.76044,2
170338,4.71817,49.76044,2
170339,4.71817,49.76044,2
170340,4.71817,49.76044,2
170341,4.71817,49.76044,2
170342,4.39915,49.64433,2
170343,4.409332,49.651801,2
170344,4.4168,49.65668,2
170345,4.4168,49.65668,2
170346,4.4014,49.64494,2
170347,4.39793,49.644944,2
170348,4.40114,49.64564,2
170349,4.404662,49.648225,2
170350,4.4168,49.65668,2
170351,4.4168,49.65668,2
170352,4.4168,49.65668,2
170353,4.4168,49.65668,2
170354,4.4168,49.65668,2
170355,4.404872,49.648616,2
170356,4.404557,49.648011,2
170357,4.404677,49.648251,2
170358,4.404222,49.647253,2
170359,4.404222,49.647253,2
170360,4.403651,49.64649,2
170361,4.404267,49.647342,2
170362,4.404117,49.647066,2
170363,4.403696,49.64657,2
170364,4.403609,49.646482,2
170365,4.403325,49.646307,2
170366,4.401113,49.645662,2
170367,4.402694,49.646093,2
170368,4.4014,49.64494,2
170369,4.4014,49.64494,2
170370,4.4014,49.64494,2
170371,4.4014,49.64494,2
170372,4.4014,49.64494,2
170373,4.402694,49.646093,2
170374,4.40173,49.645849,2
170375,4.404192,49.647199,2
170376,4.400567,49.6455,2
170377,4.400567,49.6455,2
170378,4.399476,49.645196,2
170379,4.398508,49.64488,2
170380,4.397272,49.645098,2
170381,4.39721,49.64584,2
170382,4.39742,49.64447,2
170383,4.39742,49.64447,2
170384,4.39742,49.64447,2
170385,4.39742,49.64447,2
170386,4.39742,49.64447,2
170387,4.39742,49.64447,2
170388,4.395962,49.642812,2
170389,4.39776,49.643832,2
170390,4.397333,49.643516,2
170391,4.397021,49.643333,2
170392,4.395962,49.642812,2
170393,4.4014,49.64494,2
170394,4.396441,49.643028,2
170395,4.397775,49.643841,2
170396,4.368229,49.749984,2
170397,4.3729,49.749969,2
170398,4.369924,49.747647,2
170399,4.37022,49.74852,2
170400,4.373239,49.748741,2
170401,4.375012,49.749736,2
170402,4.37519,49.7503,2
170403,4.39747,49.75226,2
170404,4.376044,49.750572,2
170405,4.374335,49.750484,2
170406,4.37571,49.74947,2
170407,4.375789,49.74975,2
170408,4.38081,49.74466,2
170409,4.38397,49.742542,2
170410,4.38081,49.74466,2
170411,4.370363,49.744397,2
170412,4.368828,49.750064,2
170413,4.3729,49.749969,2
170414,4.3729,49.749969,2
170415,4.3729,49.749969,2
170416,4.3729,49.749969,2
170417,4.372359,49.749268,2
170418,4.372359,49.749268,2
170419,4.37022,49.74852,2
170420,4.370887,49.749212,2
170421,4.372272,49.749162,2
170422,4.37022,49.74852,2
170423,4.37022,49.74852,2
170424,4.37457,49.749788,2
170425,4.37457,49.749788,2
170426,4.374074,49.749841,2
170427,4.374074,49.749841,2
170428,4.374074,49.749841,2
170429,4.375012,49.749736,2
170430,4.37571,49.74947,2
170431,4.37571,49.74947,2
170432,4.39747,49.75226,2
170433,4.376154,49.750202,2
170434,4.39747,49.75226,2
170435,4.373494,49.749905,2
170436,4.375468,49.750725,2
170437,4.374335,49.750484,2
170438,4.37519,49.7503,2
170439,4.374349,49.750483,2
170440,4.37519,49.7503,2
170441,4.374335,49.750484,2
170442,4.37022,49.74852,2
170443,4.373555,49.750039,2
170444,4.373555,49.750039,2
170445,4.373555,49.750039,2
170446,4.37459,49.74826,2
170447,4.37359,49.74874,2
170448,4.376019,49.748919,2
170449,4.372606,49.752309,2
170450,4.376019,49.748919,2
170451,4.376019,49.748919,2
170452,4.38081,49.74466,2
170453,4.38081,49.74466,2
170454,4.38081,49.74466,2
170455,4.38081,49.74466,2
170456,4.38081,49.74466,2
170457,4.38081,49.74466,2
170458,4.38081,49.74466,2
170459,4.37571,49.74947,2
170460,4.38081,49.74466,2
170461,4.38081,49.74466,2
170462,4.38081,49.74466,2
170463,4.37519,49.7503,2
170464,4.375494,49.750347,2
170465,4.37571,49.74947,2
170466,4.74893,49.82309,2
170467,4.74647,49.82117,2
170468,4.74647,49.82117,2
170469,4.74713,49.82147,2
170470,4.74928,49.82357,2
170471,4.74799,49.82221,2
170472,4.748679,49.82306,2
170473,4.74794,49.8229,2
170474,4.74837,49.82327,2
170475,4.74862,49.82356,2
170476,4.74839,49.82349,2
170477,4.74875,49.82346,2
170478,4.763278,49.822293,2
170479,4.763405,49.82177,2
170480,4.74882,49.82357,2
170481,4.761179,49.821374,2
170482,4.7489,49.82367,2
170483,4.7489,49.82367,2
170484,4.74882,49.82357,2
170485,4.74887,49.82392,2
170486,4.74905,49.82389,2
170487,4.74922,49.82453,2
170488,4.74905,49.82389,2
170489,4.74924,49.82423,2
170490,4.74939,49.82483,2
170491,4.74957,49.82513,2
170492,4.74974,49.82543,2
170493,4.74944,49.82458,2
170494,4.74964,49.82492,2
170495,4.75002,49.82605,2
170496,4.75017,49.82596,2
170497,4.75028,49.82632,2
170498,4.75087,49.82621,2
170499,4.75106,49.82646,2
170500,4.74661,49.82157,2
170501,4.74799,49.82221,2
170502,4.75067,49.8271,2
170503,4.74799,49.82221,2
170504,4.75124,49.82671,2
170505,4.74713,49.82147,2
170506,4.7527,49.82876,2
170507,4.750535,49.827057,2
170508,4.760741,49.795888,2
170509,4.750535,49.827057,2
170510,4.74799,49.82221,2
170511,4.750535,49.827057,2
170512,4.750535,49.827057,2
170513,4.74799,49.82221,2
170514,4.75258,49.828588,2
170515,4.755031,49.829033,2
170516,4.754518,49.829636,2
170517,4.753259,49.829742,2
170518,4.75193,49.82767,2
170519,4.75055,49.827074,2
170520,4.763278,49.822293,2
170521,4.755031,49.829033,2
170522,4.746233,49.820962,2
170523,4.753259,49.829733,2
170524,4.758141,49.828738,2
170525,4.759308,49.829038,2
170526,4.74799,49.82221,2
170527,4.759079,49.829465,2
170528,4.758979,49.82882,2
170529,4.74799,49.82221,2
170530,4.74799,49.82221,2
170531,4.74821,49.81859,2
170532,4.752385,49.828295,2
170533,4.74799,49.82221,2
170534,4.74548,49.82146,2
170535,4.74548,49.82146,2
170536,4.74799,49.82221,2
170537,4.7466,49.82109,2
170538,4.7466,49.8231,2
170539,4.746155,49.822832,2
170540,4.74629,49.82287,2
170541,4.74629,49.82287,2
170542,4.7461,49.82259,2
170543,4.74592,49.82231,2
170544,4.74517,49.82092,2
170545,4.7459,49.82258,2
170546,4.74673,49.82157,2
170547,4.74566,49.82173,2
170548,4.74653,49.82139,2
170549,4.74555,49.82143,2
170550,4.74543,49.82114,2
170551,4.74543,49.82114,2
170552,4.74532,49.82084,2
170553,4.74521,49.82055,2
170554,4.7572,49.824723,2
170555,4.74521,49.82055,2
170556,4.7451,49.82025,2
170557,4.74548,49.82146,2
170558,4.74548,49.82146,2
170559,4.74548,49.82146,2
170560,4.74548,49.82146,2
170561,4.74548,49.82146,2
170562,4.74548,49.82146,2
170563,4.74661,49.82157,2
170564,4.74696,49.82199,2
170565,4.74679,49.82181,2
170566,4.74722,49.82224,2
170567,4.74799,49.82221,2
170568,4.74799,49.82221,2
170569,4.74629,49.82287,2
170570,4.74548,49.82146,2
170571,4.74548,49.82146,2
170572,4.74548,49.82146,2
170573,4.74548,49.82146,2
170574,4.74799,49.82355,2
170575,4.74799,49.82221,2
170576,4.75068,49.82595,2
170577,4.74629,49.82287,2
170578,4.74629,49.82287,2
170579,4.74661,49.82157,2
170580,4.752692,49.828918,2
170581,4.74548,49.82146,2
170582,4.71538,49.83103,2
170583,4.74905,49.82422,2
170584,4.74772,49.82192,2
170585,4.75011,49.82636,2
170586,4.74693,49.82174,2
170587,4.74693,49.82174,2
170588,4.74693,49.82174,2
170589,4.74693,49.82174,2
170590,4.74693,49.82174,2
170591,4.74548,49.82146,2
170592,4.74693,49.82174,2
170593,4.74693,49.82174,2
170594,4.74693,49.82174,2
170595,4.74693,49.82174,2
170596,4.74693,49.82174,2
170597,4.74683,49.82166,2
170598,4.74683,49.82166,2
170599,4.74683,49.82166,2
170600,4.74683,49.82166,2
170601,4.74683,49.82166,2
170602,4.74683,49.82166,2
170603,4.74683,49.82166,2
170604,4.74683,49.82166,2
170605,4.74683,49.82166,2
170606,4.74683,49.82166,2
170607,4.74673,49.82157,2
170608,4.74673,49.82157,2
170609,4.74673,49.82157,2
170610,4.74673,49.82157,2
170611,4.74673,49.82157,2
170612,4.74673,49.82157,2
170613,4.74673,49.82157,2
170614,4.74673,49.82157,2
170615,4.74673,49.82157,2
170616,4.74673,49.82157,2
170617,4.74548,49.82146,2
170618,4.74663,49.82148,2
170619,4.74663,49.82148,2
170620,4.74663,49.82148,2
170621,4.74663,49.82148,2
170622,4.74663,49.82148,2
170623,4.74663,49.82148,2
170624,4.74663,49.82148,2
170625,4.74663,49.82148,2
170626,4.74663,49.82148,2
170627,4.74663,49.82148,2
170628,4.74653,49.82139,2
170629,4.74653,49.82139,2
170630,4.74653,49.82139,2
170631,4.74653,49.82139,2
170632,4.74653,49.82139,2
170633,4.74653,49.82139,2
170634,4.74653,49.82139,2
170635,4.74653,49.82139,2
170636,4.74653,49.82139,2
170637,4.74722,49.82224,2
170638,4.74808,49.82283,2
170639,4.7477,49.82268,2
170640,4.7477,49.82268,2
170641,4.74852,49.8232,2
170642,4.74808,49.82283,2
170643,4.7483,49.82302,2
170644,4.74867,49.82336,2
170645,4.74799,49.82221,2
170646,4.74799,49.82221,2
170647,4.74799,49.82221,2
170648,4.74893,49.82309,2
170649,4.75048,49.8121,2
170650,4.753909,49.815653,2
170651,4.753909,49.815653,2
170652,4.753909,49.815653,2
170653,4.75231,49.81565,2
170654,4.75256,49.81565,2
170655,4.75315,49.81465,2
170656,4.75212,49.81577,2
170657,4.753909,49.815653,2
170658,4.753909,49.815653,2
170659,4.75212,49.81577,2
170660,4.753909,49.815653,2
170661,4.75306,49.81565,2
170662,4.753076,49.815651,2
170663,4.753076,49.815651,2
170664,4.753076,49.815651,2
170665,4.753076,49.815651,2
170666,4.75356,49.81565,2
170667,4.753076,49.815651,2
170668,4.751922,49.81562,2
170669,4.751961,49.815566,2
170670,4.751922,49.815629,2
170671,4.7519,49.81562,2
170672,4.752,49.81548,2
170673,4.7521,49.81534,2
170674,4.7522,49.8152,2
170675,4.75231,49.81532,2
170676,4.748479,49.812401,2
170677,4.7524,49.81492,2
170678,4.75638,49.81697,2
170679,4.7523,49.81506,2
170680,4.7524,49.81492,2
170681,4.75223,49.81529,2
170682,4.75298,49.81434,2
170683,4.75303,49.81396,2
170684,4.75303,49.81396,2
170685,4.754497,49.813709,2
170686,4.754497,49.813709,2
170687,4.754497,49.813709,2
170688,4.755059,49.81386,2
170689,4.751942,49.813123,2
170690,4.754497,49.813709,2
170691,4.75342,49.81367,2
170692,4.754497,49.813709,2
170693,4.754497,49.813709,2
170694,4.753472,49.813478,2
170695,4.753472,49.813478,2
170696,4.753107,49.813396,2
170697,4.753107,49.813396,2
170698,4.753472,49.813478,2
170699,4.75451,49.813709,2
170700,4.753472,49.813478,2
170701,4.753472,49.813478,2
170702,4.752309,49.813241,2
170703,4.752435,49.813265,2
170704,4.752631,49.813297,2
170705,4.752617,49.813298,2
170706,4.751886,49.813115,2
170707,4.74985,49.81314,2
170708,4.751577,49.81304,2
170709,4.751872,49.813106,2
170710,4.751872,49.813106,2
170711,4.751872,49.813106,2
170712,4.750875,49.812874,2
170713,4.750875,49.812874,2
170714,4.751086,49.812924,2
170715,4.751086,49.812924,2
170716,4.751086,49.812924,2
170717,4.751086,49.812924,2
170718,4.75118,49.81324,2
170719,4.75134,49.81329,2
170720,4.75087,49.81366,2
170721,4.75087,49.81366,2
170722,4.75104,49.81371,2
170723,4.75104,49.81371,2
170724,4.750306,49.813451,2
170725,4.750384,49.812758,2
170726,4.750384,49.812758,2
170727,4.74985,49.81314,2
170728,4.74985,49.81314,2
170729,4.75016,49.81283,2
170730,4.74985,49.81314,2
170731,4.75009,49.81293,2
170732,4.75002,49.81303,2
170733,4.74995,49.81313,2
170734,4.74996,49.81283,2
170735,4.74988,49.81323,2
170736,4.74974,49.81343,2
170737,4.74954,49.81344,2
170738,4.74982,49.81303,2
170739,4.74954,49.81344,2
170740,4.74967,49.81354,2
170741,4.74968,49.81353,2
170742,4.75023,49.81352,2
170743,4.75015,49.81363,2
170744,4.7505,49.81342,2
170745,4.75046,49.81322,2
170746,4.75066,49.81322,2
170747,4.75081,49.81302,2
170748,4.75053,49.81312,2
170749,4.75061,49.81302,2
170750,4.75068,49.81292,2
170751,4.749529,49.812587,2
170752,4.749612,49.812594,2
170753,4.748899,49.812482,2
170754,4.749654,49.812602,2
170755,4.749,49.81273,2
170756,4.74906,49.81284,2
170757,4.748927,49.812482,2
170758,4.748367,49.812376,2
170759,4.74866,49.81273,2
170760,4.748479,49.812401,2
170761,4.748479,49.812401,2
170762,4.748199,49.812352,2
170763,4.748185,49.812344,2
170764,4.747988,49.812303,2
170765,4.7441,49.81437,2
170766,4.747694,49.812246,2
170767,4.747484,49.812205,2
170768,4.747232,49.812156,2
170769,4.747077,49.812123,2
170770,4.746881,49.812091,2
170771,4.746769,49.812066,2
170772,4.746993,49.812107,2
170773,4.746895,49.812091,2
170774,4.746769,49.812066,2
170775,4.746629,49.812033,2
170776,4.746405,49.811993,2
170777,4.75356,49.81565,2
170778,4.746559,49.812026,2
170779,4.746306,49.811968,2
170780,4.74618,49.811943,2
170781,4.746026,49.81191,2
170782,4.745844,49.811869,2
170783,4.746195,49.811952,2
170784,4.745858,49.811869,2
170785,4.745704,49.811845,2
170786,4.746755,49.812067,2
170787,4.746755,49.812067,2
170788,4.745339,49.811762,2
170789,4.745339,49.811762,2
170790,4.745339,49.811762,2
170791,4.75638,49.81697,2
170792,4.75668,49.81704,2
170793,4.75705,49.81719,2
170794,4.75742,49.81735,2
170795,4.75632,49.81688,2
170796,4.75558,49.81657,2
170797,4.75514,49.81619,2
170798,4.75514,49.81619,2
170799,4.75588,49.81683,2
170800,4.75702,49.81732,2
170801,4.75638,49.81697,2
170802,4.7547,49.81641,2
170803,4.7547,49.81641,2
170804,4.7547,49.81641,2
170805,4.75332,49.81742,2
170806,4.75321,49.81732,2
170807,4.75327,49.81746,2
170808,4.75201,49.81689,2
170809,4.75327,49.81746,2
170810,4.7532,49.81735,2
170811,4.75282,49.8172,2
170812,4.75266,49.81708,2
170813,4.75282,49.8172,2
170814,4.75266,49.81708,2
170815,4.7527,49.81715,2
170816,4.75266,49.81708,2
170817,4.75289,49.81709,2
170818,4.75289,49.81709,2
170819,4.75226,49.81684,2
170820,4.7499,49.81358,2
170821,4.75012,49.81362,2
170822,4.75031,49.81367,2
170823,4.746683,49.812014,2
170824,4.75046,49.81372,2
170825,4.746683,49.812014,2
170826,4.746683,49.812014,2
170827,4.75077,49.81382,2
170828,4.746672,49.812068,2
170829,4.746683,49.812014,2
170830,4.75095,49.81388,2
170831,4.746683,49.812014,2
170832,4.75117,49.81394,2
170833,4.746683,49.812014,2
170834,4.75161,49.81407,2
170835,4.746672,49.812068,2
170836,4.75183,49.81414,2
170837,4.746683,49.812014,2
170838,4.746672,49.812068,2
170839,4.75206,49.8142,2
170840,4.746683,49.812014,2
170841,4.746683,49.812014,2
170842,4.75228,49.81427,2
170843,4.746683,49.812014,2
170844,4.746672,49.812068,2
170845,4.75126,49.8141,2
170846,4.746683,49.812014,2
170847,4.75272,49.8144,2
170848,4.746683,49.812014,2
170849,4.75272,49.8144,2
170850,4.746683,49.812014,2
170851,4.75298,49.81447,2
170852,4.746683,49.812014,2
170853,4.75328,49.81456,2
170854,4.746683,49.812014,2
170855,4.746672,49.812068,2
170856,4.75357,49.81465,2
170857,4.746683,49.812014,2
170858,4.746683,49.812014,2
170859,4.75387,49.81474,2
170860,4.746683,49.812014,2
170861,4.746683,49.812014,2
170862,4.75387,49.81474,2
170863,4.746683,49.812014,2
170864,4.75417,49.81482,2
170865,4.746683,49.812014,2
170866,4.75446,49.81491,2
170867,4.746683,49.812014,2
170868,4.75446,49.81491,2
170869,4.746683,49.812014,2
170870,4.75446,49.81491,2
170871,4.746683,49.812014,2
170872,4.75446,49.81491,2
170873,4.746672,49.812068,2
170874,4.75446,49.81491,2
170875,4.746683,49.812014,2
170876,4.75446,49.81491,2
170877,4.746683,49.812014,2
170878,4.75446,49.81491,2
170879,4.746683,49.812014,2
170880,4.746683,49.812014,2
170881,4.75394,49.81489,2
170882,4.746683,49.812014,2
170883,4.746683,49.812014,2
170884,4.75394,49.81489,2
170885,4.75394,49.81489,2
170886,4.75394,49.81489,2
170887,4.75394,49.81489,2
170888,4.75394,49.81489,2
170889,4.75394,49.81489,2
170890,4.75394,49.81489,2
170891,4.75315,49.81465,2
170892,4.75315,49.81465,2
170893,4.75315,49.81465,2
170894,4.75315,49.81465,2
170895,4.75315,49.81465,2
170896,4.75315,49.81465,2
170897,4.75315,49.81465,2
170898,4.75315,49.81465,2
170899,4.75972,49.81663,2
170900,4.75266,49.81729,2
170901,4.74705,49.812124,2
170902,4.75223,49.81529,2
170903,4.77379,49.81643,2
170904,4.77411,49.81635,2
170905,4.77445,49.81615,2
170906,4.77445,49.81615,2
170907,4.77409,49.81623,2
170908,4.77444,49.81628,2
170909,4.77374,49.81631,2
170910,4.7748,49.81607,2
170911,4.77515,49.81599,2
170912,4.7755,49.81591,2
170913,4.77542,49.81605,2
170914,4.7755,49.81591,2
170915,4.77583,49.8158,2
170916,4.77583,49.8158,2
170917,4.77615,49.81568,2
170918,4.77647,49.81556,2
170919,4.77679,49.81543,2
170920,4.77711,49.81531,2
170921,4.77737,49.81519,2
170922,4.77762,49.81506,2
170923,4.77791,49.81491,2
170924,4.7782,49.81476,2
170925,4.74622,49.81295,2
170926,4.77829,49.81442,2
170927,4.77846,49.81461,2
170928,4.77574,49.81598,2
170929,4.77871,49.81445,2
170930,4.77477,49.8162,2
170931,4.77509,49.81613,2
170932,4.77692,49.81552,2
170933,4.77603,49.81586,2
170934,4.77722,49.8154,2
170935,4.77791,49.81491,2
170936,4.77802,49.815,2
170937,4.76447,49.81822,2
170938,4.76447,49.81822,2
170939,4.77846,49.81461,2
170940,4.77148,49.81881,2
170941,4.77829,49.81442,2
170942,4.77148,49.81881,2
170943,4.76447,49.81822,2
170944,4.77812,49.81446,2
170945,4.7684,49.8174,2
170946,4.77896,49.81429,2
170947,4.7441,49.81437,2
170948,4.77684,49.81476,2
170949,4.77187,49.81761,2
170950,4.77191,49.81786,2
170951,4.77177,49.81827,2
170952,4.77177,49.81827,2
170953,4.77684,49.81476,2
170954,4.75668,49.81563,2
170955,4.77085,49.81923,2
170956,4.77085,49.81923,2
170957,4.77148,49.81881,2
170958,4.77011,49.81956,2
170959,4.75668,49.81563,2
170960,4.77011,49.81956,2
170961,4.76936,49.81989,2
170962,4.76936,49.81989,2
170963,4.76936,49.81989,2
170964,4.76982,49.81954,2
170965,4.76982,49.81954,2
170966,4.77172,49.81779,2
170967,4.77172,49.81779,2
170968,4.77172,49.81779,2
170969,4.77373,49.81663,2
170970,4.77373,49.81663,2
170971,4.77373,49.81663,2
170972,4.77373,49.81663,2
170973,4.77373,49.81663,2
170974,4.77373,49.81663,2
170975,4.77373,49.81663,2
170976,4.77373,49.81663,2
170977,4.77373,49.81663,2
170978,4.77373,49.81663,2
170979,4.77373,49.81663,2
170980,4.77373,49.81663,2
170981,4.77373,49.81663,2
170982,4.77373,49.81663,2
170983,4.77373,49.81663,2
170984,4.77684,49.81476,2
170985,4.77373,49.81663,2
170986,4.77373,49.81663,2
170987,4.77373,49.81663,2
170988,4.77373,49.81663,2
170989,4.77373,49.81663,2
170990,4.77373,49.81663,2
170991,4.77373,49.81663,2
170992,4.77373,49.81663,2
170993,4.77373,49.81663,2
170994,4.77373,49.81663,2
170995,4.77373,49.81663,2
170996,4.76452,49.81784,2
170997,4.77373,49.81663,2
170998,4.77373,49.81663,2
170999,4.77373,49.81663,2
171000,4.77373,49.81663,2
171001,4.77283,49.81659,2
171002,4.77373,49.81663,2
171003,4.77315,49.81654,2
171004,4.77373,49.81663,2
171005,4.77373,49.81663,2
171006,4.77373,49.81663,2
171007,4.77373,49.81663,2
171008,4.77373,49.81663,2
171009,4.77373,49.81663,2
171010,4.77373,49.81663,2
171011,4.77373,49.81663,2
171012,4.7687,49.81721,2
171013,4.77373,49.81663,2
171014,4.77373,49.81663,2
171015,4.77373,49.81663,2
171016,4.77373,49.81663,2
171017,4.76447,49.81822,2
171018,4.74622,49.81295,2
171019,4.77172,49.81779,2
171020,4.77172,49.81779,2
171021,4.77172,49.81779,2
171022,4.76278,49.81864,2
171023,4.76447,49.81822,2
171024,4.76181,49.81871,2
171025,4.76413,49.81835,2
171026,4.76398,49.81772,2
171027,4.76398,49.81772,2
171028,4.75474,49.81512,2
171029,4.75474,49.81512,2
171030,4.75474,49.81512,2
171031,4.75526,49.81527,2
171032,4.75506,49.81508,2
171033,4.76413,49.81835,2
171034,4.75528,49.81515,2
171035,4.75543,49.8152,2
171036,4.75557,49.81524,2
171037,4.75572,49.81529,2
171038,4.75586,49.81533,2
171039,4.75601,49.81538,2
171040,4.75615,49.81542,2
171041,4.7563,49.81546,2
171042,4.75645,49.81551,2
171043,4.75659,49.81555,2
171044,4.75551,49.81535,2
171045,4.75577,49.81543,2
171046,4.75674,49.8156,2
171047,4.75688,49.81564,2
171048,4.75688,49.81564,2
171049,4.75688,49.81564,2
171050,4.75688,49.81564,2
171051,4.75688,49.81564,2
171052,4.75703,49.81569,2
171053,4.75717,49.81573,2
171054,4.75717,49.81573,2
171055,4.75717,49.81573,2
171056,4.75717,49.81573,2
171057,4.75732,49.81577,2
171058,4.75602,49.81551,2
171059,4.75653,49.81567,2
171060,4.75679,49.81574,2
171061,4.75704,49.81582,2
171062,4.7573,49.8159,2
171063,4.75756,49.81597,2
171064,4.75747,49.81582,2
171065,4.75747,49.81582,2
171066,4.75747,49.81582,2
171067,4.75762,49.81586,2
171068,4.75776,49.8159,2
171069,4.75776,49.8159,2
171070,4.75776,49.8159,2
171071,4.75776,49.8159,2
171072,4.75791,49.81594,2
171073,4.7582,49.81603,2
171074,4.75782,49.81604,2
171075,4.75782,49.81604,2
171076,4.75808,49.81612,2
171077,4.75869,49.81585,2
171078,4.75869,49.81585,2
171079,4.75863,49.8162,2
171080,4.76447,49.81773,2
171081,4.76051,49.81686,2
171082,4.75863,49.8162,2
171083,4.75908,49.81632,2
171084,4.76012,49.81675,2
171085,4.75997,49.81658,2
171086,4.75668,49.81563,2
171087,4.75952,49.81645,2
171088,4.75668,49.81563,2
171089,4.75997,49.81658,2
171090,4.76042,49.81671,2
171091,4.76091,49.81697,2
171092,4.76131,49.81696,2
171093,4.75893,49.81641,2
171094,4.75933,49.81652,2
171095,4.76042,49.81671,2
171096,4.77737,49.81519,2
171097,4.76131,49.81696,2
171098,4.75853,49.8163,2
171099,4.76086,49.81683,2
171100,4.76042,49.81671,2
171101,4.7613,49.81709,2
171102,4.76175,49.81709,2
171103,4.7622,49.81722,2
171104,4.76249,49.81743,2
171105,4.76289,49.81755,2
171106,4.76264,49.81735,2
171107,4.76309,49.81748,2
171108,4.76086,49.81683,2
171109,4.76328,49.81766,2
171110,4.76353,49.81761,2
171111,4.76368,49.81777,2
171112,4.76398,49.81772,2
171113,4.76539,49.81785,2
171114,4.76582,49.81786,2
171115,4.76447,49.81773,2
171116,4.76496,49.81773,2
171117,4.76545,49.81774,2
171118,4.76593,49.81775,2
171119,4.76593,49.81775,2
171120,4.76616,49.81778,2
171121,4.76616,49.81778,2
171122,4.76639,49.81773,2
171123,4.76491,49.81805,2
171124,4.76662,49.81768,2
171125,4.76278,49.81864,2
171126,4.76278,49.81864,2
171127,4.76278,49.81864,2
171128,4.76278,49.81864,2
171129,4.76492,49.81818,2
171130,4.76413,49.81835,2
171131,4.76582,49.81786,2
171132,4.76334,49.81853,2
171133,4.76401,49.81825,2
171134,4.76447,49.81822,2
171135,4.76446,49.81815,2
171136,4.76311,49.81845,2
171137,4.76285,49.81847,2
171138,4.76285,49.81847,2
171139,4.76276,49.81853,2
171140,4.76249,49.81858,2
171141,4.76222,49.81859,2
171142,4.76278,49.81864,2
171143,4.76167,49.8186,2
171144,4.76409,49.81784,2
171145,4.76278,49.81864,2
171146,4.76246,49.8187,2
171147,4.76181,49.81871,2
171148,4.76214,49.81871,2
171149,4.7614,49.81861,2
171150,4.76662,49.8178,2
171151,4.76685,49.81763,2
171152,4.76708,49.81758,2
171153,4.76731,49.81752,2
171154,4.76757,49.81746,2
171155,4.76794,49.81738,2
171156,4.76835,49.81729,2
171157,4.76835,49.81729,2
171158,4.76571,49.818,2
171159,4.76571,49.818,2
171160,4.76662,49.8178,2
171161,4.76696,49.81772,2
171162,4.76731,49.81765,2
171163,4.76731,49.81765,2
171164,4.76764,49.81756,2
171165,4.76799,49.81749,2
171166,4.7684,49.8174,2
171167,4.76993,49.81697,2
171168,4.7684,49.8174,2
171169,4.77029,49.81738,2
171170,4.76908,49.81724,2
171171,4.76908,49.81724,2
171172,4.76965,49.81713,2
171173,4.77016,49.81693,2
171174,4.7704,49.81689,2
171175,4.77063,49.81685,2
171176,4.77063,49.81685,2
171177,4.77684,49.81476,2
171178,4.76978,49.81712,2
171179,4.77001,49.81708,2
171180,4.77033,49.81702,2
171181,4.77095,49.81691,2
171182,4.77064,49.81697,2
171183,4.77127,49.81686,2
171184,4.77095,49.81691,2
171185,4.77221,49.8167,2
171186,4.77252,49.81665,2
171187,4.77087,49.81681,2
171188,4.77158,49.8168,2
171189,4.77189,49.81675,2
171190,4.77189,49.81675,2
171191,4.77189,49.81675,2
171192,4.77189,49.81675,2
171193,4.77379,49.81643,2
171194,4.77189,49.81675,2
171195,4.7711,49.81677,2
171196,4.77134,49.81673,2
171197,4.77134,49.81673,2
171198,4.77157,49.81669,2
171199,4.77157,49.81669,2
171200,4.77157,49.81669,2
171201,4.77157,49.81669,2
171202,4.77181,49.81664,2
171203,4.77228,49.81657,2
171204,4.77228,49.81657,2
171205,4.77204,49.81661,2
171206,4.77228,49.81657,2
171207,4.77283,49.81659,2
171208,4.77283,49.81659,2
171209,4.77315,49.81654,2
171210,4.77315,49.81654,2
171211,4.77374,49.81631,2
171212,4.77251,49.81653,2
171213,4.77275,49.81649,2
171214,4.77298,49.81645,2
171215,4.77322,49.81641,2
171216,4.77633,49.81575,2
171217,4.77662,49.81563,2
171218,4.77346,49.81637,2
171219,4.77374,49.81631,2
171220,4.34768,49.55305,2
171221,4.34885,49.55543,2
171222,4.34885,49.55543,2
171223,4.35123,49.55661,2
171224,4.34885,49.55543,2
171225,4.34725,49.55451,2
171226,4.34725,49.55451,2
171227,4.34885,49.55543,2
171228,4.35123,49.55661,2
171229,4.34885,49.55543,2
171230,4.34885,49.55543,2
171231,4.35123,49.55661,2
171232,4.35032,49.55574,2
171233,4.34768,49.55305,2
171234,4.34885,49.55543,2
171235,4.34885,49.55543,2
171236,4.34885,49.55543,2
171237,4.34725,49.55451,2
171238,4.34885,49.55543,2
171239,4.34885,49.55543,2
171240,4.34885,49.55543,2
171241,4.34885,49.55543,2
171242,4.34885,49.55543,2
171243,4.34885,49.55543,2
171244,4.35041,49.55507,2
171245,4.34885,49.55543,2
171246,4.34885,49.55543,2
171247,4.35032,49.55574,2
171248,4.35032,49.55574,2
171249,4.35032,49.55574,2
171250,4.35032,49.55574,2
171251,4.35032,49.55574,2
171252,4.34885,49.55543,2
171253,4.34781,49.55557,2
171254,4.34781,49.55557,2
171255,4.34781,49.55557,2
171256,4.34781,49.55557,2
171257,4.346973,49.555294,2
171258,4.34883,49.55595,2
171259,4.34878,49.55627,2
171260,4.34876,49.5558,2
171261,4.34885,49.55543,2
171262,4.34885,49.55543,2
171263,4.34725,49.55451,2
171264,4.34885,49.55543,2
171265,4.34885,49.55543,2
171266,4.34885,49.55543,2
171267,4.34885,49.55543,2
171268,4.34885,49.55543,2
171269,4.35123,49.55661,2
171270,4.35123,49.55661,2
171271,4.35123,49.55661,2
171272,4.34885,49.55543,2
171273,4.35123,49.55661,2
171274,4.35123,49.55661,2
171275,4.35123,49.55661,2
171276,4.35123,49.55661,2
171277,4.35123,49.55661,2
171278,4.34976,49.55759,2
171279,4.34885,49.55543,2
171280,4.34807,49.55661,2
171281,4.347968,49.556374,2
171282,4.347516,49.556112,2
171283,4.347474,49.556103,2
171284,4.346638,49.555569,2
171285,4.34725,49.55451,2
171286,4.34768,49.55305,2
171287,4.34876,49.5558,2
171288,4.34876,49.5558,2
171289,4.34725,49.55451,2
171290,4.347482,49.553507,2
171291,4.34725,49.55451,2
171292,4.34885,49.55543,2
171293,4.34885,49.55543,2
171294,4.96132,49.69173,2
171295,4.96116,49.69186,2
171296,4.96116,49.69186,2
171297,4.96815,49.69427,2
171298,4.96161,49.6915,2
171299,4.96815,49.69427,2
171300,4.96171,49.69142,2
171301,4.96181,49.69135,2
171302,4.96181,49.69135,2
171303,4.96187,49.6914,2
171304,4.96214,49.69156,2
171305,4.96862,49.69394,2
171306,4.96215,49.69141,2
171307,4.96231,49.69175,2
171308,4.96231,49.69199,2
171309,4.96215,49.69141,2
171310,4.97443,49.68821,2
171311,4.96249,49.69185,2
171312,4.96256,49.69213,2
171313,4.96275,49.69225,2
171314,4.96263,49.69233,2
171315,4.96244,49.69221,2
171316,4.96283,49.69245,2
171317,4.96211,49.6922,2
171318,4.96136,49.69208,2
171319,4.96208,49.69208,2
171320,4.96171,49.69207,2
171321,4.96306,49.69251,2
171322,4.96289,49.69261,2
171323,4.95954,49.69279,2
171324,4.96815,49.69427,2
171325,4.96291,49.69278,2
171326,4.96304,49.69292,2
171327,4.96323,49.69304,2
171328,4.96336,49.69296,2
171329,4.96317,49.69284,2
171330,4.96307,49.69269,2
171331,4.96145,49.69198,2
171332,4.96086,49.69191,2
171333,4.95972,49.69257,2
171334,4.96102,49.69179,2
171335,4.96102,49.69179,2
171336,4.96119,49.69188,2
171337,4.96102,49.69179,2
171338,4.96102,49.69179,2
171339,4.96102,49.69179,2
171340,4.96102,49.69179,2
171341,4.96102,49.69179,2
171342,4.96102,49.69179,2
171343,4.96102,49.69179,2
171344,4.96295,49.69236,2
171345,4.96118,49.69166,2
171346,4.96815,49.69427,2
171347,4.96118,49.69166,2
171348,4.96134,49.69153,2
171349,4.96122,49.69145,2
171350,4.96122,49.69145,2
171351,4.96077,49.69126,2
171352,4.96198,49.69123,2
171353,4.96198,49.69123,2
171354,4.96198,49.69123,2
171355,4.96198,49.69123,2
171356,4.96198,49.69123,2
171357,4.96198,49.69123,2
171358,4.96198,49.69123,2
171359,4.96198,49.69123,2
171360,4.96198,49.69123,2
171361,4.96198,49.69123,2
171362,4.96198,49.69123,2
171363,4.96198,49.69123,2
171364,4.96198,49.69123,2
171365,4.96231,49.69082,2
171366,4.96809,49.68737,2
171367,4.96253,49.69068,2
171368,4.96231,49.69082,2
171369,4.96248,49.69088,2
171370,4.96277,49.69068,2
171371,4.96274,49.69053,2
171372,4.96274,49.69053,2
171373,4.96296,49.69038,2
171374,4.96314,49.69027,2
171375,4.96314,49.69027,2
171376,4.96314,49.69027,2
171377,4.96338,49.69064,2
171378,4.9635,49.69075,2
171379,4.96376,49.69096,2
171380,4.96057,49.6923,2
171381,4.96363,49.69085,2
171382,4.96388,49.69106,2
171383,4.96409,49.69128,2
171384,4.96401,49.69116,2
171385,4.96391,49.69167,2
171386,4.96422,49.69147,2
171387,4.96424,49.69149,2
171388,4.96425,49.69152,2
171389,4.96425,49.69152,2
171390,4.96427,49.69154,2
171391,4.96531,49.69285,2
171392,4.96779,49.69314,2
171393,4.9643,49.69159,2
171394,4.96423,49.69148,2
171395,4.96432,49.69161,2
171396,4.96433,49.69164,2
171397,4.96424,49.69151,2
171398,4.96435,49.69166,2
171399,4.96637,49.69427,2
171400,4.96667,49.69412,2
171401,4.96719,49.6938,2
171402,4.96706,49.69372,2
171403,4.96656,49.69402,2
171404,4.96626,49.69417,2
171405,4.96601,49.69453,2
171406,4.9664,49.69462,2
171407,4.96695,49.69473,2
171408,4.96815,49.69427,2
171409,4.96447,49.68953,2
171410,4.958,49.69347,2
171411,4.95907,49.693,2
171412,4.95954,49.69279,2
171413,4.96805,49.69421,2
171414,4.96815,49.69427,2
171415,4.96048,49.69237,2
171416,4.96038,49.69227,2
171417,4.96066,49.69223,2
171418,4.96103,49.69196,2
171419,4.96775,49.6929,2
171420,4.96499,49.68929,2
171421,4.96801,49.69314,2
171422,4.96827,49.69339,2
171423,4.96198,49.69123,2
171424,4.96305,49.69049,2
171425,4.96815,49.69427,2
171426,4.96327,49.69019,2
171427,4.96366,49.68997,2
171428,4.96358,49.69017,2
171429,4.96815,49.69427,2
171430,4.96392,49.68998,2
171431,4.96771,49.69452,2
171432,4.96392,49.68998,2
171433,4.96392,49.68998,2
171434,4.96734,49.6947,2
171435,4.96911,49.68673,2
171436,4.97064,49.68535,2
171437,4.96093,49.69446,2
171438,4.96325,49.69036,2
171439,4.96093,49.69446,2
171440,4.96093,49.69446,2
171441,4.96336,49.6903,2
171442,4.96093,49.69446,2
171443,4.96336,49.6903,2
171444,4.96093,49.69446,2
171445,4.96093,49.69446,2
171446,4.96347,49.69023,2
171447,4.9634,49.69012,2
171448,4.96423,49.69148,2
171449,4.9634,49.69012,2
171450,4.97204,49.68766,2
171451,4.96353,49.69004,2
171452,4.96353,49.69004,2
171453,4.96353,49.69004,2
171454,4.96398,49.68979,2
171455,4.96353,49.69004,2
171456,4.96398,49.68979,2
171457,4.96353,49.69004,2
171458,4.96398,49.68979,2
171459,4.96353,49.69004,2
171460,4.96398,49.68979,2
171461,4.96353,49.69004,2
171462,4.96398,49.68979,2
171463,4.96353,49.69004,2
171464,4.96398,49.68979,2
171465,4.96353,49.69004,2
171466,4.96398,49.68979,2
171467,4.96353,49.69004,2
171468,4.96398,49.68979,2
171469,4.9674,49.69277,2
171470,4.96815,49.69427,2
171471,4.96353,49.69004,2
171472,4.96398,49.68979,2
171473,4.96366,49.68997,2
171474,4.96398,49.68979,2
171475,4.96366,49.68997,2
171476,4.96136,49.69208,2
171477,4.96398,49.68979,2
171478,4.96366,49.68997,2
171479,4.96398,49.68979,2
171480,4.96379,49.6899,2
171481,4.96398,49.68979,2
171482,4.96398,49.68979,2
171483,4.96358,49.69017,2
171484,4.96398,49.68979,2
171485,4.96369,49.6901,2
171486,4.96369,49.6901,2
171487,4.96398,49.68979,2
171488,4.96398,49.68979,2
171489,4.96398,49.68979,2
171490,4.9638,49.69004,2
171491,4.96447,49.68953,2
171492,4.96398,49.68979,2
171493,4.96447,49.68953,2
171494,4.96398,49.68979,2
171495,4.96447,49.68953,2
171496,4.96398,49.68979,2
171497,4.96447,49.68953,2
171498,4.96398,49.68979,2
171499,4.96447,49.68953,2
171500,4.96398,49.68979,2
171501,4.96398,49.68979,2
171502,4.96513,49.68916,2
171503,4.96398,49.68979,2
171504,4.96463,49.68944,2
171505,4.96413,49.6885,2
171506,4.96434,49.68975,2
171507,4.96651,49.69007,2
171508,4.96525,49.68909,2
171509,4.96531,49.68905,2
171510,4.96398,49.68979,2
171511,4.96398,49.68979,2
171512,4.9667,49.68999,2
171513,4.96566,49.689,2
171514,4.96566,49.689,2
171515,4.96609,49.68873,2
171516,4.96634,49.68869,2
171517,4.96057,49.6923,2
171518,4.96665,49.68886,2
171519,4.96676,49.68887,2
171520,4.9587,49.69302,2
171521,4.96676,49.68899,2
171522,4.9587,49.69302,2
171523,4.9587,49.69302,2
171524,4.96676,49.68911,2
171525,4.9587,49.69302,2
171526,4.9587,49.69302,2
171527,4.96692,49.68924,2
171528,4.96709,49.68927,2
171529,4.96726,49.6893,2
171530,4.967,49.68889,2
171531,4.96731,49.68896,2
171532,4.96739,49.68913,2
171533,4.96685,49.68898,2
171534,4.96728,49.68944,2
171535,4.96685,49.68898,2
171536,4.96685,49.68898,2
171537,4.96685,49.68898,2
171538,4.96669,49.68874,2
171539,4.96643,49.68859,2
171540,4.96676,49.68994,2
171541,4.96685,49.68898,2
171542,4.96685,49.68898,2
171543,4.96663,49.68839,2
171544,4.96663,49.68839,2
171545,4.96776,49.68762,2
171546,4.96776,49.68762,2
171547,4.96776,49.68762,2
171548,4.968274,49.687341,2
171549,4.96809,49.68737,2
171550,4.9691,49.68792,2
171551,4.96915,49.68818,2
171552,4.96906,49.68769,2
171553,4.96947,49.6878,2
171554,4.96988,49.68791,2
171555,4.97031,49.68796,2
171556,4.97075,49.68793,2
171557,4.97105,49.68792,2
171558,4.97124,49.68793,2
171559,4.97143,49.68794,2
171560,4.97162,49.68796,2
171561,4.9643,49.69159,2
171562,4.97181,49.68797,2
171563,4.97148,49.68789,2
171564,4.97245,49.68805,2
171565,4.97282,49.6881,2
171566,4.97319,49.68816,2
171567,4.97356,49.68821,2
171568,4.97393,49.68826,2
171569,4.9743,49.68832,2
171570,4.97467,49.68837,2
171571,4.97504,49.68842,2
171572,4.97204,49.68766,2
171573,4.97746,49.68861,2
171574,4.97277,49.68798,2
171575,4.97042,49.68784,2
171576,4.96837,49.68735,2
171577,4.96941,49.68766,2
171578,4.96817,49.68715,2
171579,4.96817,49.68715,2
171580,4.96875,49.6868,2
171581,4.96847,49.68713,2
171582,4.96893,49.68685,2
171583,4.96925,49.68663,2
171584,4.96911,49.68673,2
171585,4.96939,49.68653,2
171586,4.96953,49.68644,2
171587,4.97006,49.68651,2
171588,4.96209,49.69214,2
171589,4.97006,49.68651,2
171590,4.96973,49.68628,2
171591,4.96973,49.68628,2
171592,4.96972,49.6861,2
171593,4.96999,49.68607,2
171594,4.97037,49.68557,2
171595,4.97019,49.68591,2
171596,4.97032,49.68579,2
171597,4.96423,49.69148,2
171598,4.97051,49.68564,2
171599,4.97078,49.68542,2
171600,4.97106,49.68518,2
171601,4.97091,49.68511,2
171602,4.97133,49.68494,2
171603,4.97118,49.68487,2
171604,4.97118,49.68487,2
171605,4.96093,49.69446,2
171606,4.96939,49.68653,2
171607,4.96939,49.68653,2
171608,4.96093,49.69446,2
171609,4.96093,49.69446,2
171610,4.96093,49.69446,2
171611,4.96093,49.69446,2
171612,4.96093,49.69446,2
171613,4.96093,49.69446,2
171614,4.96093,49.69446,2
171615,4.96093,49.69446,2
171616,4.96093,49.69446,2
171617,4.96093,49.69446,2
171618,4.96093,49.69446,2
171619,4.96093,49.69446,2
171620,4.96093,49.69446,2
171621,4.96093,49.69446,2
171622,4.96093,49.69446,2
171623,4.96093,49.69446,2
171624,4.96093,49.69446,2
171625,4.96093,49.69446,2
171626,4.96749,49.69265,2
171627,4.96093,49.69446,2
171628,4.96093,49.69446,2
171629,4.96093,49.69446,2
171630,4.96093,49.69446,2
171631,4.96093,49.69446,2
171632,4.96209,49.69214,2
171633,4.96093,49.69446,2
171634,4.96209,49.69214,2
171635,4.96815,49.69427,2
171636,4.96093,49.69446,2
171637,4.96209,49.69214,2
171638,4.96093,49.69446,2
171639,4.96209,49.69214,2
171640,4.96093,49.69446,2
171641,4.96209,49.69214,2
171642,4.96093,49.69446,2
171643,4.96093,49.69446,2
171644,4.96093,49.69446,2
171645,4.96093,49.69446,2
171646,4.96093,49.69446,2
171647,4.96093,49.69446,2
171648,4.96093,49.69446,2
171649,4.96093,49.69446,2
171650,4.96093,49.69446,2
171651,4.96093,49.69446,2
171652,4.96093,49.69446,2
171653,4.96939,49.68653,2
171654,4.96815,49.69427,2
171655,4.96093,49.69446,2
171656,4.96093,49.69446,2
171657,4.96093,49.69446,2
171658,4.96093,49.69446,2
171659,4.96093,49.69446,2
171660,4.96093,49.69446,2
171661,4.96093,49.69446,2
171662,4.96093,49.69446,2
171663,4.96093,49.69446,2
171664,4.96153,49.69468,2
171665,4.96163,49.69446,2
171666,4.96173,49.69425,2
171667,4.9619,49.69406,2
171668,4.96208,49.69387,2
171669,4.96238,49.69383,2
171670,4.96272,49.69386,2
171671,4.96299,49.69399,2
171672,4.96939,49.68653,2
171673,4.96309,49.6942,2
171674,4.96291,49.6942,2
171675,4.96269,49.69398,2
171676,4.96227,49.69395,2
171677,4.96202,49.69416,2
171678,4.96183,49.69441,2
171679,4.96172,49.69468,2
171680,4.96235,49.69495,2
171681,4.96242,49.69485,2
171682,4.96418,49.6914,2
171683,4.96249,49.69476,2
171684,4.96257,49.69466,2
171685,4.96264,49.69456,2
171686,4.96271,49.69447,2
171687,4.9628,49.69438,2
171688,4.9565,49.69471,2
171689,4.95702,49.69423,2
171690,4.96293,49.69431,2
171691,4.95763,49.69371,2
171692,4.96288,49.6945,2
171693,4.95763,49.69371,2
171694,4.96261,49.69487,2
171695,4.95763,49.69371,2
171696,4.96248,49.69496,2
171697,4.958,49.69347,2
171698,4.96273,49.69495,2
171699,4.95791,49.69353,2
171700,4.96309,49.69491,2
171701,4.95791,49.69353,2
171702,4.96696,49.69487,2
171703,4.96344,49.69487,2
171704,4.95744,49.69367,2
171705,4.96021,49.69405,2
171706,4.9638,49.69483,2
171707,4.96415,49.69479,2
171708,4.96058,49.69367,2
171709,4.96093,49.69446,2
171710,4.96414,49.69491,2
171711,4.96058,49.69367,2
171712,4.96845,49.69366,2
171713,4.96369,49.69496,2
171714,4.96058,49.69367,2
171715,4.96325,49.69501,2
171716,4.95833,49.69366,2
171717,4.95923,49.69404,2
171718,4.96281,49.69505,2
171719,4.95988,49.69428,2
171720,4.96248,49.69508,2
171721,4.95988,49.69428,2
171722,4.96024,49.69423,2
171723,4.96036,49.69411,2
171724,4.96049,49.69398,2
171725,4.96061,49.69386,2
171726,4.96073,49.69373,2
171727,4.96085,49.6936,2
171728,4.96035,49.69437,2
171729,4.96055,49.69429,2
171730,4.9675,49.69447,2
171731,4.96129,49.69457,2
171732,4.96087,49.6945,2
171733,4.9613,49.69473,2
171734,4.96195,49.69496,2
171735,4.96815,49.69427,2
171736,4.96093,49.69446,2
171737,4.96093,49.69446,2
171738,4.96302,49.69536,2
171739,4.95776,49.69346,2
171740,4.95776,49.69346,2
171741,4.95776,49.69346,2
171742,4.95802,49.69331,2
171743,4.96401,49.69116,2
171744,4.95836,49.69267,2
171745,4.95836,49.69317,2
171746,4.95853,49.69309,2
171747,4.95853,49.69309,2
171748,4.9587,49.69302,2
171749,4.9587,49.69302,2
171750,4.9587,49.69302,2
171751,4.9587,49.69302,2
171752,4.95859,49.69321,2
171753,4.95887,49.69294,2
171754,4.95921,49.6928,2
171755,4.95904,49.69287,2
171756,4.95904,49.69287,2
171757,4.95904,49.69287,2
171758,4.95875,49.69314,2
171759,4.95891,49.69307,2
171760,4.95907,49.693,2
171761,4.95907,49.693,2
171762,4.95907,49.693,2
171763,4.95923,49.69293,2
171764,4.95938,49.69286,2
171765,4.95954,49.69279,2
171766,4.95954,49.69279,2
171767,4.95954,49.69279,2
171768,4.95954,49.69279,2
171769,4.9597,49.69272,2
171770,4.9597,49.69272,2
171771,4.95833,49.69366,2
171772,4.96002,49.69258,2
171773,4.96018,49.69252,2
171774,4.95938,49.69272,2
171775,4.95955,49.69265,2
171776,4.95972,49.69257,2
171777,4.95989,49.6925,2
171778,4.96023,49.69235,2
171779,4.96023,49.69235,2
171780,4.96034,49.69245,2
171781,4.96499,49.68929,2
171782,4.96048,49.69237,2
171783,4.96048,49.69237,2
171784,4.96038,49.69227,2
171785,4.96038,49.69227,2
171786,4.96038,49.69227,2
171787,4.96038,49.69227,2
171788,4.96038,49.69227,2
171789,4.96038,49.69227,2
171790,4.96054,49.69215,2
171791,4.9607,49.69203,2
171792,4.96057,49.6923,2
171793,4.96231,49.69082,2
171794,4.96057,49.6923,2
171795,4.96066,49.69223,2
171796,4.96066,49.69223,2
171797,4.96066,49.69223,2
171798,4.96066,49.69223,2
171799,4.96085,49.6921,2
171800,4.96085,49.6921,2
171801,4.96085,49.6921,2
171802,4.96085,49.6921,2
171803,4.96094,49.69203,2
171804,4.96103,49.69196,2
171805,4.96148,49.6916,2
171806,4.39894,49.53871,2
171807,4.39894,49.53871,2
171808,4.39894,49.53871,2
171809,4.39882,49.53847,2
171810,4.39894,49.53871,2
171811,4.39886,49.53875,2
171812,4.39712,49.53553,2
171813,4.39742,49.53441,2
171814,4.39742,49.53441,2
171815,4.39742,49.53441,2
171816,4.39742,49.53441,2
171817,4.40335,49.53643,2
171818,4.39842,49.53803,2
171819,4.39712,49.53553,2
171820,4.40335,49.53643,2
171821,4.39742,49.53441,2
171822,4.39842,49.53803,2
171823,4.398174,49.543084,2
171824,4.403634,49.536045,2
171825,4.40335,49.53643,2
171826,4.41343,49.53949,2
171827,4.41343,49.53949,2
171828,4.41343,49.53949,2
171829,4.41343,49.53949,2
171830,4.39907,49.53887,2
171831,4.40369,49.53772,2
171832,4.40369,49.53772,2
171833,4.39894,49.53871,2
171834,4.40369,49.53772,2
171835,4.40369,49.53772,2
171836,4.40369,49.53772,2
171837,4.40335,49.53643,2
171838,4.40335,49.53643,2
171839,4.40335,49.53643,2
171840,4.40335,49.53643,2
171841,4.40335,49.53643,2
171842,4.40335,49.53643,2
171843,4.40335,49.53643,2
171844,4.40335,49.53643,2
171845,4.39894,49.53871,2
171846,4.39894,49.53871,2
171847,4.39894,49.53871,2
171848,4.39894,49.53871,2
171849,4.39894,49.53871,2
171850,4.39894,49.53871,2
171851,4.39921,49.53891,2
171852,4.39894,49.53871,2
171853,4.39842,49.53803,2
171854,4.39842,49.53803,2
171855,4.39707,49.53709,2
171856,4.39842,49.53803,2
171857,4.39842,49.53803,2
171858,4.39842,49.53803,2
171859,4.39842,49.53803,2
171860,4.39842,49.53803,2
171861,4.39712,49.53553,2
171862,4.39712,49.53553,2
171863,4.39721,49.53702,2
171864,4.39712,49.53553,2
171865,4.39742,49.53441,2
171866,4.39742,49.53441,2
171867,4.39742,49.53441,2
171868,4.39742,49.53441,2
171869,4.39742,49.53441,2
171870,4.39742,49.53441,2
171871,4.39742,49.53441,2
171872,4.39742,49.53441,2
171873,4.39742,49.53441,2
171874,4.39742,49.53441,2
171875,4.39742,49.53441,2
171876,4.39742,49.53441,2
171877,4.35434,49.53691,2
171878,4.35793,49.53994,2
171879,4.35793,49.53994,2
171880,4.35793,49.53994,2
171881,4.35793,49.53994,2
171882,4.35793,49.53994,2
171883,4.35793,49.53994,2
171884,4.35793,49.53994,2
171885,4.35793,49.53994,2
171886,4.3556,49.53918,2
171887,4.35793,49.53994,2
171888,4.35806,49.53913,2
171889,4.3588,49.53879,2
171890,4.3588,49.53879,2
171891,4.35547,49.53772,2
171892,4.35547,49.53772,2
171893,4.35547,49.53772,2
171894,4.35547,49.53772,2
171895,4.35609,49.538,2
171896,4.35543,49.53778,2
171897,4.35547,49.53772,2
171898,4.35476,49.53755,2
171899,4.35485,49.53745,2
171900,4.35378,49.53952,2
171901,4.35426,49.53698,2
171902,4.35426,49.53698,2
171903,4.35378,49.53952,2
171904,4.35378,49.53952,2
171905,4.35378,49.53952,2
171906,4.3548,49.53627,2
171907,4.35445,49.53798,2
171908,4.35417,49.53772,2
171909,4.35417,49.53772,2
171910,4.35417,49.53772,2
171911,4.3543,49.53788,2
171912,4.35378,49.53952,2
171913,4.35412,49.53853,2
171914,4.35457,49.53871,2
171915,4.35533,49.53884,2
171916,4.35625,49.53834,2
171917,4.35625,49.53834,2
171918,4.35625,49.53834,2
171919,4.35633,49.53876,2
171920,4.3556,49.53918,2
171921,4.3556,49.53918,2
171922,4.35714,49.5394,2
171923,4.3556,49.53918,2
171924,4.3556,49.53918,2
171925,4.35633,49.53876,2
171926,4.35609,49.539,2
171927,4.35602,49.53911,2
171928,4.35422,49.53887,2
171929,4.35378,49.53952,2
171930,4.35378,49.53952,2
171931,4.35379,49.53962,2
171932,4.35378,49.53952,2
171933,4.35378,49.53952,2
171934,4.35326,49.54032,2
171935,4.35302,49.54056,2
171936,4.35288,49.54049,2
171937,4.3514,49.54076,2
171938,4.35436,49.53755,2
171939,4.35228,49.541,2
171940,4.35434,49.53691,2
171941,4.35125,49.54069,2
171942,4.35125,49.54069,2
171943,4.35408,49.54137,2
171944,4.3514,49.54076,2
171945,4.3514,49.54076,2
171946,4.35408,49.54137,2
171947,4.35408,49.54137,2
171948,4.35408,49.54137,2
171949,4.35434,49.53691,2
171950,4.35408,49.54137,2
171951,4.35408,49.54137,2
171952,4.35408,49.54137,2
171953,4.35408,49.54137,2
171954,4.35183,49.54151,2
171955,4.35279,49.5408,2
171956,4.35242,49.54107,2
171957,4.35138,49.54217,2
171958,4.352,49.54155,2
171959,4.35378,49.53952,2
171960,4.345345,49.523354,2
171961,4.35793,49.53994,2
171962,4.35363,49.53957,2
171963,4.35793,49.53994,2
171964,4.3556,49.53918,2
171965,4.3588,49.53879,2
171966,4.35617,49.5379,2
171967,4.35551,49.53767,2
171968,4.35432,49.53847,2
171969,4.35421,49.53821,2
171970,4.35404,49.53885,2
171971,4.35378,49.53952,2
171972,4.3514,49.54076,2
171973,4.35408,49.54137,2
171974,4.35408,49.54137,2
171975,4.38133,49.56741,2
171976,4.38133,49.56741,2
171977,4.38133,49.56741,2
171978,4.39176,49.55843,2
171979,4.345345,49.523354,2
171980,4.35378,49.53952,2
171981,4.35722,49.5384,2
171982,4.38133,49.56741,2
171983,4.35714,49.5394,2
171984,4.35408,49.54137,2
171985,4.354467,49.535924,2
171986,4.35793,49.53994,2
171987,4.35378,49.53952,2
171988,4.35793,49.53994,2
171989,4.693298,49.454348,2
171990,4.69505,49.45285,2
171991,4.6957,49.4524,2
171992,4.69574,49.45235,2
171993,4.693693,49.453944,2
171994,4.69574,49.45235,2
171995,4.69574,49.45235,2
171996,4.6957,49.4524,2
171997,4.695407,49.453444,2
171998,4.69501,49.45235,2
171999,4.69374,49.45317,2
172000,4.69501,49.45235,2
172001,4.69574,49.45235,2
172002,4.6957,49.4524,2
172003,4.698641,49.454234,2
172004,4.69598,49.45203,2
172005,4.6957,49.4524,2
172006,4.6939,49.45252,2
172007,4.69716,49.45337,2
172008,4.69579,49.4524,2
172009,4.69751,49.4519,2
172010,4.69574,49.45235,2
172011,4.69574,49.45235,2
172012,4.6957,49.4524,2
172013,4.69842,49.45392,2
172014,4.69842,49.45392,2
172015,4.69662,49.45317,2
172016,4.6957,49.4524,2
172017,4.69501,49.45235,2
172018,4.69501,49.45235,2
172019,4.69501,49.45235,2
172020,4.69501,49.45235,2
172021,4.6957,49.4524,2
172022,4.72515,49.35922,2
172023,4.6957,49.4524,2
172024,4.69501,49.45235,2
172025,4.69574,49.45235,2
172026,4.6957,49.4524,2
172027,4.69611,49.45185,2
172028,4.69795,49.45227,2
172029,4.6957,49.4524,2
172030,4.6957,49.4524,2
172031,4.69579,49.4524,2
172032,4.69842,49.45392,2
172033,4.69773,49.45291,2
172034,4.69842,49.45392,2
172035,4.69842,49.45392,2
172036,4.69773,49.45291,2
172037,4.6957,49.4524,2
172038,4.6957,49.4524,2
172039,4.69805,49.45191,2
172040,4.69987,49.453383,2
172041,4.69842,49.45392,2
172042,4.6957,49.4524,2
172043,4.69773,49.45291,2
172044,4.6957,49.4524,2
172045,4.6957,49.4524,2
172046,4.6957,49.4524,2
172047,4.6957,49.4524,2
172048,4.699784,49.454805,2
172049,4.6957,49.4524,2
172050,4.702394,49.456102,2
172051,4.6957,49.4524,2
172052,4.69842,49.45392,2
172053,4.69642,49.45163,2
172054,4.69574,49.45235,2
172055,4.69611,49.45185,2
172056,4.6957,49.4524,2
172057,4.6957,49.4524,2
172058,4.69574,49.45235,2
172059,4.6957,49.4524,2
172060,4.6957,49.4524,2
172061,4.6957,49.4524,2
172062,4.69517,49.45179,2
172063,4.69501,49.45235,2
172064,4.6957,49.4524,2
172065,4.69579,49.4524,2
172066,4.69842,49.45392,2
172067,4.69919,49.453271,2
172068,4.69842,49.45392,2
172069,4.6957,49.4524,2
172070,4.6957,49.4524,2
172071,4.6957,49.4524,2
172072,4.69842,49.45392,2
172073,4.94487,49.65261,2
172074,4.94725,49.65177,2
172075,4.94725,49.65177,2
172076,4.94458,49.65385,2
172077,4.94178,49.65059,2
172078,4.94458,49.65385,2
172079,4.94339,49.65159,2
172080,4.94414,49.65211,2
172081,4.9421,49.65098,2
172082,4.96061,49.64729,2
172083,4.94461,49.65437,2
172084,4.946316,49.654201,2
172085,4.94762,49.65569,2
172086,4.94714,49.65519,2
172087,4.94729,49.65513,2
172088,4.94679,49.65454,2
172089,4.94659,49.65455,2
172090,4.94665,49.65435,2
172091,4.9465,49.65417,2
172092,4.94525,49.65435,2
172093,4.94584,49.65359,2
172094,4.94617,49.65375,2
172095,4.94414,49.65211,2
172096,4.94553,49.65324,2
172097,4.94613,49.65395,2
172098,4.94562,49.65311,2
172099,4.94496,49.6533,2
172100,4.94458,49.65385,2
172101,4.94535,49.65282,2
172102,4.9452,49.6527,2
172103,4.94531,49.65096,2
172104,4.9452,49.65289,2
172105,4.94531,49.65096,2
172106,4.94504,49.65275,2
172107,4.94532,49.65301,2
172108,4.94468,49.65249,2
172109,4.94451,49.65223,2
172110,4.94469,49.65234,2
172111,4.94606,49.6543,2
172112,4.94428,49.65226,2
172113,4.94409,49.65214,2
172114,4.93959,49.65025,2
172115,4.94389,49.65202,2
172116,4.9454,49.65298,2
172117,4.94369,49.65191,2
172118,4.94432,49.65212,2
172119,4.94414,49.65201,2
172120,4.94396,49.6519,2
172121,4.94377,49.6518,2
172122,4.94358,49.65169,2
172123,4.94125,49.65124,2
172124,4.94339,49.65159,2
172125,4.94348,49.65179,2
172126,4.94328,49.65168,2
172127,4.94321,49.65149,2
172128,4.9421,49.65098,2
172129,4.94304,49.65139,2
172130,4.94286,49.65129,2
172131,4.94269,49.65119,2
172132,4.94299,49.65103,2
172133,4.94299,49.65103,2
172134,4.94414,49.65211,2
172135,4.94239,49.65101,2
172136,4.94254,49.6511,2
172137,4.94269,49.65119,2
172138,4.94306,49.65156,2
172139,4.94283,49.65143,2
172140,4.94125,49.65124,2
172141,4.9426,49.6513,2
172142,4.94243,49.65119,2
172143,4.94232,49.65112,2
172144,4.94221,49.65105,2
172145,4.9421,49.65098,2
172146,4.94199,49.65102,2
172147,4.9421,49.65098,2
172148,4.94171,49.651,2
172149,4.94047,49.6512,2
172150,4.94125,49.65124,2
172151,4.93943,49.64993,2
172152,4.94102,49.65128,2
172153,4.94019,49.65118,2
172154,4.94125,49.65124,2
172155,4.94103,49.65145,2
172156,4.94125,49.65124,2
172157,4.94225,49.65091,2
172158,4.94207,49.65079,2
172159,4.94176,49.65074,2
172160,4.94163,49.65066,2
172161,4.94149,49.65057,2
172162,4.94135,49.65049,2
172163,4.94121,49.6504,2
172164,4.93974,49.64985,2
172165,4.940894,49.650203,2
172166,4.94095,49.65024,2
172167,4.94033,49.64968,2
172168,4.94064,49.64996,2
172169,4.94023,49.64959,2
172170,4.94458,49.65385,2
172171,4.939935,49.649307,2
172172,4.9406,49.64972,2
172173,4.94078,49.64988,2
172174,4.94096,49.65005,2
172175,4.94116,49.65021,2
172176,4.94146,49.65006,2
172177,4.94146,49.65006,2
172178,4.94124,49.6502,2
172179,4.94176,49.65001,2
172180,4.94156,49.65016,2
172181,4.94144,49.65038,2
172182,4.94178,49.65059,2
172183,4.94309,49.65007,2
172184,4.94234,49.65054,2
172185,4.94198,49.6506,2
172186,4.94229,49.65041,2
172187,4.94289,49.65003,2
172188,4.94319,49.64984,2
172189,4.94714,49.65519,2
172190,4.94531,49.65096,2
172191,4.94334,49.64954,2
172192,4.94359,49.64985,2
172193,4.94373,49.64998,2
172194,4.94366,49.64991,2
172195,4.9438,49.65004,2
172196,4.94531,49.65096,2
172197,4.94387,49.65011,2
172198,4.94714,49.65519,2
172199,4.94394,49.65017,2
172200,4.94402,49.65024,2
172201,4.94409,49.6503,2
172202,4.94416,49.65036,2
172203,4.94017,49.65093,2
172204,4.94388,49.6505,2
172205,4.94425,49.65042,2
172206,4.951459,49.658134,2
172207,4.94437,49.65048,2
172208,4.94561,49.65424,2
172209,4.94437,49.65048,2
172210,4.94505,49.65257,2
172211,4.94455,49.65056,2
172212,4.94448,49.65238,2
172213,4.94042,49.64956,2
172214,4.94457,49.650636,2
172215,4.94473,49.65064,2
172216,4.94531,49.65096,2
172217,4.94491,49.65072,2
172218,4.94635,49.65135,2
172219,4.94509,49.6508,2
172220,4.94527,49.65088,2
172221,4.94545,49.65096,2
172222,4.94563,49.65103,2
172223,4.94455,49.65056,2
172224,4.93993,49.65058,2
172225,4.94455,49.65056,2
172226,4.94581,49.65111,2
172227,4.94599,49.65119,2
172228,4.94671,49.65152,2
172229,4.949993,49.653835,2
172230,4.94676,49.65109,2
172231,4.94725,49.65177,2
172232,4.94531,49.65096,2
172233,4.94531,49.65096,2
172234,4.94531,49.65096,2
172235,4.94531,49.65096,2
172236,4.94006,49.64968,2
172237,4.94458,49.65385,2
172238,4.93943,49.64993,2
172239,4.94531,49.65096,2
172240,4.94487,49.65261,2
172241,4.94531,49.65096,2
172242,4.94531,49.65096,2
172243,4.94638,49.65427,2
172244,4.94263,49.65029,2
172245,4.94125,49.65124,2
172246,4.70504,49.43626,2
172247,4.70461,49.43491,2
172248,4.70461,49.43491,2
172249,4.70504,49.43626,2
172250,4.70495,49.43533,2
172251,4.70578,49.43457,2
172252,4.70495,49.43533,2
172253,4.70495,49.43533,2
172254,4.70245,49.43598,2
172255,4.70197,49.43744,2
172256,4.70197,49.43744,2
172257,4.69782,49.43561,2
172258,4.70245,49.43598,2
172259,4.70245,49.43598,2
172260,4.70578,49.43457,2
172261,4.70578,49.43457,2
172262,4.70422,49.43367,2
172263,4.70578,49.43457,2
172264,4.70495,49.43533,2
172265,4.70582,49.43393,2
172266,4.70578,49.43457,2
172267,4.72593,49.44116,2
172268,4.714371,49.420979,2
172269,4.70197,49.43744,2
172270,4.70197,49.43744,2
172271,4.70197,49.43744,2
172272,4.70197,49.43744,2
172273,4.69782,49.43561,2
172274,4.69782,49.43561,2
172275,4.70245,49.43598,2
172276,4.70197,49.43744,2
172277,4.70245,49.43598,2
172278,4.70495,49.43533,2
172279,4.70504,49.43626,2
172280,4.70245,49.43598,2
172281,4.70245,49.43598,2
172282,4.70245,49.43598,2
172283,4.70245,49.43598,2
172284,4.70245,49.43598,2
172285,4.70245,49.43598,2
172286,4.70245,49.43598,2
172287,4.70245,49.43598,2
172288,4.70245,49.43598,2
172289,4.70245,49.43598,2
172290,4.70245,49.43598,2
172291,4.70409,49.43424,2
172292,4.70245,49.43598,2
172293,4.70288,49.43407,2
172294,4.70288,49.43407,2
172295,4.70422,49.43367,2
172296,4.70392,49.4341,2
172297,4.70392,49.4341,2
172298,4.70392,49.4341,2
172299,4.70422,49.43367,2
172300,4.70392,49.4341,2
172301,4.70422,49.43367,2
172302,4.70426,49.43393,2
172303,4.70422,49.43367,2
172304,4.70578,49.43457,2
172305,4.70677,49.43227,2
172306,4.70504,49.43626,2
172307,4.70677,49.43227,2
172308,4.706565,49.432717,2
172309,4.70517,49.43393,2
172310,4.70461,49.43491,2
172311,4.70578,49.43457,2
172312,4.70677,49.43227,2
172313,4.70677,49.43227,2
172314,4.70677,49.43227,2
172315,4.70677,49.43227,2
172316,4.70677,49.43227,2
172317,4.70422,49.43367,2
172318,4.70422,49.43367,2
172319,4.70422,49.43367,2
172320,4.7056,49.43336,2
172321,4.7056,49.43336,2
172322,4.70582,49.43393,2
172323,4.70677,49.43227,2
172324,4.706565,49.432717,2
172325,4.7056,49.43336,2
172326,4.706565,49.432717,2
172327,4.70677,49.43227,2
172328,4.70517,49.43393,2
172329,4.7056,49.43336,2
172330,4.70677,49.43227,2
172331,4.7056,49.43336,2
172332,4.7056,49.43336,2
172333,4.70582,49.43393,2
172334,4.70513,49.43429,2
172335,4.70422,49.43367,2
172336,4.70517,49.43393,2
172337,4.70578,49.43457,2
172338,4.70495,49.43533,2
172339,4.70578,49.43457,2
172340,4.709161,49.435506,2
172341,4.709147,49.435506,2
172342,4.709329,49.435574,2
172343,4.70578,49.43457,2
172344,4.70677,49.43227,2
172345,4.70677,49.43227,2
172346,4.70582,49.43393,2
172347,4.70513,49.43429,2
172348,4.70582,49.43393,2
172349,4.70578,49.43457,2
172350,4.70578,49.43457,2
172351,4.70495,49.43533,2
172352,4.70621,49.43435,2
172353,4.70578,49.43457,2
172354,4.70582,49.43393,2
172355,4.70582,49.43393,2
172356,4.70582,49.43393,2
172357,4.70582,49.43393,2
172358,4.70578,49.43457,2
172359,4.70495,49.43533,2
172360,4.70578,49.43457,2
172361,4.70578,49.43457,2
172362,4.709161,49.435506,2
172363,4.709161,49.435506,2
172364,4.709386,49.4356,2
172365,4.7056,49.43336,2
172366,4.70578,49.43457,2
172367,4.70578,49.43457,2
172368,4.70578,49.43457,2
172369,4.70578,49.43457,2
172370,4.70578,49.43457,2
172371,4.70578,49.43457,2
172372,4.70461,49.43491,2
172373,4.70495,49.43533,2
172374,4.70578,49.43457,2
172375,4.70461,49.43491,2
172376,4.70504,49.43626,2
172377,4.70504,49.43626,2
172378,4.72251,49.75823,2
172379,4.72251,49.75823,2
172380,4.72251,49.75823,2
172381,4.72251,49.75823,2
172382,4.72382,49.75806,2
172383,4.7244,49.75807,2
172384,4.72486,49.75813,2
172385,4.71838,49.76041,2
172386,4.71836,49.75997,2
172387,4.71836,49.75997,2
172388,4.71741,49.76057,2
172389,4.71884,49.76014,2
172390,4.71516,49.76092,2
172391,4.71635,49.7608,2
172392,4.71884,49.76014,2
172393,4.71635,49.76044,2
172394,4.7158,49.76034,2
172395,4.71761,49.75981,2
172396,4.71884,49.76014,2
172397,4.71741,49.76043,2
172398,4.4168,49.65668,2
172399,4.400567,49.6455,2
172400,4.397848,49.644963,2
172401,4.39764,49.644275,2
172402,4.39764,49.644275,2
172403,4.4014,49.64494,2
172404,4.39793,49.644944,2
172405,4.40356,49.636717,2
172406,4.39764,49.644275,2
172407,4.374335,49.750484,2
172408,4.37571,49.74947,2
172409,4.375641,49.749177,2
172410,4.38081,49.74466,2
172411,4.37571,49.74947,2
172412,4.74661,49.82157,2
172413,4.74661,49.82157,2
172414,4.74661,49.82157,2
172415,4.74405,49.81426,2
172416,4.74548,49.82146,2
172417,4.7517,49.82733,2
172418,4.74548,49.82146,2
172419,4.74548,49.82146,2
172420,4.74653,49.82139,2
172421,4.75331,49.81565,2
172422,4.75331,49.81565,2
172423,4.745647,49.811828,2
172424,4.745339,49.811762,2
172425,4.7547,49.81641,2
172426,4.75336,49.81738,2
172427,4.74405,49.81426,2
172428,4.75257,49.81697,2
172429,4.746683,49.812014,2
172430,4.746683,49.812014,2
172431,4.746683,49.812014,2
172432,4.76593,49.81775,2
172433,4.76593,49.81775,2
172434,4.7614,49.81861,2
172435,4.76447,49.81822,2
172436,4.77157,49.81669,2
172437,4.76447,49.81822,2
172438,4.77315,49.81654,2
172439,4.77346,49.81649,2
172440,4.77178,49.81755,2
172441,4.77373,49.81663,2
172442,4.76447,49.81822,2
172443,4.73078,49.81761,2
172444,4.34885,49.55543,2
172445,4.34876,49.5558,2
172446,4.3482,49.55636,2
172447,4.3482,49.55636,2
172448,4.348673,49.556047,2
172449,4.95744,49.69367,2
172450,4.95859,49.69321,2
172451,4.96209,49.69214,2
172452,4.96499,49.69253,2
172453,4.96392,49.68998,2
172454,4.97204,49.68766,2
172455,4.96309,49.69491,2
172456,4.96103,49.69196,2
172457,4.96314,49.69027,2
172458,4.96358,49.69017,2
172459,4.96975,49.68819,2
172460,4.39894,49.53871,2
172461,4.40335,49.53643,2
172462,4.39742,49.53441,2
172463,4.39742,49.53441,2
172464,4.39907,49.53887,2
172465,4.35447,49.53657,2
172466,4.354467,49.535924,2
172467,4.35547,49.53772,2
172468,4.35547,49.53772,2
172469,4.35609,49.538,2
172470,4.35547,49.53772,2
172471,4.35378,49.53952,2
172472,4.345345,49.523354,2
172473,4.382243,49.544531,2
172474,4.69505,49.45285,2
172475,4.69574,49.45235,2
172476,4.69773,49.45291,2
172477,4.69505,49.45285,2
172478,4.69505,49.45285,2
172479,4.6957,49.4524,2
172480,4.94458,49.65385,2
172481,4.945666,49.653398,2
172482,4.94328,49.65072,2
172483,4.94324,49.6508,2
172484,4.94414,49.65211,2
172485,4.941566,49.650629,2
172486,4.94263,49.65029,2
172487,4.94531,49.65096,2
172488,4.94414,49.65211,2
172489,4.943654,49.650054,2
172490,4.94414,49.65211,2
172491,4.70409,49.43426,2
172492,4.70288,49.43407,2
172493,4.70392,49.4341,2
172494,4.70392,49.4341,2
172495,4.70495,49.43533,2
172496,4.70409,49.43424,2
172497,4.70517,49.43393,2
