"ID","Longitude","Latitude","ServiceTime (min)"
43808,4.76309,49.77375,2
43809,4.76309,49.77375,2
43810,4.76611,49.78159,2
43811,4.7631,49.77397,2
43812,4.76309,49.77375,2
43813,4.76309,49.77375,2
43814,4.76201,49.7738,2
43815,4.76309,49.77375,2
43816,4.76309,49.77375,2
43817,4.76309,49.77375,2
43818,4.76241,49.77375,2
43819,4.76302,49.77384,2
43820,4.76239,49.7738,2
43821,4.76349,49.77401,2
43822,4.76309,49.77375,2
43823,4.76309,49.77375,2
43824,4.76257,49.77326,2
43825,4.76239,49.7738,2
43826,4.76181,49.77365,2
43827,4.76447,49.77444,2
43828,4.76239,49.7738,2
43829,4.76239,49.7738,2
43830,4.76165,49.77375,2
43831,4.76239,49.7738,2
43832,4.76417,49.77464,2
43833,4.76274,49.77391,2
43834,4.76309,49.77375,2
43835,4.76237,49.77386,2
43836,4.75768,49.77355,2
43837,4.76434,49.77487,2
43838,4.76466,49.77494,2
43839,4.76611,49.78159,2
43840,4.76498,49.77502,2
43841,4.7653,49.77509,2
43842,4.76562,49.77516,2
43843,4.76592,49.77523,2
43844,4.7662,49.77529,2
43845,4.76649,49.77535,2
43846,4.76677,49.77541,2
43847,4.76705,49.77547,2
43848,4.76733,49.77553,2
43849,4.76736,49.77541,2
43850,4.76702,49.77534,2
43851,4.76668,49.77527,2
43852,4.76635,49.7752,2
43853,4.76601,49.77512,2
43854,4.76548,49.77481,2
43855,4.76517,49.77454,2
43856,4.76551,49.77468,2
43857,4.76586,49.77481,2
43858,4.76594,49.77503,2
43859,4.76568,49.77505,2
43860,4.76536,49.77498,2
43861,4.76504,49.77491,2
43862,4.76472,49.77483,2
43863,4.75493,49.77116,2
43864,4.7644,49.77476,2
43865,4.76456,49.77517,2
43866,4.76309,49.77375,2
43867,4.75439,49.77165,2
43868,4.76132,49.77779,2
43869,4.75432,49.77148,2
43870,4.76134,49.77798,2
43871,4.76117,49.77799,2
43872,4.75422,49.77162,2
43873,4.76114,49.7778,2
43874,4.76111,49.77762,2
43875,4.75422,49.77179,2
43876,4.76103,49.77742,2
43877,4.7609,49.77718,2
43878,4.75534,49.77151,2
43879,4.76072,49.77695,2
43880,4.76105,49.77712,2
43881,4.75453,49.77137,2
43882,4.7612,49.77737,2
43883,4.75503,49.77224,2
43884,4.75508,49.77229,2
43885,4.75508,49.77229,2
43886,4.757596,49.785197,2
43887,4.752546,49.775856,2
43888,4.76257,49.77326,2
43889,4.76257,49.77326,2
43890,4.76447,49.77444,2
43891,4.75768,49.77355,2
43892,4.76395,49.77443,2
43893,4.7566,49.77073,2
43894,4.75816,49.7733,2
43895,4.76537,49.78206,2
43896,4.76521,49.78218,2
43897,4.76505,49.7823,2
43898,4.76484,49.78245,2
43899,4.76484,49.78245,2
43900,4.76405,49.78345,2
43901,4.76453,49.7824,2
43902,4.76406,49.7828,2
43903,4.76436,49.78277,2
43904,4.76175,49.78366,2
43905,4.75982,49.78474,2
43906,4.76487,49.78301,2
43907,4.76125,49.7837,2
43908,4.76082,49.7838,2
43909,4.76039,49.78389,2
43910,4.75995,49.78399,2
43911,4.76106,49.78387,2
43912,4.76102,49.78474,2
43913,4.76143,49.78508,2
43914,4.76125,49.78513,2
43915,4.76107,49.78519,2
43916,4.76068,49.7852,2
43917,4.76088,49.7852,2
43918,4.76168,49.78361,2
43919,4.76211,49.78351,2
43920,4.76035,49.78509,2
43921,4.75991,49.78511,2
43922,4.75961,49.7853,2
43923,4.76102,49.78474,2
43924,4.76029,49.78521,2
43925,4.75979,49.78533,2
43926,4.75969,49.78563,2
43927,4.75929,49.78536,2
43928,4.75935,49.78551,2
43929,4.76537,49.78206,2
43930,4.7588,49.78539,2
43931,4.75825,49.78528,2
43932,4.75769,49.78504,2
43933,4.75712,49.78457,2
43934,4.75724,49.78504,2
43935,4.76254,49.78341,2
43936,4.7569,49.77143,2
43937,4.75771,49.78517,2
43938,4.76175,49.78366,2
43939,4.75811,49.77165,2
43940,4.76175,49.78366,2
43941,4.75629,49.78531,2
43942,4.75629,49.78531,2
43943,4.75496,49.77334,2
43944,4.75534,49.77151,2
43945,4.75496,49.77334,2
43946,4.75534,49.77151,2
43947,4.75534,49.77151,2
43948,4.75197,49.77011,2
43949,4.75768,49.77355,2
43950,4.75497,49.77047,2
43951,4.75492,49.77066,2
43952,4.754828,49.770743,2
43953,4.75545,49.77052,2
43954,4.75595,49.77059,2
43955,4.75556,49.77042,2
43956,4.75534,49.77151,2
43957,4.75479,49.77046,2
43958,4.756,49.77048,2
43959,4.75505,49.77101,2
43960,4.75495,49.77087,2
43961,4.75495,49.77087,2
43962,4.75495,49.77087,2
43963,4.75539,49.77172,2
43964,4.75598,49.77223,2
43965,4.7553,49.77131,2
43966,4.75556,49.77167,2
43967,4.75558,49.77201,2
43968,4.75539,49.77172,2
43969,4.75575,49.7718,2
43970,4.75672,49.77169,2
43971,4.75677,49.77162,2
43972,4.75669,49.77136,2
43973,4.75654,49.77084,2
43974,4.75694,49.77156,2
43975,4.75646,49.77058,2
43976,4.75696,49.77163,2
43977,4.75696,49.77163,2
43978,4.75686,49.7713,2
43979,4.75599,49.77021,2
43980,4.7566,49.77073,2
43981,4.75953,49.7712,2
43982,4.75688,49.77136,2
43983,4.75698,49.77169,2
43984,4.75705,49.77165,2
43985,4.75812,49.77157,2
43986,4.75815,49.77169,2
43987,4.75882,49.77152,2
43988,4.75882,49.77152,2
43989,4.75987,49.77091,2
43990,4.75595,49.77238,2
43991,4.75627,49.77262,2
43992,4.75811,49.77165,2
43993,4.7661,49.77666,2
43994,4.75572,49.77234,2
43995,4.7661,49.77666,2
43996,4.75552,49.77254,2
43997,4.75554,49.77328,2
43998,4.75558,49.77281,2
43999,4.7594,49.77145,2
44000,4.75567,49.7732,2
44001,4.75541,49.77325,2
44002,4.75538,49.77276,2
44003,4.75536,49.773185,2
44004,4.75496,49.77334,2
44005,4.75946,49.77133,2
44006,4.75959,49.77108,2
44007,4.75539,49.77319,2
44008,4.75559,49.77226,2
44009,4.75534,49.77248,2
44010,4.75966,49.77095,2
44011,4.75972,49.77083,2
44012,4.76292,49.77129,2
44013,4.75918,49.77149,2
44014,4.75954,49.77153,2
44015,4.75627,49.77186,2
44016,4.75534,49.77151,2
44017,4.75618,49.77236,2
44018,4.75681,49.77232,2
44019,4.75703,49.77235,2
44020,4.75664,49.77246,2
44021,4.75722,49.77227,2
44022,4.75763,49.77221,2
44023,4.75635,49.77249,2
44024,4.75649,49.77262,2
44025,4.75663,49.77275,2
44026,4.75705,49.77314,2
44027,4.75677,49.77288,2
44028,4.75691,49.77301,2
44029,4.75746,49.77235,2
44030,4.75534,49.77151,2
44031,4.75719,49.77327,2
44032,4.75733,49.7734,2
44033,4.75557,49.77358,2
44034,4.75698,49.77355,2
44035,4.75698,49.77344,2
44036,4.75627,49.77345,2
44037,4.75557,49.77346,2
44038,4.75534,49.77151,2
44039,4.75711,49.7734,2
44040,4.75683,49.77315,2
44041,4.75655,49.77288,2
44042,4.75816,49.7733,2
44043,4.75816,49.7733,2
44044,4.75816,49.7733,2
44045,4.75816,49.7733,2
44046,4.75816,49.7733,2
44047,4.75919,49.77366,2
44048,4.75919,49.77366,2
44049,4.75919,49.77366,2
44050,4.75856,49.77368,2
44051,4.7601,49.77391,2
44052,4.7601,49.77391,2
44053,4.75856,49.77368,2
44054,4.7601,49.77391,2
44055,4.76012,49.774,2
44056,4.7601,49.77391,2
44057,4.7601,49.77391,2
44058,4.76097,49.77422,2
44059,4.76097,49.77422,2
44060,4.76097,49.77422,2
44061,4.76097,49.77422,2
44062,4.76097,49.77422,2
44063,4.76136,49.77405,2
44064,4.76136,49.77405,2
44065,4.76513,49.77583,2
44066,4.76533,49.77576,2
44067,4.76555,49.7758,2
44068,4.76578,49.77586,2
44069,4.766,49.77591,2
44070,4.76622,49.77596,2
44071,4.76645,49.77602,2
44072,4.76667,49.77607,2
44073,4.76689,49.77612,2
44074,4.75473,49.77127,2
44075,4.76712,49.77618,2
44076,4.7669,49.77625,2
44077,4.76639,49.77612,2
44078,4.76587,49.776,2
44079,4.76535,49.77587,2
44080,4.76532,49.77603,2
44081,4.76558,49.77624,2
44082,4.76575,49.77638,2
44083,4.76592,49.77652,2
44084,4.7661,49.77666,2
44085,4.76636,49.7768,2
44086,4.76401,49.77561,2
44087,4.76045,49.78485,2
44088,4.76445,49.77572,2
44089,4.76678,49.77702,2
44090,4.76486,49.77585,2
44091,4.76509,49.77603,2
44092,4.76527,49.77617,2
44093,4.76547,49.77633,2
44094,4.7657,49.77652,2
44095,4.76593,49.77671,2
44096,4.76626,49.77689,2
44097,4.76603,49.77686,2
44098,4.76577,49.77696,2
44099,4.76546,49.77697,2
44100,4.76516,49.77699,2
44101,4.76485,49.777,2
44102,4.76455,49.77701,2
44103,4.76424,49.77702,2
44104,4.76394,49.77704,2
44105,4.75513,49.77135,2
44106,4.76361,49.77742,2
44107,4.76322,49.77747,2
44108,4.76358,49.77716,2
44109,4.76369,49.77689,2
44110,4.76371,49.77672,2
44111,4.76392,49.77666,2
44112,4.76378,49.77651,2
44113,4.76393,49.77661,2
44114,4.7643,49.7763,2
44115,4.76395,49.77656,2
44116,4.76495,49.77633,2
44117,4.76396,49.77651,2
44118,4.76524,49.77635,2
44119,4.76397,49.77646,2
44120,4.76421,49.7764,2
44121,4.76399,49.77641,2
44122,4.76387,49.77689,2
44123,4.76401,49.77692,2
44124,4.76448,49.7769,2
44125,4.76495,49.77688,2
44126,4.75811,49.77165,2
44127,4.76542,49.77686,2
44128,4.759534,49.771413,2
44129,4.76587,49.77679,2
44130,4.7649,49.77571,2
44131,4.7642,49.77554,2
44132,4.76138,49.77438,2
44133,4.76166,49.77443,2
44134,4.76193,49.77447,2
44135,4.76274,49.77461,2
44136,4.76247,49.77457,2
44137,4.7622,49.77452,2
44138,4.76328,49.77471,2
44139,4.76302,49.77466,2
44140,4.76349,49.77484,2
44141,4.7637,49.77496,2
44142,4.76388,49.77509,2
44143,4.76309,49.77375,2
44144,4.316659,49.847745,2
44145,4.31381,49.84729,2
44146,4.314161,49.847453,2
44147,4.31438,49.847351,2
44148,4.31381,49.84727,2
44149,4.313136,49.847524,2
44150,4.31788,49.85084,2
44151,4.31563,49.84665,2
44152,4.31563,49.84665,2
44153,4.31286,49.84841,2
44154,4.31381,49.84729,2
44155,4.29232,49.84434,2
44156,4.31381,49.84729,2
44157,4.31381,49.84729,2
44158,4.31381,49.84729,2
44159,4.31381,49.84729,2
44160,4.31788,49.85084,2
44161,4.31381,49.84729,2
44162,4.31381,49.84729,2
44163,4.31416,49.84961,2
44164,4.31381,49.84729,2
44165,4.31381,49.84729,2
44166,4.3118,49.849962,2
44167,4.31204,49.84916,2
44168,4.311934,49.847696,2
44169,4.31204,49.84916,2
44170,4.311934,49.847696,2
44171,4.31204,49.84916,2
44172,4.31381,49.84729,2
44173,4.312991,49.847014,2
44174,4.31299,49.84679,2
44175,4.31299,49.84679,2
44176,4.31299,49.84679,2
44177,4.31299,49.84679,2
44178,4.312468,49.845703,2
44179,4.31563,49.84665,2
44180,4.31239,49.84554,2
44181,4.306868,49.848497,2
44182,4.29232,49.84434,2
44183,4.29357,49.84464,2
44184,4.29357,49.84464,2
44185,4.29357,49.84464,2
44186,4.29357,49.84464,2
44187,4.29837,49.83895,2
44188,4.29357,49.84464,2
44189,4.29232,49.84434,2
44190,4.29232,49.84434,2
44191,4.29357,49.84464,2
44192,4.29232,49.84434,2
44193,4.31788,49.85084,2
44194,4.29232,49.84434,2
44195,4.29357,49.84464,2
44196,4.31381,49.84729,2
44197,4.29357,49.84464,2
44198,4.29357,49.84464,2
44199,4.28609,49.84573,2
44200,4.29357,49.84464,2
44201,4.29232,49.84434,2
44202,4.29232,49.84434,2
44203,4.29219,49.84833,2
44204,4.31788,49.85084,2
44205,4.312337,49.845893,2
44206,4.31788,49.85084,2
44207,4.31567,49.84755,2
44208,4.31381,49.84729,2
44209,4.316359,49.850382,2
44210,4.31381,49.84729,2
44211,4.316219,49.850357,2
44212,4.311429,49.849339,2
44213,4.3118,49.849962,2
44214,4.311,49.849391,2
44215,4.312539,49.847165,2
44216,4.31381,49.84729,2
44217,4.31299,49.84679,2
44218,4.29357,49.84464,2
44219,4.29357,49.84464,2
44220,4.295456,49.845053,2
44221,4.29357,49.84464,2
44222,4.311655,49.850162,2
44223,4.31031,49.8113,2
44224,4.316178,49.794032,2
44225,4.32567,49.79528,2
44226,4.31704,49.795859,2
44227,4.31628,49.7988,2
44228,4.32186,49.79198,2
44229,4.32186,49.79198,2
44230,4.316557,49.795921,2
44231,4.316316,49.79579,2
44232,4.316316,49.79579,2
44233,4.316406,49.79525,2
44234,4.31628,49.7988,2
44235,4.31624,49.79877,2
44236,4.315378,49.795931,2
44237,4.314851,49.795931,2
44238,4.31628,49.7988,2
44239,4.313601,49.795915,2
44240,4.308959,49.795344,2
44241,4.30681,49.79592,2
44242,4.31628,49.7988,2
44243,4.31602,49.79813,2
44244,4.31602,49.79813,2
44245,4.316095,49.796162,2
44246,4.315787,49.796464,2
44247,4.31628,49.7988,2
44248,4.315958,49.796578,2
44249,4.31602,49.79813,2
44250,4.315787,49.796464,2
44251,4.315958,49.796578,2
44252,4.315854,49.797109,2
44253,4.31602,49.79813,2
44254,4.315854,49.797109,2
44255,4.316141,49.797356,2
44256,4.31602,49.79813,2
44257,4.316141,49.797356,2
44258,4.31602,49.79813,2
44259,4.31602,49.79813,2
44260,4.31602,49.79813,2
44261,4.31628,49.7988,2
44262,4.31736,49.79857,2
44263,4.318523,49.797587,2
44264,4.31628,49.7988,2
44265,4.31628,49.7988,2
44266,4.319306,49.797035,2
44267,4.3187,49.79863,2
44268,4.3187,49.79863,2
44269,4.31628,49.7988,2
44270,4.318139,49.799129,2
44271,4.31628,49.7988,2
44272,4.318169,49.79991,2
44273,4.3117,49.80234,2
44274,4.31909,49.8,2
44275,4.31909,49.8,2
44276,4.31909,49.8,2
44277,4.31909,49.8,2
44278,4.31909,49.8,2
44279,4.31909,49.8,2
44280,4.319019,49.799977,2
44281,4.31031,49.8113,2
44282,4.31705,49.800018,2
44283,4.31762,49.79916,2
44284,4.31736,49.79857,2
44285,4.31762,49.79916,2
44286,4.31481,49.79888,2
44287,4.31481,49.79888,2
44288,4.31481,49.79888,2
44289,4.317531,49.798833,2
44290,4.316685,49.798838,2
44291,4.316537,49.798957,2
44292,4.316537,49.798957,2
44293,4.31481,49.79888,2
44294,4.31655,49.798957,2
44295,4.31628,49.7988,2
44296,4.315898,49.79895,2
44297,4.316634,49.798965,2
44298,4.31481,49.79888,2
44299,4.31628,49.7988,2
44300,4.31628,49.7988,2
44301,4.31481,49.79888,2
44302,4.315067,49.79899,2
44303,4.31481,49.79888,2
44304,4.31628,49.7988,2
44305,4.31481,49.79888,2
44306,4.31481,49.79888,2
44307,4.31481,49.79888,2
44308,4.31481,49.79888,2
44309,4.31481,49.79888,2
44310,4.31481,49.79888,2
44311,4.31481,49.79888,2
44312,4.31481,49.79888,2
44313,4.31481,49.79888,2
44314,4.31481,49.79888,2
44315,4.31031,49.8113,2
44316,4.31031,49.8113,2
44317,4.31031,49.8113,2
44318,4.31628,49.7988,2
44319,4.31031,49.8113,2
44320,4.32186,49.79198,2
44321,4.33025,49.78173,2
44322,4.30789,49.78252,2
44323,4.30789,49.78252,2
44324,4.29245,49.78796,2
44325,4.29245,49.78796,2
44326,4.29245,49.78796,2
44327,4.29245,49.78796,2
44328,4.31031,49.8113,2
44329,4.321586,49.792147,2
44330,4.316406,49.795241,2
44331,4.316406,49.79525,2
44332,4.31602,49.79813,2
44333,4.31628,49.7988,2
44334,4.318379,49.798155,2
44335,4.318139,49.799129,2
44336,4.318147,49.799686,2
44337,4.318139,49.799129,2
44338,4.323241,49.801507,2
44339,4.31628,49.7988,2
44340,4.3187,49.79863,2
44341,4.317114,49.798831,2
44342,4.316685,49.798838,2
44343,4.31481,49.79888,2
44344,4.31481,49.79888,2
44345,4.31481,49.79888,2
44346,4.31481,49.79888,2
44347,4.31031,49.8113,2
44348,4.31031,49.8113,2
44349,4.31031,49.8113,2
44350,4.31031,49.8113,2
44351,4.30789,49.78252,2
44352,4.30789,49.78252,2
44353,4.29245,49.78796,2
44354,4.33025,49.78173,2
44355,4.29245,49.78796,2
44356,4.31624,49.79877,2
44357,4.31624,49.79877,2
44358,4.31481,49.79888,2
44359,4.31814,49.79963,2
44360,4.321297,49.800748,2
44361,4.33025,49.78173,2
44362,4.25066,49.83653,2
44363,4.260752,49.839302,2
44364,4.25547,49.83834,2
44365,4.25547,49.83834,2
44366,4.264034,49.825867,2
44367,4.25547,49.83834,2
44368,4.25547,49.83834,2
44369,4.25547,49.83834,2
44370,4.25547,49.83834,2
44371,4.25547,49.83834,2
44372,4.25547,49.83834,2
44373,4.26637,49.80773,2
44374,4.257164,49.837706,2
44375,4.25547,49.83834,2
44376,4.25066,49.83653,2
44377,4.255214,49.838276,2
44378,4.2552,49.838276,2
44379,4.25672,49.83826,2
44380,4.25547,49.83834,2
44381,4.25567,49.83896,2
44382,4.25629,49.8394,2
44383,4.25547,49.83834,2
44384,4.256861,49.839588,2
44385,4.25547,49.83834,2
44386,4.25547,49.83834,2
44387,4.25387,49.83985,2
44388,4.25547,49.83834,2
44389,4.25547,49.83834,2
44390,4.25547,49.83834,2
44391,4.25702,49.83881,2
44392,4.257752,49.839278,2
44393,4.2552,49.838276,2
44394,4.25547,49.83834,2
44395,4.2552,49.838276,2
44396,4.260603,49.839403,2
44397,4.25287,49.83734,2
44398,4.26132,49.838898,2
44399,4.25672,49.83826,2
44400,4.257052,49.838777,2
44401,4.25672,49.83826,2
44402,4.25672,49.83826,2
44403,4.257164,49.837706,2
44404,4.25672,49.83826,2
44405,4.25816,49.837583,2
44406,4.257677,49.837662,2
44407,4.25816,49.837583,2
44408,4.258901,49.837346,2
44409,4.258901,49.837346,2
44410,4.25547,49.83834,2
44411,4.25547,49.83834,2
44412,4.26637,49.80773,2
44413,4.25547,49.83834,2
44414,4.26637,49.80773,2
44415,4.26321,49.80488,2
44416,4.25547,49.83834,2
44417,4.25183,49.83591,2
44418,4.25066,49.83653,2
44419,4.25568,49.83742,2
44420,4.25672,49.83826,2
44421,4.27804,49.83854,2
44422,4.25287,49.83734,2
44423,4.259349,49.837088,2
44424,4.25577,49.83756,2
44425,4.71918,49.74639,2
44426,4.720472,49.745334,2
44427,4.71918,49.74639,2
44428,4.71918,49.74639,2
44429,4.71918,49.74639,2
44430,4.71918,49.74639,2
44431,4.71918,49.74639,2
44432,4.71918,49.74639,2
44433,4.71918,49.74639,2
44434,4.71918,49.74639,2
44435,4.71918,49.74639,2
44436,4.71918,49.74639,2
44437,4.71918,49.74639,2
44438,4.71918,49.74639,2
44439,4.71918,49.74639,2
44440,4.71918,49.74639,2
44441,4.71918,49.74639,2
44442,4.71918,49.74639,2
44443,4.71918,49.74639,2
44444,4.71918,49.74639,2
44445,4.71918,49.74639,2
44446,4.71918,49.74639,2
44447,4.71918,49.74639,2
44448,4.71918,49.74639,2
44449,4.71918,49.74639,2
44450,4.71918,49.74639,2
44451,4.71918,49.74639,2
44452,4.720472,49.745334,2
44453,4.71918,49.74639,2
44454,4.71918,49.74639,2
44455,4.71918,49.74639,2
44456,4.71918,49.74639,2
44457,4.71918,49.74639,2
44458,4.71918,49.74639,2
44459,4.71918,49.74639,2
44460,4.71918,49.74639,2
44461,4.71918,49.74639,2
44462,4.71918,49.74639,2
44463,4.71918,49.74639,2
44464,4.71918,49.74639,2
44465,4.71918,49.74639,2
44466,4.71918,49.74639,2
44467,4.71918,49.74639,2
44468,4.71918,49.74639,2
44469,4.71918,49.74639,2
44470,4.71918,49.74639,2
44471,4.71918,49.74639,2
44472,4.71918,49.74639,2
44473,4.71918,49.74639,2
44474,4.71918,49.74639,2
44475,4.71918,49.74639,2
44476,4.71918,49.74639,2
44477,4.71918,49.74639,2
44478,4.71918,49.74639,2
44479,4.71918,49.74639,2
44480,4.71918,49.74639,2
44481,4.71918,49.74639,2
44482,4.71918,49.74639,2
44483,4.71918,49.74639,2
44484,4.71918,49.74639,2
44485,4.71918,49.74639,2
44486,4.71918,49.74639,2
44487,4.71918,49.74639,2
44488,4.71918,49.74639,2
44489,4.71918,49.74639,2
44490,4.71918,49.74639,2
44491,4.71918,49.74639,2
44492,4.71918,49.74639,2
44493,4.71918,49.74639,2
44494,4.71918,49.74639,2
44495,4.71918,49.74639,2
44496,4.71918,49.74639,2
44497,4.71918,49.74639,2
44498,4.71918,49.74639,2
44499,4.720667,49.745052,2
44500,4.71918,49.74639,2
44501,4.71918,49.74639,2
44502,4.71918,49.74639,2
44503,4.71918,49.74639,2
44504,4.71918,49.74639,2
44505,4.71918,49.74639,2
44506,4.71918,49.74639,2
44507,4.71918,49.74639,2
44508,4.71918,49.74639,2
44509,4.71918,49.74639,2
44510,4.71918,49.74639,2
44511,4.71918,49.74639,2
44512,4.71918,49.74639,2
44513,4.71918,49.74639,2
44514,4.71918,49.74639,2
44515,4.71918,49.74639,2
44516,4.71918,49.74639,2
44517,4.71918,49.74639,2
44518,4.71918,49.74639,2
44519,4.71918,49.74639,2
44520,4.71918,49.74639,2
44521,4.71918,49.74639,2
44522,4.71918,49.74639,2
44523,4.71918,49.74639,2
44524,4.71918,49.74639,2
44525,4.71918,49.74639,2
44526,4.71918,49.74639,2
44527,4.71918,49.74639,2
44528,4.71918,49.74639,2
44529,4.71918,49.74639,2
44530,4.72056,49.74793,2
44531,4.72056,49.74793,2
44532,4.72056,49.74793,2
44533,4.72056,49.74793,2
44534,4.72056,49.74793,2
44535,4.72056,49.74793,2
44536,4.72056,49.74793,2
44537,4.72056,49.74793,2
44538,4.72056,49.74793,2
44539,4.72056,49.74793,2
44540,4.72056,49.74793,2
44541,4.72056,49.74793,2
44542,4.72056,49.74793,2
44543,4.72056,49.74793,2
44544,4.72056,49.74793,2
44545,4.72056,49.74793,2
44546,4.72056,49.74793,2
44547,4.72056,49.74793,2
44548,4.72056,49.74793,2
44549,4.72056,49.74793,2
44550,4.72056,49.74793,2
44551,4.72056,49.74793,2
44552,4.72056,49.74793,2
44553,4.72078,49.74741,2
44554,4.72078,49.74741,2
44555,4.72078,49.74741,2
44556,4.72078,49.74741,2
44557,4.72078,49.74741,2
44558,4.72078,49.74741,2
44559,4.72078,49.74741,2
44560,4.72078,49.74741,2
44561,4.72078,49.74741,2
44562,4.72078,49.74741,2
44563,4.72078,49.74741,2
44564,4.72078,49.74741,2
44565,4.72078,49.74741,2
44566,4.72078,49.74741,2
44567,4.72078,49.74741,2
44568,4.72078,49.74741,2
44569,4.72078,49.74741,2
44570,4.71918,49.74639,2
44571,4.72078,49.74741,2
44572,4.71918,49.74639,2
44573,4.72078,49.74741,2
44574,4.71918,49.74639,2
44575,4.72078,49.74741,2
44576,4.71918,49.74639,2
44577,4.72078,49.74741,2
44578,4.71918,49.74639,2
44579,4.72078,49.74741,2
44580,4.71918,49.74639,2
44581,4.72078,49.74741,2
44582,4.71918,49.74639,2
44583,4.72078,49.74741,2
44584,4.72078,49.74741,2
44585,4.71918,49.74639,2
44586,4.72078,49.74741,2
44587,4.71918,49.74639,2
44588,4.72078,49.74741,2
44589,4.71918,49.74639,2
44590,4.72078,49.74741,2
44591,4.72056,49.74793,2
44592,4.72078,49.74741,2
44593,4.72078,49.74741,2
44594,4.72056,49.74793,2
44595,4.72082,49.74671,2
44596,4.72056,49.74793,2
44597,4.72082,49.74671,2
44598,4.72056,49.74793,2
44599,4.72082,49.74671,2
44600,4.72082,49.74671,2
44601,4.72078,49.74741,2
44602,4.72082,49.74671,2
44603,4.72078,49.74741,2
44604,4.72082,49.74671,2
44605,4.72082,49.74671,2
44606,4.72078,49.74741,2
44607,4.72082,49.74671,2
44608,4.72082,49.74671,2
44609,4.72082,49.74671,2
44610,4.72082,49.74671,2
44611,4.72082,49.74671,2
44612,4.72082,49.74671,2
44613,4.71918,49.74639,2
44614,4.72082,49.74671,2
44615,4.71918,49.74639,2
44616,4.72082,49.74671,2
44617,4.71918,49.74639,2
44618,4.72082,49.74671,2
44619,4.71918,49.74639,2
44620,4.72082,49.74671,2
44621,4.7205,49.74199,2
44622,4.72082,49.74671,2
44623,4.72082,49.74671,2
44624,4.7205,49.74199,2
44625,4.72082,49.74671,2
44626,4.72082,49.74671,2
44627,4.72082,49.74671,2
44628,4.72082,49.74671,2
44629,4.72082,49.74671,2
44630,4.72082,49.74671,2
44631,4.72082,49.74671,2
44632,4.72082,49.74671,2
44633,4.72082,49.74671,2
44634,4.72082,49.74671,2
44635,4.71918,49.74639,2
44636,4.71918,49.74639,2
44637,4.71918,49.74639,2
44638,4.71918,49.74639,2
44639,4.71918,49.74639,2
44640,4.71918,49.74639,2
44641,4.71918,49.74639,2
44642,4.71918,49.74639,2
44643,4.71918,49.74639,2
44644,4.71918,49.74639,2
44645,4.71918,49.74639,2
44646,4.71918,49.74639,2
44647,4.71918,49.74639,2
44648,4.71918,49.74639,2
44649,4.71918,49.74639,2
44650,4.71918,49.74639,2
44651,4.71918,49.74639,2
44652,4.71918,49.74639,2
44653,4.71918,49.74639,2
44654,4.71918,49.74639,2
44655,4.71918,49.74639,2
44656,4.71918,49.74639,2
44657,4.71918,49.74639,2
44658,4.71918,49.74639,2
44659,4.71918,49.74639,2
44660,4.71918,49.74639,2
44661,4.71918,49.74639,2
44662,4.71918,49.74639,2
44663,4.71918,49.74639,2
44664,4.71918,49.74639,2
44665,4.71918,49.74639,2
44666,4.71918,49.74639,2
44667,4.71918,49.74639,2
44668,4.71918,49.74639,2
44669,4.71918,49.74639,2
44670,4.71918,49.74639,2
44671,4.71918,49.74639,2
44672,4.71918,49.74639,2
44673,4.71918,49.74639,2
44674,4.71918,49.74639,2
44675,4.71918,49.74639,2
44676,4.71918,49.74639,2
44677,4.7205,49.74199,2
44678,4.7205,49.74199,2
44679,4.7205,49.74199,2
44680,4.7205,49.74199,2
44681,4.7205,49.74199,2
44682,4.7205,49.74199,2
44683,4.7205,49.74199,2
44684,4.7205,49.74199,2
44685,4.7205,49.74199,2
44686,4.7205,49.74199,2
44687,4.7205,49.74199,2
44688,4.7205,49.74199,2
44689,4.7205,49.74199,2
44690,4.7205,49.74199,2
44691,4.7205,49.74199,2
44692,4.7205,49.74199,2
44693,4.7205,49.74199,2
44694,4.7205,49.74199,2
44695,4.7205,49.74199,2
44696,4.7205,49.74199,2
44697,4.7205,49.74199,2
44698,4.7205,49.74199,2
44699,4.7205,49.74199,2
44700,4.7205,49.74199,2
44701,4.7205,49.74199,2
44702,4.7205,49.74199,2
44703,4.7205,49.74199,2
44704,4.7205,49.74199,2
44705,4.7205,49.74199,2
44706,4.7205,49.74199,2
44707,4.7205,49.74199,2
44708,4.7205,49.74199,2
44709,4.7205,49.74199,2
44710,4.7205,49.74199,2
44711,4.7205,49.74199,2
44712,4.7205,49.74199,2
44713,4.7205,49.74199,2
44714,4.7205,49.74199,2
44715,4.7205,49.74199,2
44716,4.7205,49.74199,2
44717,4.7205,49.74199,2
44718,4.7205,49.74199,2
44719,4.71469,49.74507,2
44720,4.71488,49.74478,2
44721,4.71528,49.7446,2
44722,4.71551,49.74454,2
44723,4.71575,49.74458,2
44724,4.71598,49.74461,2
44725,4.71616,49.74465,2
44726,4.71631,49.7447,2
44727,4.71647,49.74474,2
44728,4.71672,49.74489,2
44729,4.71685,49.74498,2
44730,4.71696,49.74507,2
44731,4.71707,49.74516,2
44732,4.71722,49.74523,2
44733,4.71735,49.74528,2
44734,4.71748,49.74532,2
44735,4.71761,49.74536,2
44736,4.71782,49.74534,2
44737,4.71791,49.74529,2
44738,4.71795,49.74516,2
44739,4.71791,49.74509,2
44740,4.71779,49.74507,2
44741,4.71768,49.74504,2
44742,4.71756,49.74502,2
44743,4.71745,49.745,2
44744,4.71705,49.7449,2
44745,4.71696,49.74483,2
44746,4.71687,49.74477,2
44747,4.71676,49.74469,2
44748,4.7166,49.74461,2
44749,4.71644,49.74455,2
44750,4.71628,49.7445,2
44751,4.71607,49.74445,2
44752,4.71587,49.74443,2
44753,4.71566,49.74441,2
44754,4.71555,49.74439,2
44755,4.71563,49.74422,2
44756,4.71572,49.74405,2
44757,4.71595,49.74394,2
44758,4.71618,49.74384,2
44759,4.71667,49.74379,2
44760,4.71679,49.74386,2
44761,4.71691,49.74393,2
44762,4.71703,49.744,2
44763,4.71719,49.74412,2
44764,4.71737,49.74427,2
44765,4.7175,49.74435,2
44766,4.71763,49.74443,2
44767,4.71775,49.74451,2
44768,4.71786,49.74456,2
44769,4.718,49.74462,2
44770,4.71814,49.74468,2
44771,4.71829,49.74474,2
44772,4.71848,49.74478,2
44773,4.71865,49.7448,2
44774,4.71882,49.74482,2
44775,4.71898,49.74461,2
44776,4.71905,49.74473,2
44777,4.71902,49.74479,2
44778,4.71902,49.74467,2
44779,4.71893,49.74456,2
44780,4.71874,49.74454,2
44781,4.71854,49.74454,2
44782,4.7184,49.74452,2
44783,4.71817,49.74446,2
44784,4.71795,49.7444,2
44785,4.7178,49.74432,2
44786,4.71767,49.74424,2
44787,4.71754,49.74416,2
44788,4.71743,49.74407,2
44789,4.71732,49.74396,2
44790,4.71718,49.74385,2
44791,4.71703,49.74377,2
44792,4.71689,49.7437,2
44793,4.71678,49.7436,2
44794,4.71678,49.74337,2
44795,4.71577,49.74342,2
44796,4.7157,49.74311,2
44797,4.71559,49.74292,2
44798,4.71553,49.74288,2
44799,4.71548,49.74283,2
44800,4.71542,49.74279,2
44801,4.72078,49.74741,2
44802,4.71534,49.74276,2
44803,4.72082,49.74671,2
44804,4.71918,49.74639,2
44805,4.71525,49.74276,2
44806,4.71918,49.74639,2
44807,4.71516,49.74276,2
44808,4.71503,49.74286,2
44809,4.71503,49.74294,2
44810,4.7151,49.74302,2
44811,4.71518,49.74309,2
44812,4.71524,49.74319,2
44813,4.71531,49.74333,2
44814,4.71539,49.74348,2
44815,4.7153,49.74367,2
44816,4.71521,49.74378,2
44817,4.71512,49.74388,2
44818,4.71514,49.744,2
44819,4.71452,49.74518,2
44820,4.71454,49.74513,2
44821,4.71455,49.74508,2
44822,4.71649,49.74322,2
44823,4.71751,49.743,2
44824,4.71762,49.74312,2
44825,4.71769,49.7433,2
44826,4.71782,49.74347,2
44827,4.718,49.74359,2
44828,4.71815,49.74366,2
44829,4.7183,49.74373,2
44830,4.71845,49.7438,2
44831,4.71865,49.74387,2
44832,4.71884,49.7439,2
44833,4.71903,49.74394,2
44834,4.71921,49.74394,2
44835,4.71935,49.74385,2
44836,4.7205,49.74199,2
44837,4.71945,49.7437,2
44838,4.71934,49.7436,2
44839,4.71922,49.74351,2
44840,4.71904,49.74349,2
44841,4.71885,49.74351,2
44842,4.71866,49.74353,2
44843,4.71852,49.74353,2
44844,4.71837,49.74351,2
44845,4.71822,49.74349,2
44846,4.71807,49.74347,2
44847,4.71799,49.74343,2
44848,4.71788,49.74332,2
44849,4.71783,49.74319,2
44850,4.71778,49.74306,2
44851,4.71782,49.74295,2
44852,4.71795,49.74277,2
44853,4.71808,49.74259,2
44854,4.71738,49.74283,2
44855,4.71721,49.74282,2
44856,4.7171,49.7428,2
44857,4.71697,49.74274,2
44858,4.71685,49.74269,2
44859,4.71673,49.74264,2
44860,4.71661,49.74259,2
44861,4.71648,49.74254,2
44862,4.71636,49.74246,2
44863,4.71615,49.74242,2
44864,4.71602,49.74257,2
44865,4.71609,49.74266,2
44866,4.71629,49.74277,2
44867,4.71655,49.74285,2
44868,4.71681,49.74294,2
44869,4.71702,49.74304,2
44870,4.71918,49.74639,2
44871,4.71918,49.74639,2
44872,4.71918,49.74639,2
44873,4.71918,49.74639,2
44874,4.71918,49.74639,2
44875,4.71918,49.74639,2
44876,4.71918,49.74639,2
44877,4.71918,49.74639,2
44878,4.71918,49.74639,2
44879,4.71918,49.74639,2
44880,4.71918,49.74639,2
44881,4.71918,49.74639,2
44882,4.71918,49.74639,2
44883,4.71918,49.74639,2
44884,4.71918,49.74639,2
44885,4.71918,49.74639,2
44886,4.71918,49.74639,2
44887,4.71918,49.74639,2
44888,4.71918,49.74639,2
44889,4.71918,49.74639,2
44890,4.71918,49.74639,2
44891,4.71918,49.74639,2
44892,4.71918,49.74639,2
44893,4.71918,49.74639,2
44894,4.71918,49.74639,2
44895,4.71918,49.74639,2
44896,4.71918,49.74639,2
44897,4.71918,49.74639,2
44898,4.71918,49.74639,2
44899,4.71918,49.74639,2
44900,4.71918,49.74639,2
44901,4.71918,49.74639,2
44902,4.71918,49.74639,2
44903,4.71918,49.74639,2
44904,4.71918,49.74639,2
44905,4.71918,49.74639,2
44906,4.71918,49.74639,2
44907,4.71918,49.74639,2
44908,4.71918,49.74639,2
44909,4.71918,49.74639,2
44910,4.71918,49.74639,2
44911,4.71918,49.74639,2
44912,4.71918,49.74639,2
44913,4.71918,49.74639,2
44914,4.71918,49.74639,2
44915,4.71918,49.74639,2
44916,4.71918,49.74639,2
44917,4.71918,49.74639,2
44918,4.71918,49.74639,2
44919,4.71918,49.74639,2
44920,4.71918,49.74639,2
44921,4.71918,49.74639,2
44922,4.71918,49.74639,2
44923,4.71918,49.74639,2
44924,4.71918,49.74639,2
44925,4.71918,49.74639,2
44926,4.71918,49.74639,2
44927,4.71918,49.74639,2
44928,4.71918,49.74639,2
44929,4.71918,49.74639,2
44930,4.71918,49.74639,2
44931,4.71918,49.74639,2
44932,4.71918,49.74639,2
44933,4.71918,49.74639,2
44934,4.71918,49.74639,2
44935,4.71918,49.74639,2
44936,4.71918,49.74639,2
44937,4.71918,49.74639,2
44938,4.71918,49.74639,2
44939,4.71918,49.74639,2
44940,4.71918,49.74639,2
44941,4.71918,49.74639,2
44942,4.71918,49.74639,2
44943,4.71918,49.74639,2
44944,4.71918,49.74639,2
44945,4.71918,49.74639,2
44946,4.71918,49.74639,2
44947,4.71918,49.74639,2
44948,4.71918,49.74639,2
44949,4.71918,49.74639,2
44950,4.71918,49.74639,2
44951,4.71918,49.74639,2
44952,4.71918,49.74639,2
44953,4.71918,49.74639,2
44954,4.71918,49.74639,2
44955,4.71918,49.74639,2
44956,4.71918,49.74639,2
44957,4.71918,49.74639,2
44958,4.71918,49.74639,2
44959,4.71918,49.74639,2
44960,4.71918,49.74639,2
44961,4.71918,49.74639,2
44962,4.71918,49.74639,2
44963,4.71918,49.74639,2
44964,4.71918,49.74639,2
44965,4.84946,49.87364,2
44966,4.84942,49.87369,2
44967,4.84939,49.87375,2
44968,4.84939,49.87375,2
44969,4.84931,49.87387,2
44970,4.84935,49.8738,2
44971,4.8492,49.87387,2
44972,4.84911,49.87416,2
44973,4.84916,49.87409,2
44974,4.84911,49.87416,2
44975,4.84406,49.88844,2
44976,4.83692,49.91197,2
44977,4.83692,49.91197,2
44978,4.84259,49.88164,2
44979,4.85314,49.87239,2
44980,4.83763,49.91286,2
44981,4.84986,49.87315,2
44982,4.84314,49.8872,2
44983,4.8438,49.88816,2
44984,4.84272,49.88934,2
44985,4.84272,49.88934,2
44986,4.84272,49.88934,2
44987,4.84242,49.8872,2
44988,4.84256,49.88738,2
44989,4.84256,49.88738,2
44990,4.84256,49.88738,2
44991,4.8428,49.8876,2
44992,4.84235,49.88703,2
44993,4.84239,49.88713,2
44994,4.8428,49.88939,2
44995,4.8423,49.88694,2
44996,4.84222,49.88716,2
44997,4.84263,49.88713,2
44998,4.84273,49.88712,2
44999,4.84284,49.88711,2
45000,4.84284,49.88711,2
45001,4.84406,49.88844,2
45002,4.84241,49.88709,2
45003,4.84406,49.88844,2
45004,4.84284,49.88711,2
45005,4.84406,49.88844,2
45006,4.85004,49.87109,2
45007,4.84282,49.88701,2
45008,4.84265,49.88698,2
45009,4.84269,49.88687,2
45010,4.84287,49.8869,2
45011,4.84239,49.88685,2
45012,4.84406,49.88844,2
45013,4.84237,49.88646,2
45014,4.84272,49.88934,2
45015,4.84213,49.88697,2
45016,4.84438,49.88914,2
45017,4.84438,49.88914,2
45018,4.84449,49.88966,2
45019,4.84502,49.89014,2
45020,4.84438,49.88914,2
45021,4.8448,49.89014,2
45022,4.84409,49.88865,2
45023,4.8436,49.8875,2
45024,4.84449,49.88966,2
45025,4.84449,49.88966,2
45026,4.84406,49.88844,2
45027,4.84406,49.88844,2
45028,4.84406,49.88844,2
45029,4.841368,49.905698,2
45030,4.84406,49.88844,2
45031,4.84406,49.88844,2
45032,4.84598,49.89142,2
45033,4.84438,49.88882,2
45034,4.83953,49.91028,2
45035,4.83878,49.91039,2
45036,4.8382,49.91071,2
45037,4.83675,49.91176,2
45038,4.83878,49.91039,2
45039,4.83878,49.91039,2
45040,4.83878,49.91039,2
45041,4.83878,49.91039,2
45042,4.83727,49.91098,2
45043,4.83878,49.91039,2
45044,4.83727,49.91098,2
45045,4.83727,49.91098,2
45046,4.8361,49.91131,2
45047,4.83727,49.91098,2
45048,4.83727,49.91098,2
45049,4.83727,49.91098,2
45050,4.81296,49.92736,2
45051,4.83727,49.91098,2
45052,4.85075,49.87298,2
45053,4.8382,49.91071,2
45054,4.85075,49.87298,2
45055,4.83759,49.91091,2
45056,4.83622,49.91143,2
45057,4.83588,49.91137,2
45058,4.83588,49.91137,2
45059,4.83588,49.91142,2
45060,4.8357,49.91141,2
45061,4.83588,49.91137,2
45062,4.83553,49.91141,2
45063,4.83591,49.9117,2
45064,4.83591,49.9117,2
45065,4.83588,49.91165,2
45066,4.83474,49.91191,2
45067,4.83588,49.91165,2
45068,4.83588,49.91165,2
45069,4.83588,49.91165,2
45070,4.83588,49.91165,2
45071,4.83692,49.91197,2
45072,4.83702,49.9121,2
45073,4.83702,49.9121,2
45074,4.83712,49.91222,2
45075,4.83722,49.91235,2
45076,4.83732,49.91248,2
45077,4.83743,49.9126,2
45078,4.83773,49.91299,2
45079,4.83753,49.91273,2
45080,4.83794,49.91324,2
45081,4.83804,49.91337,2
45082,4.83814,49.9135,2
45083,4.83824,49.91362,2
45084,4.83687,49.9119,2
45085,4.83791,49.91383,2
45086,4.83854,49.91403,2
45087,4.83836,49.91378,2
45088,4.83872,49.91428,2
45089,4.8389,49.91453,2
45090,4.83908,49.91478,2
45091,4.83928,49.91504,2
45092,4.83949,49.91532,2
45093,4.83971,49.91559,2
45094,4.83953,49.91609,2
45095,4.8401,49.91675,2
45096,4.84272,49.88934,2
45097,4.84047,49.91719,2
45098,4.84245,49.88726,2
45099,4.84253,49.88756,2
45100,4.84027,49.91671,2
45101,4.84063,49.91714,2
45102,4.83727,49.91098,2
45103,4.83727,49.91098,2
45104,4.83956,49.91524,2
45105,4.83727,49.91098,2
45106,4.84406,49.88844,2
45107,4.83973,49.91609,2
45108,4.83976,49.91581,2
45109,4.853858,49.868116,2
45110,4.83981,49.91582,2
45111,4.83986,49.91584,2
45112,4.85062,49.87336,2
45113,4.83992,49.91586,2
45114,4.8502,49.87348,2
45115,4.83997,49.91587,2
45116,4.83968,49.9153,2
45117,4.83911,49.91454,2
45118,4.83866,49.91392,2
45119,4.83791,49.91383,2
45120,4.81296,49.92736,2
45121,4.81296,49.92736,2
45122,4.8448,49.89014,2
45123,4.81296,49.92736,2
45124,4.81296,49.92736,2
45125,4.81296,49.92736,2
45126,4.81296,49.92736,2
45127,4.81296,49.92736,2
45128,4.83973,49.91609,2
45129,4.81296,49.92736,2
45130,4.81296,49.92736,2
45131,4.81296,49.92736,2
45132,4.851418,49.87105,2
45133,4.81296,49.92736,2
45134,4.81296,49.92736,2
45135,4.81296,49.92736,2
45136,4.81296,49.92736,2
45137,4.81296,49.92736,2
45138,4.81296,49.92736,2
45139,4.81296,49.92736,2
45140,4.81296,49.92736,2
45141,4.81296,49.92736,2
45142,4.81296,49.92736,2
45143,4.81296,49.92736,2
45144,4.81296,49.92736,2
45145,4.81296,49.92736,2
45146,4.81296,49.92736,2
45147,4.81296,49.92736,2
45148,4.812544,49.925834,2
45149,4.82775,49.91658,2
45150,4.83956,49.91524,2
45151,4.82775,49.91658,2
45152,4.84989,49.87162,2
45153,4.84986,49.87104,2
45154,4.84999,49.87018,2
45155,4.84994,49.87047,2
45156,4.85015,49.87025,2
45157,4.85015,49.87025,2
45158,4.83956,49.91524,2
45159,4.85213,49.869158,2
45160,4.8504,49.86966,2
45161,4.85023,49.86963,2
45162,4.85124,49.86718,2
45163,4.8506,49.86907,2
45164,4.85015,49.87025,2
45165,4.85004,49.87109,2
45166,4.851982,49.869251,2
45167,4.853399,49.868386,2
45168,4.850084,49.870485,2
45169,4.850084,49.870485,2
45170,4.860257,49.869627,2
45171,4.85006,49.8714,2
45172,4.81296,49.92736,2
45173,4.84989,49.87145,2
45174,4.85263,49.86886,2
45175,4.85325,49.868479,2
45176,4.85608,49.86645,2
45177,4.854262,49.867856,2
45178,4.85849,49.86543,2
45179,4.84987,49.87125,2
45180,4.85008,49.87174,2
45181,4.85011,49.87185,2
45182,4.85013,49.87197,2
45183,4.85017,49.87219,2
45184,4.85015,49.87208,2
45185,4.8502,49.8723,2
45186,4.85022,49.87242,2
45187,4.85024,49.87253,2
45188,4.85027,49.87264,2
45189,4.85029,49.87275,2
45190,4.85023,49.87286,2
45191,4.85043,49.87303,2
45192,4.85023,49.87286,2
45193,4.85023,49.87286,2
45194,4.8504,49.8729,2
45195,4.85058,49.87294,2
45196,4.85075,49.87298,2
45197,4.85106,49.87304,2
45198,4.85014,49.87153,2
45199,4.8506,49.87132,2
45200,4.85314,49.87239,2
45201,4.8516,49.87282,2
45202,4.85314,49.87239,2
45203,4.85108,49.87113,2
45204,4.85143,49.87133,2
45205,4.85137,49.87182,2
45206,4.85127,49.87279,2
45207,4.8512,49.87317,2
45208,4.85132,49.8723,2
45209,4.85121,49.87309,2
45210,4.851418,49.87105,2
45211,4.851982,49.869251,2
45212,4.85143,49.87133,2
45213,4.85123,49.87334,2
45214,4.85129,49.87357,2
45215,4.85136,49.87381,2
45216,4.85135,49.87429,2
45217,4.851,49.87496,2
45218,4.84994,49.87589,2
45219,4.84994,49.87589,2
45220,4.85124,49.8737,2
45221,4.85124,49.8737,2
45222,4.84854,49.87662,2
45223,4.85124,49.8737,2
45224,4.85102,49.87329,2
45225,4.85081,49.87332,2
45226,4.85027,49.87352,2
45227,4.85007,49.87352,2
45228,4.85045,49.87345,2
45229,4.84986,49.87349,2
45230,4.84965,49.87346,2
45231,4.85082,49.8732,2
45232,4.84982,49.87337,2
45233,4.84953,49.87353,2
45234,4.8495,49.87358,2
45235,4.53279,49.68684,2
45236,4.532298,49.687349,2
45237,4.53295,49.68689,2
45238,4.53269,49.68707,2
45239,4.53189,49.68758,2
45240,4.53162,49.68775,2
45241,4.53216,49.68741,2
45242,4.53242,49.68724,2
45243,4.530598,49.68808,2
45244,4.53133,49.6879,2
45245,4.53044,49.68826,2
45246,4.52888,49.68771,2
45247,4.53035,49.68834,2
45248,4.53068,49.68811,2
45249,4.53055,49.68837,2
45250,4.53104,49.68806,2
45251,4.53049,49.68842,2
45252,4.52723,49.68699,2
45253,4.52723,49.68699,2
45254,4.52723,49.68699,2
45255,4.52888,49.68771,2
45256,4.52944,49.68797,2
45257,4.52998,49.68819,2
45258,4.53047,49.68833,2
45259,4.52804,49.68732,2
45260,4.53047,49.68833,2
45261,4.52723,49.68699,2
45262,4.52723,49.68699,2
45263,4.52723,49.68699,2
45264,4.52723,49.68699,2
45265,4.52723,49.68699,2
45266,4.53047,49.68833,2
45267,4.5247,49.685842,2
45268,4.52723,49.68699,2
45269,4.53047,49.68833,2
45270,4.53047,49.68833,2
45271,4.51351,49.67692,2
45272,4.51351,49.67692,2
45273,4.51351,49.67692,2
45274,4.52723,49.68699,2
45275,4.51749,49.67703,2
45276,4.52723,49.68699,2
45277,4.53224,49.65805,2
45278,4.52723,49.68699,2
45279,4.52896,49.6598,2
45280,4.51749,49.67703,2
45281,4.531963,49.671525,2
45282,4.531169,49.689121,2
45283,4.529,49.68756,2
45284,4.52888,49.68771,2
45285,4.52723,49.68699,2
45286,4.52723,49.68699,2
45287,4.52652,49.6866,2
45288,4.52723,49.68699,2
45289,4.51351,49.67692,2
45290,4.516418,49.677052,2
45291,4.51351,49.67692,2
45292,4.53354,49.686293,2
45293,4.54278,49.65229,2
45294,4.53981,49.6542,2
45295,4.54228,49.65242,2
45296,4.5406,49.65711,2
45297,4.54074,49.65739,2
45298,4.54046,49.65683,2
45299,4.54162,49.65242,2
45300,4.543764,49.659838,2
45301,4.53553,49.65337,2
45302,4.53834,49.65564,2
45303,4.5434,49.65192,2
45304,4.5407,49.65694,2
45305,4.54081,49.65716,2
45306,4.54059,49.65671,2
45307,4.54092,49.65739,2
45308,4.54047,49.65649,2
45309,4.54027,49.65606,2
45310,4.54037,49.65627,2
45311,4.54018,49.65627,2
45312,4.54017,49.65585,2
45313,4.54008,49.65564,2
45314,4.54102,49.65782,2
45315,4.53992,49.65571,2
45316,4.53984,49.65552,2
45317,4.53997,49.65535,2
45318,4.53984,49.65496,2
45319,4.53665,49.65349,2
45320,4.53981,49.65542,2
45321,4.53977,49.65532,2
45322,4.53974,49.65523,2
45323,4.53665,49.65349,2
45324,4.53971,49.65513,2
45325,4.53964,49.65493,2
45326,4.53968,49.65503,2
45327,4.54102,49.65782,2
45328,4.53961,49.65483,2
45329,4.5434,49.65192,2
45330,4.54102,49.65782,2
45331,4.5434,49.65192,2
45332,4.54053,49.65281,2
45333,4.5434,49.65192,2
45334,4.53964,49.65465,2
45335,4.5434,49.65192,2
45336,4.5434,49.65192,2
45337,4.53973,49.65442,2
45338,4.5434,49.65192,2
45339,4.54228,49.65242,2
45340,4.53677,49.65238,2
45341,4.54038,49.65329,2
45342,4.54228,49.65242,2
45343,4.5399,49.65445,2
45344,4.5369,49.65227,2
45345,4.53981,49.6542,2
45346,4.53703,49.65215,2
45347,4.54029,49.65328,2
45348,4.54052,49.6532,2
45349,4.53715,49.65203,2
45350,4.54091,49.65241,2
45351,4.54087,49.65251,2
45352,4.5373,49.65192,2
45353,4.54079,49.6523,2
45354,4.53745,49.65182,2
45355,4.54115,49.65186,2
45356,4.54091,49.65203,2
45357,4.53761,49.65172,2
45358,4.54127,49.65145,2
45359,4.53777,49.65162,2
45360,4.54038,49.65329,2
45361,4.53237,49.66303,2
45362,4.541,49.65227,2
45363,4.5414,49.65104,2
45364,4.54099,49.65176,2
45365,4.5407,49.65247,2
45366,4.54108,49.65149,2
45367,4.54116,49.65122,2
45368,4.54124,49.65095,2
45369,4.541366,49.650466,2
45370,4.5351,49.64735,2
45371,4.61732,49.6443,2
45372,4.51706,49.64856,2
45373,4.51706,49.64856,2
45374,4.53086,49.64962,2
45375,4.51706,49.64856,2
45376,4.528469,49.64982,2
45377,4.53086,49.64962,2
45378,4.527501,49.649819,2
45379,4.53086,49.64962,2
45380,4.53265,49.65722,2
45381,4.53086,49.64962,2
45382,4.52602,49.64929,2
45383,4.51706,49.64856,2
45384,4.5261,49.64923,2
45385,4.52681,49.64956,2
45386,4.52546,49.64883,2
45387,4.53058,49.65011,2
45388,4.5322,49.65246,2
45389,4.53155,49.65097,2
45390,4.5322,49.65192,2
45391,4.52534,49.64892,2
45392,4.53086,49.64962,2
45393,4.53316,49.65274,2
45394,4.52989,49.6593,2
45395,4.53194,49.65281,2
45396,4.53207,49.65827,2
45397,4.53199,49.65143,2
45398,4.53231,49.65369,2
45399,4.53302,49.65478,2
45400,4.53305,49.65552,2
45401,4.53293,49.65635,2
45402,4.53076,49.65899,2
45403,4.53144,49.65863,2
45404,4.53091,49.65877,2
45405,4.53141,49.6585,2
45406,4.5327,49.65713,2
45407,4.5304,49.65903,2
45408,4.53141,49.6585,2
45409,4.53261,49.65732,2
45410,4.53214,49.65403,2
45411,4.53251,49.65784,2
45412,4.53285,49.65721,2
45413,4.53385,49.65411,2
45414,4.53487,49.65394,2
45415,4.53478,49.6541,2
45416,4.53478,49.65389,2
45417,4.53487,49.65388,2
45418,4.53487,49.65388,2
45419,4.53495,49.65386,2
45420,4.53507,49.65382,2
45421,4.53518,49.65378,2
45422,4.53537,49.6538,2
45423,4.5355,49.65377,2
45424,4.53563,49.65374,2
45425,4.53576,49.65371,2
45426,4.53553,49.65337,2
45427,4.53602,49.65365,2
45428,4.53602,49.65365,2
45429,4.53615,49.65361,2
45430,4.53628,49.65358,2
45431,4.53632,49.65357,2
45432,4.53553,49.65337,2
45433,4.53832,49.65184,2
45434,4.53634,49.65357,2
45435,4.53642,49.65358,2
45436,4.53673,49.65362,2
45437,4.53251,49.6542,2
45438,4.53287,49.65437,2
45439,4.53219,49.65287,2
45440,4.51706,49.64856,2
45441,4.51706,49.64856,2
45442,4.51706,49.64856,2
45443,4.51706,49.64856,2
45444,4.53703,49.65353,2
45445,4.54228,49.65242,2
45446,4.53684,49.65351,2
45447,4.53723,49.65356,2
45448,4.53723,49.65356,2
45449,4.53684,49.65351,2
45450,4.53753,49.65364,2
45451,4.53764,49.65367,2
45452,4.53703,49.65353,2
45453,4.53741,49.65361,2
45454,4.53925,49.6546,2
45455,4.53686,49.653477,2
45456,4.53721,49.65367,2
45457,4.53665,49.65349,2
45458,4.53665,49.65349,2
45459,4.53646,49.65347,2
45460,4.53657,49.6536,2
45461,4.53705,49.65365,2
45462,4.51706,49.64856,2
45463,4.53689,49.65363,2
45464,4.54102,49.65782,2
45465,4.53729,49.6537,2
45466,4.53665,49.65349,2
45467,4.53755,49.65377,2
45468,4.53742,49.65373,2
45469,4.53768,49.6538,2
45470,4.53683,49.65357,2
45471,4.53791,49.65375,2
45472,4.54228,49.65242,2
45473,4.53807,49.65383,2
45474,4.53683,49.65357,2
45475,4.53834,49.65564,2
45476,4.52534,49.64892,2
45477,4.5384,49.654,2
45478,4.53823,49.6539,2
45479,4.53856,49.6541,2
45480,4.53872,49.65421,2
45481,4.53889,49.65431,2
45482,4.53852,49.65424,2
45483,4.538653,49.654307,2
45484,4.53944,49.65473,2
45485,4.53553,49.65337,2
45486,4.53925,49.6546,2
45487,4.53467,49.65376,2
45488,4.53472,49.65368,2
45489,4.529341,49.659794,2
45490,4.53475,49.65364,2
45491,4.53464,49.6538,2
45492,4.53478,49.6536,2
45493,4.5348,49.65356,2
45494,4.53483,49.65352,2
45495,4.53872,49.65421,2
45496,4.53491,49.6534,2
45497,4.53502,49.65416,2
45498,4.53486,49.65348,2
45499,4.534198,49.654001,2
45500,4.53237,49.66303,2
45501,4.53488,49.65344,2
45502,4.53494,49.65336,2
45503,4.53497,49.65332,2
45504,4.53499,49.65328,2
45505,4.53502,49.65324,2
45506,4.53505,49.6532,2
45507,4.5434,49.65192,2
45508,4.53505,49.65313,2
45509,4.53519,49.65313,2
45510,4.53534,49.65311,2
45511,4.53224,49.65805,2
45512,4.53553,49.65337,2
45513,4.53553,49.65337,2
45514,4.53553,49.65337,2
45515,4.53553,49.65337,2
45516,4.53553,49.65337,2
45517,4.53644,49.65284,2
45518,4.53458,49.65264,2
45519,4.53711,49.65228,2
45520,4.53767,49.65185,2
45521,4.54228,49.65242,2
45522,4.538198,49.651781,2
45523,4.53973,49.65231,2
45524,4.53925,49.6522,2
45525,4.53932,49.65209,2
45526,4.53832,49.65184,2
45527,4.54046,49.65083,2
45528,4.53553,49.65337,2
45529,4.53526,49.65258,2
45530,4.53458,49.65264,2
45531,4.53604,49.65253,2
45532,4.53444,49.65259,2
45533,4.53505,49.65299,2
45534,4.53505,49.65285,2
45535,4.53505,49.65299,2
45536,4.5434,49.65192,2
45537,4.54228,49.65242,2
45538,4.5434,49.65192,2
45539,4.51706,49.64856,2
45540,4.5434,49.65192,2
45541,4.5434,49.65192,2
45542,4.5434,49.65192,2
45543,4.54292,49.65228,2
45544,4.5434,49.65192,2
45545,4.54228,49.65242,2
45546,4.51706,49.64856,2
45547,4.53287,49.65437,2
45548,4.54228,49.65242,2
45549,4.54102,49.65782,2
45550,4.53278,49.65694,2
45551,4.53782,49.65276,2
45552,4.5434,49.65192,2
45553,4.53905,49.65455,2
45554,4.53237,49.66303,2
45555,4.54147,49.65244,2
45556,4.5434,49.65192,2
45557,4.5434,49.65192,2
45558,4.54127,49.65145,2
45559,4.5351,49.64735,2
45560,4.54211,49.65248,2
45561,4.53776,49.6537,2
45562,4.54038,49.65329,2
45563,4.54038,49.65329,2
45564,4.53925,49.6546,2
45565,4.53912,49.64886,2
45566,4.54228,49.65242,2
45567,4.53684,49.65351,2
45568,4.53723,49.65356,2
45569,4.538653,49.654307,2
45570,4.53873,49.65438,2
45571,4.54102,49.65782,2
45572,4.53478,49.6536,2
45573,4.54228,49.65242,2
45574,4.53207,49.65827,2
45575,4.53784,49.65269,2
45576,4.54234,49.65234,2
45577,4.53237,49.66303,2
45578,4.54228,49.65242,2
45579,4.53224,49.65805,2
45580,4.71408,49.83084,2
45581,4.71538,49.83103,2
45582,4.71538,49.83103,2
45583,4.71538,49.83103,2
45584,4.71538,49.83103,2
45585,4.71538,49.83103,2
45586,4.71538,49.83103,2
45587,4.71538,49.83103,2
45588,4.71538,49.83103,2
45589,4.71538,49.83103,2
45590,4.71538,49.83103,2
45591,4.71538,49.83103,2
45592,4.71408,49.83084,2
45593,4.71538,49.83103,2
45594,4.71538,49.83103,2
45595,4.71538,49.83103,2
45596,4.713197,49.830389,2
45597,4.71538,49.83103,2
45598,4.71408,49.83084,2
45599,4.71538,49.83103,2
45600,4.71538,49.83103,2
45601,4.71538,49.83103,2
45602,4.71538,49.83103,2
45603,4.71538,49.83103,2
45604,4.71538,49.83103,2
45605,4.71538,49.83103,2
45606,4.71538,49.83103,2
45607,4.71538,49.83103,2
45608,4.64596,49.93376,2
45609,4.64264,49.93625,2
45610,4.64349,49.93727,2
45611,4.64346,49.9399,2
45612,4.64347,49.9398,2
45613,4.64349,49.9352,2
45614,4.64349,49.93727,2
45615,4.64265,49.93394,2
45616,4.64261,49.93411,2
45617,4.64258,49.93426,2
45618,4.64253,49.93444,2
45619,4.6425,49.93457,2
45620,4.64258,49.93473,2
45621,4.64231,49.93482,2
45622,4.64228,49.93486,2
45623,4.64224,49.93491,2
45624,4.64221,49.93495,2
45625,4.64235,49.93502,2
45626,4.6423,49.93509,2
45627,4.64232,49.93507,2
45628,4.64264,49.93625,2
45629,4.64219,49.93498,2
45630,4.642,49.93522,2
45631,4.64174,49.93557,2
45632,4.64271,49.93407,2
45633,4.64184,49.9357,2
45634,4.64172,49.93587,2
45635,4.64172,49.93587,2
45636,4.64154,49.93624,2
45637,4.64154,49.93607,2
45638,4.64154,49.93597,2
45639,4.64271,49.93407,2
45640,4.64154,49.93631,2
45641,4.64177,49.93619,2
45642,4.64185,49.93616,2
45643,4.64194,49.93615,2
45644,4.64213,49.93615,2
45645,4.64204,49.93615,2
45646,4.64204,49.93615,2
45647,4.64215,49.93626,2
45648,4.64208,49.93626,2
45649,4.64201,49.93626,2
45650,4.64194,49.93627,2
45651,4.64188,49.93628,2
45652,4.64241,49.93621,2
45653,4.64171,49.93636,2
45654,4.64298,49.93624,2
45655,4.64181,49.93667,2
45656,4.64179,49.93654,2
45657,4.64241,49.93621,2
45658,4.6417,49.93665,2
45659,4.64167,49.93664,2
45660,4.6416,49.9365,2
45661,4.6416,49.93662,2
45662,4.64156,49.93661,2
45663,4.6416,49.9365,2
45664,4.64099,49.9369,2
45665,4.6409,49.93695,2
45666,4.6408,49.937,2
45667,4.64071,49.93705,2
45668,4.64061,49.93709,2
45669,4.64137,49.93671,2
45670,4.64118,49.93681,2
45671,4.64108,49.93685,2
45672,4.64099,49.9369,2
45673,4.6409,49.93695,2
45674,4.64409,49.93401,2
45675,4.6408,49.937,2
45676,4.64071,49.93705,2
45677,4.64061,49.93709,2
45678,4.64061,49.93709,2
45679,4.64061,49.93709,2
45680,4.6413,49.93637,2
45681,4.64734,49.93179,2
45682,4.64051,49.93714,2
45683,4.6457,49.93836,2
45684,4.6413,49.93637,2
45685,4.6413,49.93637,2
45686,4.6413,49.93637,2
45687,4.6413,49.93637,2
45688,4.6413,49.93637,2
45689,4.64091,49.93621,2
45690,4.6407,49.93615,2
45691,4.64107,49.93615,2
45692,4.6407,49.93627,2
45693,4.6407,49.93627,2
45694,4.6407,49.93627,2
45695,4.6407,49.93627,2
45696,4.6407,49.93627,2
45697,4.64159,49.93593,2
45698,4.6427,49.93084,2
45699,4.64276,49.93096,2
45700,4.64283,49.93107,2
45701,4.64289,49.93118,2
45702,4.64232,49.93053,2
45703,4.64298,49.93134,2
45704,4.64305,49.93145,2
45705,4.64306,49.93145,2
45706,4.64315,49.93154,2
45707,4.64324,49.93163,2
45708,4.64336,49.93173,2
45709,4.64362,49.93198,2
45710,4.64395,49.93248,2
45711,4.64425,49.93276,2
45712,4.6457,49.93836,2
45713,4.64414,49.93266,2
45714,4.6421,49.9322,2
45715,4.6421,49.9322,2
45716,4.64291,49.93152,2
45717,4.64355,49.93211,2
45718,4.64428,49.93411,2
45719,4.643638,49.931999,2
45720,4.64435,49.93415,2
45721,4.64263,49.93254,2
45722,4.64274,49.93267,2
45723,4.64282,49.93275,2
45724,4.64296,49.93334,2
45725,4.64289,49.93283,2
45726,4.64289,49.93305,2
45727,4.64289,49.9332,2
45728,4.64271,49.93407,2
45729,4.64289,49.9332,2
45730,4.64296,49.93334,2
45731,4.64354,49.93371,2
45732,4.64368,49.9338,2
45733,4.64295,49.93334,2
45734,4.64301,49.93337,2
45735,4.643,49.93336,2
45736,4.64299,49.93336,2
45737,4.64298,49.93335,2
45738,4.64297,49.93334,2
45739,4.64295,49.93334,2
45740,4.63869,49.93192,2
45741,4.64297,49.93339,2
45742,4.64279,49.93337,2
45743,4.64276,49.9335,2
45744,4.64271,49.93371,2
45745,4.64271,49.93407,2
45746,4.64289,49.93371,2
45747,4.64568,49.93485,2
45748,4.64465,49.93431,2
45749,4.64496,49.93447,2
45750,4.6453,49.93465,2
45751,4.64411,49.93406,2
45752,4.64417,49.93401,2
45753,4.64424,49.93396,2
45754,4.6443,49.93392,2
45755,4.64436,49.93387,2
45756,4.64449,49.93378,2
45757,4.64453,49.93365,2
45758,4.64462,49.93369,2
45759,4.64453,49.93365,2
45760,4.64481,49.93355,2
45761,4.64453,49.93365,2
45762,4.64494,49.93346,2
45763,4.645,49.93341,2
45764,4.64494,49.93346,2
45765,4.64494,49.93346,2
45766,4.645,49.93341,2
45767,4.64506,49.93337,2
45768,4.64506,49.93337,2
45769,4.64494,49.93346,2
45770,4.64494,49.93346,2
45771,4.64513,49.93332,2
45772,4.6449,49.93324,2
45773,4.6445,49.933,2
45774,4.64504,49.93331,2
45775,4.64511,49.93335,2
45776,4.64515,49.93337,2
45777,4.6452,49.9334,2
45778,4.64524,49.93342,2
45779,4.64529,49.93345,2
45780,4.64517,49.93323,2
45781,4.64734,49.93179,2
45782,4.64533,49.93332,2
45783,4.64564,49.9335,2
45784,4.64577,49.93358,2
45785,4.64612,49.93378,2
45786,4.64601,49.93387,2
45787,4.64628,49.93387,2
45788,4.64553,49.93359,2
45789,4.64542,49.93353,2
45790,4.64582,49.93375,2
45791,4.64566,49.93367,2
45792,4.64791,49.93479,2
45793,4.644088,49.932404,2
45794,4.64785,49.93484,2
45795,4.6478,49.93488,2
45796,4.64775,49.93493,2
45797,4.64769,49.93498,2
45798,4.64764,49.93502,2
45799,4.64759,49.93507,2
45800,4.64754,49.93511,2
45801,4.64748,49.93516,2
45802,4.64743,49.9352,2
45803,4.64738,49.93525,2
45804,4.64732,49.93529,2
45805,4.64727,49.93534,2
45806,4.64722,49.93539,2
45807,4.64778,49.93567,2
45808,4.64773,49.93564,2
45809,4.64763,49.93559,2
45810,4.6476,49.93556,2
45811,4.64762,49.93557,2
45812,4.6477,49.93551,2
45813,4.64777,49.93545,2
45814,4.64785,49.93538,2
45815,4.64792,49.93532,2
45816,4.64799,49.93526,2
45817,4.64807,49.93519,2
45818,4.64807,49.93519,2
45819,4.64841,49.9354,2
45820,4.64833,49.9355,2
45821,4.64824,49.93561,2
45822,4.64816,49.93571,2
45823,4.6457,49.93836,2
45824,4.6457,49.93836,2
45825,4.6457,49.93836,2
45826,4.6457,49.93836,2
45827,4.6457,49.93836,2
45828,4.6457,49.93836,2
45829,4.6457,49.93836,2
45830,4.6457,49.93836,2
45831,4.64349,49.93727,2
45832,4.6457,49.93836,2
45833,4.6457,49.93836,2
45834,4.6457,49.93836,2
45835,4.6457,49.93836,2
45836,4.6457,49.93836,2
45837,4.6457,49.93836,2
45838,4.6457,49.93836,2
45839,4.6457,49.93836,2
45840,4.6457,49.93836,2
45841,4.6457,49.93836,2
45842,4.6457,49.93836,2
45843,4.6457,49.93836,2
45844,4.6457,49.93836,2
45845,4.6457,49.93836,2
45846,4.6457,49.93836,2
45847,4.6457,49.93836,2
45848,4.6457,49.93836,2
45849,4.6457,49.93836,2
45850,4.6457,49.93836,2
45851,4.6457,49.93836,2
45852,4.6457,49.93836,2
45853,4.6457,49.93836,2
45854,4.6457,49.93836,2
45855,4.6457,49.93836,2
45856,4.6419,49.93657,2
45857,4.6457,49.93836,2
45858,4.64061,49.93709,2
45859,4.6457,49.93836,2
45860,4.6457,49.93836,2
45861,4.64411,49.93406,2
45862,4.64494,49.93346,2
45863,4.6457,49.93836,2
45864,4.6457,49.93836,2
45865,4.6457,49.93836,2
45866,4.6457,49.93836,2
45867,4.6457,49.93836,2
45868,4.6457,49.93836,2
45869,4.34007,49.49931,2
45870,4.34007,49.49931,2
45871,4.34007,49.49931,2
45872,4.34007,49.49931,2
45873,4.34007,49.49931,2
45874,4.34007,49.49931,2
45875,4.34007,49.49931,2
45876,4.34007,49.49931,2
45877,4.34007,49.49931,2
45878,4.34007,49.49931,2
45879,4.35164,49.49849,2
45880,4.35045,49.49885,2
45881,4.34007,49.49931,2
45882,4.34312,49.50015,2
45883,4.34561,49.50159,2
45884,4.34007,49.49931,2
45885,4.34007,49.49931,2
45886,4.35134,49.49858,2
45887,4.34457,49.50055,2
45888,4.35194,49.4984,2
45889,4.35105,49.49867,2
45890,4.35075,49.49876,2
45891,4.35045,49.49885,2
45892,4.34986,49.49904,2
45893,4.34948,49.49902,2
45894,4.34956,49.49913,2
45895,4.34926,49.49922,2
45896,4.34918,49.49912,2
45897,4.34888,49.49921,2
45898,4.34853,49.49931,2
45899,4.34823,49.49939,2
45900,4.34811,49.49927,2
45901,4.34798,49.49915,2
45902,4.34785,49.49903,2
45903,4.34772,49.4989,2
45904,4.34759,49.49878,2
45905,4.34746,49.49866,2
45906,4.34733,49.49853,2
45907,4.34747,49.49847,2
45908,4.3476,49.49859,2
45909,4.34773,49.49871,2
45910,4.34786,49.49884,2
45911,4.34799,49.49896,2
45912,4.34812,49.49908,2
45913,4.34825,49.49921,2
45914,4.34838,49.49933,2
45915,4.34861,49.49942,2
45916,4.34814,49.49956,2
45917,4.34794,49.49949,2
45918,4.34794,49.49949,2
45919,4.34714,49.49973,2
45920,4.34667,49.49999,2
45921,4.34558,49.49974,2
45922,4.34611,49.50019,2
45923,4.34777,49.50088,2
45924,4.34777,49.50088,2
45925,4.34705,49.50125,2
45926,4.3455,49.50155,2
45927,4.34464,49.50179,2
45928,4.34578,49.50012,2
45929,4.34598,49.50019,2
45930,4.34517,49.50042,2
45931,4.34571,49.50027,2
45932,4.34489,49.50051,2
45933,4.34458,49.5006,2
45934,4.34384,49.50069,2
45935,4.34428,49.50069,2
45936,4.34402,49.50077,2
45937,4.3438,49.50083,2
45938,4.34355,49.50091,2
45939,4.34346,49.5008,2
45940,4.34333,49.50054,2
45941,4.34457,49.50055,2
45942,4.34323,49.50078,2
45943,4.34369,49.50118,2
45944,4.34417,49.50171,2
45945,4.3433,49.50099,2
45946,4.34011,49.50128,2
45947,4.34007,49.49931,2
45948,4.34296,49.50109,2
45949,4.34283,49.50086,2
45950,4.34278,49.50114,2
45951,4.34276,49.50102,2
45952,4.34252,49.50119,2
45953,4.34237,49.5011,2
45954,4.34217,49.50114,2
45955,4.34226,49.50125,2
45956,4.34215,49.50145,2
45957,4.34457,49.50055,2
45958,4.34188,49.50131,2
45959,4.34007,49.49931,2
45960,4.34092,49.50138,2
45961,4.34043,49.50135,2
45962,4.34015,49.50133,2
45963,4.34015,49.50133,2
45964,4.3401,49.50132,2
45965,4.34005,49.50132,2
45966,4.33999,49.50131,2
45967,4.34046,49.50111,2
45968,4.34011,49.50128,2
45969,4.34093,49.50057,2
45970,4.34149,49.50089,2
45971,4.34262,49.50029,2
45972,4.34146,49.50076,2
45973,4.34169,49.50065,2
45974,4.34221,49.50055,2
45975,4.3421,49.50046,2
45976,4.3498,49.49892,2
45977,4.34262,49.50029,2
45978,4.34257,49.50054,2
45979,4.34257,49.50054,2
45980,4.34245,49.50029,2
45981,4.34273,49.50017,2
45982,4.34303,49.50005,2
45983,4.34255,49.50039,2
45984,4.34283,49.50026,2
45985,4.3447,49.4995,2
45986,4.34471,49.49937,2
45987,4.34361,49.49924,2
45988,4.343716,49.499058,2
45989,4.34415,49.49892,2
45990,4.34262,49.49951,2
45991,4.34322,49.49924,2
45992,4.34291,49.49935,2
45993,4.33756,49.50316,2
45994,4.34258,49.49945,2
45995,4.3422,49.49959,2
45996,4.34179,49.49974,2
45997,4.34139,49.4999,2
45998,4.34113,49.50041,2
45999,4.3405,49.50059,2
46000,4.33962,49.50025,2
46001,4.33966,49.49992,2
46002,4.33949,49.49995,2
46003,4.33979,49.50021,2
46004,4.33962,49.50068,2
46005,4.33901,49.50064,2
46006,4.3385,49.50051,2
46007,4.33929,49.50074,2
46008,4.33882,49.50072,2
46009,4.33714,49.50033,2
46010,4.33929,49.50074,2
46011,4.34046,49.50111,2
46012,4.34016,49.50149,2
46013,4.33876,49.50221,2
46014,4.3398,49.5012,2
46015,4.33909,49.50123,2
46016,4.33933,49.50134,2
46017,4.33874,49.50124,2
46018,4.33874,49.50124,2
46019,4.33838,49.50124,2
46020,4.33844,49.50136,2
46021,4.34225,49.5013,2
46022,4.343821,49.503855,2
46023,4.34365,49.50341,2
46024,4.34491,49.50501,2
46025,4.34522,49.5054,2
46026,4.33865,49.50319,2
46027,4.33455,49.50435,2
46028,4.33402,49.50445,2
46029,4.3346,49.50445,2
46030,4.34398,49.49859,2
46031,4.34419,49.49849,2
46032,4.34447,49.49838,2
46033,4.34475,49.49826,2
46034,4.345,49.49817,2
46035,4.34526,49.49808,2
46036,4.34552,49.498,2
46037,4.34578,49.49792,2
46038,4.3461,49.49779,2
46039,4.34644,49.49761,2
46040,4.34653,49.4975,2
46041,4.34617,49.49733,2
46042,4.34604,49.49735,2
46043,4.34591,49.49738,2
46044,4.34584,49.49745,2
46045,4.34581,49.49756,2
46046,4.3458,49.49766,2
46047,4.34578,49.49776,2
46048,4.34565,49.49783,2
46049,4.34531,49.49794,2
46050,4.34496,49.49805,2
46051,4.34451,49.49802,2
46052,4.34443,49.49819,2
46053,4.34438,49.49828,2
46054,4.3441,49.49839,2
46055,4.34418,49.49869,2
46056,4.34418,49.49869,2
46057,4.34357,49.49751,2
46058,4.34777,49.50088,2
46059,4.34007,49.49931,2
46060,4.34007,49.49931,2
46061,4.34007,49.49931,2
46062,4.34517,49.5006,2
46063,4.33979,49.50021,2
46064,4.33979,49.50021,2
46065,4.34546,49.49983,2
46066,4.34007,49.49931,2
46067,4.34007,49.49931,2
46068,4.3562,49.49833,2
46069,4.34558,49.49974,2
46070,4.34616,49.50013,2
46071,4.34659,49.50063,2
46072,4.34622,49.50009,2
46073,4.34859,49.50269,2
46074,4.34751,49.50145,2
46075,4.34401,49.50177,2
46076,4.35082,49.49861,2
46077,4.3414,49.50137,2
46078,4.34093,49.50057,2
46079,4.3421,49.50046,2
46080,4.34384,49.49903,2
46081,4.34353,49.49913,2
46082,4.33929,49.50074,2
46083,4.33977,49.50132,2
46084,4.34457,49.50055,2
46085,4.34457,49.50055,2
46086,4.33794,49.50123,2
46087,4.33743,49.50122,2
46088,4.35016,49.49894,2
46089,4.9922,49.703,2
46090,4.9922,49.703,2
46091,4.991322,49.703327,2
46092,4.991322,49.703327,2
46093,4.99289,49.70708,2
46094,4.99262,49.70727,2
46095,4.99012,49.70588,2
46096,4.99194,49.70462,2
46097,4.99217,49.70295,2
46098,4.99073,49.70302,2
46099,4.987899,49.699322,2
46100,4.99073,49.70302,2
46101,4.99073,49.70305,2
46102,4.988446,49.699454,2
46103,4.989,49.7026,2
46104,4.989,49.7026,2
46105,4.99073,49.70305,2
46106,4.98924,49.70304,2
46107,4.98974,49.70301,2
46108,4.99073,49.70305,2
46109,4.990205,49.703162,2
46110,4.98974,49.70301,2
46111,4.989,49.7026,2
46112,4.99146,49.70308,2
46113,4.99107,49.70309,2
46114,4.990946,49.702239,2
46115,4.99209,49.70422,2
46116,4.99073,49.7019,2
46117,4.99073,49.7019,2
46118,4.99073,49.7019,2
46119,4.99168,49.7029,2
46120,4.99169,49.70265,2
46121,4.9917,49.70241,2
46122,4.99188,49.70226,2
46123,4.99171,49.70216,2
46124,4.99077,49.70305,2
46125,4.99172,49.70159,2
46126,4.99154,49.7008,2
46127,4.99143,49.70041,2
46128,4.99077,49.69754,2
46129,4.99164,49.70087,2
46130,4.99164,49.70087,2
46131,4.99164,49.70087,2
46132,4.99164,49.70087,2
46133,4.99164,49.69956,2
46134,4.99157,49.70026,2
46135,4.99161,49.70041,2
46136,4.99165,49.70055,2
46137,4.99169,49.7007,2
46138,4.99174,49.70084,2
46139,4.99174,49.70084,2
46140,4.99178,49.70099,2
46141,4.99182,49.70113,2
46142,4.99186,49.70128,2
46143,4.9919,49.70142,2
46144,4.9919,49.70157,2
46145,4.9919,49.70172,2
46146,4.9919,49.70184,2
46147,4.99164,49.70087,2
46148,4.99189,49.70195,2
46149,4.99164,49.70087,2
46150,4.99189,49.70205,2
46151,4.99189,49.70215,2
46152,4.99188,49.70226,2
46153,4.99188,49.70236,2
46154,4.99188,49.70246,2
46155,4.99187,49.70256,2
46156,4.99186,49.70389,2
46157,4.99187,49.70267,2
46158,4.99187,49.70277,2
46159,4.99186,49.70287,2
46160,4.99186,49.70297,2
46161,4.9922,49.703,2
46162,4.99258,49.70282,2
46163,4.99273,49.7025,2
46164,4.99298,49.70216,2
46165,4.99194,49.70462,2
46166,4.99286,49.70261,2
46167,4.99279,49.70277,2
46168,4.99276,49.70269,2
46169,4.99271,49.70293,2
46170,4.99271,49.70293,2
46171,4.99217,49.70295,2
46172,4.9922,49.703,2
46173,4.9922,49.703,2
46174,4.9922,49.703,2
46175,4.9922,49.703,2
46176,4.9922,49.703,2
46177,4.9922,49.703,2
46178,4.9922,49.703,2
46179,4.9922,49.703,2
46180,4.9922,49.703,2
46181,4.9922,49.703,2
46182,4.9922,49.703,2
46183,4.9922,49.703,2
46184,4.9922,49.703,2
46185,4.9922,49.703,2
46186,4.9922,49.703,2
46187,4.99275,49.70775,2
46188,4.9922,49.703,2
46189,4.9922,49.703,2
46190,4.99218,49.70307,2
46191,4.9922,49.703,2
46192,4.9922,49.703,2
46193,4.99073,49.70302,2
46194,4.9922,49.703,2
46195,4.99163,49.70311,2
46196,4.9907,49.70298,2
46197,4.9922,49.703,2
46198,4.99194,49.70462,2
46199,4.99276,49.70825,2
46200,4.99194,49.70462,2
46201,4.993038,49.707548,2
46202,4.99194,49.70462,2
46203,4.99285,49.70654,2
46204,4.99266,49.70653,2
46205,4.992929,49.707047,2
46206,4.9928,49.70709,2
46207,4.99286,49.70737,2
46208,4.993022,49.707503,2
46209,4.99241,49.70637,2
46210,4.99224,49.70548,2
46211,4.99259,49.70479,2
46212,4.99159,49.70362,2
46213,4.9921,49.70482,2
46214,4.99195,49.7043,2
46215,4.99312,49.70588,2
46216,4.99284,49.70555,2
46217,4.9928,49.70514,2
46218,4.99217,49.70443,2
46219,4.99209,49.70422,2
46220,4.99191,49.70409,2
46221,4.99186,49.70389,2
46222,4.9918,49.7037,2
46223,4.99174,49.7035,2
46224,4.99168,49.70331,2
46225,4.99148,49.70323,2
46226,4.99159,49.70362,2
46227,4.99171,49.70401,2
46228,4.9918,49.70435,2
46229,4.99187,49.70463,2
46230,4.99194,49.70491,2
46231,4.991802,49.705104,2
46232,4.99234,49.70461,2
46233,4.99012,49.70588,2
46234,4.99012,49.70588,2
46235,4.99012,49.70588,2
46236,4.99203,49.70531,2
46237,4.99212,49.70585,2
46238,4.99194,49.70462,2
46239,4.99194,49.70462,2
46240,4.99248,49.70746,2
46241,4.99187,49.70256,2
46242,4.99194,49.70462,2
46243,4.99289,49.70708,2
46244,4.9922,49.703,2
46245,4.99194,49.70462,2
46246,4.99217,49.70295,2
46247,4.99194,49.70462,2
46248,4.99086,49.69727,2
46249,4.99289,49.70708,2
46250,4.99188,49.70236,2
46251,4.99194,49.70462,2
46252,4.9929,49.70676,2
46253,4.99289,49.70708,2
46254,4.9922,49.703,2
46255,4.9922,49.703,2
46256,4.9922,49.703,2
46257,4.99194,49.70462,2
46258,4.99194,49.70462,2
46259,4.99194,49.70462,2
46260,4.96772,49.73851,2
46261,4.96772,49.73851,2
46262,4.96419,49.73632,2
46263,4.96076,49.73622,2
46264,4.96473,49.73348,2
46265,4.961865,49.734203,2
46266,4.96473,49.73348,2
46267,4.96088,49.73475,2
46268,4.96084,49.73577,2
46269,4.97667,49.74072,2
46270,4.9765,49.74212,2
46271,4.97667,49.74072,2
46272,4.96188,49.73664,2
46273,4.96434,49.73574,2
46274,4.96261,49.73643,2
46275,4.97667,49.74072,2
46276,4.96231,49.73457,2
46277,4.95972,49.73715,2
46278,4.96039,49.73703,2
46279,4.96188,49.73664,2
46280,4.96233,49.73531,2
46281,4.95928,49.73716,2
46282,4.95786,49.73711,2
46283,4.95985,49.73633,2
46284,4.95985,49.73633,2
46285,4.95985,49.73633,2
46286,4.95985,49.73633,2
46287,4.95883,49.73716,2
46288,4.95928,49.73716,2
46289,4.95931,49.73651,2
46290,4.9586,49.73705,2
46291,4.9595,49.73704,2
46292,4.95972,49.73715,2
46293,4.96062,49.73714,2
46294,4.96088,49.73699,2
46295,4.96106,49.73691,2
46296,4.96244,49.73652,2
46297,4.96125,49.73683,2
46298,4.96143,49.73674,2
46299,4.96081,49.73732,2
46300,4.96115,49.7377,2
46301,4.96108,49.73748,2
46302,4.96097,49.7371,2
46303,4.96111,49.73703,2
46304,4.96141,49.7369,2
46305,4.96155,49.73683,2
46306,4.96221,49.73685,2
46307,4.96434,49.73574,2
46308,4.96228,49.73661,2
46309,4.9626,49.73655,2
46310,4.96302,49.73649,2
46311,4.96244,49.73652,2
46312,4.96452,49.73656,2
46313,4.96407,49.73643,2
46314,4.96476,49.73653,2
46315,4.96452,49.7364,2
46316,4.96386,49.73631,2
46317,4.96353,49.73631,2
46318,4.96321,49.73635,2
46319,4.96289,49.73639,2
46320,4.96232,49.73599,2
46321,4.96255,49.73632,2
46322,4.9624,49.73647,2
46323,4.96218,49.73651,2
46324,4.96179,49.73661,2
46325,4.96157,49.73666,2
46326,4.96188,49.73664,2
46327,4.96127,49.73646,2
46328,4.96113,49.73635,2
46329,4.96099,49.73625,2
46330,4.96089,49.73613,2
46331,4.9608,49.736,2
46332,4.96146,49.73675,2
46333,4.96135,49.73668,2
46334,4.96124,49.7366,2
46335,4.96114,49.73653,2
46336,4.96103,49.73646,2
46337,4.961165,49.7365,2
46338,4.96076,49.73622,2
46339,4.96083,49.73631,2
46340,4.96062,49.73604,2
46341,4.960423,49.736085,2
46342,4.95908,49.73643,2
46343,4.95974,49.73629,2
46344,4.96032,49.73604,2
46345,4.95985,49.73633,2
46346,4.96076,49.73574,2
46347,4.96077,49.73596,2
46348,4.96092,49.7358,2
46349,4.96106,49.73568,2
46350,4.96119,49.73566,2
46351,4.96133,49.73564,2
46352,4.96147,49.73562,2
46353,4.9616,49.7356,2
46354,4.96174,49.73558,2
46355,4.96473,49.73348,2
46356,4.96201,49.73549,2
46357,4.96208,49.73565,2
46358,4.96196,49.73539,2
46359,4.96186,49.73525,2
46360,4.96177,49.7351,2
46361,4.96167,49.73496,2
46362,4.96158,49.73481,2
46363,4.96233,49.73531,2
46364,4.96212,49.73538,2
46365,4.96262,49.73508,2
46366,4.96249,49.73521,2
46367,4.96274,49.73495,2
46368,4.96201,49.73549,2
46369,4.96183,49.73669,2
46370,4.96268,49.73523,2
46371,4.96286,49.73482,2
46372,4.96436,49.73581,2
46373,4.96498,49.73619,2
46374,4.96772,49.73851,2
46375,4.96416,49.73547,2
46376,4.96339,49.73493,2
46377,4.9646,49.73349,2
46378,4.96231,49.73457,2
46379,4.962796,49.734506,2
46380,4.96231,49.73457,2
46381,4.96231,49.73457,2
46382,4.96231,49.73457,2
46383,4.96231,49.73457,2
46384,4.96231,49.73457,2
46385,4.96231,49.73457,2
46386,4.96295,49.73449,2
46387,4.96231,49.73457,2
46388,4.96297,49.73437,2
46389,4.96231,49.73457,2
46390,4.96231,49.73457,2
46391,4.96252,49.73446,2
46392,4.96208,49.73456,2
46393,4.96164,49.73466,2
46394,4.96125,49.73472,2
46395,4.96127,49.73483,2
46396,4.9609,49.73486,2
46397,4.96086,49.73498,2
46398,4.95916,49.73413,2
46399,4.96084,49.73577,2
46400,4.96066,49.73492,2
46401,4.96072,49.73509,2
46402,4.96079,49.73527,2
46403,4.96085,49.73544,2
46404,4.96088,49.73557,2
46405,4.96106,49.73557,2
46406,4.96099,49.73533,2
46407,4.967755,49.749206,2
46408,4.96772,49.73851,2
46409,4.96772,49.73851,2
46410,4.96772,49.73851,2
46411,4.97599,49.744616,2
46412,4.96772,49.73851,2
46413,4.97585,49.74346,2
46414,4.975991,49.744642,2
46415,4.96778,49.73846,2
46416,4.96967,49.73988,2
46417,4.976744,49.740709,2
46418,4.96772,49.73851,2
46419,4.97667,49.74072,2
46420,4.96772,49.73851,2
46421,4.97667,49.74072,2
46422,4.97689,49.73882,2
46423,4.96772,49.73851,2
46424,4.97641,49.74217,2
46425,4.976861,49.740302,2
46426,4.97667,49.74072,2
46427,4.97667,49.74072,2
46428,4.96434,49.73574,2
46429,4.97667,49.74072,2
46430,4.97667,49.74072,2
46431,4.9586,49.7364,2
46432,4.95834,49.73622,2
46433,4.95821,49.73607,2
46434,4.95813,49.73573,2
46435,4.95786,49.73571,2
46436,4.95762,49.73573,2
46437,4.95744,49.73576,2
46438,4.95727,49.73578,2
46439,4.9571,49.73581,2
46440,4.95723,49.73591,2
46441,4.95757,49.73585,2
46442,4.95818,49.7359,2
46443,4.95281,49.73195,2
46444,4.95802,49.73603,2
46445,4.95817,49.73632,2
46446,4.95794,49.73641,2
46447,4.95769,49.73648,2
46448,4.97667,49.74072,2
46449,4.95747,49.73664,2
46450,4.95768,49.7366,2
46451,4.9579,49.73656,2
46452,4.95809,49.73649,2
46453,4.95828,49.73642,2
46454,4.95744,49.73653,2
46455,4.96434,49.73574,2
46456,4.9646,49.73349,2
46457,4.9646,49.73349,2
46458,4.96231,49.73457,2
46459,4.96143,49.7355,2
46460,4.96434,49.73574,2
46461,4.95723,49.73591,2
46462,4.95723,49.73591,2
46463,5.01162,49.68548,2
46464,5.02215,49.690238,2
46465,5.02278,49.69024,2
46466,5.025362,49.692054,2
46467,5.02161,49.69032,2
46468,5.020956,49.689132,2
46469,5.013921,49.6844,2
46470,5.01385,49.684357,2
46471,5.013604,49.684155,2
46472,5.013604,49.684155,2
46473,5.011513,49.683366,2
46474,5.011513,49.683366,2
46475,5.011513,49.683366,2
46476,5.011513,49.683366,2
46477,5.010717,49.68324,2
46478,5.02278,49.69024,2
46479,5.02053,49.68881,2
46480,5.02053,49.68881,2
46481,5.02053,49.68881,2
46482,5.02053,49.68881,2
46483,5.021176,49.689622,2
46484,5.02278,49.69024,2
46485,5.02278,49.69024,2
46486,5.025645,49.693207,2
46487,5.02125,49.690231,2
46488,5.02174,49.69041,2
46489,5.02278,49.69024,2
46490,5.02278,49.69024,2
46491,5.02249,49.69029,2
46492,5.02278,49.69024,2
46493,5.02278,49.69024,2
46494,5.022752,49.69009,2
46495,5.02278,49.69024,2
46496,5.0231,49.68949,2
46497,5.02827,49.68716,2
46498,5.02347,49.68873,2
46499,5.02799,49.68715,2
46500,5.02473,49.68931,2
46501,5.02343,49.6894,2
46502,5.02473,49.68931,2
46503,5.0239,49.69091,2
46504,5.0239,49.69091,2
46505,5.02367,49.69043,2
46506,5.02376,49.69057,2
46507,5.0239,49.69076,2
46508,5.023947,49.690944,2
46509,5.0239,49.69091,2
46510,5.02434,49.691322,2
46511,5.02557,49.69215,2
46512,5.023947,49.690944,2
46513,5.023947,49.690944,2
46514,5.02371,49.69076,2
46515,5.023194,49.690071,2
46516,5.02291,49.69082,2
46517,5.023947,49.690944,2
46518,5.02343,49.6894,2
46519,5.025165,49.692768,2
46520,5.025165,49.692768,2
46521,5.025485,49.693058,2
46522,5.02278,49.69024,2
46523,5.02278,49.69024,2
46524,5.025485,49.693058,2
46525,5.02547,49.693049,2
46526,5.025485,49.693058,2
46527,5.02278,49.69024,2
46528,5.021459,49.690532,2
46529,5.02174,49.69041,2
46530,5.011209,49.68313,2
46531,5.02278,49.69024,2
46532,5.02174,49.69041,2
46533,5.02278,49.69024,2
46534,5.02278,49.69024,2
46535,5.02132,49.69027,2
46536,5.02278,49.69024,2
46537,5.02278,49.69024,2
46538,5.021653,49.690528,2
46539,5.02125,49.690231,2
46540,5.02115,49.68996,2
46541,5.02109,49.68982,2
46542,5.02053,49.68881,2
46543,5.02053,49.68881,2
46544,5.02278,49.69024,2
46545,4.806831,49.688701,2
46546,4.806831,49.688701,2
46547,5.02278,49.69024,2
46548,5.02395,49.71592,2
46549,5.03697,49.71452,2
46550,5.03748,49.71631,2
46551,5.03748,49.71631,2
46552,5.03748,49.71631,2
46553,5.03748,49.71631,2
46554,5.03718,49.7153,2
46555,5.03755,49.71617,2
46556,5.03697,49.71452,2
46557,5.03612,49.71301,2
46558,5.03658,49.71493,2
46559,5.03424,49.71698,2
46560,5.03697,49.71452,2
46561,5.03424,49.71698,2
46562,5.03697,49.71452,2
46563,5.03424,49.71698,2
46564,5.03767,49.71703,2
46565,5.03748,49.71631,2
46566,5.03748,49.71631,2
46567,5.03697,49.71452,2
46568,5.03748,49.71631,2
46569,5.03748,49.71631,2
46570,5.0332,49.7165,2
46571,5.0332,49.7165,2
46572,5.035065,49.715461,2
46573,5.0332,49.7165,2
46574,5.03718,49.71393,2
46575,5.03165,49.71678,2
46576,5.034567,49.716011,2
46577,5.0332,49.7165,2
46578,5.02914,49.71642,2
46579,5.03165,49.71678,2
46580,5.034567,49.716011,2
46581,5.03392,49.71636,2
46582,5.0332,49.7165,2
46583,5.03316,49.71768,2
46584,5.0332,49.7165,2
46585,5.0332,49.7165,2
46586,5.0332,49.7165,2
46587,5.0332,49.7165,2
46588,5.0332,49.7165,2
46589,5.0332,49.7165,2
46590,5.0332,49.7165,2
46591,5.0332,49.7165,2
46592,5.03298,49.7165,2
46593,5.0332,49.7165,2
46594,5.0332,49.7165,2
46595,5.03165,49.71678,2
46596,5.032096,49.716704,2
46597,5.0332,49.7165,2
46598,5.03316,49.71768,2
46599,5.0332,49.7165,2
46600,5.03268,49.71687,2
46601,5.0332,49.7165,2
46602,5.0332,49.7165,2
46603,5.0332,49.7165,2
46604,5.0332,49.7165,2
46605,5.03165,49.71678,2
46606,5.03132,49.71671,2
46607,5.03165,49.71678,2
46608,5.03165,49.71678,2
46609,5.03078,49.71631,2
46610,5.04246,49.71469,2
46611,5.03165,49.71678,2
46612,5.03066,49.71649,2
46613,5.03392,49.71636,2
46614,5.0332,49.7165,2
46615,5.03165,49.71678,2
46616,5.02909,49.7169,2
46617,5.02909,49.7169,2
46618,5.02909,49.7169,2
46619,5.02909,49.7169,2
46620,5.02909,49.7169,2
46621,5.02909,49.7169,2
46622,5.02909,49.7169,2
46623,5.02909,49.7169,2
46624,5.030257,49.716781,2
46625,5.02909,49.7169,2
46626,5.04246,49.71469,2
46627,5.03,49.71656,2
46628,5.03697,49.71452,2
46629,5.03165,49.71678,2
46630,5.02883,49.71683,2
46631,5.02909,49.7169,2
46632,5.02909,49.7169,2
46633,5.02909,49.7169,2
46634,5.022541,49.723152,2
46635,5.02395,49.71592,2
46636,5.02395,49.71592,2
46637,5.027152,49.716769,2
46638,5.02395,49.71592,2
46639,5.02395,49.71592,2
46640,5.02395,49.71592,2
46641,5.02395,49.71592,2
46642,5.02909,49.7169,2
46643,5.02909,49.7169,2
46644,5.02909,49.7169,2
46645,5.02909,49.7169,2
46646,5.02909,49.7169,2
46647,5.03165,49.71678,2
46648,5.030251,49.718776,2
46649,5.030875,49.718259,2
46650,5.03009,49.71916,2
46651,5.03009,49.71916,2
46652,5.03009,49.71916,2
46653,5.03316,49.71768,2
46654,5.03113,49.71784,2
46655,5.03178,49.71838,2
46656,5.03009,49.71916,2
46657,5.03009,49.71916,2
46658,5.03178,49.71838,2
46659,5.03178,49.71838,2
46660,5.03216,49.71941,2
46661,5.03178,49.71838,2
46662,5.03178,49.71838,2
46663,5.03178,49.71838,2
46664,5.02395,49.71592,2
46665,5.03178,49.71838,2
46666,5.03178,49.71838,2
46667,5.03178,49.71838,2
46668,5.03178,49.71838,2
46669,5.03178,49.71838,2
46670,5.0318,49.71828,2
46671,5.0317,49.71812,2
46672,5.03178,49.71838,2
46673,5.03178,49.71838,2
46674,5.031588,49.718378,2
46675,5.03178,49.71838,2
46676,5.03121,49.71759,2
46677,5.03178,49.71838,2
46678,5.03178,49.71838,2
46679,5.02395,49.71592,2
46680,5.03178,49.71838,2
46681,5.03178,49.71838,2
46682,5.03178,49.71838,2
46683,5.03178,49.71838,2
46684,5.03178,49.71838,2
46685,5.03178,49.71838,2
46686,5.03178,49.71838,2
46687,5.03178,49.71838,2
46688,5.03178,49.71838,2
46689,5.03182,49.71704,2
46690,5.031591,49.71738,2
46691,5.03286,49.71743,2
46692,5.03286,49.71743,2
46693,5.03286,49.71743,2
46694,5.03286,49.71743,2
46695,5.031893,49.717338,2
46696,5.03748,49.71631,2
46697,5.03286,49.71743,2
46698,5.03286,49.71743,2
46699,5.03286,49.71743,2
46700,5.03316,49.71768,2
46701,5.03316,49.71768,2
46702,5.03497,49.71576,2
46703,5.02395,49.71592,2
46704,5.0352,49.71535,2
46705,5.0287,49.71869,2
46706,5.03748,49.71631,2
46707,5.0332,49.7165,2
46708,5.03165,49.71678,2
46709,5.02909,49.7169,2
46710,5.02395,49.71592,2
46711,5.03178,49.71838,2
46712,5.031342,49.717925,2
46713,5.03424,49.71698,2
46714,5.02936,49.71688,2
46715,5.03748,49.71631,2
46716,5.02395,49.71592,2
46717,5.02909,49.7169,2
46718,5.037453,49.716333,2
46719,5.02395,49.71592,2
46720,5.03885,49.72181,2
46721,5.03156,49.71732,2
46722,5.03676,49.715,2
46723,5.03748,49.71631,2
46724,5.02883,49.71683,2
46725,5.02883,49.71683,2
46726,4.69888,49.39926,2
46727,4.69302,49.39923,2
46728,4.69302,49.39923,2
46729,4.69302,49.39923,2
46730,4.69302,49.39923,2
46731,4.69302,49.39923,2
46732,4.69302,49.39923,2
46733,4.69302,49.39923,2
46734,4.69302,49.39923,2
46735,4.69302,49.39923,2
46736,4.69302,49.39923,2
46737,4.69302,49.39923,2
46738,4.69302,49.39923,2
46739,4.69932,49.39886,2
46740,4.69932,49.39886,2
46741,4.69932,49.39886,2
46742,4.69932,49.39886,2
46743,4.69932,49.39886,2
46744,4.6953,49.40118,2
46745,4.69882,49.39913,2
46746,4.69827,49.39968,2
46747,4.69867,49.39923,2
46748,4.69852,49.39934,2
46749,4.69837,49.39944,2
46750,4.69822,49.39955,2
46751,4.69791,49.39976,2
46752,4.69806,49.39965,2
46753,4.69488,49.39875,2
46754,4.69449,49.3987,2
46755,4.69773,49.40005,2
46756,4.69708,49.4006,2
46757,4.69687,49.39996,2
46758,4.69742,49.40015,2
46759,4.69345,49.39889,2
46760,4.69732,49.40024,2
46761,4.69701,49.40014,2
46762,4.69639,49.39993,2
46763,4.6966,49.39987,2
46764,4.69605,49.39968,2
46765,4.69605,49.39968,2
46766,4.69632,49.39977,2
46767,4.69578,49.39958,2
46768,4.69578,49.39958,2
46769,4.69947,49.39862,2
46770,4.69609,49.39982,2
46771,4.69947,49.39862,2
46772,4.69578,49.39972,2
46773,4.69947,49.39862,2
46774,4.69448,49.39925,2
46775,4.69523,49.3994,2
46776,4.69947,49.39862,2
46777,4.69483,49.39939,2
46778,4.69947,49.39862,2
46779,4.69547,49.39961,2
46780,4.69516,49.39951,2
46781,4.69514,49.39915,2
46782,4.69302,49.39923,2
46783,4.69492,49.39928,2
46784,4.65561,49.39096,2
46785,4.6938,49.399,2
46786,4.69391,49.39891,2
46787,4.69364,49.39882,2
46788,4.69311,49.39878,2
46789,4.69276,49.39867,2
46790,4.69281,49.39855,2
46791,4.69308,49.39864,2
46792,4.69304,49.39919,2
46793,4.69245,49.39913,2
46794,4.692595,49.399182,2
46795,4.69069,49.39872,2
46796,4.6927,49.39921,2
46797,4.6932,49.39938,2
46798,4.69436,49.39978,2
46799,4.69384,49.3996,2
46800,4.69302,49.39923,2
46801,4.69262,49.39905,2
46802,4.69418,49.39959,2
46803,4.69414,49.39912,2
46804,4.6558,49.39101,2
46805,4.694565,49.399197,2
46806,4.69302,49.39923,2
46807,4.69483,49.39975,2
46808,4.69483,49.39975,2
46809,4.69503,49.3993,2
46810,4.69503,49.39954,2
46811,4.69488,49.39875,2
46812,4.69478,49.39958,2
46813,4.69505,49.39876,2
46814,4.69403,49.39841,2
46815,4.69428,49.39849,2
46816,4.69453,49.39858,2
46817,4.69518,49.39894,2
46818,4.69479,49.39867,2
46819,4.69129,49.39875,2
46820,4.69483,49.39882,2
46821,4.69129,49.39875,2
46822,4.6941,49.39877,2
46823,4.69129,49.39875,2
46824,4.69379,49.39832,2
46825,4.69129,49.39875,2
46826,4.69354,49.39824,2
46827,4.69004,49.39853,2
46828,4.69129,49.39875,2
46829,4.6937,49.39843,2
46830,4.68963,49.39853,2
46831,4.69129,49.39875,2
46832,4.6933,49.39815,2
46833,4.69346,49.39834,2
46834,4.69321,49.39826,2
46835,4.69305,49.39807,2
46836,4.69247,49.39712,2
46837,4.69218,49.39698,2
46838,4.69165,49.39713,2
46839,4.69081,49.39729,2
46840,4.69165,49.39713,2
46841,4.69048,49.39711,2
46842,4.6905,49.39686,2
46843,4.69051,49.39666,2
46844,4.69033,49.39666,2
46845,4.6903,49.3971,2
46846,4.69027,49.39735,2
46847,4.69025,49.3976,2
46848,4.69022,49.39785,2
46849,4.6904,49.39786,2
46850,4.6902,49.3981,2
46851,4.69017,49.39834,2
46852,4.69038,49.39698,2
46853,4.689756,49.398537,2
46854,4.691103,49.398771,2
46855,4.694565,49.399197,2
46856,4.68947,49.39687,2
46857,4.69129,49.39875,2
46858,4.68938,49.3978,2
46859,4.68947,49.39687,2
46860,4.68947,49.39687,2
46861,4.68934,49.39712,2
46862,4.68936,49.39703,2
46863,4.68947,49.39687,2
46864,4.68947,49.39687,2
46865,4.68953,49.39711,2
46866,4.68958,49.39683,2
46867,4.68938,49.39694,2
46868,4.68939,49.39685,2
46869,4.68941,49.39675,2
46870,4.68955,49.39697,2
46871,4.694565,49.399197,2
46872,4.6896,49.39669,2
46873,4.68942,49.39666,2
46874,4.68942,49.39666,2
46875,4.68898,49.39721,2
46876,4.694565,49.399197,2
46877,4.68844,49.39738,2
46878,4.693866,49.399274,2
46879,4.693866,49.399274,2
46880,4.68842,49.39756,2
46881,4.693866,49.399274,2
46882,4.68866,49.397,2
46883,4.70215,49.39999,2
46884,4.70166,49.39995,2
46885,4.70191,49.39997,2
46886,4.70217,49.39988,2
46887,4.70144,49.39989,2
46888,4.70122,49.39981,2
46889,4.70141,49.39975,2
46890,4.6995,49.39912,2
46891,4.70038,49.39949,2
46892,4.70059,49.39957,2
46893,4.69995,49.39932,2
46894,4.70017,49.3994,2
46895,4.69973,49.39925,2
46896,4.70123,49.39968,2
46897,4.69947,49.39917,2
46898,4.69921,49.3991,2
46899,4.69921,49.3991,2
46900,4.69395,49.39851,2
46901,4.69974,49.39912,2
46902,4.69935,49.39901,2
46903,4.70017,49.3994,2
46904,4.69947,49.39862,2
46905,4.69933,49.3986,2
46906,4.70017,49.3994,2
46907,4.69954,49.39875,2
46908,4.69954,49.39875,2
46909,4.69954,49.39875,2
46910,4.69954,49.39875,2
46911,4.69963,49.39864,2
46912,4.69963,49.39864,2
46913,4.69999,49.39864,2
46914,4.69963,49.39864,2
46915,4.69979,49.39866,2
46916,4.69963,49.39864,2
46917,4.69947,49.39862,2
46918,4.69963,49.39864,2
46919,4.69977,49.39878,2
46920,4.69966,49.39876,2
46921,4.70162,49.39892,2
46922,4.7002,49.39928,2
46923,4.7002,49.39928,2
46924,4.7002,49.39928,2
46925,4.7002,49.39928,2
46926,4.7002,49.39928,2
46927,4.7002,49.39928,2
46928,4.70073,49.39889,2
46929,4.70037,49.39935,2
46930,4.7001,49.39882,2
46931,4.7001,49.39882,2
46932,4.7001,49.39882,2
46933,4.7003,49.39885,2
46934,4.70145,49.39892,2
46935,4.70099,49.39878,2
46936,4.70157,49.3988,2
46937,4.70207,49.39892,2
46938,4.70206,49.39891,2
46939,4.70178,49.39892,2
46940,4.70193,49.39892,2
46941,4.70178,49.39892,2
46942,4.70208,49.39907,2
46943,4.69488,49.39875,2
46944,4.69488,49.39875,2
46945,4.69488,49.39875,2
46946,4.69488,49.39875,2
46947,4.69488,49.39875,2
46948,4.69488,49.39875,2
46949,4.69488,49.39875,2
46950,4.69488,49.39875,2
46951,4.69488,49.39875,2
46952,4.69488,49.39875,2
46953,4.69488,49.39875,2
46954,4.69488,49.39875,2
46955,4.69488,49.39875,2
46956,4.70127,49.39891,2
46957,4.69488,49.39875,2
46958,4.70127,49.39891,2
46959,4.69488,49.39875,2
46960,4.70127,49.39891,2
46961,4.69488,49.39875,2
46962,4.70127,49.39891,2
46963,4.69488,49.39875,2
46964,4.70127,49.39891,2
46965,4.69488,49.39875,2
46966,4.70127,49.39891,2
46967,4.69488,49.39875,2
46968,4.70127,49.39891,2
46969,4.69488,49.39875,2
46970,4.69488,49.39875,2
46971,4.70127,49.39891,2
46972,4.69488,49.39875,2
46973,4.70127,49.39891,2
46974,4.69488,49.39875,2
46975,4.70127,49.39891,2
46976,4.69488,49.39875,2
46977,4.70127,49.39891,2
46978,4.69704,49.39948,2
46979,4.70127,49.39891,2
46980,4.69704,49.39948,2
46981,4.70127,49.39891,2
46982,4.69704,49.39948,2
46983,4.69129,49.39875,2
46984,4.70127,49.39891,2
46985,4.69704,49.39948,2
46986,4.69704,49.39948,2
46987,4.70127,49.39891,2
46988,4.69578,49.39903,2
46989,4.69578,49.39903,2
46990,4.69578,49.39903,2
46991,4.69578,49.39903,2
46992,4.69578,49.39903,2
46993,4.69578,49.39903,2
46994,4.69695,49.39958,2
46995,4.69695,49.39958,2
46996,4.69695,49.39958,2
46997,4.69695,49.39958,2
46998,4.69695,49.39958,2
46999,4.69531,49.39885,2
47000,4.69302,49.39923,2
47001,4.69916,49.39881,2
47002,4.69488,49.39875,2
47003,4.69488,49.39875,2
47004,4.69488,49.39875,2
47005,4.69704,49.39948,2
47006,4.69695,49.39958,2
47007,4.69578,49.39903,2
47008,4.69267,49.3983,2
47009,4.70127,49.39891,2
47010,4.6967,49.40003,2
47011,4.6967,49.40003,2
47012,4.68951,49.39647,2
47013,4.31671,49.79843,2
47014,4.313901,49.847556,2
47015,4.313413,49.847843,2
47016,4.313149,49.847497,2
47017,4.315794,49.849439,2
47018,4.312929,49.846836,2
47019,4.29357,49.84464,2
47020,4.29357,49.84464,2
47021,4.31704,49.795859,2
47022,4.31779,49.79807,2
47023,4.318148,49.799713,2
47024,4.318376,49.798793,2
47025,4.315926,49.798949,2
47026,4.316261,49.798648,2
47027,4.31466,49.798862,2
47028,4.31628,49.7988,2
47029,4.31671,49.79843,2
47030,4.25547,49.83834,2
47031,4.25183,49.83591,2
47032,4.25672,49.83826,2
47033,4.25547,49.83834,2
47034,4.25672,49.83826,2
47035,4.25672,49.83826,2
47036,4.25656,49.838237,2
47037,4.25672,49.83826,2
47038,4.27804,49.83854,2
47039,4.71758,49.74432,2
47040,4.71646,49.74334,2
47041,4.71918,49.74639,2
47042,4.72056,49.74793,2
47043,4.72078,49.74741,2
47044,4.72078,49.74741,2
47045,4.72082,49.74671,2
47046,4.7205,49.74199,2
47047,4.71918,49.74639,2
47048,4.72078,49.74741,2
47049,4.72364,49.7488,2
47050,4.84259,49.88164,2
47051,4.84406,49.88844,2
47052,4.83956,49.91524,2
47053,4.84406,49.88844,2
47054,4.8502,49.87348,2
47055,4.81296,49.92736,2
47056,4.81296,49.92736,2
47057,4.84259,49.88164,2
47058,4.85314,49.87239,2
47059,4.8492,49.87387,2
47060,4.8502,49.87348,2
47061,4.81296,49.92736,2
47062,4.81296,49.92736,2
47063,4.84989,49.87145,2
47064,4.84406,49.88844,2
47065,4.81296,49.92736,2
47066,4.85124,49.8737,2
47067,4.52723,49.68699,2
47068,4.52723,49.68699,2
47069,4.51749,49.67703,2
47070,4.54228,49.65242,2
47071,4.5434,49.65192,2
47072,4.54005,49.65599,2
47073,4.54038,49.65329,2
47074,4.537171,49.652025,2
47075,4.539479,49.650985,2
47076,4.527303,49.649724,2
47077,4.53194,49.65281,2
47078,4.53683,49.65357,2
47079,4.53683,49.65357,2
47080,4.53807,49.65383,2
47081,4.53553,49.65337,2
47082,4.53735,49.65197,2
47083,4.539829,49.651078,2
47084,4.53935,49.65454,2
47085,4.5351,49.64735,2
47086,4.53683,49.65357,2
47087,4.53444,49.65259,2
47088,4.71538,49.83103,2
47089,4.74416,49.81399,2
47090,4.71538,49.83103,2
47091,4.64557,49.93488,2
47092,4.64567,49.9347,2
47093,4.64578,49.93456,2
47094,4.642,49.93522,2
47095,4.64137,49.93671,2
47096,4.64172,49.9366,2
47097,4.64174,49.93557,2
47098,4.64291,49.93152,2
47099,4.64295,49.93334,2
47100,4.64271,49.93407,2
47101,4.6457,49.93836,2
47102,4.64349,49.93727,2
47103,4.6417,49.93623,2
47104,4.64276,49.93331,2
47105,4.64297,49.93339,2
47106,4.6457,49.93836,2
47107,4.34093,49.50057,2
47108,4.34751,49.50145,2
47109,4.34544,49.50034,2
47110,4.34517,49.50042,2
47111,4.34262,49.50029,2
47112,4.34262,49.50029,2
47113,4.34262,49.50071,2
47114,4.33743,49.50122,2
47115,4.33756,49.50316,2
47116,4.34007,49.49931,2
47117,4.34007,49.49931,2
47118,4.33756,49.50316,2
47119,4.3562,49.49833,2
47120,4.3562,49.49833,2
47121,4.33743,49.50122,2
47122,4.99077,49.70305,2
47123,4.9922,49.703,2
47124,4.99077,49.70305,2
47125,4.9919,49.70172,2
47126,4.99164,49.70087,2
47127,4.99194,49.70462,2
47128,4.990245,49.703404,2
47129,4.99174,49.7035,2
47130,4.99289,49.70708,2
47131,4.96778,49.73846,2
47132,4.960423,49.736085,2
47133,4.969125,49.738691,2
47134,4.96772,49.73851,2
47135,4.96188,49.73664,2
47136,4.960533,49.735795,2
47137,4.96188,49.73664,2
47138,4.96188,49.73664,2
47139,4.96201,49.73549,2
47140,4.96084,49.73577,2
47141,4.976572,49.741404,2
47142,4.958835,49.73647,2
47143,4.96772,49.73851,2
47144,5.02278,49.69024,2
47145,4.222516,49.686054,2
47146,5.021064,49.689337,2
47147,5.02278,49.69024,2
47148,5.022466,49.690447,2
47149,5.022466,49.690447,2
47150,5.022466,49.690447,2
47151,5.037257,49.71499,2
47152,5.035091,49.715443,2
47153,5.03165,49.71678,2
47154,5.03165,49.71678,2
47155,5.02395,49.71592,2
47156,5.03286,49.71743,2
47157,5.03286,49.71743,2
47158,5.03286,49.71743,2
47159,4.6995,49.39912,2
47160,4.69004,49.39853,2
47161,4.69488,49.39875,2
47162,4.69488,49.39875,2
47163,4.69276,49.3983,2
47164,4.69453,49.3992,2
47165,4.69453,49.3992,2
47166,4.7008,49.39965,2
