"ID","Longitude","Latitude","ServiceTime (min)"
76203,4.71012,49.77166,2
76204,4.71008,49.77158,2
76205,4.71004,49.7715,2
76206,4.70999,49.77142,2
76207,4.70995,49.77134,2
76208,4.70995,49.77134,2
76209,4.70995,49.77134,2
76210,4.70995,49.77134,2
76211,4.70991,49.77126,2
76212,4.71994,49.77165,2
76213,4.70835,49.77198,2
76214,4.70991,49.77126,2
76215,4.70818,49.77203,2
76216,4.70847,49.77257,2
76217,4.70991,49.77126,2
76218,4.70853,49.77268,2
76219,4.70865,49.7729,2
76220,4.70991,49.77126,2
76221,4.70986,49.77118,2
76222,4.71008,49.77397,2
76223,4.70986,49.77118,2
76224,4.70906,49.77204,2
76225,4.70986,49.77118,2
76226,4.70987,49.77317,2
76227,4.70986,49.77118,2
76228,4.70992,49.77328,2
76229,4.71216,49.77533,2
76230,4.70986,49.77118,2
76231,4.71159,49.77431,2
76232,4.71012,49.77129,2
76233,4.71019,49.77142,2
76234,4.71121,49.77352,2
76235,4.71026,49.77155,2
76236,4.71032,49.77168,2
76237,4.71032,49.77168,2
76238,4.71032,49.77168,2
76239,4.71032,49.77168,2
76240,4.71102,49.7732,2
76241,4.71066,49.77224,2
76242,4.71045,49.77223,2
76243,4.71066,49.77224,2
76244,4.70986,49.77118,2
76245,4.71032,49.77168,2
76246,4.71066,49.77224,2
76247,4.71097,49.7728,2
76248,4.71066,49.77224,2
76249,4.71066,49.77224,2
76250,4.7111,49.77302,2
76251,4.71066,49.77224,2
76252,4.71136,49.77345,2
76253,4.71156,49.77382,2
76254,4.71066,49.77224,2
76255,4.71156,49.77382,2
76256,4.71066,49.77224,2
76257,4.71236,49.77534,2
76258,4.71066,49.77224,2
76259,4.71066,49.77224,2
76260,4.71316,49.77302,2
76261,4.71312,49.77299,2
76262,4.71066,49.77224,2
76263,4.71274,49.77214,2
76264,4.71066,49.77224,2
76265,4.71282,49.7721,2
76266,4.71066,49.77224,2
76267,4.71308,49.77265,2
76268,4.71066,49.77224,2
76269,4.71988,49.77177,2
76270,4.71605,49.77281,2
76271,4.71136,49.77345,2
76272,4.716,49.77273,2
76273,4.71605,49.77281,2
76274,4.71146,49.77358,2
76275,4.71609,49.77289,2
76276,4.71655,49.77389,2
76277,4.71149,49.77366,2
76278,4.71655,49.77389,2
76279,4.71655,49.77389,2
76280,4.71153,49.77374,2
76281,4.71655,49.77389,2
76282,4.71641,49.7735,2
76283,4.71153,49.77374,2
76284,4.71655,49.77389,2
76285,4.71675,49.77342,2
76286,4.71156,49.77382,2
76287,4.71717,49.77333,2
76288,4.71141,49.7739,2
76289,4.71141,49.7739,2
76290,4.71156,49.77382,2
76291,4.71717,49.77333,2
76292,4.71737,49.77328,2
76293,4.71156,49.77382,2
76294,4.71737,49.77328,2
76295,4.7116,49.7739,2
76296,4.7116,49.7739,2
76297,4.7116,49.7739,2
76298,4.7116,49.7739,2
76299,4.71987,49.7715,2
76300,4.7116,49.7739,2
76301,4.71983,49.77143,2
76302,4.71141,49.7739,2
76303,4.7116,49.7739,2
76304,4.71975,49.77128,2
76305,4.71979,49.77135,2
76306,4.7116,49.7739,2
76307,4.7116,49.7739,2
76308,4.7116,49.7739,2
76309,4.71163,49.77398,2
76310,4.71971,49.7712,2
76311,4.71166,49.77406,2
76312,4.71967,49.77113,2
76313,4.7117,49.77414,2
76314,4.71173,49.77422,2
76315,4.71966,49.77089,2
76316,4.71177,49.7743,2
76317,4.71987,49.77074,2
76318,4.71181,49.77443,2
76319,4.7197,49.77137,2
76320,4.71216,49.77502,2
76321,4.71221,49.7751,2
76322,4.7197,49.77137,2
76323,4.71884,49.77073,2
76324,4.71226,49.77518,2
76325,4.71949,49.77087,2
76326,4.71231,49.77526,2
76327,4.71231,49.77526,2
76328,4.71962,49.77139,2
76329,4.71231,49.77526,2
76330,4.71966,49.77146,2
76331,4.71231,49.77526,2
76332,4.71969,49.77154,2
76333,4.71231,49.77526,2
76334,4.7198,49.77175,2
76335,4.71328,49.77312,2
76336,4.71988,49.77177,2
76337,4.71324,49.77309,2
76338,4.71983,49.7718,2
76339,4.71324,49.77309,2
76340,4.7199,49.77194,2
76341,4.71324,49.77309,2
76342,4.71324,49.77309,2
76343,4.71992,49.77198,2
76344,4.71324,49.77309,2
76345,4.71995,49.77203,2
76346,4.71324,49.77309,2
76347,4.7132,49.77305,2
76348,4.72002,49.77217,2
76349,4.7132,49.77305,2
76350,4.72,49.77213,2
76351,4.7132,49.77305,2
76352,4.71316,49.77302,2
76353,4.72007,49.77227,2
76354,4.71316,49.77302,2
76355,4.70942,49.77433,2
76356,4.71316,49.77302,2
76357,4.70986,49.77418,2
76358,4.71316,49.77302,2
76359,4.71316,49.77302,2
76360,4.71316,49.77302,2
76361,4.71312,49.77299,2
76362,4.71312,49.77299,2
76363,4.71312,49.77299,2
76364,4.71312,49.77299,2
76365,4.71303,49.77286,2
76366,4.71271,49.77239,2
76367,4.71258,49.77193,2
76368,4.71274,49.77214,2
76369,4.71274,49.77214,2
76370,4.71274,49.77214,2
76371,4.71274,49.77214,2
76372,4.71274,49.77214,2
76373,4.71274,49.77214,2
76374,4.71141,49.7739,2
76375,4.71274,49.77214,2
76376,4.71141,49.7739,2
76377,4.71141,49.7739,2
76378,4.71282,49.77227,2
76379,4.71141,49.7739,2
76380,4.71108,49.7733,2
76381,4.71141,49.7739,2
76382,4.71291,49.7724,2
76383,4.71949,49.77087,2
76384,4.71299,49.77252,2
76385,4.71308,49.77265,2
76386,4.71308,49.77265,2
76387,4.71308,49.77265,2
76388,4.71308,49.77265,2
76389,4.71308,49.77265,2
76390,4.71308,49.77265,2
76391,4.71308,49.77265,2
76392,4.71308,49.77265,2
76393,4.71442,49.77381,2
76394,4.71442,49.77381,2
76395,4.71442,49.77381,2
76396,4.7141,49.77358,2
76397,4.7141,49.77358,2
76398,4.7141,49.77358,2
76399,4.7141,49.77358,2
76400,4.7141,49.77358,2
76401,4.7141,49.77358,2
76402,4.7141,49.77358,2
76403,4.7141,49.77358,2
76404,4.7141,49.77358,2
76405,4.71717,49.77333,2
76406,4.71283,49.77243,2
76407,4.7191,49.76014,2
76408,4.7165,49.77355,2
76409,4.71655,49.77389,2
76410,4.716,49.77273,2
76411,4.71655,49.77389,2
76412,4.71605,49.77281,2
76413,4.71605,49.77281,2
76414,4.71605,49.77281,2
76415,4.71655,49.77389,2
76416,4.71609,49.77289,2
76417,4.71609,49.77289,2
76418,4.71609,49.77289,2
76419,4.71609,49.77289,2
76420,4.71609,49.77289,2
76421,4.71609,49.77289,2
76422,4.71609,49.77289,2
76423,4.71613,49.77297,2
76424,4.71613,49.77297,2
76425,4.71613,49.77297,2
76426,4.71226,49.77518,2
76427,4.71613,49.77297,2
76428,4.71618,49.77304,2
76429,4.71655,49.77389,2
76430,4.71655,49.77389,2
76431,4.71655,49.77389,2
76432,4.71655,49.77389,2
76433,4.71226,49.77518,2
76434,4.71655,49.77389,2
76435,4.71655,49.77389,2
76436,4.71655,49.77389,2
76437,4.71655,49.77389,2
76438,4.71655,49.77389,2
76439,4.71655,49.77389,2
76440,4.71655,49.77389,2
76441,4.71655,49.77389,2
76442,4.71655,49.77389,2
76443,4.71141,49.7739,2
76444,4.71655,49.77389,2
76445,4.71655,49.77389,2
76446,4.71655,49.77389,2
76447,4.71655,49.77389,2
76448,4.71655,49.77389,2
76449,4.71655,49.77389,2
76450,4.71988,49.77177,2
76451,4.71655,49.77389,2
76452,4.71655,49.77389,2
76453,4.71655,49.77389,2
76454,4.71655,49.77389,2
76455,4.71673,49.77408,2
76456,4.71673,49.77408,2
76457,4.71665,49.77393,2
76458,4.71665,49.77393,2
76459,4.71973,49.77161,2
76460,4.71226,49.77518,2
76461,4.71665,49.77393,2
76462,4.71665,49.77393,2
76463,4.71665,49.77393,2
76464,4.71641,49.7735,2
76465,4.71641,49.7735,2
76466,4.71641,49.7735,2
76467,4.71675,49.77342,2
76468,4.71656,49.77346,2
76469,4.71656,49.77346,2
76470,4.71656,49.77346,2
76471,4.71656,49.77346,2
76472,4.71656,49.77346,2
76473,4.71656,49.77346,2
76474,4.71656,49.77346,2
76475,4.71656,49.77346,2
76476,4.71717,49.77333,2
76477,4.71717,49.77333,2
76478,4.71717,49.77333,2
76479,4.71717,49.77333,2
76480,4.71717,49.77333,2
76481,4.71717,49.77333,2
76482,4.71696,49.77337,2
76483,4.71696,49.77337,2
76484,4.71717,49.77333,2
76485,4.71717,49.77333,2
76486,4.71717,49.77333,2
76487,4.71717,49.77333,2
76488,4.70861,49.77247,2
76489,4.71696,49.77337,2
76490,4.70856,49.77239,2
76491,4.71696,49.77337,2
76492,4.71737,49.77328,2
76493,4.70852,49.77231,2
76494,4.70843,49.77214,2
76495,4.71737,49.77328,2
76496,4.71737,49.77328,2
76497,4.70839,49.77206,2
76498,4.70839,49.77206,2
76499,4.71737,49.77328,2
76500,4.70839,49.77206,2
76501,4.71737,49.77328,2
76502,4.70839,49.77206,2
76503,4.7199,49.77158,2
76504,4.70839,49.77206,2
76505,4.71987,49.7715,2
76506,4.70835,49.77198,2
76507,4.71987,49.7715,2
76508,4.70835,49.77198,2
76509,4.71983,49.77143,2
76510,4.70835,49.77198,2
76511,4.71983,49.77143,2
76512,4.71975,49.77128,2
76513,4.70818,49.77203,2
76514,4.71979,49.77135,2
76515,4.70818,49.77203,2
76516,4.7229,49.77101,2
76517,4.71979,49.77135,2
76518,4.70818,49.77203,2
76519,4.71975,49.77128,2
76520,4.70824,49.77214,2
76521,4.71979,49.77135,2
76522,4.71979,49.77135,2
76523,4.7083,49.77225,2
76524,4.70836,49.77236,2
76525,4.71975,49.77128,2
76526,4.71971,49.7712,2
76527,4.70842,49.77247,2
76528,4.71971,49.7712,2
76529,4.70847,49.77257,2
76530,4.71971,49.7712,2
76531,4.70847,49.77257,2
76532,4.71967,49.77113,2
76533,4.70847,49.77257,2
76534,4.70847,49.77257,2
76535,4.70847,49.77257,2
76536,4.71963,49.77106,2
76537,4.70847,49.77257,2
76538,4.71963,49.77106,2
76539,4.71966,49.77089,2
76540,4.70847,49.77257,2
76541,4.71972,49.77077,2
76542,4.70853,49.77268,2
76543,4.71884,49.77073,2
76544,4.70853,49.77268,2
76545,4.71675,49.77342,2
76546,4.71884,49.77073,2
76547,4.70853,49.77268,2
76548,4.71884,49.77073,2
76549,4.70853,49.77268,2
76550,4.71884,49.77073,2
76551,4.70847,49.77257,2
76552,4.70865,49.7729,2
76553,4.71884,49.77073,2
76554,4.70865,49.7729,2
76555,4.71884,49.77073,2
76556,4.70865,49.7729,2
76557,4.70865,49.7729,2
76558,4.71951,49.77077,2
76559,4.71031,49.77295,2
76560,4.71014,49.77299,2
76561,4.71949,49.77087,2
76562,4.70998,49.77302,2
76563,4.70981,49.77306,2
76564,4.71085,49.77296,2
76565,4.71949,49.77087,2
76566,4.71066,49.773,2
76567,4.71958,49.77132,2
76568,4.71958,49.77132,2
76569,4.71046,49.77304,2
76570,4.71958,49.77132,2
76571,4.71008,49.77312,2
76572,4.71958,49.77132,2
76573,4.71004,49.77389,2
76574,4.71962,49.77139,2
76575,4.70999,49.7738,2
76576,4.71962,49.77139,2
76577,4.71962,49.77139,2
76578,4.71962,49.77139,2
76579,4.70995,49.77371,2
76580,4.71962,49.77139,2
76581,4.71962,49.77139,2
76582,4.70991,49.77363,2
76583,4.71969,49.77154,2
76584,4.70865,49.7729,2
76585,4.70991,49.77363,2
76586,4.71969,49.77154,2
76587,4.71973,49.77161,2
76588,4.70986,49.77354,2
76589,4.71973,49.77161,2
76590,4.70982,49.77345,2
76591,4.70995,49.77134,2
76592,4.71973,49.77161,2
76593,4.71973,49.77161,2
76594,4.70978,49.77337,2
76595,4.71066,49.77224,2
76596,4.71988,49.77177,2
76597,4.70973,49.77328,2
76598,4.71988,49.77177,2
76599,4.71108,49.7733,2
76600,4.70969,49.77319,2
76601,4.7199,49.77194,2
76602,4.70963,49.77309,2
76603,4.7199,49.77194,2
76604,4.70963,49.77309,2
76605,4.7199,49.77194,2
76606,4.71992,49.77198,2
76607,4.70956,49.77297,2
76608,4.71995,49.77203,2
76609,4.71995,49.77203,2
76610,4.70949,49.77285,2
76611,4.71995,49.77203,2
76612,4.70949,49.77285,2
76613,4.71995,49.77203,2
76614,4.70949,49.77285,2
76615,4.71997,49.77208,2
76616,4.71997,49.77208,2
76617,4.70942,49.77273,2
76618,4.71997,49.77208,2
76619,4.70936,49.77262,2
76620,4.72,49.77213,2
76621,4.7093,49.7725,2
76622,4.70924,49.77239,2
76623,4.72,49.77213,2
76624,4.70924,49.77239,2
76625,4.72,49.77213,2
76626,4.70918,49.77227,2
76627,4.72002,49.77217,2
76628,4.70906,49.77204,2
76629,4.72002,49.77217,2
76630,4.70906,49.77204,2
76631,4.72002,49.77217,2
76632,4.70906,49.77204,2
76633,4.70906,49.77204,2
76634,4.72005,49.77222,2
76635,4.709,49.77193,2
76636,4.70942,49.77433,2
76637,4.70942,49.77433,2
76638,4.70894,49.77181,2
76639,4.70942,49.77433,2
76640,4.70942,49.77433,2
76641,4.7093,49.7725,2
76642,4.70942,49.77433,2
76643,4.70909,49.77174,2
76644,4.70942,49.77433,2
76645,4.70942,49.77433,2
76646,4.70918,49.77191,2
76647,4.70942,49.77433,2
76648,4.70942,49.77433,2
76649,4.70937,49.77226,2
76650,4.70942,49.77433,2
76651,4.70942,49.77433,2
76652,4.70941,49.77235,2
76653,4.70942,49.77433,2
76654,4.70942,49.77433,2
76655,4.7098,49.77305,2
76656,4.70942,49.77433,2
76657,4.70942,49.77433,2
76658,4.7098,49.77305,2
76659,4.70942,49.77433,2
76660,4.70942,49.77433,2
76661,4.70987,49.77317,2
76662,4.70942,49.77433,2
76663,4.70942,49.77433,2
76664,4.70987,49.77317,2
76665,4.70942,49.77433,2
76666,4.70987,49.77317,2
76667,4.70942,49.77433,2
76668,4.70942,49.77433,2
76669,4.70992,49.77328,2
76670,4.70942,49.77433,2
76671,4.70942,49.77433,2
76672,4.70992,49.77328,2
76673,4.70942,49.77433,2
76674,4.70942,49.77433,2
76675,4.70992,49.77328,2
76676,4.70942,49.77433,2
76677,4.70942,49.77433,2
76678,4.70992,49.77328,2
76679,4.70942,49.77433,2
76680,4.70942,49.77433,2
76681,4.70998,49.77338,2
76682,4.70942,49.77433,2
76683,4.70942,49.77433,2
76684,4.71003,49.77349,2
76685,4.70986,49.77418,2
76686,4.71008,49.7736,2
76687,4.70986,49.77418,2
76688,4.71018,49.77411,2
76689,4.70986,49.77418,2
76690,4.71019,49.77382,2
76691,4.70976,49.77421,2
76692,4.71048,49.77446,2
76693,4.70976,49.77421,2
76694,4.71031,49.77403,2
76695,4.70976,49.77421,2
76696,4.71041,49.77415,2
76697,4.71949,49.77087,2
76698,4.70986,49.77418,2
76699,4.71051,49.77426,2
76700,4.70976,49.77421,2
76701,4.71061,49.77438,2
76702,4.70976,49.77421,2
76703,4.71082,49.77461,2
76704,4.70976,49.77421,2
76705,4.71223,49.77544,2
76706,4.71216,49.77533,2
76707,4.70976,49.77421,2
76708,4.71216,49.77533,2
76709,4.71216,49.77533,2
76710,4.71216,49.77533,2
76711,4.71216,49.77533,2
76712,4.71216,49.77533,2
76713,4.71153,49.77374,2
76714,4.71216,49.77533,2
76715,4.71153,49.77374,2
76716,4.71153,49.77374,2
76717,4.71209,49.77522,2
76718,4.71202,49.77511,2
76719,4.71202,49.77511,2
76720,4.71202,49.77511,2
76721,4.71202,49.77511,2
76722,4.71202,49.77511,2
76723,4.71202,49.77511,2
76724,4.71202,49.77511,2
76725,4.71202,49.77511,2
76726,4.71202,49.77511,2
76727,4.71202,49.77511,2
76728,4.71196,49.775,2
76729,4.71196,49.775,2
76730,4.71196,49.775,2
76731,4.71188,49.77488,2
76732,4.71161,49.77439,2
76733,4.71153,49.77417,2
76734,4.71147,49.77404,2
76735,4.71141,49.7739,2
76736,4.7113,49.77363,2
76737,4.71135,49.77377,2
76738,4.71121,49.77352,2
76739,4.71121,49.77352,2
76740,4.71121,49.77352,2
76741,4.71118,49.77346,2
76742,4.71115,49.77341,2
76743,4.71111,49.77336,2
76744,4.71108,49.7733,2
76745,4.71141,49.7739,2
76746,4.71108,49.7733,2
76747,4.71105,49.77325,2
76748,4.71211,49.77494,2
76749,4.71211,49.77494,2
76750,4.71211,49.77494,2
76751,4.71211,49.77494,2
76752,4.71211,49.77494,2
76753,4.71211,49.77494,2
76754,4.71211,49.77494,2
76755,4.71211,49.77494,2
76756,4.71211,49.77494,2
76757,4.71211,49.77494,2
76758,4.71696,49.77337,2
76759,4.71211,49.77494,2
76760,4.71211,49.77494,2
76761,4.71211,49.77494,2
76762,4.71211,49.77494,2
76763,4.71211,49.77494,2
76764,4.71211,49.77494,2
76765,4.71211,49.77494,2
76766,4.71211,49.77494,2
76767,4.71211,49.77494,2
76768,4.71211,49.77494,2
76769,4.71211,49.77494,2
76770,4.71211,49.77494,2
76771,4.71211,49.77494,2
76772,4.71211,49.77494,2
76773,4.71211,49.77494,2
76774,4.71211,49.77494,2
76775,4.71211,49.77494,2
76776,4.71211,49.77494,2
76777,4.71211,49.77494,2
76778,4.71211,49.77494,2
76779,4.71211,49.77494,2
76780,4.71211,49.77494,2
76781,4.71211,49.77494,2
76782,4.71102,49.7732,2
76783,4.71102,49.7732,2
76784,4.71102,49.7732,2
76785,4.71102,49.7732,2
76786,4.71099,49.77314,2
76787,4.71095,49.77309,2
76788,4.71092,49.77304,2
76789,4.71092,49.77304,2
76790,4.71089,49.77298,2
76791,4.71081,49.77285,2
76792,4.71076,49.77275,2
76793,4.71076,49.77275,2
76794,4.71076,49.77275,2
76795,4.71076,49.77275,2
76796,4.7107,49.77266,2
76797,4.71609,49.77289,2
76798,4.71141,49.7739,2
76799,4.71055,49.77239,2
76800,4.71141,49.7739,2
76801,4.71141,49.7739,2
76802,4.7105,49.77231,2
76803,4.71141,49.7739,2
76804,4.7105,49.77231,2
76805,4.7105,49.77231,2
76806,4.7105,49.77231,2
76807,4.71045,49.77223,2
76808,4.71045,49.77223,2
76809,4.71967,49.77113,2
76810,4.71045,49.77223,2
76811,4.71041,49.77215,2
76812,4.71036,49.77207,2
76813,4.71031,49.77199,2
76814,4.71031,49.77199,2
76815,4.71026,49.7719,2
76816,4.71021,49.77182,2
76817,4.71021,49.77182,2
76818,4.71021,49.77182,2
76819,4.71021,49.77182,2
76820,4.71021,49.77182,2
76821,4.71021,49.77182,2
76822,4.71021,49.77182,2
76823,4.71021,49.77182,2
76824,4.71141,49.7739,2
76825,4.71017,49.77174,2
76826,4.71012,49.77166,2
76827,4.70115,49.76459,2
76828,4.70115,49.76459,2
76829,4.70115,49.76459,2
76830,4.70115,49.76459,2
76831,4.70115,49.76459,2
76832,4.70115,49.76459,2
76833,4.70115,49.76459,2
76834,4.70115,49.76459,2
76835,4.70115,49.76459,2
76836,4.70115,49.76459,2
76837,4.70115,49.76459,2
76838,4.70115,49.76459,2
76839,4.70115,49.76459,2
76840,4.70115,49.76459,2
76841,4.70115,49.76459,2
76842,4.70115,49.76459,2
76843,4.70115,49.76459,2
76844,4.70115,49.76459,2
76845,4.70115,49.76459,2
76846,4.70115,49.76459,2
76847,4.70115,49.76459,2
76848,4.70115,49.76459,2
76849,4.70115,49.76459,2
76850,4.70115,49.76459,2
76851,4.70115,49.76459,2
76852,4.70115,49.76459,2
76853,4.70115,49.76459,2
76854,4.70115,49.76459,2
76855,4.70115,49.76459,2
76856,4.70115,49.76459,2
76857,4.70115,49.76459,2
76858,4.70115,49.76459,2
76859,4.70115,49.76459,2
76860,4.70115,49.76459,2
76861,4.70115,49.76459,2
76862,4.70115,49.76459,2
76863,4.70115,49.76459,2
76864,4.70115,49.76459,2
76865,4.70115,49.76459,2
76866,4.69343,49.76341,2
76867,4.69364,49.76335,2
76868,4.69386,49.76329,2
76869,4.69407,49.76323,2
76870,4.69428,49.76318,2
76871,4.69449,49.76312,2
76872,4.6947,49.76306,2
76873,4.69492,49.763,2
76874,4.69513,49.76294,2
76875,4.69534,49.76288,2
76876,4.69502,49.7624,2
76877,4.69502,49.7624,2
76878,4.69482,49.76246,2
76879,4.69461,49.76251,2
76880,4.6944,49.76257,2
76881,4.69419,49.76262,2
76882,4.69398,49.76268,2
76883,4.69378,49.76274,2
76884,4.69357,49.76279,2
76885,4.69336,49.76285,2
76886,4.69315,49.7629,2
76887,4.69308,49.76283,2
76888,4.69309,49.7628,2
76889,4.69329,49.76274,2
76890,4.6935,49.76269,2
76891,4.69371,49.76263,2
76892,4.69392,49.76257,2
76893,4.69412,49.76252,2
76894,4.69433,49.76246,2
76895,4.69454,49.76241,2
76896,4.69475,49.76235,2
76897,4.69495,49.76229,2
76898,4.69472,49.7618,2
76899,4.6946,49.76183,2
76900,4.69448,49.76186,2
76901,4.69437,49.76189,2
76902,4.69425,49.76192,2
76903,4.69413,49.76195,2
76904,4.69401,49.76198,2
76905,4.6939,49.76201,2
76906,4.69378,49.76204,2
76907,4.69366,49.76207,2
76908,4.69354,49.7621,2
76909,4.69342,49.76213,2
76910,4.69331,49.76216,2
76911,4.69319,49.76219,2
76912,4.69307,49.76221,2
76913,4.69295,49.76224,2
76914,4.69284,49.76227,2
76915,4.69272,49.7623,2
76916,4.69265,49.7622,2
76917,4.69289,49.76214,2
76918,4.69277,49.76217,2
76919,4.69301,49.76211,2
76920,4.69312,49.76208,2
76921,4.69324,49.76205,2
76922,4.69336,49.76202,2
76923,4.69348,49.76199,2
76924,4.6936,49.76196,2
76925,4.69371,49.76193,2
76926,4.69383,49.7619,2
76927,4.69395,49.76187,2
76928,4.69407,49.76184,2
76929,4.69418,49.76181,2
76930,4.6943,49.76178,2
76931,4.69442,49.76175,2
76932,4.69454,49.76172,2
76933,4.69465,49.76169,2
76934,4.69426,49.76117,2
76935,4.69416,49.76112,2
76936,4.69406,49.76108,2
76937,4.69397,49.76103,2
76938,4.69387,49.76099,2
76939,4.69377,49.76094,2
76940,4.69368,49.7609,2
76941,4.69358,49.76085,2
76942,4.69348,49.7608,2
76943,4.69339,49.76076,2
76944,4.69329,49.76071,2
76945,4.69319,49.76067,2
76946,4.6931,49.76062,2
76947,4.693,49.76058,2
76948,4.6929,49.76053,2
76949,4.69281,49.76048,2
76950,4.69271,49.76044,2
76951,4.69261,49.76039,2
76952,4.69251,49.76035,2
76953,4.69239,49.76034,2
76954,4.69228,49.76032,2
76955,4.69216,49.7603,2
76956,4.69204,49.76028,2
76957,4.69193,49.76026,2
76958,4.70115,49.76459,2
76959,4.70115,49.76459,2
76960,4.70115,49.76459,2
76961,4.70115,49.76459,2
76962,4.84962,50.12945,2
76963,4.84975,50.12929,2
76964,4.85006,50.12915,2
76965,4.85036,50.12902,2
76966,4.85067,50.12889,2
76967,4.85088,50.12872,2
76968,4.85069,50.12854,2
76969,4.8505,50.1285,2
76970,4.84981,50.12878,2
76971,4.85046,50.12837,2
76972,4.85046,50.12837,2
76973,4.84981,50.12878,2
76974,4.84966,50.12892,2
76975,4.84938,50.12695,2
76976,4.84938,50.12695,2
76977,4.84953,50.12918,2
76978,4.84972,50.12916,2
76979,4.85015,50.12896,2
76980,4.85059,50.12877,2
76981,4.84864,50.12828,2
76982,4.84864,50.12828,2
76983,4.84864,50.12828,2
76984,4.84864,50.12828,2
76985,4.84864,50.12828,2
76986,4.84834,50.12859,2
76987,4.84834,50.12859,2
76988,4.84834,50.12859,2
76989,4.84834,50.12859,2
76990,4.84834,50.12859,2
76991,4.86196,50.11372,2
76992,4.86196,50.11372,2
76993,4.84864,50.12828,2
76994,4.85046,50.12837,2
76995,4.84979,50.12861,2
76996,4.84944,50.12944,2
76997,4.8497,50.12922,2
76998,4.84834,50.12859,2
76999,4.85046,50.12837,2
77000,4.70065,49.99041,2
77001,4.70065,49.99041,2
77002,4.68896,49.98027,2
77003,4.70065,49.99041,2
77004,4.68896,49.98027,2
77005,4.70065,49.99041,2
77006,4.68774,49.98154,2
77007,4.69877,49.99361,2
77008,4.70418,49.99375,2
77009,4.70255,49.99216,2
77010,4.70329,49.99261,2
77011,4.70292,49.99263,2
77012,4.70276,49.99263,2
77013,4.70276,49.99263,2
77014,4.70265,49.99264,2
77015,4.70252,49.99263,2
77016,4.70225,49.99262,2
77017,4.70209,49.99261,2
77018,4.70209,49.99261,2
77019,4.70196,49.9926,2
77020,4.70188,49.99259,2
77021,4.70158,49.99257,2
77022,4.70137,49.99256,2
77023,4.70106,49.99267,2
77024,4.70084,49.99275,2
77025,4.70082,49.99258,2
77026,4.70053,49.99259,2
77027,4.70024,49.9926,2
77028,4.70208,49.99207,2
77029,4.69997,49.99267,2
77030,4.69972,49.99277,2
77031,4.70276,49.99263,2
77032,4.69923,49.99297,2
77033,4.70174,49.99258,2
77034,4.69764,49.99436,2
77035,4.70166,49.99258,2
77036,4.69764,49.99436,2
77037,4.70158,49.99257,2
77038,4.70147,49.99256,2
77039,4.69764,49.99436,2
77040,4.70137,49.99256,2
77041,4.69764,49.99436,2
77042,4.69985,49.9928,2
77043,4.69851,49.99385,2
77044,4.69956,49.99304,2
77045,4.69652,49.994342,2
77046,4.696776,49.995056,2
77047,4.69851,49.99385,2
77048,4.69956,49.99304,2
77049,4.684002,49.996308,2
77050,4.6998,49.99287,2
77051,4.684002,49.996308,2
77052,4.692357,49.986915,2
77053,4.6998,49.99287,2
77054,4.70232,49.99219,2
77055,4.6998,49.99287,2
77056,4.69899,49.99308,2
77057,4.68938,49.98079,2
77058,4.6988,49.99322,2
77059,4.68938,49.98079,2
77060,4.6988,49.99322,2
77061,4.69985,49.9928,2
77062,4.68949,49.98079,2
77063,4.68643,49.97913,2
77064,4.69985,49.9928,2
77065,4.676702,49.978208,2
77066,4.69985,49.9928,2
77067,4.68723,49.97937,2
77068,4.6988,49.99322,2
77069,4.692357,49.986915,2
77070,4.69985,49.9928,2
77071,4.69415,49.98668,2
77072,4.696506,49.994343,2
77073,4.697819,49.994129,2
77074,4.69378,49.98637,2
77075,4.69353,49.98574,2
77076,4.70149,49.99066,2
77077,4.695232,49.994502,2
77078,4.695232,49.994502,2
77079,4.697997,49.989868,2
77080,4.694212,49.994746,2
77081,4.69815,49.98984,2
77082,4.689459,49.995296,2
77083,4.689459,49.995296,2
77084,4.689459,49.995296,2
77085,4.680986,49.995864,2
77086,4.680986,49.995864,2
77087,4.70418,49.99375,2
77088,4.69877,49.99361,2
77089,4.69851,49.99385,2
77090,4.69877,49.99361,2
77091,4.69881,49.99364,2
77092,4.69912,49.99342,2
77093,4.69868,49.99356,2
77094,4.69941,49.99324,2
77095,4.69976,49.9931,2
77096,4.70012,49.99299,2
77097,4.70048,49.99287,2
77098,4.70095,49.99258,2
77099,4.70104,49.99255,2
77100,4.70119,49.9925,2
77101,4.70122,49.99249,2
77102,4.70131,49.99245,2
77103,4.70133,49.99244,2
77104,4.7014,49.99242,2
77105,4.70152,49.99237,2
77106,4.70152,49.99237,2
77107,4.69877,49.99361,2
77108,4.70154,49.99235,2
77109,4.7005,49.99189,2
77110,4.69045,49.98303,2
77111,4.70046,49.9919,2
77112,4.70046,49.99192,2
77113,4.70046,49.99203,2
77114,4.68643,49.97913,2
77115,4.70046,49.99205,2
77116,4.70046,49.99207,2
77117,4.68643,49.97913,2
77118,4.70082,49.99133,2
77119,4.70089,49.99137,2
77120,4.70046,49.99203,2
77121,4.70096,49.99141,2
77122,4.70046,49.99201,2
77123,4.70087,49.99191,2
77124,4.70109,49.99181,2
77125,4.7012,49.99207,2
77126,4.70039,49.99195,2
77127,4.70046,49.99227,2
77128,4.70028,49.99224,2
77129,4.70028,49.99216,2
77130,4.70028,49.99208,2
77131,4.70028,49.99193,2
77132,4.70034,49.99194,2
77133,4.70009,49.9919,2
77134,4.70018,49.99192,2
77135,4.69996,49.99188,2
77136,4.69989,49.99187,2
77137,4.69984,49.99186,2
77138,4.70013,49.99179,2
77139,4.70028,49.99183,2
77140,4.70028,49.99173,2
77141,4.69319,49.98488,2
77142,4.70032,49.99162,2
77143,4.70038,49.99152,2
77144,4.70037,49.99164,2
77145,4.70037,49.99164,2
77146,4.70058,49.99147,2
77147,4.70058,49.99147,2
77148,4.70059,49.99148,2
77149,4.70063,49.99151,2
77150,4.70046,49.99222,2
77151,4.70046,49.9922,2
77152,4.70046,49.99216,2
77153,4.70083,49.99168,2
77154,4.70083,49.99168,2
77155,4.70055,49.99117,2
77156,4.70084,49.9915,2
77157,4.70079,49.99165,2
77158,4.70073,49.99143,2
77159,4.70068,49.9914,2
77160,4.70037,49.99164,2
77161,4.70037,49.99164,2
77162,4.70037,49.99164,2
77163,4.70037,49.99164,2
77164,4.6906,49.98332,2
77165,4.69059,49.9833,2
77166,4.69052,49.98316,2
77167,4.69032,49.98278,2
77168,4.69017,49.98248,2
77169,4.69003,49.98221,2
77170,4.68996,49.98208,2
77171,4.68988,49.98191,2
77172,4.68974,49.98164,2
77173,4.68955,49.98126,2
77174,4.70155,49.99257,2
77175,4.68966,49.98148,2
77176,4.68948,49.98113,2
77177,4.6902,49.98218,2
77178,4.68774,49.98154,2
77179,4.68949,49.98079,2
77180,4.68946,49.98109,2
77181,4.68938,49.98079,2
77182,4.68938,49.98079,2
77183,4.68932,49.98047,2
77184,4.68938,49.98079,2
77185,4.68921,49.98034,2
77186,4.68912,49.98022,2
77187,4.68918,49.98055,2
77188,4.68916,49.98053,2
77189,4.689,49.98008,2
77190,4.68872,49.98,2
77191,4.68891,49.97997,2
77192,4.68887,49.97994,2
77193,4.68879,49.97988,2
77194,4.68896,49.98027,2
77195,4.68875,49.98002,2
77196,4.68841,49.97964,2
77197,4.68795,49.97947,2
77198,4.68765,49.97937,2
77199,4.6877,49.97939,2
77200,4.68711,49.97892,2
77201,4.6868,49.97917,2
77202,4.68643,49.97913,2
77203,4.68517,49.9792,2
77204,4.68774,49.98154,2
77205,4.68488,49.97923,2
77206,4.70193,49.99197,2
77207,4.68123,49.97985,2
77208,4.68938,49.98079,2
77209,4.68728,49.97938,2
77210,4.68938,49.98079,2
77211,4.68625,49.97922,2
77212,4.69078,49.985041,2
77213,4.6921,49.98645,2
77214,4.6928,49.98738,2
77215,4.69222,49.98733,2
77216,4.69222,49.98733,2
77217,4.69222,49.98733,2
77218,4.69222,49.98733,2
77219,4.69222,49.98733,2
77220,4.69222,49.98733,2
77221,4.69222,49.98733,2
77222,4.69384,49.98666,2
77223,4.69384,49.98666,2
77224,4.69353,49.98574,2
77225,4.69426,49.98684,2
77226,4.69403,49.98648,2
77227,4.69403,49.98648,2
77228,4.69403,49.98648,2
77229,4.69398,49.98638,2
77230,4.69356,49.98556,2
77231,4.69353,49.98574,2
77232,4.69378,49.98637,2
77233,4.69378,49.98637,2
77234,4.69378,49.98637,2
77235,4.69372,49.98627,2
77236,4.69752,49.98979,2
77237,4.69353,49.98574,2
77238,4.69387,49.98581,2
77239,4.69353,49.98574,2
77240,4.69353,49.98574,2
77241,4.69294,49.98404,2
77242,4.6926,49.98405,2
77243,4.69275,49.98431,2
77244,4.69776,49.98981,2
77245,4.69795,49.98983,2
77246,4.69795,49.98983,2
77247,4.69835,49.98986,2
77248,4.69875,49.9899,2
77249,4.69875,49.9899,2
77250,4.69895,49.98991,2
77251,4.69915,49.98993,2
77252,4.69954,49.98997,2
77253,4.69954,49.98997,2
77254,4.69974,49.98998,2
77255,4.69994,49.99,2
77256,4.70014,49.99002,2
77257,4.70031,49.99009,2
77258,4.70047,49.99017,2
77259,4.69903,49.98997,2
77260,4.70174,49.98974,2
77261,4.69776,49.98993,2
77262,4.69801,49.98995,2
77263,4.69801,49.98995,2
77264,4.70232,49.99219,2
77265,4.69801,49.98995,2
77266,4.69852,49.98999,2
77267,4.69877,49.99001,2
77268,4.68774,49.98154,2
77269,4.68774,49.98154,2
77270,4.69902,49.99004,2
77271,4.679684,49.977342,2
77272,4.69927,49.99006,2
77273,4.69384,49.98666,2
77274,4.69953,49.99008,2
77275,4.69978,49.9901,2
77276,4.70003,49.99012,2
77277,4.70025,49.9902,2
77278,4.70079,49.99048,2
77279,4.70085,49.9905,2
77280,4.70092,49.99053,2
77281,4.70099,49.99056,2
77282,4.70106,49.99059,2
77283,4.70106,49.99059,2
77284,4.70106,49.99059,2
77285,4.70112,49.99061,2
77286,4.70119,49.99064,2
77287,4.70119,49.99064,2
77288,4.70126,49.99067,2
77289,4.692423,49.987129,2
77290,4.68643,49.97913,2
77291,4.6998,49.99287,2
77292,4.82309,50.14995,2
77293,4.82351,50.1499,2
77294,4.82372,50.14988,2
77295,4.82393,50.14985,2
77296,4.82413,50.14983,2
77297,4.82434,50.14981,2
77298,4.82435,50.14992,2
77299,4.82409,50.14995,2
77300,4.82383,50.14998,2
77301,4.82357,50.15001,2
77302,4.82331,50.15004,2
77303,4.82305,50.15007,2
77304,4.82279,50.1501,2
77305,4.8227,50.15044,2
77306,4.82351,50.1504,2
77307,4.8231,50.15039,2
77308,4.82349,50.15035,2
77309,4.82351,50.1504,2
77310,4.82389,50.1503,2
77311,4.82351,50.1504,2
77312,4.82351,50.1504,2
77313,4.82456,50.14988,2
77314,4.82403,50.14838,2
77315,4.82456,50.14988,2
77316,4.82457,50.15003,2
77317,4.82458,50.15011,2
77318,4.82403,50.14838,2
77319,4.82459,50.15025,2
77320,4.82429,50.15026,2
77321,4.82429,50.15026,2
77322,4.82415,50.15039,2
77323,4.8239,50.15042,2
77324,4.82365,50.15045,2
77325,4.8234,50.15047,2
77326,4.82315,50.1505,2
77327,4.8229,50.15053,2
77328,4.82275,50.15089,2
77329,4.82299,50.15087,2
77330,4.82323,50.15084,2
77331,4.82347,50.15081,2
77332,4.82394,50.15075,2
77333,4.82418,50.15073,2
77334,4.82441,50.1507,2
77335,4.82445,50.15081,2
77336,4.82421,50.15084,2
77337,4.82397,50.15087,2
77338,4.82349,50.15093,2
77339,4.82326,50.15096,2
77340,4.82278,50.15101,2
77341,4.82302,50.15099,2
77342,4.82283,50.15128,2
77343,4.82327,50.15123,2
77344,4.82349,50.15121,2
77345,4.82372,50.15118,2
77346,4.82394,50.15116,2
77347,4.82416,50.15113,2
77348,4.82438,50.15111,2
77349,4.82441,50.15122,2
77350,4.82419,50.15125,2
77351,4.82375,50.15129,2
77352,4.82397,50.15127,2
77353,4.82352,50.15132,2
77354,4.8233,50.15134,2
77355,4.82308,50.15137,2
77356,4.82286,50.15139,2
77357,4.82294,50.15169,2
77358,4.82315,50.15166,2
77359,4.82336,50.15164,2
77360,4.82358,50.15162,2
77361,4.82379,50.15161,2
77362,4.824,50.15159,2
77363,4.82422,50.15157,2
77364,4.82443,50.15155,2
77365,4.82446,50.15166,2
77366,4.82404,50.1517,2
77367,4.82383,50.15172,2
77368,4.82362,50.15174,2
77369,4.82341,50.15176,2
77370,4.8232,50.15177,2
77371,4.82299,50.1518,2
77372,4.8226,50.15223,2
77373,4.824,50.15201,2
77374,4.82414,50.15199,2
77375,4.8226,50.15223,2
77376,4.82428,50.15198,2
77377,4.8226,50.15223,2
77378,4.82442,50.15196,2
77379,4.8226,50.15116,2
77380,4.82256,50.15068,2
77381,4.82268,50.15146,2
77382,4.82256,50.15068,2
77383,4.82274,50.15167,2
77384,4.82279,50.15184,2
77385,4.82285,50.15212,2
77386,4.82202,50.151,2
77387,4.82212,50.15134,2
77388,4.82217,50.1515,2
77389,4.82227,50.15184,2
77390,4.82232,50.152,2
77391,4.82236,50.15217,2
77392,4.82184,50.151,2
77393,4.8219,50.15122,2
77394,4.82194,50.15133,2
77395,4.82197,50.15144,2
77396,4.822,50.15155,2
77397,4.82203,50.15166,2
77398,4.82207,50.15177,2
77399,4.8221,50.15188,2
77400,4.82216,50.15211,2
77401,4.82136,50.15109,2
77402,4.82142,50.1513,2
77403,4.82145,50.15141,2
77404,4.82151,50.15163,2
77405,4.82154,50.15174,2
77406,4.8216,50.15196,2
77407,4.82162,50.15206,2
77408,4.82168,50.15228,2
77409,4.82452,50.1538,2
77410,4.82452,50.1538,2
77411,4.82456,50.14988,2
77412,4.82452,50.1538,2
77413,4.82456,50.14988,2
77414,4.82452,50.1538,2
77415,4.82213,50.1516,2
77416,4.82143,50.15168,2
77417,4.82448,50.15405,2
77418,4.82448,50.15405,2
77419,4.82448,50.15405,2
77420,4.82441,50.15457,2
77421,4.82448,50.15405,2
77422,4.82441,50.15457,2
77423,4.82441,50.15457,2
77424,4.82441,50.15457,2
77425,4.82441,50.15457,2
77426,4.82441,50.15457,2
77427,4.82438,50.15484,2
77428,4.82438,50.15484,2
77429,4.82438,50.15484,2
77430,4.82434,50.1551,2
77431,4.82403,50.14838,2
77432,4.81988,50.14835,2
77433,4.82434,50.1551,2
77434,4.823,50.14112,2
77435,4.823167,50.141134,2
77436,4.82302,50.14123,2
77437,4.82319,50.14116,2
77438,4.823831,50.146105,2
77439,4.823201,50.141259,2
77440,4.82305,50.14144,2
77441,4.82321,50.14131,2
77442,4.82307,50.14154,2
77443,4.82308,50.14165,2
77444,4.82307,50.14175,2
77445,4.82325,50.14152,2
77446,4.82307,50.14186,2
77447,4.82325,50.14159,2
77448,4.82274,50.14688,2
77449,4.82274,50.14688,2
77450,4.82275,50.14699,2
77451,4.82276,50.1471,2
77452,4.82277,50.14721,2
77453,4.82279,50.14731,2
77454,4.82281,50.14746,2
77455,4.82284,50.14762,2
77456,4.82286,50.1477,2
77457,4.82287,50.14778,2
77458,4.82288,50.14786,2
77459,4.82289,50.14793,2
77460,4.8229,50.14801,2
77461,4.82291,50.14809,2
77462,4.82288,50.14816,2
77463,4.82256,50.14689,2
77464,4.82257,50.147,2
77465,4.82259,50.14722,2
77466,4.82261,50.14732,2
77467,4.82262,50.1474,2
77468,4.82264,50.14748,2
77469,4.82265,50.14755,2
77470,4.82266,50.14763,2
77471,4.82268,50.14771,2
77472,4.82269,50.14778,2
77473,4.8227,50.14786,2
77474,4.82271,50.14793,2
77475,4.8227,50.14814,2
77476,4.82166,50.14701,2
77477,4.82169,50.14728,2
77478,4.8217,50.14736,2
77479,4.82171,50.14744,2
77480,4.82172,50.14752,2
77481,4.82173,50.14768,2
77482,4.82174,50.14776,2
77483,4.82174,50.14784,2
77484,4.82175,50.14792,2
77485,4.82176,50.148,2
77486,4.82177,50.14809,2
77487,4.82177,50.14817,2
77488,4.82178,50.14825,2
77489,4.82149,50.14706,2
77490,4.82151,50.14724,2
77491,4.82153,50.14745,2
77492,4.82154,50.14753,2
77493,4.82155,50.14768,2
77494,4.82156,50.14776,2
77495,4.82156,50.14784,2
77496,4.82157,50.14793,2
77497,4.82158,50.14801,2
77498,4.82159,50.14818,2
77499,4.8216,50.14826,2
77500,4.82061,50.14808,2
77501,4.82061,50.14808,2
77502,4.82066,50.14789,2
77503,4.82459,50.15025,2
77504,4.82067,50.14795,2
77505,4.82068,50.14802,2
77506,4.82068,50.14802,2
77507,4.82069,50.14816,2
77508,4.8207,50.14823,2
77509,4.82049,50.14791,2
77510,4.8205,50.14801,2
77511,4.82051,50.14812,2
77512,4.82052,50.14822,2
77513,4.82368,50.14677,2
77514,4.82368,50.14677,2
77515,4.82368,50.14677,2
77516,4.82416,50.14914,2
77517,4.82395,50.14917,2
77518,4.82374,50.14919,2
77519,4.82333,50.14923,2
77520,4.82312,50.14926,2
77521,4.82291,50.14928,2
77522,4.8227,50.1493,2
77523,4.8225,50.14932,2
77524,4.82229,50.14934,2
77525,4.81503,50.14982,2
77526,4.82309,50.14672,2
77527,4.82249,50.14963,2
77528,4.82334,50.1496,2
77529,4.8229,50.14958,2
77530,4.82334,50.1496,2
77531,4.82332,50.14954,2
77532,4.82374,50.1495,2
77533,4.82334,50.1496,2
77534,4.82415,50.14945,2
77535,4.82334,50.1496,2
77536,4.82408,50.14958,2
77537,4.82387,50.1496,2
77538,4.82366,50.14962,2
77539,4.82346,50.14964,2
77540,4.82325,50.14966,2
77541,4.82304,50.14968,2
77542,4.82283,50.14971,2
77543,4.82263,50.14973,2
77544,4.82242,50.14976,2
77545,4.82247,50.15003,2
77546,4.82268,50.15,2
77547,4.82288,50.14997,2
77548,4.15764,49.7415,2
77549,4.16062,49.7383,2
77550,4.16058,49.73771,2
77551,4.15879,49.73952,2
77552,4.15727,49.73933,2
77553,4.15754,49.73936,2
77554,4.15811,49.73953,2
77555,4.15591,49.74078,2
77556,4.17835,49.74133,2
77557,4.17835,49.74133,2
77558,4.167877,49.742997,2
77559,4.16423,49.7412,2
77560,4.16235,49.74199,2
77561,4.16386,49.74144,2
77562,4.16002,49.74083,2
77563,4.160671,49.737985,2
77564,4.16002,49.73998,2
77565,4.16061,49.73795,2
77566,4.134664,49.735455,2
77567,4.16028,49.73868,2
77568,4.15828,49.74544,2
77569,4.16673,49.73762,2
77570,4.168811,49.758172,2
77571,4.15767,49.74035,2
77572,4.16758,49.75612,2
77573,4.15978,49.7394,2
77574,4.17004,49.75916,2
77575,4.15968,49.73904,2
77576,4.15758,49.74195,2
77577,4.159829,49.738869,2
77578,4.17004,49.75916,2
77579,4.15907,49.73914,2
77580,4.15767,49.74035,2
77581,4.15879,49.73952,2
77582,4.15879,49.73952,2
77583,4.15879,49.73952,2
77584,4.15767,49.74035,2
77585,4.15793,49.73939,2
77586,4.157,49.7393,2
77587,4.15741,49.7394,2
77588,4.1571,49.73943,2
77589,4.15765,49.73949,2
77590,4.15781,49.73939,2
77591,4.16156,49.73848,2
77592,4.16156,49.73848,2
77593,4.15923,49.73911,2
77594,4.15765,49.74004,2
77595,4.15756,49.7404,2
77596,4.15747,49.74076,2
77597,4.15689,49.74103,2
77598,4.15549,49.74077,2
77599,4.1453,49.74807,2
77600,4.15771,49.741,2
77601,4.15839,49.74101,2
77602,4.15907,49.74102,2
77603,4.15941,49.74102,2
77604,4.15767,49.74035,2
77605,4.15746,49.74152,2
77606,4.15749,49.74269,2
77607,4.15764,49.7415,2
77608,4.15766,49.74261,2
77609,4.1585,49.74302,2
77610,4.1597,49.7428,2
77611,4.15977,49.74242,2
77612,4.15994,49.74235,2
77613,4.17835,49.74133,2
77614,4.17835,49.74133,2
77615,4.17835,49.74133,2
77616,4.17835,49.74133,2
77617,4.17835,49.74133,2
77618,4.17835,49.74133,2
77619,4.17835,49.74133,2
77620,4.17835,49.74133,2
77621,4.17835,49.74133,2
77622,4.17835,49.74133,2
77623,4.169,49.74068,2
77624,4.17835,49.74133,2
77625,4.16282,49.7419,2
77626,4.17835,49.74133,2
77627,4.16253,49.74183,2
77628,4.16342,49.74157,2
77629,4.16001,49.74099,2
77630,4.16003,49.74055,2
77631,4.15999,49.74127,2
77632,4.15976,49.74201,2
77633,4.15995,49.74181,2
77634,4.15982,49.7412,2
77635,4.15979,49.7416,2
77636,4.15975,49.74103,2
77637,4.15984,49.74073,2
77638,4.15987,49.74027,2
77639,4.16005,49.74026,2
77640,4.1598,49.73981,2
77641,4.15995,49.7397,2
77642,4.15976,49.73963,2
77643,4.15947,49.73961,2
77644,4.1591,49.73959,2
77645,4.15879,49.73957,2
77646,4.15847,49.73955,2
77647,4.17004,49.75916,2
77648,4.15828,49.74544,2
77649,4.163846,49.756962,2
77650,4.17004,49.75916,2
77651,4.17004,49.75916,2
77652,4.16758,49.75612,2
77653,4.15847,49.74379,2
77654,4.162278,49.745713,2
77655,4.15817,49.7433,2
77656,4.16758,49.75612,2
77657,4.15293,49.74303,2
77658,4.1454,49.74796,2
77659,4.14513,49.74812,2
77660,4.14461,49.74839,2
77661,4.14437,49.74848,2
77662,4.14412,49.74856,2
77663,4.14387,49.74865,2
77664,4.1453,49.74807,2
77665,4.17835,49.74133,2
77666,4.15771,49.741,2
77667,4.17004,49.75916,2
77668,4.13475,49.735525,2
77669,4.1571,49.73943,2
77670,4.17835,49.74133,2
77671,4.2075,49.73622,2
77672,4.20698,49.73787,2
77673,4.2113,49.72568,2
77674,4.21156,49.74139,2
77675,4.204361,49.723002,2
77676,4.2075,49.73622,2
77677,4.2075,49.73622,2
77678,4.20153,49.73596,2
77679,4.20677,49.73834,2
77680,4.20727,49.73714,2
77681,4.21805,49.74589,2
77682,4.21805,49.74589,2
77683,4.2213,49.73026,2
77684,4.2213,49.73026,2
77685,4.19591,49.75153,2
77686,4.204204,49.723274,2
77687,4.2113,49.72568,2
77688,4.204361,49.723002,2
77689,4.204665,49.723375,2
77690,4.204665,49.723375,2
77691,4.222831,49.729759,2
77692,4.2075,49.73619,2
77693,4.20968,49.73306,2
77694,4.21036,49.73284,2
77695,4.20854,49.73431,2
77696,4.2102,49.73302,2
77697,4.2083,49.73477,2
77698,4.20931,49.73358,2
77699,4.20872,49.73432,2
77700,4.20805,49.73524,2
77701,4.20831,49.73511,2
77702,4.20776,49.73571,2
77703,4.20867,49.73569,2
77704,4.20865,49.73574,2
77705,4.20758,49.73624,2
77706,4.20742,49.73619,2
77707,4.20707,49.73668,2
77708,4.2075,49.73619,2
77709,4.207752,49.73575,2
77710,4.2075,49.73622,2
77711,4.20681,49.73711,2
77712,4.20499,49.73669,2
77713,4.20698,49.73714,2
77714,4.20084,49.7357,2
77715,4.20245,49.7363,2
77716,4.205567,49.736997,2
77717,4.2002,49.7354,2
77718,4.19949,49.73518,2
77719,4.20052,49.7357,2
77720,4.20052,49.7357,2
77721,4.206254,49.737211,2
77722,4.20499,49.73669,2
77723,4.19873,49.73501,2
77724,4.20666,49.73802,2
77725,4.206443,49.738205,2
77726,4.20698,49.73787,2
77727,4.20702,49.73798,2
77728,4.20722,49.7376,2
77729,4.20864,49.73774,2
77730,4.21007,49.73852,2
77731,4.21003,49.73816,2
77732,4.2102,49.74056,2
77733,4.21009,49.73987,2
77734,4.21104,49.74112,2
77735,4.21015,49.7402,2
77736,4.21023,49.73834,2
77737,4.21048,49.73865,2
77738,4.21015,49.7391,2
77739,4.21187,49.73865,2
77740,4.21234,49.73838,2
77741,4.21048,49.73865,2
77742,4.21141,49.73761,2
77743,4.21051,49.73782,2
77744,4.21229,49.73786,2
77745,4.21377,49.73828,2
77746,4.21377,49.73828,2
77747,4.21252,49.73813,2
77748,4.21303,49.73815,2
77749,4.21345,49.7381,2
77750,4.21805,49.74589,2
77751,4.21805,49.74589,2
77752,4.21805,49.74589,2
77753,4.21805,49.74589,2
77754,4.21805,49.74589,2
77755,4.21805,49.74589,2
77756,4.21805,49.74589,2
77757,4.21805,49.74589,2
77758,4.21805,49.74589,2
77759,4.21805,49.74589,2
77760,4.21805,49.74589,2
77761,4.21805,49.74589,2
77762,4.21805,49.74589,2
77763,4.21805,49.74589,2
77764,4.2213,49.73026,2
77765,4.2213,49.73026,2
77766,4.2213,49.73026,2
77767,4.2213,49.73026,2
77768,4.2213,49.73026,2
77769,4.2213,49.73026,2
77770,4.2213,49.73026,2
77771,4.2213,49.73026,2
77772,4.2213,49.73026,2
77773,4.2213,49.73026,2
77774,4.22259,49.73012,2
77775,4.22246,49.73049,2
77776,4.22264,49.7302,2
77777,4.2213,49.73026,2
77778,4.2213,49.73026,2
77779,4.22259,49.73012,2
77780,4.2213,49.73026,2
77781,4.2213,49.73026,2
77782,4.221948,49.730617,2
77783,4.2213,49.73026,2
77784,4.203789,49.747093,2
77785,4.20629,49.75181,2
77786,4.20629,49.75181,2
77787,4.20629,49.75181,2
77788,4.20629,49.75181,2
77789,4.20629,49.75181,2
77790,4.19591,49.75153,2
77791,4.19591,49.75153,2
77792,4.19591,49.75153,2
77793,4.19591,49.75153,2
77794,4.19591,49.75153,2
77795,4.2065,49.74776,2
77796,4.22299,49.72963,2
77797,4.21805,49.74589,2
77798,4.2213,49.73026,2
77799,4.50283,49.51863,2
77800,4.48981,49.5197,2
77801,4.50283,49.51863,2
77802,4.50283,49.51863,2
77803,4.50283,49.51863,2
77804,4.50224,49.51869,2
77805,4.50271,49.51868,2
77806,4.50318,49.51868,2
77807,4.48981,49.5197,2
77808,4.50365,49.51867,2
77809,4.49224,49.51894,2
77810,4.49224,49.51894,2
77811,4.49737,49.51634,2
77812,4.49737,49.51634,2
77813,4.48981,49.5197,2
77814,4.48981,49.5197,2
77815,4.48981,49.5197,2
77816,4.48723,49.52082,2
77817,4.48981,49.5197,2
77818,4.48981,49.5197,2
77819,4.48981,49.5197,2
77820,4.48366,49.52164,2
77821,4.48394,49.52156,2
77822,4.48981,49.5197,2
77823,4.48981,49.5197,2
77824,4.50247,49.51702,2
77825,4.48981,49.5197,2
77826,4.48479,49.52134,2
77827,4.50781,49.51751,2
77828,4.50227,49.51857,2
77829,4.48981,49.5197,2
77830,4.48564,49.52112,2
77831,4.48981,49.5197,2
77832,4.48981,49.5197,2
77833,4.48981,49.5197,2
77834,4.48981,49.5197,2
77835,4.48981,49.5197,2
77836,4.48981,49.5197,2
77837,4.48822,49.51382,2
77838,4.48981,49.5197,2
77839,4.48981,49.5197,2
77840,4.48981,49.5197,2
77841,4.48981,49.5197,2
77842,4.48981,49.5197,2
77843,4.48981,49.5197,2
77844,4.48981,49.5197,2
77845,4.48981,49.5197,2
77846,4.48981,49.5197,2
77847,4.49038,49.520063,2
77848,4.49031,49.52054,2
77849,4.49009,49.52025,2
77850,4.49014,49.52061,2
77851,4.49014,49.52061,2
77852,4.49018,49.52097,2
77853,4.49021,49.52133,2
77854,4.4904,49.5215,2
77855,4.49023,49.52169,2
77856,4.49029,49.52205,2
77857,4.49049,49.52276,2
77858,4.49058,49.52245,2
77859,4.49033,49.52158,2
77860,4.49033,49.52158,2
77861,4.49073,49.52427,2
77862,4.49044,49.52431,2
77863,4.49016,49.52435,2
77864,4.48987,49.52439,2
77865,4.49033,49.52158,2
77866,4.48981,49.5197,2
77867,4.49113,49.51968,2
77868,4.49102,49.51951,2
77869,4.49128,49.51961,2
77870,4.49108,49.51959,2
77871,4.49091,49.51934,2
77872,4.49081,49.51916,2
77873,4.4907,49.51899,2
77874,4.4907,49.51881,2
77875,4.49077,49.51864,2
77876,4.49104,49.51858,2
77877,4.49132,49.51853,2
77878,4.49068,49.5189,2
77879,4.49086,49.51925,2
77880,4.49097,49.51942,2
77881,4.48981,49.5197,2
77882,4.49033,49.52158,2
77883,4.48981,49.5197,2
77884,4.48981,49.5197,2
77885,4.48981,49.5197,2
77886,4.50582,49.5179,2
77887,4.49247,49.51933,2
77888,4.49075,49.51908,2
77889,4.49235,49.51913,2
77890,4.49235,49.51913,2
77891,4.49241,49.51923,2
77892,4.49229,49.51903,2
77893,4.49225,49.51883,2
77894,4.49224,49.51894,2
77895,4.49263,49.51929,2
77896,4.48981,49.5197,2
77897,4.49349,49.51903,2
77898,4.49351,49.51892,2
77899,4.50283,49.51863,2
77900,4.49352,49.51882,2
77901,4.493903,49.518841,2
77902,4.49355,49.51861,2
77903,4.49356,49.51851,2
77904,4.493848,49.519183,2
77905,4.49369,49.51893,2
77906,4.48981,49.5197,2
77907,4.48981,49.5197,2
77908,4.48981,49.5197,2
77909,4.48981,49.5197,2
77910,4.48981,49.5197,2
77911,4.48981,49.5197,2
77912,4.48981,49.5197,2
77913,4.48981,49.5197,2
77914,4.49033,49.52158,2
77915,4.48981,49.5197,2
77916,4.48981,49.5197,2
77917,4.48981,49.5197,2
77918,4.48981,49.5197,2
77919,4.48981,49.5197,2
77920,4.48981,49.5197,2
77921,4.48981,49.5197,2
77922,4.48981,49.5197,2
77923,4.49966,49.51759,2
77924,4.50002,49.51811,2
77925,4.50019,49.51818,2
77926,4.50019,49.51818,2
77927,4.50037,49.51818,2
77928,4.49033,49.52158,2
77929,4.5003,49.51717,2
77930,4.50045,49.51751,2
77931,4.50048,49.51693,2
77932,4.50054,49.51681,2
77933,4.50105,49.51684,2
77934,4.50131,49.51685,2
77935,4.50182,49.51687,2
77936,4.50233,49.5169,2
77937,4.50078,49.51694,2
77938,4.50094,49.51695,2
77939,4.5014,49.51697,2
77940,4.50185,49.51699,2
77941,4.50201,49.517,2
77942,4.50216,49.51701,2
77943,4.50216,49.51701,2
77944,4.50231,49.51702,2
77945,4.50262,49.51703,2
77946,4.50278,49.51704,2
77947,4.50295,49.51706,2
77948,4.50312,49.51707,2
77949,4.50329,49.51709,2
77950,4.50329,49.51709,2
77951,4.50347,49.51711,2
77952,4.48981,49.5197,2
77953,4.50364,49.51712,2
77954,4.48981,49.5197,2
77955,4.50258,49.51691,2
77956,4.50278,49.51693,2
77957,4.50292,49.51694,2
77958,4.50319,49.51696,2
77959,4.50332,49.51697,2
77960,4.50345,49.51699,2
77961,4.50359,49.517,2
77962,4.50372,49.51701,2
77963,4.50372,49.51701,2
77964,4.50386,49.51702,2
77965,4.50386,49.51702,2
77966,4.50381,49.51714,2
77967,4.49558,49.51597,2
77968,4.50381,49.51714,2
77969,4.504,49.51703,2
77970,4.50418,49.51701,2
77971,4.50436,49.517,2
77972,4.50473,49.51703,2
77973,4.50436,49.517,2
77974,4.49021,49.52133,2
77975,4.50436,49.517,2
77976,4.48981,49.5197,2
77977,4.50436,49.517,2
77978,4.48635,49.51298,2
77979,4.5008,49.51682,2
77980,4.50509,49.51693,2
77981,4.50078,49.51694,2
77982,4.5053,49.51703,2
77983,4.50109,49.51696,2
77984,4.50475,49.51709,2
77985,4.50305,49.51695,2
77986,4.5042,49.51713,2
77987,4.50381,49.51714,2
77988,4.50405,49.51734,2
77989,4.50475,49.51709,2
77990,4.50473,49.51703,2
77991,4.50454,49.51699,2
77992,4.50644,49.51765,2
77993,4.5058,49.51796,2
77994,4.50473,49.51703,2
77995,4.50769,49.51776,2
77996,4.50473,49.51703,2
77997,4.50029,49.5169,2
77998,4.50527,49.51692,2
77999,4.49896,49.51648,2
78000,4.50545,49.5169,2
78001,4.49718,49.51698,2
78002,4.50585,49.51631,2
78003,4.4961,49.51604,2
78004,4.50583,49.51655,2
78005,4.49829,49.51644,2
78006,4.50634,49.51706,2
78007,4.50675,49.51706,2
78008,4.50675,49.51706,2
78009,4.50613,49.51721,2
78010,4.50624,49.51736,2
78011,4.50634,49.51751,2
78012,4.50644,49.51765,2
78013,4.50644,49.51765,2
78014,4.50659,49.51818,2
78015,4.50659,49.51803,2
78016,4.50659,49.51803,2
78017,4.50583,49.51785,2
78018,4.50709,49.51779,2
78019,4.5069,49.51791,2
78020,4.50791,49.51751,2
78021,4.50812,49.51727,2
78022,4.50769,49.51753,2
78023,4.50769,49.51753,2
78024,4.50726,49.51698,2
78025,4.50809,49.51707,2
78026,4.50781,49.51751,2
78027,4.50932,49.51693,2
78028,4.50928,49.51705,2
78029,4.50781,49.51751,2
78030,4.50781,49.51751,2
78031,4.50668,49.51841,2
78032,4.50659,49.51833,2
78033,4.50659,49.51848,2
78034,4.50659,49.51863,2
78035,4.50834,49.51702,2
78036,4.50677,49.51818,2
78037,4.50677,49.51863,2
78038,4.50659,49.51878,2
78039,4.50705,49.5188,2
78040,4.50778,49.5188,2
78041,4.5056,49.51877,2
78042,4.5056,49.51877,2
78043,4.50679,49.51916,2
78044,4.50661,49.51917,2
78045,4.5063,49.51877,2
78046,4.49247,49.51933,2
78047,4.50576,49.51873,2
78048,4.49829,49.51644,2
78049,4.50546,49.5187,2
78050,4.50557,49.51832,2
78051,4.50516,49.51866,2
78052,4.50483,49.51861,2
78053,4.50481,49.51873,2
78054,4.50451,49.51856,2
78055,4.50365,49.51856,2
78056,4.50097,49.51831,2
78057,4.50407,49.51841,2
78058,4.50387,49.51736,2
78059,4.49829,49.51644,2
78060,4.49829,49.51644,2
78061,4.50387,49.51736,2
78062,4.50036,49.51679,2
78063,4.50021,49.51675,2
78064,4.50005,49.51672,2
78065,4.4999,49.51668,2
78066,4.49974,49.51664,2
78067,4.49959,49.5166,2
78068,4.50781,49.51751,2
78069,4.49943,49.51657,2
78070,4.49943,49.51657,2
78071,4.49943,49.51657,2
78072,4.49928,49.51653,2
78073,4.49928,49.51653,2
78074,4.49912,49.5165,2
78075,4.50013,49.51686,2
78076,4.49996,49.51682,2
78077,4.49979,49.51678,2
78078,4.49962,49.51674,2
78079,4.48981,49.5197,2
78080,4.49928,49.51666,2
78081,4.49911,49.51662,2
78082,4.49894,49.51659,2
78083,4.49876,49.51657,2
78084,4.49841,49.51651,2
78085,4.49896,49.51648,2
78086,4.49864,49.51643,2
78087,4.49058,49.51484,2
78088,4.4988,49.51645,2
78089,4.49001,49.5146,2
78090,4.49848,49.5164,2
78091,4.49832,49.51638,2
78092,4.49816,49.51635,2
78093,4.498,49.51633,2
78094,4.49784,49.5163,2
78095,4.49824,49.51648,2
78096,4.49754,49.51637,2
78097,4.49806,49.51646,2
78098,4.49789,49.51643,2
78099,4.49768,49.51627,2
78100,4.49752,49.51625,2
78101,4.49736,49.51622,2
78102,4.49737,49.51634,2
78103,4.49719,49.51632,2
78104,4.49702,49.51629,2
78105,4.49684,49.51626,2
78106,4.48981,49.5197,2
78107,4.4972,49.5162,2
78108,4.49704,49.51617,2
78109,4.49688,49.51615,2
78110,4.49829,49.51644,2
78111,4.49676,49.51648,2
78112,4.49676,49.51648,2
78113,4.49718,49.51698,2
78114,4.49801,49.51708,2
78115,4.49779,49.51717,2
78116,4.49967,49.51746,2
78117,4.49828,49.51722,2
78118,4.49874,49.51734,2
78119,4.4992,49.51746,2
78120,4.49669,49.51624,2
78121,4.49654,49.51622,2
78122,4.4964,49.5162,2
78123,4.49558,49.51597,2
78124,4.49607,49.51616,2
78125,4.49555,49.51609,2
78126,4.49488,49.51583,2
78127,4.49398,49.51562,2
78128,4.49305,49.51553,2
78129,4.4924,49.51539,2
78130,4.49307,49.51541,2
78131,4.49216,49.51522,2
78132,4.49127,49.51499,2
78133,4.48966,49.51432,2
78134,4.48851,49.51381,2
78135,4.49047,49.51466,2
78136,4.48701,49.51314,2
78137,4.4855,49.51246,2
78138,4.48395,49.51185,2
78139,4.48234,49.51165,2
78140,4.49829,49.51644,2
78141,4.48222,49.51148,2
78142,4.49829,49.51644,2
78143,4.49829,49.51644,2
78144,4.49829,49.51644,2
78145,4.49829,49.51644,2
78146,4.49829,49.51644,2
78147,4.48903,49.52315,2
78148,4.49829,49.51644,2
78149,4.48903,49.52315,2
78150,4.49519,49.51663,2
78151,4.48903,49.52315,2
78152,4.49491,49.51746,2
78153,4.48903,49.52315,2
78154,4.49477,49.51787,2
78155,4.48903,49.52315,2
78156,4.49505,49.51704,2
78157,4.48903,49.52315,2
78158,4.49463,49.51828,2
78159,4.48903,49.52315,2
78160,4.49447,49.51869,2
78161,4.48903,49.52315,2
78162,4.48981,49.5197,2
78163,4.48903,49.52315,2
78164,4.49474,49.51743,2
78165,4.48903,49.52315,2
78166,4.48903,49.52315,2
78167,4.48903,49.52315,2
78168,4.48903,49.52315,2
78169,4.48903,49.52315,2
78170,4.48903,49.52315,2
78171,4.48903,49.52315,2
78172,4.48447,49.51214,2
78173,4.48903,49.52315,2
78174,4.48903,49.52315,2
78175,4.48903,49.52315,2
78176,4.49115,49.51508,2
78177,4.48234,49.51165,2
78178,4.48234,49.51165,2
78179,4.48981,49.5197,2
78180,4.50781,49.51751,2
78181,4.49033,49.52158,2
78182,4.50105,49.51684,2
78183,4.50436,49.517,2
78184,4.49033,49.52158,2
78185,4.50283,49.51863,2
78186,4.49829,49.51644,2
78187,4.5056,49.51877,2
78188,4.49829,49.51644,2
78189,4.49829,49.51644,2
78190,4.500889,49.516604,2
78191,4.49829,49.51644,2
78192,4.49829,49.51644,2
78193,4.49829,49.51644,2
78194,4.49829,49.51644,2
78195,4.49829,49.51644,2
78196,4.49829,49.51644,2
78197,4.49829,49.51644,2
78198,4.49829,49.51644,2
78199,4.49829,49.51644,2
78200,4.49829,49.51644,2
78201,4.49829,49.51644,2
78202,4.49829,49.51644,2
78203,4.49829,49.51644,2
78204,4.49235,49.51913,2
78205,4.49829,49.51644,2
78206,4.49829,49.51644,2
78207,4.49829,49.51644,2
78208,4.49829,49.51644,2
78209,4.49829,49.51644,2
78210,4.49829,49.51644,2
78211,4.49829,49.51644,2
78212,4.49829,49.51644,2
78213,4.49829,49.51644,2
78214,4.49829,49.51644,2
78215,4.49829,49.51644,2
78216,4.49829,49.51644,2
78217,4.49829,49.51644,2
78218,4.49829,49.51644,2
78219,4.49115,49.51508,2
78220,4.49829,49.51644,2
78221,4.49829,49.51644,2
78222,4.49829,49.51644,2
78223,4.49607,49.51616,2
78224,4.49607,49.51616,2
78225,4.49039,49.52241,2
78226,4.5003,49.51717,2
78227,4.5003,49.51717,2
78228,4.48981,49.5197,2
78229,4.48981,49.5197,2
78230,4.50283,49.51863,2
78231,4.5056,49.51877,2
78232,4.50411,49.51867,2
78233,4.48944,49.51436,2
78234,4.50283,49.51863,2
78235,4.87782,49.69564,2
78236,4.87758,49.69639,2
78237,4.87711,49.69479,2
78238,4.87713,49.69501,2
78239,4.87714,49.69522,2
78240,4.87257,49.69509,2
78241,4.87687,49.69539,2
78242,4.87723,49.69539,2
78243,4.87702,49.69557,2
78244,4.87702,49.69557,2
78245,4.87702,49.69557,2
78246,4.87705,49.69572,2
78247,4.8776,49.69601,2
78248,4.87708,49.69587,2
78249,4.87736,49.69602,2
78250,4.87748,49.69638,2
78251,4.87698,49.69541,2
78252,4.87692,49.69528,2
78253,4.87666,49.69529,2
78254,4.8764,49.69529,2
78255,4.87758,49.69539,2
78256,4.87624,49.6953,2
78257,4.87615,49.6953,2
78258,4.87648,49.69541,2
78259,4.87648,49.69541,2
78260,4.87625,49.69589,2
78261,4.87628,49.69597,2
78262,4.87618,49.6959,2
78263,4.87587,49.69591,2
78264,4.87587,49.69591,2
78265,4.87557,49.69591,2
78266,4.87527,49.69593,2
78267,4.87486,49.69547,2
78268,4.87486,49.69547,2
78269,4.87488,49.69563,2
78270,4.87489,49.6958,2
78271,4.87469,49.69551,2
78272,4.87471,49.69577,2
78273,4.87471,49.69577,2
78274,4.8744,49.69583,2
78275,4.8744,49.69583,2
78276,4.8744,49.69583,2
78277,4.8744,49.69583,2
78278,4.8744,49.69583,2
78279,4.87527,49.69593,2
78280,4.87497,49.69594,2
78281,4.87527,49.69593,2
78282,4.87493,49.69599,2
78283,4.87493,49.69599,2
78284,4.87496,49.69622,2
78285,4.87496,49.69622,2
78286,4.87496,49.69622,2
78287,4.87499,49.69644,2
78288,4.87393,49.69654,2
78289,4.87434,49.69483,2
78290,4.8739,49.69611,2
78291,4.8739,49.69611,2
78292,4.87606,49.69199,2
78293,4.8739,49.69611,2
78294,4.87246,49.69209,2
78295,4.8739,49.69595,2
78296,4.8739,49.69595,2
78297,4.8739,49.69595,2
78298,4.8739,49.69595,2
78299,4.87391,49.69583,2
78300,4.87391,49.69583,2
78301,4.87376,49.69584,2
78302,4.8736,49.69584,2
78303,4.87345,49.69585,2
78304,4.87434,49.69483,2
78305,4.8733,49.69585,2
78306,4.87372,49.69596,2
78307,4.87372,49.69596,2
78308,4.87372,49.69596,2
78309,4.87372,49.69596,2
78310,4.87372,49.69596,2
78311,4.87354,49.69596,2
78312,4.87354,49.69596,2
78313,4.87336,49.69597,2
78314,4.87317,49.69597,2
78315,4.87317,49.69597,2
78316,4.87317,49.69597,2
78317,4.87317,49.69597,2
78318,4.87442,49.69589,2
78319,4.8739,49.69547,2
78320,4.8739,49.69564,2
78321,4.8739,49.69564,2
78322,4.8739,49.69581,2
78323,4.87408,49.69576,2
78324,4.87408,49.69551,2
78325,4.87457,49.69544,2
78326,4.87418,49.69544,2
78327,4.87463,49.69467,2
78328,4.87389,49.69529,2
78329,4.87388,49.69509,2
78330,4.87388,49.69509,2
78331,4.87406,49.69509,2
78332,4.87408,49.69485,2
78333,4.87452,49.6947,2
78334,4.87452,49.6947,2
78335,4.87452,49.6947,2
78336,4.87413,49.69473,2
78337,4.87387,49.69474,2
78338,4.87373,49.69474,2
78339,4.87373,49.69474,2
78340,4.87373,49.69474,2
78341,4.87359,49.69474,2
78342,4.87359,49.69474,2
78343,4.87359,49.69474,2
78344,4.87345,49.69474,2
78345,4.87291,49.69435,2
78346,4.87221,49.69401,2
78347,4.87221,49.69401,2
78348,4.87223,49.69413,2
78349,4.87221,49.69401,2
78350,4.87223,49.69413,2
78351,4.87221,49.69398,2
78352,4.87366,49.69486,2
78353,4.8688,49.69858,2
78354,4.8688,49.69858,2
78355,4.8733,49.69486,2
78356,4.87295,49.69487,2
78357,4.8733,49.69486,2
78358,4.8733,49.69486,2
78359,4.87313,49.69486,2
78360,4.87278,49.69488,2
78361,4.87261,49.69488,2
78362,4.872,49.69488,2
78363,4.87136,49.69489,2
78364,4.87221,49.69398,2
78365,4.87266,49.69476,2
78366,4.87246,49.69477,2
78367,4.87234,49.69477,2
78368,4.87223,49.69477,2
78369,4.87211,49.69477,2
78370,4.872,49.69477,2
78371,4.87111,49.6949,2
78372,4.87188,49.69477,2
78373,4.87221,49.69628,2
78374,4.87221,49.69628,2
78375,4.87177,49.69477,2
78376,4.87481,49.69192,2
78377,4.87088,49.69479,2
78378,4.87481,49.69192,2
78379,4.87086,49.69491,2
78380,4.87481,49.69192,2
78381,4.8706,49.69492,2
78382,4.87481,49.69192,2
78383,4.87035,49.69493,2
78384,4.8701,49.69494,2
78385,4.8701,49.69494,2
78386,4.87128,49.69478,2
78387,4.87088,49.69479,2
78388,4.87576,49.69497,2
78389,4.86985,49.69495,2
78390,4.87048,49.69481,2
78391,4.86969,49.69484,2
78392,4.88452,49.69137,2
78393,4.8696,49.69496,2
78394,4.86935,49.69497,2
78395,4.87795,49.69191,2
78396,4.87009,49.69482,2
78397,4.86909,49.69498,2
78398,4.86884,49.69499,2
78399,4.87242,49.69489,2
78400,4.8726,49.69487,2
78401,4.87057,49.68593,2
78402,4.87259,49.69494,2
78403,4.8749,49.68274,2
78404,4.87258,49.69502,2
78405,4.8749,49.68274,2
78406,4.87257,49.69509,2
78407,4.87243,49.69547,2
78408,4.87243,49.69547,2
78409,4.87466,49.69201,2
78410,4.8723,49.69566,2
78411,4.8746,49.69435,2
78412,4.8729,49.69586,2
78413,4.87468,49.69418,2
78414,4.87245,49.6958,2
78415,4.87464,49.69491,2
78416,4.87253,49.69586,2
78417,4.8746,49.69481,2
78418,4.87315,49.69586,2
78419,4.8746,49.69481,2
78420,4.87133,49.69602,2
78421,4.87654,49.69471,2
78422,4.87478,49.69468,2
78423,4.87225,49.69599,2
78424,4.87478,49.69468,2
78425,4.87224,49.69613,2
78426,4.87221,49.69628,2
78427,4.8749,49.69468,2
78428,4.87593,49.69449,2
78429,4.87219,49.69642,2
78430,4.87216,49.69656,2
78431,4.87223,49.69413,2
78432,4.87523,49.69542,2
78433,4.87214,49.69671,2
78434,4.87531,49.69574,2
78435,4.87157,49.69636,2
78436,4.87492,49.69544,2
78437,4.87225,49.69599,2
78438,4.8723,49.69695,2
78439,4.8744,49.69583,2
78440,4.87157,49.69636,2
78441,4.87502,49.69667,2
78442,4.87157,49.69636,2
78443,4.8739,49.69611,2
78444,4.87155,49.69687,2
78445,4.87391,49.69583,2
78446,4.87145,49.69687,2
78447,4.87372,49.69596,2
78448,4.87157,49.69636,2
78449,4.87317,49.69597,2
78450,4.87212,49.69709,2
78451,4.87434,49.69483,2
78452,4.87452,49.6947,2
78453,4.87212,49.6969,2
78454,4.87373,49.69474,2
78455,4.8721,49.69726,2
78456,4.87088,49.69479,2
78457,4.87221,49.69401,2
78458,4.87131,49.6959,2
78459,4.87463,49.69467,2
78460,4.8725,49.69555,2
78461,4.87245,49.6958,2
78462,4.87093,49.69604,2
78463,4.87225,49.69599,2
78464,4.87193,49.69587,2
78465,4.87052,49.69607,2
78466,4.87014,49.69583,2
78467,4.87193,49.69587,2
78468,4.87022,49.69611,2
78469,4.87091,49.69593,2
78470,4.86955,49.69692,2
78471,4.8705,49.69596,2
78472,4.87009,49.69601,2
78473,4.87014,49.69583,2
78474,4.86999,49.69615,2
78475,4.870193,49.695695,2
78476,4.86975,49.6962,2
78477,4.86929,49.69629,2
78478,4.86931,49.69616,2
78479,4.86865,49.69502,2
78480,4.86865,49.69502,2
78481,4.86865,49.69502,2
78482,4.86865,49.69502,2
78483,4.86865,49.69502,2
78484,4.86865,49.69502,2
78485,4.86865,49.69502,2
78486,4.86865,49.69502,2
78487,4.8687,49.69516,2
78488,4.8687,49.69516,2
78489,4.8687,49.69516,2
78490,4.8687,49.69516,2
78491,4.8687,49.69516,2
78492,4.8687,49.69516,2
78493,4.8687,49.69516,2
78494,4.8687,49.69516,2
78495,4.86875,49.6953,2
78496,4.86875,49.6953,2
78497,4.86875,49.6953,2
78498,4.86875,49.6953,2
78499,4.86875,49.6953,2
78500,4.86875,49.6953,2
78501,4.86875,49.6953,2
78502,4.86875,49.6953,2
78503,4.8688,49.69544,2
78504,4.8688,49.69544,2
78505,4.8688,49.69544,2
78506,4.8688,49.69544,2
78507,4.8688,49.69544,2
78508,4.8688,49.69544,2
78509,4.8688,49.69544,2
78510,4.8688,49.69544,2
78511,4.86886,49.69558,2
78512,4.86886,49.69558,2
78513,4.86886,49.69558,2
78514,4.86886,49.69558,2
78515,4.86886,49.69558,2
78516,4.86886,49.69558,2
78517,4.86886,49.69558,2
78518,4.86886,49.69558,2
78519,4.86886,49.6951,2
78520,4.86899,49.69545,2
78521,4.86925,49.69639,2
78522,4.8693,49.69669,2
78523,4.86906,49.69595,2
78524,4.88824,49.69138,2
78525,4.869294,49.696837,2
78526,4.87472,49.69508,2
78527,4.86955,49.69692,2
78528,4.88784,49.69137,2
78529,4.87009,49.69717,2
78530,4.87472,49.69508,2
78531,4.87055,49.69748,2
78532,4.88744,49.69136,2
78533,4.88664,49.69135,2
78534,4.87055,49.69748,2
78535,4.88664,49.69135,2
78536,4.88584,49.69134,2
78537,4.86767,49.69706,2
78538,4.877178,49.691892,2
78539,4.86767,49.69706,2
78540,4.88311,49.69144,2
78541,4.87031,49.69748,2
78542,4.880833,49.69159,2
78543,4.86958,49.69707,2
78544,4.86958,49.69707,2
78545,4.87412,49.69199,2
78546,4.86903,49.69687,2
78547,4.879939,49.691699,2
78548,4.86868,49.69683,2
78549,4.87412,49.69199,2
78550,4.86835,49.69689,2
78551,4.87472,49.69508,2
78552,4.8803,49.69168,2
78553,4.86795,49.69703,2
78554,4.87481,49.69192,2
78555,4.86748,49.6972,2
78556,4.87891,49.69183,2
78557,4.86716,49.69736,2
78558,4.86726,49.6976,2
78559,4.87813,49.69191,2
78560,4.86736,49.69783,2
78561,4.87795,49.69191,2
78562,4.86737,49.69757,2
78563,4.87776,49.69191,2
78564,4.87757,49.6919,2
78565,4.86737,49.69757,2
78566,4.87739,49.6919,2
78567,4.86737,49.69757,2
78568,4.8772,49.69189,2
78569,4.86737,49.69757,2
78570,4.87684,49.69188,2
78571,4.86737,49.69757,2
78572,4.87633,49.69188,2
78573,4.86761,49.69831,2
78574,4.87581,49.69187,2
78575,4.86965,49.69856,2
78576,4.87529,49.69186,2
78577,4.86941,49.69858,2
78578,4.87509,49.69159,2
78579,4.86918,49.6986,2
78580,4.87509,49.69159,2
78581,4.86895,49.69862,2
78582,4.87509,49.69159,2
78583,4.86872,49.69864,2
78584,4.87509,49.69159,2
78585,4.86848,49.69866,2
78586,4.87509,49.69159,2
78587,4.86927,49.69848,2
78588,4.87509,49.69159,2
78589,4.86834,49.69856,2
78590,4.87509,49.69159,2
78591,4.8688,49.69858,2
78592,4.87509,49.69159,2
78593,4.8688,49.69858,2
78594,4.87509,49.69159,2
78595,4.8688,49.69858,2
78596,4.87057,49.68593,2
78597,4.8688,49.69858,2
78598,4.87057,49.68593,2
78599,4.86793,49.69855,2
78600,4.87057,49.68593,2
78601,4.86783,49.69837,2
78602,4.87057,49.68593,2
78603,4.86773,49.69819,2
78604,4.87479,49.69186,2
78605,4.87411,49.69187,2
78606,4.86767,49.69798,2
78607,4.87336,49.69183,2
78608,4.86798,49.69796,2
78609,4.8735,49.69175,2
78610,4.8683,49.69794,2
78611,4.8735,49.69175,2
78612,4.8735,49.69175,2
78613,4.86828,49.69783,2
78614,4.8735,49.69175,2
78615,4.86797,49.69785,2
78616,4.8735,49.69175,2
78617,4.8735,49.69175,2
78618,4.86765,49.69786,2
78619,4.8735,49.69175,2
78620,4.8735,49.69175,2
78621,4.86743,49.69757,2
78622,4.8722,49.69132,2
78623,4.87274,49.69163,2
78624,4.87149,49.69129,2
78625,4.86825,49.69869,2
78626,4.8879,49.69149,2
78627,4.87213,49.69142,2
78628,4.87076,49.69131,2
78629,4.87213,49.69142,2
78630,4.87144,49.69141,2
78631,4.872,49.69133,2
78632,4.87075,49.69143,2
78633,4.87326,49.69192,2
78634,4.87648,49.69541,2
78635,4.87,49.69227,2
78636,4.87648,49.69541,2
78637,4.86858,49.69267,2
78638,4.87648,49.69541,2
78639,4.86915,49.69222,2
78640,4.87648,49.69541,2
78641,4.87648,49.69541,2
78642,4.86998,49.69216,2
78643,4.87452,49.6947,2
78644,4.87244,49.69198,2
78645,4.87162,49.69204,2
78646,4.87246,49.69209,2
78647,4.873408,49.69295,2
78648,4.87433,49.69257,2
78649,4.87373,49.69258,2
78650,4.87111,49.69297,2
78651,4.87304,49.69259,2
78652,4.87466,49.69201,2
78653,4.87466,49.69201,2
78654,4.87466,49.69201,2
78655,4.87466,49.69201,2
78656,4.87466,49.69201,2
78657,4.87459,49.69397,2
78658,4.87593,49.69449,2
78659,4.87477,49.69412,2
78660,4.87477,49.69422,2
78661,4.87223,49.69413,2
78662,4.87477,49.69422,2
78663,4.8748,49.69462,2
78664,4.87459,49.69412,2
78665,4.87459,49.69412,2
78666,4.87459,49.69422,2
78667,4.87461,49.69451,2
78668,4.87463,49.69467,2
78669,4.87463,49.69467,2
78670,4.875044,49.691873,2
78671,4.87463,49.69467,2
78672,4.87057,49.68593,2
78673,4.87464,49.69491,2
78674,4.87481,49.69192,2
78675,4.869244,49.692768,2
78676,4.87467,49.69523,2
78677,4.87468,49.69418,2
78678,4.87457,49.69544,2
78679,4.87457,49.69544,2
78680,4.87457,49.69544,2
78681,4.87535,49.69652,2
78682,4.8746,49.69481,2
78683,4.8746,49.69481,2
78684,4.87478,49.69468,2
78685,4.87496,49.69622,2
78686,4.87478,49.69468,2
78687,4.87501,49.69468,2
78688,4.87654,49.69471,2
78689,4.87513,49.69468,2
78690,4.87524,49.69468,2
78691,4.87481,49.69192,2
78692,4.87654,49.69471,2
78693,4.87536,49.69468,2
78694,4.87559,49.69468,2
78695,4.87559,49.69468,2
78696,4.8757,49.69468,2
78697,4.8687,49.69516,2
78698,4.86875,49.6953,2
78699,4.87736,49.69474,2
78700,4.8688,49.69544,2
78701,4.8769,49.69475,2
78702,4.87667,49.69477,2
78703,4.87643,49.69478,2
78704,4.87619,49.69479,2
78705,4.87619,49.69479,2
78706,4.87583,49.6948,2
78707,4.87579,49.69488,2
78708,4.87576,49.69497,2
78709,4.87576,49.69497,2
78710,4.87576,49.69497,2
78711,4.88824,49.69138,2
78712,4.87576,49.69505,2
78713,4.87576,49.69514,2
78714,4.87576,49.69523,2
78715,4.87576,49.69531,2
78716,4.87589,49.69542,2
78717,4.8756,49.69542,2
78718,4.87545,49.69542,2
78719,4.87547,49.69544,2
78720,4.87548,49.69561,2
78721,4.8755,49.69577,2
78722,4.87541,49.69561,2
78723,4.8755,49.69592,2
78724,4.8755,49.69592,2
78725,4.8755,49.69604,2
78726,4.87551,49.69616,2
78727,4.87533,49.69592,2
78728,4.87533,49.69604,2
78729,4.87533,49.69616,2
78730,4.87534,49.69628,2
78731,4.87534,49.6964,2
78732,4.87534,49.6964,2
78733,4.87535,49.69652,2
78734,4.87534,49.6964,2
78735,4.87534,49.6964,2
78736,4.88576,49.69145,2
78737,4.87536,49.69664,2
78738,4.87552,49.69628,2
78739,4.87552,49.6964,2
78740,4.87553,49.69651,2
78741,4.87554,49.69663,2
78742,4.87536,49.69676,2
78743,4.87521,49.69674,2
78744,4.88683,49.69147,2
78745,4.87553,49.69691,2
78746,4.87548,49.69709,2
78747,4.87548,49.69709,2
78748,4.87548,49.69709,2
78749,4.87544,49.69727,2
78750,4.87574,49.69688,2
78751,4.87702,49.69684,2
78752,4.8763,49.69689,2
78753,4.87652,49.69694,2
78754,4.87656,49.69712,2
78755,4.87669,49.6969,2
78756,4.87691,49.6969,2
78757,4.87734,49.6969,2
78758,4.87702,49.69684,2
78759,4.87758,49.69639,2
78760,4.87764,49.69563,2
78761,4.87769,49.69501,2
78762,4.8774,49.69527,2
78763,4.836671,49.312868,2
78764,4.83675,49.3128,2
78765,4.838594,49.312559,2
78766,4.83675,49.3128,2
78767,4.83675,49.3128,2
78768,4.840625,49.311348,2
78769,4.83675,49.3128,2
78770,4.834451,49.312456,2
78771,4.83675,49.3128,2
78772,4.830413,49.317349,2
78773,4.83675,49.3128,2
78774,4.83675,49.3128,2
78775,4.83675,49.3128,2
78776,4.835475,49.313154,2
78777,4.836153,49.312969,2
78778,4.83675,49.3128,2
78779,4.836153,49.312969,2
78780,4.83675,49.3128,2
78781,4.836808,49.312857,2
78782,4.83675,49.3128,2
78783,4.83675,49.3128,2
78784,4.83675,49.3128,2
78785,4.836958,49.312827,2
78786,4.83675,49.3128,2
78787,4.83675,49.3128,2
78788,4.83394,49.31838,2
78789,4.83675,49.3128,2
78790,4.83675,49.3128,2
78791,4.840512,49.312986,2
78792,4.83675,49.3128,2
78793,4.83675,49.3128,2
78794,4.83675,49.3128,2
78795,4.839193,49.312438,2
78796,4.839193,49.312438,2
78797,4.8389,49.312912,2
78798,4.83675,49.3128,2
78799,4.83675,49.3128,2
78800,4.839026,49.311831,2
78801,4.83675,49.3128,2
78802,4.83675,49.3128,2
78803,4.83822,49.31257,2
78804,4.841013,49.312257,2
78805,4.83675,49.3128,2
78806,4.83675,49.3128,2
78807,4.840337,49.312774,2
78808,4.83675,49.3128,2
78809,4.83675,49.3128,2
78810,4.83675,49.3128,2
78811,4.83675,49.3128,2
78812,4.84168,49.31347,2
78813,4.841635,49.313448,2
78814,4.84168,49.31347,2
78815,4.83675,49.3128,2
78816,4.842412,49.314439,2
78817,4.84129,49.31201,2
78818,4.83675,49.3128,2
78819,4.83675,49.3128,2
78820,4.83675,49.3128,2
78821,4.83822,49.31257,2
78822,4.84129,49.31201,2
78823,4.83675,49.3128,2
78824,4.83675,49.3128,2
78825,4.84129,49.31201,2
78826,4.84129,49.31201,2
78827,4.84129,49.31201,2
78828,4.83675,49.3128,2
78829,4.83675,49.3128,2
78830,4.83675,49.3128,2
78831,4.83675,49.3128,2
78832,4.83675,49.3128,2
78833,4.83675,49.3128,2
78834,4.84168,49.3113,2
78835,4.83938,49.31079,2
78836,4.83675,49.3128,2
78837,4.83675,49.3128,2
78838,4.83675,49.3128,2
78839,4.841371,49.310865,2
78840,4.83675,49.3128,2
78841,4.840625,49.311348,2
78842,4.83675,49.3128,2
78843,4.83675,49.3128,2
78844,4.83675,49.3128,2
78845,4.839935,49.311569,2
78846,4.83675,49.3128,2
78847,4.83675,49.3128,2
78848,4.839935,49.311569,2
78849,4.83675,49.3128,2
78850,4.839935,49.311569,2
78851,4.839989,49.31155,2
78852,4.83675,49.3128,2
78853,4.839935,49.311569,2
78854,4.839935,49.311569,2
78855,4.83675,49.3128,2
78856,4.83675,49.3128,2
78857,4.839026,49.311831,2
78858,4.83675,49.3128,2
78859,4.839026,49.311831,2
78860,4.83675,49.3128,2
78861,4.839026,49.311831,2
78862,4.83675,49.3128,2
78863,4.83692,49.31277,2
78864,4.839026,49.311831,2
78865,4.83692,49.31277,2
78866,4.83692,49.31277,2
78867,4.839193,49.312438,2
78868,4.83692,49.31277,2
78869,4.83675,49.3128,2
78870,4.83675,49.3128,2
78871,4.838363,49.312033,2
78872,4.83675,49.3128,2
78873,4.833717,49.312346,2
78874,4.83675,49.3128,2
78875,4.833445,49.314661,2
78876,4.83675,49.3128,2
78877,4.83675,49.3128,2
78878,4.83675,49.3128,2
78879,4.83675,49.3128,2
78880,4.832059,49.315841,2
78881,4.83675,49.3128,2
78882,4.830874,49.316926,2
78883,4.830413,49.317349,2
78884,4.831795,49.318066,2
78885,4.839935,49.311569,2
78886,4.872802,49.300076,2
78887,4.841525,49.310907,2
78888,4.839122,49.311811,2
78889,4.82334,49.32275,2
78890,4.82334,49.32275,2
78891,4.823084,49.321312,2
78892,4.82606,49.32433,2
78893,4.82606,49.32433,2
78894,4.82606,49.32433,2
78895,4.82606,49.32433,2
78896,4.82606,49.32433,2
78897,4.82213,49.32227,2
78898,4.82606,49.32433,2
78899,4.82213,49.32227,2
78900,4.82334,49.32275,2
78901,4.823875,49.322023,2
78902,4.819739,49.321516,2
78903,4.82213,49.32227,2
78904,4.82213,49.32227,2
78905,4.82351,49.32393,2
78906,4.82381,49.32252,2
78907,4.8335,49.32929,2
78908,4.8335,49.32929,2
78909,4.82606,49.32433,2
78910,4.82606,49.32433,2
78911,4.82351,49.32393,2
78912,4.82334,49.32275,2
78913,4.823277,49.321595,2
78914,4.817549,49.320302,2
78915,4.82381,49.32252,2
78916,4.82606,49.32433,2
78917,4.82061,49.32148,2
78918,4.82334,49.32275,2
78919,4.824298,49.322239,2
78920,4.823818,49.321989,2
78921,4.823348,49.321657,2
78922,4.82381,49.32252,2
78923,4.83523,49.32997,2
78924,4.83523,49.32997,2
78925,4.82381,49.32252,2
78926,4.82381,49.32252,2
78927,4.82351,49.32393,2
78928,4.82606,49.32433,2
78929,4.82606,49.32433,2
78930,4.82334,49.32275,2
78931,4.825546,49.323876,2
78932,4.82606,49.32433,2
78933,4.82606,49.32433,2
78934,4.82061,49.32148,2
78935,4.82213,49.32227,2
78936,4.82213,49.32227,2
78937,4.82213,49.32227,2
78938,4.82334,49.32275,2
78939,4.82334,49.32275,2
78940,4.82334,49.32275,2
78941,4.82606,49.32433,2
78942,4.82213,49.32227,2
78943,4.82606,49.32433,2
78944,4.82351,49.32393,2
78945,4.82606,49.32433,2
78946,4.82606,49.32433,2
78947,4.82351,49.32393,2
78948,4.82606,49.32433,2
78949,4.823875,49.322023,2
78950,4.82606,49.32433,2
78951,4.82351,49.32393,2
78952,4.82213,49.32227,2
78953,4.82606,49.32433,2
78954,4.82351,49.32393,2
78955,4.82061,49.32148,2
78956,4.82213,49.32227,2
78957,4.82213,49.32227,2
78958,4.82213,49.32227,2
78959,4.82351,49.32393,2
78960,4.82351,49.32393,2
78961,4.82606,49.32433,2
78962,4.82443,49.319576,2
78963,4.82606,49.32433,2
78964,4.82351,49.32393,2
78965,4.82334,49.32275,2
78966,4.82143,49.32159,2
78967,4.84475,49.33425,2
78968,4.82606,49.32433,2
78969,4.82606,49.32433,2
78970,4.82213,49.32227,2
78971,4.823932,49.322067,2
78972,4.82606,49.32433,2
78973,4.82334,49.32275,2
78974,4.82351,49.32393,2
78975,4.822177,49.322166,2
78976,4.82606,49.32433,2
78977,4.82351,49.32393,2
78978,4.82351,49.32393,2
78979,4.82213,49.32227,2
78980,4.82606,49.32433,2
78981,4.82606,49.32433,2
78982,4.82213,49.32227,2
78983,4.82351,49.32393,2
78984,4.82213,49.32227,2
78985,4.82351,49.32393,2
78986,4.82351,49.32393,2
78987,4.840875,49.340743,2
78988,4.82606,49.32433,2
78989,4.82334,49.32275,2
78990,4.82213,49.32227,2
78991,4.82351,49.32393,2
78992,4.82351,49.32393,2
78993,4.82351,49.32393,2
78994,4.82213,49.32227,2
78995,4.71202,49.77511,2
78996,4.71211,49.77494,2
78997,4.71211,49.77494,2
78998,4.71211,49.77494,2
78999,4.71211,49.77494,2
79000,4.71211,49.77494,2
79001,4.7105,49.77231,2
79002,4.71097,49.7728,2
79003,4.71231,49.77526,2
79004,4.7199,49.77158,2
79005,4.7199,49.77158,2
79006,4.71979,49.77135,2
79007,4.71979,49.77135,2
79008,4.71975,49.77128,2
79009,4.71966,49.77089,2
79010,4.71884,49.77073,2
79011,4.7197,49.77137,2
79012,4.71954,49.77124,2
79013,4.71973,49.77161,2
79014,4.72002,49.77217,2
79015,4.70942,49.77433,2
79016,4.71633,49.77332,2
79017,4.71967,49.77113,2
79018,4.71188,49.77488,2
79019,4.71131,49.77355,2
79020,4.7113,49.77334,2
79021,4.71271,49.77239,2
79022,4.71673,49.77408,2
79023,4.71665,49.77393,2
79024,4.71655,49.77389,2
79025,4.71655,49.77389,2
79026,4.71097,49.7728,2
79027,4.71097,49.7728,2
79028,4.71097,49.7728,2
79029,4.71097,49.7728,2
79030,4.71655,49.77389,2
79031,4.71655,49.77389,2
79032,4.69228,49.76305,2
79033,4.69228,49.76305,2
79034,4.69336,49.76067,2
79035,4.84938,50.12695,2
79036,4.85016,50.12903,2
79037,4.85016,50.12903,2
79038,4.69903,49.98997,2
79039,4.70255,49.99216,2
79040,4.7018,49.99209,2
79041,4.69295,49.98625,2
79042,4.69903,49.98997,2
79043,4.7018,49.99209,2
79044,4.68774,49.98154,2
79045,4.697819,49.994129,2
79046,4.68774,49.98154,2
79047,4.68774,49.98154,2
79048,4.68774,49.98154,2
79049,4.69903,49.98997,2
79050,4.70106,49.99059,2
79051,4.81988,50.14835,2
79052,4.81988,50.14835,2
79053,4.81988,50.14835,2
79054,4.81988,50.14835,2
79055,4.81901,50.15187,2
79056,4.82321,50.14919,2
79057,4.8265,50.13607,2
79058,4.82309,50.14672,2
79059,4.82403,50.14838,2
79060,4.8226,50.15223,2
79061,4.82403,50.14838,2
79062,4.82174,50.15589,2
79063,4.15892,49.7429,2
79064,4.159083,49.738926,2
79065,4.160185,49.738738,2
79066,4.16156,49.73848,2
79067,4.160185,49.738738,2
79068,4.15879,49.73952,2
79069,4.15763,49.74038,2
79070,4.15879,49.73952,2
79071,4.16156,49.73848,2
79072,4.163861,49.756621,2
79073,4.17835,49.74133,2
79074,4.15962,49.73962,2
79075,4.13465,49.735455,2
79076,4.15828,49.74544,2
79077,4.16758,49.75612,2
79078,4.1453,49.74807,2
79079,4.217761,49.743311,2
79080,4.203863,49.723037,2
79081,4.203863,49.723037,2
79082,4.203863,49.723037,2
79083,4.2113,49.72568,2
79084,4.2075,49.73622,2
79085,4.2075,49.73619,2
79086,4.206779,49.737167,2
79087,4.20216,49.73613,2
79088,4.206443,49.738205,2
79089,4.207067,49.737845,2
79090,4.21143,49.7377,2
79091,4.21805,49.74589,2
79092,4.22259,49.73012,2
79093,4.20629,49.75181,2
79094,4.19591,49.75153,2
79095,4.20499,49.73669,2
79096,4.21805,49.74589,2
79097,4.50595,49.5167,2
79098,4.50473,49.51703,2
79099,4.50028,49.51818,2
79100,4.48981,49.5197,2
79101,4.49038,49.520063,2
79102,4.49033,49.52158,2
79103,4.49236,49.51903,2
79104,4.50283,49.51863,2
79105,4.50037,49.51751,2
79106,4.50473,49.51703,2
79107,4.50473,49.51703,2
79108,4.50473,49.51703,2
79109,4.50595,49.5167,2
79110,4.50595,49.5167,2
79111,4.50396,49.51788,2
79112,4.49829,49.51644,2
79113,4.49829,49.51644,2
79114,4.49974,49.51664,2
79115,4.49829,49.51644,2
79116,4.49829,49.51644,2
79117,4.49483,49.51745,2
79118,4.87057,49.68593,2
79119,4.87057,49.68593,2
79120,4.874184,49.692125,2
79121,4.87304,49.69259,2
79122,4.87567,49.69508,2
79123,4.87758,49.69639,2
79124,4.8739,49.69595,2
79125,4.87295,49.6948,2
79126,4.86767,49.69706,2
79127,4.87312,49.69678,2
79128,4.876553,49.691851,2
79129,4.87057,49.68593,2
79130,4.87057,49.68593,2
79131,4.87304,49.69259,2
79132,4.87399,49.69564,2
79133,4.87567,49.69508,2
79134,4.87468,49.69418,2
79135,4.87567,49.69508,2
79136,4.87541,49.69561,2
79137,4.87554,49.69675,2
79138,4.8744,49.69595,2
79139,4.87399,49.69564,2
79140,4.87295,49.6948,2
79141,4.87295,49.6948,2
79142,4.87295,49.6948,2
79143,4.87442,49.69589,2
79144,4.87312,49.69678,2
79145,4.87312,49.69678,2
79146,4.87312,49.69678,2
79147,4.87091,49.69593,2
79148,4.86815,49.69455,2
79149,4.86815,49.69455,2
79150,4.83675,49.3128,2
79151,4.832385,49.315492,2
79152,4.83675,49.3128,2
79153,4.83675,49.3128,2
79154,4.836153,49.312969,2
79155,4.83675,49.3128,2
79156,4.837786,49.313178,2
79157,4.839193,49.312438,2
79158,4.83675,49.3128,2
79159,4.83675,49.3128,2
79160,4.83675,49.3128,2
79161,4.83675,49.3128,2
79162,4.83675,49.3128,2
79163,4.83692,49.31277,2
79164,4.840286,49.316236,2
79165,4.82334,49.32275,2
79166,4.82606,49.32433,2
79167,4.8335,49.32929,2
79168,4.82606,49.32433,2
79169,4.82334,49.32275,2
79170,4.82351,49.32393,2
79171,4.82334,49.32275,2
79172,4.82606,49.32433,2
79173,4.82334,49.32275,2
