"ID","Longitude","Latitude","ServiceTime (min)"
73123,4.75647,49.72205,2
73124,4.75656,49.72185,2
73125,4.75714,49.72089,2
73126,4.75448,49.72291,2
73127,4.75714,49.72089,2
73128,4.75309,49.721878,2
73129,4.75708,49.72064,2
73130,4.75898,49.72081,2
73131,4.76953,49.72403,2
73132,4.75675,49.72136,2
73133,4.75666,49.7216,2
73134,4.75685,49.72112,2
73135,4.75753,49.71995,2
73136,4.75701,49.72118,2
73137,4.757516,49.720235,2
73138,4.75468,49.72195,2
73139,4.75784,49.7198,2
73140,4.75765,49.72006,2
73141,4.75814,49.71944,2
73142,4.75807,49.72081,2
73143,4.75814,49.71944,2
73144,4.75819,49.71915,2
73145,4.75634,49.72249,2
73146,4.75777,49.71954,2
73147,4.75401,49.72917,2
73148,4.758,49.71959,2
73149,4.758,49.71959,2
73150,4.75634,49.72249,2
73151,4.75482,49.72768,2
73152,4.758,49.71959,2
73153,4.758,49.71959,2
73154,4.758,49.71959,2
73155,4.75467,49.72802,2
73156,4.758,49.71959,2
73157,4.75814,49.71944,2
73158,4.75814,49.71944,2
73159,4.75814,49.71944,2
73160,4.75814,49.71944,2
73161,4.75814,49.71944,2
73162,4.75814,49.71944,2
73163,4.75814,49.71944,2
73164,4.75814,49.71944,2
73165,4.75814,49.71944,2
73166,4.75814,49.71944,2
73167,4.75814,49.71944,2
73168,4.75814,49.71944,2
73169,4.75725,49.71934,2
73170,4.75751,49.71944,2
73171,4.75695,49.71927,2
73172,4.75665,49.71921,2
73173,4.75635,49.71916,2
73174,4.75466,49.731585,2
73175,4.75605,49.7191,2
73176,4.75575,49.71904,2
73177,4.75545,49.71898,2
73178,4.75716,49.71944,2
73179,4.75687,49.71938,2
73180,4.75657,49.71932,2
73181,4.75628,49.71926,2
73182,4.75598,49.7192,2
73183,4.75569,49.71915,2
73184,4.7551,49.71903,2
73185,4.7548,49.71897,2
73186,4.75419,49.71892,2
73187,4.7545,49.71894,2
73188,4.75539,49.71909,2
73189,4.75515,49.71892,2
73190,4.75485,49.71886,2
73191,4.75454,49.71883,2
73192,4.75423,49.71881,2
73193,4.75358,49.71887,2
73194,4.75331,49.71872,2
73195,4.75184,49.71865,2
73196,4.75274,49.71865,2
73197,4.75213,49.71869,2
73198,4.7527,49.71876,2
73199,4.7527,49.71876,2
73200,4.75328,49.71884,2
73201,4.75155,49.71861,2
73202,4.75187,49.71854,2
73203,4.75126,49.71858,2
73204,4.75241,49.71872,2
73205,4.75241,49.71872,2
73206,4.75068,49.71851,2
73207,4.75068,49.71851,2
73208,4.75097,49.71854,2
73209,4.75096,49.71831,2
73210,4.75077,49.71835,2
73211,4.7508,49.71815,2
73212,4.753647,49.72192,2
73213,4.75083,49.71794,2
73214,4.751,49.71801,2
73215,4.75245,49.71861,2
73216,4.74966,49.71824,2
73217,4.74861,49.71811,2
73218,4.74444,49.7155,2
73219,4.74782,49.71784,2
73220,4.74478,49.71643,2
73221,4.74595,49.71722,2
73222,4.75621,49.72084,2
73223,4.75621,49.72229,2
73224,4.75422,49.72912,2
73225,4.75621,49.72229,2
73226,4.756521,49.724666,2
73227,4.75621,49.72229,2
73228,4.757711,49.724921,2
73229,4.7514,49.7234,2
73230,4.7514,49.7234,2
73231,4.75621,49.72229,2
73232,4.75569,49.72435,2
73233,4.751872,49.722486,2
73234,4.75569,49.72435,2
73235,4.75621,49.72229,2
73236,4.75575,49.72418,2
73237,4.75571,49.72382,2
73238,4.75621,49.72229,2
73239,4.75617,49.72314,2
73240,4.75621,49.72229,2
73241,4.75621,49.72229,2
73242,4.75714,49.72089,2
73243,4.75701,49.72118,2
73244,4.75621,49.72229,2
73245,4.758,49.71959,2
73246,4.75621,49.72229,2
73247,4.75807,49.72081,2
73248,4.75621,49.72229,2
73249,4.75807,49.72081,2
73250,4.75942,49.71778,2
73251,4.75621,49.72229,2
73252,4.758,49.71959,2
73253,4.75814,49.71944,2
73254,4.75454,49.72184,2
73255,4.75577,49.72228,2
73256,4.75389,49.71889,2
73257,4.75352,49.72177,2
73258,4.75621,49.72229,2
73259,4.75361,49.71875,2
73260,4.75621,49.72084,2
73261,4.75303,49.71868,2
73262,4.75303,49.71868,2
73263,4.75576,49.72229,2
73264,4.75583,49.72217,2
73265,4.75621,49.72229,2
73266,4.75621,49.72229,2
73267,4.75567,49.72247,2
73268,4.74696,49.71756,2
73269,4.75503,49.7227,2
73270,4.75509,49.72255,2
73271,4.754186,49.723069,2
73272,4.75439,49.72288,2
73273,4.75178,49.72246,2
73274,4.75396,49.72315,2
73275,4.75364,49.72329,2
73276,4.75419,49.71892,2
73277,4.75419,49.71892,2
73278,4.75361,49.72335,2
73279,4.7536,49.72323,2
73280,4.75321,49.72175,2
73281,4.75358,49.7231,2
73282,4.7534,49.72311,2
73283,4.75315,49.72211,2
73284,4.75342,49.72323,2
73285,4.75343,49.72336,2
73286,4.75453,49.72296,2
73287,4.7539,49.72332,2
73288,4.7543,49.72317,2
73289,4.75435,49.7233,2
73290,4.75429,49.72342,2
73291,4.75424,49.72355,2
73292,4.75419,49.72368,2
73293,4.75413,49.72381,2
73294,4.75408,49.72393,2
73295,4.75403,49.72406,2
73296,4.75401,49.72917,2
73297,4.75386,49.72403,2
73298,4.75391,49.72389,2
73299,4.75397,49.72376,2
73300,4.75419,49.71892,2
73301,4.75403,49.72362,2
73302,4.75408,49.72349,2
73303,4.75414,49.72335,2
73304,4.75414,49.72322,2
73305,4.75348,49.72353,2
73306,4.75197,49.72242,2
73307,4.75324,49.72368,2
73308,4.7519,49.72255,2
73309,4.75301,49.72383,2
73310,4.75226,49.72473,2
73311,4.75255,49.72412,2
73312,4.75278,49.72398,2
73313,4.75617,49.72314,2
73314,4.75203,49.72437,2
73315,4.75333,49.72346,2
73316,4.75306,49.72363,2
73317,4.7528,49.7238,2
73318,4.75253,49.72397,2
73319,4.75224,49.72413,2
73320,4.75194,49.72427,2
73321,4.75184,49.72415,2
73322,4.75179,49.72384,2
73323,4.75204,49.72366,2
73324,4.75419,49.71892,2
73325,4.7523,49.72348,2
73326,4.75255,49.72312,2
73327,4.75249,49.72329,2
73328,4.75465,49.72165,2
73329,4.7526,49.72295,2
73330,4.7525,49.72271,2
73331,4.75236,49.72313,2
73332,4.75104,49.72348,2
73333,4.75448,49.72291,2
73334,4.75162,49.72407,2
73335,4.7514,49.7234,2
73336,4.75177,49.72334,2
73337,4.75215,49.72339,2
73338,4.75208,49.72326,2
73339,4.7515,49.72325,2
73340,4.75094,49.72339,2
73341,4.75209,49.72346,2
73342,4.75167,49.72375,2
73343,4.7516,49.72389,2
73344,4.7525,49.72241,2
73345,4.75146,49.72389,2
73346,4.75132,49.72389,2
73347,4.75212,49.72215,2
73348,4.75119,49.72393,2
73349,4.75108,49.72398,2
73350,4.75098,49.72404,2
73351,4.75389,49.71889,2
73352,4.75094,49.72413,2
73353,4.7509,49.72421,2
73354,4.75086,49.7243,2
73355,4.75402,49.72243,2
73356,4.75082,49.72439,2
73357,4.75101,49.72439,2
73358,4.75107,49.72424,2
73359,4.75113,49.7241,2
73360,4.75132,49.72401,2
73361,4.753322,49.722385,2
73362,4.75448,49.72291,2
73363,4.75155,49.724,2
73364,4.75272,49.72261,2
73365,4.75171,49.72429,2
73366,4.75226,49.722,2
73367,4.75203,49.72492,2
73368,4.75172,49.7247,2
73369,4.75223,49.72488,2
73370,4.75225,49.7248,2
73371,4.75243,49.72482,2
73372,4.75229,49.72425,2
73373,4.75392,49.71878,2
73374,4.75301,49.72383,2
73375,4.75292,49.72466,2
73376,4.75301,49.72467,2
73377,4.75301,49.72467,2
73378,4.75301,49.72467,2
73379,4.75701,49.72118,2
73380,4.75302,49.72483,2
73381,4.75302,49.72483,2
73382,4.75314,49.72457,2
73383,4.75554,49.72619,2
73384,4.75301,49.72467,2
73385,4.75301,49.72467,2
73386,4.75448,49.72291,2
73387,4.75389,49.72205,2
73388,4.75312,49.72234,2
73389,4.75223,49.72179,2
73390,4.75393,49.72965,2
73391,4.75405,49.72199,2
73392,4.75423,49.72242,2
73393,4.75184,49.72187,2
73394,4.75438,49.722175,2
73395,4.75321,49.72196,2
73396,4.75448,49.72291,2
73397,4.75205,49.72182,2
73398,4.75223,49.72215,2
73399,4.75214,49.71863,2
73400,4.75621,49.72229,2
73401,4.75621,49.72229,2
73402,4.752834,49.722305,2
73403,4.74696,49.71756,2
73404,4.75591,49.72378,2
73405,4.75328,49.72229,2
73406,4.75591,49.72378,2
73407,4.754406,49.722139,2
73408,4.75557,49.72503,2
73409,4.75557,49.72503,2
73410,4.75557,49.72503,2
73411,4.75557,49.72503,2
73412,4.75557,49.72503,2
73413,4.75158,49.7185,2
73414,4.753062,49.731222,2
73415,4.753062,49.731222,2
73416,4.75335,49.73049,2
73417,4.75344,49.73049,2
73418,4.75314,49.73103,2
73419,4.75365,49.73016,2
73420,4.75322,49.73085,2
73421,4.75371,49.73004,2
73422,4.75378,49.72991,2
73423,4.75385,49.72978,2
73424,4.754,49.72951,2
73425,4.75483,49.72166,2
73426,4.75415,49.72925,2
73427,4.75463,49.72842,2
73428,4.75366,49.72978,2
73429,4.75414,49.72892,2
73430,4.75425,49.72874,2
73431,4.75435,49.72856,2
73432,4.75446,49.72838,2
73433,4.75456,49.7282,2
73434,4.75467,49.72802,2
73435,4.75366,49.72978,2
73436,4.75482,49.7275,2
73437,4.75482,49.72768,2
73438,4.75572,49.72618,2
73439,4.75572,49.72618,2
73440,4.75571,49.72594,2
73441,4.75571,49.72594,2
73442,4.75534,49.72232,2
73443,4.75554,49.72619,2
73444,4.75554,49.72599,2
73445,4.75547,49.72559,2
73446,4.75233,49.72226,2
73447,4.75299,49.7188,2
73448,4.75544,49.72539,2
73449,4.75558,49.7252,2
73450,4.7555,49.72579,2
73451,4.7555,49.72579,2
73452,4.74478,49.71643,2
73453,4.75557,49.72503,2
73454,4.7554,49.7252,2
73455,4.75544,49.72515,2
73456,4.75533,49.72517,2
73457,4.75521,49.72519,2
73458,4.7551,49.7252,2
73459,4.75167,49.72182,2
73460,4.7551,49.7252,2
73461,4.7551,49.7252,2
73462,4.75499,49.72522,2
73463,4.75498,49.7251,2
73464,4.75172,49.72193,2
73465,4.75539,49.72504,2
73466,4.75539,49.72504,2
73467,4.75539,49.72504,2
73468,4.75443,49.72241,2
73469,4.75558,49.7249,2
73470,4.75559,49.72478,2
73471,4.75539,49.72504,2
73472,4.75539,49.72496,2
73473,4.7554,49.72488,2
73474,4.75541,49.72479,2
73475,4.75542,49.72471,2
73476,4.75542,49.72463,2
73477,4.75545,49.72451,2
73478,4.75545,49.72451,2
73479,4.7555,49.72438,2
73480,4.7555,49.72438,2
73481,4.75563,49.72464,2
73482,4.75563,49.72464,2
73483,4.75606,49.72464,2
73484,4.75664,49.7247,2
73485,4.756857,49.724731,2
73486,4.756857,49.724731,2
73487,4.756857,49.724731,2
73488,4.756619,49.724682,2
73489,4.75206,49.72252,2
73490,4.757403,49.724855,2
73491,4.756298,49.724644,2
73492,4.757081,49.724781,2
73493,4.75382,49.72184,2
73494,4.75836,49.7251,2
73495,4.75758,49.72473,2
73496,4.7556,49.72465,2
73497,4.757683,49.724922,2
73498,4.75679,49.7246,2
73499,4.75448,49.72291,2
73500,4.756229,49.724636,2
73501,4.75638,49.72238,2
73502,4.75638,49.72238,2
73503,4.755856,49.72467,2
73504,4.75569,49.72435,2
73505,4.75569,49.72435,2
73506,4.75569,49.72435,2
73507,4.75582,49.72399,2
73508,4.75575,49.72418,2
73509,4.754384,49.722265,2
73510,4.75599,49.72417,2
73511,4.75575,49.72418,2
73512,4.75575,49.72418,2
73513,4.75575,49.72418,2
73514,4.75215,49.72237,2
73515,4.75554,49.72426,2
73516,4.75554,49.72426,2
73517,4.75558,49.72413,2
73518,4.75558,49.72413,2
73519,4.75303,49.71868,2
73520,4.75524,49.72403,2
73521,4.75552,49.7241,2
73522,4.75591,49.72378,2
73523,4.75564,49.72398,2
73524,4.75578,49.72365,2
73525,4.75585,49.72348,2
73526,4.75599,49.72357,2
73527,4.75608,49.72336,2
73528,4.75591,49.72331,2
73529,4.7561,49.72288,2
73530,4.75627,49.72291,2
73531,4.75637,49.72268,2
73532,4.75632,49.72238,2
73533,4.75634,49.72249,2
73534,4.75657,49.71932,2
73535,4.75667,49.7224,2
73536,4.75725,49.72239,2
73537,4.75697,49.72252,2
73538,4.75534,49.72232,2
73539,4.75392,49.71878,2
73540,4.75638,49.72222,2
73541,4.7566,49.72217,2
73542,4.75675,49.72184,2
73543,4.75688,49.72151,2
73544,4.30413,49.76235,2
73545,4.31637,49.77467,2
73546,4.30309,49.76279,2
73547,4.29089,49.77154,2
73548,4.30309,49.76279,2
73549,4.30322,49.75084,2
73550,4.30322,49.75084,2
73551,4.30322,49.75084,2
73552,4.30322,49.75084,2
73553,4.31684,49.75581,2
73554,4.31684,49.75581,2
73555,4.31637,49.77467,2
73556,4.31684,49.75581,2
73557,4.305512,49.763998,2
73558,4.30486,49.763631,2
73559,4.304049,49.763105,2
73560,4.30309,49.76279,2
73561,4.30309,49.76279,2
73562,4.302694,49.76284,2
73563,4.301725,49.76326,2
73564,4.301725,49.76326,2
73565,4.30309,49.76279,2
73566,4.300786,49.763706,2
73567,4.300786,49.763706,2
73568,4.301725,49.76326,2
73569,4.300643,49.764319,2
73570,4.300643,49.764319,2
73571,4.30309,49.76279,2
73572,4.299968,49.763369,2
73573,4.30309,49.76279,2
73574,4.299544,49.762074,2
73575,4.299544,49.762074,2
73576,4.299544,49.762074,2
73577,4.299544,49.762074,2
73578,4.30309,49.76279,2
73579,4.30413,49.76235,2
73580,4.304439,49.762443,2
73581,4.30413,49.76235,2
73582,4.304439,49.762443,2
73583,4.30413,49.76235,2
73584,4.303345,49.761392,2
73585,4.302778,49.761087,2
73586,4.302778,49.761087,2
73587,4.301061,49.759687,2
73588,4.30309,49.76279,2
73589,4.30322,49.75084,2
73590,4.30322,49.75084,2
73591,4.30322,49.75084,2
73592,4.30322,49.75084,2
73593,4.30322,49.75084,2
73594,4.30322,49.75084,2
73595,4.30322,49.75084,2
73596,4.30322,49.75084,2
73597,4.30322,49.75084,2
73598,4.31684,49.75581,2
73599,4.31684,49.75581,2
73600,4.31684,49.75581,2
73601,4.31684,49.75581,2
73602,4.30309,49.76279,2
73603,4.31684,49.75581,2
73604,4.31684,49.75581,2
73605,4.317114,49.745332,2
73606,4.317406,49.745722,2
73607,4.31922,49.74424,2
73608,4.209926,49.78732,2
73609,4.20957,49.79218,2
73610,4.2065,49.78849,2
73611,4.2065,49.78849,2
73612,4.20644,49.788352,2
73613,4.20897,49.78855,2
73614,4.20897,49.78855,2
73615,4.21,49.78717,2
73616,4.20945,49.78802,2
73617,4.2096,49.78808,2
73618,4.20896,49.78972,2
73619,4.21016,49.78722,2
73620,4.20847,49.78892,2
73621,4.20763,49.7893,2
73622,4.2093,49.78892,2
73623,4.20902,49.78947,2
73624,4.20896,49.78972,2
73625,4.2065,49.78849,2
73626,4.2119,49.78968,2
73627,4.20859,49.79003,2
73628,4.21023,49.79039,2
73629,4.21261,49.79041,2
73630,4.20949,49.79215,2
73631,4.20962,49.79403,2
73632,4.20962,49.79403,2
73633,4.20957,49.79218,2
73634,4.20957,49.79218,2
73635,4.20957,49.79218,2
73636,4.21556,49.7973,2
73637,4.20612,49.7883,2
73638,4.20555,49.78777,2
73639,4.20542,49.78785,2
73640,4.2065,49.78849,2
73641,4.20644,49.788352,2
73642,4.2065,49.78849,2
73643,4.20061,49.78804,2
73644,4.19848,49.78775,2
73645,4.19612,49.78761,2
73646,4.20275,49.78597,2
73647,4.20074,49.78442,2
73648,4.20188,49.78512,2
73649,4.226702,49.793033,2
73650,4.226702,49.793033,2
73651,4.208222,49.789268,2
73652,4.20962,49.79403,2
73653,4.64868,49.9302,2
73654,4.64868,49.9302,2
73655,4.64868,49.9302,2
73656,4.64868,49.9302,2
73657,4.64868,49.9302,2
73658,4.64868,49.9302,2
73659,4.64868,49.9302,2
73660,4.64868,49.9302,2
73661,4.64868,49.9302,2
73662,4.64868,49.9302,2
73663,4.64868,49.9302,2
73664,4.64868,49.9302,2
73665,4.64868,49.9302,2
73666,4.64868,49.9302,2
73667,4.64868,49.9302,2
73668,4.64868,49.9302,2
73669,4.64868,49.9302,2
73670,4.64868,49.9302,2
73671,4.64868,49.9302,2
73672,4.64868,49.9302,2
73673,4.647333,49.929414,2
73674,4.647333,49.929414,2
73675,4.647333,49.929414,2
73676,4.647333,49.929414,2
73677,4.647333,49.929414,2
73678,4.647333,49.929414,2
73679,4.647333,49.929414,2
73680,4.64924,49.93152,2
73681,4.64924,49.93152,2
73682,4.647333,49.929414,2
73683,4.647333,49.929414,2
73684,4.647333,49.929414,2
73685,4.63739,49.94061,2
73686,4.63739,49.94061,2
73687,4.63739,49.94061,2
73688,4.63739,49.94061,2
73689,4.647333,49.929414,2
73690,4.647333,49.929414,2
73691,4.63739,49.94061,2
73692,4.647333,49.929414,2
73693,4.63739,49.94061,2
73694,4.647333,49.929414,2
73695,4.647333,49.929414,2
73696,4.647333,49.929414,2
73697,4.647333,49.929414,2
73698,4.647333,49.929414,2
73699,4.647333,49.929414,2
73700,4.647333,49.929414,2
73701,4.647333,49.929414,2
73702,4.647348,49.929432,2
73703,4.647333,49.929414,2
73704,4.647333,49.929414,2
73705,4.63739,49.94061,2
73706,4.63739,49.94061,2
73707,4.63739,49.94061,2
73708,4.63739,49.94061,2
73709,4.647333,49.929414,2
73710,4.647333,49.929414,2
73711,4.647333,49.929414,2
73712,4.63739,49.94061,2
73713,4.63739,49.94061,2
73714,4.63739,49.94061,2
73715,4.647348,49.929432,2
73716,4.647348,49.929432,2
73717,4.647348,49.929432,2
73718,4.647348,49.929432,2
73719,4.647348,49.929432,2
73720,4.647348,49.929432,2
73721,4.63739,49.94061,2
73722,4.647348,49.929432,2
73723,4.647348,49.929432,2
73724,4.64932,49.93219,2
73725,4.64505,49.94223,2
73726,4.64484,49.94197,2
73727,4.68402,49.94724,2
73728,4.64986,49.9331,2
73729,4.64986,49.9331,2
73730,4.64862,49.92978,2
73731,4.64667,49.94251,2
73732,4.64868,49.9302,2
73733,4.64932,49.93219,2
73734,4.64634,49.92815,2
73735,4.64604,49.94273,2
73736,4.64463,49.94198,2
73737,4.64491,49.94214,2
73738,4.68402,49.94724,2
73739,4.64519,49.94231,2
73740,4.68402,49.94724,2
73741,4.64534,49.94239,2
73742,4.64548,49.94248,2
73743,4.64562,49.94257,2
73744,4.64593,49.94281,2
73745,4.64624,49.94304,2
73746,4.64729,49.94353,2
73747,4.64655,49.94324,2
73748,4.64747,49.94365,2
73749,4.64766,49.94376,2
73750,4.64788,49.94385,2
73751,4.65336,49.94747,2
73752,4.65466,49.95054,2
73753,4.64692,49.9433,2
73754,4.64604,49.94273,2
73755,4.64673,49.94319,2
73756,4.64696,49.9432,2
73757,4.64696,49.9432,2
73758,4.64654,49.94308,2
73759,4.64654,49.94308,2
73760,4.64654,49.94308,2
73761,4.64654,49.94308,2
73762,4.64654,49.94308,2
73763,4.64666,49.94299,2
73764,4.64653,49.94291,2
73765,4.64644,49.94286,2
73766,4.64635,49.94281,2
73767,4.64924,49.93198,2
73768,4.64626,49.94276,2
73769,4.64617,49.94271,2
73770,4.64608,49.94266,2
73771,4.64599,49.94261,2
73772,4.6459,49.94256,2
73773,4.64581,49.94251,2
73774,4.64563,49.94241,2
73775,4.64554,49.94235,2
73776,4.64554,49.94235,2
73777,4.64535,49.94225,2
73778,4.64526,49.94219,2
73779,4.64654,49.94308,2
73780,4.64517,49.94214,2
73781,4.64508,49.94209,2
73782,4.64499,49.94203,2
73783,4.6449,49.94198,2
73784,4.64481,49.94193,2
73785,4.64468,49.94195,2
73786,4.64575,49.9421,2
73787,4.64588,49.94216,2
73788,4.64641,49.94239,2
73789,4.64654,49.94245,2
73790,4.64681,49.94256,2
73791,4.64694,49.94262,2
73792,4.64707,49.94268,2
73793,4.64719,49.94274,2
73794,4.64731,49.94281,2
73795,4.64742,49.94289,2
73796,4.64753,49.94296,2
73797,4.64764,49.94303,2
73798,4.68402,49.94724,2
73799,4.68402,49.94724,2
73800,4.64787,49.94318,2
73801,4.68402,49.94724,2
73802,4.68402,49.94724,2
73803,4.64776,49.9431,2
73804,4.68402,49.94724,2
73805,4.68402,49.94724,2
73806,4.64776,49.94294,2
73807,4.68402,49.94724,2
73808,4.68402,49.94724,2
73809,4.64776,49.94294,2
73810,4.64717,49.94258,2
73811,4.64717,49.94258,2
73812,4.68402,49.94724,2
73813,4.64581,49.94199,2
73814,4.64562,49.94205,2
73815,4.64503,49.94187,2
73816,4.64405,49.94189,2
73817,4.64405,49.94189,2
73818,4.64444,49.94183,2
73819,4.64408,49.94182,2
73820,4.64372,49.94181,2
73821,4.64492,49.94111,2
73822,4.65223,49.92833,2
73823,4.65223,49.92833,2
73824,4.65223,49.92833,2
73825,4.65223,49.92833,2
73826,4.6498,49.93342,2
73827,4.64968,49.93313,2
73828,4.6501,49.93365,2
73829,4.64868,49.9302,2
73830,4.65004,49.93353,2
73831,4.64954,49.93275,2
73832,4.64948,49.9326,2
73833,4.64941,49.93242,2
73834,4.6494,49.9324,2
73835,4.64868,49.9302,2
73836,4.649617,49.929461,2
73837,4.64982,49.933,2
73838,4.6497,49.93271,2
73839,4.64964,49.93253,2
73840,4.64957,49.93236,2
73841,4.64951,49.93221,2
73842,4.64945,49.93206,2
73843,4.64941,49.93196,2
73844,4.64917,49.93181,2
73845,4.64907,49.93156,2
73846,4.64937,49.93183,2
73847,4.64924,49.93152,2
73848,4.64911,49.93164,2
73849,4.64626,49.93006,2
73850,4.64599,49.94261,2
73851,4.64626,49.93006,2
73852,4.64405,49.94189,2
73853,4.64897,49.93077,2
73854,4.68402,49.94724,2
73855,4.64963,49.93022,2
73856,4.68402,49.94724,2
73857,4.64906,49.93103,2
73858,4.68402,49.94724,2
73859,4.64901,49.93088,2
73860,4.64889,49.93057,2
73861,4.65012,49.93018,2
73862,4.65223,49.92833,2
73863,4.65012,49.93018,2
73864,4.64882,49.93037,2
73865,4.64877,49.93025,2
73866,4.64963,49.93022,2
73867,4.64926,49.93026,2
73868,4.64926,49.93026,2
73869,4.64842,49.92915,2
73870,4.64868,49.9302,2
73871,4.64868,49.9302,2
73872,4.64868,49.9302,2
73873,4.64868,49.9302,2
73874,4.64868,49.9302,2
73875,4.64868,49.9302,2
73876,4.649396,49.929492,2
73877,4.64868,49.9302,2
73878,4.64868,49.9302,2
73879,4.64868,49.9302,2
73880,4.648043,49.929742,2
73881,4.64868,49.9302,2
73882,4.64868,49.9302,2
73883,4.647333,49.929414,2
73884,4.63739,49.94061,2
73885,4.64868,49.9302,2
73886,4.64868,49.9302,2
73887,4.64868,49.9302,2
73888,4.64868,49.9302,2
73889,4.64868,49.9302,2
73890,4.64868,49.9302,2
73891,4.64868,49.9302,2
73892,4.64868,49.9302,2
73893,4.64868,49.9302,2
73894,4.64924,49.93198,2
73895,4.64868,49.9302,2
73896,4.64868,49.9302,2
73897,4.64868,49.9302,2
73898,4.64868,49.9302,2
73899,4.64868,49.9302,2
73900,4.64868,49.9302,2
73901,4.64868,49.9302,2
73902,4.7539,49.74016,2
73903,4.74326,49.73776,2
73904,4.74326,49.73776,2
73905,4.7533,49.74019,2
73906,4.74308,49.73788,2
73907,4.7533,49.74019,2
73908,4.74267,49.73831,2
73909,4.75292,49.74013,2
73910,4.74278,49.73814,2
73911,4.75292,49.74013,2
73912,4.75292,49.74013,2
73913,4.75449,49.74024,2
73914,4.74994,49.73882,2
73915,4.74396,49.73978,2
73916,4.743,49.73998,2
73917,4.75406,49.7403,2
73918,4.74357,49.73974,2
73919,4.75474,49.74042,2
73920,4.74254,49.74003,2
73921,4.75499,49.74051,2
73922,4.74444,49.73953,2
73923,4.75524,49.7406,2
73924,4.74419,49.7396,2
73925,4.75575,49.74079,2
73926,4.74494,49.73941,2
73927,4.75575,49.74079,2
73928,4.75601,49.74088,2
73929,4.74382,49.73736,2
73930,4.74948,49.74262,2
73931,4.75626,49.74097,2
73932,4.7451,49.73929,2
73933,4.75651,49.74106,2
73934,4.74496,49.73903,2
73935,4.75664,49.74117,2
73936,4.74515,49.73906,2
73937,4.75253,49.73999,2
73938,4.75461,49.74026,2
73939,4.74528,49.73927,2
73940,4.7552,49.74046,2
73941,4.74541,49.73926,2
73942,4.755,49.74038,2
73943,4.74189,49.73938,2
73944,4.74579,49.73906,2
73945,4.75561,49.7406,2
73946,4.74462,49.73954,2
73947,4.75581,49.74068,2
73948,4.74641,49.73875,2
73949,4.75602,49.74075,2
73950,4.75622,49.74082,2
73951,4.75642,49.74089,2
73952,4.74476,49.73968,2
73953,4.75642,49.74089,2
73954,4.7445,49.73982,2
73955,4.75663,49.74097,2
73956,4.7442,49.73983,2
73957,4.7507,49.73955,2
73958,4.74409,49.73976,2
73959,4.7507,49.73955,2
73960,4.74618,49.73949,2
73961,4.7507,49.73955,2
73962,4.74573,49.73968,2
73963,4.7507,49.73955,2
73964,4.74535,49.73958,2
73965,4.75086,49.7396,2
73966,4.75054,49.7397,2
73967,4.74189,49.73938,2
73968,4.75086,49.7396,2
73969,4.74189,49.73938,2
73970,4.75023,49.73996,2
73971,4.74067,49.74249,2
73972,4.75023,49.73996,2
73973,4.74993,49.74023,2
73974,4.74343,49.73763,2
73975,4.74963,49.74049,2
73976,4.74326,49.73776,2
73977,4.74933,49.74076,2
73978,4.74903,49.74104,2
73979,4.75015,49.74013,2
73980,4.74873,49.74131,2
73981,4.74189,49.73938,2
73982,4.74873,49.74131,2
73983,4.74947,49.74084,2
73984,4.7433,49.73992,2
73985,4.74916,49.74112,2
73986,4.75063,49.73981,2
73987,4.7507,49.73955,2
73988,4.75023,49.74017,2
73989,4.74982,49.74052,2
73990,4.75342,49.74118,2
73991,4.75324,49.74135,2
73992,4.75305,49.74153,2
73993,4.75287,49.74171,2
73994,4.75268,49.74189,2
73995,4.7525,49.74207,2
73996,4.75231,49.74225,2
73997,4.7523,49.74231,2
73998,4.74352,49.74129,2
73999,4.7525,49.74241,2
74000,4.74352,49.74129,2
74001,4.74352,49.74129,2
74002,4.75253,49.74254,2
74003,4.74352,49.74129,2
74004,4.75238,49.74267,2
74005,4.74237,49.73996,2
74006,4.75223,49.7428,2
74007,4.75208,49.74293,2
74008,4.75194,49.74306,2
74009,4.75179,49.74319,2
74010,4.75164,49.74332,2
74011,4.75149,49.74345,2
74012,4.7513,49.74342,2
74013,4.7512,49.74327,2
74014,4.74152,49.73983,2
74015,4.75141,49.74333,2
74016,4.74136,49.74,2
74017,4.75173,49.74306,2
74018,4.7412,49.74018,2
74019,4.74413,49.74499,2
74020,4.75207,49.74276,2
74021,4.74104,49.74036,2
74022,4.75232,49.74247,2
74023,4.74087,49.74054,2
74024,4.75196,49.74236,2
74025,4.74058,49.74061,2
74026,4.7518,49.74234,2
74027,4.74028,49.74068,2
74028,4.75148,49.74273,2
74029,4.7396,49.74099,2
74030,4.75126,49.74301,2
74031,4.74189,49.73938,2
74032,4.75111,49.7431,2
74033,4.74189,49.73938,2
74034,4.75107,49.74292,2
74035,4.74189,49.73938,2
74036,4.75123,49.74277,2
74037,4.74116,49.74045,2
74038,4.74189,49.73938,2
74039,4.75138,49.74261,2
74040,4.75155,49.74245,2
74041,4.75173,49.74228,2
74042,4.75232,49.74247,2
74043,4.75215,49.7422,2
74044,4.75231,49.74204,2
74045,4.75247,49.74189,2
74046,4.75264,49.74173,2
74047,4.7528,49.74157,2
74048,4.75296,49.74141,2
74049,4.75312,49.74126,2
74050,4.74409,49.74556,2
74051,4.75328,49.7411,2
74052,4.74417,49.74537,2
74053,4.74842,49.74229,2
74054,4.74424,49.74518,2
74055,4.74861,49.74237,2
74056,4.74255,49.73848,2
74057,4.74432,49.74499,2
74058,4.74879,49.74246,2
74059,4.74437,49.74497,2
74060,4.73616,49.74446,2
74061,4.74608,49.74237,2
74062,4.74464,49.74503,2
74063,4.74189,49.73938,2
74064,4.74898,49.74254,2
74065,4.73631,49.74439,2
74066,4.74917,49.74262,2
74067,4.73631,49.74439,2
74068,4.74491,49.7451,2
74069,4.74189,49.73938,2
74070,4.73658,49.74428,2
74071,4.74519,49.74513,2
74072,4.74935,49.74271,2
74073,4.74189,49.73938,2
74074,4.74669,49.74251,2
74075,4.73666,49.74424,2
74076,4.74504,49.74501,2
74077,4.74972,49.74288,2
74078,4.74455,49.74489,2
74079,4.74189,49.73938,2
74080,4.73674,49.74421,2
74081,4.74991,49.74296,2
74082,4.74445,49.74479,2
74083,4.74189,49.73938,2
74084,4.75253,49.74109,2
74085,4.7501,49.74304,2
74086,4.74465,49.74455,2
74087,4.74189,49.73938,2
74088,4.75289,49.7408,2
74089,4.75002,49.74313,2
74090,4.74485,49.7443,2
74091,4.74189,49.73938,2
74092,4.74493,49.74425,2
74093,4.75025,49.74312,2
74094,4.74189,49.73938,2
74095,4.73657,49.74442,2
74096,4.74515,49.74435,2
74097,4.74971,49.74273,2
74098,4.74189,49.73938,2
74099,4.73722,49.74414,2
74100,4.74537,49.74444,2
74101,4.74954,49.74279,2
74102,4.74189,49.73938,2
74103,4.73738,49.74407,2
74104,4.7458,49.74463,2
74105,4.75018,49.74294,2
74106,4.73738,49.74407,2
74107,4.74471,49.74415,2
74108,4.75045,49.7432,2
74109,4.73738,49.74407,2
74110,4.7447,49.74425,2
74111,4.7505,49.74315,2
74112,4.73771,49.74393,2
74113,4.74449,49.74449,2
74114,4.75062,49.74327,2
74115,4.73771,49.74393,2
74116,4.74413,49.74499,2
74117,4.75028,49.74312,2
74118,4.73771,49.74393,2
74119,4.75013,49.74323,2
74120,4.74403,49.74524,2
74121,4.74245,49.73864,2
74122,4.73787,49.74386,2
74123,4.75001,49.74333,2
74124,4.74393,49.7455,2
74125,4.74234,49.7388,2
74126,4.73681,49.74418,2
74127,4.74989,49.74344,2
74128,4.752094,49.731268,2
74129,4.73689,49.74414,2
74130,4.74977,49.74354,2
74131,4.73696,49.74411,2
74132,4.74965,49.74364,2
74133,4.73843,49.74276,2
74134,4.73704,49.74408,2
74135,4.74953,49.74375,2
74136,4.74011,49.74284,2
74137,4.73712,49.74405,2
74138,4.74011,49.74284,2
74139,4.74935,49.74373,2
74140,4.73719,49.74401,2
74141,4.73727,49.74398,2
74142,4.75015,49.74013,2
74143,4.74918,49.74366,2
74144,4.73735,49.74395,2
74145,4.74076,49.74259,2
74146,4.74901,49.74359,2
74147,4.73742,49.74391,2
74148,4.74104,49.74248,2
74149,4.74885,49.74351,2
74150,4.7375,49.74388,2
74151,4.7427,49.74179,2
74152,4.73758,49.74385,2
74153,4.74906,49.74347,2
74154,4.73765,49.74382,2
74155,4.74119,49.74228,2
74156,4.74119,49.74228,2
74157,4.74945,49.74362,2
74158,4.73803,49.74379,2
74159,4.74119,49.74228,2
74160,4.73803,49.74379,2
74161,4.74444,49.74105,2
74162,4.74974,49.74337,2
74163,4.74516,49.74074,2
74164,4.73835,49.74365,2
74165,4.74392,49.74369,2
74166,4.74574,49.74035,2
74167,4.73819,49.74372,2
74168,4.74392,49.74369,2
74169,4.73819,49.74372,2
74170,4.74574,49.74035,2
74171,4.73866,49.74351,2
74172,4.74392,49.74369,2
74173,4.74245,49.74175,2
74174,4.74422,49.74395,2
74175,4.7385,49.74358,2
74176,4.74772,49.73917,2
74177,4.74392,49.74369,2
74178,4.73882,49.74344,2
74179,4.75026,49.73941,2
74180,4.74398,49.74385,2
74181,4.73898,49.74337,2
74182,4.7533,49.74019,2
74183,4.74189,49.73938,2
74184,4.73914,49.7433,2
74185,4.7533,49.74019,2
74186,4.74189,49.73938,2
74187,4.74446,49.74405,2
74188,4.74107,49.74233,2
74189,4.75462,49.74048,2
74190,4.7393,49.74323,2
74191,4.7555,49.7407,2
74192,4.74189,49.73938,2
74193,4.74432,49.74386,2
74194,4.74189,49.73938,2
74195,4.73946,49.74316,2
74196,4.75664,49.74117,2
74197,4.74432,49.74386,2
74198,4.75664,49.74117,2
74199,4.73961,49.74309,2
74200,4.75664,49.74117,2
74201,4.74432,49.74386,2
74202,4.73981,49.743,2
74203,4.74432,49.74386,2
74204,4.73784,49.74373,2
74205,4.74472,49.74402,2
74206,4.73794,49.74369,2
74207,4.74472,49.74402,2
74208,4.73804,49.74365,2
74209,4.7507,49.73955,2
74210,4.73814,49.7436,2
74211,4.74472,49.74402,2
74212,4.73843,49.74276,2
74213,4.73834,49.74351,2
74214,4.74472,49.74402,2
74215,4.73844,49.74347,2
74216,4.73843,49.74276,2
74217,4.73854,49.74342,2
74218,4.7452,49.74423,2
74219,4.73843,49.74276,2
74220,4.74502,49.73955,2
74221,4.73864,49.74338,2
74222,4.7452,49.74423,2
74223,4.73874,49.74334,2
74224,4.73843,49.74276,2
74225,4.7452,49.74423,2
74226,4.73884,49.74329,2
74227,4.74189,49.73938,2
74228,4.7452,49.74423,2
74229,4.74189,49.73938,2
74230,4.73894,49.74325,2
74231,4.74574,49.74446,2
74232,4.73843,49.74276,2
74233,4.74189,49.73938,2
74234,4.74574,49.74446,2
74235,4.73904,49.7432,2
74236,4.74574,49.74446,2
74237,4.73914,49.74316,2
74238,4.73924,49.74312,2
74239,4.752005,49.731126,2
74240,4.752687,49.730025,2
74241,4.74492,49.74402,2
74242,4.73934,49.74307,2
74243,4.74516,49.74381,2
74244,4.73944,49.74303,2
74245,4.7454,49.7436,2
74246,4.73954,49.74298,2
74247,4.74564,49.74339,2
74248,4.7382,49.74281,2
74249,4.73843,49.74276,2
74250,4.74611,49.74297,2
74251,4.7403,49.74262,2
74252,4.74614,49.7429,2
74253,4.74189,49.73938,2
74254,4.74592,49.7428,2
74255,4.73843,49.74276,2
74256,4.74189,49.73938,2
74257,4.74189,49.73938,2
74258,4.7456,49.74283,2
74259,4.74189,49.73938,2
74260,4.74067,49.74249,2
74261,4.74382,49.73736,2
74262,4.74664,49.74313,2
74263,4.74189,49.73938,2
74264,4.74049,49.74255,2
74265,4.74189,49.73938,2
74266,4.74638,49.74301,2
74267,4.739706,49.743077,2
74268,4.73989,49.74296,2
74269,4.74628,49.74302,2
74270,4.73996,49.74292,2
74271,4.73843,49.74276,2
74272,4.74607,49.7432,2
74273,4.74004,49.74288,2
74274,4.75331,49.73236,2
74275,4.74189,49.73938,2
74276,4.74678,49.74601,2
74277,4.74011,49.74284,2
74278,4.73843,49.74276,2
74279,4.74011,49.74284,2
74280,4.73843,49.74276,2
74281,4.74701,49.74567,2
74282,4.74011,49.74284,2
74283,4.74713,49.74549,2
74284,4.74011,49.74284,2
74285,4.73843,49.74276,2
74286,4.74011,49.74284,2
74287,4.74669,49.74251,2
74288,4.74733,49.74514,2
74289,4.74724,49.74532,2
74290,4.74057,49.74266,2
74291,4.73843,49.74276,2
74292,4.74739,49.74495,2
74293,4.74275,49.74163,2
74294,4.75622,49.732632,2
74295,4.74196,49.74209,2
74296,4.73843,49.74276,2
74297,4.74746,49.74477,2
74298,4.73843,49.74276,2
74299,4.74354,49.74142,2
74300,4.73843,49.74276,2
74301,4.74758,49.7444,2
74302,4.74141,49.74232,2
74303,4.74771,49.74403,2
74304,4.74764,49.74421,2
74305,4.74141,49.74232,2
74306,4.73843,49.74276,2
74307,4.74777,49.74384,2
74308,4.73843,49.74276,2
74309,4.74783,49.74366,2
74310,4.73843,49.74276,2
74311,4.74082,49.74243,2
74312,4.73843,49.74276,2
74313,4.7479,49.74347,2
74314,4.74119,49.74228,2
74315,4.73843,49.74276,2
74316,4.73843,49.74276,2
74317,4.74796,49.74329,2
74318,4.74095,49.74238,2
74319,4.73843,49.74276,2
74320,4.74805,49.743,2
74321,4.73843,49.74276,2
74322,4.74119,49.74228,2
74323,4.73843,49.74276,2
74324,4.74818,49.74261,2
74325,4.74107,49.74233,2
74326,4.73843,49.74276,2
74327,4.74828,49.74225,2
74328,4.74119,49.74228,2
74329,4.73843,49.74276,2
74330,4.73843,49.74276,2
74331,4.74835,49.74204,2
74332,4.75434,49.734476,2
74333,4.74845,49.74175,2
74334,4.74119,49.74228,2
74335,4.73843,49.74276,2
74336,4.73843,49.74276,2
74337,4.74863,49.74177,2
74338,4.74119,49.74228,2
74339,4.7469,49.74584,2
74340,4.74131,49.74223,2
74341,4.74642,49.74673,2
74342,4.74119,49.74228,2
74343,4.74649,49.74655,2
74344,4.74119,49.74228,2
74345,4.74641,49.73875,2
74346,4.74656,49.74636,2
74347,4.74119,49.74228,2
74348,4.74667,49.74619,2
74349,4.74144,49.74218,2
74350,4.74855,49.7422,2
74351,4.74157,49.74212,2
74352,4.74814,49.7433,2
74353,4.74172,49.74206,2
74354,4.7505,49.74315,2
74355,4.74186,49.742,2
74356,4.74901,49.74241,2
74357,4.74852,49.74207,2
74358,4.74836,49.74263,2
74359,4.74836,49.74263,2
74360,4.75354,49.7401,2
74361,4.75354,49.7401,2
74362,4.74814,49.7433,2
74363,4.74343,49.73763,2
74364,4.74808,49.74347,2
74365,4.74878,49.74231,2
74366,4.74814,49.7433,2
74367,4.74814,49.7433,2
74368,4.74802,49.74364,2
74369,4.74797,49.74381,2
74370,4.74791,49.74398,2
74371,4.74785,49.74414,2
74372,4.74779,49.74431,2
74373,4.74774,49.74448,2
74374,4.74201,49.74193,2
74375,4.74768,49.74465,2
74376,4.74216,49.74187,2
74377,4.74762,49.74482,2
74378,4.74231,49.74181,2
74379,4.73771,49.74393,2
74380,4.74762,49.74482,2
74381,4.74558,49.74454,2
74382,4.74245,49.74175,2
74383,4.74757,49.74499,2
74384,4.74275,49.74163,2
74385,4.74751,49.74515,2
74386,4.7426,49.74169,2
74387,4.74743,49.74532,2
74388,4.74289,49.74157,2
74389,4.74733,49.74548,2
74390,4.74305,49.7415,2
74391,4.74723,49.74564,2
74392,4.74305,49.7415,2
74393,4.74712,49.7458,2
74394,4.7432,49.74143,2
74395,4.74702,49.74595,2
74396,4.7432,49.74143,2
74397,4.74352,49.74129,2
74398,4.74691,49.74611,2
74399,4.74368,49.74122,2
74400,4.74681,49.74627,2
74401,4.74422,49.74113,2
74402,4.74672,49.74643,2
74403,4.74444,49.74105,2
74404,4.74104,49.74248,2
74405,4.74666,49.7466,2
74406,4.74492,49.74084,2
74407,4.74104,49.74248,2
74408,4.74189,49.73938,2
74409,4.74659,49.74677,2
74410,4.74516,49.74074,2
74411,4.74278,49.73814,2
74412,4.74686,49.74324,2
74413,4.74414,49.74103,2
74414,4.74113,49.73881,2
74415,4.74686,49.74324,2
74416,4.74436,49.74095,2
74417,4.7412,49.73871,2
74418,4.74686,49.74324,2
74419,4.74519,49.74059,2
74420,4.74189,49.73938,2
74421,4.74686,49.74324,2
74422,4.74491,49.74071,2
74423,4.7519,49.74134,2
74424,4.74189,49.73938,2
74425,4.74686,49.74324,2
74426,4.7454,49.74064,2
74427,4.74464,49.74083,2
74428,4.74189,49.73938,2
74429,4.74686,49.74324,2
74430,4.74563,49.74054,2
74431,4.74189,49.73938,2
74432,4.74677,49.7434,2
74433,4.74636,49.74024,2
74434,4.74189,49.73938,2
74435,4.74677,49.7434,2
74436,4.74563,49.74054,2
74437,4.74189,49.73938,2
74438,4.74677,49.7434,2
74439,4.74546,49.74047,2
74440,4.74225,49.73863,2
74441,4.74677,49.7434,2
74442,4.74587,49.74043,2
74443,4.74225,49.73863,2
74444,4.74677,49.7434,2
74445,4.74611,49.74033,2
74446,4.74225,49.73863,2
74447,4.74677,49.7434,2
74448,4.74602,49.74023,2
74449,4.74189,49.73938,2
74450,4.74574,49.74035,2
74451,4.74225,49.73863,2
74452,4.74666,49.74359,2
74453,4.74658,49.74012,2
74454,4.74666,49.74359,2
74455,4.74225,49.73863,2
74456,4.74678,49.73999,2
74457,4.74666,49.74359,2
74458,4.74225,49.73863,2
74459,4.74698,49.73986,2
74460,4.74666,49.74359,2
74461,4.7421,49.73887,2
74462,4.7463,49.74012,2
74463,4.74666,49.74359,2
74464,4.7421,49.73887,2
74465,4.74654,49.73998,2
74466,4.74666,49.74359,2
74467,4.7421,49.73887,2
74468,4.74654,49.73998,2
74469,4.74666,49.74359,2
74470,4.7421,49.73887,2
74471,4.74654,49.73998,2
74472,4.74655,49.74378,2
74473,4.7421,49.73887,2
74474,4.74654,49.73998,2
74475,4.74655,49.74378,2
74476,4.74181,49.73937,2
74477,4.74678,49.73983,2
74478,4.74655,49.74378,2
74479,4.74181,49.73937,2
74480,4.74701,49.73967,2
74481,4.74655,49.74378,2
74482,4.74181,49.73937,2
74483,4.74719,49.73973,2
74484,4.74655,49.74378,2
74485,4.74181,49.73937,2
74486,4.74725,49.73952,2
74487,4.74655,49.74378,2
74488,4.74496,49.73903,2
74489,4.74772,49.73917,2
74490,4.74278,49.73814,2
74491,4.74655,49.74378,2
74492,4.74363,49.73985,2
74493,4.74654,49.73998,2
74494,4.74189,49.73938,2
74495,4.74655,49.74378,2
74496,4.74772,49.73917,2
74497,4.74644,49.74397,2
74498,4.74357,49.7366,2
74499,4.74388,49.73645,2
74500,4.74644,49.74397,2
74501,4.74418,49.73629,2
74502,4.74432,49.73607,2
74503,4.74644,49.74397,2
74504,4.74444,49.73603,2
74505,4.74483,49.7361,2
74506,4.74644,49.74397,2
74507,4.74488,49.73599,2
74508,4.74644,49.74397,2
74509,4.74255,49.73848,2
74510,4.74449,49.73592,2
74511,4.74644,49.74397,2
74512,4.7421,49.73887,2
74513,4.74413,49.73587,2
74514,4.74635,49.74414,2
74515,4.74383,49.73584,2
74516,4.7438,49.73595,2
74517,4.74189,49.73938,2
74518,4.74635,49.74414,2
74519,4.74358,49.73603,2
74520,4.74328,49.73624,2
74521,4.74635,49.74414,2
74522,4.74349,49.7365,2
74523,4.7415,49.74008,2
74524,4.74382,49.73736,2
74525,4.74635,49.74414,2
74526,4.74189,49.73938,2
74527,4.74387,49.73631,2
74528,4.74635,49.74414,2
74529,4.74414,49.73608,2
74530,4.74635,49.74414,2
74531,4.74411,49.73598,2
74532,4.74564,49.73803,2
74533,4.74626,49.74429,2
74534,4.7454,49.73814,2
74535,4.74626,49.74429,2
74536,4.74517,49.73826,2
74537,4.74502,49.73955,2
74538,4.74626,49.74429,2
74539,4.74452,49.73859,2
74540,4.74626,49.74429,2
74541,4.74439,49.73864,2
74542,4.74626,49.74429,2
74543,4.74439,49.73848,2
74544,4.74626,49.74429,2
74545,4.74427,49.73835,2
74546,4.7512,49.74327,2
74547,4.74609,49.74425,2
74548,4.7512,49.74327,2
74549,4.74415,49.73823,2
74550,4.74609,49.74425,2
74551,4.74403,49.7381,2
74552,4.74609,49.74425,2
74553,4.74411,49.73798,2
74554,4.74609,49.74425,2
74555,4.7443,49.73789,2
74556,4.74609,49.74425,2
74557,4.74425,49.73811,2
74558,4.74609,49.74425,2
74559,4.74225,49.73863,2
74560,4.74439,49.73799,2
74561,4.74609,49.74425,2
74562,4.74181,49.73937,2
74563,4.74545,49.73797,2
74564,4.74609,49.74425,2
74565,4.74506,49.73817,2
74566,4.74618,49.7441,2
74567,4.74467,49.73837,2
74568,4.74618,49.7441,2
74569,4.74454,49.7384,2
74570,4.74618,49.7441,2
74571,4.74439,49.73826,2
74572,4.74618,49.7441,2
74573,4.74933,49.73956,2
74574,4.74618,49.7441,2
74575,4.74975,49.73935,2
74576,4.74618,49.7441,2
74577,4.74987,49.73929,2
74578,4.7496,49.73942,2
74579,4.74409,49.74556,2
74580,4.74618,49.7441,2
74581,4.75,49.73925,2
74582,4.74618,49.7441,2
74583,4.75001,49.73907,2
74584,4.7498,49.73909,2
74585,4.74629,49.7439,2
74586,4.74984,49.73893,2
74587,4.74629,49.7439,2
74588,4.74976,49.73877,2
74589,4.74629,49.7439,2
74590,4.7497,49.73859,2
74591,4.74629,49.7439,2
74592,4.74966,49.73842,2
74593,4.74629,49.7439,2
74594,4.74966,49.73842,2
74595,4.74219,49.7403,2
74596,4.74629,49.7439,2
74597,4.74947,49.73753,2
74598,4.74219,49.7403,2
74599,4.74629,49.7439,2
74600,4.74958,49.73735,2
74601,4.74219,49.7403,2
74602,4.74629,49.7439,2
74603,4.74959,49.73799,2
74604,4.74181,49.73937,2
74605,4.74212,49.7403,2
74606,4.74644,49.74365,2
74607,4.7495,49.73851,2
74608,4.74181,49.73937,2
74609,4.7496,49.73813,2
74610,4.74219,49.7403,2
74611,4.74644,49.74365,2
74612,4.74959,49.73785,2
74613,4.74959,49.73771,2
74614,4.74219,49.7403,2
74615,4.74644,49.74365,2
74616,4.74959,49.73882,2
74617,4.74644,49.74365,2
74618,4.74943,49.73817,2
74619,4.7415,49.74008,2
74620,4.74644,49.74365,2
74621,4.75015,49.73917,2
74622,4.74133,49.74026,2
74623,4.74962,49.7376,2
74624,4.74644,49.74365,2
74625,4.7503,49.73924,2
74626,4.74644,49.74365,2
74627,4.75001,49.73881,2
74628,4.74098,49.74063,2
74629,4.75002,49.73926,2
74630,4.74644,49.74365,2
74631,4.74066,49.74071,2
74632,4.75002,49.73926,2
74633,4.74658,49.74339,2
74634,4.74035,49.74079,2
74635,4.75014,49.73934,2
74636,4.74658,49.74339,2
74637,4.74189,49.73938,2
74638,4.75026,49.73941,2
74639,4.74658,49.74339,2
74640,4.74189,49.73938,2
74641,4.74658,49.74339,2
74642,4.75026,49.73941,2
74643,4.74003,49.74071,2
74644,4.75026,49.73941,2
74645,4.73994,49.74054,2
74646,4.74658,49.74339,2
74647,4.74658,49.74339,2
74648,4.75026,49.73941,2
74649,4.74004,49.74038,2
74650,4.75038,49.73949,2
74651,4.74658,49.74339,2
74652,4.74014,49.74021,2
74653,4.75053,49.7395,2
74654,4.74658,49.74339,2
74655,4.75064,49.73953,2
74656,4.74024,49.74005,2
74657,4.7467,49.7432,2
74658,4.75057,49.73936,2
74659,4.74034,49.73988,2
74660,4.751774,49.739998,2
74661,4.7467,49.7432,2
74662,4.74045,49.73971,2
74663,4.75164,49.73977,2
74664,4.7467,49.7432,2
74665,4.75192,49.73982,2
74666,4.74055,49.73955,2
74667,4.7467,49.7432,2
74668,4.75192,49.73982,2
74669,4.743,49.73998,2
74670,4.74072,49.73958,2
74671,4.75126,49.73978,2
74672,4.7467,49.7432,2
74673,4.74064,49.73972,2
74674,4.75126,49.73977,2
74675,4.7467,49.7432,2
74676,4.74055,49.73985,2
74677,4.75126,49.73977,2
74678,4.7467,49.7432,2
74679,4.75126,49.73977,2
74680,4.7456,49.74283,2
74681,4.74225,49.73863,2
74682,4.74047,49.73999,2
74683,4.7467,49.7432,2
74684,4.75127,49.73977,2
74685,4.74038,49.74013,2
74686,4.75127,49.73977,2
74687,4.7403,49.74027,2
74688,4.73843,49.74276,2
74689,4.75127,49.73977,2
74690,4.74021,49.74041,2
74691,4.73843,49.74276,2
74692,4.75127,49.73977,2
74693,4.74013,49.74055,2
74694,4.75127,49.73977,2
74695,4.7402,49.74068,2
74696,4.75127,49.73977,2
74697,4.74189,49.73938,2
74698,4.75127,49.73977,2
74699,4.74189,49.73938,2
74700,4.75093,49.73974,2
74701,4.743,49.73998,2
74702,4.74382,49.73736,2
74703,4.74343,49.73763,2
74704,4.75078,49.73968,2
74705,4.743,49.73998,2
74706,4.74343,49.73763,2
74707,4.75108,49.73981,2
74708,4.74326,49.73776,2
74709,4.75123,49.73987,2
74710,4.73843,49.74276,2
74711,4.74308,49.73788,2
74712,4.75156,49.73997,2
74713,4.75173,49.74,2
74714,4.74743,49.73939,2
74715,4.74291,49.73801,2
74716,4.74515,49.73906,2
74717,4.7519,49.74003,2
74718,4.74146,49.73884,2
74719,4.7519,49.74003,2
74720,4.74146,49.73884,2
74721,4.75208,49.74006,2
74722,4.74176,49.73898,2
74723,4.75225,49.74009,2
74724,4.74183,49.73887,2
74725,4.7522,49.73988,2
74726,4.74146,49.73884,2
74727,4.7522,49.73988,2
74728,4.74146,49.73884,2
74729,4.75322,49.74091,2
74730,4.74587,49.74338,2
74731,4.74185,49.73837,2
74732,4.75225,49.74002,2
74733,4.745367,49.743764,2
74734,4.74185,49.73837,2
74735,4.75355,49.74116,2
74736,4.74546,49.74374,2
74737,4.74185,49.73837,2
74738,4.75271,49.74094,2
74739,4.74526,49.74392,2
74740,4.74185,49.73837,2
74741,4.75234,49.74123,2
74742,4.74082,49.74243,2
74743,4.745193,49.743902,2
74744,4.74185,49.73837,2
74745,4.75215,49.74131,2
74746,4.74505,49.7441,2
74747,4.74185,49.73837,2
74748,4.75253,49.74119,2
74749,4.74189,49.73938,2
74750,4.75248,49.74131,2
74751,4.74189,49.73938,2
74752,4.75253,49.74119,2
74753,4.74382,49.73736,2
74754,4.75378,49.74112,2
74755,4.74343,49.73763,2
74756,4.75316,49.74097,2
74757,4.74189,49.73938,2
74758,4.75648,49.74111,2
74759,4.74189,49.73938,2
74760,4.75322,49.74091,2
74761,4.74189,49.73938,2
74762,4.75235,49.74054,2
74763,4.74189,49.73938,2
74764,4.75339,49.74095,2
74765,4.74189,49.73938,2
74766,4.75641,49.74134,2
74767,4.74382,49.73736,2
74768,4.75241,49.73992,2
74769,4.74167,49.73989,2
74770,4.75256,49.73995,2
74771,4.74469,49.73947,2
74772,4.7527,49.73998,2
74773,4.74308,49.73788,2
74774,4.75283,49.74,2
74775,4.74291,49.73801,2
74776,4.74277,49.74001,2
74777,4.75295,49.74002,2
74778,4.74267,49.73831,2
74779,4.75307,49.74003,2
74780,4.74181,49.73969,2
74781,4.75318,49.74005,2
74782,4.74274,49.73989,2
74783,4.7533,49.74007,2
74784,4.75342,49.74009,2
74785,4.74382,49.73736,2
74786,4.75354,49.7401,2
74787,4.74214,49.73913,2
74788,4.75366,49.74012,2
74789,4.74224,49.73896,2
74790,4.75378,49.74014,2
74791,4.74203,49.73932,2
74792,4.75378,49.74014,2
74793,4.74308,49.73788,2
74794,4.74666,49.74359,2
74795,4.75402,49.74017,2
74796,4.74644,49.74397,2
74797,4.75426,49.74021,2
74798,4.74189,49.73938,2
74799,4.74626,49.74429,2
74800,4.75437,49.74023,2
74801,4.74189,49.73938,2
74802,4.75414,49.74019,2
74803,4.75462,49.74048,2
74804,4.74189,49.73938,2
74805,4.75414,49.74019,2
74806,4.754312,49.734476,2
74807,4.75414,49.74019,2
74808,4.74291,49.73801,2
74809,4.836957,49.26818,2
74810,4.79972,49.27319,2
74811,4.806733,49.264932,2
74812,4.860155,49.265331,2
74813,4.84064,49.26836,2
74814,4.83169,49.26673,2
74815,4.83009,49.26876,2
74816,4.83009,49.26876,2
74817,4.83009,49.26876,2
74818,4.83009,49.26876,2
74819,4.83009,49.26876,2
74820,4.83009,49.26876,2
74821,4.83009,49.26876,2
74822,4.83009,49.26876,2
74823,4.83502,49.267879,2
74824,4.83009,49.26876,2
74825,4.835283,49.267919,2
74826,4.835241,49.267911,2
74827,4.835546,49.267958,2
74828,4.836333,49.268059,2
74829,4.836333,49.268059,2
74830,4.836333,49.268059,2
74831,4.836929,49.268172,2
74832,4.836929,49.268172,2
74833,4.837507,49.268187,2
74834,4.83852,49.268103,2
74835,4.838424,49.268114,2
74836,4.838438,49.268114,2
74837,4.83878,49.26822,2
74838,4.838438,49.268114,2
74839,4.83878,49.26822,2
74840,4.83852,49.26811,2
74841,4.838816,49.269679,2
74842,4.83847,49.268769,2
74843,4.838474,49.270549,2
74844,4.83872,49.269959,2
74845,4.83865,49.27,2
74846,4.83554,49.26805,2
74847,4.83865,49.27,2
74848,4.83878,49.26822,2
74849,4.83878,49.26822,2
74850,4.83878,49.26822,2
74851,4.83878,49.26822,2
74852,4.83852,49.26811,2
74853,4.838724,49.267784,2
74854,4.83852,49.26811,2
74855,4.83852,49.26811,2
74856,4.83791,49.2676,2
74857,4.83791,49.2676,2
74858,4.83791,49.2676,2
74859,4.83791,49.2676,2
74860,4.836654,49.267306,2
74861,4.83709,49.26738,2
74862,4.836363,49.267249,2
74863,4.83705,49.26709,2
74864,4.83791,49.2676,2
74865,4.83791,49.2676,2
74866,4.83791,49.2676,2
74867,4.83878,49.26822,2
74868,4.839383,49.264957,2
74869,4.839,49.26481,2
74870,4.839,49.26481,2
74871,4.839,49.26481,2
74872,4.839,49.26481,2
74873,4.838293,49.264018,2
74874,4.83342,49.267472,2
74875,4.83241,49.267026,2
74876,4.830606,49.266937,2
74877,4.83009,49.26876,2
74878,4.83043,49.26024,2
74879,4.79972,49.27319,2
74880,4.787783,49.273374,2
74881,4.806733,49.264932,2
74882,4.80868,49.26681,2
74883,4.79972,49.27319,2
74884,4.83009,49.26876,2
74885,4.83878,49.26822,2
74886,4.83847,49.268769,2
74887,4.83847,49.268769,2
74888,4.8383,49.26997,2
74889,4.83878,49.26822,2
74890,4.83791,49.2676,2
74891,4.83791,49.2676,2
74892,4.83169,49.26673,2
74893,4.827995,49.26692,2
74894,4.79972,49.27319,2
74895,4.79972,49.27319,2
74896,4.83009,49.26876,2
74897,4.83791,49.2676,2
74898,4.87458,49.75442,2
74899,4.87675,49.75217,2
74900,4.87675,49.75217,2
74901,4.87468,49.75416,2
74902,4.87604,49.75326,2
74903,4.87604,49.75326,2
74904,4.87736,49.7564,2
74905,4.87888,49.74984,2
74906,4.876921,49.751771,2
74907,4.87888,49.74984,2
74908,4.87697,49.75205,2
74909,4.88727,49.75265,2
74910,4.878596,49.752006,2
74911,4.87697,49.75209,2
74912,4.88727,49.75265,2
74913,4.87697,49.75209,2
74914,4.87697,49.75209,2
74915,4.87697,49.75209,2
74916,4.87793,49.7521,2
74917,4.87697,49.75209,2
74918,4.87721,49.75216,2
74919,4.87698,49.75216,2
74920,4.87675,49.75217,2
74921,4.87657,49.75227,2
74922,4.87649,49.75235,2
74923,4.87529,49.75718,2
74924,4.87644,49.75244,2
74925,4.8764,49.75253,2
74926,4.87715,49.7517,2
74927,4.87715,49.7517,2
74928,4.8765,49.72685,2
74929,4.87715,49.7517,2
74930,4.879,49.74435,2
74931,4.87715,49.7517,2
74932,4.87697,49.75209,2
74933,4.87632,49.75272,2
74934,4.87697,49.75209,2
74935,4.87627,49.75281,2
74936,4.883651,49.76517,2
74937,4.87627,49.75281,2
74938,4.87697,49.75209,2
74939,4.87623,49.7529,2
74940,4.87614,49.75308,2
74941,4.87609,49.75317,2
74942,4.87604,49.75326,2
74943,4.876,49.75335,2
74944,4.87705,49.75167,2
74945,4.87715,49.7517,2
74946,4.8759,49.75354,2
74947,4.8758,49.75372,2
74948,4.87574,49.7538,2
74949,4.87697,49.75209,2
74950,4.87705,49.75167,2
74951,4.87603,49.75293,2
74952,4.87572,49.75352,2
74953,4.87503,49.7538,2
74954,4.87563,49.75399,2
74955,4.87553,49.75391,2
74956,4.87551,49.75409,2
74957,4.87563,49.75399,2
74958,4.87572,49.75388,2
74959,4.87572,49.75388,2
74960,4.8757,49.75397,2
74961,4.87569,49.75406,2
74962,4.87569,49.75406,2
74963,4.87569,49.75406,2
74964,4.87568,49.75422,2
74965,4.87568,49.7543,2
74966,4.87568,49.75437,2
74967,4.87568,49.75437,2
74968,4.87568,49.75444,2
74969,4.87568,49.75452,2
74970,4.8755,49.75427,2
74971,4.8755,49.75432,2
74972,4.8755,49.75442,2
74973,4.8755,49.75437,2
74974,4.8755,49.75447,2
74975,4.8755,49.75447,2
74976,4.87554,49.75497,2
74977,4.87736,49.7564,2
74978,4.8755,49.75461,2
74979,4.8755,49.75473,2
74980,4.8755,49.75485,2
74981,4.87549,49.75492,2
74982,4.87525,49.75524,2
74983,4.87554,49.75497,2
74984,4.87568,49.75464,2
74985,4.87554,49.75497,2
74986,4.87554,49.75497,2
74987,4.87554,49.75497,2
74988,4.87592,49.755,2
74989,4.87587,49.75506,2
74990,4.87578,49.75509,2
74991,4.87567,49.75509,2
74992,4.87525,49.75557,2
74993,4.87507,49.75557,2
74994,4.87509,49.75569,2
74995,4.8751,49.75581,2
74996,4.87511,49.75593,2
74997,4.87528,49.75586,2
74998,4.8753,49.756,2
74999,4.87531,49.75614,2
75000,4.87533,49.75628,2
75001,4.87535,49.75643,2
75002,4.87529,49.75718,2
75003,4.87529,49.75718,2
75004,4.87536,49.75657,2
75005,4.87514,49.75616,2
75006,4.87515,49.75628,2
75007,4.87518,49.75652,2
75008,4.87536,49.75657,2
75009,4.87536,49.75657,2
75010,4.87519,49.75664,2
75011,4.87519,49.75676,2
75012,4.87517,49.75688,2
75013,4.87517,49.75688,2
75014,4.87517,49.75688,2
75015,4.8752,49.75718,2
75016,4.8752,49.75718,2
75017,4.87537,49.75671,2
75018,4.87534,49.757,2
75019,4.87537,49.75715,2
75020,4.875431,49.732468,2
75021,4.87736,49.7564,2
75022,4.87736,49.7564,2
75023,4.87736,49.7564,2
75024,4.87736,49.7564,2
75025,4.87736,49.7564,2
75026,4.87736,49.7564,2
75027,4.87736,49.7564,2
75028,4.87736,49.7564,2
75029,4.87736,49.7564,2
75030,4.87736,49.7564,2
75031,4.87736,49.7564,2
75032,4.87503,49.7538,2
75033,4.87736,49.7564,2
75034,4.87503,49.7538,2
75035,4.87736,49.7564,2
75036,4.87736,49.7564,2
75037,4.87736,49.7564,2
75038,4.87736,49.7564,2
75039,4.87736,49.7564,2
75040,4.88727,49.75265,2
75041,4.87736,49.7564,2
75042,4.87736,49.7564,2
75043,4.87736,49.7564,2
75044,4.87736,49.7564,2
75045,4.87736,49.7564,2
75046,4.87736,49.7564,2
75047,4.87736,49.7564,2
75048,4.87455,49.75405,2
75049,4.87736,49.7564,2
75050,4.87455,49.75405,2
75051,4.87485,49.75525,2
75052,4.87478,49.75504,2
75053,4.87471,49.75483,2
75054,4.87465,49.75462,2
75055,4.87511,49.75424,2
75056,4.87513,49.7543,2
75057,4.87452,49.75423,2
75058,4.87446,49.75406,2
75059,4.8744,49.75389,2
75060,4.87455,49.75405,2
75061,4.87508,49.75529,2
75062,4.87479,49.75449,2
75063,4.87468,49.75416,2
75064,4.87455,49.75405,2
75065,4.87503,49.7538,2
75066,4.87503,49.7538,2
75067,4.87455,49.75405,2
75068,4.87455,49.75405,2
75069,4.87455,49.75405,2
75070,4.87455,49.75405,2
75071,4.870961,49.749039,2
75072,4.87697,49.75209,2
75073,4.87697,49.75209,2
75074,4.875728,49.728967,2
75075,4.875629,49.729472,2
75076,4.875629,49.729472,2
75077,4.87713,49.747077,2
75078,4.88727,49.75265,2
75079,4.87697,49.75209,2
75080,4.87697,49.75209,2
75081,4.892476,49.756952,2
75082,4.903201,49.761739,2
75083,4.903201,49.761739,2
75084,4.903201,49.761739,2
75085,4.87697,49.75209,2
75086,4.87697,49.75209,2
75087,4.87697,49.75209,2
75088,4.87509,49.75569,2
75089,4.875451,49.732306,2
75090,4.853406,49.251198,2
75091,4.852916,49.250993,2
75092,4.849711,49.249487,2
75093,4.845836,49.239285,2
75094,4.836661,49.236078,2
75095,4.860109,49.238635,2
75096,4.861671,49.238018,2
75097,4.8601,49.23858,2
75098,4.861718,49.238682,2
75099,4.85201,49.25052,2
75100,4.857164,49.252216,2
75101,4.857164,49.252216,2
75102,4.855602,49.252294,2
75103,4.855602,49.252294,2
75104,4.855,49.25148,2
75105,4.855602,49.252294,2
75106,4.855602,49.252294,2
75107,4.857641,49.252152,2
75108,4.855,49.25148,2
75109,4.855,49.25148,2
75110,4.855,49.25148,2
75111,4.855,49.25148,2
75112,4.855,49.25148,2
75113,4.855,49.25148,2
75114,4.854509,49.252119,2
75115,4.855,49.25148,2
75116,4.855,49.25148,2
75117,4.855,49.25148,2
75118,4.855,49.25148,2
75119,4.855,49.25148,2
75120,4.855,49.25148,2
75121,4.855,49.25148,2
75122,4.853364,49.251181,2
75123,4.853406,49.251198,2
75124,4.853084,49.251061,2
75125,4.849961,49.249536,2
75126,4.85201,49.25052,2
75127,4.849711,49.249487,2
75128,4.855,49.25148,2
75129,4.855,49.25148,2
75130,4.855,49.25148,2
75131,4.855,49.25148,2
75132,4.855106,49.250866,2
75133,4.854523,49.250159,2
75134,4.854523,49.250159,2
75135,4.854523,49.250159,2
75136,4.854523,49.250159,2
75137,4.854502,49.250295,2
75138,4.860609,49.238463,2
75139,4.861604,49.237489,2
75140,4.86183,49.237062,2
75141,4.862174,49.236794,2
75142,4.862266,49.236702,2
75143,4.88943,49.70602,2
75144,4.88943,49.70602,2
75145,4.88943,49.70602,2
75146,4.88943,49.70602,2
75147,4.88727,49.70951,2
75148,4.88727,49.70951,2
75149,4.88757,49.74114,2
75150,4.88757,49.74114,2
75151,4.89047,49.72766,2
75152,4.89038,49.73672,2
75153,4.89038,49.73672,2
75154,4.89038,49.73672,2
75155,4.89047,49.72766,2
75156,4.89047,49.72766,2
75157,4.89047,49.72766,2
75158,4.89047,49.72766,2
75159,4.88943,49.70602,2
75160,4.89047,49.72766,2
75161,4.89047,49.72766,2
75162,4.89047,49.72766,2
75163,4.88943,49.70602,2
75164,4.88943,49.70602,2
75165,4.88943,49.70602,2
75166,4.88943,49.70602,2
75167,4.88943,49.70602,2
75168,4.88943,49.70602,2
75169,4.88943,49.70602,2
75170,4.88727,49.70951,2
75171,4.88943,49.70602,2
75172,4.878385,49.709162,2
75173,4.879243,49.709135,2
75174,4.872838,49.702926,2
75175,4.869666,49.291109,2
75176,4.857823,49.292014,2
75177,4.85781,49.29173,2
75178,4.85863,49.29556,2
75179,4.85863,49.29556,2
75180,4.86032,49.29957,2
75181,4.86032,49.29957,2
75182,4.858092,49.292179,2
75183,4.862166,49.298439,2
75184,4.86037,49.29963,2
75185,4.862166,49.298439,2
75186,4.85863,49.29556,2
75187,4.85863,49.29556,2
75188,4.86082,49.29941,2
75189,4.86103,49.29927,2
75190,4.86114,49.2992,2
75191,4.86108,49.29908,2
75192,4.86093,49.29934,2
75193,4.86124,49.29914,2
75194,4.86073,49.2993,2
75195,4.86032,49.29957,2
75196,4.86028,49.29963,2
75197,4.86063,49.29951,2
75198,4.86027,49.29954,2
75199,4.86011,49.29975,2
75200,4.86032,49.29957,2
75201,4.8627,49.29792,2
75202,4.86032,49.29957,2
75203,4.86032,49.29957,2
75204,4.86032,49.29957,2
75205,4.86032,49.29957,2
75206,4.86032,49.29957,2
75207,4.86032,49.29957,2
75208,4.86032,49.29957,2
75209,4.86032,49.29957,2
75210,4.86032,49.29957,2
75211,4.86032,49.29957,2
75212,4.87214,49.27435,2
75213,4.8728,49.27491,2
75214,4.87597,49.2744,2
75215,4.87831,49.27615,2
75216,4.870872,49.27236,2
75217,4.87226,49.27438,2
75218,4.87257,49.27473,2
75219,4.87337,49.27393,2
75220,4.87575,49.27472,2
75221,4.87312,49.27508,2
75222,4.87366,49.27363,2
75223,4.87277,49.27452,2
75224,4.87287,49.27478,2
75225,4.87337,49.27521,2
75226,4.87312,49.27508,2
75227,4.87312,49.27508,2
75228,4.87407,49.27527,2
75229,4.87312,49.27508,2
75230,4.87451,49.27544,2
75231,4.87439,49.2753,2
75232,4.8747,49.27534,2
75233,4.87501,49.27537,2
75234,4.87226,49.27438,2
75235,4.87559,49.27521,2
75236,4.875262,49.275305,2
75237,4.8761,49.27449,2
75238,4.87586,49.27456,2
75239,4.87594,49.27473,2
75240,4.87718,49.27365,2
75241,4.87653,49.27436,2
75242,4.8765,49.27425,2
75243,4.87226,49.27438,2
75244,4.87576,49.27483,2
75245,4.87501,49.27537,2
75246,4.87501,49.27537,2
75247,4.47919,49.53784,2
75248,4.47947,49.53772,2
75249,4.47947,49.53772,2
75250,4.48018,49.53784,2
75251,4.48073,49.53837,2
75252,4.48074,49.5381,2
75253,4.47467,49.52364,2
75254,4.47956,49.53873,2
75255,4.47467,49.52364,2
75256,4.478718,49.536228,2
75257,4.47905,49.53599,2
75258,4.47977,49.53568,2
75259,4.478436,49.535101,2
75260,4.48095,49.53523,2
75261,4.47862,49.53587,2
75262,4.48393,49.53803,2
75263,4.47862,49.53587,2
75264,4.48393,49.53803,2
75265,4.478377,49.535345,2
75266,4.478377,49.535345,2
75267,4.478263,49.534924,2
75268,4.478263,49.534924,2
75269,4.478263,49.534924,2
75270,4.478322,49.53469,2
75271,4.478046,49.53403,2
75272,4.478046,49.53403,2
75273,4.478039,49.533536,2
75274,4.478023,49.533491,2
75275,4.47792,49.533008,2
75276,4.478051,49.533499,2
75277,4.478051,49.533499,2
75278,4.477798,49.532399,2
75279,4.476096,49.525358,2
75280,4.477784,49.532399,2
75281,4.477799,49.532417,2
75282,4.477598,49.531576,2
75283,4.477598,49.531576,2
75284,4.477598,49.531585,2
75285,4.477598,49.531585,2
75286,4.477416,49.530851,2
75287,4.477416,49.530851,2
75288,4.477416,49.530851,2
75289,4.477416,49.530851,2
75290,4.477283,49.530305,2
75291,4.477283,49.530305,2
75292,4.477283,49.530305,2
75293,4.477197,49.529921,2
75294,4.477197,49.529921,2
75295,4.477197,49.529921,2
75296,4.477197,49.529921,2
75297,4.477013,49.529151,2
75298,4.477013,49.529151,2
75299,4.477098,49.529527,2
75300,4.476931,49.528838,2
75301,4.368573,49.519847,2
75302,4.476931,49.528838,2
75303,4.476979,49.52899,2
75304,4.477013,49.529151,2
75305,4.477013,49.529151,2
75306,4.477013,49.529151,2
75307,4.477013,49.529151,2
75308,4.476845,49.528435,2
75309,4.476395,49.527248,2
75310,4.477643,49.52276,2
75311,4.476845,49.528435,2
75312,4.476845,49.528435,2
75313,4.476757,49.528634,2
75314,4.476847,49.528471,2
75315,4.476847,49.528471,2
75316,4.47476,49.5236,2
75317,4.476913,49.528731,2
75318,4.476757,49.528634,2
75319,4.47698,49.52835,2
75320,4.47737,49.52826,2
75321,4.47776,49.52816,2
75322,4.47814,49.52806,2
75323,4.476814,49.528346,2
75324,4.476814,49.528337,2
75325,4.476163,49.526318,2
75326,4.476195,49.526407,2
75327,4.476647,49.527648,2
75328,4.476295,49.526828,2
75329,4.476312,49.526908,2
75330,4.476331,49.527016,2
75331,4.476362,49.527105,2
75332,4.476395,49.527248,2
75333,4.476515,49.527147,2
75334,4.476497,49.52704,2
75335,4.476479,49.526941,2
75336,4.477499,49.5312,2
75337,4.48393,49.53803,2
75338,4.476464,49.527561,2
75339,4.476514,49.527776,2
75340,4.476532,49.527875,2
75341,4.476614,49.527532,2
75342,4.475892,49.526421,2
75343,4.475944,49.526349,2
75344,4.476314,49.526297,2
75345,4.476314,49.526297,2
75346,4.476314,49.526297,2
75347,4.476264,49.526082,2
75348,4.476264,49.526082,2
75349,4.476264,49.526082,2
75350,4.47623,49.525921,2
75351,4.476127,49.526121,2
75352,4.476078,49.525924,2
75353,4.476095,49.525996,2
75354,4.476045,49.52579,2
75355,4.47596,49.52476,2
75356,4.476045,49.52579,2
75357,4.476045,49.525799,2
75358,4.478761,49.536596,2
75359,4.476009,49.525602,2
75360,4.476009,49.525602,2
75361,4.476009,49.525602,2
75362,4.476162,49.525635,2
75363,4.476129,49.525501,2
75364,4.475975,49.52545,2
75365,4.47857,49.53778,2
75366,4.476096,49.525376,2
75367,4.476096,49.525376,2
75368,4.476096,49.525376,2
75369,4.476096,49.525376,2
75370,4.47608,49.525304,2
75371,4.48393,49.53803,2
75372,4.47467,49.52364,2
75373,4.47596,49.525405,2
75374,4.475884,49.524921,2
75375,4.475884,49.524921,2
75376,4.476247,49.526667,2
75377,4.475925,49.524911,2
75378,4.476532,49.527866,2
75379,4.475884,49.524921,2
75380,4.448256,49.537438,2
75381,4.475884,49.524921,2
75382,4.475862,49.526701,2
75383,4.475884,49.524921,2
75384,4.475861,49.526674,2
75385,4.476016,49.524775,2
75386,4.475963,49.52483,2
75387,4.475763,49.524663,2
75388,4.47679,49.52857,2
75389,4.47599,49.52439,2
75390,4.476797,49.528265,2
75391,4.47594,49.52466,2
75392,4.47596,49.52476,2
75393,4.47596,49.52476,2
75394,4.475975,49.524776,2
75395,4.475884,49.524921,2
75396,4.475884,49.524921,2
75397,4.47414,49.52476,2
75398,4.47411,49.52476,2
75399,4.47408,49.52476,2
75400,4.48095,49.53523,2
75401,4.47405,49.52476,2
75402,4.474,49.52476,2
75403,4.47402,49.52476,2
75404,4.47402,49.52476,2
75405,4.474632,49.524692,2
75406,4.47402,49.52476,2
75407,4.47402,49.52476,2
75408,4.47402,49.52476,2
75409,4.47402,49.52476,2
75410,4.47373,49.52476,2
75411,4.47322,49.52477,2
75412,4.47271,49.52477,2
75413,4.4722,49.52478,2
75414,4.47169,49.52478,2
75415,4.474632,49.524692,2
75416,4.47299,49.52678,2
75417,4.47299,49.52678,2
75418,4.47299,49.52678,2
75419,4.478038,49.533518,2
75420,4.47299,49.52678,2
75421,4.47299,49.52678,2
75422,4.47299,49.52678,2
75423,4.477798,49.532399,2
75424,4.47299,49.52678,2
75425,4.47119,49.52479,2
75426,4.47072,49.5248,2
75427,4.47299,49.52678,2
75428,4.47024,49.52481,2
75429,4.47857,49.53778,2
75430,4.475975,49.524776,2
75431,4.475975,49.524776,2
75432,4.4759,49.52384,2
75433,4.47538,49.52376,2
75434,4.47573,49.52381,2
75435,4.47538,49.52376,2
75436,4.47538,49.52376,2
75437,4.47538,49.52376,2
75438,4.47396,49.52353,2
75439,4.47432,49.52359,2
75440,4.47432,49.52359,2
75441,4.47414,49.52356,2
75442,4.47476,49.5236,2
75443,4.47467,49.52364,2
75444,4.47502,49.5237,2
75445,4.47485,49.52367,2
75446,4.4752,49.52373,2
75447,4.48313,49.53817,2
75448,4.4752,49.52373,2
75449,4.48393,49.53803,2
75450,4.4752,49.52373,2
75451,4.48393,49.53803,2
75452,4.4752,49.52373,2
75453,4.4752,49.52373,2
75454,4.47809,49.52315,2
75455,4.47809,49.52315,2
75456,4.47809,49.52315,2
75457,4.47809,49.52315,2
75458,4.47809,49.52315,2
75459,4.47809,49.52315,2
75460,4.47809,49.52315,2
75461,4.47809,49.52315,2
75462,4.47809,49.52315,2
75463,4.47809,49.52315,2
75464,4.47802,49.52359,2
75465,4.47831,49.52394,2
75466,4.47809,49.52315,2
75467,4.47809,49.52315,2
75468,4.47809,49.52315,2
75469,4.47809,49.52315,2
75470,4.47809,49.52315,2
75471,4.47809,49.52315,2
75472,4.47809,49.52315,2
75473,4.47809,49.52315,2
75474,4.478782,49.536443,2
75475,4.48367,49.53809,2
75476,4.47857,49.53778,2
75477,4.48367,49.53809,2
75478,4.478337,49.534716,2
75479,4.478784,49.536829,2
75480,4.48313,49.53817,2
75481,4.476448,49.528829,2
75482,4.47299,49.52678,2
75483,4.47809,49.52315,2
75484,4.476665,49.527756,2
75485,4.474632,49.524692,2
75486,4.47299,49.52678,2
75487,4.47857,49.53778,2
75488,4.47573,49.52381,2
75489,4.47538,49.52376,2
75490,4.48484,49.53946,2
75491,4.48459,49.53861,2
75492,4.47669,49.53842,2
75493,4.477064,49.529366,2
75494,4.476845,49.528435,2
75495,4.47653,49.527821,2
75496,4.476314,49.526297,2
75497,4.476129,49.525501,2
75498,4.47603,49.524775,2
75499,4.47476,49.5236,2
75500,4.47432,49.52359,2
75501,4.47809,49.52315,2
75502,4.47809,49.52315,2
75503,4.477784,49.532399,2
75504,4.478337,49.534716,2
75505,4.47956,49.53873,2
75506,4.47299,49.52678,2
75507,4.478138,49.533929,2
75508,4.47857,49.53778,2
75509,4.478204,49.534171,2
75510,4.476649,49.527702,2
75511,4.47679,49.52857,2
75512,4.478169,49.53401,2
75513,4.4785,49.535324,2
75514,4.363518,49.514532,2
75515,4.47538,49.52376,2
75516,4.478756,49.536488,2
75517,4.48476,49.53857,2
75518,4.48476,49.53857,2
75519,4.48461,49.53804,2
75520,4.48393,49.538,2
75521,4.48393,49.538,2
75522,4.48447,49.53813,2
75523,4.48191,49.53839,2
75524,4.48386,49.53814,2
75525,4.48191,49.53839,2
75526,4.476045,49.52579,2
75527,4.48315,49.53829,2
75528,4.48236,49.53844,2
75529,4.47956,49.53873,2
75530,4.4815,49.53857,2
75531,4.448367,49.537454,2
75532,4.4815,49.53857,2
75533,4.48135,49.53847,2
75534,4.48091,49.53864,2
75535,4.478485,49.53528,2
75536,4.47956,49.53873,2
75537,4.48054,49.53869,2
75538,4.48054,49.53869,2
75539,4.48094,49.53852,2
75540,4.48069,49.53855,2
75541,4.48045,49.53858,2
75542,4.48045,49.53858,2
75543,4.47956,49.53873,2
75544,4.47995,49.53875,2
75545,4.47956,49.53873,2
75546,4.47956,49.53873,2
75547,4.47956,49.53873,2
75548,4.47956,49.53873,2
75549,4.47956,49.53873,2
75550,4.47953,49.53868,2
75551,4.47953,49.53868,2
75552,4.47953,49.53868,2
75553,4.47826,49.5388,2
75554,4.47733,49.53887,2
75555,4.47915,49.53883,2
75556,4.47856,49.53889,2
75557,4.48095,49.53523,2
75558,4.47819,49.53892,2
75559,4.47782,49.53895,2
75560,4.47745,49.53897,2
75561,4.47708,49.539,2
75562,4.47956,49.53873,2
75563,4.47857,49.53778,2
75564,4.47709,49.53782,2
75565,4.47763,49.53778,2
75566,4.47857,49.53778,2
75567,4.47818,49.53786,2
75568,4.47863,49.53784,2
75569,4.47816,49.53774,2
75570,4.47816,49.53774,2
75571,4.47816,49.53774,2
75572,4.47816,49.53774,2
75573,4.4785,49.53784,2
75574,4.92922,49.69888,2
75575,4.92922,49.69888,2
75576,4.92922,49.69888,2
75577,4.92922,49.69888,2
75578,4.92922,49.69888,2
75579,4.92922,49.69888,2
75580,4.92922,49.69888,2
75581,4.92922,49.69888,2
75582,4.92922,49.69888,2
75583,4.92922,49.69888,2
75584,4.92922,49.69888,2
75585,4.92922,49.69888,2
75586,4.92922,49.69888,2
75587,4.92922,49.69888,2
75588,4.92922,49.69888,2
75589,4.92922,49.69888,2
75590,4.92922,49.69888,2
75591,4.92922,49.69888,2
75592,4.92922,49.69888,2
75593,4.92922,49.69888,2
75594,4.93272,49.69971,2
75595,4.92922,49.69888,2
75596,4.92922,49.69888,2
75597,4.92922,49.69888,2
75598,4.93272,49.69971,2
75599,4.92922,49.69888,2
75600,4.92922,49.69888,2
75601,4.92922,49.69888,2
75602,4.92922,49.69888,2
75603,4.92922,49.69888,2
75604,4.92922,49.69888,2
75605,4.92922,49.69888,2
75606,4.92916,49.69747,2
75607,4.92916,49.69747,2
75608,4.93424,49.70115,2
75609,4.92916,49.69747,2
75610,4.92916,49.69747,2
75611,4.92916,49.69747,2
75612,4.93424,49.70115,2
75613,4.92916,49.69747,2
75614,4.93424,49.70115,2
75615,4.92916,49.69747,2
75616,4.92916,49.69747,2
75617,4.92916,49.69747,2
75618,4.92916,49.69747,2
75619,4.92916,49.69747,2
75620,4.92916,49.69747,2
75621,4.92916,49.69747,2
75622,4.92916,49.69747,2
75623,4.92916,49.69747,2
75624,4.93097,49.69642,2
75625,4.92916,49.69747,2
75626,4.93097,49.69642,2
75627,4.92916,49.69747,2
75628,4.933322,49.695841,2
75629,4.92916,49.69747,2
75630,4.93029,49.69574,2
75631,4.92916,49.69747,2
75632,4.92857,49.69832,2
75633,4.93424,49.70115,2
75634,4.92982,49.69626,2
75635,4.92916,49.69747,2
75636,4.92916,49.69747,2
75637,4.92916,49.69747,2
75638,4.92982,49.69626,2
75639,4.92982,49.69626,2
75640,4.92982,49.69626,2
75641,4.92982,49.69626,2
75642,4.92982,49.69626,2
75643,4.92982,49.69626,2
75644,4.92982,49.69626,2
75645,4.92982,49.69626,2
75646,4.92982,49.69626,2
75647,4.92982,49.69626,2
75648,4.92982,49.69626,2
75649,4.93029,49.69574,2
75650,4.92982,49.69626,2
75651,4.92982,49.69626,2
75652,4.92982,49.69626,2
75653,4.92982,49.69626,2
75654,4.92982,49.69626,2
75655,4.92982,49.69626,2
75656,4.92982,49.69626,2
75657,4.92982,49.69626,2
75658,4.92982,49.69626,2
75659,4.92982,49.69626,2
75660,4.92982,49.69626,2
75661,4.92982,49.69626,2
75662,4.93424,49.70115,2
75663,4.93132,49.69734,2
75664,4.93424,49.70115,2
75665,4.93424,49.70115,2
75666,4.93424,49.70115,2
75667,4.93424,49.70115,2
75668,4.93424,49.70115,2
75669,4.93424,49.70115,2
75670,4.93424,49.70115,2
75671,4.93121,49.69704,2
75672,4.93424,49.70115,2
75673,4.93424,49.70115,2
75674,4.93424,49.70115,2
75675,4.93424,49.70115,2
75676,4.93424,49.70115,2
75677,4.93424,49.70115,2
75678,4.93424,49.70115,2
75679,4.93424,49.70115,2
75680,4.93424,49.70115,2
75681,4.93424,49.70115,2
75682,4.93424,49.70115,2
75683,4.93424,49.70115,2
75684,4.93424,49.70115,2
75685,4.93424,49.70115,2
75686,4.93424,49.70115,2
75687,4.93424,49.70115,2
75688,4.93424,49.70115,2
75689,4.93424,49.70115,2
75690,4.93424,49.70115,2
75691,4.93424,49.70115,2
75692,4.93009,49.6958,2
75693,4.93424,49.70115,2
75694,4.93424,49.70115,2
75695,4.93424,49.70115,2
75696,4.93424,49.70115,2
75697,4.93424,49.70115,2
75698,4.93424,49.70115,2
75699,4.93424,49.70115,2
75700,4.93424,49.70115,2
75701,4.93424,49.70115,2
75702,4.93424,49.70115,2
75703,4.93424,49.70115,2
75704,4.93196,49.69874,2
75705,4.93424,49.70115,2
75706,4.93424,49.70115,2
75707,4.93424,49.70115,2
75708,4.93424,49.70115,2
75709,4.93424,49.70115,2
75710,4.93437,49.70105,2
75711,4.93437,49.70105,2
75712,4.93437,49.70105,2
75713,4.93414,49.70098,2
75714,4.93403,49.70095,2
75715,4.93403,49.70095,2
75716,4.93403,49.70095,2
75717,4.93403,49.70095,2
75718,4.93346,49.70072,2
75719,4.93338,49.70059,2
75720,4.93329,49.70047,2
75721,4.93321,49.70035,2
75722,4.93321,49.70035,2
75723,4.93361,49.69963,2
75724,4.93327,49.69918,2
75725,4.93286,49.69972,2
75726,4.93261,49.69928,2
75727,4.93318,49.69841,2
75728,4.93235,49.69897,2
75729,4.93235,49.69897,2
75730,4.93235,49.69897,2
75731,4.93235,49.69897,2
75732,4.93235,49.69897,2
75733,4.93235,49.69897,2
75734,4.93285,49.69849,2
75735,4.93285,49.69849,2
75736,4.93285,49.69849,2
75737,4.93248,49.69937,2
75738,4.93248,49.69937,2
75739,4.93248,49.69937,2
75740,4.93424,49.70115,2
75741,4.93248,49.69937,2
75742,4.93248,49.69937,2
75743,4.93248,49.69937,2
75744,4.93248,49.69937,2
75745,4.93248,49.69937,2
75746,4.93196,49.69874,2
75747,4.93196,49.69874,2
75748,4.93353,49.70084,2
75749,4.93196,49.69874,2
75750,4.93353,49.70084,2
75751,4.93196,49.69874,2
75752,4.93353,49.70084,2
75753,4.93196,49.69874,2
75754,4.93196,49.69874,2
75755,4.93196,49.69874,2
75756,4.93196,49.69874,2
75757,4.93196,49.69874,2
75758,4.93196,49.69874,2
75759,4.93188,49.69863,2
75760,4.93181,49.69851,2
75761,4.93181,49.69851,2
75762,4.93181,49.69851,2
75763,4.93181,49.69851,2
75764,4.93181,49.69851,2
75765,4.93181,49.69851,2
75766,4.93068,49.69567,2
75767,4.93176,49.69839,2
75768,4.93166,49.69816,2
75769,4.93161,49.69804,2
75770,4.93156,49.69792,2
75771,4.93151,49.6978,2
75772,4.93146,49.69768,2
75773,4.93146,49.69768,2
75774,4.93424,49.70115,2
75775,4.93201,49.69853,2
75776,4.93181,49.69806,2
75777,4.93181,49.69806,2
75778,4.93424,49.70115,2
75779,4.93141,49.69706,2
75780,4.93424,49.70115,2
75781,4.93141,49.69756,2
75782,4.93424,49.70115,2
75783,4.93137,49.69745,2
75784,4.93448,49.70108,2
75785,4.93137,49.69745,2
75786,4.93437,49.70105,2
75787,4.93126,49.69737,2
75788,4.93437,49.70105,2
75789,4.93102,49.69747,2
75790,4.93077,49.69757,2
75791,4.93353,49.70084,2
75792,4.93093,49.69764,2
75793,4.9334,49.70034,2
75794,4.93056,49.69779,2
75795,4.93312,49.70023,2
75796,4.93312,49.70023,2
75797,4.93015,49.69791,2
75798,4.93264,49.6986,2
75799,4.93015,49.69791,2
75800,4.93015,49.69791,2
75801,4.9326,49.69954,2
75802,4.93015,49.69791,2
75803,4.93015,49.69791,2
75804,4.9316,49.69606,2
75805,4.93015,49.69791,2
75806,4.93285,49.69849,2
75807,4.93009,49.6981,2
75808,4.93235,49.69897,2
75809,4.93003,49.69828,2
75810,4.9303,49.69798,2
75811,4.9316,49.69606,2
75812,4.93024,49.69837,2
75813,4.93285,49.69849,2
75814,4.92959,49.69822,2
75815,4.93285,49.69849,2
75816,4.92994,49.69842,2
75817,4.93235,49.69897,2
75818,4.92994,49.69842,2
75819,4.93285,49.69849,2
75820,4.93285,49.69849,2
75821,4.93164,49.69898,2
75822,4.93285,49.69849,2
75823,4.92997,49.69884,2
75824,4.93201,49.69853,2
75825,4.92981,49.69911,2
75826,4.93241,49.69928,2
75827,4.92964,49.69938,2
75828,4.93132,49.69734,2
75829,4.93171,49.69828,2
75830,4.93129,49.69724,2
75831,4.93129,49.69724,2
75832,4.93201,49.69853,2
75833,4.93129,49.69724,2
75834,4.93181,49.69806,2
75835,4.93141,49.69706,2
75836,4.93129,49.69724,2
75837,4.93141,49.69756,2
75838,4.93125,49.69714,2
75839,4.93015,49.69791,2
75840,4.93125,49.69714,2
75841,4.93015,49.69847,2
75842,4.93125,49.69714,2
75843,4.93125,49.69714,2
75844,4.93125,49.69714,2
75845,4.93129,49.69724,2
75846,4.93125,49.69714,2
75847,4.93121,49.69704,2
75848,4.93097,49.69642,2
75849,4.93118,49.69694,2
75850,4.92684,49.69443,2
75851,4.93073,49.69582,2
75852,4.93043,49.69571,2
75853,4.93114,49.69685,2
75854,4.93068,49.69567,2
75855,4.93078,49.69522,2
75856,4.93097,49.69642,2
75857,4.9316,49.69606,2
75858,4.93097,49.69642,2
75859,4.93153,49.69519,2
75860,4.93183,49.69476,2
75861,4.93097,49.69642,2
75862,4.93211,49.69445,2
75863,4.93097,49.69642,2
75864,4.93211,49.69445,2
75865,4.93097,49.69642,2
75866,4.93241,49.69416,2
75867,4.93097,49.69642,2
75868,4.93294,49.69362,2
75869,4.93097,49.69642,2
75870,4.93078,49.69522,2
75871,4.93097,49.69642,2
75872,4.93097,49.69642,2
75873,4.92827,49.69878,2
75874,4.93097,49.69642,2
75875,4.93029,49.69574,2
75876,4.93078,49.69522,2
75877,4.93097,49.69642,2
75878,4.93097,49.69642,2
75879,4.93097,49.69642,2
75880,4.92906,49.69766,2
75881,4.93097,49.69642,2
75882,4.9292,49.69706,2
75883,4.93097,49.69642,2
75884,4.93097,49.69642,2
75885,4.93097,49.69642,2
75886,4.93097,49.69642,2
75887,4.93097,49.69642,2
75888,4.93097,49.69642,2
75889,4.93097,49.69642,2
75890,4.92974,49.69605,2
75891,4.93097,49.69642,2
75892,4.92974,49.69605,2
75893,4.93091,49.69627,2
75894,4.93091,49.69627,2
75895,4.93079,49.69597,2
75896,4.93073,49.69582,2
75897,4.93068,49.69567,2
75898,4.93068,49.69567,2
75899,4.93068,49.69567,2
75900,4.93107,49.69577,2
75901,4.93107,49.69577,2
75902,4.93107,49.69577,2
75903,4.9316,49.69606,2
75904,4.93107,49.69577,2
75905,4.93152,49.69612,2
75906,4.93107,49.69577,2
75907,4.93107,49.69577,2
75908,4.93107,49.69577,2
75909,4.93107,49.69577,2
75910,4.93107,49.69577,2
75911,4.93107,49.69577,2
75912,4.9316,49.69606,2
75913,4.93183,49.69476,2
75914,4.93183,49.69476,2
75915,4.93211,49.69445,2
75916,4.93211,49.69445,2
75917,4.93211,49.69445,2
75918,4.93211,49.69445,2
75919,4.9322,49.69435,2
75920,4.9322,49.69435,2
75921,4.9322,49.69435,2
75922,4.93275,49.69388,2
75923,4.93078,49.69522,2
75924,4.93078,49.69522,2
75925,4.93078,49.69522,2
75926,4.93029,49.69574,2
75927,4.93029,49.69574,2
75928,4.93029,49.69574,2
75929,4.93029,49.69574,2
75930,4.93029,49.69574,2
75931,4.93009,49.6958,2
75932,4.93009,49.6958,2
75933,4.93009,49.6958,2
75934,4.93009,49.6958,2
75935,4.92994,49.69603,2
75936,4.93403,49.70095,2
75937,4.92988,49.69614,2
75938,4.92988,49.69614,2
75939,4.92969,49.69653,2
75940,4.92958,49.69672,2
75941,4.92948,49.69691,2
75942,4.92937,49.6971,2
75943,4.92927,49.69729,2
75944,4.93141,49.69706,2
75945,4.92896,49.69782,2
75946,4.93141,49.69706,2
75947,4.92896,49.69782,2
75948,4.9255,49.69821,2
75949,4.92922,49.69888,2
75950,4.92922,49.69888,2
75951,4.92922,49.69888,2
75952,4.92922,49.69888,2
75953,4.92922,49.69888,2
75954,4.92922,49.69888,2
75955,4.92922,49.69888,2
75956,4.92922,49.69888,2
75957,4.92922,49.69888,2
75958,4.92922,49.69888,2
75959,4.92922,49.69888,2
75960,4.92922,49.69888,2
75961,4.92922,49.69888,2
75962,4.92922,49.69888,2
75963,4.92922,49.69888,2
75964,4.92922,49.69888,2
75965,4.92922,49.69888,2
75966,4.92922,49.69888,2
75967,4.93196,49.69874,2
75968,4.92922,49.69888,2
75969,4.92922,49.69888,2
75970,4.93424,49.70115,2
75971,4.92922,49.69888,2
75972,4.93009,49.6958,2
75973,4.93009,49.6958,2
75974,4.92922,49.69888,2
75975,4.92922,49.69888,2
75976,4.92922,49.69888,2
75977,4.92922,49.69888,2
75978,4.92922,49.69888,2
75979,4.92922,49.69888,2
75980,4.92922,49.69888,2
75981,4.92922,49.69888,2
75982,4.92922,49.69888,2
75983,4.92922,49.69888,2
75984,4.92922,49.69888,2
75985,4.92922,49.69888,2
75986,4.92922,49.69888,2
75987,4.92922,49.69888,2
75988,4.92922,49.69888,2
75989,4.92922,49.69888,2
75990,4.92922,49.69888,2
75991,4.92922,49.69888,2
75992,4.92922,49.69888,2
75993,4.92922,49.69888,2
75994,4.92922,49.69888,2
75995,4.92922,49.69888,2
75996,4.92857,49.69832,2
75997,4.92922,49.69888,2
75998,4.92922,49.69888,2
75999,4.92922,49.69888,2
76000,4.92922,49.69888,2
76001,4.75335,49.73049,2
76002,4.75517,49.72515,2
76003,4.75898,49.72081,2
76004,4.75807,49.72081,2
76005,4.75448,49.72291,2
76006,4.75446,49.72838,2
76007,4.75335,49.73049,2
76008,4.75836,49.7251,2
76009,4.75563,49.72464,2
76010,4.75634,49.72249,2
76011,4.75694,49.72246,2
76012,4.75688,49.72151,2
76013,4.75634,49.72249,2
76014,4.75638,49.72238,2
76015,4.75634,49.72249,2
76016,4.75729,49.72061,2
76017,4.75634,49.72249,2
76018,4.75358,49.71887,2
76019,4.75448,49.72291,2
76020,4.751003,49.724031,2
76021,4.309676,49.752657,2
76022,4.309463,49.752167,2
76023,4.303103,49.762672,2
76024,4.303253,49.762597,2
76025,4.304439,49.762443,2
76026,4.301375,49.749873,2
76027,4.316574,49.755338,2
76028,4.20858,49.78975,2
76029,4.20858,49.78975,2
76030,4.20677,49.78873,2
76031,4.226702,49.793033,2
76032,4.68402,49.94724,2
76033,4.65223,49.92833,2
76034,4.64868,49.9302,2
76035,4.68402,49.94724,2
76036,4.64405,49.94189,2
76037,4.68402,49.94724,2
76038,4.68402,49.94724,2
76039,4.68402,49.94724,2
76040,4.64211,49.94167,2
76041,4.65223,49.92833,2
76042,4.651451,49.930926,2
76043,4.651178,49.930132,2
76044,4.64626,49.93006,2
76045,4.64893,49.93067,2
76046,4.64626,49.93006,2
76047,4.64924,49.93152,2
76048,4.64868,49.9302,2
76049,4.64985,49.93003,2
76050,4.64845,49.92981,2
76051,4.64972,49.92878,2
76052,4.74357,49.73974,2
76053,4.75253,49.73999,2
76054,4.75253,49.73999,2
76055,4.74669,49.74251,2
76056,4.73843,49.74276,2
76057,4.73843,49.74276,2
76058,4.74669,49.74251,2
76059,4.74669,49.74251,2
76060,4.73843,49.74276,2
76061,4.73843,49.74276,2
76062,4.73843,49.74276,2
76063,4.75664,49.74117,2
76064,4.7421,49.73887,2
76065,4.74189,49.73938,2
76066,4.74669,49.74251,2
76067,4.74228,49.74189,2
76068,4.74669,49.74251,2
76069,4.743272,49.741685,2
76070,4.74397,49.73591,2
76071,4.74397,49.73591,2
76072,4.7444,49.73857,2
76073,4.75044,49.7393,2
76074,4.75253,49.73999,2
76075,4.75253,49.73999,2
76076,4.7518,49.74234,2
76077,4.74968,49.74354,2
76078,4.74392,49.74369,2
76079,4.74432,49.74386,2
76080,4.74472,49.74402,2
76081,4.7452,49.74423,2
76082,4.74574,49.74446,2
76083,4.74588,49.74318,2
76084,4.74644,49.74232,2
76085,4.7454,49.74441,2
76086,4.74609,49.74425,2
76087,4.74618,49.7441,2
76088,4.74658,49.74339,2
76089,4.73843,49.74276,2
76090,4.73843,49.74276,2
76091,4.756369,49.732557,2
76092,4.73843,49.74276,2
76093,4.83009,49.26876,2
76094,4.83502,49.267879,2
76095,4.83009,49.26876,2
76096,4.83878,49.26822,2
76097,4.83847,49.268769,2
76098,4.838752,49.267793,2
76099,4.837404,49.267479,2
76100,4.85201,49.25052,2
76101,4.839383,49.264957,2
76102,4.83791,49.2676,2
76103,4.79972,49.27319,2
76104,4.83852,49.26811,2
76105,4.8577,49.258677,2
76106,4.87563,49.75399,2
76107,4.87563,49.75399,2
76108,4.87736,49.7564,2
76109,4.87529,49.75718,2
76110,4.87458,49.75442,2
76111,4.87458,49.75442,2
76112,4.87455,49.75405,2
76113,4.87455,49.75405,2
76114,4.87697,49.75209,2
76115,4.87563,49.75399,2
76116,4.87455,49.75405,2
76117,4.87697,49.75209,2
76118,4.859898,49.250289,2
76119,4.85201,49.25052,2
76120,4.854323,49.251413,2
76121,4.855,49.25148,2
76122,4.855997,49.250821,2
76123,4.8601,49.23858,2
76124,4.854461,49.250592,2
76125,4.860265,49.25021,2
76126,4.89047,49.72766,2
76127,4.88943,49.70602,2
76128,4.88943,49.70602,2
76129,4.878385,49.709162,2
76130,4.878577,49.708844,2
76131,4.879243,49.709135,2
76132,4.882535,49.710693,2
76133,4.85781,49.29173,2
76134,4.862583,49.295752,2
76135,4.85863,49.29556,2
76136,4.86032,49.29957,2
76137,4.86027,49.29954,2
76138,4.860309,49.299539,2
76139,4.86032,49.29957,2
76140,4.85509,49.291765,2
76141,4.87321,49.27395,2
76142,4.87321,49.27395,2
76143,4.87312,49.27508,2
76144,4.87533,49.27539,2
76145,4.87576,49.27483,2
76146,4.47956,49.53873,2
76147,4.47953,49.53868,2
76148,4.477799,49.532417,2
76149,4.477971,49.53785,2
76150,4.477598,49.531585,2
76151,4.477799,49.532417,2
76152,4.476415,49.527383,2
76153,4.476045,49.52579,2
76154,4.48393,49.53803,2
76155,4.47273,49.5247,2
76156,4.47476,49.5236,2
76157,4.444767,49.533169,2
76158,4.47623,49.52593,2
76159,4.48367,49.53809,2
76160,4.93424,49.70115,2
76161,4.93311,49.69994,2
76162,4.93311,49.69994,2
76163,4.93311,49.69994,2
76164,4.93311,49.69994,2
76165,4.93327,49.69918,2
76166,4.93235,49.69897,2
76167,4.93285,49.69849,2
76168,4.93201,49.69853,2
76169,4.93264,49.6986,2
76170,4.93097,49.69642,2
76171,4.93805,49.69653,2
76172,4.92857,49.69832,2
76173,4.92857,49.69832,2
76174,4.93424,49.70115,2
76175,4.93424,49.70115,2
76176,4.93424,49.70115,2
76177,4.93424,49.70115,2
76178,4.93424,49.70115,2
76179,4.93365,49.69934,2
76180,4.93235,49.69897,2
76181,4.93235,49.69897,2
76182,4.93248,49.69937,2
76183,4.93125,49.69714,2
76184,4.93275,49.69388,2
76185,4.93078,49.69522,2
76186,4.93078,49.69522,2
76187,4.93002,49.69591,2
76188,4.92674,49.69907,2
76189,4.92922,49.69888,2
76190,4.92922,49.69888,2
76191,4.92922,49.69888,2
76192,4.92922,49.69888,2
76193,4.92922,49.69888,2
76194,4.92922,49.69888,2
76195,4.92922,49.69888,2
76196,4.92922,49.69888,2
76197,4.92922,49.69888,2
76198,4.92916,49.69747,2
76199,4.92916,49.69747,2
76200,4.92989,49.69581,2
76201,4.93078,49.69522,2
76202,4.94393,49.70238,2
