"ID","Longitude","Latitude","ServiceTime (min)"
40555,4.332531,49.841971,2
40556,4.32982,49.84255,2
40557,4.329435,49.839165,2
40558,4.329183,49.838756,2
40559,4.329435,49.839165,2
40560,4.329507,49.839236,2
40561,4.329507,49.839236,2
40562,4.33081,49.83987,2
40563,4.33041,49.83948,2
40564,4.331444,49.840102,2
40565,4.332,49.83847,2
40566,4.33125,49.83901,2
40567,4.3366,49.83745,2
40568,4.33666,49.83756,2
40569,4.330835,49.839807,2
40570,4.33166,49.84034,2
40571,4.332158,49.841321,2
40572,4.332255,49.840601,2
40573,4.332271,49.841724,2
40574,4.329777,49.842582,2
40575,4.32872,49.84305,2
40576,4.33014,49.84221,2
40577,4.32981,49.842,2
40578,4.32959,49.84172,2
40579,4.32975,49.84214,2
40580,4.32922,49.84117,2
40581,4.32918,49.84147,2
40582,4.33081,49.83987,2
40583,4.32965,49.84067,2
40584,4.32975,49.84038,2
40585,4.33106,49.839884,2
40586,4.33081,49.83987,2
40587,4.329681,49.839422,2
40588,4.33047,49.83983,2
40589,4.33081,49.83987,2
40590,4.332255,49.840601,2
40591,4.32951,49.841445,2
40592,4.33081,49.83987,2
40593,4.72354,49.74286,2
40594,4.72308,49.7398,2
40595,4.71444,49.74139,2
40596,4.72354,49.74286,2
40597,4.72355,49.74302,2
40598,4.71444,49.74139,2
40599,4.72355,49.74302,2
40600,4.72329,49.73994,2
40601,4.72355,49.74302,2
40602,4.71444,49.74139,2
40603,4.72355,49.74302,2
40604,4.72355,49.74302,2
40605,4.71905,49.74021,2
40606,4.71444,49.74139,2
40607,4.72355,49.74302,2
40608,4.72355,49.74302,2
40609,4.71444,49.74139,2
40610,4.72355,49.74302,2
40611,4.70418,49.73803,2
40612,4.72355,49.74302,2
40613,4.71444,49.74139,2
40614,4.72355,49.74302,2
40615,4.71815,49.73882,2
40616,4.72355,49.74319,2
40617,4.706052,49.739337,2
40618,4.71444,49.74139,2
40619,4.72355,49.74319,2
40620,4.706052,49.739337,2
40621,4.72355,49.74319,2
40622,4.71444,49.74139,2
40623,4.72355,49.74319,2
40624,4.70418,49.73803,2
40625,4.72355,49.74319,2
40626,4.70418,49.73803,2
40627,4.71492,49.74092,2
40628,4.72355,49.74319,2
40629,4.70418,49.73803,2
40630,4.72355,49.74319,2
40631,4.71815,49.73882,2
40632,4.71492,49.74092,2
40633,4.72355,49.74319,2
40634,4.70418,49.73803,2
40635,4.72355,49.74319,2
40636,4.70418,49.73803,2
40637,4.71492,49.74092,2
40638,4.72355,49.74319,2
40639,4.70418,49.73803,2
40640,4.72364,49.74333,2
40641,4.70418,49.73803,2
40642,4.71492,49.74092,2
40643,4.72364,49.74333,2
40644,4.70418,49.73803,2
40645,4.72364,49.74333,2
40646,4.70418,49.73803,2
40647,4.71511,49.74101,2
40648,4.72364,49.74333,2
40649,4.72364,49.74333,2
40650,4.71815,49.73882,2
40651,4.71511,49.74101,2
40652,4.72364,49.74333,2
40653,4.72364,49.74333,2
40654,4.70418,49.73803,2
40655,4.71511,49.74101,2
40656,4.72364,49.74333,2
40657,4.72364,49.74333,2
40658,4.71511,49.74101,2
40659,4.72364,49.74333,2
40660,4.72384,49.74343,2
40661,4.71511,49.74101,2
40662,4.72384,49.74343,2
40663,4.72384,49.74343,2
40664,4.70418,49.73803,2
40665,4.71511,49.74101,2
40666,4.72384,49.74343,2
40667,4.70418,49.73803,2
40668,4.72384,49.74343,2
40669,4.71511,49.74101,2
40670,4.72384,49.74343,2
40671,4.72384,49.74343,2
40672,4.71511,49.74101,2
40673,4.72384,49.74343,2
40674,4.72384,49.74343,2
40675,4.71511,49.74101,2
40676,4.72384,49.74343,2
40677,4.70465,49.73747,2
40678,4.72405,49.74353,2
40679,4.70465,49.73747,2
40680,4.71511,49.74101,2
40681,4.72405,49.74353,2
40682,4.70465,49.73747,2
40683,4.72405,49.74353,2
40684,4.71511,49.74101,2
40685,4.72405,49.74353,2
40686,4.72405,49.74353,2
40687,4.71495,49.74153,2
40688,4.72405,49.74353,2
40689,4.70465,49.73747,2
40690,4.72405,49.74353,2
40691,4.71495,49.74153,2
40692,4.72405,49.74353,2
40693,4.71815,49.73882,2
40694,4.72405,49.74353,2
40695,4.71495,49.74153,2
40696,4.72405,49.74353,2
40697,4.70418,49.73803,2
40698,4.72426,49.74362,2
40699,4.70706,49.73849,2
40700,4.71495,49.74153,2
40701,4.72426,49.74362,2
40702,4.72426,49.74362,2
40703,4.70236,49.73859,2
40704,4.71495,49.74153,2
40705,4.72426,49.74362,2
40706,4.72426,49.74362,2
40707,4.71495,49.74153,2
40708,4.72426,49.74362,2
40709,4.72426,49.74362,2
40710,4.71495,49.74153,2
40711,4.72426,49.74362,2
40712,4.72426,49.74362,2
40713,4.71495,49.74153,2
40714,4.72426,49.74362,2
40715,4.70236,49.73859,2
40716,4.72448,49.74371,2
40717,4.71495,49.74153,2
40718,4.72448,49.74371,2
40719,4.72448,49.74371,2
40720,4.71577,49.74137,2
40721,4.72448,49.74371,2
40722,4.71815,49.73882,2
40723,4.72448,49.74371,2
40724,4.71577,49.74137,2
40725,4.72448,49.74371,2
40726,4.72448,49.74371,2
40727,4.71577,49.74137,2
40728,4.72448,49.74371,2
40729,4.72448,49.74371,2
40730,4.71905,49.74021,2
40731,4.71577,49.74137,2
40732,4.72448,49.74371,2
40733,4.72559,49.74136,2
40734,4.71577,49.74137,2
40735,4.72559,49.74136,2
40736,4.71745,49.73999,2
40737,4.72559,49.74136,2
40738,4.71795,49.73975,2
40739,4.71518,49.74138,2
40740,4.72559,49.74136,2
40741,4.72559,49.74136,2
40742,4.71518,49.74138,2
40743,4.72559,49.74136,2
40744,4.71893,49.73957,2
40745,4.72559,49.74136,2
40746,4.71518,49.74138,2
40747,4.72559,49.74136,2
40748,4.71893,49.73957,2
40749,4.72559,49.74136,2
40750,4.71893,49.73957,2
40751,4.71518,49.74138,2
40752,4.72559,49.74136,2
40753,4.71877,49.73992,2
40754,4.72559,49.74136,2
40755,4.71729,49.73943,2
40756,4.72559,49.74136,2
40757,4.72559,49.74136,2
40758,4.71747,49.73943,2
40759,4.72559,49.74136,2
40760,4.72559,49.74136,2
40761,4.71765,49.73943,2
40762,4.72559,49.74136,2
40763,4.72559,49.74136,2
40764,4.71784,49.73943,2
40765,4.72559,49.74136,2
40766,4.72559,49.74136,2
40767,4.71803,49.73948,2
40768,4.72559,49.74136,2
40769,4.70236,49.73859,2
40770,4.72559,49.74136,2
40771,4.7181,49.73954,2
40772,4.72559,49.74136,2
40773,4.72559,49.74136,2
40774,4.71803,49.73949,2
40775,4.72559,49.74136,2
40776,4.72559,49.74136,2
40777,4.71808,49.73943,2
40778,4.72559,49.74136,2
40779,4.72559,49.74136,2
40780,4.71813,49.73938,2
40781,4.72559,49.74136,2
40782,4.72559,49.74136,2
40783,4.71818,49.73932,2
40784,4.72559,49.74136,2
40785,4.72559,49.74136,2
40786,4.71823,49.73927,2
40787,4.72559,49.74136,2
40788,4.72559,49.74136,2
40789,4.71829,49.73921,2
40790,4.72559,49.74136,2
40791,4.72559,49.74136,2
40792,4.71832,49.7391,2
40793,4.72559,49.74136,2
40794,4.72559,49.74136,2
40795,4.71832,49.73901,2
40796,4.72559,49.74136,2
40797,4.72559,49.74136,2
40798,4.71831,49.73923,2
40799,4.72559,49.74136,2
40800,4.72559,49.74136,2
40801,4.7182,49.73906,2
40802,4.72559,49.74136,2
40803,4.72559,49.74136,2
40804,4.71811,49.73892,2
40805,4.72559,49.74136,2
40806,4.72559,49.74136,2
40807,4.71802,49.73879,2
40808,4.72559,49.74136,2
40809,4.72559,49.74136,2
40810,4.71793,49.7387,2
40811,4.72559,49.74136,2
40812,4.72559,49.74136,2
40813,4.71785,49.73857,2
40814,4.72559,49.74136,2
40815,4.72559,49.74136,2
40816,4.71776,49.73845,2
40817,4.72559,49.74136,2
40818,4.72559,49.74136,2
40819,4.71771,49.7384,2
40820,4.72559,49.74136,2
40821,4.72559,49.74136,2
40822,4.71754,49.73858,2
40823,4.72559,49.74136,2
40824,4.72559,49.74136,2
40825,4.71744,49.73861,2
40826,4.72559,49.74136,2
40827,4.72563,49.74166,2
40828,4.71733,49.73864,2
40829,4.72563,49.74166,2
40830,4.72563,49.74166,2
40831,4.71725,49.73867,2
40832,4.72563,49.74166,2
40833,4.72563,49.74166,2
40834,4.71717,49.73869,2
40835,4.72563,49.74166,2
40836,4.72563,49.74166,2
40837,4.71709,49.73871,2
40838,4.72563,49.74166,2
40839,4.72563,49.74166,2
40840,4.71702,49.73874,2
40841,4.72563,49.74166,2
40842,4.72563,49.74166,2
40843,4.71694,49.73876,2
40844,4.72563,49.74166,2
40845,4.72563,49.74166,2
40846,4.71686,49.73879,2
40847,4.72563,49.74166,2
40848,4.72563,49.74166,2
40849,4.71678,49.73881,2
40850,4.72563,49.74166,2
40851,4.72563,49.74166,2
40852,4.71671,49.73884,2
40853,4.72563,49.74166,2
40854,4.72563,49.74166,2
40855,4.71664,49.73887,2
40856,4.72563,49.74166,2
40857,4.72563,49.74166,2
40858,4.71662,49.73893,2
40859,4.72563,49.74166,2
40860,4.72563,49.74166,2
40861,4.71662,49.73898,2
40862,4.72563,49.74166,2
40863,4.72563,49.74166,2
40864,4.71661,49.73904,2
40865,4.72563,49.74166,2
40866,4.72563,49.74166,2
40867,4.7166,49.73909,2
40868,4.72563,49.74166,2
40869,4.72534,49.74113,2
40870,4.71659,49.73915,2
40871,4.72534,49.74113,2
40872,4.72534,49.74113,2
40873,4.71654,49.73926,2
40874,4.72534,49.74113,2
40875,4.72534,49.74113,2
40876,4.71654,49.73938,2
40877,4.72534,49.74113,2
40878,4.72534,49.74113,2
40879,4.71654,49.73946,2
40880,4.72534,49.74113,2
40881,4.72534,49.74113,2
40882,4.71654,49.73952,2
40883,4.72534,49.74113,2
40884,4.72534,49.74113,2
40885,4.71697,49.73955,2
40886,4.72534,49.74113,2
40887,4.72534,49.74113,2
40888,4.70418,49.73803,2
40889,4.71697,49.73951,2
40890,4.72534,49.74113,2
40891,4.70418,49.73803,2
40892,4.72534,49.74113,2
40893,4.70418,49.73803,2
40894,4.71699,49.73944,2
40895,4.72534,49.74113,2
40896,4.72534,49.74113,2
40897,4.71701,49.73935,2
40898,4.72534,49.74113,2
40899,4.72534,49.74113,2
40900,4.71703,49.73927,2
40901,4.72534,49.74113,2
40902,4.72534,49.74113,2
40903,4.71705,49.73918,2
40904,4.72534,49.74113,2
40905,4.72534,49.74113,2
40906,4.71712,49.73908,2
40907,4.72534,49.74113,2
40908,4.72534,49.74113,2
40909,4.71719,49.73901,2
40910,4.72534,49.74113,2
40911,4.72534,49.74113,2
40912,4.71727,49.73894,2
40913,4.72534,49.74113,2
40914,4.72534,49.74113,2
40915,4.71734,49.73887,2
40916,4.72534,49.74113,2
40917,4.72534,49.74113,2
40918,4.71421,49.73977,2
40919,4.72534,49.74113,2
40920,4.72534,49.74113,2
40921,4.71412,49.73978,2
40922,4.72534,49.74113,2
40923,4.72534,49.74113,2
40924,4.71402,49.73978,2
40925,4.72534,49.74113,2
40926,4.72534,49.74113,2
40927,4.71393,49.73979,2
40928,4.72534,49.74113,2
40929,4.72534,49.74113,2
40930,4.72534,49.74113,2
40931,4.71383,49.73979,2
40932,4.71715,49.74187,2
40933,4.71383,49.73968,2
40934,4.71715,49.74187,2
40935,4.71395,49.73967,2
40936,4.71715,49.74187,2
40937,4.71407,49.73966,2
40938,4.71715,49.74187,2
40939,4.71419,49.73966,2
40940,4.71715,49.74187,2
40941,4.71419,49.73953,2
40942,4.71715,49.74187,2
40943,4.7143,49.73949,2
40944,4.71715,49.74187,2
40945,4.71443,49.73948,2
40946,4.71715,49.74187,2
40947,4.71456,49.73947,2
40948,4.71724,49.74157,2
40949,4.71469,49.73946,2
40950,4.71724,49.74157,2
40951,4.71483,49.73946,2
40952,4.71724,49.74157,2
40953,4.71496,49.73945,2
40954,4.71724,49.74157,2
40955,4.71509,49.73944,2
40956,4.71724,49.74157,2
40957,4.71522,49.73943,2
40958,4.71724,49.74157,2
40959,4.71522,49.73955,2
40960,4.71724,49.74157,2
40961,4.71506,49.73956,2
40962,4.71724,49.74157,2
40963,4.71724,49.74157,2
40964,4.7149,49.73957,2
40965,4.71724,49.74157,2
40966,4.71474,49.73958,2
40967,4.71724,49.74157,2
40968,4.71459,49.73959,2
40969,4.7231,49.74235,2
40970,4.71724,49.74157,2
40971,4.72332,49.74244,2
40972,4.71443,49.7396,2
40973,4.72332,49.74244,2
40974,4.71724,49.74157,2
40975,4.72353,49.74252,2
40976,4.71428,49.73963,2
40977,4.72353,49.74252,2
40978,4.71724,49.74157,2
40979,4.72353,49.74269,2
40980,4.71615,49.73989,2
40981,4.72354,49.74286,2
40982,4.71746,49.74156,2
40983,4.72354,49.74286,2
40984,4.71582,49.73981,2
40985,4.72355,49.74302,2
40986,4.71585,49.73965,2
40987,4.71746,49.74156,2
40988,4.72355,49.74319,2
40989,4.72355,49.74319,2
40990,4.71661,49.74003,2
40991,4.71746,49.74156,2
40992,4.72364,49.74333,2
40993,4.72364,49.74333,2
40994,4.71625,49.74006,2
40995,4.71746,49.74156,2
40996,4.72384,49.74343,2
40997,4.72384,49.74343,2
40998,4.71458,49.74024,2
40999,4.71746,49.74156,2
41000,4.72405,49.74353,2
41001,4.72426,49.74362,2
41002,4.71445,49.74009,2
41003,4.71746,49.74156,2
41004,4.72426,49.74362,2
41005,4.72448,49.74371,2
41006,4.71489,49.74031,2
41007,4.71746,49.74156,2
41008,4.72559,49.74136,2
41009,4.72559,49.74136,2
41010,4.71599,49.74018,2
41011,4.71746,49.74156,2
41012,4.72559,49.74136,2
41013,4.72563,49.74166,2
41014,4.71636,49.74011,2
41015,4.71779,49.74161,2
41016,4.72563,49.74166,2
41017,4.72534,49.74113,2
41018,4.71562,49.74022,2
41019,4.71779,49.74161,2
41020,4.72534,49.74113,2
41021,4.72534,49.74113,2
41022,4.71525,49.74027,2
41023,4.71779,49.74161,2
41024,4.71715,49.74187,2
41025,4.71433,49.73994,2
41026,4.71779,49.74161,2
41027,4.71715,49.74187,2
41028,4.71439,49.74002,2
41029,4.71612,49.74159,2
41030,4.71724,49.74157,2
41031,4.71612,49.74159,2
41032,4.71724,49.74157,2
41033,4.71451,49.73991,2
41034,4.71746,49.74156,2
41035,4.71612,49.74159,2
41036,4.71746,49.74156,2
41037,4.71459,49.74002,2
41038,4.71779,49.74161,2
41039,4.71612,49.74159,2
41040,4.71612,49.74159,2
41041,4.71494,49.74018,2
41042,4.71612,49.74159,2
41043,4.71612,49.74159,2
41044,4.71667,49.74138,2
41045,4.71671,49.73998,2
41046,4.71667,49.74138,2
41047,4.71612,49.74159,2
41048,4.71686,49.7414,2
41049,4.71681,49.73992,2
41050,4.71686,49.7414,2
41051,4.71612,49.74159,2
41052,4.71745,49.742,2
41053,4.7163,49.74001,2
41054,4.71745,49.742,2
41055,4.71612,49.74159,2
41056,4.71643,49.74123,2
41057,4.71691,49.73987,2
41058,4.71671,49.74126,2
41059,4.71612,49.74159,2
41060,4.71671,49.74126,2
41061,4.71702,49.73981,2
41062,4.7169,49.74129,2
41063,4.71612,49.74159,2
41064,4.7169,49.74129,2
41065,4.71574,49.74009,2
41066,4.71767,49.74147,2
41067,4.71612,49.74159,2
41068,4.71767,49.74147,2
41069,4.7166,49.73989,2
41070,4.71615,49.74121,2
41071,4.71612,49.74159,2
41072,4.71615,49.74121,2
41073,4.7169,49.73972,2
41074,4.7162,49.74105,2
41075,4.71612,49.74159,2
41076,4.71552,49.74149,2
41077,4.71607,49.74006,2
41078,4.71495,49.74153,2
41079,4.71612,49.74159,2
41080,4.71495,49.74153,2
41081,4.71712,49.73976,2
41082,4.71612,49.74159,2
41083,4.71809,49.74141,2
41084,4.7156,49.73909,2
41085,4.71809,49.74141,2
41086,4.71667,49.74138,2
41087,4.71802,49.74146,2
41088,4.71546,49.73909,2
41089,4.71802,49.74146,2
41090,4.71667,49.74138,2
41091,4.71794,49.74152,2
41092,4.716,49.73834,2
41093,4.71794,49.74152,2
41094,4.71667,49.74138,2
41095,4.71817,49.74135,2
41096,4.71611,49.73838,2
41097,4.71817,49.74135,2
41098,4.71612,49.73858,2
41099,4.71667,49.74138,2
41100,4.71823,49.74129,2
41101,4.71597,49.73877,2
41102,4.71823,49.74129,2
41103,4.71667,49.74138,2
41104,4.71834,49.74117,2
41105,4.71593,49.73911,2
41106,4.71834,49.74117,2
41107,4.7158,49.73873,2
41108,4.71667,49.74138,2
41109,4.71829,49.74123,2
41110,4.7157,49.73898,2
41111,4.71667,49.74138,2
41112,4.71829,49.74123,2
41113,4.71793,49.74069,2
41114,4.71546,49.73909,2
41115,4.71667,49.74138,2
41116,4.71793,49.74069,2
41117,4.71811,49.74043,2
41118,4.71547,49.73897,2
41119,4.71686,49.7414,2
41120,4.71811,49.74043,2
41121,4.71805,49.74061,2
41122,4.71254,49.74014,2
41123,4.71686,49.7414,2
41124,4.71805,49.74061,2
41125,4.71798,49.74079,2
41126,4.71686,49.7414,2
41127,4.71798,49.74079,2
41128,4.71524,49.73896,2
41129,4.71792,49.74098,2
41130,4.71686,49.7414,2
41131,4.71792,49.74098,2
41132,4.71283,49.73986,2
41133,4.71466,49.74094,2
41134,4.71686,49.7414,2
41135,4.71444,49.74114,2
41136,4.71254,49.74014,2
41137,4.71444,49.74139,2
41138,4.71686,49.7414,2
41139,4.71444,49.74139,2
41140,4.71584,49.73841,2
41141,4.71492,49.74092,2
41142,4.71686,49.7414,2
41143,4.71511,49.74101,2
41144,4.7124,49.74028,2
41145,4.71511,49.74101,2
41146,4.71686,49.7414,2
41147,4.71495,49.74153,2
41148,4.71239,49.74044,2
41149,4.71495,49.74153,2
41150,4.71686,49.7414,2
41151,4.71577,49.74137,2
41152,4.71793,49.7387,2
41153,4.71686,49.7414,2
41154,4.71322,49.73963,2
41155,4.71518,49.74138,2
41156,4.71686,49.7414,2
41157,4.71322,49.73963,2
41158,4.71686,49.7414,2
41159,4.71392,49.74058,2
41160,4.71686,49.7414,2
41161,4.71349,49.74093,2
41162,4.71686,49.7414,2
41163,4.71815,49.73882,2
41164,4.71686,49.7414,2
41165,4.71363,49.74072,2
41166,4.71686,49.7414,2
41167,4.71866,49.74009,2
41168,4.71322,49.73963,2
41169,4.71866,49.74009,2
41170,4.71745,49.742,2
41171,4.71884,49.74016,2
41172,4.71378,49.73934,2
41173,4.71884,49.74016,2
41174,4.71745,49.742,2
41175,4.71905,49.74021,2
41176,4.71332,49.74081,2
41177,4.71905,49.74021,2
41178,4.71745,49.742,2
41179,4.71884,49.74016,2
41180,4.71335,49.73948,2
41181,4.71745,49.73999,2
41182,4.71745,49.742,2
41183,4.71745,49.73999,2
41184,4.71404,49.74066,2
41185,4.71893,49.73957,2
41186,4.71745,49.742,2
41187,4.71893,49.73957,2
41188,4.71297,49.74073,2
41189,4.71877,49.73992,2
41190,4.71745,49.742,2
41191,4.71877,49.73992,2
41192,4.71376,49.7408,2
41193,4.71745,49.742,2
41194,4.71262,49.74067,2
41195,4.71281,49.74063,2
41196,4.71745,49.742,2
41197,4.71312,49.73959,2
41198,4.71643,49.74123,2
41199,4.71269,49.74071,2
41200,4.71643,49.74123,2
41201,4.71275,49.74059,2
41202,4.71643,49.74123,2
41203,4.71312,49.73959,2
41204,4.71643,49.74123,2
41205,4.71315,49.74089,2
41206,4.71671,49.74126,2
41207,4.71275,49.74062,2
41208,4.71671,49.74126,2
41209,4.71284,49.74081,2
41210,4.71298,49.73972,2
41211,4.71671,49.74126,2
41212,4.71282,49.74057,2
41213,4.71671,49.74126,2
41214,4.71289,49.74053,2
41215,4.71671,49.74126,2
41216,4.71295,49.74048,2
41217,4.7169,49.74129,2
41218,4.71335,49.73948,2
41219,4.7169,49.74129,2
41220,4.71302,49.74043,2
41221,4.7169,49.74129,2
41222,4.71309,49.74038,2
41223,4.7169,49.74129,2
41224,4.71316,49.74034,2
41225,4.7169,49.74129,2
41226,4.71323,49.74029,2
41227,4.71767,49.74147,2
41228,4.7133,49.74025,2
41229,4.71767,49.74147,2
41230,4.71338,49.74021,2
41231,4.71767,49.74147,2
41232,4.71345,49.74017,2
41233,4.71767,49.74147,2
41234,4.71331,49.74009,2
41235,4.71767,49.74147,2
41236,4.71319,49.74016,2
41237,4.71767,49.74147,2
41238,4.71307,49.74023,2
41239,4.71767,49.74147,2
41240,4.71296,49.7403,2
41241,4.71767,49.74147,2
41242,4.71286,49.74038,2
41243,4.71767,49.74147,2
41244,4.71264,49.74053,2
41245,4.71767,49.74147,2
41246,4.71275,49.74045,2
41247,4.71767,49.74147,2
41248,4.706052,49.739337,2
41249,4.70418,49.73803,2
41250,4.71767,49.74147,2
41251,4.70418,49.73803,2
41252,4.70418,49.73803,2
41253,4.71767,49.74147,2
41254,4.70418,49.73803,2
41255,4.70418,49.73803,2
41256,4.71767,49.74147,2
41257,4.70418,49.73803,2
41258,4.70418,49.73803,2
41259,4.71615,49.74121,2
41260,4.70236,49.73859,2
41261,4.70236,49.73859,2
41262,4.71615,49.74121,2
41263,4.71546,49.73909,2
41264,4.71615,49.74121,2
41265,4.71533,49.73908,2
41266,4.71615,49.74121,2
41267,4.71519,49.73907,2
41268,4.71615,49.74121,2
41269,4.71491,49.73906,2
41270,4.7162,49.74105,2
41271,4.71505,49.73907,2
41272,4.7162,49.74105,2
41273,4.71477,49.73906,2
41274,4.7162,49.74105,2
41275,4.71463,49.73905,2
41276,4.7162,49.74105,2
41277,4.71449,49.73905,2
41278,4.71552,49.74149,2
41279,4.71432,49.73899,2
41280,4.71552,49.74149,2
41281,4.71425,49.73892,2
41282,4.71552,49.74149,2
41283,4.71419,49.73884,2
41284,4.71552,49.74149,2
41285,4.71418,49.73876,2
41286,4.71552,49.74149,2
41287,4.70236,49.73859,2
41288,4.71428,49.7387,2
41289,4.71495,49.74153,2
41290,4.71453,49.73872,2
41291,4.71495,49.74153,2
41292,4.7144,49.7388,2
41293,4.71495,49.74153,2
41294,4.71444,49.7389,2
41295,4.71495,49.74153,2
41296,4.71455,49.73893,2
41297,4.71495,49.74153,2
41298,4.71478,49.73894,2
41299,4.71495,49.74153,2
41300,4.71501,49.73895,2
41301,4.71495,49.74153,2
41302,4.71439,49.73865,2
41303,4.71495,49.74153,2
41304,4.71448,49.73862,2
41305,4.71495,49.74153,2
41306,4.71447,49.7386,2
41307,4.71495,49.74153,2
41308,4.71458,49.73855,2
41309,4.71495,49.74153,2
41310,4.71469,49.7385,2
41311,4.71495,49.74153,2
41312,4.7148,49.73844,2
41313,4.71436,49.74228,2
41314,4.70418,49.73803,2
41315,4.7149,49.73839,2
41316,4.70418,49.73803,2
41317,4.7146,49.74226,2
41318,4.71501,49.73834,2
41319,4.71483,49.74225,2
41320,4.71512,49.73828,2
41321,4.71507,49.74223,2
41322,4.71523,49.73823,2
41323,4.71529,49.74219,2
41324,4.71533,49.73818,2
41325,4.71551,49.74214,2
41326,4.71544,49.73813,2
41327,4.71486,49.7422,2
41328,4.71553,49.73823,2
41329,4.71533,49.74206,2
41330,4.71539,49.7383,2
41331,4.71485,49.74213,2
41332,4.71525,49.73837,2
41333,4.71435,49.74216,2
41334,4.7151,49.73844,2
41335,4.71486,49.7422,2
41336,4.71496,49.73851,2
41337,4.71421,49.7422,2
41338,4.71482,49.73858,2
41339,4.71408,49.74211,2
41340,4.71468,49.73865,2
41341,4.71395,49.74202,2
41342,4.71866,49.74009,2
41343,4.71382,49.74193,2
41344,4.70591,49.73853,2
41345,4.71866,49.74009,2
41346,4.70591,49.73853,2
41347,4.71369,49.742,2
41348,4.71866,49.74009,2
41349,4.71382,49.7421,2
41350,4.71866,49.74009,2
41351,4.71395,49.74219,2
41352,4.71866,49.74009,2
41353,4.71408,49.74228,2
41354,4.71866,49.74009,2
41355,4.71809,49.74141,2
41356,4.71866,49.74009,2
41357,4.71809,49.74141,2
41358,4.71866,49.74009,2
41359,4.70465,49.73747,2
41360,4.71809,49.74141,2
41361,4.71866,49.74009,2
41362,4.71809,49.74141,2
41363,4.71866,49.74009,2
41364,4.71809,49.74141,2
41365,4.71866,49.74009,2
41366,4.71802,49.74146,2
41367,4.71866,49.74009,2
41368,4.71802,49.74146,2
41369,4.71866,49.74009,2
41370,4.71802,49.74146,2
41371,4.71884,49.74016,2
41372,4.71802,49.74146,2
41373,4.71884,49.74016,2
41374,4.71802,49.74146,2
41375,4.71884,49.74016,2
41376,4.71802,49.74146,2
41377,4.71884,49.74016,2
41378,4.71794,49.74152,2
41379,4.71884,49.74016,2
41380,4.71794,49.74152,2
41381,4.71884,49.74016,2
41382,4.71794,49.74152,2
41383,4.71884,49.74016,2
41384,4.71794,49.74152,2
41385,4.71884,49.74016,2
41386,4.71794,49.74152,2
41387,4.71884,49.74016,2
41388,4.71817,49.74135,2
41389,4.71884,49.74016,2
41390,4.71817,49.74135,2
41391,4.71884,49.74016,2
41392,4.71817,49.74135,2
41393,4.71905,49.74021,2
41394,4.71817,49.74135,2
41395,4.71905,49.74021,2
41396,4.71817,49.74135,2
41397,4.71905,49.74021,2
41398,4.71817,49.74135,2
41399,4.71905,49.74021,2
41400,4.71817,49.74135,2
41401,4.71905,49.74021,2
41402,4.71817,49.74135,2
41403,4.71905,49.74021,2
41404,4.71817,49.74135,2
41405,4.71905,49.74021,2
41406,4.71815,49.73882,2
41407,4.71817,49.74135,2
41408,4.71905,49.74021,2
41409,4.71817,49.74135,2
41410,4.71905,49.74021,2
41411,4.71817,49.74135,2
41412,4.71905,49.74021,2
41413,4.71823,49.74129,2
41414,4.71905,49.74021,2
41415,4.71823,49.74129,2
41416,4.71905,49.74021,2
41417,4.71823,49.74129,2
41418,4.71905,49.74021,2
41419,4.71823,49.74129,2
41420,4.71745,49.73999,2
41421,4.71823,49.74129,2
41422,4.71745,49.73999,2
41423,4.71823,49.74129,2
41424,4.71745,49.73999,2
41425,4.71823,49.74129,2
41426,4.71745,49.73999,2
41427,4.71823,49.74129,2
41428,4.71745,49.73999,2
41429,4.71834,49.74117,2
41430,4.71745,49.73999,2
41431,4.71834,49.74117,2
41432,4.71745,49.73999,2
41433,4.71834,49.74117,2
41434,4.71745,49.73999,2
41435,4.71834,49.74117,2
41436,4.71745,49.73999,2
41437,4.71834,49.74117,2
41438,4.71893,49.73957,2
41439,4.71829,49.74123,2
41440,4.71893,49.73957,2
41441,4.71829,49.74123,2
41442,4.70418,49.73803,2
41443,4.71893,49.73957,2
41444,4.71829,49.74123,2
41445,4.71893,49.73957,2
41446,4.71829,49.74123,2
41447,4.71893,49.73957,2
41448,4.71829,49.74123,2
41449,4.71893,49.73957,2
41450,4.71829,49.74123,2
41451,4.71877,49.73992,2
41452,4.71793,49.74069,2
41453,4.71877,49.73992,2
41454,4.71877,49.73992,2
41455,4.71793,49.74069,2
41456,4.71877,49.73992,2
41457,4.71793,49.74069,2
41458,4.71877,49.73992,2
41459,4.71793,49.74069,2
41460,4.71877,49.73992,2
41461,4.71793,49.74069,2
41462,4.71877,49.73992,2
41463,4.71793,49.74069,2
41464,4.71877,49.73992,2
41465,4.71793,49.74069,2
41466,4.71877,49.73992,2
41467,4.71793,49.74069,2
41468,4.71877,49.73992,2
41469,4.71811,49.74043,2
41470,4.71877,49.73992,2
41471,4.71811,49.74043,2
41472,4.71877,49.73992,2
41473,4.71811,49.74043,2
41474,4.71877,49.73992,2
41475,4.71811,49.74043,2
41476,4.71811,49.74043,2
41477,4.71811,49.74043,2
41478,4.71811,49.74043,2
41479,4.70236,49.73859,2
41480,4.71811,49.74043,2
41481,4.70236,49.73859,2
41482,4.70236,49.73859,2
41483,4.71811,49.74043,2
41484,4.70236,49.73859,2
41485,4.71811,49.74043,2
41486,4.71792,49.74098,2
41487,4.71805,49.74061,2
41488,4.71805,49.74061,2
41489,4.71805,49.74061,2
41490,4.71805,49.74061,2
41491,4.71805,49.74061,2
41492,4.7231,49.74235,2
41493,4.7231,49.74235,2
41494,4.71805,49.74061,2
41495,4.7231,49.74235,2
41496,4.7231,49.74235,2
41497,4.71798,49.74079,2
41498,4.7231,49.74235,2
41499,4.7231,49.74235,2
41500,4.71798,49.74079,2
41501,4.7231,49.74235,2
41502,4.7231,49.74235,2
41503,4.71269,49.74,2
41504,4.71798,49.74079,2
41505,4.7231,49.74235,2
41506,4.7231,49.74235,2
41507,4.71798,49.74079,2
41508,4.72332,49.74244,2
41509,4.72332,49.74244,2
41510,4.71798,49.74079,2
41511,4.72332,49.74244,2
41512,4.72332,49.74244,2
41513,4.71798,49.74079,2
41514,4.72332,49.74244,2
41515,4.72332,49.74244,2
41516,4.71792,49.74098,2
41517,4.72332,49.74244,2
41518,4.72332,49.74244,2
41519,4.71792,49.74098,2
41520,4.72332,49.74244,2
41521,4.72332,49.74244,2
41522,4.71792,49.74098,2
41523,4.72353,49.74252,2
41524,4.72353,49.74252,2
41525,4.71792,49.74098,2
41526,4.72353,49.74252,2
41527,4.72353,49.74252,2
41528,4.71792,49.74098,2
41529,4.72353,49.74252,2
41530,4.72353,49.74252,2
41531,4.72353,49.74252,2
41532,4.71466,49.74094,2
41533,4.72353,49.74252,2
41534,4.72353,49.74252,2
41535,4.71466,49.74094,2
41536,4.72353,49.74252,2
41537,4.72353,49.74269,2
41538,4.71466,49.74094,2
41539,4.72353,49.74269,2
41540,4.72353,49.74269,2
41541,4.71466,49.74094,2
41542,4.72353,49.74269,2
41543,4.72353,49.74269,2
41544,4.71444,49.74114,2
41545,4.72353,49.74269,2
41546,4.72353,49.74269,2
41547,4.71444,49.74114,2
41548,4.72353,49.74269,2
41549,4.72353,49.74269,2
41550,4.71444,49.74114,2
41551,4.72353,49.74269,2
41552,4.72559,49.74136,2
41553,4.72354,49.74286,2
41554,4.72559,49.74136,2
41555,4.71444,49.74114,2
41556,4.72354,49.74286,2
41557,4.72354,49.74286,2
41558,4.72308,49.7398,2
41559,4.71444,49.74114,2
41560,4.72354,49.74286,2
41561,4.72354,49.74286,2
41562,4.72355,49.73932,2
41563,4.71444,49.74139,2
41564,4.72354,49.74286,2
41565,4.72354,49.74286,2
41566,4.72303,49.7396,2
41567,4.71444,49.74139,2
41568,4.72354,49.74286,2
41569,4.7053,49.99289,2
41570,4.70583,49.99332,2
41571,4.7054,49.99301,2
41572,4.70609,49.99324,2
41573,4.70548,49.9929,2
41574,4.70542,49.99287,2
41575,4.70568,49.99242,2
41576,4.70469,49.99256,2
41577,4.70555,49.99162,2
41578,4.70487,49.992,2
41579,4.7053,49.99289,2
41580,4.70419,49.99244,2
41581,4.70594,49.9937,2
41582,4.70586,49.99376,2
41583,4.70562,49.99395,2
41584,4.70554,49.99401,2
41585,4.70554,49.99401,2
41586,4.70578,49.99372,2
41587,4.70585,49.9936,2
41588,4.70578,49.99365,2
41589,4.70591,49.99355,2
41590,4.70591,49.99355,2
41591,4.70596,49.99349,2
41592,4.70602,49.99344,2
41593,4.7053,49.99289,2
41594,4.7053,49.99289,2
41595,4.7053,49.99289,2
41596,4.70577,49.9933,2
41597,4.70564,49.99326,2
41598,4.70557,49.99323,2
41599,4.70551,49.99321,2
41600,4.70551,49.99321,2
41601,4.70544,49.99319,2
41602,4.70538,49.99317,2
41603,4.70529,49.99314,2
41604,4.70529,49.99314,2
41605,4.7053,49.99289,2
41606,4.7053,49.99289,2
41607,4.70519,49.99309,2
41608,4.7049,49.99297,2
41609,4.70471,49.99274,2
41610,4.7048,49.99292,2
41611,4.70471,49.99288,2
41612,4.70461,49.99284,2
41613,4.70452,49.99279,2
41614,4.70433,49.99257,2
41615,4.70442,49.99275,2
41616,4.70464,49.99267,2
41617,4.70451,49.99264,2
41618,4.70442,49.99261,2
41619,4.70514,49.99289,2
41620,4.70464,49.99267,2
41621,4.70423,49.99267,2
41622,4.70423,49.99267,2
41623,4.70413,49.99262,2
41624,4.70478,49.99283,2
41625,4.70425,49.99257,2
41626,4.70475,49.99271,2
41627,4.70501,49.99283,2
41628,4.70514,49.99289,2
41629,4.70514,49.99289,2
41630,4.70553,49.99307,2
41631,4.70577,49.9932,2
41632,4.70565,49.99313,2
41633,4.70589,49.99327,2
41634,4.70589,49.99327,2
41635,4.706,49.99334,2
41636,4.7053,49.99289,2
41637,4.70539,49.99304,2
41638,4.7061,49.99327,2
41639,4.70599,49.99324,2
41640,4.70615,49.99327,2
41641,4.70615,49.99327,2
41642,4.70597,49.99317,2
41643,4.70592,49.99313,2
41644,4.70586,49.9931,2
41645,4.7058,49.99306,2
41646,4.70568,49.99299,2
41647,4.70561,49.99296,2
41648,4.70555,49.99293,2
41649,4.70535,49.99284,2
41650,4.70522,49.99278,2
41651,4.70515,49.99275,2
41652,4.70509,49.99272,2
41653,4.70509,49.99272,2
41654,4.70509,49.99272,2
41655,4.70509,49.99272,2
41656,4.70502,49.99269,2
41657,4.70495,49.99266,2
41658,4.70489,49.99263,2
41659,4.70482,49.99261,2
41660,4.70548,49.99248,2
41661,4.70625,49.99205,2
41662,4.70536,49.99239,2
41663,4.70525,49.99242,2
41664,4.70515,49.99245,2
41665,4.70495,49.99251,2
41666,4.70485,49.99254,2
41667,4.70485,49.99254,2
41668,4.7053,49.99289,2
41669,4.7053,49.99289,2
41670,4.70451,49.99251,2
41671,4.70434,49.99247,2
41672,4.70487,49.992,2
41673,4.70487,49.992,2
41674,4.70487,49.992,2
41675,4.70432,49.99251,2
41676,4.70555,49.99162,2
41677,4.70487,49.992,2
41678,4.70487,49.992,2
41679,4.70487,49.992,2
41680,4.70487,49.992,2
41681,4.70487,49.992,2
41682,4.70487,49.992,2
41683,4.70487,49.992,2
41684,4.70487,49.992,2
41685,4.70487,49.992,2
41686,4.83445,49.88897,2
41687,4.83445,49.88897,2
41688,4.83445,49.88897,2
41689,4.83445,49.88897,2
41690,4.8452,49.87419,2
41691,4.83445,49.88897,2
41692,4.83445,49.88897,2
41693,4.83445,49.88897,2
41694,4.8413,49.8869,2
41695,4.8413,49.8869,2
41696,4.84121,49.88694,2
41697,4.84136,49.88711,2
41698,4.84126,49.88566,2
41699,4.84168,49.88725,2
41700,4.84272,49.88934,2
41701,4.84272,49.88934,2
41702,4.84272,49.88934,2
41703,4.84272,49.88934,2
41704,4.84272,49.88934,2
41705,4.84259,49.88164,2
41706,4.84272,49.88934,2
41707,4.84272,49.88934,2
41708,4.84272,49.88934,2
41709,4.84272,49.88934,2
41710,4.84259,49.88164,2
41711,4.84259,49.88164,2
41712,4.84259,49.88164,2
41713,4.84259,49.88164,2
41714,4.84259,49.88164,2
41715,4.84259,49.88164,2
41716,4.84259,49.88164,2
41717,4.84259,49.88164,2
41718,4.84259,49.88164,2
41719,4.84259,49.88164,2
41720,4.84258,49.88438,2
41721,4.84258,49.88438,2
41722,4.84259,49.88164,2
41723,4.84259,49.88164,2
41724,4.84259,49.88164,2
41725,4.84259,49.88164,2
41726,4.84259,49.88164,2
41727,4.84259,49.88164,2
41728,4.84259,49.88164,2
41729,4.84259,49.88164,2
41730,4.84259,49.88164,2
41731,4.84259,49.88164,2
41732,4.84259,49.88164,2
41733,4.84259,49.88164,2
41734,4.84259,49.88164,2
41735,4.84259,49.88164,2
41736,4.84259,49.88164,2
41737,4.84259,49.88164,2
41738,4.84259,49.88164,2
41739,4.85124,49.86718,2
41740,4.84259,49.88164,2
41741,4.84259,49.88164,2
41742,4.84259,49.88164,2
41743,4.84259,49.88164,2
41744,4.84259,49.88164,2
41745,4.84259,49.88164,2
41746,4.84259,49.88164,2
41747,4.84259,49.88164,2
41748,4.84259,49.88164,2
41749,4.84259,49.88164,2
41750,4.84918,49.87376,2
41751,4.84918,49.87376,2
41752,4.84155,49.88462,2
41753,4.84259,49.88164,2
41754,4.84259,49.88164,2
41755,4.84259,49.88164,2
41756,4.84259,49.88164,2
41757,4.84259,49.88164,2
41758,4.84259,49.88164,2
41759,4.84259,49.88164,2
41760,4.84259,49.88164,2
41761,4.84259,49.88164,2
41762,4.84259,49.88164,2
41763,4.84259,49.88164,2
41764,4.84259,49.88164,2
41765,4.84259,49.88164,2
41766,4.84146,49.88513,2
41767,4.84145,49.88396,2
41768,4.84145,49.88396,2
41769,4.84258,49.88438,2
41770,4.84258,49.88438,2
41771,4.84258,49.88438,2
41772,4.84258,49.88438,2
41773,4.84302,49.88368,2
41774,4.84302,49.88368,2
41775,4.84184,49.88378,2
41776,4.84258,49.88438,2
41777,4.84276,49.88524,2
41778,4.84206,49.88373,2
41779,4.84211,49.88365,2
41780,4.84206,49.88373,2
41781,4.84206,49.88373,2
41782,4.84206,49.88373,2
41783,4.84206,49.88373,2
41784,4.84206,49.88373,2
41785,4.84153,49.88476,2
41786,4.84158,49.8844,2
41787,4.84302,49.88368,2
41788,4.84159,49.88433,2
41789,4.8416,49.88419,2
41790,4.84156,49.884,2
41791,4.84156,49.884,2
41792,4.84144,49.88405,2
41793,4.84136,49.88661,2
41794,4.84143,49.88413,2
41795,4.84136,49.88661,2
41796,4.84142,49.88421,2
41797,4.84168,49.88725,2
41798,4.84272,49.88934,2
41799,4.84141,49.88429,2
41800,4.84211,49.88365,2
41801,4.84138,49.88454,2
41802,4.84137,49.88462,2
41803,4.84136,49.8847,2
41804,4.84135,49.88478,2
41805,4.84134,49.88486,2
41806,4.84133,49.88494,2
41807,4.84259,49.88164,2
41808,4.84259,49.88164,2
41809,4.84135,49.88502,2
41810,4.84259,49.88164,2
41811,4.84137,49.8851,2
41812,4.84258,49.88438,2
41813,4.84206,49.88373,2
41814,4.84138,49.88519,2
41815,4.84206,49.88373,2
41816,4.8414,49.88527,2
41817,4.84178,49.88396,2
41818,4.84129,49.88603,2
41819,4.8414,49.88535,2
41820,4.84156,49.884,2
41821,4.8413,49.88558,2
41822,4.84535,49.87362,2
41823,4.84126,49.88566,2
41824,4.8414,49.88437,2
41825,4.84123,49.88574,2
41826,4.84139,49.88445,2
41827,4.84137,49.88543,2
41828,4.8412,49.88582,2
41829,4.84112,49.88606,2
41830,4.84132,49.88653,2
41831,4.84116,49.88613,2
41832,4.84535,49.87362,2
41833,4.84119,49.88621,2
41834,4.84875,49.87535,2
41835,4.84122,49.88629,2
41836,4.84815,49.87436,2
41837,4.84866,49.87424,2
41838,4.84132,49.88653,2
41839,4.84897,49.87408,2
41840,4.84126,49.88637,2
41841,4.84129,49.88645,2
41842,4.84132,49.88653,2
41843,4.84159,49.88675,2
41844,4.84181,49.88671,2
41845,4.84173,49.88667,2
41846,4.84173,49.88667,2
41847,4.83926,49.88777,2
41848,4.84164,49.88664,2
41849,4.84155,49.8866,2
41850,4.84153,49.88658,2
41851,4.8415,49.88651,2
41852,4.84147,49.88644,2
41853,4.84144,49.88637,2
41854,4.84141,49.8863,2
41855,4.84138,49.88623,2
41856,4.84135,49.88617,2
41857,4.84553,49.87447,2
41858,4.84539,49.87381,2
41859,4.84551,49.87347,2
41860,4.84535,49.87362,2
41861,4.84535,49.87362,2
41862,4.84538,49.87453,2
41863,4.84538,49.87453,2
41864,4.8452,49.87419,2
41865,4.84543,49.87312,2
41866,4.84532,49.87348,2
41867,4.8452,49.87383,2
41868,4.84535,49.87362,2
41869,4.84535,49.87362,2
41870,4.84543,49.87312,2
41871,4.84259,49.88164,2
41872,4.84535,49.87362,2
41873,4.84764,49.87719,2
41874,4.84779,49.87699,2
41875,4.84788,49.87714,2
41876,4.84823,49.8765,2
41877,4.8486,49.87625,2
41878,4.84866,49.87589,2
41879,4.8487,49.87566,2
41880,4.85086,49.87431,2
41881,4.84871,49.87556,2
41882,4.84875,49.87535,2
41883,4.84873,49.87546,2
41884,4.8488,49.87504,2
41885,4.8488,49.87504,2
41886,4.84873,49.87456,2
41887,4.84881,49.87435,2
41888,4.84881,49.87435,2
41889,4.84882,49.87494,2
41890,4.84856,49.87438,2
41891,4.84889,49.87462,2
41892,4.8478,49.8746,2
41893,4.84906,49.87423,2
41894,4.84766,49.87451,2
41895,4.84766,49.87451,2
41896,4.84866,49.87424,2
41897,4.8493,49.87357,2
41898,4.84909,49.87391,2
41899,4.84909,49.87391,2
41900,4.84909,49.87391,2
41901,4.84912,49.87386,2
41902,4.84915,49.87381,2
41903,4.84918,49.87376,2
41904,4.84922,49.87369,2
41905,4.84926,49.87363,2
41906,4.8495,49.87334,2
41907,4.85,49.87288,2
41908,4.8493,49.87357,2
41909,4.84934,49.8735,2
41910,4.84948,49.87334,2
41911,4.84952,49.87326,2
41912,4.84957,49.87318,2
41913,4.84957,49.87347,2
41914,4.84957,49.87347,2
41915,4.84957,49.87347,2
41916,4.84986,49.87315,2
41917,4.84966,49.87312,2
41918,4.84975,49.87306,2
41919,4.84983,49.873,2
41920,4.85,49.87288,2
41921,4.8492,49.87387,2
41922,4.8492,49.87387,2
41923,4.8492,49.87387,2
41924,4.8492,49.87387,2
41925,4.8492,49.87387,2
41926,4.849271,49.873161,2
41927,4.8492,49.87387,2
41928,4.849271,49.873161,2
41929,4.85011,49.87273,2
41930,4.85009,49.87263,2
41931,4.85006,49.87282,2
41932,4.85007,49.87254,2
41933,4.85011,49.87273,2
41934,4.85005,49.87244,2
41935,4.85003,49.87234,2
41936,4.85,49.87224,2
41937,4.85,49.87224,2
41938,4.84998,49.87214,2
41939,4.84998,49.87214,2
41940,4.84994,49.87195,2
41941,4.84992,49.87185,2
41942,4.84989,49.87162,2
41943,4.84986,49.87104,2
41944,4.851458,49.869603,2
41945,4.854397,49.867773,2
41946,4.85042,49.86907,2
41947,4.85045,49.86879,2
41948,4.85048,49.8685,2
41949,4.8505,49.86821,2
41950,4.855808,49.867079,2
41951,4.855794,49.867079,2
41952,4.853224,49.868498,2
41953,4.854082,49.868992,2
41954,4.85053,49.86793,2
41955,4.8492,49.87387,2
41956,4.8492,49.87387,2
41957,4.84892,49.87386,2
41958,4.84892,49.87386,2
41959,4.84842,49.87381,2
41960,4.84842,49.87381,2
41961,4.84792,49.87389,2
41962,4.84792,49.87389,2
41963,4.85142,49.8669,2
41964,4.84613,49.89136,2
41965,4.854963,49.867428,2
41966,4.84535,49.89077,2
41967,4.84535,49.89077,2
41968,4.84535,49.89077,2
41969,4.84535,49.89077,2
41970,4.84535,49.89077,2
41971,4.84535,49.89077,2
41972,4.84535,49.89077,2
41973,4.84535,49.89077,2
41974,4.84535,49.89077,2
41975,4.84535,49.89077,2
41976,4.84535,49.89077,2
41977,4.84155,49.8866,2
41978,4.84535,49.89077,2
41979,4.84535,49.89077,2
41980,4.845,49.8909,2
41981,4.8488,49.87504,2
41982,4.8488,49.87504,2
41983,4.845,49.8909,2
41984,4.845,49.8909,2
41985,4.845,49.8909,2
41986,4.845,49.8909,2
41987,4.845,49.8909,2
41988,4.845,49.8909,2
41989,4.845,49.8909,2
41990,4.845,49.8909,2
41991,4.845,49.8909,2
41992,4.83824,49.88816,2
41993,4.83771,49.88833,2
41994,4.845,49.8909,2
41995,4.845,49.8909,2
41996,4.84466,49.89105,2
41997,4.84276,49.88524,2
41998,4.84466,49.89105,2
41999,4.84466,49.89105,2
42000,4.84268,49.88526,2
42001,4.84268,49.88526,2
42002,4.84466,49.89105,2
42003,4.84466,49.89105,2
42004,4.84466,49.89105,2
42005,4.84466,49.89105,2
42006,4.84466,49.89105,2
42007,4.84211,49.88365,2
42008,4.84466,49.89105,2
42009,4.855959,49.86704,2
42010,4.84466,49.89105,2
42011,4.84181,49.88387,2
42012,4.84466,49.89105,2
42013,4.84466,49.89105,2
42014,4.84466,49.8913,2
42015,4.84466,49.8913,2
42016,4.84466,49.8913,2
42017,4.845039,49.891052,2
42018,4.845,49.8909,2
42019,4.84466,49.8913,2
42020,4.84466,49.89105,2
42021,4.84466,49.8913,2
42022,4.84466,49.8913,2
42023,4.84466,49.8913,2
42024,4.84466,49.8913,2
42025,4.84529,49.89197,2
42026,4.84466,49.8913,2
42027,4.84466,49.8913,2
42028,4.84466,49.8913,2
42029,4.84466,49.8913,2
42030,4.84466,49.8913,2
42031,4.84466,49.8913,2
42032,4.84466,49.8913,2
42033,4.84466,49.8913,2
42034,4.84466,49.8913,2
42035,4.84466,49.8913,2
42036,4.84466,49.8913,2
42037,4.84484,49.89154,2
42038,4.84484,49.89154,2
42039,4.84529,49.89197,2
42040,4.84259,49.88164,2
42041,4.84529,49.89197,2
42042,4.84529,49.89197,2
42043,4.84529,49.89197,2
42044,4.84529,49.89197,2
42045,4.84529,49.89197,2
42046,4.84529,49.89197,2
42047,4.84529,49.89197,2
42048,4.84529,49.89197,2
42049,4.84529,49.89197,2
42050,4.84529,49.89197,2
42051,4.84505,49.89176,2
42052,4.84505,49.89176,2
42053,4.84505,49.89176,2
42054,4.84505,49.89176,2
42055,4.84505,49.89176,2
42056,4.84505,49.89176,2
42057,4.84505,49.89176,2
42058,4.84505,49.89176,2
42059,4.84505,49.89176,2
42060,4.84505,49.89176,2
42061,4.84505,49.89176,2
42062,4.84505,49.89176,2
42063,4.84505,49.89176,2
42064,4.84129,49.88603,2
42065,4.84505,49.89176,2
42066,4.84129,49.88603,2
42067,4.84505,49.89176,2
42068,4.84132,49.88596,2
42069,4.84505,49.89176,2
42070,4.84135,49.88589,2
42071,4.84505,49.89176,2
42072,4.84138,49.88582,2
42073,4.84894,49.89391,2
42074,4.84141,49.88575,2
42075,4.84141,49.88575,2
42076,4.84144,49.88568,2
42077,4.84144,49.88568,2
42078,4.84144,49.88568,2
42079,4.8415,49.88554,2
42080,4.84147,49.88561,2
42081,4.84153,49.88547,2
42082,4.84156,49.8854,2
42083,4.84158,49.88526,2
42084,4.84158,49.88526,2
42085,4.84157,49.88519,2
42086,4.84155,49.88512,2
42087,4.84153,49.88505,2
42088,4.84152,49.88498,2
42089,4.84151,49.8849,2
42090,4.84152,49.88483,2
42091,4.84154,49.88469,2
42092,4.84157,49.88447,2
42093,4.8416,49.88426,2
42094,4.8416,49.88419,2
42095,4.84161,49.88411,2
42096,4.84162,49.88404,2
42097,4.84163,49.88397,2
42098,4.84115,49.88682,2
42099,4.84878,49.87515,2
42100,4.84049,49.88716,2
42101,4.8488,49.87504,2
42102,4.84032,49.88724,2
42103,4.84112,49.88699,2
42104,4.84103,49.88703,2
42105,4.84094,49.88708,2
42106,4.84085,49.88712,2
42107,4.84076,49.88717,2
42108,4.84057,49.88726,2
42109,4.84317,49.88438,2
42110,4.84276,49.88524,2
42111,4.84067,49.88721,2
42112,4.84276,49.88524,2
42113,4.84048,49.88731,2
42114,4.84039,49.88735,2
42115,4.84029,49.8874,2
42116,4.84019,49.88744,2
42117,4.84016,49.88732,2
42118,4.84009,49.88749,2
42119,4.83984,49.88745,2
42120,4.83999,49.88753,2
42121,4.83989,49.88757,2
42122,4.84,49.88738,2
42123,4.83978,49.88762,2
42124,4.83968,49.88765,2
42125,4.83968,49.88765,2
42126,4.83984,49.88745,2
42127,4.83957,49.88769,2
42128,4.83968,49.88752,2
42129,4.83951,49.88758,2
42130,4.83919,49.88771,2
42131,4.83981,49.88794,2
42132,4.83953,49.88832,2
42133,4.83984,49.88809,2
42134,4.84025,49.8879,2
42135,4.83956,49.88819,2
42136,4.83956,49.88819,2
42137,4.83913,49.88852,2
42138,4.83904,49.88849,2
42139,4.83872,49.88859,2
42140,4.83956,49.88819,2
42141,4.83932,49.8884,2
42142,4.83956,49.88819,2
42143,4.83877,49.88799,2
42144,4.83824,49.88816,2
42145,4.83824,49.88816,2
42146,4.83824,49.88816,2
42147,4.83824,49.88816,2
42148,4.83824,49.88816,2
42149,4.83824,49.88816,2
42150,4.83824,49.88816,2
42151,4.83771,49.88833,2
42152,4.83771,49.88833,2
42153,4.83771,49.88833,2
42154,4.83771,49.88833,2
42155,4.83771,49.88833,2
42156,4.83771,49.88833,2
42157,4.84153,49.88658,2
42158,4.83771,49.88833,2
42159,4.83718,49.8885,2
42160,4.83718,49.8885,2
42161,4.83718,49.8885,2
42162,4.83718,49.8885,2
42163,4.83718,49.8885,2
42164,4.83718,49.8885,2
42165,4.83718,49.8885,2
42166,4.83718,49.8885,2
42167,4.83737,49.88831,2
42168,4.83718,49.8885,2
42169,4.83926,49.88777,2
42170,4.83445,49.88897,2
42171,4.83445,49.88897,2
42172,4.83445,49.88897,2
42173,4.83445,49.88897,2
42174,4.83445,49.88897,2
42175,4.83445,49.88897,2
42176,4.83445,49.88897,2
42177,4.83445,49.88897,2
42178,4.83445,49.88897,2
42179,4.34855,49.80019,2
42180,4.36967,49.80205,2
42181,4.35087,49.79809,2
42182,4.351868,49.799688,2
42183,4.35266,49.79961,2
42184,4.34793,49.80018,2
42185,4.35153,49.80005,2
42186,4.350638,49.800175,2
42187,4.35332,49.80268,2
42188,4.3532,49.80298,2
42189,4.35305,49.80293,2
42190,4.36879,49.80245,2
42191,4.36826,49.8039,2
42192,4.36631,49.80305,2
42193,4.37052,49.80449,2
42194,4.3706,49.80278,2
42195,4.37523,49.81543,2
42196,4.36879,49.80245,2
42197,4.35266,49.79961,2
42198,4.3642,49.81228,2
42199,4.36879,49.80245,2
42200,4.35266,49.79961,2
42201,4.37052,49.80449,2
42202,4.34855,49.80019,2
42203,4.3642,49.81228,2
42204,4.36879,49.78643,2
42205,4.35097,49.79804,2
42206,4.35097,49.79804,2
42207,4.35097,49.79804,2
42208,4.35266,49.79961,2
42209,4.35266,49.79961,2
42210,4.35266,49.79961,2
42211,4.35266,49.79961,2
42212,4.35103,49.79977,2
42213,4.34975,49.8,2
42214,4.34858,49.80018,2
42215,4.34828,49.80021,2
42216,4.34855,49.80019,2
42217,4.34762,49.80009,2
42218,4.34977,49.80011,2
42219,4.35093,49.80026,2
42220,4.35142,49.80005,2
42221,4.34312,49.79933,2
42222,4.35149,49.8008,2
42223,4.3511,49.8017,2
42224,4.3524,49.80277,2
42225,4.35295,49.8028,2
42226,4.35343,49.80229,2
42227,4.35361,49.80191,2
42228,4.35325,49.80227,2
42229,4.35483,49.80336,2
42230,4.35385,49.80307,2
42231,4.35251,49.80301,2
42232,4.35288,49.80302,2
42233,4.35218,49.80293,2
42234,4.35266,49.79961,2
42235,4.36879,49.80245,2
42236,4.36887,49.80237,2
42237,4.35266,49.79961,2
42238,4.36967,49.80205,2
42239,4.36918,49.80211,2
42240,4.36541,49.80336,2
42241,4.36582,49.80318,2
42242,4.3668,49.80351,2
42243,4.3642,49.81228,2
42244,4.36527,49.80381,2
42245,4.3649,49.80428,2
42246,4.36802,49.8038,2
42247,4.36777,49.80371,2
42248,4.36936,49.80377,2
42249,4.35266,49.79961,2
42250,4.36905,49.80417,2
42251,4.36936,49.80377,2
42252,4.37052,49.80449,2
42253,4.36951,49.80383,2
42254,4.3701,49.80318,2
42255,4.35266,49.79961,2
42256,4.36799,49.80393,2
42257,4.37048,49.81387,2
42258,4.9529,49.42697,2
42259,4.9529,49.42697,2
42260,4.9528,49.42709,2
42261,4.9528,49.42709,2
42262,4.9528,49.42709,2
42263,4.9528,49.42709,2
42264,4.9528,49.42709,2
42265,4.9528,49.42709,2
42266,4.951879,49.428955,2
42267,4.952019,49.428188,2
42268,4.949301,49.426233,2
42269,4.95026,49.42645,2
42270,4.949301,49.426233,2
42271,4.949301,49.426233,2
42272,4.948002,49.426432,2
42273,4.95552,49.42715,2
42274,4.95552,49.42715,2
42275,4.956,49.42605,2
42276,4.956,49.42605,2
42277,4.956,49.42605,2
42278,4.956,49.42605,2
42279,4.956,49.42605,2
42280,4.956,49.42605,2
42281,4.95552,49.42619,2
42282,4.95537,49.42602,2
42283,4.95522,49.42585,2
42284,4.95529,49.42616,2
42285,4.95519,49.42605,2
42286,4.95509,49.42594,2
42287,4.95431,49.42563,2
42288,4.95431,49.42563,2
42289,4.95507,49.42568,2
42290,4.95494,49.42552,2
42291,4.9549,49.42533,2
42292,4.95472,49.42534,2
42293,4.95529,49.42616,2
42294,4.95478,49.42543,2
42295,4.95552,49.42488,2
42296,4.95478,49.42543,2
42297,4.95516,49.42386,2
42298,4.95459,49.42371,2
42299,4.95408,49.42348,2
42300,4.95594,49.426,2
42301,4.95478,49.42543,2
42302,4.95594,49.426,2
42303,4.95478,49.42543,2
42304,4.95478,49.42543,2
42305,4.95478,49.42543,2
42306,4.95478,49.42543,2
42307,4.95478,49.42543,2
42308,4.95478,49.42543,2
42309,4.95478,49.42543,2
42310,4.95478,49.42543,2
42311,4.95478,49.42543,2
42312,4.9576,49.42419,2
42313,4.9576,49.42419,2
42314,4.9576,49.42419,2
42315,4.9576,49.42419,2
42316,4.9528,49.42709,2
42317,4.9576,49.42419,2
42318,4.95761,49.42425,2
42319,4.9576,49.42419,2
42320,4.9576,49.42419,2
42321,4.960406,49.424051,2
42322,4.964043,49.421904,2
42323,4.95543,49.42706,2
42324,4.956,49.42605,2
42325,4.956,49.42605,2
42326,4.956,49.42605,2
42327,4.95594,49.426,2
42328,4.95626,49.42584,2
42329,4.95626,49.42584,2
42330,4.95649,49.42571,2
42331,4.95677,49.42557,2
42332,4.95862,49.42461,2
42333,4.95862,49.42461,2
42334,4.95862,49.42461,2
42335,4.95862,49.42461,2
42336,4.95862,49.42461,2
42337,4.956,49.42605,2
42338,4.95862,49.42461,2
42339,4.95862,49.42461,2
42340,4.95862,49.42461,2
42341,4.95862,49.42461,2
42342,4.95977,49.42403,2
42343,4.95719,49.42535,2
42344,4.95733,49.42528,2
42345,4.95747,49.42521,2
42346,4.956,49.42605,2
42347,4.956,49.42605,2
42348,4.956,49.42605,2
42349,4.956,49.42605,2
42350,4.956,49.42605,2
42351,4.956,49.42605,2
42352,4.956,49.42605,2
42353,4.961984,49.423935,2
42354,4.95552,49.42715,2
42355,4.95552,49.42715,2
42356,4.95552,49.42715,2
42357,4.95552,49.42715,2
42358,4.956,49.42605,2
42359,4.956,49.42605,2
42360,4.956,49.42605,2
42361,4.956,49.42605,2
42362,4.9566,49.42581,2
42363,4.95688,49.42566,2
42364,4.95703,49.42559,2
42365,4.95717,49.42551,2
42366,4.95731,49.42544,2
42367,4.95746,49.42536,2
42368,4.9576,49.42529,2
42369,4.956,49.42605,2
42370,4.956,49.42605,2
42371,4.956,49.42605,2
42372,4.942907,49.427028,2
42373,4.961984,49.423935,2
42374,4.984747,49.42528,2
42375,4.96186,49.42401,2
42376,4.96194,49.42425,2
42377,4.9623,49.42429,2
42378,4.96268,49.4243,2
42379,4.96267,49.42418,2
42380,4.96226,49.42417,2
42381,4.96205,49.42401,2
42382,4.956,49.42605,2
42383,4.956,49.42605,2
42384,4.956,49.42605,2
42385,4.956,49.42605,2
42386,4.956,49.42605,2
42387,4.964184,49.425191,2
42388,4.964184,49.425191,2
42389,4.964901,49.425463,2
42390,4.95543,49.42706,2
42391,4.956,49.42605,2
42392,4.956,49.42605,2
42393,4.96422,49.42507,2
42394,4.9528,49.42709,2
42395,4.9528,49.42709,2
42396,4.95582,49.42954,2
42397,4.954139,49.426802,2
42398,4.95535,49.42861,2
42399,4.95535,49.42861,2
42400,4.95535,49.42861,2
42401,4.955678,49.427803,2
42402,4.968909,49.433761,2
42403,4.95758,49.427546,2
42404,4.95526,49.42658,2
42405,4.9528,49.42709,2
42406,4.9528,49.42709,2
42407,4.948235,49.426409,2
42408,4.95552,49.42715,2
42409,4.956,49.42605,2
42410,4.95562,49.42617,2
42411,4.95509,49.42594,2
42412,4.95477,49.42555,2
42413,4.9549,49.42533,2
42414,4.95478,49.42543,2
42415,4.95557,49.42413,2
42416,4.95357,49.42325,2
42417,4.95478,49.42543,2
42418,4.964621,49.421622,2
42419,4.95562,49.42617,2
42420,4.95594,49.426,2
42421,4.95663,49.42564,2
42422,4.95977,49.42403,2
42423,4.956,49.42605,2
42424,4.956,49.42605,2
42425,4.95552,49.42715,2
42426,4.956,49.42605,2
42427,4.95674,49.42573,2
42428,4.954593,49.425166,2
42429,4.963132,49.426984,2
42430,4.956,49.42605,2
42431,4.95535,49.42861,2
42432,4.95531,49.427604,2
42433,4.9528,49.42709,2
42434,4.95862,49.42461,2
42435,4.95862,49.42461,2
42436,4.95522,49.42585,2
42437,4.95582,49.42954,2
42438,4.963007,49.42696,2
42439,4.939499,49.425313,2
42440,4.95535,49.42861,2
42441,4.95535,49.42861,2
42442,4.95535,49.42861,2
42443,4.95535,49.42861,2
42444,4.95535,49.42861,2
42445,4.95535,49.42861,2
42446,4.95535,49.42861,2
42447,4.95535,49.42861,2
42448,4.95535,49.42861,2
42449,4.9511,49.429349,2
42450,4.95535,49.42861,2
42451,4.95522,49.42585,2
42452,4.95535,49.42861,2
42453,4.95535,49.42861,2
42454,4.95535,49.42861,2
42455,4.95535,49.42861,2
42456,4.95535,49.42861,2
42457,4.95535,49.42861,2
42458,4.95535,49.42861,2
42459,4.95542,49.42862,2
42460,4.955229,49.427902,2
42461,4.955229,49.427902,2
42462,4.955678,49.427803,2
42463,4.95977,49.42403,2
42464,4.955678,49.427803,2
42465,4.95535,49.42861,2
42466,4.955229,49.427902,2
42467,4.955162,49.428209,2
42468,4.955235,49.428567,2
42469,4.956,49.42605,2
42470,4.95543,49.42706,2
42471,4.956384,49.427868,2
42472,4.960406,49.424051,2
42473,4.960337,49.424061,2
42474,4.957154,49.427555,2
42475,4.957154,49.427555,2
42476,4.95758,49.427546,2
42477,4.956315,49.427591,2
42478,4.95758,49.427546,2
42479,4.957168,49.427554,2
42480,4.95758,49.427546,2
42481,4.95758,49.427546,2
42482,4.95872,49.42777,2
42483,4.95872,49.42777,2
42484,4.95872,49.42777,2
42485,4.95872,49.42777,2
42486,4.95872,49.42777,2
42487,4.95872,49.42777,2
42488,4.95872,49.42777,2
42489,4.95872,49.42777,2
42490,4.95958,49.42758,2
42491,4.95872,49.42777,2
42492,4.95872,49.42777,2
42493,4.95872,49.42777,2
42494,4.955678,49.427803,2
42495,4.956492,49.427282,2
42496,4.95734,49.4267,2
42497,4.95647,49.42726,2
42498,4.956825,49.42678,2
42499,4.95594,49.426,2
42500,4.956825,49.42678,2
42501,4.95647,49.42726,2
42502,4.95633,49.42711,2
42503,4.942218,49.427034,2
42504,4.95648,49.42745,2
42505,4.95526,49.42653,2
42506,4.95531,49.427604,2
42507,4.95543,49.42706,2
42508,4.95526,49.42653,2
42509,4.95526,49.42653,2
42510,4.95531,49.427604,2
42511,4.95526,49.42653,2
42512,4.95524,49.42657,2
42513,4.95523,49.42657,2
42514,4.95521,49.42656,2
42515,4.95518,49.42655,2
42516,4.9528,49.42709,2
42517,4.9528,49.42709,2
42518,4.9528,49.42709,2
42519,4.9528,49.42709,2
42520,4.9528,49.42709,2
42521,4.9528,49.42709,2
42522,4.9528,49.42709,2
42523,4.9544,49.42748,2
42524,4.953462,49.427311,2
42525,4.950837,49.429597,2
42526,4.953462,49.427311,2
42527,4.951764,49.42778,2
42528,4.952148,49.428293,2
42529,4.9528,49.42709,2
42530,4.9528,49.42709,2
42531,5.01646,49.74267,2
42532,5.01646,49.74267,2
42533,5.012976,49.740004,2
42534,5.01298,49.73987,2
42535,5.01333,49.74021,2
42536,5.01329,49.74039,2
42537,5.01365,49.74051,2
42538,5.0138,49.74065,2
42539,5.01394,49.74079,2
42540,5.01409,49.74092,2
42541,5.01423,49.74106,2
42542,5.01438,49.7412,2
42543,5.01452,49.74133,2
42544,5.01467,49.74147,2
42545,5.01484,49.74159,2
42546,5.01506,49.74172,2
42547,5.01529,49.74185,2
42548,5.01557,49.74198,2
42549,5.0158,49.74209,2
42550,5.01598,49.74218,2
42551,5.01646,49.74267,2
42552,5.01621,49.74229,2
42553,5.01652,49.74245,2
42554,5.01649,49.74272,2
42555,5.0168,49.74258,2
42556,5.01702,49.7427,2
42557,5.01741,49.74296,2
42558,5.01761,49.7431,2
42559,5.01781,49.74323,2
42560,5.01796,49.74338,2
42561,5.0181,49.74355,2
42562,5.01851,49.74403,2
42563,5.01864,49.74419,2
42564,5.018157,49.743879,2
42565,5.01878,49.74435,2
42566,5.01646,49.74267,2
42567,5.01923,49.74469,2
42568,5.01646,49.74267,2
42569,5.01902,49.74468,2
42570,5.0193,49.74504,2
42571,5.01949,49.74527,2
42572,5.01964,49.74551,2
42573,5.0198,49.74574,2
42574,5.01996,49.74597,2
42575,5.020025,49.745913,2
42576,5.02029,49.74643,2
42577,5.02044,49.74667,2
42578,5.02057,49.74691,2
42579,5.023589,49.750911,2
42580,5.01646,49.74267,2
42581,5.02,49.74574,2
42582,5.0203,49.74616,2
42583,5.020025,49.745913,2
42584,5.02058,49.74659,2
42585,5.01972,49.74532,2
42586,5.01946,49.74498,2
42587,5.01646,49.74267,2
42588,5.0188,49.74413,2
42589,5.01838,49.74364,2
42590,5.017137,49.74294,2
42591,5.01735,49.74275,2
42592,5.01735,49.74275,2
42593,5.01735,49.74275,2
42594,5.017336,49.743035,2
42595,5.0169,49.74249,2
42596,5.01648,49.74228,2
42597,5.01646,49.74267,2
42598,5.01609,49.74208,2
42599,5.01591,49.742,2
42600,5.01567,49.74189,2
42601,5.01545,49.74178,2
42602,5.01529,49.74169,2
42603,5.01513,49.74161,2
42604,5.0149,49.74147,2
42605,5.014374,49.741546,2
42606,5.01463,49.74123,2
42607,5.01437,49.74099,2
42608,5.01411,49.74074,2
42609,5.01386,49.7405,2
42610,5.016125,49.734508,2
42611,5.013623,49.734644,2
42612,5.013795,49.734748,2
42613,5.03772,49.757965,2
42614,5.03812,49.75819,2
42615,5.040198,49.760228,2
42616,5.01837,49.74387,2
42617,5.01646,49.74267,2
42618,5.017194,49.742966,2
42619,5.01408,49.74086,2
42620,5.021602,49.75109,2
42621,5.03772,49.757965,2
42622,5.02069,49.74715,2
42623,5.01408,49.74086,2
42624,5.039028,49.758053,2
42625,5.01408,49.74086,2
42626,5.01408,49.74086,2
42627,5.038132,49.758162,2
42628,5.020204,49.746152,2
42629,5.039205,49.757995,2
42630,5.037507,49.75735,2
42631,5.01837,49.74387,2
42632,5.01837,49.74387,2
42633,5.01318,49.74007,2
42634,4.9473,49.74695,2
42635,4.94709,49.7486,2
42636,4.94661,49.74655,2
42637,4.94605,49.74673,2
42638,4.94575,49.74655,2
42639,4.94636,49.74669,2
42640,4.94641,49.74679,2
42641,4.94609,49.7466,2
42642,4.94584,49.74645,2
42643,4.94647,49.74627,2
42644,4.94724,49.74674,2
42645,4.94732,49.74682,2
42646,4.94725,49.74697,2
42647,4.9474,49.74691,2
42648,4.94748,49.74699,2
42649,4.94756,49.74707,2
42650,4.94763,49.74714,2
42651,4.94772,49.74721,2
42652,4.947821,49.747427,2
42653,4.94799,49.74744,2
42654,4.94812,49.74755,2
42655,4.94834,49.74743,2
42656,4.94824,49.74764,2
42657,4.94834,49.74743,2
42658,4.94837,49.74774,2
42659,4.94849,49.74783,2
42660,4.95098,49.7486,2
42661,4.94872,49.74803,2
42662,4.94881,49.74813,2
42663,4.9487,49.74743,2
42664,4.94891,49.74766,2
42665,4.94913,49.74789,2
42666,4.9493,49.74804,2
42667,4.94924,49.7484,2
42668,4.94925,49.74817,2
42669,4.95094,49.74829,2
42670,4.94959,49.74838,2
42671,4.94959,49.74838,2
42672,4.94945,49.74812,2
42673,4.94959,49.74838,2
42674,4.95249,49.74857,2
42675,4.95292,49.74857,2
42676,4.94876,49.74808,2
42677,4.95292,49.74869,2
42678,4.95249,49.74869,2
42679,4.95098,49.7486,2
42680,4.94834,49.74743,2
42681,4.94988,49.74863,2
42682,4.951,49.74854,2
42683,4.95052,49.74865,2
42684,4.95084,49.74865,2
42685,4.95116,49.74866,2
42686,4.94865,49.74819,2
42687,4.94834,49.74743,2
42688,4.95179,49.74867,2
42689,4.95148,49.74867,2
42690,4.94868,49.74822,2
42691,4.94865,49.74819,2
42692,4.94862,49.74816,2
42693,4.94859,49.74812,2
42694,4.94856,49.74809,2
42695,4.94854,49.74806,2
42696,4.94852,49.7481,2
42697,4.94782,49.74776,2
42698,4.94807,49.74824,2
42699,4.94784,49.74831,2
42700,4.94773,49.74835,2
42701,4.94792,49.74915,2
42702,4.94781,49.74887,2
42703,4.95098,49.7486,2
42704,4.9477,49.74859,2
42705,4.94651,49.74912,2
42706,4.94682,49.74874,2
42707,4.94639,49.74896,2
42708,4.94718,49.74852,2
42709,4.9476,49.74823,2
42710,4.9476,49.74827,2
42711,4.94865,49.74819,2
42712,4.9476,49.74823,2
42713,4.94834,49.74743,2
42714,4.9476,49.74818,2
42715,4.9476,49.74814,2
42716,4.9476,49.74809,2
42717,4.9476,49.74805,2
42718,4.94762,49.74794,2
42719,4.9476,49.74801,2
42720,4.95098,49.7486,2
42721,4.94914,49.74716,2
42722,4.95133,49.74282,2
42723,4.94574,49.74588,2
42724,4.94784,49.74956,2
42725,4.94784,49.74956,2
42726,4.94834,49.74745,2
42727,4.95179,49.74867,2
42728,4.95179,49.74867,2
42729,4.948006,49.746973,2
42730,4.94672,49.74664,2
42731,4.94877,49.74726,2
42732,4.94609,49.74667,2
42733,4.94772,49.74721,2
42734,4.94772,49.74721,2
42735,4.947464,49.746689,2
42736,4.95098,49.7486,2
42737,4.9878,49.72034,2
42738,4.98746,49.72068,2
42739,4.98764,49.72027,2
42740,4.98774,49.72025,2
42741,4.98774,49.72025,2
42742,4.98774,49.72025,2
42743,4.98774,49.72025,2
42744,4.99157,49.72475,2
42745,4.98774,49.72025,2
42746,4.98774,49.72025,2
42747,4.98774,49.72025,2
42748,4.98774,49.72025,2
42749,4.98774,49.72025,2
42750,4.98711,49.72083,2
42751,4.98698,49.72086,2
42752,4.98685,49.72089,2
42753,4.98672,49.72092,2
42754,4.98659,49.72096,2
42755,4.98646,49.72099,2
42756,4.98813,49.72112,2
42757,4.98597,49.72224,2
42758,4.98597,49.72224,2
42759,4.98597,49.72224,2
42760,4.98597,49.72224,2
42761,4.98601,49.72194,2
42762,4.98575,49.72254,2
42763,4.98597,49.72224,2
42764,4.98621,49.72129,2
42765,4.98623,49.71908,2
42766,4.98623,49.71908,2
42767,4.98623,49.71908,2
42768,4.98623,49.71908,2
42769,4.98634,49.7202,2
42770,4.98634,49.7202,2
42771,4.98774,49.72025,2
42772,4.98774,49.72025,2
42773,4.98672,49.7208,2
42774,4.98672,49.7208,2
42775,4.98774,49.72025,2
42776,4.98774,49.72025,2
42777,4.98774,49.72025,2
42778,4.98774,49.72025,2
42779,4.98774,49.72025,2
42780,4.98774,49.72025,2
42781,4.98715,49.72055,2
42782,4.98715,49.72055,2
42783,4.98715,49.72055,2
42784,4.98715,49.72055,2
42785,4.98715,49.72055,2
42786,4.98715,49.72055,2
42787,4.98696,49.7207,2
42788,4.98698,49.72047,2
42789,4.987,49.72023,2
42790,4.98702,49.71999,2
42791,4.98704,49.71975,2
42792,4.98721,49.71982,2
42793,4.98721,49.71982,2
42794,4.98721,49.71982,2
42795,4.98721,49.71982,2
42796,4.98721,49.71982,2
42797,4.98721,49.71982,2
42798,4.98721,49.71982,2
42799,4.98721,49.71982,2
42800,4.98721,49.71982,2
42801,4.98714,49.71936,2
42802,4.98714,49.71936,2
42803,4.98714,49.71936,2
42804,4.98707,49.71935,2
42805,4.98679,49.71927,2
42806,4.98679,49.71927,2
42807,4.98679,49.71927,2
42808,4.98617,49.71965,2
42809,4.98606,49.72045,2
42810,4.98606,49.72045,2
42811,4.98606,49.72045,2
42812,4.98623,49.71908,2
42813,4.98679,49.71927,2
42814,4.98679,49.71927,2
42815,4.98679,49.71927,2
42816,4.98433,49.71877,2
42817,4.98679,49.71927,2
42818,4.98693,49.71896,2
42819,4.98696,49.71885,2
42820,4.9864,49.71878,2
42821,4.98566,49.71846,2
42822,4.98433,49.71877,2
42823,4.98569,49.71869,2
42824,4.98539,49.71838,2
42825,4.98566,49.71846,2
42826,4.98515,49.7178,2
42827,4.98502,49.71776,2
42828,4.98513,49.71804,2
42829,4.98822,49.72805,2
42830,4.98407,49.7166,2
42831,4.98462,49.71737,2
42832,4.98437,49.71703,2
42833,4.98424,49.71655,2
42834,4.98412,49.71638,2
42835,4.98433,49.71877,2
42836,4.98433,49.71877,2
42837,4.98433,49.71877,2
42838,4.98433,49.71877,2
42839,4.98433,49.71877,2
42840,4.98895,49.72109,2
42841,4.98433,49.71877,2
42842,4.98433,49.71877,2
42843,4.98433,49.71877,2
42844,4.98433,49.71877,2
42845,4.98433,49.71877,2
42846,4.98433,49.71877,2
42847,4.99281,49.72686,2
42848,4.9923,49.72701,2
42849,4.9927,49.72703,2
42850,4.99253,49.72724,2
42851,4.99233,49.72724,2
42852,4.9922,49.72712,2
42853,4.99157,49.72475,2
42854,4.99206,49.727,2
42855,4.99293,49.72708,2
42856,4.99273,49.72716,2
42857,4.9925,49.72716,2
42858,4.99414,49.72835,2
42859,4.9925,49.72716,2
42860,4.99474,49.72857,2
42861,4.9925,49.72716,2
42862,4.98784,49.72654,2
42863,4.98819,49.72679,2
42864,4.98821,49.72717,2
42865,4.98826,49.72753,2
42866,4.98863,49.72816,2
42867,4.98876,49.7285,2
42868,4.98889,49.72885,2
42869,4.98909,49.72758,2
42870,4.98893,49.72752,2
42871,4.98748,49.7279,2
42872,4.98846,49.72783,2
42873,4.98748,49.7279,2
42874,4.98535,49.71886,2
42875,4.98822,49.72805,2
42876,4.98761,49.72815,2
42877,4.98728,49.72792,2
42878,4.98694,49.72752,2
42879,4.98715,49.72761,2
42880,4.98728,49.72792,2
42881,4.98826,49.72753,2
42882,4.98761,49.72659,2
42883,4.98316,49.73037,2
42884,4.98316,49.73037,2
42885,4.98316,49.73037,2
42886,4.98822,49.72805,2
42887,4.98843,49.72733,2
42888,4.98942,49.7277,2
42889,4.98959,49.72776,2
42890,4.98975,49.72782,2
42891,4.98822,49.72805,2
42892,4.98993,49.72809,2
42893,4.98822,49.72805,2
42894,4.98947,49.72786,2
42895,4.98822,49.72805,2
42896,4.98978,49.728,2
42897,4.98913,49.72773,2
42898,4.9886,49.72739,2
42899,4.98878,49.7276,2
42900,4.98843,49.72747,2
42901,4.9903,49.71961,2
42902,4.9903,49.71961,2
42903,4.99125,49.72445,2
42904,4.98435,49.71673,2
42905,4.98606,49.72045,2
42906,4.983536,49.709463,2
42907,4.98712,49.71872,2
42908,4.98627,49.71715,2
42909,4.98627,49.71715,2
42910,4.98627,49.71715,2
42911,4.98566,49.7148,2
42912,4.9858,49.71521,2
42913,4.98588,49.71541,2
42914,4.98595,49.71561,2
42915,4.98602,49.71582,2
42916,4.98609,49.71602,2
42917,4.98861,49.71922,2
42918,4.98616,49.71622,2
42919,4.98887,49.72165,2
42920,4.98887,49.72165,2
42921,4.98624,49.71642,2
42922,4.98631,49.71663,2
42923,4.98316,49.73037,2
42924,4.98638,49.71683,2
42925,4.98316,49.73037,2
42926,4.983386,49.730321,2
42927,4.98645,49.71703,2
42928,4.98813,49.72112,2
42929,4.98627,49.71708,2
42930,4.99116,49.71144,2
42931,4.98608,49.7172,2
42932,4.99048,49.71112,2
42933,4.98628,49.71719,2
42934,4.99116,49.71144,2
42935,4.98648,49.71718,2
42936,4.98573,49.715,2
42937,4.98672,49.7177,2
42938,4.99116,49.71144,2
42939,4.99008,49.71606,2
42940,4.98692,49.71821,2
42941,4.98973,49.717989,2
42942,4.98712,49.71872,2
42943,4.98954,49.7189,2
42944,4.98712,49.71872,2
42945,4.98737,49.71899,2
42946,4.99008,49.71606,2
42947,4.98785,49.7191,2
42948,4.9903,49.71961,2
42949,4.98805,49.71941,2
42950,4.98861,49.71922,2
42951,4.98774,49.72025,2
42952,4.98923,49.71945,2
42953,4.98774,49.72025,2
42954,4.98935,49.71967,2
42955,4.98433,49.71877,2
42956,4.98822,49.72805,2
42957,4.98887,49.72165,2
42958,4.9893,49.71991,2
42959,4.98925,49.72014,2
42960,4.98921,49.72037,2
42961,4.98916,49.72061,2
42962,4.98911,49.72084,2
42963,4.98908,49.72103,2
42964,4.98905,49.72117,2
42965,4.98894,49.72182,2
42966,4.98891,49.72206,2
42967,4.98891,49.7222,2
42968,4.98889,49.72236,2
42969,4.98887,49.72165,2
42970,4.98887,49.72165,2
42971,4.99125,49.72445,2
42972,4.98953,49.72285,2
42973,4.99125,49.72445,2
42974,4.99125,49.72445,2
42975,4.99035,49.72345,2
42976,4.99125,49.72445,2
42977,4.99076,49.72375,2
42978,4.99116,49.72416,2
42979,4.99157,49.72475,2
42980,4.9917,49.72494,2
42981,4.99191,49.72526,2
42982,4.99222,49.72571,2
42983,4.99228,49.72609,2
42984,4.99182,49.72542,2
42985,4.99147,49.72489,2
42986,4.99099,49.72421,2
42987,4.99056,49.72378,2
42988,4.99001,49.72338,2
42989,4.98946,49.72298,2
42990,4.98966,49.72494,2
42991,4.98969,49.72483,2
42992,4.98971,49.72473,2
42993,4.98974,49.72463,2
42994,4.98976,49.72453,2
42995,4.9896,49.72446,2
42996,4.98956,49.72461,2
42997,4.98953,49.72475,2
42998,4.98949,49.7249,2
42999,4.98947,49.7251,2
43000,4.98951,49.72533,2
43001,4.98958,49.72551,2
43002,4.98967,49.72569,2
43003,4.98982,49.72563,2
43004,4.98975,49.72546,2
43005,4.98968,49.7253,2
43006,4.99017,49.72507,2
43007,4.99026,49.7252,2
43008,4.99034,49.72533,2
43009,4.99043,49.72547,2
43010,4.99059,49.72542,2
43011,4.99051,49.72529,2
43012,4.99042,49.72515,2
43013,4.99034,49.72502,2
43014,4.98886,49.72333,2
43015,4.99125,49.72445,2
43016,4.98969,49.72483,2
43017,4.9896,49.72446,2
43018,4.98875,49.72362,2
43019,4.98869,49.72372,2
43020,4.98864,49.72382,2
43021,4.98859,49.72391,2
43022,4.98316,49.73037,2
43023,4.98316,49.73037,2
43024,4.98316,49.73037,2
43025,4.98316,49.73037,2
43026,4.98865,49.72364,2
43027,4.98866,49.72307,2
43028,4.98868,49.72283,2
43029,4.98869,49.72268,2
43030,4.98869,49.72261,2
43031,4.98869,49.72254,2
43032,4.98869,49.72247,2
43033,4.98874,49.72213,2
43034,4.98875,49.72189,2
43035,4.98877,49.72172,2
43036,4.98877,49.72172,2
43037,4.98879,49.72154,2
43038,4.98881,49.72137,2
43039,4.988692,49.721211,2
43040,4.98847,49.72111,2
43041,4.98786,49.72116,2
43042,4.98786,49.72116,2
43043,4.98786,49.72116,2
43044,4.99125,49.72445,2
43045,4.98746,49.72102,2
43046,4.98813,49.72112,2
43047,4.9889,49.72102,2
43048,4.98896,49.72068,2
43049,4.98907,49.72015,2
43050,4.98914,49.71963,2
43051,4.99048,49.71112,2
43052,4.98627,49.71715,2
43053,4.98627,49.71715,2
43054,4.98747,49.71889,2
43055,4.99278,49.72652,2
43056,4.98861,49.71922,2
43057,4.98861,49.71922,2
43058,4.98861,49.71922,2
43059,4.9879,49.71899,2
43060,4.98856,49.71867,2
43061,4.98847,49.71912,2
43062,4.98881,49.7192,2
43063,4.98861,49.71922,2
43064,4.98918,49.71917,2
43065,4.98433,49.71877,2
43066,4.98949,49.71855,2
43067,4.98956,49.71835,2
43068,4.98957,49.71825,2
43069,4.98957,49.71815,2
43070,4.98958,49.71805,2
43071,4.98959,49.71795,2
43072,4.98959,49.71785,2
43073,4.9896,49.71775,2
43074,4.98959,49.71765,2
43075,4.98923,49.71945,2
43076,4.98956,49.71755,2
43077,4.98953,49.71746,2
43078,4.98951,49.71736,2
43079,4.9895,49.71726,2
43080,4.98949,49.71716,2
43081,4.98949,49.71706,2
43082,4.98948,49.71696,2
43083,4.98947,49.71686,2
43084,4.98946,49.71676,2
43085,4.98774,49.72025,2
43086,4.98945,49.71666,2
43087,4.98774,49.72025,2
43088,4.98943,49.71656,2
43089,4.98774,49.72025,2
43090,4.98929,49.71652,2
43091,4.98721,49.71982,2
43092,4.98978,49.71777,2
43093,4.98721,49.71982,2
43094,4.98978,49.71777,2
43095,4.98995,49.7172,2
43096,4.99002,49.71681,2
43097,4.99001,49.71659,2
43098,4.98999,49.71636,2
43099,4.98998,49.71614,2
43100,4.98996,49.71591,2
43101,4.98995,49.71569,2
43102,4.98998,49.71546,2
43103,4.99002,49.71524,2
43104,4.99006,49.71502,2
43105,4.99012,49.7148,2
43106,4.9902,49.71462,2
43107,4.9903,49.71445,2
43108,4.99044,49.71428,2
43109,4.99058,49.71412,2
43110,4.99072,49.71395,2
43111,4.99085,49.71378,2
43112,4.99099,49.71362,2
43113,4.99113,49.71345,2
43114,4.99127,49.71329,2
43115,4.99094,49.71317,2
43116,4.99139,49.71312,2
43117,4.99139,49.71312,2
43118,4.99145,49.71293,2
43119,4.99149,49.71274,2
43120,4.99153,49.71255,2
43121,4.99157,49.71236,2
43122,4.99162,49.71217,2
43123,4.99116,49.71144,2
43124,4.99116,49.71144,2
43125,4.99116,49.71144,2
43126,4.99116,49.71144,2
43127,4.99116,49.71144,2
43128,4.99125,49.72445,2
43129,4.99116,49.71144,2
43130,4.99116,49.71144,2
43131,4.99116,49.71144,2
43132,4.99116,49.71144,2
43133,4.99116,49.71144,2
43134,4.99116,49.71144,2
43135,4.99116,49.71144,2
43136,4.99116,49.71144,2
43137,4.99116,49.71144,2
43138,4.99096,49.71137,2
43139,4.99112,49.71131,2
43140,4.99116,49.71144,2
43141,4.99048,49.71112,2
43142,4.9916,49.71167,2
43143,4.99008,49.71606,2
43144,4.99008,49.71606,2
43145,4.99008,49.71606,2
43146,4.98973,49.717989,2
43147,4.989861,49.717582,2
43148,4.99016,49.71713,2
43149,4.99004,49.71751,2
43150,4.98992,49.71789,2
43151,4.99085,49.7185,2
43152,4.99008,49.71606,2
43153,4.9903,49.71961,2
43154,4.98721,49.71982,2
43155,4.98895,49.72109,2
43156,4.9903,49.71961,2
43157,4.98895,49.72109,2
43158,4.98895,49.72109,2
43159,4.990946,49.718457,2
43160,4.98895,49.72109,2
43161,4.98895,49.72109,2
43162,4.98895,49.72109,2
43163,4.99008,49.71606,2
43164,4.99008,49.71606,2
43165,4.9898,49.71825,2
43166,4.98967,49.71858,2
43167,4.99008,49.71606,2
43168,4.98861,49.71922,2
43169,4.9903,49.71961,2
43170,4.99002,49.71681,2
43171,4.9903,49.71961,2
43172,4.9903,49.71961,2
43173,4.98831,49.71925,2
43174,4.98831,49.71925,2
43175,4.98822,49.71944,2
43176,4.98822,49.71944,2
43177,4.98813,49.71964,2
43178,4.98799,49.71994,2
43179,4.2892,49.44101,2
43180,4.28767,49.44269,2
43181,4.28116,49.43719,2
43182,4.28116,49.43719,2
43183,4.282717,49.437475,2
43184,4.28116,49.43719,2
43185,4.2873,49.44319,2
43186,4.28614,49.44264,2
43187,4.29106,49.44166,2
43188,4.2874,49.4433,2
43189,4.29344,49.43972,2
43190,4.29206,49.43921,2
43191,4.28509,49.44214,2
43192,4.28116,49.43719,2
43193,4.28675,49.44293,2
43194,4.28967,49.43747,2
43195,4.29135,49.43995,2
43196,4.28462,49.44267,2
43197,4.29344,49.43972,2
43198,4.28462,49.44267,2
43199,4.29007,49.43995,2
43200,4.2869,49.44337,2
43201,4.29881,49.44225,2
43202,4.28551,49.4431,2
43203,4.29535,49.43978,2
43204,4.29535,49.43978,2
43205,4.29007,49.43995,2
43206,4.28688,49.44313,2
43207,4.28894,49.442038,2
43208,4.30597,49.44057,2
43209,4.29586,49.43801,2
43210,4.30605,49.44045,2
43211,4.29586,49.43801,2
43212,4.29586,49.43801,2
43213,4.29298,49.43807,2
43214,4.29303,49.43826,2
43215,4.29458,49.43943,2
43216,4.29344,49.43972,2
43217,4.29535,49.43978,2
43218,4.29535,49.43978,2
43219,4.29429,49.43912,2
43220,4.29484,49.43941,2
43221,4.29827,49.44191,2
43222,4.29737,49.44109,2
43223,4.29958,49.44364,2
43224,4.30079,49.44482,2
43225,4.30422,49.44749,2
43226,4.30067,49.4449,2
43227,4.29535,49.43978,2
43228,4.30234,49.4459,2
43229,4.3038,49.44705,2
43230,4.30536,49.44815,2
43231,4.29303,49.43863,2
43232,4.29293,49.43853,2
43233,4.29285,49.43881,2
43234,4.29283,49.43862,2
43235,4.29266,49.43898,2
43236,4.29249,49.43905,2
43237,4.29249,49.43905,2
43238,4.2926,49.43905,2
43239,4.29249,49.43905,2
43240,4.29206,49.43921,2
43241,4.29253,49.43891,2
43242,4.29041,49.43834,2
43243,4.2921,49.43892,2
43244,4.29263,49.43881,2
43245,4.29273,49.43872,2
43246,4.29135,49.43995,2
43247,4.29535,49.43978,2
43248,4.29206,49.43921,2
43249,4.29206,49.43921,2
43250,4.29206,49.43921,2
43251,4.29206,49.43921,2
43252,4.29206,49.43921,2
43253,4.29082,49.43991,2
43254,4.2913,49.44006,2
43255,4.29206,49.43921,2
43256,4.29145,49.44037,2
43257,4.29145,49.4401,2
43258,4.28654,49.44294,2
43259,4.29134,49.44024,2
43260,4.29112,49.44052,2
43261,4.29473,49.43746,2
43262,4.29099,49.44069,2
43263,4.29451,49.43757,2
43264,4.29084,49.44088,2
43265,4.29069,49.44107,2
43266,4.28651,49.44275,2
43267,4.29451,49.43743,2
43268,4.29106,49.44166,2
43269,4.29121,49.44168,2
43270,4.29106,49.44166,2
43271,4.291083,49.444034,2
43272,4.291083,49.444034,2
43273,4.290769,49.443752,2
43274,4.29106,49.44166,2
43275,4.29035,49.44134,2
43276,4.28995,49.4412,2
43277,4.28954,49.44107,2
43278,4.28913,49.44093,2
43279,4.28925,49.4411,2
43280,4.28873,49.4408,2
43281,4.28832,49.44066,2
43282,4.28968,49.4425,2
43283,4.28968,49.4425,2
43284,4.29451,49.43757,2
43285,4.289855,49.442904,2
43286,4.290769,49.443752,2
43287,4.28991,49.44411,2
43288,4.29017,49.44413,2
43289,4.2904,49.4442,2
43290,4.29056,49.44434,2
43291,4.29071,49.44448,2
43292,4.284363,49.437988,2
43293,4.2892,49.44101,2
43294,4.29053,49.44451,2
43295,4.2903,49.4443,2
43296,4.28996,49.44423,2
43297,4.29058,49.44572,2
43298,4.29019,49.4458,2
43299,4.29082,49.44587,2
43300,4.29144,49.4459,2
43301,4.29196,49.44579,2
43302,4.28723,49.44222,2
43303,4.29169,49.4457,2
43304,4.28767,49.44269,2
43305,4.29165,49.44544,2
43306,4.28767,49.44269,2
43307,4.289855,49.442904,2
43308,4.289855,49.442904,2
43309,4.289483,49.442542,2
43310,4.289483,49.442542,2
43311,4.288811,49.441915,2
43312,4.289483,49.442542,2
43313,4.289482,49.442533,2
43314,4.289482,49.442533,2
43315,4.288811,49.441915,2
43316,4.288811,49.441915,2
43317,4.288811,49.441915,2
43318,4.288811,49.441915,2
43319,4.288811,49.441915,2
43320,4.28778,49.44281,2
43321,4.288811,49.441915,2
43322,4.288811,49.441915,2
43323,4.288325,49.441446,2
43324,4.288325,49.441446,2
43325,4.288325,49.441446,2
43326,4.288325,49.441455,2
43327,4.28705,49.44226,2
43328,4.288325,49.441455,2
43329,4.288325,49.441455,2
43330,4.287508,49.440633,2
43331,4.29827,49.44191,2
43332,4.28622,49.439737,2
43333,4.30067,49.4449,2
43334,4.287292,49.440744,2
43335,4.286677,49.440161,2
43336,4.286677,49.440161,2
43337,4.28116,49.43719,2
43338,4.286677,49.440161,2
43339,4.286677,49.440161,2
43340,4.286249,49.439764,2
43341,4.286249,49.439764,2
43342,4.28672,49.4433,2
43343,4.286249,49.439764,2
43344,4.28727,49.43965,2
43345,4.286249,49.439764,2
43346,4.286263,49.439763,2
43347,4.286263,49.439763,2
43348,4.286263,49.439763,2
43349,4.28571,49.43973,2
43350,4.28548,49.44044,2
43351,4.29106,49.44166,2
43352,4.28518,49.4406,2
43353,4.2853,49.44038,2
43354,4.28488,49.44062,2
43355,4.28489,49.44077,2
43356,4.28459,49.44093,2
43357,4.28446,49.44085,2
43358,4.28403,49.44108,2
43359,4.28429,49.44109,2
43360,4.28399,49.44126,2
43361,4.28509,49.44214,2
43362,4.28382,49.44079,2
43363,4.28355,49.4407,2
43364,4.2819,49.44153,2
43365,4.28167,49.4415,2
43366,4.28323,49.43992,2
43367,4.28193,49.44137,2
43368,4.28193,49.44137,2
43369,4.28268,49.44097,2
43370,4.28318,49.44073,2
43371,4.28856,49.4382,2
43372,4.2837,49.44048,2
43373,4.28418,49.44025,2
43374,4.28421,49.44037,2
43375,4.2845,49.44023,2
43376,4.28461,49.44004,2
43377,4.28479,49.44009,2
43378,4.2853,49.44012,2
43379,4.28345,49.43997,2
43380,4.28323,49.43992,2
43381,4.28323,49.43992,2
43382,4.28323,49.43992,2
43383,4.28323,49.43992,2
43384,4.28323,49.43992,2
43385,4.28323,49.43992,2
43386,4.28323,49.43992,2
43387,4.285821,49.439393,2
43388,4.284434,49.438059,2
43389,4.284205,49.437838,2
43390,4.284491,49.437752,2
43391,4.284491,49.437752,2
43392,4.2873,49.43722,2
43393,4.2873,49.43722,2
43394,4.28116,49.43719,2
43395,4.286221,49.439396,2
43396,4.286221,49.439396,2
43397,4.286221,49.439396,2
43398,4.28656,49.43925,2
43399,4.28642,49.43945,2
43400,4.28642,49.43945,2
43401,4.28689,49.43925,2
43402,4.28723,49.43933,2
43403,4.287301,49.439171,2
43404,4.28751,49.43923,2
43405,4.28749,49.43894,2
43406,4.2876,49.43872,2
43407,4.28818,49.43853,2
43408,4.28806,49.43845,2
43409,4.28882,49.43813,2
43410,4.28893,49.43809,2
43411,4.28893,49.43809,2
43412,4.2891,49.43812,2
43413,4.28897,49.43802,2
43414,4.28969,49.43711,2
43415,4.28907,49.4367,2
43416,4.30605,49.44045,2
43417,4.28845,49.43629,2
43418,4.29586,49.43801,2
43419,4.29009,49.43719,2
43420,4.29321,49.43828,2
43421,4.29041,49.43612,2
43422,4.29535,49.43978,2
43423,4.29057,49.43709,2
43424,4.29881,49.44225,2
43425,4.29055,49.43721,2
43426,4.29091,49.43736,2
43427,4.29159,49.44018,2
43428,4.29118,49.43758,2
43429,4.29145,49.4401,2
43430,4.29115,49.43736,2
43431,4.29113,49.44077,2
43432,4.29091,49.43718,2
43433,4.29138,49.43755,2
43434,4.29146,49.4378,2
43435,4.290033,49.454088,2
43436,4.29161,49.43774,2
43437,4.2892,49.46972,2
43438,4.29184,49.43782,2
43439,4.2892,49.46972,2
43440,4.29244,49.43789,2
43441,4.29274,49.43793,2
43442,4.287508,49.440633,2
43443,4.2926,49.43803,2
43444,4.29222,49.43799,2
43445,4.287508,49.440633,2
43446,4.29184,49.43794,2
43447,4.286677,49.440161,2
43448,4.29162,49.43796,2
43449,4.286677,49.440161,2
43450,4.29139,49.43791,2
43451,4.28349,49.44065,2
43452,4.29154,49.43785,2
43453,4.285298,49.43977,2
43454,4.29124,49.43797,2
43455,4.283617,49.436499,2
43456,4.29141,49.43804,2
43457,4.28116,49.43719,2
43458,4.29121,49.43812,2
43459,4.28116,49.43719,2
43460,4.29104,49.43833,2
43461,4.29019,49.4458,2
43462,4.29035,49.43825,2
43463,4.29019,49.4458,2
43464,4.28714,49.43899,2
43465,4.29057,49.43833,2
43466,4.28737,49.43886,2
43467,4.29079,49.43842,2
43468,4.28818,49.43853,2
43469,4.29103,49.43851,2
43470,4.28783,49.43858,2
43471,4.29129,49.43861,2
43472,4.28882,49.43813,2
43473,4.29183,49.43882,2
43474,4.28778,49.44281,2
43475,4.28876,49.43827,2
43476,4.29198,49.43901,2
43477,4.28901,49.43796,2
43478,4.29164,49.43888,2
43479,4.28967,49.43747,2
43480,4.2913,49.43875,2
43481,4.29111,49.43744,2
43482,4.29097,49.43863,2
43483,4.28566,49.44124,2
43484,4.29066,49.43851,2
43485,4.29344,49.43972,2
43486,4.28987,49.43823,2
43487,4.28564,49.44052,2
43488,4.29008,49.43828,2
43489,4.28955,49.43921,2
43490,4.28981,49.43868,2
43491,4.28881,49.43928,2
43492,4.29041,49.43834,2
43493,4.28794,49.43924,2
43494,4.29014,49.43817,2
43495,4.28798,49.43913,2
43496,4.28916,49.43803,2
43497,4.28838,49.43926,2
43498,4.28916,49.43803,2
43499,4.28794,49.43924,2
43500,4.28388,49.44144,2
43501,4.29065,49.43922,2
43502,4.28409,49.44181,2
43503,4.321511,49.456503,2
43504,4.28367,49.44174,2
43505,4.311447,49.462554,2
43506,4.28437,49.44182,2
43507,4.28458,49.44158,2
43508,4.28483,49.44158,2
43509,4.28489,49.44138,2
43510,4.28523,49.44121,2
43511,4.28519,49.44135,2
43512,4.28564,49.44112,2
43513,4.28609,49.44355,2
43514,4.28578,49.44092,2
43515,4.28596,49.44123,2
43516,4.28596,49.44144,2
43517,4.28578,49.44128,2
43518,4.28578,49.44158,2
43519,4.28596,49.44164,2
43520,4.28462,49.44267,2
43521,4.28596,49.44185,2
43522,4.28578,49.44188,2
43523,4.28578,49.44218,2
43524,4.28596,49.44206,2
43525,4.29344,49.43972,2
43526,4.28592,49.44226,2
43527,4.28652,49.4422,2
43528,4.28661,49.44205,2
43529,4.29169,49.43926,2
43530,4.290797,49.443769,2
43531,4.28643,49.44232,2
43532,4.28673,49.44213,2
43533,4.2863,49.44257,2
43534,4.28631,49.44223,2
43535,4.28661,49.4429,2
43536,4.28437,49.44203,2
43537,4.28442,49.44204,2
43538,4.2844,49.44204,2
43539,4.28438,49.44204,2
43540,4.28436,49.44203,2
43541,4.28435,49.44203,2
43542,4.28491,49.44203,2
43543,4.28434,49.44203,2
43544,4.28449,49.44193,2
43545,4.28425,49.44208,2
43546,4.28421,49.44231,2
43547,4.28425,49.44252,2
43548,4.28441,49.44219,2
43549,4.2845,49.44268,2
43550,4.28455,49.44255,2
43551,4.28504,49.44283,2
43552,4.28476,49.44283,2
43553,4.28503,49.44298,2
43554,4.29007,49.43995,2
43555,4.28462,49.44267,2
43556,4.28535,49.44316,2
43557,4.28917,49.43802,2
43558,4.2891,49.4382,2
43559,4.290471,49.441349,2
43560,4.28948,49.43822,2
43561,4.28963,49.43868,2
43562,4.28955,49.43921,2
43563,4.28933,49.43918,2
43564,4.28838,49.43919,2
43565,4.28825,49.43914,2
43566,4.28924,49.43929,2
43567,4.28771,49.43912,2
43568,4.28744,49.43911,2
43569,4.28838,49.43926,2
43570,4.28881,49.43998,2
43571,4.28869,49.44011,2
43572,4.2886,49.44028,2
43573,4.28857,49.44023,2
43574,4.28845,49.44036,2
43575,4.28833,49.44049,2
43576,4.28864,49.44038,2
43577,4.2892,49.44101,2
43578,4.2892,49.44101,2
43579,4.28813,49.44056,2
43580,4.28781,49.44056,2
43581,4.2886,49.44028,2
43582,4.29007,49.43995,2
43583,4.29206,49.43921,2
43584,4.28926,49.43961,2
43585,4.28921,49.44001,2
43586,4.28973,49.44001,2
43587,4.28596,49.44336,2
43588,4.28921,49.43989,2
43589,4.29026,49.44002,2
43590,4.28975,49.4399,2
43591,4.29035,49.43922,2
43592,4.29032,49.4391,2
43593,4.29056,49.4391,2
43594,4.29102,49.43916,2
43595,4.29079,49.4391,2
43596,4.29103,49.4391,2
43597,4.29127,49.43912,2
43598,4.29096,49.43922,2
43599,4.29125,49.43924,2
43600,4.29148,49.43919,2
43601,4.29191,49.43932,2
43602,4.29152,49.43933,2
43603,4.2918,49.43942,2
43604,4.29586,49.43801,2
43605,4.28349,49.44065,2
43606,4.2892,49.44101,2
43607,4.31126,49.46317,2
43608,4.28571,49.44337,2
43609,4.2892,49.44101,2
43610,4.28798,49.43913,2
43611,4.28658,49.44355,2
43612,4.28795,49.44272,2
43613,4.33081,49.83987,2
43614,4.332255,49.840601,2
43615,4.33081,49.83987,2
43616,4.32999,49.84024,2
43617,4.32999,49.84024,2
43618,4.332175,49.841393,2
43619,4.70418,49.73803,2
43620,4.70418,49.73803,2
43621,4.70418,49.73803,2
43622,4.70418,49.73803,2
43623,4.70236,49.73859,2
43624,4.70236,49.73859,2
43625,4.70418,49.73803,2
43626,4.70418,49.73803,2
43627,4.71905,49.74021,2
43628,4.71745,49.73999,2
43629,4.72534,49.74113,2
43630,4.71715,49.74187,2
43631,4.71815,49.73882,2
43632,4.71815,49.73882,2
43633,4.71815,49.73882,2
43634,4.71884,49.74016,2
43635,4.71486,49.7422,2
43636,4.71793,49.74069,2
43637,4.718892,49.738834,2
43638,4.73167,49.75295,2
43639,4.71745,49.73999,2
43640,4.718163,49.738947,2
43641,4.73229,49.75357,2
43642,4.71322,49.73963,2
43643,4.707469,49.73851,2
43644,4.701805,49.74012,2
43645,4.70236,49.73859,2
43646,4.70418,49.73803,2
43647,4.72364,49.74333,2
43648,4.72563,49.74166,2
43649,4.7053,49.99289,2
43650,4.70438,49.9926,2
43651,4.70522,49.99278,2
43652,4.70487,49.992,2
43653,4.70418,49.99375,2
43654,4.84259,49.88164,2
43655,4.84406,49.88844,2
43656,4.84259,49.88164,2
43657,4.84161,49.88411,2
43658,4.84082,49.88699,2
43659,4.84259,49.88164,2
43660,4.84172,49.88355,2
43661,4.84259,49.88164,2
43662,4.84156,49.884,2
43663,4.8414,49.88437,2
43664,4.84123,49.88574,2
43665,4.84146,49.88513,2
43666,4.84115,49.88682,2
43667,4.84561,49.87313,2
43668,4.8492,49.87387,2
43669,4.8492,49.87387,2
43670,4.84539,49.87381,2
43671,4.84466,49.89105,2
43672,4.83956,49.88819,2
43673,4.83824,49.88816,2
43674,4.84211,49.88365,2
43675,4.84315,49.88451,2
43676,4.84259,49.88164,2
43677,4.84259,49.88164,2
43678,4.84259,49.88164,2
43679,4.84259,49.88164,2
43680,4.84259,49.88164,2
43681,4.84211,49.88365,2
43682,4.84211,49.88365,2
43683,4.84211,49.88365,2
43684,4.84211,49.88365,2
43685,4.84276,49.88524,2
43686,4.84211,49.88365,2
43687,4.84276,49.88524,2
43688,4.84181,49.88387,2
43689,4.84211,49.88365,2
43690,4.84181,49.88387,2
43691,4.84181,49.88387,2
43692,4.841619,49.887108,2
43693,4.848193,49.874414,2
43694,4.849829,49.870966,2
43695,4.85124,49.86718,2
43696,4.83926,49.88777,2
43697,4.35153,49.80008,2
43698,4.35305,49.80293,2
43699,4.35305,49.80293,2
43700,4.36847,49.801216,2
43701,4.35097,49.79804,2
43702,4.35335,49.80234,2
43703,4.35266,49.79961,2
43704,4.35153,49.80005,2
43705,4.3668,49.80351,2
43706,4.35266,49.79961,2
43707,4.956517,49.426957,2
43708,4.95647,49.42726,2
43709,4.95647,49.42726,2
43710,4.9552,49.42656,2
43711,4.95296,49.42708,2
43712,4.954468,49.425142,2
43713,4.964594,49.421632,2
43714,4.95543,49.42698,2
43715,4.95535,49.42861,2
43716,4.95535,49.42861,2
43717,4.95535,49.42861,2
43718,4.953688,49.428214,2
43719,4.95637,49.42759,2
43720,4.961299,49.42697,2
43721,4.961141,49.427117,2
43722,4.962209,49.426977,2
43723,4.955534,49.426871,2
43724,4.95734,49.4267,2
43725,4.95556,49.42689,2
43726,4.95431,49.42563,2
43727,4.9544,49.42748,2
43728,4.940127,49.427376,2
43729,4.939513,49.425322,2
43730,4.956,49.42605,2
43731,4.95478,49.42543,2
43732,4.95478,49.42543,2
43733,4.95478,49.42543,2
43734,4.95478,49.42543,2
43735,4.9576,49.42419,2
43736,4.962473,49.422711,2
43737,4.95478,49.42543,2
43738,4.9576,49.42419,2
43739,4.956,49.42605,2
43740,4.956,49.42605,2
43741,4.95296,49.42708,2
43742,5.01408,49.74086,2
43743,5.02331,49.750881,2
43744,5.023589,49.750911,2
43745,5.02082,49.74702,2
43746,5.01721,49.74283,2
43747,5.01646,49.74267,2
43748,5.01408,49.74086,2
43749,5.01408,49.74086,2
43750,5.02013,49.7462,2
43751,4.94773,49.74835,2
43752,4.9476,49.74818,2
43753,4.94782,49.74776,2
43754,4.94745,49.74857,2
43755,4.94782,49.74776,2
43756,4.94834,49.74743,2
43757,4.98627,49.71715,2
43758,4.98704,49.71975,2
43759,4.98861,49.71922,2
43760,4.99048,49.71112,2
43761,4.98898,49.72147,2
43762,4.98786,49.72116,2
43763,4.97991,49.70879,2
43764,4.98627,49.71715,2
43765,4.98627,49.71715,2
43766,4.98923,49.71945,2
43767,4.98898,49.72147,2
43768,4.98894,49.72182,2
43769,4.99125,49.72445,2
43770,4.98865,49.72364,2
43771,4.98887,49.72165,2
43772,4.99116,49.71144,2
43773,4.99008,49.71606,2
43774,4.9903,49.71961,2
43775,4.98774,49.72025,2
43776,4.9925,49.72716,2
43777,4.98822,49.72805,2
43778,4.98822,49.72805,2
43779,4.29089,49.44582,2
43780,4.29041,49.43612,2
43781,4.29137,49.43801,2
43782,4.29216,49.43923,2
43783,4.29033,49.44422,2
43784,4.291306,49.444453,2
43785,4.288325,49.441455,2
43786,4.29586,49.43801,2
43787,4.29535,49.43978,2
43788,4.29535,49.43978,2
43789,4.28832,49.44066,2
43790,4.29206,49.43921,2
43791,4.289601,49.442387,2
43792,4.291349,49.444497,2
43793,4.28561,49.43899,2
43794,4.285821,49.439393,2
43795,4.28349,49.44065,2
43796,4.28349,49.44065,2
43797,4.28778,49.43871,2
43798,4.29041,49.43612,2
43799,4.29137,49.43801,2
43800,4.29014,49.43817,2
43801,4.285439,49.442742,2
43802,4.2891,49.4382,2
43803,4.28972,49.43868,2
43804,4.28838,49.43919,2
43805,4.28778,49.44068,2
43806,4.29007,49.43995,2
43807,4.2886,49.44028,2
