"ID","Longitude","Latitude","ServiceTime (min)"
152045,4.71832,49.75607,2
152046,4.7183,49.7564,2
152047,4.717498,49.755868,2
152048,4.71832,49.75607,2
152049,4.7183,49.7564,2
152050,4.71831,49.75746,2
152051,4.717428,49.756147,2
152052,4.7183,49.7564,2
152053,4.7183,49.7564,2
152054,4.71827,49.75733,2
152055,4.71742,49.756264,2
152056,4.7183,49.7564,2
152057,4.7183,49.7564,2
152058,4.71825,49.75711,2
152059,4.71663,49.75534,2
152060,4.7183,49.7564,2
152061,4.71825,49.75711,2
152062,4.7183,49.7564,2
152063,4.71825,49.75711,2
152064,4.7164,49.75531,2
152065,4.7183,49.7564,2
152066,4.71594,49.75524,2
152067,4.71842,49.75639,2
152068,4.71825,49.75711,2
152069,4.71571,49.75521,2
152070,4.71854,49.75638,2
152071,4.71825,49.75711,2
152072,4.71825,49.75711,2
152073,4.716789,49.755531,2
152074,4.71866,49.75638,2
152075,4.71825,49.75711,2
152076,4.71571,49.75521,2
152077,4.71825,49.75711,2
152078,4.71878,49.75637,2
152079,4.71825,49.75711,2
152080,4.71413,49.7549,2
152081,4.71822,49.75691,2
152082,4.71412,49.75502,2
152083,4.71878,49.75637,2
152084,4.70663,49.75564,2
152085,4.71822,49.75691,2
152086,4.70567,49.75561,2
152087,4.71878,49.75637,2
152088,4.70407,49.756,2
152089,4.71878,49.75637,2
152090,4.71819,49.7567,2
152091,4.70407,49.756,2
152092,4.71747,49.75737,2
152093,4.71878,49.75637,2
152094,4.71816,49.7565,2
152095,4.71998,49.75653,2
152096,4.71995,49.75611,2
152097,4.71878,49.75637,2
152098,4.71816,49.7565,2
152099,4.71992,49.75572,2
152100,4.71987,49.75526,2
152101,4.71878,49.75637,2
152102,4.71816,49.7565,2
152103,4.71978,49.75449,2
152104,4.7189,49.75636,2
152105,4.71816,49.7565,2
152106,4.72009,49.75556,2
152107,4.7189,49.75636,2
152108,4.71883,49.75573,2
152109,4.71816,49.7565,2
152110,4.7189,49.75636,2
152111,4.71919,49.75571,2
152112,4.71816,49.7565,2
152113,4.72083,49.75556,2
152114,4.7189,49.75636,2
152115,4.71898,49.75716,2
152116,4.71816,49.7565,2
152117,4.71902,49.75636,2
152118,4.71728,49.75729,2
152119,4.71814,49.75607,2
152120,4.71914,49.75635,2
152121,4.71814,49.75607,2
152122,4.71812,49.75592,2
152123,4.71667,49.75636,2
152124,4.71819,49.75721,2
152125,4.71914,49.75635,2
152126,4.71769,49.7563,2
152127,4.71812,49.75592,2
152128,4.71843,49.75627,2
152129,4.71914,49.75635,2
152130,4.7187,49.75626,2
152131,4.71812,49.75592,2
152132,4.71914,49.75635,2
152133,4.71883,49.75625,2
152134,4.71811,49.75578,2
152135,4.7191,49.75624,2
152136,4.71914,49.75635,2
152137,4.71924,49.75623,2
152138,4.7181,49.75542,2
152139,4.71943,49.75622,2
152140,4.71914,49.75635,2
152141,4.71992,49.7562,2
152142,4.71928,49.75645,2
152143,4.7183,49.7564,2
152144,4.72013,49.75631,2
152145,4.71878,49.75637,2
152146,4.72029,49.7563,2
152147,4.7183,49.75592,2
152148,4.7189,49.75636,2
152149,4.7189,49.75636,2
152150,4.72045,49.7563,2
152151,4.71819,49.75515,2
152152,4.72012,49.75601,2
152153,4.72045,49.7563,2
152154,4.71819,49.75515,2
152155,4.72045,49.7563,2
152156,4.7206,49.75629,2
152157,4.71818,49.75501,2
152158,4.72039,49.75618,2
152159,4.72076,49.75628,2
152160,4.71818,49.75487,2
152161,4.72015,49.75638,2
152162,4.7202,49.75694,2
152163,4.72092,49.75628,2
152164,4.71817,49.75473,2
152165,4.72004,49.75708,2
152166,4.71817,49.75459,2
152167,4.72107,49.75627,2
152168,4.71816,49.75445,2
152169,4.72107,49.75627,2
152170,4.71816,49.75445,2
152171,4.72107,49.75627,2
152172,4.71816,49.75431,2
152173,4.71753,49.75725,2
152174,4.72123,49.75626,2
152175,4.71815,49.75417,2
152176,4.72123,49.75615,2
152177,4.71802,49.75641,2
152178,4.72109,49.75615,2
152179,4.71802,49.75641,2
152180,4.72081,49.75616,2
152181,4.71802,49.75641,2
152182,4.72081,49.75616,2
152183,4.72012,49.75601,2
152184,4.71802,49.75641,2
152185,4.72012,49.75601,2
152186,4.71802,49.75641,2
152187,4.72012,49.75601,2
152188,4.71802,49.75641,2
152189,4.72012,49.75601,2
152190,4.71802,49.75641,2
152191,4.72012,49.75601,2
152192,4.71802,49.75641,2
152193,4.72012,49.75601,2
152194,4.71802,49.75641,2
152195,4.72012,49.75601,2
152196,4.71802,49.75641,2
152197,4.72012,49.75601,2
152198,4.71802,49.75641,2
152199,4.72012,49.75601,2
152200,4.71802,49.75641,2
152201,4.72016,49.75652,2
152202,4.71802,49.75641,2
152203,4.72017,49.75666,2
152204,4.71802,49.75641,2
152205,4.71844,49.75827,2
152206,4.72019,49.7568,2
152207,4.7202,49.75694,2
152208,4.71802,49.75641,2
152209,4.72022,49.75708,2
152210,4.71802,49.75641,2
152211,4.71968,49.75709,2
152212,4.71802,49.75641,2
152213,4.72002,49.75694,2
152214,4.71802,49.75641,2
152215,4.71827,49.75733,2
152216,4.72001,49.75681,2
152217,4.71802,49.75641,2
152218,4.71827,49.75733,2
152219,4.72,49.75667,2
152220,4.71802,49.75641,2
152221,4.72,49.75667,2
152222,4.71802,49.75641,2
152223,4.72,49.75667,2
152224,4.72,49.75667,2
152225,4.71802,49.75641,2
152226,4.71988,49.75787,2
152227,4.71802,49.75641,2
152228,4.71855,49.75785,2
152229,4.71988,49.75787,2
152230,4.71802,49.75641,2
152231,4.71988,49.75787,2
152232,4.71817,49.75417,2
152233,4.71988,49.75787,2
152234,4.71841,49.75418,2
152235,4.71988,49.75787,2
152236,4.71841,49.75418,2
152237,4.71988,49.75787,2
152238,4.71841,49.75418,2
152239,4.71988,49.75787,2
152240,4.71841,49.75418,2
152241,4.71988,49.75787,2
152242,4.71862,49.7542,2
152243,4.71988,49.75787,2
152244,4.71862,49.7542,2
152245,4.71988,49.75787,2
152246,4.71862,49.7542,2
152247,4.71988,49.75787,2
152248,4.71862,49.7542,2
152249,4.71988,49.75787,2
152250,4.71862,49.7542,2
152251,4.71988,49.75787,2
152252,4.7188,49.75421,2
152253,4.7188,49.75421,2
152254,4.71988,49.75787,2
152255,4.7188,49.75421,2
152256,4.71988,49.75787,2
152257,4.71899,49.75423,2
152258,4.71839,49.7568,2
152259,4.71988,49.75787,2
152260,4.71917,49.75425,2
152261,4.71988,49.75787,2
152262,4.71936,49.75426,2
152263,4.71988,49.75787,2
152264,4.71954,49.75428,2
152265,4.71988,49.75787,2
152266,4.71973,49.75429,2
152267,4.71988,49.75787,2
152268,4.720008,49.754974,2
152269,4.71988,49.75787,2
152270,4.720118,49.754954,2
152271,4.7194,49.75713,2
152272,4.7194,49.75713,2
152273,4.72027,49.754933,2
152274,4.7194,49.75713,2
152275,4.7194,49.75713,2
152276,4.72027,49.754933,2
152277,4.7194,49.75713,2
152278,4.72027,49.754933,2
152279,4.71807,49.75734,2
152280,4.7194,49.75713,2
152281,4.7194,49.75713,2
152282,4.720386,49.75476,2
152283,4.7194,49.75713,2
152284,4.72083,49.75556,2
152285,4.71856,49.75719,2
152286,4.71856,49.75719,2
152287,4.7194,49.75713,2
152288,4.71999,49.75472,2
152289,4.7194,49.75713,2
152290,4.7194,49.75713,2
152291,4.71999,49.75472,2
152292,4.71663,49.75649,2
152293,4.7194,49.75713,2
152294,4.7179,49.75629,2
152295,4.7194,49.75713,2
152296,4.71999,49.75472,2
152297,4.7194,49.75713,2
152298,4.72067,49.75617,2
152299,4.7194,49.75713,2
152300,4.71999,49.75472,2
152301,4.71914,49.75635,2
152302,4.7194,49.75713,2
152303,4.72008,49.75545,2
152304,4.71914,49.75635,2
152305,4.7194,49.75713,2
152306,4.71999,49.75472,2
152307,4.71914,49.75635,2
152308,4.7194,49.75713,2
152309,4.71994,49.7544,2
152310,4.7194,49.75713,2
152311,4.7194,49.75713,2
152312,4.719574,49.754875,2
152313,4.7194,49.75713,2
152314,4.7194,49.75713,2
152315,4.7194,49.75713,2
152316,4.719353,49.754906,2
152317,4.7194,49.75713,2
152318,4.7194,49.75713,2
152319,4.719339,49.754906,2
152320,4.7194,49.75713,2
152321,4.7194,49.75713,2
152322,4.71802,49.75641,2
152323,4.719353,49.754906,2
152324,4.71753,49.75725,2
152325,4.719243,49.754926,2
152326,4.719133,49.754946,2
152327,4.719037,49.754957,2
152328,4.718954,49.754977,2
152329,4.718734,49.755008,2
152330,4.72045,49.7563,2
152331,4.718624,49.755028,2
152332,4.718514,49.755039,2
152333,4.718514,49.755039,2
152334,4.7185,49.755048,2
152335,4.7185,49.755048,2
152336,4.718404,49.755059,2
152337,4.709285,49.760242,2
152338,4.709231,49.76027,2
152339,4.718417,49.755059,2
152340,4.718335,49.75507,2
152341,4.718335,49.75507,2
152342,4.718335,49.75507,2
152343,4.718335,49.75507,2
152344,4.71668,49.77861,2
152345,4.719341,49.755247,2
152346,4.719341,49.755247,2
152347,4.719342,49.755256,2
152348,4.719342,49.755256,2
152349,4.719342,49.755256,2
152350,4.719114,49.755126,2
152351,4.719114,49.755126,2
152352,4.719114,49.755126,2
152353,4.719004,49.755146,2
152354,4.718921,49.755157,2
152355,4.718825,49.755177,2
152356,4.718715,49.755197,2
152357,4.718591,49.755217,2
152358,4.718509,49.755228,2
152359,4.718509,49.755228,2
152360,4.718509,49.755228,2
152361,4.718509,49.755228,2
152362,4.71799,49.755409,2
152363,4.71816,49.75524,2
152364,4.7181,49.75542,2
152365,4.717828,49.755511,2
152366,4.71856,49.75719,2
152367,4.717563,49.755759,2
152368,4.717498,49.755859,2
152369,4.717498,49.75585,2
152370,4.717498,49.75585,2
152371,4.717498,49.755859,2
152372,4.717474,49.755931,2
152373,4.717449,49.756003,2
152374,4.717428,49.756147,2
152375,4.717428,49.756147,2
152376,4.717428,49.756147,2
152377,4.71742,49.756264,2
152378,4.717419,49.756255,2
152379,4.71879,49.75631,2
152380,4.71879,49.75631,2
152381,4.717419,49.756255,2
152382,4.717419,49.756255,2
152383,4.71722,49.75632,2
152384,4.71722,49.75632,2
152385,4.7164,49.75531,2
152386,4.71617,49.75528,2
152387,4.71617,49.75528,2
152388,4.71413,49.7549,2
152389,4.71413,49.7549,2
152390,4.71413,49.7549,2
152391,4.71413,49.7549,2
152392,4.71413,49.7549,2
152393,4.71413,49.7549,2
152394,4.71413,49.7549,2
152395,4.71502,49.75511,2
152396,4.71479,49.75508,2
152397,4.71456,49.75504,2
152398,4.71456,49.75504,2
152399,4.71412,49.75502,2
152400,4.71412,49.75502,2
152401,4.71412,49.75502,2
152402,4.71412,49.75502,2
152403,4.71412,49.75502,2
152404,4.70796,49.75556,2
152405,4.70781,49.75557,2
152406,4.70766,49.75558,2
152407,4.720242,49.754933,2
152408,4.70752,49.75559,2
152409,4.70737,49.7556,2
152410,4.70693,49.75563,2
152411,4.70678,49.75564,2
152412,4.70663,49.75564,2
152413,4.70649,49.75562,2
152414,4.70152,49.755,2
152415,4.7063,49.7556,2
152416,4.70608,49.75557,2
152417,4.70587,49.75555,2
152418,4.70567,49.75561,2
152419,4.70567,49.75561,2
152420,4.70567,49.75561,2
152421,4.70549,49.75609,2
152422,4.70583,49.75596,2
152423,4.704,49.75612,2
152424,4.7045,49.75611,2
152425,4.70535,49.75598,2
152426,4.70239,49.75509,2
152427,4.70155,49.75514,2
152428,4.7045,49.756,2
152429,4.70493,49.75599,2
152430,4.71787,49.75735,2
152431,4.71787,49.75735,2
152432,4.71787,49.75735,2
152433,4.71787,49.75735,2
152434,4.71807,49.75734,2
152435,4.71807,49.75734,2
152436,4.71807,49.75734,2
152437,4.71807,49.75734,2
152438,4.71807,49.75734,2
152439,4.71807,49.75734,2
152440,4.71807,49.75734,2
152441,4.71856,49.75719,2
152442,4.71807,49.75734,2
152443,4.71807,49.75734,2
152444,4.71856,49.75719,2
152445,4.71807,49.75734,2
152446,4.72047,49.75719,2
152447,4.72047,49.75719,2
152448,4.72047,49.75719,2
152449,4.72047,49.75719,2
152450,4.72112,49.75715,2
152451,4.72104,49.75703,2
152452,4.72078,49.75705,2
152453,4.72052,49.75707,2
152454,4.72026,49.75708,2
152455,4.71747,49.75737,2
152456,4.71747,49.75737,2
152457,4.71747,49.75737,2
152458,4.71747,49.75737,2
152459,4.71747,49.75737,2
152460,4.71836,49.75661,2
152461,4.71747,49.75737,2
152462,4.71747,49.75737,2
152463,4.71747,49.75737,2
152464,4.70565,49.75589,2
152465,4.70565,49.75589,2
152466,4.70565,49.75589,2
152467,4.70924,49.75531,2
152468,4.70499,49.7561,2
152469,4.70565,49.75589,2
152470,4.70565,49.75589,2
152471,4.70565,49.75589,2
152472,4.71998,49.75653,2
152473,4.71998,49.75653,2
152474,4.71998,49.75653,2
152475,4.71998,49.75653,2
152476,4.71997,49.75639,2
152477,4.71996,49.75621,2
152478,4.71995,49.75611,2
152479,4.71995,49.75611,2
152480,4.71995,49.75611,2
152481,4.71995,49.75611,2
152482,4.71994,49.75601,2
152483,4.71993,49.75592,2
152484,4.71993,49.75582,2
152485,4.71993,49.75582,2
152486,4.71992,49.75572,2
152487,4.71992,49.75572,2
152488,4.71992,49.75572,2
152489,4.7199,49.7555,2
152490,4.71987,49.75526,2
152491,4.71984,49.75501,2
152492,4.71984,49.75501,2
152493,4.71984,49.75501,2
152494,4.71824,49.75701,2
152495,4.71984,49.75501,2
152496,4.71824,49.75701,2
152497,4.71824,49.75701,2
152498,4.71984,49.75501,2
152499,4.71824,49.75701,2
152500,4.71975,49.75433,2
152501,4.71824,49.75701,2
152502,4.71824,49.75701,2
152503,4.71978,49.75449,2
152504,4.71824,49.75701,2
152505,4.72011,49.75591,2
152506,4.70924,49.75531,2
152507,4.72011,49.75581,2
152508,4.72011,49.75581,2
152509,4.72011,49.75581,2
152510,4.7201,49.75572,2
152511,4.71938,49.75674,2
152512,4.7201,49.75572,2
152513,4.72083,49.75556,2
152514,4.7201,49.75572,2
152515,4.7201,49.75572,2
152516,4.7201,49.75572,2
152517,4.7201,49.75572,2
152518,4.72009,49.75556,2
152519,4.72009,49.75556,2
152520,4.71832,49.75607,2
152521,4.72009,49.75556,2
152522,4.72008,49.75545,2
152523,4.72008,49.75545,2
152524,4.72008,49.75545,2
152525,4.72006,49.75535,2
152526,4.72005,49.75525,2
152527,4.72004,49.75514,2
152528,4.72003,49.75504,2
152529,4.71847,49.75574,2
152530,4.71865,49.75573,2
152531,4.71883,49.75573,2
152532,4.71883,49.75573,2
152533,4.71883,49.75573,2
152534,4.71901,49.75572,2
152535,4.7045,49.75611,2
152536,4.71919,49.75571,2
152537,4.71919,49.75571,2
152538,4.71868,49.75822,2
152539,4.71919,49.75571,2
152540,4.71861,49.75823,2
152541,4.71919,49.75571,2
152542,4.71861,49.75823,2
152543,4.71919,49.75571,2
152544,4.71861,49.75823,2
152545,4.71919,49.75571,2
152546,4.71861,49.75823,2
152547,4.71938,49.7557,2
152548,4.71861,49.75823,2
152549,4.71938,49.7557,2
152550,4.71861,49.75823,2
152551,4.71938,49.7557,2
152552,4.71827,49.75722,2
152553,4.71861,49.75823,2
152554,4.71956,49.75569,2
152555,4.71861,49.75823,2
152556,4.71974,49.75568,2
152557,4.71858,49.75804,2
152558,4.71974,49.75568,2
152559,4.71858,49.75804,2
152560,4.71992,49.75568,2
152561,4.71858,49.75804,2
152562,4.71978,49.75449,2
152563,4.71978,49.75449,2
152564,4.71849,49.75563,2
152565,4.71858,49.75804,2
152566,4.71909,49.7556,2
152567,4.71858,49.75804,2
152568,4.71909,49.7556,2
152569,4.71858,49.75804,2
152570,4.72008,49.75545,2
152571,4.71909,49.7556,2
152572,4.71858,49.75804,2
152573,4.72083,49.75556,2
152574,4.71855,49.75785,2
152575,4.72083,49.75556,2
152576,4.71855,49.75785,2
152577,4.71855,49.75785,2
152578,4.71829,49.75628,2
152579,4.72083,49.75556,2
152580,4.71855,49.75785,2
152581,4.72083,49.75556,2
152582,4.72083,49.75556,2
152583,4.72083,49.75556,2
152584,4.72083,49.75556,2
152585,4.72083,49.75556,2
152586,4.717828,49.755511,2
152587,4.72083,49.75556,2
152588,4.71846,49.75731,2
152589,4.72083,49.75556,2
152590,4.71846,49.75731,2
152591,4.72083,49.75556,2
152592,4.71846,49.75731,2
152593,4.72038,49.75553,2
152594,4.71846,49.75731,2
152595,4.721,49.75559,2
152596,4.71846,49.75731,2
152597,4.71938,49.75674,2
152598,4.71846,49.75731,2
152599,4.72045,49.7563,2
152600,4.71938,49.75674,2
152601,4.71846,49.75731,2
152602,4.71938,49.75674,2
152603,4.71846,49.75731,2
152604,4.71938,49.75674,2
152605,4.71846,49.75731,2
152606,4.71948,49.7565,2
152607,4.71846,49.75731,2
152608,4.71786,49.75723,2
152609,4.71846,49.75731,2
152610,4.71753,49.75725,2
152611,4.71846,49.75731,2
152612,4.71753,49.75725,2
152613,4.71811,49.75578,2
152614,4.71753,49.75725,2
152615,4.71844,49.75716,2
152616,4.71753,49.75725,2
152617,4.71844,49.75716,2
152618,4.7172,49.75727,2
152619,4.71844,49.75716,2
152620,4.7172,49.75727,2
152621,4.71844,49.75716,2
152622,4.71844,49.75716,2
152623,4.71663,49.75649,2
152624,4.71844,49.75716,2
152625,4.71697,49.75645,2
152626,4.71984,49.75501,2
152627,4.71844,49.75716,2
152628,4.71697,49.75645,2
152629,4.71844,49.75716,2
152630,4.71697,49.75645,2
152631,4.71844,49.75716,2
152632,4.71697,49.75645,2
152633,4.71844,49.75716,2
152634,4.71697,49.75645,2
152635,4.71844,49.75716,2
152636,4.71665,49.75626,2
152637,4.71844,49.75716,2
152638,4.71667,49.75636,2
152639,4.71844,49.75716,2
152640,4.71667,49.75636,2
152641,4.71844,49.75716,2
152642,4.71667,49.75636,2
152643,4.71844,49.75716,2
152644,4.71695,49.75634,2
152645,4.71829,49.75628,2
152646,4.71841,49.75698,2
152647,4.71829,49.75628,2
152648,4.71839,49.7568,2
152649,4.71829,49.75628,2
152650,4.71839,49.7568,2
152651,4.71829,49.75628,2
152652,4.71839,49.7568,2
152653,4.71988,49.75787,2
152654,4.71861,49.75824,2
152655,4.71829,49.75628,2
152656,4.71839,49.7568,2
152657,4.71829,49.75628,2
152658,4.71839,49.7568,2
152659,4.71861,49.75823,2
152660,4.71829,49.75628,2
152661,4.71839,49.7568,2
152662,4.71858,49.75804,2
152663,4.71839,49.7568,2
152664,4.71839,49.7568,2
152665,4.71858,49.75804,2
152666,4.71856,49.75627,2
152667,4.71855,49.75785,2
152668,4.71839,49.7568,2
152669,4.7187,49.75626,2
152670,4.71839,49.7568,2
152671,4.71832,49.75607,2
152672,4.7187,49.75626,2
152673,4.7187,49.75626,2
152674,4.71839,49.7568,2
152675,4.71844,49.75716,2
152676,4.71883,49.75625,2
152677,4.71844,49.75716,2
152678,4.71844,49.75716,2
152679,4.71883,49.75625,2
152680,4.71839,49.7568,2
152681,4.71834,49.75643,2
152682,4.71834,49.75643,2
152683,4.71883,49.75625,2
152684,4.71842,49.75816,2
152685,4.71834,49.75643,2
152686,4.7184,49.75805,2
152687,4.71883,49.75625,2
152688,4.7184,49.75805,2
152689,4.71897,49.75624,2
152690,4.71834,49.75643,2
152691,4.71924,49.75623,2
152692,4.71828,49.75679,2
152693,4.71924,49.75623,2
152694,4.7184,49.75805,2
152695,4.71829,49.75628,2
152696,4.71839,49.75794,2
152697,4.72,49.75667,2
152698,4.71924,49.75623,2
152699,4.71828,49.75679,2
152700,4.71924,49.75623,2
152701,4.71835,49.75771,2
152702,4.71943,49.75622,2
152703,4.71828,49.75679,2
152704,4.71828,49.75679,2
152705,4.71831,49.75746,2
152706,4.71943,49.75622,2
152707,4.71831,49.75746,2
152708,4.71842,49.75816,2
152709,4.71943,49.75622,2
152710,4.71842,49.75816,2
152711,4.71831,49.75746,2
152712,4.71968,49.75621,2
152713,4.71842,49.75816,2
152714,4.71824,49.75701,2
152715,4.71822,49.75691,2
152716,4.71992,49.7562,2
152717,4.71842,49.75816,2
152718,4.71992,49.7562,2
152719,4.71822,49.75691,2
152720,4.7184,49.75805,2
152721,4.71818,49.7566,2
152722,4.71992,49.7562,2
152723,4.7184,49.75805,2
152724,4.71816,49.7565,2
152725,4.71812,49.75592,2
152726,4.71992,49.7562,2
152727,4.7184,49.75805,2
152728,4.71832,49.75607,2
152729,4.71968,49.75621,2
152730,4.71839,49.75794,2
152731,4.71862,49.7542,2
152732,4.720008,49.754974,2
152733,4.72025,49.75619,2
152734,4.71839,49.75794,2
152735,4.71938,49.7557,2
152736,4.720118,49.754954,2
152737,4.71589,49.75565,2
152738,4.71839,49.75794,2
152739,4.71835,49.75771,2
152740,4.719878,49.754276,2
152741,4.71833,49.75758,2
152742,4.71999,49.75472,2
152743,4.72053,49.75618,2
152744,4.719477,49.754885,2
152745,4.71833,49.75758,2
152746,4.72053,49.75618,2
152747,4.719339,49.754906,2
152748,4.72053,49.75618,2
152749,4.71833,49.75758,2
152750,4.719342,49.755256,2
152751,4.72067,49.75617,2
152752,4.71831,49.75746,2
152753,4.719341,49.755247,2
152754,4.719183,49.755116,2
152755,4.72067,49.75617,2
152756,4.71831,49.75746,2
152757,4.7191,49.755126,2
152758,4.72067,49.75617,2
152759,4.71831,49.75746,2
152760,4.717896,49.755465,2
152761,4.62822,49.8858,2
152762,4.62554,49.88741,2
152763,4.62554,49.88741,2
152764,4.62414,49.88739,2
152765,4.62493,49.8877,2
152766,4.62554,49.88741,2
152767,4.62554,49.88741,2
152768,4.62437,49.8874,2
152769,4.62528,49.88814,2
152770,4.62528,49.88814,2
152771,4.62528,49.88814,2
152772,4.62667,49.88794,2
152773,4.62251,49.89179,2
152774,4.62528,49.88814,2
152775,4.62558,49.88795,2
152776,4.6253,49.88807,2
152777,4.62528,49.88814,2
152778,4.62528,49.88814,2
152779,4.62519,49.88861,2
152780,4.62541,49.88848,2
152781,4.62551,49.88846,2
152782,4.6256,49.88845,2
152783,4.6257,49.88844,2
152784,4.6258,49.88842,2
152785,4.62589,49.88841,2
152786,4.62599,49.88839,2
152787,4.62609,49.88838,2
152788,4.62619,49.88837,2
152789,4.62675,49.88794,2
152790,4.62628,49.88835,2
152791,4.62628,49.88835,2
152792,4.62638,49.88834,2
152793,4.62683,49.8883,2
152794,4.62687,49.88812,2
152795,4.62687,49.88799,2
152796,4.62685,49.88794,2
152797,4.62683,49.88789,2
152798,4.62681,49.88784,2
152799,4.6268,49.88781,2
152800,4.6268,49.88776,2
152801,4.62667,49.88794,2
152802,4.62714,49.8875,2
152803,4.62609,49.88774,2
152804,4.6262,49.88772,2
152805,4.62581,49.8879,2
152806,4.62642,49.88768,2
152807,4.62665,49.88765,2
152808,4.6268,49.88771,2
152809,4.62251,49.89179,2
152810,4.62772,49.88693,2
152811,4.62761,49.887,2
152812,4.62751,49.88706,2
152813,4.62741,49.88713,2
152814,4.6271,49.88733,2
152815,4.62731,49.8872,2
152816,4.6272,49.88726,2
152817,4.627,49.8874,2
152818,4.62689,49.88746,2
152819,4.6268,49.88753,2
152820,4.62681,49.88754,2
152821,4.62809,49.88665,2
152822,4.6284,49.88432,2
152823,4.628509,49.886333,2
152824,4.62822,49.8858,2
152825,4.6289,49.88491,2
152826,4.62891,49.88465,2
152827,4.6289,49.88491,2
152828,4.62654,49.88619,2
152829,4.62871,49.88486,2
152830,4.62616,49.88634,2
152831,4.62413,49.88861,2
152832,4.62822,49.8858,2
152833,4.62398,49.88794,2
152834,4.62888,49.88517,2
152835,4.62519,49.88861,2
152836,4.62848,49.88448,2
152837,4.6268,49.88781,2
152838,4.62848,49.88448,2
152839,4.62662,49.88776,2
152840,4.62889,49.88544,2
152841,4.62662,49.88776,2
152842,4.628509,49.886333,2
152843,4.62251,49.89179,2
152844,4.62822,49.8858,2
152845,4.633841,49.878193,2
152846,4.62888,49.88517,2
152847,4.6258,49.89117,2
152848,4.6287,49.88534,2
152849,4.62531,49.887,2
152850,4.62822,49.8858,2
152851,4.62553,49.88665,2
152852,4.6256,49.88678,2
152853,4.62468,49.88761,2
152854,4.62519,49.88691,2
152855,4.62822,49.8858,2
152856,4.62801,49.88689,2
152857,4.62792,49.88696,2
152858,4.62792,49.88701,2
152859,4.62844,49.88656,2
152860,4.62792,49.88706,2
152861,4.62792,49.88711,2
152862,4.62785,49.88721,2
152863,4.62774,49.8873,2
152864,4.62763,49.88738,2
152865,4.62752,49.88746,2
152866,4.62398,49.88794,2
152867,4.62191,49.89176,2
152868,4.6273,49.88755,2
152869,4.62704,49.8876,2
152870,4.62823,49.88673,2
152871,4.631888,49.884194,2
152872,4.62251,49.89179,2
152873,4.629281,49.885573,2
152874,4.634183,49.881456,2
152875,4.63086,49.86581,2
152876,4.6258,49.89117,2
152877,4.62459,49.88991,2
152878,4.62478,49.88993,2
152879,4.62251,49.89179,2
152880,4.62498,49.88995,2
152881,4.62518,49.88997,2
152882,4.62538,49.88999,2
152883,4.62558,49.89001,2
152884,4.62578,49.89003,2
152885,4.62448,49.8899,2
152886,4.62411,49.88992,2
152887,4.62411,49.88992,2
152888,4.62411,49.88992,2
152889,4.62411,49.88992,2
152890,4.62411,49.88992,2
152891,4.62247,49.89112,2
152892,4.62164,49.89079,2
152893,4.62163,49.89084,2
152894,4.62161,49.89089,2
152895,4.6216,49.89095,2
152896,4.62159,49.891,2
152897,4.62157,49.89105,2
152898,4.62366,49.89074,2
152899,4.6214,49.89101,2
152900,4.62142,49.89094,2
152901,4.62251,49.89179,2
152902,4.62251,49.89179,2
152903,4.62222,49.89097,2
152904,4.62194,49.89091,2
152905,4.62247,49.89112,2
152906,4.62167,49.89084,2
152907,4.62247,49.89112,2
152908,4.62554,49.88741,2
152909,4.62173,49.89073,2
152910,4.62247,49.89112,2
152911,4.62528,49.88814,2
152912,4.622,49.8908,2
152913,4.62276,49.89081,2
152914,4.62228,49.89086,2
152915,4.62247,49.89112,2
152916,4.62247,49.89112,2
152917,4.62822,49.8858,2
152918,4.62251,49.89179,2
152919,4.62714,49.8875,2
152920,4.62554,49.88741,2
152921,4.62466,49.88754,2
152922,4.62714,49.8875,2
152923,4.62321,49.89003,2
152924,4.62589,49.88841,2
152925,4.62321,49.89003,2
152926,4.62251,49.89179,2
152927,4.62661,49.88839,2
152928,4.62251,49.89179,2
152929,4.62251,49.89179,2
152930,4.62251,49.89179,2
152931,4.62447,49.88852,2
152932,4.6243,49.88856,2
152933,4.6243,49.88856,2
152934,4.62395,49.88865,2
152935,4.62383,49.88867,2
152936,4.62383,49.88867,2
152937,4.62375,49.88869,2
152938,4.624,49.88876,2
152939,4.62388,49.88879,2
152940,4.62379,49.8888,2
152941,4.62369,49.88882,2
152942,4.62354,49.88886,2
152943,4.62354,49.88886,2
152944,4.62424,49.88994,2
152945,4.6234,49.8889,2
152946,4.6235,49.88994,2
152947,4.62284,49.89001,2
152948,4.62432,49.88993,2
152949,4.62416,49.88996,2
152950,4.62325,49.88893,2
152951,4.62383,49.89001,2
152952,4.62321,49.89003,2
152953,4.62307,49.8901,2
152954,4.62311,49.88897,2
152955,4.63086,49.86581,2
152956,4.62321,49.89003,2
152957,4.62332,49.89008,2
152958,4.62295,49.89012,2
152959,4.62296,49.88901,2
152960,4.62317,49.88997,2
152961,4.6244,49.88991,2
152962,4.62459,49.88991,2
152963,4.6244,49.88991,2
152964,4.62112,49.88938,2
152965,4.62329,49.88886,2
152966,4.62304,49.88886,2
152967,4.62347,49.88875,2
152968,4.62375,49.88869,2
152969,4.62358,49.88817,2
152970,4.62364,49.88804,2
152971,4.62502,49.88819,2
152972,4.6237,49.88791,2
152973,4.62385,49.88762,2
152974,4.62412,49.88755,2
152975,4.62398,49.88773,2
152976,4.62392,49.88783,2
152977,4.62381,49.88807,2
152978,4.62675,49.88794,2
152979,4.6241,49.88754,2
152980,4.62493,49.8877,2
152981,4.62421,49.88761,2
152982,4.62421,49.88761,2
152983,4.6244,49.88776,2
152984,4.6245,49.88784,2
152985,4.6246,49.88791,2
152986,4.62844,49.88656,2
152987,4.62844,49.88656,2
152988,4.6246,49.88791,2
152989,4.62468,49.88761,2
152990,4.62408,49.88741,2
152991,4.62431,49.88769,2
152992,4.62411,49.8874,2
152993,4.62414,49.88739,2
152994,4.62554,49.88741,2
152995,4.62481,49.88814,2
152996,4.62418,49.88737,2
152997,4.62398,49.88794,2
152998,4.62358,49.88817,2
152999,4.62554,49.88741,2
153000,4.62554,49.88741,2
153001,4.62554,49.88741,2
153002,4.62554,49.88741,2
153003,4.62554,49.88741,2
153004,4.628995,49.886,2
153005,4.62554,49.88741,2
153006,4.62554,49.88741,2
153007,4.62468,49.88761,2
153008,4.62554,49.88741,2
153009,4.62554,49.88741,2
153010,4.62554,49.88741,2
153011,4.62554,49.88741,2
153012,4.62554,49.88741,2
153013,4.62554,49.88741,2
153014,4.62554,49.88741,2
153015,4.62493,49.8877,2
153016,4.62466,49.88754,2
153017,4.62479,49.88762,2
153018,4.62554,49.88741,2
153019,4.62554,49.88741,2
153020,4.624,49.88876,2
153021,4.62452,49.88747,2
153022,4.62554,49.88741,2
153023,4.363867,49.644917,2
153024,4.49215,49.55223,2
153025,4.35788,49.639079,2
153026,4.36083,49.64368,2
153027,4.358789,49.639674,2
153028,4.35772,49.63231,2
153029,4.358835,49.642566,2
153030,4.358707,49.642497,2
153031,4.36083,49.64368,2
153032,4.361754,49.645024,2
153033,4.3418,49.6341,2
153034,4.359647,49.645967,2
153035,4.36083,49.64368,2
153036,4.36446,49.64864,2
153037,4.363392,49.643416,2
153038,4.37399,49.64932,2
153039,4.36083,49.64368,2
153040,4.35793,49.638584,2
153041,4.35788,49.639079,2
153042,4.357836,49.639708,2
153043,4.357836,49.639708,2
153044,4.357836,49.639708,2
153045,4.35897,49.63965,2
153046,4.36083,49.64368,2
153047,4.358789,49.639674,2
153048,4.357836,49.639708,2
153049,4.357778,49.639988,2
153050,4.357859,49.640292,2
153051,4.357778,49.639988,2
153052,4.357778,49.639997,2
153053,4.35945,49.64088,2
153054,4.357859,49.640292,2
153055,4.358024,49.641655,2
153056,4.36083,49.64368,2
153057,4.358024,49.641655,2
153058,4.36083,49.64368,2
153059,4.358024,49.641655,2
153060,4.357289,49.641272,2
153061,4.358024,49.641655,2
153062,4.358694,49.642497,2
153063,4.357993,49.641583,2
153064,4.358694,49.642497,2
153065,4.358694,49.642497,2
153066,4.358694,49.642497,2
153067,4.36083,49.64368,2
153068,4.358694,49.642497,2
153069,4.358694,49.642497,2
153070,4.36083,49.64368,2
153071,4.358694,49.642497,2
153072,4.35772,49.63231,2
153073,4.359975,49.643068,2
153074,4.360713,49.643523,2
153075,4.360713,49.643523,2
153076,4.360713,49.643523,2
153077,4.359976,49.643095,2
153078,4.360713,49.643523,2
153079,4.3418,49.6341,2
153080,4.36083,49.64368,2
153081,4.36083,49.64368,2
153082,4.3418,49.6341,2
153083,4.3418,49.6341,2
153084,4.3418,49.6341,2
153085,4.3418,49.6341,2
153086,4.358877,49.645378,2
153087,4.36083,49.64368,2
153088,4.3418,49.6341,2
153089,4.3418,49.6341,2
153090,4.3418,49.6341,2
153091,4.3418,49.6341,2
153092,4.35897,49.64438,2
153093,4.3607,49.64522,2
153094,4.35897,49.64438,2
153095,4.3418,49.6341,2
153096,4.3418,49.6341,2
153097,4.3418,49.6341,2
153098,4.36083,49.64368,2
153099,4.36142,49.644266,2
153100,4.361371,49.644429,2
153101,4.36083,49.64368,2
153102,4.361754,49.645024,2
153103,4.361583,49.644901,2
153104,4.361754,49.645024,2
153105,4.363491,49.645202,2
153106,4.365103,49.643647,2
153107,4.36472,49.64727,2
153108,4.36472,49.64727,2
153109,4.363947,49.647278,2
153110,4.36446,49.64864,2
153111,4.36472,49.64727,2
153112,4.36446,49.64864,2
153113,4.36083,49.64368,2
153114,4.36503,49.64786,2
153115,4.36503,49.64786,2
153116,4.363491,49.645202,2
153117,4.363355,49.643515,2
153118,4.363429,49.643289,2
153119,4.361446,49.644239,2
153120,4.361323,49.643917,2
153121,4.36083,49.64368,2
153122,4.361152,49.643803,2
153123,4.361152,49.643803,2
153124,4.360542,49.643418,2
153125,4.361152,49.643803,2
153126,4.361082,49.64376,2
153127,4.361082,49.64376,2
153128,4.372284,49.647821,2
153129,4.49215,49.55223,2
153130,4.35897,49.64438,2
153131,4.3418,49.6341,2
153132,4.361395,49.644338,2
153133,4.361383,49.644383,2
153134,4.35897,49.64438,2
153135,4.360968,49.643699,2
153136,4.356287,49.640758,2
153137,4.77347,49.76182,2
153138,4.77347,49.76182,2
153139,4.77043,49.76334,2
153140,4.77156,49.76296,2
153141,4.77347,49.76182,2
153142,4.77347,49.76182,2
153143,4.77066,49.7631,2
153144,4.77156,49.76296,2
153145,4.76529,49.76291,2
153146,4.77156,49.76296,2
153147,4.77199,49.7628,2
153148,4.76636,49.76204,2
153149,4.77217,49.76229,2
153150,4.76636,49.76204,2
153151,4.77279,49.76156,2
153152,4.77265,49.76195,2
153153,4.77372,49.75921,2
153154,4.77263,49.76167,2
153155,4.77205,49.76256,2
153156,4.77258,49.76142,2
153157,4.77204,49.7623,2
153158,4.77243,49.76196,2
153159,4.77183,49.76269,2
153160,4.77178,49.76286,2
153161,4.77166,49.76288,2
153162,4.77154,49.76291,2
153163,4.77142,49.76293,2
153164,4.77114,49.76298,2
153165,4.77094,49.76301,2
153166,4.77052,49.76314,2
153167,4.7708,49.76306,2
153168,4.77066,49.7631,2
153169,4.76672,49.76207,2
153170,4.77,49.76339,2
153171,4.7685,49.76275,2
153172,4.76812,49.76258,2
153173,4.76775,49.76241,2
153174,4.76775,49.76241,2
153175,4.76739,49.76225,2
153176,4.76636,49.76204,2
153177,4.76704,49.76211,2
153178,4.76672,49.76207,2
153179,4.76777,49.76256,2
153180,4.76676,49.76203,2
153181,4.76723,49.76232,2
153182,4.76701,49.76223,2
153183,4.76678,49.75189,2
153184,4.7675,49.76244,2
153185,4.76804,49.76269,2
153186,4.76831,49.7628,2
153187,4.76858,49.76292,2
153188,4.76886,49.76304,2
153189,4.76672,49.76207,2
153190,4.76647,49.76195,2
153191,4.76672,49.76207,2
153192,4.7694,49.76328,2
153193,4.76672,49.76207,2
153194,4.76968,49.76339,2
153195,4.76672,49.76207,2
153196,4.76995,49.76351,2
153197,4.76999,49.76357,2
153198,4.76986,49.76372,2
153199,4.7664,49.7633,2
153200,4.76692,49.76337,2
153201,4.76654,49.76344,2
153202,4.76742,49.76355,2
153203,4.77143,49.76419,2
153204,4.7683,49.76366,2
153205,4.76957,49.76384,2
153206,4.76976,49.76387,2
153207,4.76976,49.76387,2
153208,4.77006,49.76395,2
153209,4.7702,49.76399,2
153210,4.77143,49.76419,2
153211,4.77035,49.76404,2
153212,4.77049,49.76409,2
153213,4.77064,49.76413,2
153214,4.76678,49.75189,2
153215,4.76991,49.7639,2
153216,4.766199,49.752081,2
153217,4.77093,49.76422,2
153218,4.77108,49.76426,2
153219,4.77143,49.76419,2
153220,4.77533,49.76321,2
153221,4.77143,49.76419,2
153222,4.77143,49.76419,2
153223,4.77182,49.76426,2
153224,4.77196,49.76429,2
153225,4.7721,49.76432,2
153226,4.77224,49.76434,2
153227,4.76798,49.76351,2
153228,4.77533,49.76321,2
153229,4.77208,49.76422,2
153230,4.77138,49.76362,2
153231,4.77138,49.76362,2
153232,4.77138,49.76362,2
153233,4.77138,49.76362,2
153234,4.76529,49.76291,2
153235,4.77139,49.76335,2
153236,4.77139,49.76335,2
153237,4.77143,49.76419,2
153238,4.77139,49.76335,2
153239,4.77139,49.76335,2
153240,4.77139,49.76335,2
153241,4.77139,49.76335,2
153242,4.76529,49.76291,2
153243,4.7822,49.76341,2
153244,4.7822,49.76341,2
153245,4.7822,49.76341,2
153246,4.7822,49.76341,2
153247,4.7822,49.76341,2
153248,4.7822,49.76341,2
153249,4.7822,49.76341,2
153250,4.7822,49.76341,2
153251,4.7822,49.76341,2
153252,4.7822,49.76341,2
153253,4.7822,49.76341,2
153254,4.7822,49.76341,2
153255,4.7822,49.76341,2
153256,4.7822,49.76341,2
153257,4.77844,49.76425,2
153258,4.7822,49.76341,2
153259,4.7822,49.76341,2
153260,4.76745,49.76344,2
153261,4.7685,49.76357,2
153262,4.77424,49.76242,2
153263,4.77258,49.76453,2
153264,4.77154,49.76291,2
153265,4.77251,49.76446,2
153266,4.77238,49.76437,2
153267,4.77238,49.76437,2
153268,4.77271,49.76468,2
153269,4.77258,49.76453,2
153270,4.77283,49.76482,2
153271,4.7731,49.76521,2
153272,4.772,49.76467,2
153273,4.77264,49.76459,2
153274,4.772,49.76467,2
153275,4.772,49.76467,2
153276,4.75917,49.75448,2
153277,4.77242,49.76497,2
153278,4.75856,49.75473,2
153279,4.76678,49.75189,2
153280,4.77217,49.76484,2
153281,4.77194,49.76471,2
153282,4.75897,49.75442,2
153283,4.76873,49.75107,2
153284,4.77171,49.76458,2
153285,4.772,49.76467,2
153286,4.76909,49.75128,2
153287,4.77139,49.76357,2
153288,4.77143,49.76419,2
153289,4.77025,49.76351,2
153290,4.77143,49.76419,2
153291,4.77365,49.7595,2
153292,4.77043,49.76334,2
153293,4.77163,49.76393,2
153294,4.77143,49.76419,2
153295,4.77043,49.76334,2
153296,4.77163,49.76393,2
153297,4.775902,49.766494,2
153298,4.77143,49.76419,2
153299,4.775296,49.766282,2
153300,4.757608,49.763869,2
153301,4.774856,49.766075,2
153302,4.753623,49.762906,2
153303,4.774856,49.766066,2
153304,4.753623,49.762906,2
153305,4.774273,49.765772,2
153306,4.753623,49.762906,2
153307,4.774259,49.765773,2
153308,4.755901,49.763562,2
153309,4.77143,49.76419,2
153310,4.773761,49.765504,2
153311,4.77722,49.768804,2
153312,4.77143,49.76419,2
153313,4.774195,49.766475,2
153314,4.774195,49.766475,2
153315,4.774195,49.766475,2
153316,4.775195,49.766787,2
153317,4.775195,49.766787,2
153318,4.775195,49.766787,2
153319,4.775195,49.766787,2
153320,4.775195,49.766787,2
153321,4.775195,49.766787,2
153322,4.76927,49.75139,2
153323,4.775195,49.766787,2
153324,4.774195,49.766475,2
153325,4.774195,49.766475,2
153326,4.774195,49.766475,2
153327,4.774195,49.766475,2
153328,4.774195,49.766475,2
153329,4.773534,49.765688,2
153330,4.773534,49.765688,2
153331,4.773534,49.765688,2
153332,4.773534,49.765688,2
153333,4.777569,49.763927,2
153334,4.777568,49.763918,2
153335,4.77424,49.76242,2
153336,4.777568,49.763918,2
153337,4.777759,49.763555,2
153338,4.778421,49.763488,2
153339,4.77914,49.763429,2
153340,4.77914,49.763429,2
153341,4.779125,49.76342,2
153342,4.778903,49.763406,2
153343,4.778903,49.763406,2
153344,4.77163,49.75337,2
153345,4.779111,49.763411,2
153346,4.778421,49.763488,2
153347,4.778421,49.763488,2
153348,4.77367,49.76423,2
153349,4.77367,49.76423,2
153350,4.777759,49.763555,2
153351,4.77367,49.76423,2
153352,4.777759,49.763555,2
153353,4.777182,49.763684,2
153354,4.777169,49.763684,2
153355,4.777169,49.763684,2
153356,4.776744,49.763791,2
153357,4.77679,49.763898,2
153358,4.777579,49.764143,2
153359,4.77533,49.76321,2
153360,4.777581,49.764197,2
153361,4.777568,49.763918,2
153362,4.777591,49.764107,2
153363,4.76356,49.75287,2
153364,4.76044,49.75389,2
153365,4.77143,49.76419,2
153366,4.76215,49.75333,2
153367,4.77097,49.75257,2
153368,4.77303,49.75689,2
153369,4.76672,49.76207,2
153370,4.77284,49.75688,2
153371,4.77003,49.75189,2
153372,4.77347,49.76182,2
153373,4.77127,49.75314,2
153374,4.77208,49.76422,2
153375,4.7696,49.75176,2
153376,4.77105,49.75282,2
153377,4.76997,49.75202,2
153378,4.77034,49.75228,2
153379,4.76931,49.75156,2
153380,4.77303,49.75689,2
153381,4.76906,49.75142,2
153382,4.76882,49.75128,2
153383,4.76766,49.75158,2
153384,4.76534,49.75234,2
153385,4.77071,49.75255,2
153386,4.77148,49.75347,2
153387,4.76678,49.75189,2
153388,4.76534,49.75234,2
153389,4.76591,49.75221,2
153390,4.76538,49.7524,2
153391,4.76474,49.75261,2
153392,4.76474,49.75261,2
153393,4.75897,49.75456,2
153394,4.76678,49.75189,2
153395,4.75877,49.75464,2
153396,4.77143,49.76419,2
153397,4.76534,49.75234,2
153398,4.76529,49.76291,2
153399,4.75856,49.75473,2
153400,4.75897,49.75442,2
153401,4.76534,49.75234,2
153402,4.76534,49.75234,2
153403,4.76931,49.751,2
153404,4.76888,49.75114,2
153405,4.76534,49.75234,2
153406,4.76534,49.75234,2
153407,4.76534,49.75234,2
153408,4.76466,49.7525,2
153409,4.7653,49.75229,2
153410,4.76604,49.75203,2
153411,4.76604,49.75203,2
153412,4.76736,49.75155,2
153413,4.76749,49.75037,2
153414,4.76749,49.75037,2
153415,4.76801,49.75057,2
153416,4.76819,49.7507,2
153417,4.76837,49.75082,2
153418,4.76855,49.75094,2
153419,4.76766,49.75032,2
153420,4.76845,49.75104,2
153421,4.76573,49.76324,2
153422,4.76573,49.76324,2
153423,4.76748,49.75019,2
153424,4.77143,49.76419,2
153425,4.7689,49.75118,2
153426,4.76927,49.75139,2
153427,4.76946,49.75149,2
153428,4.76783,49.75044,2
153429,4.76534,49.75234,2
153430,4.76534,49.75234,2
153431,4.76534,49.75234,2
153432,4.75937,49.75439,2
153433,4.76534,49.75234,2
153434,4.76534,49.75234,2
153435,4.75957,49.75431,2
153436,4.76931,49.751,2
153437,4.76534,49.75234,2
153438,4.76534,49.75234,2
153439,4.76534,49.75234,2
153440,4.76534,49.75234,2
153441,4.76534,49.75234,2
153442,4.77174,49.76299,2
153443,4.77174,49.76299,2
153444,4.77143,49.76419,2
153445,4.76534,49.75234,2
153446,4.77174,49.76299,2
153447,4.77143,49.76419,2
153448,4.76534,49.75234,2
153449,4.77387,49.75957,2
153450,4.76534,49.75234,2
153451,4.76678,49.75189,2
153452,4.76897,49.76363,2
153453,4.76534,49.75234,2
153454,4.77143,49.76419,2
153455,4.77143,49.76419,2
153456,4.77264,49.75003,2
153457,4.7732,49.74997,2
153458,4.77376,49.74991,2
153459,4.77258,49.76453,2
153460,4.77455,49.75026,2
153461,4.7745,49.75139,2
153462,4.7756,49.75222,2
153463,4.77702,49.75224,2
153464,4.77496,49.75174,2
153465,4.77731,49.75235,2
153466,4.76534,49.75234,2
153467,4.77373,49.7498,2
153468,4.77385,49.75997,2
153469,4.77317,49.74986,2
153470,4.77402,49.75993,2
153471,4.77472,49.75029,2
153472,4.76745,49.76344,2
153473,4.77143,49.76419,2
153474,4.77261,49.74991,2
153475,4.77261,49.74991,2
153476,4.77143,49.76419,2
153477,4.76529,49.76291,2
153478,4.76534,49.75234,2
153479,4.77143,49.76419,2
153480,4.76534,49.75234,2
153481,4.76534,49.75234,2
153482,4.774018,49.749157,2
153483,4.77148,49.76372,2
153484,4.77152,49.76372,2
153485,4.77144,49.76373,2
153486,4.77208,49.76422,2
153487,4.77046,49.763477,2
153488,4.77118,49.76373,2
153489,4.76745,49.76344,2
153490,4.77844,49.76425,2
153491,4.76745,49.76344,2
153492,4.77059,49.76352,2
153493,4.7713,49.76335,2
153494,4.77122,49.76314,2
153495,4.77025,49.76351,2
153496,4.77075,49.76361,2
153497,4.77143,49.76419,2
153498,4.77025,49.76351,2
153499,4.77034,49.76343,2
153500,4.77208,49.76422,2
153501,4.76897,49.76363,2
153502,4.76897,49.76363,2
153503,4.77143,49.76419,2
153504,4.77143,49.76419,2
153505,4.77143,49.76419,2
153506,4.76088,49.76281,2
153507,4.77208,49.76422,2
153508,4.75902,49.76262,2
153509,4.77283,49.76482,2
153510,4.75619,49.7624,2
153511,4.749174,49.762959,2
153512,4.75022,49.763091,2
153513,4.747988,49.762821,2
153514,4.755226,49.763369,2
153515,4.755226,49.763369,2
153516,4.755226,49.763369,2
153517,4.755226,49.763369,2
153518,4.755226,49.763369,2
153519,4.755226,49.763369,2
153520,4.751442,49.763129,2
153521,4.755901,49.763562,2
153522,4.755901,49.763562,2
153523,4.758496,49.763887,2
153524,4.758496,49.763887,2
153525,4.76609,49.76327,2
153526,4.76603,49.76326,2
153527,4.76597,49.76326,2
153528,4.76591,49.76325,2
153529,4.76585,49.76325,2
153530,4.76579,49.76324,2
153531,4.76573,49.76324,2
153532,4.76566,49.76323,2
153533,4.7656,49.76323,2
153534,4.76554,49.76322,2
153535,4.76548,49.76322,2
153536,4.76542,49.76321,2
153537,4.77844,49.76425,2
153538,4.77534,49.7642,2
153539,4.77143,49.76419,2
153540,4.76529,49.76291,2
153541,4.77143,49.76419,2
153542,4.77143,49.76419,2
153543,4.77182,49.76426,2
153544,4.76529,49.76291,2
153545,4.77417,49.76231,2
153546,4.77333,49.76511,2
153547,4.77333,49.76511,2
153548,4.76887,49.76291,2
153549,4.77327,49.76505,2
153550,4.78051,49.76378,2
153551,4.773,49.765,2
153552,4.77265,49.7644,2
153553,4.77332,49.76435,2
153554,4.77534,49.7642,2
153555,4.77495,49.76432,2
153556,4.77451,49.76421,2
153557,4.77451,49.76421,2
153558,4.77524,49.76321,2
153559,4.77513,49.76249,2
153560,4.77592,49.76431,2
153561,4.773,49.765,2
153562,4.77691,49.76435,2
153563,4.77725,49.76437,2
153564,4.77756,49.76427,2
153565,4.77758,49.76438,2
153566,4.77793,49.76437,2
153567,4.77859,49.7643,2
153568,4.77892,49.76426,2
153569,4.77844,49.76425,2
153570,4.77716,49.76425,2
153571,4.77841,49.7642,2
153572,4.77826,49.76434,2
153573,4.76192,49.76288,2
153574,4.78039,49.7638,2
153575,4.78004,49.76363,2
153576,4.77534,49.7642,2
153577,4.78034,49.76384,2
153578,4.78008,49.76376,2
153579,4.78062,49.76387,2
153580,4.76678,49.75189,2
153581,4.77143,49.76419,2
153582,4.77541,49.76318,2
153583,4.76678,49.75189,2
153584,4.78068,49.76391,2
153585,4.76678,49.75189,2
153586,4.78056,49.76382,2
153587,4.76678,49.75189,2
153588,4.780332,49.763414,2
153589,4.76678,49.75189,2
153590,4.76678,49.75189,2
153591,4.77989,49.76371,2
153592,4.77367,49.76423,2
153593,4.77367,49.76423,2
153594,4.77143,49.76419,2
153595,4.77284,49.76424,2
153596,4.788165,49.762213,2
153597,4.77238,49.76425,2
153598,4.77215,49.76421,2
153599,4.77192,49.76416,2
153600,4.77139,49.76335,2
153601,4.77208,49.76422,2
153602,4.77208,49.76422,2
153603,4.77186,49.76397,2
153604,4.77176,49.76384,2
153605,4.77165,49.7637,2
153606,4.77139,49.76335,2
153607,4.77159,49.76359,2
153608,4.77154,49.76349,2
153609,4.77154,49.76349,2
153610,4.7715,49.76338,2
153611,4.7757,49.76388,2
153612,4.77146,49.76327,2
153613,4.77141,49.76316,2
153614,4.77137,49.76306,2
153615,4.77144,49.76305,2
153616,4.77174,49.76299,2
153617,4.77201,49.76281,2
153618,4.77207,49.76292,2
153619,4.77242,49.76284,2
153620,4.77276,49.76276,2
153621,4.7738,49.76253,2
153622,4.76529,49.76291,2
153623,4.77207,49.76292,2
153624,4.77311,49.76268,2
153625,4.77533,49.76321,2
153626,4.76529,49.76291,2
153627,4.76775,49.76241,2
153628,4.77345,49.76261,2
153629,4.77156,49.76296,2
153630,4.77844,49.76425,2
153631,4.77461,49.76231,2
153632,4.77483,49.76224,2
153633,4.7754,49.76196,2
153634,4.77533,49.76321,2
153635,4.78096,49.75972,2
153636,4.7726,49.75598,2
153637,4.77295,49.75723,2
153638,4.77329,49.75827,2
153639,4.77402,49.76044,2
153640,4.77375,49.75973,2
153641,4.77217,49.76229,2
153642,4.77143,49.76419,2
153643,4.77236,49.76273,2
153644,4.77356,49.75927,2
153645,4.76986,49.76372,2
153646,4.77034,49.76343,2
153647,4.59969,49.419198,2
153648,4.601593,49.417374,2
153649,4.59963,49.41812,2
153650,4.59963,49.41812,2
153651,4.59963,49.41812,2
153652,4.59963,49.41812,2
153653,4.60011,49.41871,2
153654,4.601438,49.418536,2
153655,4.602395,49.418994,2
153656,4.602395,49.418994,2
153657,4.602409,49.419003,2
153658,4.601705,49.418971,2
153659,4.60167,49.41975,2
153660,4.59829,49.4189,2
153661,4.59829,49.4189,2
153662,4.59829,49.4189,2
153663,4.59829,49.4189,2
153664,4.599999,49.419021,2
153665,4.60011,49.41871,2
153666,4.59963,49.41812,2
153667,4.599473,49.417099,2
153668,4.59963,49.41812,2
153669,4.59963,49.41812,2
153670,4.59963,49.41812,2
153671,4.59963,49.41812,2
153672,4.60167,49.41975,2
153673,4.60011,49.41871,2
153674,4.60011,49.41871,2
153675,4.59963,49.41812,2
153676,4.59829,49.4189,2
153677,4.59963,49.41812,2
153678,4.59829,49.4189,2
153679,4.59829,49.4189,2
153680,4.502745,49.536995,2
153681,4.495,49.53831,2
153682,4.496591,49.538048,2
153683,4.495,49.53831,2
153684,4.497329,49.537873,2
153685,4.497549,49.537842,2
153686,4.495,49.53831,2
153687,4.534214,49.490151,2
153688,4.495,49.53831,2
153689,4.495,49.53831,2
153690,4.495,49.53831,2
153691,4.499575,49.537779,2
153692,4.495,49.53831,2
153693,4.500244,49.537911,2
153694,4.495,49.53831,2
153695,4.500691,49.537391,2
153696,4.495,49.53831,2
153697,4.495,49.53831,2
153698,4.495,49.53831,2
153699,4.50028,49.53697,2
153700,4.495,49.53831,2
153701,4.50028,49.53697,2
153702,4.50028,49.53697,2
153703,4.495,49.53831,2
153704,4.495,49.53831,2
153705,4.502759,49.536994,2
153706,4.502048,49.53716,2
153707,4.711614,49.505408,2
153708,4.70024,49.50417,2
153709,4.724305,49.500872,2
153710,4.72671,49.50414,2
153711,4.724305,49.500872,2
153712,4.71356,49.50507,2
153713,4.71356,49.50507,2
153714,4.71027,49.50049,2
153715,4.71356,49.50507,2
153716,4.71356,49.50507,2
153717,4.70024,49.50417,2
153718,4.73087,49.527664,2
153719,4.714666,49.505762,2
153720,4.710314,49.506243,2
153721,4.712112,49.508113,2
153722,4.714388,49.510153,2
153723,4.718019,49.510782,2
153724,4.720535,49.510579,2
153725,4.705151,49.500234,2
153726,4.724391,49.509811,2
153727,4.708284,49.502338,2
153728,4.71356,49.50507,2
153729,4.720535,49.510579,2
153730,4.724319,49.500871,2
153731,4.71356,49.50507,2
153732,4.71356,49.50507,2
153733,4.71356,49.50507,2
153734,4.71356,49.50507,2
153735,4.71356,49.50507,2
153736,4.71356,49.50507,2
153737,4.71356,49.50507,2
153738,4.71356,49.50507,2
153739,4.71356,49.50507,2
153740,4.71356,49.50507,2
153741,4.71356,49.50507,2
153742,4.71356,49.50507,2
153743,4.71356,49.50507,2
153744,4.71356,49.50507,2
153745,4.711806,49.505683,2
153746,4.71168,49.507726,2
153747,4.71356,49.50507,2
153748,4.711162,49.504869,2
153749,4.711528,49.505329,2
153750,4.71027,49.50049,2
153751,4.71356,49.50507,2
153752,4.710314,49.506243,2
153753,4.71356,49.50507,2
153754,4.710314,49.506243,2
153755,4.71356,49.50507,2
153756,4.71356,49.50507,2
153757,4.70024,49.50417,2
153758,4.71356,49.50507,2
153759,4.71356,49.50507,2
153760,4.712532,49.508527,2
153761,4.710314,49.506243,2
153762,4.712532,49.508527,2
153763,4.712126,49.508112,2
153764,4.71356,49.50507,2
153765,4.714373,49.510144,2
153766,4.7136,49.5051,2
153767,4.72168,49.517683,2
153768,4.711806,49.505683,2
153769,4.73087,49.527664,2
153770,4.690318,49.494216,2
153771,4.680058,49.50785,2
153772,4.68895,49.49479,2
153773,4.692017,49.496043,2
153774,4.691695,49.49595,2
153775,4.68878,49.49498,2
153776,4.68493,49.49563,2
153777,4.687014,49.493157,2
153778,4.685893,49.499397,2
153779,4.685917,49.499307,2
153780,4.68895,49.49479,2
153781,4.678012,49.506281,2
153782,4.68809,49.49563,2
153783,4.679702,49.504909,2
153784,4.687031,49.492024,2
153785,4.691317,49.493729,2
153786,4.695952,49.495813,2
153787,4.698956,49.497237,2
153788,4.68813,49.49552,2
153789,4.67913,49.50715,2
153790,4.67913,49.50715,2
153791,4.68809,49.49563,2
153792,4.68813,49.49552,2
153793,4.68809,49.49563,2
153794,4.68809,49.49563,2
153795,4.68977,49.49105,2
153796,4.68977,49.49105,2
153797,4.692646,49.493541,2
153798,4.691695,49.49595,2
153799,4.691695,49.49595,2
153800,4.68765,49.49411,2
153801,4.687332,49.496484,2
153802,4.68809,49.49563,2
153803,4.691695,49.49595,2
153804,4.690342,49.495338,2
153805,4.690342,49.495338,2
153806,4.689935,49.495481,2
153807,4.690342,49.495338,2
153808,4.68813,49.49552,2
153809,4.690342,49.495338,2
153810,4.689935,49.495481,2
153811,4.689935,49.495481,2
153812,4.6915,49.49389,2
153813,4.689596,49.495299,2
153814,4.68895,49.49479,2
153815,4.68895,49.49479,2
153816,4.68895,49.49479,2
153817,4.68895,49.49479,2
153818,4.68895,49.49479,2
153819,4.68765,49.49411,2
153820,4.68869,49.49532,2
153821,4.68878,49.49498,2
153822,4.68878,49.49498,2
153823,4.68878,49.49498,2
153824,4.68878,49.49498,2
153825,4.68878,49.49498,2
153826,4.687332,49.496484,2
153827,4.68895,49.49479,2
153828,4.68878,49.49498,2
153829,4.68878,49.49498,2
153830,4.68878,49.49498,2
153831,4.68878,49.49498,2
153832,4.68493,49.49563,2
153833,4.685662,49.494971,2
153834,4.68493,49.49563,2
153835,4.68493,49.49563,2
153836,4.68493,49.49563,2
153837,4.68493,49.49563,2
153838,4.68493,49.49563,2
153839,4.68493,49.49563,2
153840,4.68493,49.49563,2
153841,4.68878,49.49498,2
153842,4.68878,49.49498,2
153843,4.68493,49.49563,2
153844,4.686274,49.494465,2
153845,4.686464,49.49439,2
153846,4.686314,49.494446,2
153847,4.685662,49.494971,2
153848,4.68813,49.49552,2
153849,4.686282,49.492847,2
153850,4.68869,49.49532,2
153851,4.68765,49.49411,2
153852,4.683873,49.489938,2
153853,4.68765,49.49411,2
153854,4.68765,49.49411,2
153855,4.68865,49.49361,2
153856,4.68865,49.49361,2
153857,4.68865,49.49361,2
153858,4.68865,49.49361,2
153859,4.68865,49.49361,2
153860,4.68977,49.49105,2
153861,4.68977,49.49105,2
153862,4.68977,49.49105,2
153863,4.6915,49.49389,2
153864,4.6915,49.49389,2
153865,4.6915,49.49389,2
153866,4.6915,49.49389,2
153867,4.6915,49.49389,2
153868,4.6915,49.49389,2
153869,4.6915,49.49389,2
153870,4.6915,49.49389,2
153871,4.6915,49.49389,2
153872,4.6915,49.49389,2
153873,4.6915,49.49389,2
153874,4.68813,49.49552,2
153875,4.687299,49.496665,2
153876,4.68878,49.49498,2
153877,4.685893,49.499397,2
153878,4.685905,49.499361,2
153879,4.68895,49.49479,2
153880,4.682362,49.503339,2
153881,4.679702,49.504909,2
153882,4.67913,49.50715,2
153883,4.67913,49.50715,2
153884,4.67913,49.50715,2
153885,4.67913,49.50715,2
153886,4.67913,49.50715,2
153887,4.682387,49.502979,2
153888,4.67913,49.50715,2
153889,4.679569,49.506511,2
153890,4.67913,49.50715,2
153891,4.67913,49.50715,2
153892,4.67913,49.50715,2
153893,4.67913,49.50715,2
153894,4.67913,49.50715,2
153895,4.67913,49.50715,2
153896,4.67913,49.50715,2
153897,4.67913,49.50715,2
153898,4.67913,49.50715,2
153899,4.67913,49.50715,2
153900,4.678012,49.506281,2
153901,4.67913,49.50715,2
153902,4.67913,49.50715,2
153903,4.67913,49.50715,2
153904,4.67913,49.50715,2
153905,4.669592,49.507729,2
153906,4.68809,49.49563,2
153907,4.699026,49.497253,2
153908,4.6008,49.40838,2
153909,4.6008,49.40838,2
153910,4.6008,49.40838,2
153911,4.595914,49.406966,2
153912,4.595914,49.406966,2
153913,4.58674,49.40461,2
153914,4.58674,49.40461,2
153915,4.5944,49.40762,2
153916,4.6008,49.40838,2
153917,4.6008,49.40838,2
153918,4.6008,49.40838,2
153919,4.5944,49.40762,2
153920,4.5944,49.40762,2
153921,4.58674,49.40461,2
153922,4.58674,49.40461,2
153923,4.601501,49.407804,2
153924,4.598695,49.407893,2
153925,4.600849,49.408329,2
153926,4.6008,49.40838,2
153927,4.6008,49.40838,2
153928,4.5944,49.40762,2
153929,4.5944,49.40762,2
153930,4.6008,49.40838,2
153931,4.602929,49.405531,2
153932,4.602929,49.405531,2
153933,4.6008,49.40838,2
153934,4.6008,49.40838,2
153935,4.6008,49.40838,2
153936,4.601107,49.408234,2
153937,4.600849,49.408329,2
153938,4.600849,49.408329,2
153939,4.6008,49.40838,2
153940,4.600849,49.408329,2
153941,4.6008,49.40838,2
153942,4.6008,49.40838,2
153943,4.6008,49.40838,2
153944,4.6008,49.40838,2
153945,4.58674,49.40461,2
153946,4.96564,49.58163,2
153947,4.97537,49.5783,2
153948,4.97537,49.5783,2
153949,4.96871,49.58197,2
153950,4.96677,49.58183,2
153951,4.96677,49.58183,2
153952,4.96677,49.58183,2
153953,4.96702,49.58262,2
153954,4.967074,49.582735,2
153955,4.967517,49.583004,2
153956,4.94151,49.581483,2
153957,4.962083,49.567908,2
153958,4.96564,49.58163,2
153959,4.97537,49.5783,2
153960,4.96871,49.58197,2
153961,4.96677,49.58183,2
153962,4.96677,49.58183,2
153963,4.96677,49.58183,2
153964,4.96677,49.58183,2
153965,4.94617,49.579082,2
153966,4.93818,49.57496,2
153967,4.95834,49.61065,2
153968,4.95729,49.60872,2
153969,4.9586,49.60726,2
153970,4.96144,49.60747,2
153971,4.95859,49.6072,2
153972,4.95859,49.6072,2
153973,4.95859,49.6072,2
153974,4.95859,49.6072,2
153975,4.95859,49.6072,2
153976,4.95859,49.6072,2
153977,4.95859,49.6072,2
153978,4.95623,49.60206,2
153979,4.95859,49.6072,2
153980,4.95859,49.6072,2
153981,4.96145,49.60735,2
153982,4.95796,49.60709,2
153983,4.95729,49.60872,2
153984,4.95729,49.60872,2
153985,4.95729,49.60872,2
153986,4.95989,49.60642,2
153987,4.95989,49.60642,2
153988,4.95989,49.60642,2
153989,4.95989,49.60642,2
153990,4.95989,49.60642,2
153991,4.95729,49.59893,2
153992,4.95989,49.60642,2
153993,4.95989,49.60642,2
153994,4.95989,49.60642,2
153995,4.95989,49.60642,2
153996,4.95989,49.60642,2
153997,4.95989,49.60642,2
153998,4.95989,49.60642,2
153999,4.95989,49.60642,2
154000,4.95989,49.60642,2
154001,4.95989,49.60642,2
154002,4.95989,49.60642,2
154003,4.95989,49.60642,2
154004,4.95989,49.60642,2
154005,4.95989,49.60642,2
154006,4.95734,49.60179,2
154007,4.95989,49.60642,2
154008,4.95989,49.60642,2
154009,4.95989,49.60642,2
154010,4.95858,49.60617,2
154011,4.95904,49.60625,2
154012,4.9595,49.60632,2
154013,4.95996,49.60639,2
154014,4.96042,49.60647,2
154015,4.96088,49.60654,2
154016,4.96134,49.60658,2
154017,4.96181,49.60658,2
154018,4.95989,49.60608,2
154019,4.95989,49.60608,2
154020,4.95989,49.60608,2
154021,4.95989,49.60608,2
154022,4.95989,49.60608,2
154023,4.95989,49.60608,2
154024,4.95989,49.60608,2
154025,4.95989,49.60608,2
154026,4.95989,49.60608,2
154027,4.95989,49.60608,2
154028,4.9585,49.60576,2
154029,4.95848,49.60564,2
154030,4.95848,49.60564,2
154031,4.95848,49.60564,2
154032,4.95846,49.60551,2
154033,4.95846,49.60551,2
154034,4.95846,49.60551,2
154035,4.95842,49.60526,2
154036,4.95841,49.60514,2
154037,4.95839,49.60502,2
154038,4.95829,49.60465,2
154039,4.95817,49.60423,2
154040,4.95817,49.60423,2
154041,4.95808,49.6038,2
154042,4.95808,49.60372,2
154043,4.95808,49.60364,2
154044,4.95808,49.60356,2
154045,4.95808,49.60348,2
154046,4.95808,49.60348,2
154047,4.95808,49.60331,2
154048,4.95808,49.60331,2
154049,4.95808,49.60339,2
154050,4.95828,49.60312,2
154051,4.95919,49.60372,2
154052,4.95951,49.6041,2
154053,4.9601,49.60364,2
154054,4.9601,49.60364,2
154055,4.9601,49.60364,2
154056,4.95819,49.60324,2
154057,4.9588,49.60363,2
154058,4.9593,49.60409,2
154059,4.9601,49.60364,2
154060,4.9601,49.60364,2
154061,4.9601,49.60364,2
154062,4.9601,49.60364,2
154063,4.9601,49.60364,2
154064,4.9593,49.60409,2
154065,4.95811,49.60303,2
154066,4.958337,49.602893,2
154067,4.958337,49.602893,2
154068,4.95539,49.60342,2
154069,4.958337,49.602893,2
154070,4.958337,49.602893,2
154071,4.958337,49.602893,2
154072,4.95803,49.60409,2
154073,4.95803,49.60409,2
154074,4.95803,49.60409,2
154075,4.95803,49.60409,2
154076,4.95803,49.60409,2
154077,4.95803,49.60409,2
154078,4.95803,49.60409,2
154079,4.95539,49.60342,2
154080,4.95803,49.60409,2
154081,4.95803,49.60409,2
154082,4.9601,49.60364,2
154083,4.95803,49.60409,2
154084,4.95803,49.60409,2
154085,4.95803,49.60409,2
154086,4.95803,49.60409,2
154087,4.95803,49.60409,2
154088,4.95803,49.60409,2
154089,4.95803,49.60409,2
154090,4.95803,49.60409,2
154091,4.95803,49.60409,2
154092,4.95803,49.60409,2
154093,4.95803,49.60409,2
154094,4.95734,49.60179,2
154095,4.95734,49.60179,2
154096,4.95734,49.60179,2
154097,4.95734,49.60179,2
154098,4.95734,49.60179,2
154099,4.95734,49.60179,2
154100,4.95734,49.60179,2
154101,4.95734,49.60179,2
154102,4.95827,49.60084,2
154103,4.95827,49.60084,2
154104,4.95827,49.60084,2
154105,4.95823,49.60045,2
154106,4.95831,49.60008,2
154107,4.95526,49.60042,2
154108,4.95831,49.60008,2
154109,4.95855,49.59972,2
154110,4.959192,49.599342,2
154111,4.95812,49.60025,2
154112,4.95812,49.60025,2
154113,4.95812,49.60025,2
154114,4.95812,49.60025,2
154115,4.95812,49.60025,2
154116,4.95812,49.60025,2
154117,4.95812,49.60025,2
154118,4.95734,49.60179,2
154119,4.95812,49.60025,2
154120,4.95812,49.60025,2
154121,4.95812,49.60025,2
154122,4.95812,49.60025,2
154123,4.95812,49.60025,2
154124,4.95812,49.60025,2
154125,4.95812,49.60025,2
154126,4.95812,49.60025,2
154127,4.95812,49.60025,2
154128,4.95812,49.60025,2
154129,4.95812,49.60025,2
154130,4.95812,49.60025,2
154131,4.95812,49.60025,2
154132,4.95812,49.60025,2
154133,4.95812,49.60025,2
154134,4.95812,49.60025,2
154135,4.95812,49.60025,2
154136,4.95803,49.60409,2
154137,4.95803,49.60409,2
154138,4.95803,49.60409,2
154139,4.95803,49.60409,2
154140,4.95595,49.59941,2
154141,4.95803,49.60409,2
154142,4.95803,49.60409,2
154143,4.95803,49.60409,2
154144,4.95803,49.60409,2
154145,4.95803,49.60409,2
154146,4.95803,49.60409,2
154147,4.95743,49.59877,2
154148,4.95751,49.5984,2
154149,4.95729,49.59893,2
154150,4.95748,49.59365,2
154151,4.95736,49.59288,2
154152,4.95756,49.59788,2
154153,4.95756,49.59724,2
154154,4.95756,49.59661,2
154155,4.95756,49.59597,2
154156,4.95756,49.59533,2
154157,4.95729,49.59893,2
154158,4.95729,49.59893,2
154159,4.95729,49.59893,2
154160,4.95729,49.59893,2
154161,4.95738,49.59554,2
154162,4.9601,49.60364,2
154163,4.95704,49.59159,2
154164,4.95718,49.59288,2
154165,4.95734,49.59834,2
154166,4.9572,49.59894,2
154167,4.95707,49.59953,2
154168,4.95705,49.59975,2
154169,4.95708,49.59986,2
154170,4.95711,49.59996,2
154171,4.95715,49.60007,2
154172,4.95595,49.59941,2
154173,4.95607,49.59939,2
154174,4.95607,49.59939,2
154175,4.95607,49.59939,2
154176,4.95607,49.59939,2
154177,4.95607,49.59939,2
154178,4.9549,49.59862,2
154179,4.95496,49.59745,2
154180,4.95526,49.60042,2
154181,4.95526,49.60042,2
154182,4.95526,49.60042,2
154183,4.95526,49.60042,2
154184,4.954115,49.599839,2
154185,4.954116,49.599848,2
154186,4.954116,49.599848,2
154187,4.95526,49.60042,2
154188,4.95526,49.60042,2
154189,4.95526,49.60042,2
154190,4.95526,49.60042,2
154191,4.95526,49.60042,2
154192,4.95526,49.60042,2
154193,4.95526,49.60042,2
154194,4.95492,49.60467,2
154195,4.95526,49.60042,2
154196,4.95526,49.60042,2
154197,4.95526,49.60042,2
154198,4.95526,49.60042,2
154199,4.95526,49.60042,2
154200,4.95526,49.60042,2
154201,4.95526,49.60042,2
154202,4.95526,49.60042,2
154203,4.95526,49.60042,2
154204,4.95526,49.60042,2
154205,4.9601,49.60364,2
154206,4.95526,49.60042,2
154207,4.95526,49.60042,2
154208,4.95526,49.60042,2
154209,4.95526,49.60042,2
154210,4.95526,49.60042,2
154211,4.95989,49.60608,2
154212,4.95526,49.60042,2
154213,4.95803,49.60409,2
154214,4.95526,49.60042,2
154215,4.95734,49.60179,2
154216,4.95526,49.60042,2
154217,4.95734,49.60179,2
154218,4.95526,49.60042,2
154219,4.95734,49.60179,2
154220,4.95526,49.60042,2
154221,4.95727,49.59989,2
154222,4.95725,49.59951,2
154223,4.95487,49.59957,2
154224,4.95714,49.59923,2
154225,4.95607,49.59939,2
154226,4.95526,49.60042,2
154227,4.95595,49.59941,2
154228,4.95599,49.60223,2
154229,4.95526,49.60042,2
154230,4.95528,49.60339,2
154231,4.95526,49.60042,2
154232,4.95526,49.60042,2
154233,4.95543,49.60636,2
154234,4.95526,49.60042,2
154235,4.956852,49.604677,2
154236,4.95526,49.60042,2
154237,4.95604,49.60541,2
154238,4.95526,49.60042,2
154239,4.95467,49.59954,2
154240,4.955433,49.606397,2
154241,4.95561,49.60123,2
154242,4.95526,49.60042,2
154243,4.95803,49.60409,2
154244,4.95526,49.60042,2
154245,4.9601,49.60364,2
154246,4.95526,49.60042,2
154247,4.95803,49.60409,2
154248,4.95832,49.60575,2
154249,4.95859,49.6072,2
154250,4.95829,49.60557,2
154251,4.95734,49.60179,2
154252,4.95742,49.60221,2
154253,4.95826,49.6054,2
154254,4.9579,49.60502,2
154255,4.95742,49.60221,2
154256,4.95734,49.60179,2
154257,4.95824,49.60523,2
154258,4.95734,49.60179,2
154259,4.95824,49.60523,2
154260,4.95651,49.60193,2
154261,4.95734,49.60179,2
154262,4.95824,49.60523,2
154263,4.95824,49.60523,2
154264,4.95824,49.60523,2
154265,4.95824,49.60523,2
154266,4.95821,49.60505,2
154267,4.95821,49.60505,2
154268,4.95821,49.60505,2
154269,4.95821,49.60505,2
154270,4.95821,49.60505,2
154271,4.95824,49.60523,2
154272,4.95821,49.60505,2
154273,4.95824,49.60523,2
154274,4.95799,49.60425,2
154275,4.95695,49.60361,2
154276,4.95793,49.60398,2
154277,4.95755,49.60393,2
154278,4.95755,49.60393,2
154279,4.95727,49.60395,2
154280,4.954873,49.607065,2
154281,4.95673,49.60389,2
154282,4.95695,49.60361,2
154283,4.95702,49.60262,2
154284,4.9567,49.60264,2
154285,4.95645,49.60324,2
154286,4.95584,49.60295,2
154287,4.955925,49.602765,2
154288,4.95651,49.60193,2
154289,4.95651,49.60193,2
154290,4.95656,49.60204,2
154291,4.95608,49.60268,2
154292,4.95651,49.60193,2
154293,4.95597,49.60243,2
154294,4.95581,49.60263,2
154295,4.95579,49.60243,2
154296,4.95581,49.60223,2
154297,4.95651,49.60193,2
154298,4.95599,49.60223,2
154299,4.95695,49.60361,2
154300,4.95651,49.60193,2
154301,4.95639,49.6021,2
154302,4.95651,49.60193,2
154303,4.95651,49.60193,2
154304,4.955509,49.602208,2
154305,4.95651,49.60193,2
154306,4.95651,49.60193,2
154307,4.95651,49.60193,2
154308,4.95651,49.60193,2
154309,4.95651,49.60193,2
154310,4.95539,49.60342,2
154311,4.95562,49.6027,2
154312,4.95539,49.60342,2
154313,4.95539,49.60342,2
154314,4.95539,49.60342,2
154315,4.9555,49.60307,2
154316,4.95742,49.60221,2
154317,4.9555,49.60307,2
154318,4.95549,49.60348,2
154319,4.95537,49.60292,2
154320,4.95532,49.60308,2
154321,4.95532,49.60308,2
154322,4.95528,49.60323,2
154323,4.95552,49.60389,2
154324,4.95539,49.60342,2
154325,4.95533,49.60354,2
154326,4.95538,49.60369,2
154327,4.95535,49.60385,2
154328,4.95532,49.604,2
154329,4.95523,49.60419,2
154330,4.95507,49.60443,2
154331,4.95462,49.60515,2
154332,4.95539,49.60342,2
154333,4.95587,49.60398,2
154334,4.9559,49.60409,2
154335,4.95676,49.60396,2
154336,4.95695,49.60361,2
154337,4.95689,49.60436,2
154338,4.95669,49.60252,2
154339,4.95604,49.60541,2
154340,4.95604,49.60541,2
154341,4.95604,49.60541,2
154342,4.95604,49.60541,2
154343,4.95604,49.60541,2
154344,4.95604,49.60541,2
154345,4.95768,49.60438,2
154346,4.95604,49.60541,2
154347,4.95604,49.60541,2
154348,4.95604,49.60541,2
154349,4.95604,49.60541,2
154350,4.955843,49.612508,2
154351,4.9579,49.60381,2
154352,4.9579,49.60374,2
154353,4.9579,49.60374,2
154354,4.9579,49.60368,2
154355,4.9579,49.60368,2
154356,4.95734,49.60179,2
154357,4.9579,49.60368,2
154358,4.9579,49.60361,2
154359,4.95734,49.60179,2
154360,4.9579,49.60355,2
154361,4.95738,49.60322,2
154362,4.9579,49.60315,2
154363,4.95792,49.60307,2
154364,4.95793,49.603,2
154365,4.95803,49.60409,2
154366,4.95803,49.60409,2
154367,4.95803,49.60409,2
154368,4.95803,49.60409,2
154369,4.95742,49.60221,2
154370,4.95742,49.60221,2
154371,4.95742,49.60221,2
154372,4.95742,49.60221,2
154373,4.95732,49.60235,2
154374,4.95777,49.60239,2
154375,4.95742,49.60241,2
154376,4.95728,49.6029,2
154377,4.95776,49.60315,2
154378,4.95776,49.60315,2
154379,4.95734,49.60179,2
154380,4.95789,49.60326,2
154381,4.95767,49.60327,2
154382,4.95751,49.60328,2
154383,4.95765,49.60327,2
154384,4.95768,49.60337,2
154385,4.95771,49.60348,2
154386,4.95771,49.60348,2
154387,4.95771,49.60348,2
154388,4.95773,49.60359,2
154389,4.95775,49.6037,2
154390,4.95528,49.60339,2
154391,4.95776,49.60381,2
154392,4.95528,49.60339,2
154393,4.95764,49.60353,2
154394,4.95764,49.60353,2
154395,4.95764,49.60353,2
154396,4.95728,49.6033,2
154397,4.95657,49.60334,2
154398,4.95721,49.60291,2
154399,4.95696,49.60323,2
154400,4.95711,49.60308,2
154401,4.95708,49.60273,2
154402,4.95742,49.60241,2
154403,4.95742,49.60241,2
154404,4.95742,49.60241,2
154405,4.95742,49.60241,2
154406,4.95742,49.60241,2
154407,4.95742,49.60241,2
154408,4.95742,49.60241,2
154409,4.95742,49.60241,2
154410,4.95742,49.60241,2
154411,4.95742,49.60241,2
154412,4.95742,49.60241,2
154413,4.95742,49.60241,2
154414,4.95742,49.60241,2
154415,4.95742,49.60241,2
154416,4.95664,49.60243,2
154417,4.95641,49.6024,2
154418,4.95618,49.60236,2
154419,4.956,49.60219,2
154420,4.95647,49.60235,2
154421,4.95647,49.60235,2
154422,4.95639,49.60228,2
154423,4.956,49.60207,2
154424,4.95622,49.60218,2
154425,4.95666,49.60231,2
154426,4.95665,49.60215,2
154427,4.95526,49.60042,2
154428,4.95667,49.60231,2
154429,4.95683,49.60211,2
154430,4.95684,49.60218,2
154431,4.95685,49.60226,2
154432,4.95859,49.6072,2
154433,4.95673,49.60221,2
154434,4.95689,49.60233,2
154435,4.95639,49.6021,2
154436,4.95742,49.60241,2
154437,4.95742,49.60241,2
154438,4.95742,49.60241,2
154439,4.95786,49.59961,2
154440,4.95742,49.60241,2
154441,4.95742,49.60221,2
154442,4.95742,49.60221,2
154443,4.95742,49.60221,2
154444,4.95734,49.60179,2
154445,4.95685,49.60226,2
154446,4.955293,49.604208,2
154447,4.95686,49.60234,2
154448,4.955008,49.602156,2
154449,4.95616,49.60218,2
154450,4.95734,49.60179,2
154451,4.95629,49.60217,2
154452,4.95642,49.60216,2
154453,4.95668,49.60214,2
154454,4.95651,49.60193,2
154455,4.95656,49.60204,2
154456,4.95651,49.60193,2
154457,4.95651,49.60193,2
154458,4.95634,49.6019,2
154459,4.95656,49.60203,2
154460,4.95734,49.60179,2
154461,4.95734,49.60179,2
154462,4.95734,49.60179,2
154463,4.95734,49.60179,2
154464,4.95734,49.60173,2
154465,4.95803,49.60409,2
154466,4.95821,49.60193,2
154467,4.95595,49.59941,2
154468,4.95734,49.60179,2
154469,4.538427,49.538416,2
154470,4.540017,49.530444,2
154471,4.53544,49.53666,2
154472,4.535312,49.536271,2
154473,4.537134,49.534019,2
154474,4.534086,49.535386,2
154475,4.533573,49.535018,2
154476,4.534499,49.535666,2
154477,4.540798,49.529657,2
154478,4.541286,49.529127,2
154479,4.540952,49.530678,2
154480,4.541697,49.530988,2
154481,4.541697,49.530988,2
154482,4.53544,49.53666,2
154483,4.537547,49.537839,2
154484,4.53834,49.537348,2
154485,4.53834,49.537348,2
154486,4.54038,49.53809,2
154487,4.540983,49.529474,2
154488,4.53544,49.53666,2
154489,4.533261,49.534808,2
154490,4.53544,49.53666,2
154491,4.533261,49.534808,2
154492,4.5341,49.535386,2
154493,4.533929,49.535272,2
154494,4.534499,49.535666,2
154495,4.53791,49.53809,2
154496,4.53791,49.53809,2
154497,4.53791,49.53809,2
154498,4.53484,49.53573,2
154499,4.536204,49.535518,2
154500,4.537172,49.533955,2
154501,4.53712,49.534028,2
154502,4.53712,49.534028,2
154503,4.537494,49.533401,2
154504,4.537684,49.533002,2
154505,4.537721,49.532912,2
154506,4.538713,49.531258,2
154507,4.538957,49.531146,2
154508,4.539922,49.530482,2
154509,4.54035,49.530168,2
154510,4.54035,49.530168,2
154511,4.540798,49.529657,2
154512,4.54877,49.53096,2
154513,4.540373,49.535829,2
154514,4.541697,49.530988,2
154515,4.541697,49.530988,2
154516,4.54877,49.53096,2
154517,4.54877,49.53096,2
154518,4.542473,49.53137,2
154519,4.542487,49.531369,2
154520,4.542487,49.531369,2
154521,4.542487,49.531369,2
154522,4.543009,49.531647,2
154523,4.543009,49.531647,2
154524,4.543489,49.531576,2
154525,4.543489,49.531576,2
154526,4.54877,49.53096,2
154527,4.54877,49.53096,2
154528,4.543489,49.531576,2
154529,4.53544,49.53666,2
154530,4.53544,49.53666,2
154531,4.53544,49.53666,2
154532,4.53544,49.53666,2
154533,4.53544,49.53666,2
154534,4.53544,49.53666,2
154535,4.535665,49.538071,2
154536,4.53544,49.53666,2
154537,4.53593,49.538138,2
154538,4.535944,49.538129,2
154539,4.535944,49.538129,2
154540,4.536949,49.538389,2
154541,4.536949,49.538389,2
154542,4.537645,49.537882,2
154543,4.53791,49.53809,2
154544,4.53791,49.53809,2
154545,4.538457,49.538469,2
154546,4.538457,49.538469,2
154547,4.537102,49.538413,2
154548,4.536963,49.538389,2
154549,4.536963,49.538389,2
154550,4.536963,49.538389,2
154551,4.536963,49.538389,2
154552,4.536963,49.538389,2
154553,4.538025,49.537731,2
154554,4.538867,49.537078,2
154555,4.539848,49.536773,2
154556,4.54038,49.53809,2
154557,4.53544,49.53666,2
154558,4.610087,49.400795,2
154559,4.60599,49.40151,2
154560,4.606768,49.40172,2
154561,4.605109,49.401563,2
154562,4.605069,49.401599,2
154563,4.60599,49.40151,2
154564,4.60599,49.40151,2
154565,4.60599,49.40151,2
154566,4.605738,49.401461,2
154567,4.5793,49.39149,2
154568,4.5793,49.39149,2
154569,4.602229,49.405266,2
154570,4.605738,49.401461,2
154571,4.602552,49.40197,2
154572,4.60599,49.40151,2
154573,4.60599,49.40151,2
154574,4.603186,49.401689,2
154575,4.603186,49.401689,2
154576,4.603349,49.401632,2
154577,4.603579,49.401547,2
154578,4.602874,49.401784,2
154579,4.60599,49.40151,2
154580,4.60599,49.40151,2
154581,4.60599,49.40151,2
154582,4.60599,49.40151,2
154583,4.60599,49.40151,2
154584,4.60599,49.40151,2
154585,4.60599,49.40151,2
154586,4.60599,49.40151,2
154587,4.60599,49.40151,2
154588,4.60599,49.40151,2
154589,4.60599,49.40151,2
154590,4.60599,49.40151,2
154591,4.608077,49.402046,2
154592,4.60599,49.40151,2
154593,4.607728,49.401945,2
154594,4.609893,49.400466,2
154595,4.609893,49.400466,2
154596,4.609704,49.400227,2
154597,4.60616,49.40154,2
154598,4.602368,49.40218,2
154599,4.7201,49.75572,2
154600,4.7172,49.75727,2
154601,4.71667,49.75636,2
154602,4.72053,49.75618,2
154603,4.72012,49.75601,2
154604,4.72012,49.75601,2
154605,4.72012,49.75601,2
154606,4.72012,49.75601,2
154607,4.72,49.75667,2
154608,4.71853,49.75771,2
154609,4.71851,49.75761,2
154610,4.71851,49.75761,2
154611,4.71851,49.75761,2
154612,4.71851,49.75761,2
154613,4.71856,49.75719,2
154614,4.71819,49.75515,2
154615,4.71984,49.75501,2
154616,4.718858,49.754987,2
154617,4.718509,49.755228,2
154618,4.718509,49.755228,2
154619,4.71879,49.75631,2
154620,4.70924,49.75531,2
154621,4.71525,49.75514,2
154622,4.70924,49.75531,2
154623,4.70924,49.75531,2
154624,4.72047,49.75719,2
154625,4.71997,49.75639,2
154626,4.71988,49.75787,2
154627,4.71988,49.75787,2
154628,4.71988,49.75787,2
154629,4.71861,49.75823,2
154630,4.71858,49.75804,2
154631,4.71855,49.75785,2
154632,4.71846,49.75731,2
154633,4.71844,49.75716,2
154634,4.71844,49.75716,2
154635,4.71833,49.75758,2
154636,4.71827,49.75733,2
154637,4.71802,49.75641,2
154638,4.71839,49.75794,2
154639,4.71802,49.75641,2
154640,4.71802,49.75641,2
154641,4.719339,49.754906,2
154642,4.718509,49.755228,2
154643,4.62675,49.88794,2
154644,4.62173,49.88925,2
154645,4.62173,49.88925,2
154646,4.6258,49.89117,2
154647,4.62398,49.88794,2
154648,4.62321,49.89003,2
154649,4.622858,49.888954,2
154650,4.622858,49.888954,2
154651,4.62528,49.88814,2
154652,4.62511,49.88853,2
154653,4.62511,49.88853,2
154654,4.62675,49.88794,2
154655,4.62675,49.88794,2
154656,4.62822,49.8858,2
154657,4.630688,49.882546,2
154658,4.358707,49.642497,2
154659,4.36083,49.64368,2
154660,4.36083,49.64368,2
154661,4.3418,49.6341,2
154662,4.361562,49.644003,2
154663,4.363358,49.646731,2
154664,4.36442,49.64777,2
154665,4.36083,49.64368,2
154666,4.35772,49.63231,2
154667,4.776981,49.76933,2
154668,4.77143,49.76419,2
154669,4.76534,49.75234,2
154670,4.7689,49.75118,2
154671,4.76529,49.76291,2
154672,4.77722,49.768804,2
154673,4.77143,49.76419,2
154674,4.77844,49.76425,2
154675,4.7822,49.76341,2
154676,4.7726,49.75598,2
154677,4.77356,49.75927,2
154678,4.77402,49.76044,2
154679,4.76672,49.76207,2
154680,4.768371,49.763582,2
154681,4.77143,49.76419,2
154682,4.772,49.76467,2
154683,4.775747,49.766444,2
154684,4.776293,49.766549,2
154685,4.777787,49.767319,2
154686,4.76534,49.75234,2
154687,4.7726,49.75598,2
154688,4.76534,49.75234,2
154689,4.76534,49.75234,2
154690,4.76534,49.75234,2
154691,4.771,49.76363,2
154692,4.7711,49.76371,2
154693,4.77129,49.76374,2
154694,4.771,49.76363,2
154695,4.77143,49.76419,2
154696,4.752927,49.762839,2
154697,4.755226,49.763369,2
154698,4.76745,49.76344,2
154699,4.771,49.76363,2
154700,4.76534,49.75234,2
154701,4.790723,49.75369,2
154702,4.59963,49.41812,2
154703,4.59963,49.41812,2
154704,4.59829,49.4189,2
154705,4.495,49.53831,2
154706,4.495,49.53831,2
154707,4.495,49.53831,2
154708,4.714666,49.505762,2
154709,4.71356,49.50507,2
154710,4.71356,49.50507,2
154711,4.71356,49.50507,2
154712,4.692685,49.494071,2
154713,4.690688,49.499259,2
154714,4.68878,49.49498,2
154715,4.68809,49.49563,2
154716,4.68813,49.49552,2
154717,4.68813,49.49552,2
154718,4.68878,49.49498,2
154719,4.68493,49.49563,2
154720,4.68878,49.49498,2
154721,4.68865,49.49361,2
154722,4.6915,49.49389,2
154723,4.685905,49.499361,2
154724,4.67913,49.50715,2
154725,4.68878,49.49498,2
154726,4.690721,49.498782,2
154727,4.690721,49.498782,2
154728,4.60076,49.40838,2
154729,4.6008,49.40838,2
154730,4.599409,49.40814,2
154731,4.96673,49.581952,2
154732,4.95651,49.60193,2
154733,4.9601,49.60364,2
154734,4.95803,49.60409,2
154735,4.95859,49.6072,2
154736,4.957544,49.606837,2
154737,4.95989,49.60642,2
154738,4.95989,49.60642,2
154739,4.95989,49.60642,2
154740,4.95817,49.60423,2
154741,4.95819,49.60324,2
154742,4.9601,49.60364,2
154743,4.95803,49.60409,2
154744,4.95803,49.60409,2
154745,4.95729,49.59893,2
154746,4.95595,49.59941,2
154747,4.95526,49.60042,2
154748,4.95742,49.60241,2
154749,4.95695,49.60361,2
154750,4.95695,49.60361,2
154751,4.95604,49.60541,2
154752,4.95604,49.60541,2
154753,4.954873,49.607065,2
154754,4.95734,49.60179,2
154755,4.95732,49.60235,2
154756,4.95742,49.60241,2
154757,4.95742,49.60241,2
154758,4.95734,49.60179,2
154759,4.95734,49.60179,2
154760,4.95734,49.60179,2
154761,4.95734,49.60179,2
154762,4.95734,49.60179,2
154763,4.95734,49.60179,2
154764,4.95734,49.60179,2
154765,4.95734,49.60173,2
154766,4.95734,49.60179,2
154767,4.95734,49.60179,2
154768,4.95645,49.60324,2
154769,4.95734,49.60179,2
154770,4.95734,49.60179,2
154771,4.53791,49.53809,2
154772,4.54035,49.530168,2
154773,4.53544,49.53666,2
154774,4.53791,49.53809,2
154775,4.541697,49.530988,2
154776,4.536963,49.538389,2
154777,4.538457,49.538469,2
154778,4.5793,49.39149,2
154779,4.60599,49.40151,2
154780,4.60599,49.40151,2
154781,4.60616,49.40154,2
154782,4.609893,49.400466,2
