"ID","Longitude","Latitude","ServiceTime (min)"
119937,4.71292,49.76048,2
119938,4.71269,49.76049,2
119939,4.71245,49.7605,2
119940,4.71245,49.7605,2
119941,4.71245,49.7605,2
119942,4.71245,49.7605,2
119943,4.71245,49.7605,2
119944,4.70802,49.76366,2
119945,4.70795,49.76356,2
119946,4.70809,49.76376,2
119947,4.70816,49.76387,2
119948,4.70809,49.76376,2
119949,4.70809,49.76376,2
119950,4.70788,49.76346,2
119951,4.70781,49.76336,2
119952,4.70774,49.76326,2
119953,4.70767,49.76316,2
119954,4.70767,49.76316,2
119955,4.70774,49.76326,2
119956,4.70773,49.76301,2
119957,4.70773,49.76301,2
119958,4.70773,49.76301,2
119959,4.70773,49.76301,2
119960,4.70773,49.76301,2
119961,4.70773,49.76301,2
119962,4.70773,49.76301,2
119963,4.70617,49.76287,2
119964,4.7071,49.76236,2
119965,4.70617,49.76287,2
119966,4.7071,49.76236,2
119967,4.70629,49.76303,2
119968,4.70641,49.7632,2
119969,4.70641,49.7632,2
119970,4.70653,49.76336,2
119971,4.70653,49.76336,2
119972,4.70674,49.76364,2
119973,4.70705,49.76405,2
119974,4.70674,49.76364,2
119975,4.70705,49.76405,2
119976,4.70599,49.76288,2
119977,4.70599,49.76288,2
119978,4.70616,49.76313,2
119979,4.70634,49.76337,2
119980,4.70634,49.76337,2
119981,4.70623,49.7635,2
119982,4.70623,49.7635,2
119983,4.70688,49.7641,2
119984,4.70688,49.7641,2
119985,4.70658,49.76369,2
119986,4.70688,49.7641,2
119987,4.70688,49.7641,2
119988,4.70688,49.7641,2
119989,4.70681,49.76386,2
119990,4.70681,49.76386,2
119991,4.70681,49.76386,2
119992,4.70681,49.76386,2
119993,4.70681,49.76386,2
119994,4.70681,49.76386,2
119995,4.70732,49.76414,2
119996,4.70782,49.76397,2
119997,4.70741,49.76424,2
119998,4.7079,49.76408,2
119999,4.70732,49.76414,2
120000,4.70705,49.76405,2
120001,4.70706,49.76184,2
120002,4.70716,49.76182,2
120003,4.70716,49.76182,2
120004,4.70726,49.7618,2
120005,4.70655,49.76168,2
120006,4.70655,49.76168,2
120007,4.70655,49.76168,2
120008,4.70655,49.76168,2
120009,4.70671,49.76168,2
120010,4.70671,49.76168,2
120011,4.70688,49.76168,2
120012,4.70735,49.76167,2
120013,4.70735,49.76167,2
120014,4.70749,49.76166,2
120015,4.70764,49.76164,2
120016,4.70778,49.76163,2
120017,4.70793,49.76162,2
120018,4.70793,49.76162,2
120019,4.70807,49.76161,2
120020,4.70836,49.76158,2
120021,4.7085,49.76157,2
120022,4.70704,49.76168,2
120023,4.7075,49.76177,2
120024,4.70704,49.76168,2
120025,4.70704,49.76168,2
120026,4.7075,49.76177,2
120027,4.70704,49.76168,2
120028,4.70737,49.76179,2
120029,4.7075,49.76177,2
120030,4.70776,49.76175,2
120031,4.70776,49.76175,2
120032,4.70776,49.76175,2
120033,4.70776,49.76175,2
120034,4.70776,49.76175,2
120035,4.70776,49.76175,2
120036,4.70776,49.76175,2
120037,4.70776,49.76175,2
120038,4.70776,49.76175,2
120039,4.70763,49.76176,2
120040,4.70763,49.76176,2
120041,4.70947,49.76227,2
120042,4.70789,49.76174,2
120043,4.70853,49.76168,2
120044,4.70892,49.76166,2
120045,4.70892,49.76166,2
120046,4.70905,49.76165,2
120047,4.7086,49.76152,2
120048,4.70847,49.76138,2
120049,4.70823,49.76134,2
120050,4.70784,49.76114,2
120051,4.70784,49.76114,2
120052,4.70762,49.76107,2
120053,4.70737,49.76102,2
120054,4.70713,49.76098,2
120055,4.70688,49.76093,2
120056,4.70713,49.76098,2
120057,4.7064,49.76084,2
120058,4.7064,49.76084,2
120059,4.70616,49.76079,2
120060,4.70591,49.76074,2
120061,4.70567,49.76069,2
120062,4.70543,49.76064,2
120063,4.70519,49.76059,2
120064,4.70955,49.76095,2
120065,4.70629,49.76087,2
120066,4.70629,49.76087,2
120067,4.70511,49.76069,2
120068,4.70531,49.76073,2
120069,4.70551,49.76077,2
120070,4.7057,49.76082,2
120071,4.7057,49.76082,2
120072,4.7057,49.76082,2
120073,4.7059,49.76086,2
120074,4.7061,49.7609,2
120075,4.70629,49.76094,2
120076,4.70669,49.76102,2
120077,4.70709,49.76109,2
120078,4.70749,49.76116,2
120079,4.70768,49.7612,2
120080,4.70816,49.76144,2
120081,4.70906,49.76177,2
120082,4.70858,49.76198,2
120083,4.70801,49.76213,2
120084,4.70789,49.76217,2
120085,4.70778,49.7622,2
120086,4.70767,49.76223,2
120087,4.70755,49.76226,2
120088,4.70744,49.76229,2
120089,4.70732,49.76233,2
120090,4.70721,49.76236,2
120091,4.70709,49.76239,2
120092,4.70656,49.76256,2
120093,4.70656,49.76256,2
120094,4.70724,49.76248,2
120095,4.70751,49.7624,2
120096,4.70778,49.76233,2
120097,4.70804,49.76225,2
120098,4.70804,49.76225,2
120099,4.70804,49.76225,2
120100,4.70831,49.76218,2
120101,4.70858,49.7621,2
120102,4.70874,49.7623,2
120103,4.70858,49.7621,2
120104,4.70881,49.76262,2
120105,4.70889,49.7626,2
120106,4.70889,49.7626,2
120107,4.70984,49.76198,2
120108,4.70773,49.76301,2
120109,4.70888,49.76221,2
120110,4.70888,49.76221,2
120111,4.70888,49.76221,2
120112,4.70888,49.76221,2
120113,4.70888,49.76221,2
120114,4.70888,49.76221,2
120115,4.70858,49.7621,2
120116,4.70918,49.76203,2
120117,4.7093,49.76214,2
120118,4.70947,49.7621,2
120119,4.70999,49.76202,2
120120,4.70933,49.76197,2
120121,4.71477,49.75982,2
120122,4.71288,49.76009,2
120123,4.70773,49.76301,2
120124,4.70688,49.7641,2
120125,4.70706,49.76184,2
120126,4.70655,49.76168,2
120127,4.70704,49.76168,2
120128,4.70793,49.76162,2
120129,4.70776,49.76175,2
120130,4.70776,49.76175,2
120131,4.70789,49.76174,2
120132,4.70866,49.76168,2
120133,4.70892,49.76166,2
120134,4.70892,49.76166,2
120135,4.70858,49.7621,2
120136,4.70933,49.76197,2
120137,4.70664,49.76089,2
120138,4.71445,49.75979,2
120139,4.71445,49.75979,2
120140,4.71445,49.75979,2
120141,4.71445,49.75979,2
120142,4.71445,49.75979,2
120143,4.71445,49.75979,2
120144,4.71445,49.75979,2
120145,4.71445,49.75979,2
120146,4.71445,49.75979,2
120147,4.71445,49.75979,2
120148,4.71445,49.75979,2
120149,4.71445,49.75979,2
120150,4.71445,49.75979,2
120151,4.71445,49.75979,2
120152,4.71445,49.75979,2
120153,4.71445,49.75979,2
120154,4.71445,49.75979,2
120155,4.71445,49.75979,2
120156,4.71445,49.75979,2
120157,4.71445,49.75979,2
120158,4.71445,49.75979,2
120159,4.71445,49.75979,2
120160,4.71445,49.75979,2
120161,4.71445,49.75979,2
120162,4.71445,49.75979,2
120163,4.71445,49.75979,2
120164,4.71445,49.75979,2
120165,4.71445,49.75979,2
120166,4.71445,49.75979,2
120167,4.71445,49.75979,2
120168,4.71525,49.75988,2
120169,4.71525,49.75988,2
120170,4.71525,49.75988,2
120171,4.71525,49.75988,2
120172,4.71525,49.75988,2
120173,4.71525,49.75988,2
120174,4.71525,49.75988,2
120175,4.71525,49.75988,2
120176,4.71525,49.75988,2
120177,4.71525,49.75988,2
120178,4.71525,49.75988,2
120179,4.71525,49.75988,2
120180,4.71525,49.75988,2
120181,4.71525,49.75988,2
120182,4.71525,49.75988,2
120183,4.71525,49.75988,2
120184,4.71525,49.75988,2
120185,4.71525,49.75988,2
120186,4.71525,49.75988,2
120187,4.71525,49.75988,2
120188,4.71422,49.76045,2
120189,4.71408,49.76045,2
120190,4.71395,49.76045,2
120191,4.71381,49.76046,2
120192,4.71367,49.76046,2
120193,4.71445,49.75979,2
120194,4.71353,49.76046,2
120195,4.71525,49.75988,2
120196,4.71339,49.76047,2
120197,4.71525,49.75988,2
120198,4.71296,49.76008,2
120199,4.71525,49.75988,2
120200,4.71296,49.76008,2
120201,4.71356,49.75967,2
120202,4.71296,49.76008,2
120203,4.71245,49.7605,2
120204,4.71296,49.76008,2
120205,4.71296,49.76008,2
120206,4.71295,49.7597,2
120207,4.71311,49.7597,2
120208,4.71326,49.75971,2
120209,4.71342,49.75972,2
120210,4.71358,49.75973,2
120211,4.71374,49.75974,2
120212,4.71389,49.75975,2
120213,4.71405,49.75976,2
120214,4.71421,49.75977,2
120215,4.71477,49.75982,2
120216,4.71477,49.75982,2
120217,4.71477,49.75982,2
120218,4.71273,49.7597,2
120219,4.71244,49.7597,2
120220,4.7128,49.75971,2
120221,4.71283,49.75984,2
120222,4.71286,49.75996,2
120223,4.7129,49.76022,2
120224,4.71292,49.76035,2
120225,4.69627,49.78058,2
120226,4.69531,49.78089,2
120227,4.69531,49.78089,2
120228,4.69532,49.78083,2
120229,4.69533,49.78077,2
120230,4.69534,49.7807,2
120231,4.69534,49.78064,2
120232,4.69564,49.78193,2
120233,4.69549,49.782,2
120234,4.69532,49.78201,2
120235,4.69514,49.78201,2
120236,4.69511,49.78196,2
120237,4.69504,49.78177,2
120238,4.69498,49.78158,2
120239,4.69488,49.78183,2
120240,4.69522,49.78213,2
120241,4.69555,49.78211,2
120242,4.69583,49.78198,2
120243,4.69611,49.78186,2
120244,4.69643,49.7818,2
120245,4.69608,49.78102,2
120246,4.696,49.78105,2
120247,4.69592,49.78115,2
120248,4.69584,49.78124,2
120249,4.69573,49.78132,2
120250,4.69643,49.78125,2
120251,4.69646,49.78156,2
120252,4.69569,49.78089,2
120253,4.69499,49.78091,2
120254,4.69472,49.78133,2
120255,4.69492,49.78139,2
120256,4.69485,49.7812,2
120257,4.69497,49.78103,2
120258,4.69526,49.781,2
120259,4.69547,49.78099,2
120260,4.69566,49.78101,2
120261,4.69585,49.78103,2
120262,4.69653,49.78188,2
120263,4.69664,49.7822,2
120264,4.69657,49.78233,2
120265,4.69622,49.78241,2
120266,4.69587,49.78249,2
120267,4.69552,49.78256,2
120268,4.69517,49.78264,2
120269,4.69492,49.78282,2
120270,4.69464,49.78296,2
120271,4.69527,49.78274,2
120272,4.69561,49.78267,2
120273,4.69453,49.78287,2
120274,4.69595,49.78259,2
120275,4.70268,49.78122,2
120276,4.69629,49.78252,2
120277,4.69664,49.78244,2
120278,4.69699,49.78234,2
120279,4.69681,49.78218,2
120280,4.6967,49.78185,2
120281,4.70283,49.78119,2
120282,4.69732,49.78223,2
120283,4.70263,49.78123,2
120284,4.69766,49.78212,2
120285,4.70273,49.78121,2
120286,4.69799,49.78201,2
120287,4.70258,49.78125,2
120288,4.69835,49.78193,2
120289,4.70253,49.78126,2
120290,4.69871,49.78187,2
120291,4.69907,49.7818,2
120292,4.69943,49.78174,2
120293,4.69982,49.78169,2
120294,4.70288,49.78118,2
120295,4.69714,49.78087,2
120296,4.70221,49.78159,2
120297,4.70243,49.78128,2
120298,4.7024,49.78127,2
120299,4.70239,49.7813,2
120300,4.70237,49.78133,2
120301,4.70277,49.78108,2
120302,4.70236,49.78136,2
120303,4.70262,49.78111,2
120304,4.70234,49.7814,2
120305,4.70246,49.78114,2
120306,4.70232,49.78143,2
120307,4.69821,49.78143,2
120308,4.70234,49.78188,2
120309,4.69838,49.78131,2
120310,4.70248,49.78127,2
120311,4.69853,49.78124,2
120312,4.69851,49.78115,2
120313,4.69841,49.78108,2
120314,4.70201,49.7815,2
120315,4.69808,49.78119,2
120316,4.70157,49.78153,2
120317,4.69743,49.78129,2
120318,4.70113,49.78157,2
120319,4.69777,49.78132,2
120320,4.69807,49.78135,2
120321,4.69746,49.7814,2
120322,4.70026,49.78164,2
120323,4.69786,49.78147,2
120324,4.7023,49.78117,2
120325,4.70222,49.78126,2
120326,4.70217,49.78136,2
120327,4.69693,49.78223,2
120328,4.70278,49.7812,2
120329,4.7007,49.78161,2
120330,4.69482,49.78272,2
120331,4.6943,49.78293,2
120332,4.69401,49.7829,2
120333,4.69424,49.78302,2
120334,4.69393,49.78316,2
120335,4.69286,49.7833,2
120336,4.69324,49.7833,2
120337,4.69362,49.7833,2
120338,4.69248,49.7833,2
120339,4.6921,49.78328,2
120340,4.69172,49.78324,2
120341,4.69135,49.7832,2
120342,4.69098,49.78316,2
120343,4.69106,49.78327,2
120344,4.69153,49.78334,2
120345,4.69201,49.78339,2
120346,4.6925,49.78341,2
120347,4.69298,49.78341,2
120348,4.69347,49.78341,2
120349,4.69391,49.78331,2
120350,4.6943,49.78313,2
120351,4.69295,49.78092,2
120352,4.69321,49.78114,2
120353,4.69282,49.781,2
120354,4.6931,49.78124,2
120355,4.69345,49.78136,2
120356,4.6937,49.78159,2
120357,4.69337,49.78149,2
120358,4.69368,49.78172,2
120359,4.69406,49.78173,2
120360,4.69393,49.78192,2
120361,4.69372,49.78216,2
120362,4.69411,49.78196,2
120363,4.69395,49.78221,2
120364,4.6936,49.78227,2
120365,4.69318,49.78223,2
120366,4.69325,49.78212,2
120367,4.69283,49.78199,2
120368,4.6928,49.7821,2
120369,4.69243,49.78206,2
120370,4.6924,49.78194,2
120371,4.692,49.78211,2
120372,4.69207,49.78221,2
120373,4.69405,49.7819,2
120374,4.69201,49.78228,2
120375,4.69218,49.78243,2
120376,4.69235,49.78258,2
120377,4.6926,49.78267,2
120378,4.69288,49.78271,2
120379,4.69316,49.78276,2
120380,4.69345,49.78281,2
120381,4.69373,49.78286,2
120382,4.69425,49.78305,2
120383,4.69387,49.783,2
120384,4.6935,49.78294,2
120385,4.69313,49.78287,2
120386,4.69276,49.78281,2
120387,4.69238,49.78275,2
120388,4.69212,49.78257,2
120389,4.69189,49.78237,2
120390,4.69167,49.78217,2
120391,4.69145,49.78196,2
120392,4.69181,49.7821,2
120393,4.6916,49.7819,2
120394,4.69981,49.77835,2
120395,4.69123,49.78176,2
120396,4.69138,49.78169,2
120397,4.69141,49.78159,2
120398,4.70414,49.77758,2
120399,4.69172,49.78144,2
120400,4.69204,49.78128,2
120401,4.70414,49.77758,2
120402,4.69235,49.78112,2
120403,4.70414,49.77758,2
120404,4.69266,49.78097,2
120405,4.70414,49.77758,2
120406,4.70414,49.77758,2
120407,4.70414,49.77758,2
120408,4.70414,49.77758,2
120409,4.70414,49.77758,2
120410,4.70414,49.77758,2
120411,4.70414,49.77758,2
120412,4.70439,49.77782,2
120413,4.70439,49.77782,2
120414,4.70439,49.77782,2
120415,4.70439,49.77782,2
120416,4.70439,49.77782,2
120417,4.70439,49.77782,2
120418,4.70439,49.77782,2
120419,4.70509,49.77884,2
120420,4.70439,49.77782,2
120421,4.70439,49.77782,2
120422,4.70439,49.77782,2
120423,4.70448,49.77792,2
120424,4.70448,49.77792,2
120425,4.70448,49.77792,2
120426,4.70448,49.77792,2
120427,4.70448,49.77792,2
120428,4.70448,49.77792,2
120429,4.70448,49.77792,2
120430,4.70448,49.77792,2
120431,4.70448,49.77792,2
120432,4.70448,49.77792,2
120433,4.70448,49.77792,2
120434,4.70371,49.77754,2
120435,4.70371,49.77754,2
120436,4.70371,49.77754,2
120437,4.69406,49.78173,2
120438,4.70371,49.77754,2
120439,4.70371,49.77754,2
120440,4.70371,49.77754,2
120441,4.70371,49.77754,2
120442,4.70371,49.77754,2
120443,4.70371,49.77754,2
120444,4.70371,49.77754,2
120445,4.70371,49.77754,2
120446,4.70371,49.77754,2
120447,4.70371,49.77754,2
120448,4.70371,49.77754,2
120449,4.70371,49.77754,2
120450,4.70371,49.77754,2
120451,4.70371,49.77754,2
120452,4.70371,49.77754,2
120453,4.70371,49.77754,2
120454,4.70371,49.77754,2
120455,4.70371,49.77754,2
120456,4.70332,49.77763,2
120457,4.70332,49.77763,2
120458,4.70332,49.77763,2
120459,4.70332,49.77763,2
120460,4.70332,49.77763,2
120461,4.70332,49.77763,2
120462,4.70332,49.77763,2
120463,4.70332,49.77763,2
120464,4.70332,49.77763,2
120465,4.70332,49.77763,2
120466,4.70332,49.77763,2
120467,4.70332,49.77763,2
120468,4.70332,49.77763,2
120469,4.70332,49.77763,2
120470,4.70332,49.77763,2
120471,4.70332,49.77763,2
120472,4.70332,49.77763,2
120473,4.70332,49.77763,2
120474,4.70332,49.77763,2
120475,4.70332,49.77763,2
120476,4.70332,49.77763,2
120477,4.7032,49.77826,2
120478,4.7034,49.77818,2
120479,4.7036,49.77811,2
120480,4.7038,49.77803,2
120481,4.704,49.77796,2
120482,4.70421,49.77788,2
120483,4.70424,49.77789,2
120484,4.70436,49.77801,2
120485,4.70448,49.77814,2
120486,4.7046,49.77827,2
120487,4.70459,49.77829,2
120488,4.70439,49.77837,2
120489,4.70418,49.77845,2
120490,4.70398,49.77853,2
120491,4.70378,49.77862,2
120492,4.70373,49.77876,2
120493,4.70371,49.77892,2
120494,4.70467,49.77812,2
120495,4.70477,49.77822,2
120496,4.70485,49.77831,2
120497,4.70491,49.77839,2
120498,4.70498,49.77846,2
120499,4.70504,49.77854,2
120500,4.70511,49.77862,2
120501,4.70517,49.77869,2
120502,4.70524,49.77877,2
120503,4.70544,49.77892,2
120504,4.70475,49.77843,2
120505,4.70475,49.77843,2
120506,4.70475,49.77843,2
120507,4.70475,49.77843,2
120508,4.70475,49.77843,2
120509,4.70475,49.77843,2
120510,4.70475,49.77843,2
120511,4.6974,49.77997,2
120512,4.6974,49.77997,2
120513,4.70475,49.77843,2
120514,4.70475,49.77843,2
120515,4.70475,49.77843,2
120516,4.70492,49.77863,2
120517,4.70492,49.77863,2
120518,4.70492,49.77863,2
120519,4.70492,49.77863,2
120520,4.70492,49.77863,2
120521,4.70492,49.77863,2
120522,4.70492,49.77863,2
120523,4.70492,49.77863,2
120524,4.70492,49.77863,2
120525,4.70492,49.77863,2
120526,4.70492,49.77863,2
120527,4.70509,49.77884,2
120528,4.70509,49.77884,2
120529,4.70509,49.77884,2
120530,4.70509,49.77884,2
120531,4.70509,49.77884,2
120532,4.70509,49.77884,2
120533,4.70509,49.77884,2
120534,4.70509,49.77884,2
120535,4.70509,49.77884,2
120536,4.69858,49.78058,2
120537,4.69698,49.78157,2
120538,4.69848,49.78046,2
120539,4.69838,49.78034,2
120540,4.69826,49.78017,2
120541,4.69815,49.77992,2
120542,4.69804,49.77967,2
120543,4.69794,49.77942,2
120544,4.69784,49.77916,2
120545,4.69774,49.77891,2
120546,4.69755,49.7789,2
120547,4.69762,49.77907,2
120548,4.69768,49.77924,2
120549,4.69775,49.77941,2
120550,4.69782,49.77958,2
120551,4.69789,49.77975,2
120552,4.69796,49.77992,2
120553,4.69803,49.78008,2
120554,4.69812,49.78025,2
120555,4.69832,49.78052,2
120556,4.69777,49.78032,2
120557,4.69769,49.78015,2
120558,4.6976,49.77998,2
120559,4.69751,49.77982,2
120560,4.69725,49.77931,2
120561,4.69708,49.77898,2
120562,4.69751,49.78056,2
120563,4.6976,49.78035,2
120564,4.69802,49.78042,2
120565,4.6975,49.78016,2
120566,4.6974,49.77997,2
120567,4.6973,49.77978,2
120568,4.69721,49.77959,2
120569,4.69701,49.77921,2
120570,4.69692,49.77903,2
120571,4.69633,49.77917,2
120572,4.69647,49.77935,2
120573,4.69662,49.77954,2
120574,4.70439,49.77782,2
120575,4.69676,49.77972,2
120576,4.70371,49.77754,2
120577,4.70371,49.77754,2
120578,4.69615,49.77921,2
120579,4.70332,49.77763,2
120580,4.70475,49.77843,2
120581,4.69627,49.77935,2
120582,4.70492,49.77863,2
120583,4.69638,49.7795,2
120584,4.7191,49.76014,2
120585,4.6965,49.77964,2
120586,4.69661,49.77978,2
120587,4.69673,49.77993,2
120588,4.69682,49.78008,2
120589,4.69713,49.78028,2
120590,4.69691,49.78023,2
120591,4.697,49.78038,2
120592,4.69708,49.78053,2
120593,4.69713,49.78069,2
120594,4.69733,49.78096,2
120595,4.69662,49.7814,2
120596,4.69662,49.7814,2
120597,4.69539,49.77953,2
120598,4.69572,49.77987,2
120599,4.69604,49.78021,2
120600,4.74052,49.88559,2
120601,4.74052,49.88559,2
120602,4.737,49.88822,2
120603,4.73761,49.887399,2
120604,4.73761,49.887399,2
120605,4.737,49.88822,2
120606,4.737,49.88822,2
120607,4.737,49.88822,2
120608,4.73712,49.88813,2
120609,4.737,49.88822,2
120610,4.737,49.88822,2
120611,4.737,49.88822,2
120612,4.737,49.88822,2
120613,4.737,49.88822,2
120614,4.737,49.88822,2
120615,4.737,49.88822,2
120616,4.737,49.88822,2
120617,4.737,49.88822,2
120618,4.737,49.88822,2
120619,4.737,49.88822,2
120620,4.73845,49.88788,2
120621,4.74035,49.88555,2
120622,4.737,49.88822,2
120623,4.73857,49.88745,2
120624,4.737,49.88822,2
120625,4.73857,49.88745,2
120626,4.737,49.88822,2
120627,4.737,49.88822,2
120628,4.737,49.88822,2
120629,4.737,49.88822,2
120630,4.737,49.88822,2
120631,4.737,49.88822,2
120632,4.737,49.88822,2
120633,4.737,49.88822,2
120634,4.737,49.88822,2
120635,4.737,49.88822,2
120636,4.737,49.88822,2
120637,4.737,49.88822,2
120638,4.737,49.88822,2
120639,4.737,49.88822,2
120640,4.737,49.88822,2
120641,4.737,49.88822,2
120642,4.737,49.88822,2
120643,4.737,49.88822,2
120644,4.737,49.88822,2
120645,4.73643,49.8884,2
120646,4.737,49.88822,2
120647,4.73656,49.88861,2
120648,4.7362,49.88869,2
120649,4.73645,49.88872,2
120650,4.73612,49.88868,2
120651,4.73645,49.88872,2
120652,4.73654,49.88872,2
120653,4.73662,49.88873,2
120654,4.73662,49.88873,2
120655,4.7362,49.88857,2
120656,4.73679,49.88875,2
120657,4.73687,49.88876,2
120658,4.73695,49.88877,2
120659,4.73704,49.88878,2
120660,4.73826,49.88892,2
120661,4.73885,49.88894,2
120662,4.73687,49.88895,2
120663,4.73826,49.88892,2
120664,4.73687,49.88895,2
120665,4.73709,49.88884,2
120666,4.73826,49.88892,2
120667,4.73731,49.88885,2
120668,4.73748,49.8889,2
120669,4.73767,49.88893,2
120670,4.73804,49.88897,2
120671,4.73823,49.88899,2
120672,4.73841,49.889,2
120673,4.73768,49.88881,2
120674,4.73885,49.88894,2
120675,4.73877,49.88833,2
120676,4.73821,49.88841,2
120677,4.73898,49.88906,2
120678,4.73826,49.88892,2
120679,4.7386,49.88902,2
120680,4.73718,49.88874,2
120681,4.7373,49.88867,2
120682,4.73736,49.88863,2
120683,4.73742,49.88859,2
120684,4.73748,49.88855,2
120685,4.73754,49.88851,2
120686,4.7376,49.88847,2
120687,4.73766,49.88843,2
120688,4.73772,49.88839,2
120689,4.73778,49.88836,2
120690,4.73785,49.88833,2
120691,4.73558,49.88783,2
120692,4.73793,49.88832,2
120693,4.73802,49.88831,2
120694,4.73999,49.8852,2
120695,4.73999,49.8852,2
120696,4.73999,49.8852,2
120697,4.73999,49.8852,2
120698,4.73999,49.8852,2
120699,4.73999,49.8852,2
120700,4.73999,49.8852,2
120701,4.73999,49.8852,2
120702,4.74038,49.88527,2
120703,4.74038,49.88527,2
120704,4.74038,49.88527,2
120705,4.74038,49.88527,2
120706,4.74038,49.88527,2
120707,4.74038,49.88527,2
120708,4.74038,49.88527,2
120709,4.74038,49.88527,2
120710,4.74038,49.88527,2
120711,4.73648,49.88851,2
120712,4.73657,49.88834,2
120713,4.73657,49.88834,2
120714,4.73659,49.88847,2
120715,4.73691,49.88835,2
120716,4.73669,49.88843,2
120717,4.7368,49.88839,2
120718,4.73702,49.88831,2
120719,4.73713,49.88826,2
120720,4.73734,49.88818,2
120721,4.73745,49.88814,2
120722,4.73756,49.8881,2
120723,4.73756,49.8881,2
120724,4.73778,49.88801,2
120725,4.73753,49.88797,2
120726,4.73767,49.88792,2
120727,4.73823,49.88792,2
120728,4.73814,49.88794,2
120729,4.73804,49.88796,2
120730,4.73795,49.88797,2
120731,4.73739,49.88803,2
120732,4.73698,49.88818,2
120733,4.73684,49.88824,2
120734,4.7367,49.88829,2
120735,4.73859,49.88786,2
120736,4.73866,49.88785,2
120737,4.73872,49.88784,2
120738,4.73852,49.88783,2
120739,4.73815,49.88821,2
120740,4.73815,49.88821,2
120741,4.73824,49.88801,2
120742,4.73838,49.8879,2
120743,4.73852,49.88787,2
120744,4.73845,49.88788,2
120745,4.73826,49.88775,2
120746,4.73841,49.8876,2
120747,4.73841,49.88781,2
120748,4.73856,49.88766,2
120749,4.73856,49.88766,2
120750,4.73856,49.88766,2
120751,4.73856,49.88766,2
120752,4.73872,49.88751,2
120753,4.73888,49.88737,2
120754,4.73904,49.88722,2
120755,4.73889,49.88715,2
120756,4.73906,49.88701,2
120757,4.73918,49.88689,2
120758,4.7392,49.88707,2
120759,4.73558,49.88783,2
120760,4.73927,49.88679,2
120761,4.73937,49.88691,2
120762,4.73942,49.88685,2
120763,4.73948,49.88679,2
120764,4.73937,49.88669,2
120765,4.73958,49.88668,2
120766,4.73969,49.88656,2
120767,4.73955,49.88649,2
120768,4.73964,49.88639,2
120769,4.73974,49.88629,2
120770,4.7398,49.88644,2
120771,4.73991,49.88633,2
120772,4.73975,49.8865,2
120773,4.73996,49.88627,2
120774,4.74002,49.88621,2
120775,4.74007,49.88615,2
120776,4.74013,49.88608,2
120777,4.74029,49.8859,2
120778,4.74034,49.88584,2
120779,4.74039,49.88578,2
120780,4.74045,49.88572,2
120781,4.7405,49.88566,2
120782,4.74055,49.88545,2
120783,4.74035,49.88555,2
120784,4.74014,49.88583,2
120785,4.7399,49.88611,2
120786,4.73823,49.88803,2
120787,4.7413,49.88556,2
120788,4.74146,49.88552,2
120789,4.74096,49.88552,2
120790,4.74164,49.88559,2
120791,4.74146,49.88552,2
120792,4.74053,49.88552,2
120793,4.74146,49.88552,2
120794,4.73873,49.8873,2
120795,4.737624,49.887408,2
120796,4.73857,49.88745,2
120797,4.73761,49.887399,2
120798,4.737648,49.887614,2
120799,4.74038,49.88527,2
120800,4.65032,49.9508,2
120801,4.65032,49.9508,2
120802,4.65032,49.9508,2
120803,4.65032,49.9508,2
120804,4.65032,49.9508,2
120805,4.65032,49.9508,2
120806,4.65032,49.9508,2
120807,4.65032,49.9508,2
120808,4.65032,49.9508,2
120809,4.65032,49.9508,2
120810,4.65032,49.9508,2
120811,4.65032,49.9508,2
120812,4.65032,49.9508,2
120813,4.65032,49.9508,2
120814,4.65032,49.9508,2
120815,4.65032,49.9508,2
120816,4.64708,49.94868,2
120817,4.65032,49.9508,2
120818,4.65032,49.9508,2
120819,4.65032,49.9508,2
120820,4.65032,49.9508,2
120821,4.65032,49.9508,2
120822,4.65032,49.9508,2
120823,4.65032,49.9508,2
120824,4.65032,49.9508,2
120825,4.65032,49.9508,2
120826,4.65032,49.9508,2
120827,4.65032,49.9508,2
120828,4.64679,49.94978,2
120829,4.65032,49.9508,2
120830,4.65032,49.9508,2
120831,4.65032,49.9508,2
120832,4.65032,49.9508,2
120833,4.65032,49.9508,2
120834,4.65032,49.9508,2
120835,4.65032,49.9508,2
120836,4.65032,49.9508,2
120837,4.65032,49.9508,2
120838,4.65032,49.9508,2
120839,4.65032,49.9508,2
120840,4.65032,49.9508,2
120841,4.65032,49.9508,2
120842,4.65032,49.9508,2
120843,4.64591,49.94749,2
120844,4.65032,49.9508,2
120845,4.64591,49.94749,2
120846,4.64591,49.94749,2
120847,4.65032,49.9508,2
120848,4.64591,49.94749,2
120849,4.64591,49.94749,2
120850,4.65032,49.9508,2
120851,4.64591,49.94749,2
120852,4.64591,49.94749,2
120853,4.65032,49.9508,2
120854,4.64591,49.94749,2
120855,4.64591,49.94749,2
120856,4.65032,49.9508,2
120857,4.64591,49.94749,2
120858,4.64591,49.94749,2
120859,4.65032,49.9508,2
120860,4.65032,49.9508,2
120861,4.65032,49.9508,2
120862,4.65032,49.9508,2
120863,4.65032,49.9508,2
120864,4.65032,49.9508,2
120865,4.65032,49.9508,2
120866,4.65032,49.9508,2
120867,4.65032,49.9508,2
120868,4.65032,49.9508,2
120869,4.65032,49.9508,2
120870,4.65032,49.9508,2
120871,4.65032,49.9508,2
120872,4.64631,49.947586,2
120873,4.65032,49.9508,2
120874,4.65032,49.9508,2
120875,4.65032,49.9508,2
120876,4.65032,49.9508,2
120877,4.64631,49.947586,2
120878,4.65032,49.9508,2
120879,4.65032,49.9508,2
120880,4.65032,49.9508,2
120881,4.63676,49.94502,2
120882,4.65032,49.9508,2
120883,4.64835,49.94738,2
120884,4.65032,49.9508,2
120885,4.64911,49.94765,2
120886,4.65032,49.9508,2
120887,4.64902,49.94788,2
120888,4.65032,49.9508,2
120889,4.646586,49.949377,2
120890,4.65032,49.9508,2
120891,4.68532,49.90466,2
120892,4.65032,49.9508,2
120893,4.646568,49.948066,2
120894,4.65032,49.9508,2
120895,4.65032,49.9508,2
120896,4.65032,49.9508,2
120897,4.65032,49.9508,2
120898,4.65032,49.9508,2
120899,4.65032,49.9508,2
120900,4.65032,49.9508,2
120901,4.65032,49.9508,2
120902,4.65032,49.9508,2
120903,4.65032,49.9508,2
120904,4.65032,49.9508,2
120905,4.65032,49.9508,2
120906,4.646568,49.948066,2
120907,4.65032,49.9508,2
120908,4.65032,49.9508,2
120909,4.64681,49.94837,2
120910,4.65032,49.9508,2
120911,4.65032,49.9508,2
120912,4.646568,49.948066,2
120913,4.65032,49.9508,2
120914,4.63722,49.94515,2
120915,4.63722,49.94515,2
120916,4.63722,49.94515,2
120917,4.63745,49.94527,2
120918,4.63861,49.9451,2
120919,4.63964,49.94496,2
120920,4.63722,49.94515,2
120921,4.63722,49.94515,2
120922,4.63722,49.94515,2
120923,4.63722,49.94515,2
120924,4.64092,49.94514,2
120925,4.63722,49.94515,2
120926,4.64835,49.94738,2
120927,4.64763,49.94681,2
120928,4.6478,49.94695,2
120929,4.648008,49.947284,2
120930,4.64902,49.94788,2
120931,4.64902,49.94788,2
120932,4.64902,49.94788,2
120933,4.64902,49.94788,2
120934,4.64902,49.94788,2
120935,4.64902,49.94788,2
120936,4.64936,49.94824,2
120937,4.6492,49.94785,2
120938,4.64928,49.94804,2
120939,4.6479,49.94851,2
120940,4.64755,49.94824,2
120941,4.64638,49.94729,2
120942,4.64623,49.94736,2
120943,4.64668,49.94758,2
120944,4.647,49.9477,2
120945,4.64732,49.94782,2
120946,4.64758,49.94797,2
120947,4.64771,49.94819,2
120948,4.64781,49.94837,2
120949,4.64734,49.9484,2
120950,4.64734,49.9484,2
120951,4.64743,49.94803,2
120952,4.64717,49.9479,2
120953,4.65032,49.9508,2
120954,4.65032,49.9508,2
120955,4.646297,49.948843,2
120956,4.65032,49.9508,2
120957,4.65032,49.9508,2
120958,4.65032,49.9508,2
120959,4.65032,49.9508,2
120960,4.65032,49.9508,2
120961,4.65032,49.9508,2
120962,4.65032,49.9508,2
120963,4.65032,49.9508,2
120964,4.64632,49.94872,2
120965,4.65032,49.9508,2
120966,4.65032,49.9508,2
120967,4.65032,49.9508,2
120968,4.65032,49.9508,2
120969,4.65032,49.9508,2
120970,4.65032,49.9508,2
120971,4.646297,49.948843,2
120972,4.65032,49.9508,2
120973,4.65032,49.9508,2
120974,4.646586,49.949377,2
120975,4.65032,49.9508,2
120976,4.65032,49.9508,2
120977,4.65032,49.9508,2
120978,4.65032,49.9508,2
120979,4.65032,49.9508,2
120980,4.65032,49.9508,2
120981,4.65032,49.9508,2
120982,4.65032,49.9508,2
120983,4.65032,49.9508,2
120984,4.65032,49.9508,2
120985,4.646586,49.949377,2
120986,4.65032,49.9508,2
120987,4.65032,49.9508,2
120988,4.65032,49.9508,2
120989,4.65032,49.9508,2
120990,4.65032,49.9508,2
120991,4.65032,49.9508,2
120992,4.65032,49.9508,2
120993,4.65032,49.9508,2
120994,4.65032,49.9508,2
120995,4.65032,49.9508,2
120996,4.65032,49.9508,2
120997,4.646586,49.949377,2
120998,4.64665,49.950166,2
120999,4.65032,49.9508,2
121000,4.646586,49.949377,2
121001,4.65032,49.9508,2
121002,4.65032,49.9508,2
121003,4.65032,49.9508,2
121004,4.646586,49.949377,2
121005,4.64823,49.95007,2
121006,4.64786,49.94982,2
121007,4.64866,49.95036,2
121008,4.64774,49.95049,2
121009,4.64784,49.95024,2
121010,4.64794,49.95046,2
121011,4.64857,49.95013,2
121012,4.64799,49.94974,2
121013,4.64828,49.94994,2
121014,4.64743,49.95058,2
121015,4.64886,49.95033,2
121016,4.64701,49.95006,2
121017,4.65032,49.9508,2
121018,4.65032,49.9508,2
121019,4.65032,49.9508,2
121020,4.65032,49.9508,2
121021,4.65032,49.9508,2
121022,4.65032,49.9508,2
121023,4.64679,49.94978,2
121024,4.65032,49.9508,2
121025,4.65032,49.9508,2
121026,4.65032,49.9508,2
121027,4.65032,49.9508,2
121028,4.65032,49.9508,2
121029,4.65032,49.9508,2
121030,4.65032,49.9508,2
121031,4.65032,49.9508,2
121032,4.64665,49.950166,2
121033,4.64665,49.950166,2
121034,4.65032,49.9508,2
121035,4.65032,49.9508,2
121036,4.64786,49.94982,2
121037,4.65032,49.9508,2
121038,4.65032,49.9508,2
121039,4.65032,49.9508,2
121040,4.25052,49.689217,2
121041,4.22558,49.67776,2
121042,4.24924,49.6901,2
121043,4.25291,49.67829,2
121044,4.26282,49.67434,2
121045,4.25291,49.67829,2
121046,4.253163,49.685501,2
121047,4.25262,49.68702,2
121048,4.25256,49.6875,2
121049,4.25296,49.68569,2
121050,4.25287,49.68643,2
121051,4.253103,49.686104,2
121052,4.253103,49.686104,2
121053,4.253038,49.686581,2
121054,4.2525,49.68799,2
121055,4.253039,49.686626,2
121056,4.26291,49.68333,2
121057,4.26291,49.68333,2
121058,4.27679,49.67708,2
121059,4.27679,49.67708,2
121060,4.24924,49.6901,2
121061,4.24924,49.6901,2
121062,4.27679,49.67708,2
121063,4.27679,49.67708,2
121064,4.27679,49.67708,2
121065,4.27679,49.67708,2
121066,4.27679,49.67708,2
121067,4.27679,49.67708,2
121068,4.27679,49.67708,2
121069,4.27679,49.67708,2
121070,4.27679,49.67708,2
121071,4.28496,49.67862,2
121072,4.28496,49.67862,2
121073,4.25105,49.69259,2
121074,4.28496,49.67862,2
121075,4.28496,49.67862,2
121076,4.2908,49.68162,2
121077,4.27679,49.67708,2
121078,4.2509,49.68915,2
121079,4.25248,49.69057,2
121080,4.251003,49.691015,2
121081,4.25248,49.69057,2
121082,4.25248,49.69057,2
121083,4.25052,49.689217,2
121084,4.26329,49.70389,2
121085,4.24941,49.68937,2
121086,4.24941,49.68937,2
121087,4.24941,49.68937,2
121088,4.24976,49.68965,2
121089,4.24941,49.68937,2
121090,4.24941,49.68937,2
121091,4.249111,49.68932,2
121092,4.247883,49.688683,2
121093,4.28496,49.67862,2
121094,4.249282,49.689434,2
121095,4.24941,49.68937,2
121096,4.248949,49.689062,2
121097,4.247122,49.688695,2
121098,4.24648,49.68912,2
121099,4.24712,49.68912,2
121100,4.247122,49.688695,2
121101,4.247122,49.688695,2
121102,4.24592,49.68917,2
121103,4.24603,49.68928,2
121104,4.246227,49.688853,2
121105,4.24552,49.68932,2
121106,4.245357,49.688903,2
121107,4.24712,49.68912,2
121108,4.22086,49.70686,2
121109,4.24502,49.68937,2
121110,4.244375,49.688936,2
121111,4.244375,49.688936,2
121112,4.244375,49.688936,2
121113,4.24197,49.68943,2
121114,4.249111,49.68932,2
121115,4.20694,49.72115,2
121116,4.24863,49.69021,2
121117,4.24863,49.69021,2
121118,4.22558,49.67776,2
121119,4.24867,49.68981,2
121120,4.247999,49.68958,2
121121,4.22558,49.67776,2
121122,4.247216,49.689368,2
121123,4.24725,49.68982,2
121124,4.24725,49.68982,2
121125,4.24725,49.68982,2
121126,4.22558,49.67776,2
121127,4.24725,49.68982,2
121128,4.24725,49.68982,2
121129,4.22087,49.67612,2
121130,4.244,49.68996,2
121131,4.24915,49.6901,2
121132,4.22,49.70795,2
121133,4.24915,49.6901,2
121134,4.24712,49.68912,2
121135,4.244,49.68996,2
121136,4.24725,49.68982,2
121137,4.251003,49.691015,2
121138,4.244,49.68996,2
121139,4.244,49.68996,2
121140,4.22,49.70795,2
121141,4.244,49.68996,2
121142,4.27679,49.67708,2
121143,4.247305,49.689905,2
121144,4.22,49.70797,2
121145,4.247136,49.690546,2
121146,4.246787,49.690848,2
121147,4.245392,49.691696,2
121148,4.246787,49.690848,2
121149,4.245392,49.691696,2
121150,4.245392,49.691696,2
121151,4.245392,49.691696,2
121152,4.22,49.70797,2
121153,4.24416,49.692425,2
121154,4.24416,49.692425,2
121155,4.243775,49.69288,2
121156,4.243788,49.692862,2
121157,4.22,49.70797,2
121158,4.247496,49.69019,2
121159,4.248203,49.690214,2
121160,4.248203,49.690214,2
121161,4.24804,49.6906,2
121162,4.248189,49.690206,2
121163,4.249111,49.690056,2
121164,4.24863,49.69021,2
121165,4.24874,49.69056,2
121166,4.249111,49.690056,2
121167,4.249111,49.690056,2
121168,4.249519,49.689861,2
121169,4.24992,49.68979,2
121170,4.25008,49.69059,2
121171,4.26329,49.70389,2
121172,4.24924,49.6901,2
121173,4.252027,49.691367,2
121174,4.25185,49.69169,2
121175,4.251866,49.69225,2
121176,4.25092,49.71004,2
121177,4.25306,49.69182,2
121178,4.25087,49.69127,2
121179,4.25352,49.691667,2
121180,4.254205,49.691862,2
121181,4.255019,49.692137,2
121182,4.25767,49.693047,2
121183,4.256779,49.6929,2
121184,4.257666,49.693308,2
121185,4.24924,49.6901,2
121186,4.259223,49.692726,2
121187,4.25183,49.69225,2
121188,4.266932,49.691894,2
121189,4.264093,49.690421,2
121190,4.26408,49.690439,2
121191,4.266932,49.691894,2
121192,4.26926,49.69113,2
121193,4.2434,49.6918,2
121194,4.244386,49.691829,2
121195,4.244386,49.691829,2
121196,4.244386,49.691829,2
121197,4.26018,49.70985,2
121198,4.244386,49.691829,2
121199,4.26861,49.69905,2
121200,4.27091,49.69877,2
121201,4.26861,49.69905,2
121202,4.26861,49.69905,2
121203,4.26861,49.69905,2
121204,4.29167,49.70238,2
121205,4.26869,49.698819,2
121206,4.26861,49.69905,2
121207,4.26861,49.69905,2
121208,4.26861,49.69905,2
121209,4.26861,49.69905,2
121210,4.26861,49.69905,2
121211,4.27091,49.69877,2
121212,4.26861,49.69905,2
121213,4.26861,49.69905,2
121214,4.26861,49.69905,2
121215,4.26861,49.69905,2
121216,4.26974,49.70202,2
121217,4.269698,49.702027,2
121218,4.26861,49.69905,2
121219,4.26861,49.69905,2
121220,4.26861,49.69905,2
121221,4.24924,49.6901,2
121222,4.26329,49.70389,2
121223,4.244,49.68996,2
121224,4.26329,49.70389,2
121225,4.26329,49.70389,2
121226,4.26329,49.70389,2
121227,4.26329,49.70389,2
121228,4.26329,49.70389,2
121229,4.26329,49.70389,2
121230,4.26329,49.70389,2
121231,4.26329,49.70389,2
121232,4.26329,49.70389,2
121233,4.26329,49.70389,2
121234,4.26329,49.70389,2
121235,4.26329,49.70389,2
121236,4.24712,49.68912,2
121237,4.25655,49.70702,2
121238,4.26018,49.70985,2
121239,4.260665,49.7104,2
121240,4.25183,49.69225,2
121241,4.25092,49.71004,2
121242,4.24993,49.71256,2
121243,4.25092,49.71004,2
121244,4.25092,49.71004,2
121245,4.25092,49.71004,2
121246,4.25092,49.71004,2
121247,4.25092,49.71004,2
121248,4.259223,49.692726,2
121249,4.25992,49.69287,2
121250,4.258601,49.692745,2
121251,4.22342,49.67924,2
121252,4.259223,49.692726,2
121253,4.258022,49.692835,2
121254,4.25841,49.69382,2
121255,4.258061,49.693481,2
121256,4.24725,49.68982,2
121257,4.258437,49.693547,2
121258,4.25841,49.69382,2
121259,4.269783,49.698774,2
121260,4.25841,49.69382,2
121261,4.24928,49.69194,2
121262,4.25841,49.69382,2
121263,4.244,49.68996,2
121264,4.244891,49.691982,2
121265,4.26282,49.67434,2
121266,4.26282,49.67434,2
121267,4.27679,49.67708,2
121268,4.27679,49.67708,2
121269,4.28496,49.67862,2
121270,4.28496,49.67862,2
121271,4.251046,49.688858,2
121272,4.248949,49.689062,2
121273,4.24712,49.68912,2
121274,4.24863,49.69021,2
121275,4.244,49.68996,2
121276,4.244,49.68996,2
121277,4.247319,49.689905,2
121278,4.246787,49.690848,2
121279,4.24863,49.69021,2
121280,4.249111,49.690056,2
121281,4.249865,49.689488,2
121282,4.25002,49.69073,2
121283,4.25111,49.69147,2
121284,4.267373,49.693656,2
121285,4.26408,49.690439,2
121286,4.29167,49.70238,2
121287,4.26329,49.70389,2
121288,4.26329,49.70389,2
121289,4.25655,49.70702,2
121290,4.254339,49.687692,2
121291,4.25387,49.68786,2
121292,4.244,49.68996,2
121293,4.254339,49.687692,2
121294,4.27679,49.67708,2
121295,4.24993,49.71256,2
121296,4.244,49.68996,2
121297,4.7922,49.65822,2
121298,4.79509,49.65953,2
121299,4.79699,49.660114,2
121300,4.79509,49.65953,2
121301,4.802293,49.664157,2
121302,4.79509,49.65953,2
121303,4.79838,49.66113,2
121304,4.7973,49.65894,2
121305,4.7973,49.65894,2
121306,4.78398,49.67339,2
121307,4.78065,49.67902,2
121308,4.78454,49.67451,2
121309,4.7829,49.67319,2
121310,4.78065,49.67902,2
121311,4.78065,49.67902,2
121312,4.78292,49.67345,2
121313,4.78454,49.67451,2
121314,4.78454,49.67451,2
121315,4.78454,49.67451,2
121316,4.78065,49.67902,2
121317,4.79509,49.65956,2
121318,4.7829,49.67319,2
121319,4.78284,49.67345,2
121320,4.7829,49.67319,2
121321,4.7829,49.67319,2
121322,4.78395,49.67333,2
121323,4.78398,49.67339,2
121324,4.78065,49.67902,2
121325,4.78307,49.67261,2
121326,4.79535,49.65978,2
121327,4.78306,49.67335,2
121328,4.7829,49.67319,2
121329,4.7829,49.67319,2
121330,4.7787,49.67213,2
121331,4.7829,49.67319,2
121332,4.78065,49.67902,2
121333,4.7829,49.67319,2
121334,4.7829,49.67319,2
121335,4.78065,49.67902,2
121336,4.7829,49.67319,2
121337,4.78306,49.67335,2
121338,4.79488,49.66104,2
121339,4.79488,49.66104,2
121340,4.79488,49.66104,2
121341,4.79478,49.66101,2
121342,4.79488,49.66104,2
121343,4.7922,49.65822,2
121344,4.7922,49.65822,2
121345,4.7922,49.65822,2
121346,4.7922,49.65822,2
121347,4.7922,49.65822,2
121348,4.79488,49.66104,2
121349,4.79493,49.66068,2
121350,4.79492,49.6609,2
121351,4.79492,49.6609,2
121352,4.79492,49.6609,2
121353,4.79504,49.66044,2
121354,4.79513,49.66065,2
121355,4.79492,49.6609,2
121356,4.79503,49.66091,2
121357,4.795269,49.661164,2
121358,4.79488,49.66104,2
121359,4.78065,49.67902,2
121360,4.7922,49.65822,2
121361,4.7829,49.67319,2
121362,4.7952,49.66097,2
121363,4.79616,49.66075,2
121364,4.79488,49.66104,2
121365,4.79488,49.66104,2
121366,4.79509,49.65953,2
121367,4.79509,49.65956,2
121368,4.79509,49.65953,2
121369,4.79509,49.65953,2
121370,4.79509,49.65953,2
121371,4.79509,49.65953,2
121372,4.7973,49.65894,2
121373,4.79509,49.65953,2
121374,4.79509,49.65953,2
121375,4.797345,49.661445,2
121376,4.79509,49.65953,2
121377,4.79903,49.66141,2
121378,4.79509,49.65956,2
121379,4.79509,49.65953,2
121380,4.797332,49.661185,2
121381,4.79509,49.65953,2
121382,4.79514,49.65956,2
121383,4.79509,49.65953,2
121384,4.79509,49.65953,2
121385,4.802057,49.663874,2
121386,4.802057,49.663874,2
121387,4.79509,49.65953,2
121388,4.79509,49.65953,2
121389,4.800761,49.662823,2
121390,4.801145,49.663039,2
121391,4.79509,49.65953,2
121392,4.79509,49.65953,2
121393,4.78065,49.67902,2
121394,4.79509,49.65953,2
121395,4.79663,49.66039,2
121396,4.79673,49.66049,2
121397,4.79695,49.66035,2
121398,4.79709,49.66027,2
121399,4.796636,49.660525,2
121400,4.79721,49.66024,2
121401,4.79733,49.66022,2
121402,4.79751,49.66005,2
121403,4.79739,49.66008,2
121404,4.79727,49.66011,2
121405,4.79715,49.66014,2
121406,4.7973,49.66015,2
121407,4.79683,49.66026,2
121408,4.79641,49.66051,2
121409,4.79509,49.65953,2
121410,4.79509,49.65953,2
121411,4.79509,49.65953,2
121412,4.79509,49.65953,2
121413,4.79509,49.65953,2
121414,4.79509,49.65953,2
121415,4.79509,49.65953,2
121416,4.79509,49.65953,2
121417,4.79509,49.65953,2
121418,4.79513,49.66065,2
121419,4.7953,49.66029,2
121420,4.79509,49.65953,2
121421,4.79509,49.65953,2
121422,4.79509,49.65953,2
121423,4.79509,49.65953,2
121424,4.79509,49.65953,2
121425,4.79509,49.65953,2
121426,4.7922,49.65822,2
121427,4.79509,49.65953,2
121428,4.79509,49.65953,2
121429,4.79509,49.65953,2
121430,4.79509,49.65953,2
121431,4.78284,49.67345,2
121432,4.79509,49.65953,2
121433,4.79509,49.65953,2
121434,4.79509,49.65953,2
121435,4.79509,49.65953,2
121436,4.79509,49.65953,2
121437,4.79509,49.65953,2
121438,4.79509,49.65953,2
121439,4.79509,49.65953,2
121440,4.79509,49.65953,2
121441,4.7948,49.65955,2
121442,4.79745,49.66019,2
121443,4.79417,49.65922,2
121444,4.79509,49.65953,2
121445,4.79509,49.65953,2
121446,4.79423,49.6592,2
121447,4.79509,49.65953,2
121448,4.79509,49.65953,2
121449,4.79423,49.6592,2
121450,4.79423,49.6592,2
121451,4.79358,49.65897,2
121452,4.79302,49.65819,2
121453,4.7938,49.65879,2
121454,4.79365,49.65886,2
121455,4.79336,49.65899,2
121456,4.79351,49.65892,2
121457,4.79379,49.65894,2
121458,4.7829,49.67319,2
121459,4.79343,49.6591,2
121460,4.79358,49.65897,2
121461,4.7922,49.65822,2
121462,4.79203,49.65799,2
121463,4.7829,49.67319,2
121464,4.79509,49.65953,2
121465,4.79509,49.65953,2
121466,4.79509,49.65953,2
121467,4.791723,49.657382,2
121468,4.79077,49.657715,2
121469,4.798521,49.661448,2
121470,4.7922,49.65822,2
121471,4.79153,49.6577,2
121472,4.79266,49.65782,2
121473,4.792891,49.658059,2
121474,4.792891,49.658059,2
121475,4.79298,49.65801,2
121476,4.7973,49.65894,2
121477,4.79286,49.65892,2
121478,4.790886,49.666168,2
121479,4.792891,49.658059,2
121480,4.78065,49.67902,2
121481,4.7922,49.65822,2
121482,4.7829,49.67319,2
121483,4.79358,49.65897,2
121484,4.791723,49.657382,2
121485,4.79509,49.65953,2
121486,4.7829,49.67319,2
121487,4.79504,49.66044,2
121488,4.792891,49.658059,2
121489,4.79509,49.65953,2
121490,4.79504,49.66044,2
121491,4.79509,49.65953,2
121492,4.79236,49.65847,2
121493,4.799249,49.662197,2
121494,4.79509,49.65953,2
121495,4.79056,49.65753,2
121496,4.802293,49.664157,2
121497,4.7922,49.65822,2
121498,4.79189,49.65806,2
121499,4.79509,49.65953,2
121500,4.79189,49.65806,2
121501,4.7922,49.65822,2
121502,4.79455,49.65919,2
121503,4.7922,49.65822,2
121504,4.79509,49.65953,2
121505,4.794213,49.658796,2
121506,4.792891,49.658059,2
121507,4.79395,49.65858,2
121508,4.79509,49.65953,2
121509,4.79509,49.65956,2
121510,4.79509,49.65953,2
121511,4.79838,49.66113,2
121512,4.79331,49.6582,2
121513,4.79773,49.66043,2
121514,4.79509,49.65953,2
121515,4.780895,49.650053,2
121516,4.794213,49.658796,2
121517,4.794213,49.658796,2
121518,4.79509,49.65956,2
121519,4.79509,49.65953,2
121520,4.79469,49.65912,2
121521,4.79509,49.65953,2
121522,4.794617,49.659129,2
121523,4.79509,49.65953,2
121524,4.79423,49.6592,2
121525,4.79509,49.65953,2
121526,4.79648,49.6595,2
121527,4.79509,49.65956,2
121528,4.79509,49.65956,2
121529,4.79607,49.65943,2
121530,4.796173,49.659537,2
121531,4.796173,49.659537,2
121532,4.796173,49.659537,2
121533,4.79509,49.65956,2
121534,4.7972,49.659,2
121535,4.79724,49.65921,2
121536,4.797052,49.659394,2
121537,4.7973,49.65894,2
121538,4.79752,49.65866,2
121539,4.797689,49.659111,2
121540,4.7973,49.65894,2
121541,4.7973,49.65894,2
121542,4.7973,49.65894,2
121543,4.7973,49.65894,2
121544,4.797507,49.659358,2
121545,4.79509,49.65956,2
121546,4.7973,49.65894,2
121547,4.79838,49.66113,2
121548,4.79757,49.66016,2
121549,4.79838,49.66113,2
121550,4.79838,49.66113,2
121551,4.79838,49.66113,2
121552,4.79838,49.66113,2
121553,4.79824,49.66097,2
121554,4.79861,49.66124,2
121555,4.80738,49.65623,2
121556,4.80738,49.65623,2
121557,4.82304,49.65276,2
121558,4.80738,49.65623,2
121559,4.80738,49.65623,2
121560,4.82304,49.65276,2
121561,4.779157,49.649594,2
121562,4.779627,49.649297,2
121563,4.779157,49.649594,2
121564,4.79488,49.66104,2
121565,4.78307,49.67261,2
121566,4.78307,49.67261,2
121567,4.79509,49.65953,2
121568,4.7973,49.65894,2
121569,4.79509,49.65953,2
121570,4.79509,49.65953,2
121571,4.79509,49.65953,2
121572,4.79509,49.65953,2
121573,4.7922,49.65822,2
121574,4.79509,49.65953,2
121575,4.79301,49.65886,2
121576,4.92023,49.52158,2
121577,4.92023,49.52158,2
121578,4.919571,49.519578,2
121579,4.92023,49.52158,2
121580,4.92023,49.52158,2
121581,4.92023,49.52158,2
121582,4.92023,49.52158,2
121583,4.91915,49.522445,2
121584,4.92023,49.52158,2
121585,4.924099,49.52286,2
121586,4.924099,49.52286,2
121587,4.92023,49.52158,2
121588,4.919571,49.519578,2
121589,4.92023,49.52158,2
121590,4.92023,49.52158,2
121591,4.92023,49.52158,2
121592,4.919751,49.522594,2
121593,4.918677,49.522104,2
121594,4.92023,49.52158,2
121595,4.92023,49.52158,2
121596,4.92023,49.52158,2
121597,4.92023,49.52158,2
121598,4.92023,49.52158,2
121599,4.92023,49.52158,2
121600,4.918083,49.522647,2
121601,4.918083,49.522647,2
121602,4.919634,49.520008,2
121603,4.92023,49.52158,2
121604,4.92023,49.52158,2
121605,4.929132,49.526553,2
121606,4.92023,49.52158,2
121607,4.92023,49.52158,2
121608,4.92023,49.52158,2
121609,4.92023,49.52158,2
121610,4.25534,49.53121,2
121611,4.24702,49.5294,2
121612,4.25222,49.53104,2
121613,4.26217,49.5352,2
121614,4.25819,49.53525,2
121615,4.25926,49.53515,2
121616,4.243986,49.523389,2
121617,4.24811,49.52975,2
121618,4.24811,49.52975,2
121619,4.21442,49.50962,2
121620,4.24405,49.52753,2
121621,4.25033,49.53047,2
121622,4.25033,49.53047,2
121623,4.26217,49.5352,2
121624,4.2604,49.53565,2
121625,4.2604,49.53565,2
121626,4.2604,49.53565,2
121627,4.2604,49.53565,2
121628,4.2604,49.53565,2
121629,4.2604,49.53565,2
121630,4.2604,49.53565,2
121631,4.26217,49.5352,2
121632,4.26217,49.5352,2
121633,4.26217,49.5352,2
121634,4.24706,49.52954,2
121635,4.26217,49.5352,2
121636,4.25593,49.5326,2
121637,4.26217,49.5352,2
121638,4.25546,49.53251,2
121639,4.26217,49.5352,2
121640,4.26217,49.5352,2
121641,4.26217,49.5352,2
121642,4.2554,49.53096,2
121643,4.25483,49.53205,2
121644,4.26217,49.5352,2
121645,4.25484,49.53191,2
121646,4.25506,49.53164,2
121647,4.25243,49.53118,2
121648,4.25528,49.53136,2
121649,4.25885,49.53541,2
121650,4.25551,49.53109,2
121651,4.25573,49.53081,2
121652,4.25595,49.53053,2
121653,4.25574,49.53055,2
121654,4.25507,49.53138,2
121655,4.25473,49.53179,2
121656,4.25445,49.53187,2
121657,4.25299,49.53126,2
121658,4.26217,49.5352,2
121659,4.25252,49.53108,2
121660,4.25118,49.53061,2
121661,4.26217,49.5352,2
121662,4.26217,49.5352,2
121663,4.25118,49.53061,2
121664,4.25099,49.53068,2
121665,4.25078,49.53061,2
121666,4.25056,49.53054,2
121667,4.25033,49.53047,2
121668,4.26217,49.5352,2
121669,4.25033,49.53047,2
121670,4.26217,49.5352,2
121671,4.25033,49.53047,2
121672,4.25033,49.53047,2
121673,4.26217,49.5352,2
121674,4.24811,49.52975,2
121675,4.25015,49.53028,2
121676,4.25007,49.53039,2
121677,4.24982,49.53031,2
121678,4.24956,49.53024,2
121679,4.24964,49.53013,2
121680,4.24939,49.53005,2
121681,4.26217,49.5352,2
121682,4.24888,49.5299,2
121683,4.24405,49.52753,2
121684,4.24931,49.53016,2
121685,4.26217,49.5352,2
121686,4.24862,49.52982,2
121687,4.24862,49.52982,2
121688,4.2486,49.52965,2
121689,4.24858,49.52973,2
121690,4.24856,49.52981,2
121691,4.24861,49.52957,2
121692,4.24863,49.5295,2
121693,4.24865,49.52942,2
121694,4.24867,49.52934,2
121695,4.24869,49.52926,2
121696,4.24871,49.52919,2
121697,4.24873,49.52911,2
121698,4.24875,49.52903,2
121699,4.24877,49.52895,2
121700,4.24879,49.52888,2
121701,4.24881,49.5288,2
121702,4.24882,49.52872,2
121703,4.24884,49.52864,2
121704,4.24886,49.52857,2
121705,4.24888,49.52849,2
121706,4.24891,49.52841,2
121707,4.25913,49.53507,2
121708,4.24895,49.52834,2
121709,4.249,49.52826,2
121710,4.24839,49.52976,2
121711,4.24842,49.52962,2
121712,4.24846,49.52948,2
121713,4.24849,49.52934,2
121714,4.24852,49.52921,2
121715,4.24856,49.52907,2
121716,4.24862,49.52879,2
121717,4.24866,49.52866,2
121718,4.24881,49.52825,2
121719,4.25819,49.53525,2
121720,4.24761,49.52821,2
121721,4.24711,49.52837,2
121722,4.2466,49.52852,2
121723,4.24702,49.5294,2
121724,4.24701,49.52896,2
121725,4.26217,49.5352,2
121726,4.26217,49.5352,2
121727,4.24702,49.5294,2
121728,4.21442,49.50962,2
121729,4.26217,49.5352,2
121730,4.26217,49.5352,2
121731,4.26217,49.5352,2
121732,4.26217,49.5352,2
121733,4.2604,49.53565,2
121734,4.26217,49.5352,2
121735,4.25923,49.53581,2
121736,4.26217,49.5352,2
121737,4.26217,49.5352,2
121738,4.26217,49.5352,2
121739,4.24768,49.52927,2
121740,4.25206,49.53091,2
121741,4.24795,49.52926,2
121742,4.2477,49.52923,2
121743,4.24708,49.52918,2
121744,4.25222,49.53104,2
121745,4.25222,49.53104,2
121746,4.25222,49.53104,2
121747,4.25222,49.53104,2
121748,4.25222,49.53104,2
121749,4.25222,49.53104,2
121750,4.24768,49.52927,2
121751,4.24817,49.5297,2
121752,4.2481,49.52981,2
121753,4.25222,49.53104,2
121754,4.25222,49.53104,2
121755,4.25222,49.53104,2
121756,4.25222,49.53104,2
121757,4.25222,49.53104,2
121758,4.25222,49.53104,2
121759,4.25222,49.53104,2
121760,4.24706,49.52954,2
121761,4.24692,49.5295,2
121762,4.24678,49.52947,2
121763,4.2594,49.53608,2
121764,4.24665,49.52944,2
121765,4.24651,49.5294,2
121766,4.2464,49.52927,2
121767,4.2464,49.52927,2
121768,4.2464,49.52927,2
121769,4.2464,49.52927,2
121770,4.2464,49.52927,2
121771,4.2464,49.52927,2
121772,4.2464,49.52927,2
121773,4.2464,49.52927,2
121774,4.24626,49.52927,2
121775,4.26217,49.5352,2
121776,4.26217,49.5352,2
121777,4.24585,49.52926,2
121778,4.25961,49.53605,2
121779,4.26217,49.5352,2
121780,4.26217,49.5352,2
121781,4.24543,49.52925,2
121782,4.24863,49.52911,2
121783,4.24529,49.52925,2
121784,4.26217,49.5352,2
121785,4.24501,49.52925,2
121786,4.24405,49.52753,2
121787,4.24405,49.52753,2
121788,4.24446,49.52841,2
121789,4.24439,49.52823,2
121790,4.24434,49.52814,2
121791,4.24433,49.52809,2
121792,4.24431,49.52804,2
121793,4.25819,49.53525,2
121794,4.24429,49.52799,2
121795,4.24427,49.52794,2
121796,4.24424,49.52787,2
121797,4.2442,49.52778,2
121798,4.25835,49.53528,2
121799,4.2442,49.52778,2
121800,4.24437,49.52777,2
121801,4.24474,49.52752,2
121802,4.25855,49.5354,2
121803,4.2445,49.52763,2
121804,4.24433,49.52766,2
121805,4.24416,49.52769,2
121806,4.24415,49.52764,2
121807,4.24408,49.52743,2
121808,4.24414,49.5274,2
121809,4.24451,49.5274,2
121810,4.24433,49.52728,2
121811,4.24557,49.52627,2
121812,4.24557,49.52685,2
121813,4.24525,49.52717,2
121814,4.24547,49.52712,2
121815,4.24568,49.52708,2
121816,4.2459,49.52703,2
121817,4.24571,49.52695,2
121818,4.24576,49.52628,2
121819,4.24513,49.52714,2
121820,4.24404,49.52729,2
121821,4.24402,49.52721,2
121822,4.24399,49.52713,2
121823,4.24395,49.52697,2
121824,4.24393,49.52686,2
121825,4.24387,49.52654,2
121826,4.24384,49.52643,2
121827,4.24382,49.52633,2
121828,4.2438,49.52622,2
121829,4.24378,49.52611,2
121830,4.24376,49.52601,2
121831,4.24381,49.52589,2
121832,4.24412,49.52587,2
121833,4.24444,49.52586,2
121834,4.24475,49.52584,2
121835,4.24507,49.52582,2
121836,4.24538,49.52586,2
121837,4.24372,49.52588,2
121838,4.24768,49.52927,2
121839,4.242586,49.524705,2
121840,4.243972,49.523389,2
121841,4.21442,49.50962,2
121842,4.244356,49.522592,2
121843,4.2481,49.52981,2
121844,4.21442,49.50962,2
121845,4.2481,49.52981,2
121846,4.21442,49.50962,2
121847,4.2481,49.52981,2
121848,4.21442,49.50962,2
121849,4.21442,49.50962,2
121850,4.21442,49.50962,2
121851,4.21442,49.50962,2
121852,4.21442,49.50962,2
121853,4.24405,49.52753,2
121854,4.24405,49.52753,2
121855,4.24811,49.52975,2
121856,4.24336,49.52547,2
121857,4.24336,49.52547,2
121858,4.24344,49.52562,2
121859,4.24863,49.52911,2
121860,4.24353,49.52583,2
121861,4.24863,49.52911,2
121862,4.2438,49.52709,2
121863,4.24383,49.52719,2
121864,4.24386,49.5273,2
121865,4.2439,49.52745,2
121866,4.24397,49.52766,2
121867,4.24405,49.52753,2
121868,4.24405,49.52753,2
121869,4.24405,49.52786,2
121870,4.24863,49.52911,2
121871,4.24405,49.52786,2
121872,4.2604,49.53565,2
121873,4.25901,49.53525,2
121874,4.2437,49.52793,2
121875,4.2437,49.52793,2
121876,4.2437,49.52793,2
121877,4.2437,49.52793,2
121878,4.24317,49.52731,2
121879,4.2437,49.52793,2
121880,4.24342,49.52839,2
121881,4.24352,49.52826,2
121882,4.24416,49.52816,2
121883,4.2441,49.52797,2
121884,4.24414,49.5281,2
121885,4.24428,49.52843,2
121886,4.240164,49.521562,2
121887,4.25884,49.53558,2
121888,4.24711,49.52837,2
121889,4.24405,49.52753,2
121890,4.25033,49.53047,2
121891,4.2604,49.53565,2
121892,4.2604,49.53565,2
121893,4.2604,49.53565,2
121894,4.2604,49.53565,2
121895,4.24811,49.52975,2
121896,4.24811,49.52975,2
121897,4.24811,49.52975,2
121898,4.2604,49.53565,2
121899,4.258107,49.5363,2
121900,4.258332,49.536414,2
121901,4.258387,49.536422,2
121902,4.258163,49.536326,2
121903,4.24811,49.52975,2
121904,4.24811,49.52975,2
121905,4.25708,49.535796,2
121906,4.24811,49.52975,2
121907,4.25784,49.53511,2
121908,4.25796,49.53502,2
121909,4.2604,49.53565,2
121910,4.24768,49.52927,2
121911,4.25164,49.53089,2
121912,4.2604,49.53565,2
121913,4.2604,49.53565,2
121914,4.2604,49.53565,2
121915,4.25222,49.53104,2
121916,4.26217,49.5352,2
121917,4.25895,49.53388,2
121918,4.25658,49.53291,2
121919,4.25528,49.53228,2
121920,4.25252,49.53108,2
121921,4.25118,49.53061,2
121922,4.25033,49.53047,2
121923,4.26217,49.5352,2
121924,4.2488,49.53,2
121925,4.24644,49.52881,2
121926,4.25881,49.53572,2
121927,4.24744,49.5292,2
121928,4.25222,49.53104,2
121929,4.2464,49.52927,2
121930,4.24501,49.52925,2
121931,4.24488,49.52926,2
121932,4.24437,49.52777,2
121933,4.24408,49.52743,2
121934,4.24357,49.52551,2
121935,4.21442,49.50962,2
121936,4.21442,49.50962,2
121937,4.243101,49.522235,2
121938,4.21442,49.50962,2
121939,4.21442,49.50962,2
121940,4.2435,49.52574,2
121941,4.24356,49.52593,2
121942,4.24368,49.5265,2
121943,4.2441,49.52797,2
121944,4.24424,49.52831,2
121945,4.262889,49.537186,2
121946,4.2604,49.53565,2
121947,4.2481,49.52981,2
121948,4.24356,49.52593,2
121949,4.24356,49.52593,2
121950,4.2481,49.52981,2
121951,4.2481,49.52981,2
121952,4.2481,49.52981,2
121953,4.2481,49.52981,2
121954,4.25396,49.53167,2
121955,4.25222,49.53104,2
121956,4.25222,49.53104,2
121957,4.24863,49.52911,2
121958,4.25803,49.53523,2
121959,4.2604,49.53565,2
121960,5.22995,49.65154,2
121961,5.22897,49.64978,2
121962,5.22944,49.65138,2
121963,5.22855,49.64928,2
121964,5.22944,49.65138,2
121965,5.224339,49.64964,2
121966,5.224339,49.64964,2
121967,5.22407,49.64966,2
121968,5.22438,49.64964,2
121969,5.22499,49.64964,2
121970,5.22468,49.64963,2
121971,5.22499,49.64964,2
121972,5.22376,49.64967,2
121973,5.22539,49.64976,2
121974,5.225413,49.65027,2
121975,5.22636,49.64996,2
121976,5.22809,49.65008,2
121977,5.22708,49.64992,2
121978,5.22811,49.64997,2
121979,5.22777,49.64995,2
121980,5.22742,49.64994,2
121981,5.22846,49.64998,2
121982,5.22673,49.6499,2
121983,5.2264,49.64985,2
121984,5.22607,49.64978,2
121985,5.22574,49.64971,2
121986,5.22544,49.64959,2
121987,5.22556,49.64937,2
121988,5.224,49.64954,2
121989,5.22538,49.64935,2
121990,5.22526,49.64955,2
121991,5.22412,49.64956,2
121992,5.22602,49.64891,2
121993,5.22635,49.64891,2
121994,5.22596,49.64903,2
121995,5.22632,49.64902,2
121996,5.23652,49.65079,2
121997,5.22667,49.64902,2
121998,5.22702,49.64889,2
121999,5.22702,49.64901,2
122000,5.22673,49.64704,2
122001,5.22759,49.64665,2
122002,5.22412,49.64956,2
122003,5.22695,49.64706,2
122004,5.22412,49.64956,2
122005,5.22291,49.64377,2
122006,5.22291,49.64377,2
122007,5.22779,49.64893,2
122008,5.22739,49.64902,2
122009,5.22781,49.64904,2
122010,5.22412,49.64956,2
122011,5.2282,49.64913,2
122012,5.22889,49.64943,2
122013,5.22881,49.64926,2
122014,5.22902,49.64959,2
122015,5.2288,49.65,2
122016,5.22908,49.64999,2
122017,5.22914,49.6498,2
122018,5.2292,49.64961,2
122019,5.22901,49.64979,2
122020,5.22973,49.64959,2
122021,5.23094,49.65185,2
122022,5.22995,49.65154,2
122023,5.22944,49.65138,2
122024,5.23045,49.64989,2
122025,5.23223,49.65049,2
122026,5.23173,49.65034,2
122027,5.2314,49.65037,2
122028,5.23258,49.65073,2
122029,5.2328,49.65066,2
122030,5.23415,49.65102,2
122031,5.23482,49.6512,2
122032,5.23371,49.65103,2
122033,5.23408,49.65113,2
122034,5.23446,49.65123,2
122035,5.23483,49.65133,2
122036,5.2352,49.65143,2
122037,5.23558,49.65153,2
122038,5.23663,49.65023,2
122039,5.23636,49.65096,2
122040,5.23612,49.65124,2
122041,5.23587,49.6516,2
122042,5.23607,49.65165,2
122043,5.23627,49.65169,2
122044,5.23667,49.65178,2
122045,5.23727,49.65192,2
122046,5.23779,49.65242,2
122047,5.23411,49.65108,2
122048,5.23411,49.65108,2
122049,5.23411,49.65108,2
122050,5.23411,49.65108,2
122051,5.23773,49.65177,2
122052,5.2376,49.65145,2
122053,5.23749,49.65164,2
122054,5.23711,49.65091,2
122055,5.23683,49.65068,2
122056,5.23696,49.65098,2
122057,5.23658,49.65052,2
122058,5.22412,49.64956,2
122059,5.23505,49.65005,2
122060,5.23458,49.65001,2
122061,5.23738,49.65115,2
122062,5.22754,49.65001,2
122063,5.22828,49.64912,2
122064,5.2255,49.64915,2
122065,5.22412,49.64956,2
122066,5.22412,49.64956,2
122067,5.22754,49.65001,2
122068,5.22735,49.64835,2
122069,5.22412,49.64956,2
122070,5.22412,49.64956,2
122071,5.22412,49.64956,2
122072,5.235724,49.651489,2
122073,5.22412,49.64956,2
122074,5.22412,49.64956,2
122075,5.236768,49.651832,2
122076,5.23411,49.65108,2
122077,5.2368,49.65181,2
122078,5.23411,49.65108,2
122079,5.239637,49.654325,2
122080,5.22412,49.64956,2
122081,5.22754,49.65001,2
122082,5.23411,49.65108,2
122083,5.22412,49.64956,2
122084,5.22412,49.64956,2
122085,5.22412,49.64956,2
122086,5.22412,49.64956,2
122087,5.22412,49.64956,2
122088,5.22754,49.65001,2
122089,4.82559,49.50434,2
122090,4.894837,49.526809,2
122091,4.896247,49.528226,2
122092,4.82559,49.50434,2
122093,4.82559,49.50434,2
122094,4.82559,49.50434,2
122095,4.893158,49.53105,2
122096,4.82559,49.50434,2
122097,4.893325,49.533563,2
122098,4.82559,49.50434,2
122099,4.891493,49.531714,2
122100,4.82559,49.50434,2
122101,4.82559,49.50434,2
122102,4.82554,49.50468,2
122103,4.82559,49.50434,2
122104,4.894462,49.529243,2
122105,4.894462,49.529243,2
122106,4.89224,49.53186,2
122107,4.82559,49.50434,2
122108,4.892393,49.532603,2
122109,4.82559,49.50434,2
122110,4.89241,49.532,2
122111,4.89224,49.53186,2
122112,4.82559,49.50434,2
122113,4.890509,49.531645,2
122114,4.82559,49.50434,2
122115,4.82559,49.50434,2
122116,4.82559,49.50434,2
122117,4.89622,49.528235,2
122118,4.894131,49.52952,2
122119,4.82559,49.50434,2
122120,4.893498,49.530683,2
122121,4.893937,49.530072,2
122122,4.89224,49.53186,2
122123,4.89224,49.53186,2
122124,4.82559,49.50434,2
122125,4.82559,49.50434,2
122126,4.894223,49.534685,2
122127,5.2781,49.65141,2
122128,5.2781,49.65141,2
122129,5.27728,49.65178,2
122130,5.280014,49.649746,2
122131,5.2781,49.65141,2
122132,5.280014,49.649746,2
122133,5.281644,49.650407,2
122134,5.2781,49.65141,2
122135,5.2781,49.65141,2
122136,5.280276,49.648769,2
122137,5.27819,49.65133,2
122138,5.27819,49.65133,2
122139,5.27819,49.65133,2
122140,5.27819,49.65133,2
122141,5.27819,49.65133,2
122142,5.282551,49.650529,2
122143,5.27855,49.650042,2
122144,5.27737,49.65057,2
122145,5.27737,49.65057,2
122146,5.28057,49.65161,2
122147,5.27819,49.65133,2
122148,5.27728,49.65178,2
122149,5.27819,49.65133,2
122150,5.27728,49.65178,2
122151,5.27797,49.65144,2
122152,5.27797,49.65144,2
122153,5.27732,49.65194,2
122154,5.276687,49.651813,2
122155,5.27732,49.65194,2
122156,5.27819,49.65133,2
122157,5.27732,49.65194,2
122158,5.27819,49.65133,2
122159,5.27819,49.65133,2
122160,5.27819,49.65133,2
122161,5.27797,49.65144,2
122162,5.27728,49.65178,2
122163,5.27819,49.65133,2
122164,5.27797,49.65144,2
122165,5.27797,49.65144,2
122166,5.27819,49.65133,2
122167,5.27819,49.65133,2
122168,5.278128,49.65016,2
122169,5.27737,49.65057,2
122170,5.27737,49.65057,2
122171,5.27819,49.65133,2
122172,5.27819,49.65133,2
122173,5.27819,49.65133,2
122174,5.27819,49.65133,2
122175,5.27819,49.65133,2
122176,5.27797,49.65144,2
122177,5.27797,49.65144,2
122178,5.27797,49.65144,2
122179,5.279225,49.650708,2
122180,5.279239,49.650699,2
122181,5.27797,49.65144,2
122182,5.280071,49.650481,2
122183,5.27819,49.65133,2
122184,5.267151,49.652556,2
122185,5.28096,49.65032,2
122186,5.28096,49.65032,2
122187,5.27797,49.65144,2
122188,5.28096,49.65032,2
122189,5.28096,49.65032,2
122190,5.279239,49.650699,2
122191,5.28057,49.65161,2
122192,5.27797,49.65144,2
122193,5.28057,49.65161,2
122194,5.27819,49.65133,2
122195,5.27819,49.65133,2
122196,5.28057,49.65161,2
122197,5.27819,49.65133,2
122198,5.278169,49.650878,2
122199,5.28057,49.65161,2
122200,5.27737,49.65057,2
122201,5.280634,49.651609,2
122202,5.28632,49.66869,2
122203,5.28044,49.65211,2
122204,5.28632,49.66869,2
122205,5.27737,49.65057,2
122206,5.27975,49.65214,2
122207,5.28057,49.65161,2
122208,5.27819,49.65133,2
122209,5.27975,49.65214,2
122210,5.28632,49.66869,2
122211,5.27975,49.65214,2
122212,5.28632,49.66869,2
122213,5.27819,49.65133,2
122214,5.27819,49.65133,2
122215,5.27975,49.65214,2
122216,5.27975,49.65214,2
122217,5.27975,49.65214,2
122218,5.27819,49.65133,2
122219,5.27975,49.65214,2
122220,5.27819,49.65133,2
122221,5.27819,49.65133,2
122222,5.27797,49.65144,2
122223,5.28632,49.66869,2
122224,5.28632,49.66869,2
122225,5.28632,49.66869,2
122226,5.28632,49.66869,2
122227,5.28632,49.66869,2
122228,5.28632,49.66869,2
122229,5.278238,49.650139,2
122230,5.28057,49.65161,2
122231,4.9252,49.50409,2
122232,4.9249,49.50366,2
122233,4.9249,49.50366,2
122234,4.9249,49.50366,2
122235,4.922098,49.503482,2
122236,4.926255,49.504633,2
122237,4.9249,49.50366,2
122238,4.9249,49.50366,2
122239,4.926884,49.504242,2
122240,4.9252,49.50409,2
122241,4.9249,49.50366,2
122242,4.9249,49.50366,2
122243,4.9249,49.50366,2
122244,4.926499,49.502363,2
122245,4.9249,49.50366,2
122246,4.92526,49.50436,2
122247,4.9249,49.50366,2
122248,4.92637,49.50447,2
122249,4.9249,49.50366,2
122250,4.9249,49.50366,2
122251,4.92756,49.505,2
122252,4.9249,49.50366,2
122253,4.9249,49.50366,2
122254,4.9249,49.50366,2
122255,4.9249,49.50366,2
122256,4.9252,49.50409,2
122257,4.9249,49.50366,2
122258,4.926411,49.50472,2
122259,4.9249,49.50366,2
122260,4.9281,49.50504,2
122261,4.9249,49.50366,2
122262,4.9249,49.50366,2
122263,4.922466,49.510205,2
122264,5.17776,49.61012,2
122265,5.1759,49.61233,2
122266,5.17758,49.6118,2
122267,5.173,49.61222,2
122268,5.17331,49.61204,2
122269,5.17282,49.61188,2
122270,5.17282,49.61188,2
122271,5.176107,49.610152,2
122272,5.18312,49.59394,2
122273,5.173,49.61222,2
122274,5.176219,49.610931,2
122275,5.17758,49.6118,2
122276,5.17737,49.61073,2
122277,5.17737,49.61073,2
122278,5.18368,49.59532,2
122279,5.18312,49.59394,2
122280,5.18312,49.59394,2
122281,5.17776,49.61012,2
122282,5.176079,49.610162,2
122283,5.17776,49.61012,2
122284,5.173,49.61222,2
122285,5.17701,49.61316,2
122286,5.1759,49.61233,2
122287,5.17667,49.61295,2
122288,5.17634,49.61273,2
122289,5.17614,49.61242,2
122290,5.17579,49.61217,2
122291,5.17481,49.61197,2
122292,5.17481,49.61197,2
122293,5.17304,49.6127,2
122294,5.17304,49.6127,2
122295,5.17304,49.6127,2
122296,5.17304,49.6127,2
122297,5.17304,49.6127,2
122298,5.17304,49.6127,2
122299,5.17304,49.6127,2
122300,5.17468,49.61115,2
122301,5.17468,49.61115,2
122302,5.17468,49.61115,2
122303,5.17468,49.61115,2
122304,5.17468,49.61115,2
122305,5.17468,49.61115,2
122306,5.17437,49.61175,2
122307,5.17416,49.61183,2
122308,5.17395,49.61192,2
122309,5.17374,49.612,2
122310,5.17353,49.61209,2
122311,5.17332,49.61217,2
122312,5.17315,49.61225,2
122313,5.173,49.61232,2
122314,5.173,49.61222,2
122315,5.173,49.61222,2
122316,5.173,49.61222,2
122317,5.173,49.61222,2
122318,5.17019,49.61272,2
122319,5.17758,49.6118,2
122320,5.173,49.61222,2
122321,5.173,49.61222,2
122322,5.173,49.61222,2
122323,5.17282,49.61188,2
122324,5.17282,49.61188,2
122325,5.17319,49.61209,2
122326,5.17331,49.61204,2
122327,5.17282,49.61188,2
122328,5.17344,49.61199,2
122329,5.17356,49.61194,2
122330,5.17369,49.61189,2
122331,5.17381,49.61184,2
122332,5.17406,49.61173,2
122333,5.173,49.61222,2
122334,5.17419,49.61168,2
122335,5.173,49.61222,2
122336,5.17431,49.61163,2
122337,5.17468,49.61115,2
122338,5.17707,49.61102,2
122339,5.174552,49.611051,2
122340,5.176052,49.610171,2
122341,5.174396,49.610731,2
122342,5.176052,49.610171,2
122343,5.176039,49.610171,2
122344,5.175535,49.610327,2
122345,5.175535,49.610327,2
122346,5.175535,49.610327,2
122347,5.176441,49.609704,2
122348,5.176441,49.609704,2
122349,5.176372,49.609948,2
122350,5.176174,49.609629,2
122351,5.176105,49.609631,2
122352,5.176646,49.609411,2
122353,5.176646,49.609411,2
122354,5.17654,49.61037,2
122355,5.176646,49.609411,2
122356,5.176646,49.609411,2
122357,5.176646,49.609411,2
122358,5.17776,49.61012,2
122359,5.17776,49.61012,2
122360,5.17776,49.61012,2
122361,5.17776,49.61012,2
122362,5.17776,49.61012,2
122363,5.17728,49.61068,2
122364,5.17595,49.61124,2
122365,5.17628,49.61095,2
122366,5.17541,49.61135,2
122367,5.17594,49.61121,2
122368,5.17594,49.61121,2
122369,5.17594,49.61121,2
122370,5.17594,49.61121,2
122371,5.17594,49.61121,2
122372,5.17594,49.61121,2
122373,5.17594,49.61121,2
122374,5.17594,49.61121,2
122375,5.17594,49.61121,2
122376,5.17594,49.61121,2
122377,5.17737,49.61073,2
122378,5.17737,49.61073,2
122379,5.17737,49.61073,2
122380,5.1763,49.61162,2
122381,5.17776,49.61012,2
122382,5.1773,49.61085,2
122383,5.17753,49.61067,2
122384,5.17775,49.61049,2
122385,5.18312,49.59394,2
122386,5.17701,49.608989,2
122387,5.17336,49.61114,2
122388,5.25643,49.65855,2
122389,5.25038,49.66088,2
122390,5.25038,49.66088,2
122391,5.25643,49.65855,2
122392,5.25643,49.65855,2
122393,5.25643,49.65855,2
122394,5.25643,49.65855,2
122395,5.25643,49.65855,2
122396,5.25643,49.65855,2
122397,5.255283,49.657786,2
122398,5.256,49.65735,2
122399,5.25643,49.65855,2
122400,5.25643,49.65855,2
122401,5.255016,49.657954,2
122402,5.25038,49.66088,2
122403,5.25038,49.66088,2
122404,5.25038,49.66088,2
122405,5.25038,49.66088,2
122406,5.25643,49.65855,2
122407,5.254715,49.658015,2
122408,5.256348,49.65608,2
122409,5.25038,49.66088,2
122410,5.25038,49.66088,2
122411,5.25643,49.65855,2
122412,5.25643,49.65855,2
122413,5.25643,49.65855,2
122414,5.25643,49.65855,2
122415,5.25038,49.66088,2
122416,5.25643,49.65855,2
122417,5.25643,49.65855,2
122418,5.25643,49.65855,2
122419,5.25643,49.65855,2
122420,5.25643,49.65855,2
122421,5.25643,49.65855,2
122422,5.25643,49.65855,2
122423,5.25643,49.65855,2
122424,5.25643,49.65855,2
122425,5.25643,49.65855,2
122426,5.254866,49.659701,2
122427,5.25622,49.65777,2
122428,5.255018,49.659679,2
122429,5.25643,49.65855,2
122430,5.254527,49.660051,2
122431,5.258338,49.659402,2
122432,5.254527,49.660051,2
122433,5.25643,49.65855,2
122434,5.25461,49.659572,2
122435,5.25643,49.65855,2
122436,5.25461,49.659572,2
122437,5.25643,49.65855,2
122438,5.254607,49.659528,2
122439,5.25643,49.65855,2
122440,5.25643,49.65855,2
122441,5.25643,49.65855,2
122442,5.25643,49.65855,2
122443,5.25622,49.65777,2
122444,5.25622,49.65777,2
122445,5.25622,49.65777,2
122446,5.25622,49.65777,2
122447,5.256517,49.658304,2
122448,5.25622,49.65777,2
122449,5.25622,49.65777,2
122450,5.25622,49.65777,2
122451,5.256,49.65735,2
122452,5.256,49.65735,2
122453,5.256,49.65735,2
122454,5.256,49.65735,2
122455,5.256,49.65735,2
122456,5.256,49.65735,2
122457,5.256,49.65735,2
122458,5.255932,49.657276,2
122459,5.256,49.65735,2
122460,5.256,49.65735,2
122461,5.255932,49.657276,2
122462,5.255932,49.657276,2
122463,5.256393,49.656869,2
122464,5.254401,49.658104,2
122465,5.25488,49.659701,2
122466,5.25643,49.65855,2
122467,5.25038,49.66088,2
122468,5.25038,49.66088,2
122469,5.25038,49.66088,2
122470,5.25038,49.66088,2
122471,5.25038,49.66088,2
122472,4.87165,49.49442,2
122473,4.872013,49.492475,2
122474,4.87165,49.49442,2
122475,4.87165,49.49442,2
122476,4.87165,49.49442,2
122477,4.87165,49.49442,2
122478,4.87165,49.49442,2
122479,4.87165,49.49442,2
122480,4.873072,49.492974,2
122481,4.884139,49.494664,2
122482,4.873894,49.492849,2
122483,4.875782,49.492531,2
122484,4.873747,49.492942,2
122485,4.873787,49.492914,2
122486,4.873707,49.492979,2
122487,4.87165,49.49442,2
122488,4.87165,49.49442,2
122489,4.874922,49.492441,2
122490,4.874922,49.492441,2
122491,4.873787,49.492914,2
122492,4.87165,49.49442,2
122493,4.873747,49.492951,2
122494,4.873667,49.493007,2
122495,4.873072,49.492974,2
122496,4.872767,49.493484,2
122497,5.3105,49.66743,2
122498,5.3108,49.66751,2
122499,5.3108,49.66751,2
122500,5.3105,49.66743,2
122501,5.309426,49.668008,2
122502,5.320941,49.666745,2
122503,5.309714,49.667722,2
122504,5.309171,49.668158,2
122505,5.3105,49.66743,2
122506,5.308868,49.668417,2
122507,5.307642,49.66877,2
122508,5.307671,49.668788,2
122509,5.307966,49.669095,2
122510,5.3108,49.66751,2
122511,5.3105,49.66743,2
122512,5.3105,49.66743,2
122513,5.308701,49.668403,2
122514,5.3105,49.66743,2
122515,5.3105,49.66743,2
122516,5.3105,49.66743,2
122517,5.3105,49.66743,2
122518,5.3105,49.66743,2
122519,5.3105,49.66743,2
122520,5.3105,49.66743,2
122521,5.3105,49.66743,2
122522,5.3105,49.66743,2
122523,5.3108,49.66751,2
122524,5.310449,49.667263,2
122525,5.311098,49.667005,2
122526,5.3105,49.66743,2
122527,5.310922,49.667072,2
122528,5.3105,49.66743,2
122529,5.3105,49.66743,2
122530,5.311669,49.667305,2
122531,5.3105,49.66743,2
122532,5.3105,49.66743,2
122533,5.3105,49.66743,2
122534,5.3105,49.66743,2
122535,5.3108,49.66751,2
122536,5.311031,49.667519,2
122537,5.3108,49.66751,2
122538,5.309547,49.668894,2
122539,5.3105,49.66743,2
122540,5.30926,49.669441,2
122541,5.3105,49.66743,2
122542,5.3105,49.66743,2
122543,5.313361,49.668064,2
122544,5.313361,49.668064,2
122545,5.3105,49.66743,2
122546,5.313958,49.667842,2
122547,5.318825,49.666536,2
122548,5.319783,49.666351,2
122549,5.320941,49.666745,2
122550,5.320941,49.666745,2
122551,4.70778,49.76233,2
122552,4.71445,49.75979,2
122553,4.71525,49.75988,2
122554,4.71356,49.75967,2
122555,4.71516,49.76031,2
122556,4.69981,49.77835,2
122557,4.69838,49.78051,2
122558,4.69652,49.7814,2
122559,4.69271,49.78335,2
122560,4.70288,49.78118,2
122561,4.69405,49.7819,2
122562,4.74302,49.8907,2
122563,4.73823,49.88803,2
122564,4.73819,49.88811,2
122565,4.73852,49.88783,2
122566,4.73927,49.88679,2
122567,4.64734,49.9484,2
122568,4.65032,49.9508,2
122569,4.65032,49.9508,2
122570,4.65032,49.9508,2
122571,4.65032,49.9508,2
122572,4.63722,49.94515,2
122573,4.64786,49.94707,2
122574,4.64708,49.94868,2
122575,4.65032,49.9508,2
122576,4.65032,49.9508,2
122577,4.26291,49.68333,2
122578,4.27679,49.67708,2
122579,4.28496,49.67862,2
122580,4.252818,49.688111,2
122581,4.24924,49.6901,2
122582,4.247722,49.68847,2
122583,4.26329,49.70389,2
122584,4.24863,49.69021,2
122585,4.24863,49.69021,2
122586,4.24725,49.68982,2
122587,4.24924,49.6901,2
122588,4.22,49.70797,2
122589,4.24924,49.6901,2
122590,4.24863,49.69021,2
122591,4.22558,49.67776,2
122592,4.22558,49.67776,2
122593,4.266932,49.691894,2
122594,4.26861,49.69905,2
122595,4.26329,49.70389,2
122596,4.24712,49.68912,2
122597,4.256686,49.706995,2
122598,4.26018,49.70985,2
122599,4.24993,49.71256,2
122600,4.256779,49.6929,2
122601,4.26282,49.67434,2
122602,4.25655,49.70702,2
122603,4.24863,49.69021,2
122604,4.25655,49.70702,2
122605,4.29167,49.70238,2
122606,4.27679,49.67708,2
122607,4.7829,49.67319,2
122608,4.7829,49.67319,2
122609,4.798345,49.661802,2
122610,4.800775,49.662831,2
122611,4.79509,49.65953,2
122612,4.79509,49.65953,2
122613,4.79509,49.65956,2
122614,4.79509,49.65953,2
122615,4.79509,49.65956,2
122616,4.78454,49.67451,2
122617,4.796173,49.659537,2
122618,4.79687,49.66015,2
122619,4.79509,49.65956,2
122620,4.779627,49.649297,2
122621,4.79514,49.65956,2
122622,4.79509,49.65953,2
122623,4.795463,49.659462,2
122624,4.92023,49.52158,2
122625,4.92023,49.52158,2
122626,4.92023,49.52158,2
122627,4.25222,49.53104,2
122628,4.25222,49.53104,2
122629,4.26983,49.536742,2
122630,4.25534,49.53121,2
122631,4.25222,49.53104,2
122632,4.25283,49.53059,2
122633,4.24863,49.52911,2
122634,4.24863,49.52911,2
122635,4.24872,49.52798,2
122636,4.24872,49.52798,2
122637,4.25222,49.53104,2
122638,4.24461,49.52902,2
122639,4.24465,49.52751,2
122640,4.21442,49.50962,2
122641,4.21442,49.50962,2
122642,4.242453,49.523745,2
122643,4.24405,49.52753,2
122644,4.2604,49.53565,2
122645,4.24513,49.52714,2
122646,4.24433,49.52809,2
122647,4.261322,49.536276,2
122648,4.24702,49.5294,2
122649,4.2442,49.52778,2
122650,4.24557,49.52685,2
122651,4.24811,49.52975,2
122652,5.22412,49.64956,2
122653,5.22901,49.64979,2
122654,5.22412,49.64956,2
122655,5.22412,49.64956,2
122656,5.230304,49.649884,2
122657,5.22412,49.64956,2
122658,5.23645,49.65074,2
122659,5.234671,49.651226,2
122660,5.22412,49.64956,2
122661,4.89224,49.53186,2
122662,4.89241,49.532,2
122663,4.894636,49.529131,2
122664,4.89224,49.53186,2
122665,5.27819,49.65133,2
122666,5.277384,49.651904,2
122667,5.27819,49.65133,2
122668,5.27819,49.65133,2
122669,5.27819,49.65133,2
122670,5.28057,49.65161,2
122671,5.28632,49.66869,2
122672,5.27819,49.65133,2
122673,5.276659,49.651813,2
122674,5.27819,49.65133,2
122675,4.92654,49.50296,2
122676,4.9249,49.50366,2
122677,4.9249,49.50366,2
122678,4.9249,49.50366,2
122679,4.9249,49.50366,2
122680,4.9249,49.50366,2
122681,4.92667,49.50459,2
122682,5.17641,49.60978,2
122683,5.17758,49.6118,2
122684,5.17758,49.6118,2
122685,5.175859,49.61191,2
122686,5.17758,49.6118,2
122687,5.17737,49.61073,2
122688,5.17758,49.6118,2
122689,5.17468,49.61115,2
122690,5.17468,49.61115,2
122691,5.17468,49.61115,2
122692,5.17737,49.61073,2
122693,5.25643,49.65855,2
122694,5.25643,49.65855,2
122695,5.255283,49.657786,2
122696,4.87165,49.49442,2
122697,4.874014,49.492757,2
122698,4.874014,49.492757,2
122699,5.305682,49.669106,2
122700,5.3105,49.66743,2
122701,5.3105,49.66743,2
