"ID","Longitude","Latitude","ServiceTime (min)"
61716,4.71938,49.77177,2
61717,4.71938,49.77177,2
61718,4.71938,49.77177,2
61719,4.7195,49.77174,2
61720,4.71944,49.77175,2
61721,4.71944,49.77175,2
61722,4.7195,49.77174,2
61723,4.71944,49.77175,2
61724,4.7195,49.77174,2
61725,4.71956,49.77172,2
61726,4.71956,49.77172,2
61727,4.71956,49.77172,2
61728,4.71956,49.77172,2
61729,4.71956,49.77172,2
61730,4.71956,49.77172,2
61731,4.71956,49.77172,2
61732,4.71956,49.77172,2
61733,4.71956,49.77172,2
61734,4.71956,49.77172,2
61735,4.71956,49.77172,2
61736,4.71956,49.77172,2
61737,4.71956,49.77172,2
61738,4.71956,49.77172,2
61739,4.71969,49.77169,2
61740,4.71969,49.77169,2
61741,4.71975,49.77168,2
61742,4.71975,49.77168,2
61743,4.71975,49.77168,2
61744,4.71981,49.77166,2
61745,4.71981,49.77166,2
61746,4.71981,49.77166,2
61747,4.71981,49.77166,2
61748,4.71981,49.77166,2
61749,4.71981,49.77166,2
61750,4.71982,49.77178,2
61751,4.71976,49.7718,2
61752,4.71976,49.7718,2
61753,4.71976,49.7718,2
61754,4.71976,49.7718,2
61755,4.71976,49.7718,2
61756,4.71947,49.77187,2
61757,4.71976,49.7718,2
61758,4.71965,49.77183,2
61759,4.71965,49.77183,2
61760,4.71965,49.77183,2
61761,4.71965,49.77183,2
61762,4.71965,49.77183,2
61763,4.71965,49.77183,2
61764,4.71959,49.77184,2
61765,4.71959,49.77184,2
61766,4.71953,49.77186,2
61767,4.71953,49.77186,2
61768,4.71953,49.77186,2
61769,4.71947,49.77187,2
61770,4.71941,49.77189,2
61771,4.7132,49.77266,2
61772,4.7133,49.77263,2
61773,4.7133,49.77263,2
61774,4.7134,49.77261,2
61775,4.7134,49.77261,2
61776,4.7135,49.77258,2
61777,4.7136,49.77255,2
61778,4.7137,49.77253,2
61779,4.7138,49.7725,2
61780,4.7138,49.7725,2
61781,4.7139,49.77247,2
61782,4.7139,49.77247,2
61783,4.7139,49.77247,2
61784,4.714,49.77245,2
61785,4.71923,49.77055,2
61786,4.71923,49.77055,2
61787,4.71923,49.77055,2
61788,4.71923,49.77055,2
61789,4.71923,49.77055,2
61790,4.7188,49.77062,2
61791,4.71858,49.77066,2
61792,4.71858,49.77066,2
61793,4.71858,49.77066,2
61794,4.71858,49.77066,2
61795,4.71837,49.7707,2
61796,4.71816,49.77074,2
61797,4.71816,49.77074,2
61798,4.71731,49.77093,2
61799,4.71773,49.77084,2
61800,4.71752,49.77088,2
61801,4.71752,49.77088,2
61802,4.71752,49.77088,2
61803,4.71752,49.77088,2
61804,4.71731,49.77093,2
61805,4.71731,49.77093,2
61806,4.71731,49.77093,2
61807,4.71731,49.77093,2
61808,4.71731,49.77093,2
61809,4.71731,49.77093,2
61810,4.71672,49.77191,2
61811,4.71537,49.77224,2
61812,4.71537,49.77224,2
61813,4.71696,49.77185,2
61814,4.71721,49.77179,2
61815,4.7152,49.77228,2
61816,4.71504,49.77232,2
61817,4.71487,49.77236,2
61818,4.71487,49.77236,2
61819,4.7147,49.7724,2
61820,4.7147,49.7724,2
61821,4.7147,49.7724,2
61822,4.71453,49.77244,2
61823,4.71436,49.77248,2
61824,4.71453,49.77244,2
61825,4.71453,49.77244,2
61826,4.71453,49.77244,2
61827,4.71453,49.77244,2
61828,4.71385,49.77261,2
61829,4.71923,49.77055,2
61830,4.71453,49.77244,2
61831,4.71385,49.77261,2
61832,4.71367,49.77266,2
61833,4.71349,49.77271,2
61834,4.71332,49.77275,2
61835,4.7142,49.77252,2
61836,4.7142,49.77252,2
61837,4.7142,49.77252,2
61838,4.7142,49.77252,2
61839,4.7142,49.77252,2
61840,4.7142,49.77252,2
61841,4.71403,49.77257,2
61842,4.7142,49.77252,2
61843,4.71407,49.77265,2
61844,4.71407,49.77265,2
61845,4.71407,49.77265,2
61846,4.71648,49.77197,2
61847,4.7142,49.77252,2
61848,4.71648,49.77197,2
61849,4.71648,49.77197,2
61850,4.71422,49.77256,2
61851,4.7141,49.77236,2
61852,4.71648,49.77197,2
61853,4.71648,49.77197,2
61854,4.71648,49.77197,2
61855,4.71648,49.77197,2
61856,4.71648,49.77197,2
61857,4.71648,49.77197,2
61858,4.71648,49.77197,2
61859,4.71648,49.77197,2
61860,4.71648,49.77197,2
61861,4.71648,49.77197,2
61862,4.71648,49.77197,2
61863,4.71648,49.77197,2
61864,4.71648,49.77197,2
61865,4.71648,49.77197,2
61866,4.71648,49.77197,2
61867,4.71579,49.77233,2
61868,4.71579,49.77233,2
61869,4.71579,49.77233,2
61870,4.71579,49.77233,2
61871,4.71579,49.77233,2
61872,4.71579,49.77233,2
61873,4.7188,49.77062,2
61874,4.71579,49.77233,2
61875,4.71579,49.77233,2
61876,4.71959,49.77184,2
61877,4.71579,49.77233,2
61878,4.71579,49.77233,2
61879,4.71579,49.77233,2
61880,4.71579,49.77233,2
61881,4.71579,49.77233,2
61882,4.71579,49.77233,2
61883,4.7191,49.76014,2
61884,4.71579,49.77233,2
61885,4.71579,49.77233,2
61886,4.71753,49.77238,2
61887,4.71753,49.77238,2
61888,4.71753,49.77238,2
61889,4.71753,49.77238,2
61890,4.71753,49.77238,2
61891,4.71753,49.77238,2
61892,4.71753,49.77238,2
61893,4.71753,49.77238,2
61894,4.71753,49.77238,2
61895,4.71753,49.77238,2
61896,4.71753,49.77238,2
61897,4.71753,49.77238,2
61898,4.71753,49.77238,2
61899,4.71753,49.77238,2
61900,4.71753,49.77238,2
61901,4.71753,49.77238,2
61902,4.71753,49.77238,2
61903,4.71753,49.77238,2
61904,4.71753,49.77238,2
61905,4.71753,49.77238,2
61906,4.71753,49.77238,2
61907,4.71753,49.77238,2
61908,4.71894,49.77188,2
61909,4.71753,49.77238,2
61910,4.71894,49.77188,2
61911,4.71753,49.77238,2
61912,4.719,49.77186,2
61913,4.71753,49.77238,2
61914,4.71907,49.77185,2
61915,4.71907,49.77185,2
61916,4.71753,49.77238,2
61917,4.71913,49.77183,2
61918,4.71753,49.77238,2
61919,4.71913,49.77183,2
61920,4.71919,49.77182,2
61921,4.71753,49.77238,2
61922,4.71919,49.77182,2
61923,4.71753,49.77238,2
61924,4.71919,49.77182,2
61925,4.71753,49.77238,2
61926,4.71925,49.7718,2
61927,4.71753,49.77238,2
61928,4.71938,49.77177,2
61929,4.71753,49.77238,2
61930,4.71944,49.77175,2
61931,4.71753,49.77238,2
61932,4.71944,49.77175,2
61933,4.7195,49.77174,2
61934,4.71753,49.77238,2
61935,4.71956,49.77172,2
61936,4.71753,49.77238,2
61937,4.71956,49.77172,2
61938,4.71753,49.77238,2
61939,4.71956,49.77172,2
61940,4.71963,49.77171,2
61941,4.71753,49.77238,2
61942,4.71969,49.77169,2
61943,4.71753,49.77238,2
61944,4.71969,49.77169,2
61945,4.71753,49.77238,2
61946,4.71975,49.77168,2
61947,4.71975,49.77168,2
61948,4.71753,49.77238,2
61949,4.71981,49.77166,2
61950,4.71753,49.77238,2
61951,4.71982,49.77178,2
61952,4.71976,49.7718,2
61953,4.71753,49.77238,2
61954,4.71976,49.7718,2
61955,4.71407,49.77265,2
61956,4.7197,49.77181,2
61957,4.71753,49.77238,2
61958,4.71753,49.77238,2
61959,4.71753,49.77238,2
61960,4.71959,49.77184,2
61961,4.71753,49.77238,2
61962,4.71959,49.77184,2
61963,4.71753,49.77238,2
61964,4.71953,49.77186,2
61965,4.71947,49.77187,2
61966,4.71753,49.77238,2
61967,4.71935,49.7719,2
61968,4.71753,49.77238,2
61969,4.71935,49.7719,2
61970,4.71753,49.77238,2
61971,4.71714,49.77235,2
61972,4.71714,49.77235,2
61973,4.71923,49.77055,2
61974,4.71714,49.77235,2
61975,4.71714,49.77235,2
61976,4.71714,49.77235,2
61977,4.71923,49.77055,2
61978,4.71714,49.77235,2
61979,4.71858,49.77066,2
61980,4.71714,49.77235,2
61981,4.71714,49.77235,2
61982,4.71731,49.77093,2
61983,4.71714,49.77235,2
61984,4.71714,49.77235,2
61985,4.7147,49.7724,2
61986,4.7142,49.77252,2
61987,4.71714,49.77235,2
61988,4.71407,49.77265,2
61989,4.71648,49.77197,2
61990,4.71714,49.77235,2
61991,4.71648,49.77197,2
61992,4.71648,49.77197,2
61993,4.71714,49.77235,2
61994,4.71579,49.77233,2
61995,4.71579,49.77233,2
61996,4.71714,49.77235,2
61997,4.71579,49.77233,2
61998,4.71714,49.77235,2
61999,4.71753,49.77238,2
62000,4.71714,49.77235,2
62001,4.71714,49.77235,2
62002,4.71733,49.77231,2
62003,4.71724,49.77233,2
62004,4.71714,49.77235,2
62005,4.71705,49.77238,2
62006,4.71714,49.77235,2
62007,4.71714,49.77235,2
62008,4.71714,49.77235,2
62009,4.71714,49.77235,2
62010,4.71714,49.77235,2
62011,4.71714,49.77235,2
62012,4.71292,49.77271,2
62013,4.71292,49.77271,2
62014,4.71292,49.77271,2
62015,4.71292,49.77271,2
62016,4.71292,49.77271,2
62017,4.71292,49.77271,2
62018,4.71292,49.77271,2
62019,4.71292,49.77271,2
62020,4.71292,49.77271,2
62021,4.71292,49.77271,2
62022,4.71292,49.77271,2
62023,4.71292,49.77271,2
62024,4.71292,49.77271,2
62025,4.71292,49.77271,2
62026,4.71292,49.77271,2
62027,4.71292,49.77271,2
62028,4.71292,49.77271,2
62029,4.71292,49.77271,2
62030,4.71292,49.77271,2
62031,4.71292,49.77271,2
62032,4.71292,49.77271,2
62033,4.71292,49.77271,2
62034,4.71292,49.77271,2
62035,4.71292,49.77271,2
62036,4.71292,49.77271,2
62037,4.71292,49.77271,2
62038,4.71292,49.77271,2
62039,4.71292,49.77271,2
62040,4.71292,49.77271,2
62041,4.71292,49.77271,2
62042,4.71292,49.77271,2
62043,4.71292,49.77271,2
62044,4.71292,49.77271,2
62045,4.71292,49.77271,2
62046,4.71292,49.77271,2
62047,4.71292,49.77271,2
62048,4.71292,49.77271,2
62049,4.71292,49.77271,2
62050,4.71292,49.77271,2
62051,4.71292,49.77271,2
62052,4.71292,49.77271,2
62053,4.71292,49.77271,2
62054,4.71292,49.77271,2
62055,4.71292,49.77271,2
62056,4.71292,49.77271,2
62057,4.71292,49.77271,2
62058,4.71292,49.77271,2
62059,4.71292,49.77271,2
62060,4.71292,49.77271,2
62061,4.71292,49.77271,2
62062,4.71292,49.77271,2
62063,4.71292,49.77271,2
62064,4.71292,49.77271,2
62065,4.71292,49.77271,2
62066,4.71292,49.77271,2
62067,4.71292,49.77271,2
62068,4.71292,49.77271,2
62069,4.71292,49.77271,2
62070,4.71292,49.77271,2
62071,4.71292,49.77271,2
62072,4.71292,49.77271,2
62073,4.71292,49.77271,2
62074,4.71292,49.77271,2
62075,4.71965,49.77183,2
62076,4.71292,49.77271,2
62077,4.71292,49.77271,2
62078,4.71292,49.77271,2
62079,4.71965,49.77183,2
62080,4.71292,49.77271,2
62081,4.71965,49.77183,2
62082,4.71292,49.77271,2
62083,4.71965,49.77183,2
62084,4.71292,49.77271,2
62085,4.71965,49.77183,2
62086,4.71292,49.77271,2
62087,4.71965,49.77183,2
62088,4.71292,49.77271,2
62089,4.71965,49.77183,2
62090,4.71292,49.77271,2
62091,4.71292,49.77271,2
62092,4.71292,49.77271,2
62093,4.71292,49.77271,2
62094,4.71965,49.77183,2
62095,4.7188,49.77062,2
62096,4.7197,49.77181,2
62097,4.7188,49.77062,2
62098,4.71753,49.77238,2
62099,4.71753,49.77238,2
62100,4.71753,49.77238,2
62101,4.71753,49.77238,2
62102,4.71753,49.77238,2
62103,4.71753,49.77238,2
62104,4.71753,49.77238,2
62105,4.71753,49.77238,2
62106,4.71753,49.77238,2
62107,4.71753,49.77238,2
62108,4.71753,49.77238,2
62109,4.71753,49.77238,2
62110,4.71894,49.77188,2
62111,4.71714,49.77235,2
62112,4.71714,49.77235,2
62113,4.71894,49.77188,2
62114,4.71714,49.77235,2
62115,4.71714,49.77235,2
62116,4.71894,49.77188,2
62117,4.71953,49.77186,2
62118,4.71714,49.77235,2
62119,4.71714,49.77235,2
62120,4.71894,49.77188,2
62121,4.71894,49.77188,2
62122,4.71894,49.77188,2
62123,4.71894,49.77188,2
62124,4.71894,49.77188,2
62125,4.71894,49.77188,2
62126,4.71894,49.77188,2
62127,4.719,49.77186,2
62128,4.719,49.77186,2
62129,4.719,49.77186,2
62130,4.719,49.77186,2
62131,4.719,49.77186,2
62132,4.719,49.77186,2
62133,4.71907,49.77185,2
62134,4.71907,49.77185,2
62135,4.71907,49.77185,2
62136,4.71907,49.77185,2
62137,4.71907,49.77185,2
62138,4.71913,49.77183,2
62139,4.71907,49.77185,2
62140,4.71913,49.77183,2
62141,4.71913,49.77183,2
62142,4.71907,49.77185,2
62143,4.71913,49.77183,2
62144,4.71913,49.77183,2
62145,4.71648,49.77197,2
62146,4.71913,49.77183,2
62147,4.71648,49.77197,2
62148,4.71907,49.77185,2
62149,4.71648,49.77197,2
62150,4.71913,49.77183,2
62151,4.71913,49.77183,2
62152,4.71913,49.77183,2
62153,4.719,49.77186,2
62154,4.71913,49.77183,2
62155,4.71913,49.77183,2
62156,4.71919,49.77182,2
62157,4.71919,49.77182,2
62158,4.71919,49.77182,2
62159,4.71919,49.77182,2
62160,4.71919,49.77182,2
62161,4.71919,49.77182,2
62162,4.71919,49.77182,2
62163,4.71919,49.77182,2
62164,4.71919,49.77182,2
62165,4.71919,49.77182,2
62166,4.71925,49.7718,2
62167,4.71925,49.7718,2
62168,4.71925,49.7718,2
62169,4.71925,49.7718,2
62170,4.795498,49.781075,2
62171,4.795237,49.781422,2
62172,4.795237,49.781413,2
62173,4.795103,49.781811,2
62174,4.795135,49.7819,2
62175,4.791869,49.788964,2
62176,4.78281,49.78196,2
62177,4.795135,49.7819,2
62178,4.795103,49.781811,2
62179,4.80106,49.77793,2
62180,4.795103,49.781811,2
62181,4.795257,49.782122,2
62182,4.795287,49.782175,2
62183,4.795634,49.782743,2
62184,4.795634,49.782743,2
62185,4.79382,49.77951,2
62186,4.79598,49.783302,2
62187,4.79598,49.783302,2
62188,4.79598,49.783302,2
62189,4.79598,49.783302,2
62190,4.79598,49.783302,2
62191,4.796581,49.78453,2
62192,4.79642,49.784084,2
62193,4.796581,49.78453,2
62194,4.796581,49.78453,2
62195,4.796282,49.783817,2
62196,4.79642,49.784084,2
62197,4.79642,49.784084,2
62198,4.79642,49.784084,2
62199,4.79642,49.784084,2
62200,4.79646,49.77917,2
62201,4.796282,49.783817,2
62202,4.796131,49.783551,2
62203,4.79598,49.783302,2
62204,4.79598,49.783302,2
62205,4.79698,49.78136,2
62206,4.7962,49.78247,2
62207,4.79643,49.78187,2
62208,4.79804,49.78099,2
62209,4.79593,49.78263,2
62210,4.79895,49.78093,2
62211,4.79855,49.78095,2
62212,4.79855,49.78095,2
62213,4.79855,49.78095,2
62214,4.79855,49.78095,2
62215,4.79091,49.7968,2
62216,4.80149,49.78068,2
62217,4.80149,49.78068,2
62218,4.80251,49.78077,2
62219,4.797,49.78113,2
62220,4.7972,49.78075,2
62221,4.78848,49.78123,2
62222,4.79757,49.7808,2
62223,4.79734,49.78068,2
62224,4.79695,49.78045,2
62225,4.80392,49.7769,2
62226,4.796509,49.780471,2
62227,4.79677,49.7805,2
62228,4.80199,49.78084,2
62229,4.80072,49.78077,2
62230,4.80057,49.78066,2
62231,4.79855,49.78095,2
62232,4.79658,49.780496,2
62233,4.79639,49.78025,2
62234,4.79639,49.78025,2
62235,4.79639,49.78025,2
62236,4.79639,49.78025,2
62237,4.79639,49.78025,2
62238,4.79596,49.78043,2
62239,4.79561,49.78076,2
62240,4.79593,49.78048,2
62241,4.79586,49.78057,2
62242,4.79577,49.78072,2
62243,4.79567,49.78087,2
62244,4.79561,49.78076,2
62245,4.79557,49.78101,2
62246,4.79855,49.78095,2
62247,4.795641,49.780874,2
62248,4.79639,49.78025,2
62249,4.79708,49.78004,2
62250,4.79658,49.780496,2
62251,4.79639,49.78025,2
62252,4.79716,49.77976,2
62253,4.79146,49.7795,2
62254,4.79716,49.77976,2
62255,4.7975,49.77987,2
62256,4.7977,49.78022,2
62257,4.79716,49.77976,2
62258,4.79825,49.78042,2
62259,4.79784,49.78001,2
62260,4.79786,49.78012,2
62261,4.79788,49.78024,2
62262,4.79509,49.77723,2
62263,4.79786,49.78055,2
62264,4.79777,49.78079,2
62265,4.793012,49.781305,2
62266,4.7979,49.78036,2
62267,4.79782,49.77989,2
62268,4.79754,49.77976,2
62269,4.79644,49.779,2
62270,4.79738,49.7797,2
62271,4.79735,49.77955,2
62272,4.79717,49.77964,2
62273,4.79717,49.77949,2
62274,4.79717,49.77933,2
62275,4.79735,49.77943,2
62276,4.79735,49.77931,2
62277,4.79738,49.7792,2
62278,4.80392,49.7769,2
62279,4.80392,49.7769,2
62280,4.80392,49.7769,2
62281,4.79747,49.77906,2
62282,4.80392,49.7769,2
62283,4.80392,49.7769,2
62284,4.8003,49.77797,2
62285,4.80099,49.77782,2
62286,4.79715,49.77922,2
62287,4.80392,49.7769,2
62288,4.80392,49.7769,2
62289,4.80036,49.77808,2
62290,4.79662,49.77895,2
62291,4.80388,49.77684,2
62292,4.80392,49.7769,2
62293,4.8067,49.77572,2
62294,4.79664,49.77912,2
62295,4.80392,49.7769,2
62296,4.80392,49.7769,2
62297,4.80229,49.77742,2
62298,4.79665,49.7792,2
62299,4.79665,49.7792,2
62300,4.79704,49.77972,2
62301,4.79693,49.77968,2
62302,4.7944,49.77471,2
62303,4.79681,49.77964,2
62304,4.7967,49.77961,2
62305,4.79658,49.77957,2
62306,4.79644,49.77958,2
62307,4.79613,49.77964,2
62308,4.79613,49.77981,2
62309,4.79607,49.78027,2
62310,4.79605,49.78011,2
62311,4.79315,49.78142,2
62312,4.79566,49.77875,2
62313,4.79855,49.78095,2
62314,4.79855,49.78095,2
62315,4.79855,49.78095,2
62316,4.79855,49.78095,2
62317,4.79933,49.7807,2
62318,4.7994,49.78056,2
62319,4.79941,49.78042,2
62320,4.79939,49.78028,2
62321,4.79938,49.78014,2
62322,4.792572,49.782841,2
62323,4.79936,49.78,2
62324,4.79935,49.77986,2
62325,4.79934,49.77971,2
62326,4.79952,49.77973,2
62327,4.79518,49.77953,2
62328,4.79954,49.77993,2
62329,4.79956,49.78013,2
62330,4.79958,49.78032,2
62331,4.79959,49.78052,2
62332,4.79951,49.78071,2
62333,4.794826,49.776076,2
62334,4.79503,49.775694,2
62335,4.795003,49.775434,2
62336,4.794865,49.77515,2
62337,4.794747,49.775008,2
62338,4.78281,49.78196,2
62339,4.794415,49.774745,2
62340,4.79605,49.78011,2
62341,4.794383,49.774935,2
62342,4.794265,49.774793,2
62343,4.79482,49.775088,2
62344,4.795021,49.775506,2
62345,4.794928,49.775876,2
62346,4.794941,49.775876,2
62347,4.794383,49.774935,2
62348,4.794251,49.774803,2
62349,4.794373,49.774728,2
62350,4.79717,49.77964,2
62351,4.794516,49.774815,2
62352,4.794747,49.775008,2
62353,4.796282,49.780071,2
62354,4.795038,49.775577,2
62355,4.79498,49.775812,2
62356,4.79596,49.78043,2
62357,4.79596,49.78043,2
62358,4.79596,49.78043,2
62359,4.79596,49.78043,2
62360,4.79596,49.78043,2
62361,4.79646,49.77917,2
62362,4.79652,49.78185,2
62363,4.79087,49.792138,2
62364,4.79176,49.78796,2
62365,4.79734,49.78068,2
62366,4.79557,49.77877,2
62367,4.792689,49.781806,2
62368,4.78281,49.78196,2
62369,4.79695,49.78045,2
62370,4.78281,49.78196,2
62371,4.78702,49.78156,2
62372,4.79034,49.77268,2
62373,4.78281,49.78196,2
62374,4.803,49.77727,2
62375,4.79358,49.77416,2
62376,4.79557,49.78101,2
62377,4.79557,49.78101,2
62378,4.79557,49.78101,2
62379,4.79501,49.77686,2
62380,4.78281,49.78196,2
62381,4.79146,49.7795,2
62382,4.79583,49.77944,2
62383,4.79579,49.78039,2
62384,4.79576,49.78043,2
62385,4.79176,49.78796,2
62386,4.79488,49.78045,2
62387,4.795143,49.781478,2
62388,4.795634,49.782743,2
62389,4.79977,49.78071,2
62390,4.79965,49.78083,2
62391,4.79773,49.77989,2
62392,4.80291,49.77717,2
62393,4.80392,49.7769,2
62394,4.78281,49.78196,2
62395,4.796056,49.783435,2
62396,4.79034,49.77268,2
62397,4.79307,49.77424,2
62398,4.79206,49.77311,2
62399,4.79358,49.77416,2
62400,4.79379,49.77504,2
62401,4.79417,49.7755,2
62402,4.79522,49.77701,2
62403,4.79436,49.77573,2
62404,4.79492,49.77649,2
62405,4.79501,49.77686,2
62406,4.79501,49.77686,2
62407,4.79613,49.77964,2
62408,4.79455,49.77592,2
62409,4.79455,49.77592,2
62410,4.79518,49.77759,2
62411,4.79526,49.77796,2
62412,4.79557,49.77877,2
62413,4.79557,49.77877,2
62414,4.79557,49.77877,2
62415,4.79557,49.77877,2
62416,4.79533,49.77822,2
62417,4.78281,49.78196,2
62418,4.79548,49.77877,2
62419,4.79539,49.77846,2
62420,4.79539,49.77846,2
62421,4.79557,49.77908,2
62422,4.79501,49.77686,2
62423,4.79558,49.77923,2
62424,4.79558,49.77923,2
62425,4.79548,49.77931,2
62426,4.79538,49.77939,2
62427,4.79536,49.77929,2
62428,4.79427,49.77936,2
62429,4.79523,49.77938,2
62430,4.79528,49.77945,2
62431,4.79526,49.77941,2
62432,4.7953,49.77948,2
62433,4.79513,49.77947,2
62434,4.7947,49.77943,2
62435,4.79716,49.77976,2
62436,4.79497,49.77945,2
62437,4.79433,49.77928,2
62438,4.79412,49.77944,2
62439,4.79579,49.783,2
62440,4.79396,49.77935,2
62441,4.79397,49.77953,2
62442,4.79396,49.77935,2
62443,4.79437,49.77959,2
62444,4.79316,49.77915,2
62445,4.79297,49.77802,2
62446,4.7929,49.7781,2
62447,4.7928,49.77753,2
62448,4.79518,49.77953,2
62449,4.79277,49.77734,2
62450,4.79287,49.77791,2
62451,4.78955,49.78031,2
62452,4.792579,49.782985,2
62453,4.79285,49.77868,2
62454,4.79266,49.78369,2
62455,4.79288,49.77849,2
62456,4.79292,49.77829,2
62457,4.79282,49.77887,2
62458,4.795609,49.778791,2
62459,4.79301,49.77922,2
62460,4.7929,49.77911,2
62461,4.79598,49.783302,2
62462,4.78281,49.78196,2
62463,4.78281,49.78196,2
62464,4.79598,49.783302,2
62465,4.78882,49.78088,2
62466,4.79284,49.77772,2
62467,4.78281,49.78196,2
62468,4.79146,49.7795,2
62469,4.79248,49.77935,2
62470,4.78281,49.78196,2
62471,4.78281,49.78196,2
62472,4.79316,49.77931,2
62473,4.78285,49.78203,2
62474,4.79146,49.7795,2
62475,4.79344,49.77944,2
62476,4.79146,49.7795,2
62477,4.78281,49.78196,2
62478,4.79146,49.7795,2
62479,4.79344,49.77944,2
62480,4.79374,49.78007,2
62481,4.79374,49.78007,2
62482,4.79371,49.77968,2
62483,4.7938,49.77991,2
62484,4.79401,49.77995,2
62485,4.79397,49.78006,2
62486,4.78281,49.78196,2
62487,4.79423,49.77998,2
62488,4.79431,49.77997,2
62489,4.79444,49.77987,2
62490,4.79462,49.77963,2
62491,4.79413,49.77955,2
62492,4.79458,49.77995,2
62493,4.79445,49.78005,2
62494,4.78956,49.78049,2
62495,4.79469,49.77963,2
62496,4.79474,49.77974,2
62497,4.79557,49.77877,2
62498,4.79474,49.77974,2
62499,4.79453,49.77977,2
62500,4.79429,49.77958,2
62501,4.79445,49.7796,2
62502,4.79461,49.77962,2
62503,4.7944,49.77471,2
62504,4.79535,49.77955,2
62505,4.79554,49.77944,2
62506,4.79569,49.77932,2
62507,4.79488,49.77992,2
62508,4.79591,49.78022,2
62509,4.79588,49.78027,2
62510,4.79585,49.78031,2
62511,4.79576,49.78043,2
62512,4.7954,49.78052,2
62513,4.79461,49.78031,2
62514,4.795,49.78043,2
62515,4.79353,49.77969,2
62516,4.79353,49.77969,2
62517,4.79349,49.78077,2
62518,4.794006,49.780342,2
62519,4.79279,49.781597,2
62520,4.793843,49.780426,2
62521,4.792764,49.781642,2
62522,4.792739,49.781697,2
62523,4.79302,49.77249,2
62524,4.79277,49.78175,2
62525,4.79266,49.78201,2
62526,4.79644,49.779,2
62527,4.792638,49.781906,2
62528,4.792629,49.781996,2
62529,4.792617,49.78205,2
62530,4.797238,49.77918,2
62531,4.792572,49.782841,2
62532,4.79283,49.78211,2
62533,4.792593,49.782122,2
62534,4.792882,49.781487,2
62535,4.792868,49.781497,2
62536,4.79265,49.781869,2
62537,4.792868,49.781497,2
62538,4.79129,49.78601,2
62539,4.79176,49.78796,2
62540,4.791623,49.789616,2
62541,4.79466,49.78045,2
62542,4.792701,49.78177,2
62543,4.790712,49.792608,2
62544,4.79129,49.790189,2
62545,4.79488,49.77992,2
62546,4.793012,49.781305,2
62547,4.791077,49.793841,2
62548,4.79092,49.793466,2
62549,4.792571,49.782239,2
62550,4.79488,49.77992,2
62551,4.79432,49.78036,2
62552,4.79488,49.77992,2
62553,4.79265,49.781869,2
62554,4.79488,49.77992,2
62555,4.795,49.78055,2
62556,4.79488,49.77992,2
62557,4.79534,49.78064,2
62558,4.79569,49.78057,2
62559,4.80392,49.7769,2
62560,4.79302,49.77249,2
62561,4.79447,49.7804,2
62562,4.79425,49.78034,2
62563,4.79555,49.78075,2
62564,4.796705,49.784815,2
62565,4.795511,49.781057,2
62566,4.795498,49.781075,2
62567,4.43652,49.87239,2
62568,4.42917,49.88145,2
62569,4.42912,49.86842,2
62570,4.42912,49.86842,2
62571,4.43492,49.86559,2
62572,4.43492,49.86559,2
62573,4.42662,49.86793,2
62574,4.43652,49.87239,2
62575,4.43038,49.86598,2
62576,4.42917,49.88145,2
62577,4.43172,49.87019,2
62578,4.43428,49.8695,2
62579,4.43578,49.87122,2
62580,4.43652,49.87239,2
62581,4.43652,49.87239,2
62582,4.436517,49.870928,2
62583,4.43696,49.871217,2
62584,4.438471,49.872134,2
62585,4.436626,49.871213,2
62586,4.43652,49.87196,2
62587,4.43658,49.87229,2
62588,4.4367,49.87295,2
62589,4.43566,49.87515,2
62590,4.43566,49.87515,2
62591,4.43566,49.87515,2
62592,4.43566,49.87515,2
62593,4.43652,49.87239,2
62594,4.43652,49.87239,2
62595,4.43643,49.87246,2
62596,4.43583,49.87424,2
62597,4.43634,49.87355,2
62598,4.43618,49.8735,2
62599,4.43567,49.87419,2
62600,4.42986,49.88412,2
62601,4.42988,49.8837,2
62602,4.42986,49.88412,2
62603,4.42986,49.88412,2
62604,4.43492,49.86559,2
62605,4.42986,49.88412,2
62606,4.42955,49.8831,2
62607,4.42857,49.87996,2
62608,4.425739,49.88358,2
62609,4.42917,49.88145,2
62610,4.426897,49.880623,2
62611,4.42657,49.88247,2
62612,4.425739,49.88358,2
62613,4.42657,49.88247,2
62614,4.425739,49.88358,2
62615,4.425657,49.883267,2
62616,4.418047,49.882086,2
62617,4.420044,49.882663,2
62618,4.41833,49.885935,2
62619,4.41833,49.885935,2
62620,4.42956,49.87172,2
62621,4.421026,49.887272,2
62622,4.419976,49.889131,2
62623,4.42782,49.86926,2
62624,4.418651,49.890043,2
62625,4.413988,49.870533,2
62626,4.414848,49.870474,2
62627,4.409968,49.870773,2
62628,4.405928,49.870877,2
62629,4.41001,49.87063,2
62630,4.409968,49.870773,2
62631,4.404445,49.870966,2
62632,4.409493,49.868993,2
62633,4.42917,49.88145,2
62634,4.407911,49.868032,2
62635,4.43492,49.86559,2
62636,4.414801,49.854739,2
62637,4.419645,49.851566,2
62638,4.43492,49.86559,2
62639,4.419645,49.851566,2
62640,4.426391,49.851791,2
62641,4.419532,49.887459,2
62642,4.426969,49.852329,2
62643,4.42883,49.86578,2
62644,4.429811,49.854194,2
62645,4.43207,49.90302,2
62646,4.43207,49.90302,2
62647,4.43207,49.90302,2
62648,4.43207,49.90302,2
62649,4.43207,49.90302,2
62650,4.43207,49.90302,2
62651,4.43652,49.87239,2
62652,4.467189,49.901777,2
62653,4.467611,49.898913,2
62654,4.467189,49.901777,2
62655,4.42979,49.86779,2
62656,4.42966,49.86777,2
62657,4.42953,49.86776,2
62658,4.4294,49.86775,2
62659,4.42913,49.86815,2
62660,4.42924,49.86802,2
62661,4.4294,49.86804,2
62662,4.42919,49.86816,2
62663,4.42919,49.86816,2
62664,4.42973,49.86806,2
62665,4.42992,49.86795,2
62666,4.42989,49.86817,2
62667,4.4299,49.86807,2
62668,4.42988,49.86828,2
62669,4.42987,49.86838,2
62670,4.42982,49.86787,2
62671,4.42971,49.86822,2
62672,4.42912,49.86842,2
62673,4.4291,49.86856,2
62674,4.42943,49.8684,2
62675,4.42943,49.8684,2
62676,4.43492,49.86559,2
62677,4.42943,49.8684,2
62678,4.43492,49.86559,2
62679,4.42823,49.86831,2
62680,4.42855,49.86835,2
62681,4.42887,49.86839,2
62682,4.42921,49.86843,2
62683,4.42894,49.86841,2
62684,4.42904,49.86849,2
62685,4.42892,49.86855,2
62686,4.42891,49.86893,2
62687,4.42845,49.86872,2
62688,4.42891,49.86893,2
62689,4.42914,49.8687,2
62690,4.42914,49.8687,2
62691,4.42944,49.86872,2
62692,4.42974,49.86873,2
62693,4.42983,49.86854,2
62694,4.42904,49.86849,2
62695,4.42904,49.86849,2
62696,4.42904,49.86849,2
62697,4.42904,49.86849,2
62698,4.42986,49.86839,2
62699,4.43014,49.86857,2
62700,4.43652,49.87239,2
62701,4.43118,49.86816,2
62702,4.43652,49.87239,2
62703,4.43652,49.87239,2
62704,4.43652,49.87239,2
62705,4.43652,49.87239,2
62706,4.43652,49.87239,2
62707,4.43652,49.87239,2
62708,4.43652,49.87239,2
62709,4.43652,49.87239,2
62710,4.43652,49.87239,2
62711,4.43652,49.87239,2
62712,4.43652,49.87239,2
62713,4.43652,49.87239,2
62714,4.43652,49.87239,2
62715,4.43315,49.86843,2
62716,4.4333,49.86851,2
62717,4.43377,49.869,2
62718,4.43413,49.86813,2
62719,4.4351,49.86754,2
62720,4.43318,49.8686,2
62721,4.43219,49.86854,2
62722,4.43286,49.8685,2
62723,4.43253,49.86852,2
62724,4.43112,49.86821,2
62725,4.43112,49.86821,2
62726,4.43216,49.86896,2
62727,4.43203,49.86873,2
62728,4.43196,49.86884,2
62729,4.43175,49.86873,2
62730,4.43155,49.86862,2
62731,4.42719,49.86936,2
62732,4.42722,49.86918,2
62733,4.42725,49.86899,2
62734,4.42727,49.86878,2
62735,4.42729,49.86854,2
62736,4.42732,49.86812,2
62737,4.42735,49.86802,2
62738,4.42754,49.86798,2
62739,4.42745,49.86761,2
62740,4.42741,49.8677,2
62741,4.42739,49.86781,2
62742,4.42752,49.86742,2
62743,4.42748,49.86751,2
62744,4.42755,49.86732,2
62745,4.42761,49.86766,2
62746,4.42726,49.86731,2
62747,4.42744,49.8672,2
62748,4.42728,49.86719,2
62749,4.42712,49.86719,2
62750,4.42696,49.86718,2
62751,4.43053,49.86752,2
62752,4.42742,49.86513,2
62753,4.42697,49.86652,2
62754,4.42662,49.86793,2
62755,4.42662,49.86793,2
62756,4.42662,49.86793,2
62757,4.42774,49.86729,2
62758,4.42774,49.86729,2
62759,4.43391,49.86893,2
62760,4.42777,49.86721,2
62761,4.43802,49.8718,2
62762,4.42722,49.86918,2
62763,4.4277,49.86683,2
62764,4.41833,49.885935,2
62765,4.409968,49.870773,2
62766,4.42744,49.86796,2
62767,4.405928,49.870877,2
62768,4.42788,49.86685,2
62769,4.407911,49.868032,2
62770,4.42793,49.86667,2
62771,4.414733,49.854416,2
62772,4.42798,49.8665,2
62773,4.414671,49.853591,2
62774,4.43652,49.87239,2
62775,4.42802,49.86629,2
62776,4.419645,49.851566,2
62777,4.42819,49.8661,2
62778,4.426391,49.851791,2
62779,4.42852,49.86581,2
62780,4.43207,49.90302,2
62781,4.43359,49.86821,2
62782,4.417535,49.900112,2
62783,4.43361,49.86748,2
62784,4.43207,49.90302,2
62785,4.43346,49.86711,2
62786,4.447044,49.904544,2
62787,4.42662,49.86793,2
62788,4.43389,49.86693,2
62789,4.46749,49.9021,2
62790,4.43421,49.8668,2
62791,4.467611,49.898913,2
62792,4.43444,49.86673,2
62793,4.43492,49.86559,2
62794,4.43468,49.86665,2
62795,4.46749,49.9021,2
62796,4.43491,49.86658,2
62797,4.42904,49.86849,2
62798,4.43514,49.8665,2
62799,4.42956,49.86805,2
62800,4.43358,49.86692,2
62801,4.43425,49.86666,2
62802,4.42892,49.86855,2
62803,4.43537,49.86643,2
62804,4.42774,49.86729,2
62805,4.43567,49.86633,2
62806,4.42744,49.86796,2
62807,4.43591,49.86625,2
62808,4.43493,49.86565,2
62809,4.43615,49.86616,2
62810,4.43609,49.866,2
62811,4.43594,49.86585,2
62812,4.43603,49.8662,2
62813,4.43579,49.86629,2
62814,4.43585,49.86596,2
62815,4.43587,49.86613,2
62816,4.43475,49.86656,2
62817,4.43556,49.86624,2
62818,4.43517,49.86636,2
62819,4.428669,49.880449,2
62820,4.43471,49.86651,2
62821,4.43554,49.86637,2
62822,4.43327,49.86823,2
62823,4.43633,49.870761,2
62824,4.43652,49.87239,2
62825,4.43207,49.90302,2
62826,4.43207,49.90302,2
62827,4.43038,49.86598,2
62828,4.43207,49.90302,2
62829,4.42917,49.88145,2
62830,4.42974,49.86873,2
62831,4.42917,49.88145,2
62832,4.7925,49.70501,2
62833,4.78722,49.70525,2
62834,4.7925,49.70501,2
62835,4.797366,49.701787,2
62836,4.79176,49.70381,2
62837,4.7925,49.70501,2
62838,4.777045,49.713078,2
62839,4.7925,49.70501,2
62840,4.7925,49.70501,2
62841,4.7925,49.70501,2
62842,4.7925,49.70501,2
62843,4.7925,49.70501,2
62844,4.7925,49.70501,2
62845,4.7965,49.70333,2
62846,4.78761,49.7016,2
62847,4.79726,49.70281,2
62848,4.79561,49.70376,2
62849,4.79726,49.70281,2
62850,4.79688,49.70307,2
62851,4.79568,49.70387,2
62852,4.79496,49.70417,2
62853,4.79502,49.70422,2
62854,4.79522,49.70396,2
62855,4.79534,49.70405,2
62856,4.79491,49.70413,2
62857,4.795238,49.705334,2
62858,4.79592,49.70434,2
62859,4.795238,49.705334,2
62860,4.79592,49.70434,2
62861,4.79421,49.70453,2
62862,4.794981,49.705465,2
62863,4.79421,49.70453,2
62864,4.79596,49.70148,2
62865,4.7947,49.70438,2
62866,4.795751,49.705063,2
62867,4.79605,49.70355,2
62868,4.795751,49.705063,2
62869,4.79377,49.70483,2
62870,4.794612,49.705563,2
62871,4.79334,49.70513,2
62872,4.795318,49.70527,2
62873,4.79301,49.70539,2
62874,4.79434,49.70461,2
62875,4.795238,49.705334,2
62876,4.7939,49.70491,2
62877,4.795238,49.705334,2
62878,4.79679,49.70331,2
62879,4.79596,49.70148,2
62880,4.798684,49.702102,2
62881,4.7971,49.70309,2
62882,4.795238,49.705334,2
62883,4.79279,49.7056,2
62884,4.795751,49.705063,2
62885,4.79643,49.70351,2
62886,4.79606,49.70369,2
62887,4.794626,49.705562,2
62888,4.79742,49.70287,2
62889,4.79268,49.7004,2
62890,4.79742,49.70287,2
62891,4.79051,49.70358,2
62892,4.79496,49.70417,2
62893,4.79051,49.70358,2
62894,4.7925,49.70599,2
62895,4.79408,49.70062,2
62896,4.79742,49.70287,2
62897,4.79408,49.70062,2
62898,4.79258,49.70605,2
62899,4.79051,49.70358,2
62900,4.79051,49.70358,2
62901,4.79051,49.70358,2
62902,4.79051,49.70358,2
62903,4.79051,49.70358,2
62904,4.79051,49.70358,2
62905,4.7889,49.70573,2
62906,4.79051,49.70358,2
62907,4.79344,49.70153,2
62908,4.79051,49.70358,2
62909,4.79051,49.70358,2
62910,4.79051,49.70358,2
62911,4.7903,49.70596,2
62912,4.796143,49.704858,2
62913,4.7903,49.70596,2
62914,4.783585,49.701832,2
62915,4.78379,49.701487,2
62916,4.783585,49.701832,2
62917,4.79349,49.70015,2
62918,4.783585,49.701832,2
62919,4.783534,49.701923,2
62920,4.783112,49.703235,2
62921,4.783112,49.703235,2
62922,4.78226,49.70475,2
62923,4.782391,49.704651,2
62924,4.781807,49.705193,2
62925,4.781834,49.705165,2
62926,4.781123,49.705665,2
62927,4.781123,49.705665,2
62928,4.781834,49.705165,2
62929,4.781391,49.70548,2
62930,4.781123,49.705665,2
62931,4.781123,49.705665,2
62932,4.781123,49.705656,2
62933,4.781123,49.705665,2
62934,4.781123,49.705665,2
62935,4.79081,49.70557,2
62936,4.781123,49.705665,2
62937,4.780989,49.705757,2
62938,4.79361,49.70049,2
62939,4.779213,49.70715,2
62940,4.79352,49.70044,2
62941,4.778998,49.707855,2
62942,4.778789,49.708407,2
62943,4.778789,49.708407,2
62944,4.779034,49.707746,2
62945,4.778168,49.709911,2
62946,4.777456,49.711237,2
62947,4.777266,49.711609,2
62948,4.776843,49.712624,2
62949,4.777184,49.713381,2
62950,4.78866,49.70197,2
62951,4.779424,49.7156,2
62952,4.777413,49.713825,2
62953,4.777199,49.713399,2
62954,4.79423,49.70076,2
62955,4.79304,49.70021,2
62956,4.79286,49.7003,2
62957,4.79268,49.7004,2
62958,4.79251,49.70049,2
62959,4.79233,49.70058,2
62960,4.79215,49.70067,2
62961,4.79197,49.70077,2
62962,4.7918,49.70086,2
62963,4.79155,49.70099,2
62964,4.79003,49.70004,2
62965,4.79004,49.69989,2
62966,4.79013,49.70016,2
62967,4.79041,49.70039,2
62968,4.79027,49.70028,2
62969,4.79123,49.70086,2
62970,4.79116,49.7009,2
62971,4.78951,49.70185,2
62972,4.78951,49.70185,2
62973,4.78951,49.70185,2
62974,4.78951,49.70185,2
62975,4.78951,49.70185,2
62976,4.78951,49.70185,2
62977,4.78951,49.70185,2
62978,4.78951,49.70185,2
62979,4.78951,49.70185,2
62980,4.78951,49.70185,2
62981,4.78951,49.70185,2
62982,4.78951,49.70185,2
62983,4.79081,49.70557,2
62984,4.7898,49.70176,2
62985,4.78914,49.70186,2
62986,4.78857,49.70217,2
62987,4.78824,49.7022,2
62988,4.78715,49.70129,2
62989,4.78824,49.7022,2
62990,4.78846,49.70185,2
62991,4.78769,49.70172,2
62992,4.78777,49.70161,2
62993,4.78715,49.70129,2
62994,4.78761,49.7016,2
62995,4.78769,49.70172,2
62996,4.78715,49.70129,2
62997,4.78761,49.7016,2
62998,4.78715,49.70129,2
62999,4.79081,49.70557,2
63000,4.78715,49.70129,2
63001,4.78715,49.70129,2
63002,4.78715,49.70129,2
63003,4.78715,49.70129,2
63004,4.78715,49.70129,2
63005,4.78715,49.70129,2
63006,4.78715,49.70129,2
63007,4.78761,49.7016,2
63008,4.78715,49.70129,2
63009,4.78715,49.70129,2
63010,4.78761,49.7016,2
63011,4.78715,49.70129,2
63012,4.78715,49.70129,2
63013,4.78715,49.70129,2
63014,4.78866,49.70197,2
63015,4.78715,49.70129,2
63016,4.78857,49.70217,2
63017,4.78845,49.70208,2
63018,4.78652,49.7034,2
63019,4.78824,49.7022,2
63020,4.78782,49.70242,2
63021,4.78794,49.70251,2
63022,4.78648,49.70499,2
63023,4.78761,49.70253,2
63024,4.78726,49.70291,2
63025,4.78951,49.70185,2
63026,4.78713,49.70283,2
63027,4.79081,49.70557,2
63028,4.78726,49.70291,2
63029,4.78713,49.70283,2
63030,4.78639,49.70332,2
63031,4.78652,49.7034,2
63032,4.78573,49.70375,2
63033,4.78511,49.70412,2
63034,4.78559,49.70399,2
63035,4.78559,49.70399,2
63036,4.78618,49.70489,2
63037,4.796059,49.704545,2
63038,4.796197,49.70483,2
63039,4.78544,49.70464,2
63040,4.78574,49.70474,2
63041,4.78752,49.70535,2
63042,4.79347,49.70521,2
63043,4.78781,49.70545,2
63044,4.78828,49.70557,2
63045,4.78737,49.7053,2
63046,4.78767,49.7054,2
63047,4.78796,49.70549,2
63048,4.78707,49.70519,2
63049,4.78812,49.70553,2
63050,4.78874,49.70569,2
63051,4.78921,49.70581,2
63052,4.79081,49.70557,2
63053,4.79081,49.70557,2
63054,4.79081,49.70557,2
63055,4.79046,49.70592,2
63056,4.78952,49.70589,2
63057,4.78999,49.70512,2
63058,4.79098,49.7052,2
63059,4.79007,49.70482,2
63060,4.7904,49.70494,2
63061,4.79069,49.70507,2
63062,4.78999,49.70512,2
63063,4.78999,49.70512,2
63064,4.78998,49.70504,2
63065,4.79018,49.70505,2
63066,4.779524,49.715661,2
63067,4.79077,49.7042,2
63068,4.79059,49.70517,2
63069,4.78988,49.70514,2
63070,4.79081,49.70557,2
63071,4.79067,49.70417,2
63072,4.78866,49.70197,2
63073,4.79067,49.70417,2
63074,4.78866,49.70197,2
63075,4.79067,49.70417,2
63076,4.79081,49.70557,2
63077,4.78999,49.70525,2
63078,4.79466,49.70459,2
63079,4.78999,49.70512,2
63080,4.7903,49.70596,2
63081,4.78999,49.70601,2
63082,4.79077,49.7042,2
63083,4.78936,49.70585,2
63084,4.78905,49.70577,2
63085,4.79176,49.70381,2
63086,4.80046,49.70129,2
63087,4.80046,49.70129,2
63088,4.80046,49.70129,2
63089,4.80046,49.70129,2
63090,4.80126,49.70128,2
63091,4.80126,49.70128,2
63092,4.80126,49.70128,2
63093,4.80126,49.70128,2
63094,4.80126,49.70128,2
63095,4.80126,49.70128,2
63096,4.80089,49.70025,2
63097,4.80089,49.70025,2
63098,4.80089,49.70025,2
63099,4.80089,49.70025,2
63100,4.80089,49.70025,2
63101,4.80089,49.70025,2
63102,4.80089,49.70025,2
63103,4.80089,49.70025,2
63104,4.80089,49.70025,2
63105,4.80089,49.70025,2
63106,4.80089,49.70025,2
63107,4.80089,49.70025,2
63108,4.80089,49.70025,2
63109,4.80089,49.70025,2
63110,4.80089,49.70025,2
63111,4.80089,49.70025,2
63112,4.80089,49.70025,2
63113,4.80089,49.70025,2
63114,4.80089,49.70025,2
63115,4.80089,49.70025,2
63116,4.80089,49.70025,2
63117,4.80089,49.70025,2
63118,4.80046,49.70129,2
63119,4.80046,49.70129,2
63120,4.80046,49.70129,2
63121,4.80046,49.70129,2
63122,4.80046,49.70129,2
63123,4.80046,49.70129,2
63124,4.78761,49.7016,2
63125,4.79051,49.70358,2
63126,4.79081,49.70557,2
63127,4.7944,49.69866,2
63128,4.79425,49.69879,2
63129,4.78652,49.7034,2
63130,4.79418,49.69886,2
63131,4.79423,49.70076,2
63132,4.79417,49.69867,2
63133,4.7941,49.69893,2
63134,4.79402,49.699,2
63135,4.7938,49.6992,2
63136,4.79423,49.70076,2
63137,4.79423,49.70076,2
63138,4.79361,49.69932,2
63139,4.79448,49.69859,2
63140,4.79346,49.6996,2
63141,4.79433,49.69872,2
63142,4.79345,49.69976,2
63143,4.794615,49.698725,2
63144,4.79408,49.70062,2
63145,4.794615,49.698725,2
63146,4.817231,49.714014,2
63147,4.794786,49.698838,2
63148,4.79496,49.70417,2
63149,4.79423,49.70076,2
63150,4.8005,49.72338,2
63151,4.79051,49.70358,2
63152,4.79418,49.69886,2
63153,4.79051,49.70358,2
63154,4.79423,49.70076,2
63155,4.79051,49.70358,2
63156,4.7943,49.69855,2
63157,4.79417,49.69867,2
63158,4.79417,49.69867,2
63159,4.78769,49.70172,2
63160,4.79395,49.69907,2
63161,4.78715,49.70129,2
63162,4.798467,49.702196,2
63163,4.79387,49.69913,2
63164,4.79389,49.69892,2
63165,4.79375,49.69904,2
63166,4.79375,49.69904,2
63167,4.78715,49.70129,2
63168,4.79375,49.69904,2
63169,4.78715,49.70129,2
63170,4.79375,49.69904,2
63171,4.79362,49.69916,2
63172,4.79327,49.69988,2
63173,4.79371,49.69927,2
63174,4.79081,49.70557,2
63175,4.79351,49.69938,2
63176,4.79351,49.69938,2
63177,4.79349,49.69941,2
63178,4.79351,49.69938,2
63179,4.79345,49.69976,2
63180,4.79345,49.69999,2
63181,4.79345,49.69999,2
63182,4.79349,49.70015,2
63183,4.79349,49.70015,2
63184,4.79349,49.70015,2
63185,4.79423,49.70076,2
63186,4.79349,49.70015,2
63187,4.79423,49.70076,2
63188,4.79423,49.70076,2
63189,4.79423,49.70076,2
63190,4.79423,49.70076,2
63191,4.79423,49.70076,2
63192,4.79423,49.70076,2
63193,4.79376,49.70042,2
63194,4.79408,49.70062,2
63195,4.79408,49.70062,2
63196,4.79408,49.70062,2
63197,4.78999,49.70512,2
63198,4.79408,49.70062,2
63199,4.79408,49.70062,2
63200,4.79479,49.7002,2
63201,4.7971,49.70309,2
63202,4.798122,49.701933,2
63203,4.79449,49.70081,2
63204,4.7971,49.70309,2
63205,4.7946,49.70085,2
63206,4.79482,49.70095,2
63207,4.79493,49.70099,2
63208,4.797412,49.701876,2
63209,4.79504,49.70104,2
63210,4.79515,49.70109,2
63211,4.79526,49.70113,2
63212,4.79545,49.70121,2
63213,4.79569,49.70132,2
63214,4.79593,49.70141,2
63215,4.78618,49.70489,2
63216,4.79617,49.70151,2
63217,4.79641,49.70161,2
63218,4.79925,49.70322,2
63219,4.79656,49.70155,2
63220,4.79721,49.70127,2
63221,4.79756,49.70192,2
63222,4.79738,49.70159,2
63223,4.79712,49.70111,2
63224,4.79686,49.70129,2
63225,4.79749,49.70088,2
63226,4.7973,49.70099,2
63227,4.79641,49.70161,2
63228,4.79955,49.69992,2
63229,4.79657,49.70185,2
63230,4.79687,49.70204,2
63231,4.79717,49.70224,2
63232,4.79627,49.70169,2
63233,4.79595,49.70156,2
63234,4.79564,49.70143,2
63235,4.79423,49.70076,2
63236,4.79419,49.70082,2
63237,4.79497,49.70115,2
63238,4.79419,49.70082,2
63239,4.79408,49.70077,2
63240,4.79398,49.70072,2
63241,4.780855,49.705841,2
63242,4.79389,49.70066,2
63243,4.79081,49.70557,2
63244,4.7938,49.7006,2
63245,4.79361,49.70049,2
63246,4.79361,49.70049,2
63247,4.79352,49.70044,2
63248,4.79337,49.70026,2
63249,4.796197,49.70483,2
63250,4.79448,49.70451,2
63251,4.781123,49.705665,2
63252,4.79461,49.70461,2
63253,4.79474,49.70472,2
63254,4.79488,49.70464,2
63255,4.79475,49.70454,2
63256,4.79462,49.70444,2
63257,4.796197,49.70483,2
63258,4.79448,49.70432,2
63259,4.7943,49.70422,2
63260,4.79405,49.7042,2
63261,4.79381,49.70417,2
63262,4.79356,49.70415,2
63263,4.79332,49.70412,2
63264,4.79317,49.704,2
63265,4.79303,49.70387,2
63266,4.79304,49.70385,2
63267,4.79328,49.70378,2
63268,4.79321,49.70368,2
63269,4.79081,49.70557,2
63270,4.79297,49.70375,2
63271,4.79288,49.70368,2
63272,4.79275,49.70351,2
63273,4.79266,49.70341,2
63274,4.78722,49.70525,2
63275,4.79252,49.70336,2
63276,4.78722,49.70525,2
63277,4.79237,49.70332,2
63278,4.79222,49.70327,2
63279,4.79224,49.7034,2
63280,4.79255,49.70351,2
63281,4.79244,49.70365,2
63282,4.79241,49.70381,2
63283,4.79255,49.70374,2
63284,4.7927,49.70367,2
63285,4.79288,49.70393,2
63286,4.79302,49.70407,2
63287,4.79316,49.7042,2
63288,4.7934,49.70425,2
63289,4.79497,49.70115,2
63290,4.79423,49.70076,2
63291,4.79364,49.70427,2
63292,4.798248,49.701967,2
63293,4.79389,49.70429,2
63294,4.79414,49.70432,2
63295,4.7925,49.70599,2
63296,4.79434,49.70439,2
63297,4.79423,49.70076,2
63298,4.7925,49.70501,2
63299,4.80046,49.70129,2
63300,4.80126,49.70128,2
63301,4.7925,49.70501,2
63302,4.80126,49.70128,2
63303,4.80126,49.70128,2
63304,4.7925,49.70501,2
63305,4.7925,49.70501,2
63306,4.62822,49.94083,2
63307,4.6335,49.94211,2
63308,4.62922,49.94135,2
63309,4.63515,49.94335,2
63310,4.63154,49.94132,2
63311,4.63597,49.94202,2
63312,4.63542,49.94187,2
63313,4.63547,49.94174,2
63314,4.63554,49.94153,2
63315,4.63556,49.94146,2
63316,4.63559,49.9414,2
63317,4.63562,49.94134,2
63318,4.63566,49.94127,2
63319,4.63569,49.9412,2
63320,4.63572,49.94114,2
63321,4.63575,49.94107,2
63322,4.63575,49.94107,2
63323,4.63564,49.94091,2
63324,4.63527,49.94248,2
63325,4.63527,49.94248,2
63326,4.63553,49.94114,2
63327,4.6355,49.94121,2
63328,4.63546,49.94129,2
63329,4.63535,49.94155,2
63330,4.63127,49.94233,2
63331,4.63533,49.94161,2
63332,4.6353,49.94167,2
63333,4.63528,49.94173,2
63334,4.63539,49.94143,2
63335,4.63526,49.94179,2
63336,4.63524,49.94185,2
63337,4.63522,49.94191,2
63338,4.63522,49.94196,2
63339,4.63522,49.942,2
63340,4.63521,49.94205,2
63341,4.63521,49.9421,2
63342,4.63521,49.94214,2
63343,4.6352,49.94219,2
63344,4.6352,49.94224,2
63345,4.6352,49.94228,2
63346,4.63519,49.94233,2
63347,4.63519,49.94238,2
63348,4.6335,49.94211,2
63349,4.6335,49.94211,2
63350,4.63518,49.94253,2
63351,4.63518,49.94263,2
63352,4.63536,49.94254,2
63353,4.63536,49.94262,2
63354,4.63535,49.94276,2
63355,4.63535,49.94276,2
63356,4.63535,49.94284,2
63357,4.63535,49.94276,2
63358,4.63518,49.94268,2
63359,4.63535,49.94291,2
63360,4.63533,49.94335,2
63361,4.63373,49.94336,2
63362,4.63534,49.94298,2
63363,4.63517,49.94273,2
63364,4.63517,49.94279,2
63365,4.63517,49.94284,2
63366,4.63533,49.9432,2
63367,4.63516,49.94299,2
63368,4.63533,49.94335,2
63369,4.63534,49.94313,2
63370,4.63534,49.94313,2
63371,4.63515,49.94325,2
63372,4.63515,49.9433,2
63373,4.63515,49.94335,2
63374,4.63515,49.94335,2
63375,4.63515,49.94335,2
63376,4.63532,49.94359,2
63377,4.63514,49.94351,2
63378,4.62822,49.94083,2
63379,4.62822,49.94083,2
63380,4.62822,49.94083,2
63381,4.62822,49.94083,2
63382,4.62822,49.94083,2
63383,4.63448,49.94336,2
63384,4.6343,49.94336,2
63385,4.63409,49.94336,2
63386,4.63385,49.94336,2
63387,4.63366,49.94336,2
63388,4.63336,49.94332,2
63389,4.63271,49.94302,2
63390,4.63267,49.943,2
63391,4.63192,49.94263,2
63392,4.63134,49.94236,2
63393,4.63122,49.94245,2
63394,4.63106,49.94237,2
63395,4.63118,49.94243,2
63396,4.63147,49.94257,2
63397,4.63168,49.94267,2
63398,4.63186,49.94275,2
63399,4.63186,49.94275,2
63400,4.6322,49.94165,2
63401,4.6308,49.94211,2
63402,4.63208,49.94159,2
63403,4.63185,49.94147,2
63404,4.63127,49.94233,2
63405,4.63127,49.94233,2
63406,4.63127,49.94233,2
63407,4.63117,49.94228,2
63408,4.63092,49.94217,2
63409,4.63053,49.94198,2
63410,4.63112,49.94226,2
63411,4.63081,49.94226,2
63412,4.63059,49.94215,2
63413,4.63036,49.94204,2
63414,4.63036,49.94204,2
63415,4.63053,49.94198,2
63416,4.63026,49.94185,2
63417,4.63013,49.94179,2
63418,4.63026,49.942,2
63419,4.63004,49.94189,2
63420,4.62984,49.94165,2
63421,4.63013,49.94179,2
63422,4.62954,49.94151,2
63423,4.62937,49.94143,2
63424,4.62935,49.94142,2
63425,4.62904,49.94175,2
63426,4.62923,49.94151,2
63427,4.62904,49.94175,2
63428,4.62913,49.94145,2
63429,4.62888,49.94115,2
63430,4.62895,49.94119,2
63431,4.62926,49.94153,2
63432,4.62872,49.94106,2
63433,4.62863,49.94101,2
63434,4.62854,49.94095,2
63435,4.62832,49.94082,2
63436,4.62821,49.94076,2
63437,4.63234,49.94298,2
63438,4.08483,49.45032,2
63439,4.08276,49.45434,2
63440,4.08276,49.45434,2
63441,4.08276,49.45434,2
63442,4.08276,49.45434,2
63443,4.073769,49.453282,2
63444,4.08276,49.45434,2
63445,4.081621,49.453968,2
63446,4.08276,49.45434,2
63447,4.08483,49.45032,2
63448,4.08483,49.45032,2
63449,4.08483,49.45032,2
63450,4.08483,49.45032,2
63451,4.08483,49.45032,2
63452,4.08483,49.45032,2
63453,4.08483,49.45032,2
63454,4.08483,49.45032,2
63455,4.08366,49.45493,2
63456,4.08366,49.45493,2
63457,4.08366,49.45493,2
63458,4.08366,49.45493,2
63459,4.08366,49.45493,2
63460,4.08492,49.45612,2
63461,4.08492,49.45612,2
63462,4.084961,49.456148,2
63463,4.0856,49.456292,2
63464,4.08578,49.45631,2
63465,4.08578,49.45631,2
63466,4.08578,49.45631,2
63467,4.08578,49.45631,2
63468,4.08206,49.4564,2
63469,4.08578,49.45631,2
63470,4.0879,49.45746,2
63471,4.0879,49.45746,2
63472,4.08003,49.45665,2
63473,4.08289,49.45755,2
63474,4.08228,49.45806,2
63475,4.08228,49.45806,2
63476,4.08228,49.45806,2
63477,4.08228,49.45806,2
63478,4.08228,49.45806,2
63479,4.08228,49.45806,2
63480,4.08228,49.45806,2
63481,4.08289,49.45755,2
63482,4.08289,49.45755,2
63483,4.08289,49.45755,2
63484,4.081983,49.457719,2
63485,4.081983,49.457719,2
63486,4.08289,49.45755,2
63487,4.08289,49.45755,2
63488,4.08289,49.45755,2
63489,4.08289,49.45755,2
63490,4.08289,49.45755,2
63491,4.08289,49.45755,2
63492,4.08289,49.45755,2
63493,4.08289,49.45755,2
63494,4.08289,49.45755,2
63495,4.08431,49.45654,2
63496,4.08141,49.45443,2
63497,4.08003,49.45665,2
63498,4.08206,49.4564,2
63499,4.08431,49.45654,2
63500,4.08431,49.45654,2
63501,4.08003,49.45665,2
63502,4.07953,49.45364,2
63503,4.08578,49.45631,2
63504,4.08578,49.45631,2
63505,4.08202,49.45513,2
63506,4.08431,49.45654,2
63507,4.08431,49.45654,2
63508,4.08431,49.45654,2
63509,4.08431,49.45654,2
63510,4.073769,49.453282,2
63511,4.08626,49.45845,2
63512,4.08626,49.45845,2
63513,4.08431,49.45654,2
63514,4.08046,49.45381,2
63515,4.08046,49.45381,2
63516,4.08379,49.45758,2
63517,4.08003,49.45665,2
63518,4.08003,49.45665,2
63519,4.084107,49.457778,2
63520,4.08431,49.45654,2
63521,4.08431,49.45654,2
63522,4.08431,49.45654,2
63523,4.08431,49.45654,2
63524,4.08626,49.45845,2
63525,4.08626,49.45845,2
63526,4.08626,49.45845,2
63527,4.08626,49.45845,2
63528,4.08431,49.45654,2
63529,4.08431,49.45654,2
63530,4.08431,49.45654,2
63531,4.08431,49.45654,2
63532,4.08379,49.45758,2
63533,4.085383,49.458415,2
63534,4.08379,49.45758,2
63535,4.08431,49.45654,2
63536,4.08431,49.45654,2
63537,4.08276,49.45434,2
63538,4.08431,49.45654,2
63539,4.08141,49.45443,2
63540,4.08046,49.45381,2
63541,4.08046,49.45381,2
63542,4.08431,49.45654,2
63543,4.08431,49.45654,2
63544,4.08046,49.45381,2
63545,4.08003,49.45665,2
63546,4.08003,49.45665,2
63547,4.08103,49.45634,2
63548,4.08206,49.4564,2
63549,4.08206,49.4564,2
63550,4.08276,49.45434,2
63551,4.08366,49.45493,2
63552,4.08366,49.45493,2
63553,4.08492,49.45612,2
63554,4.08492,49.45612,2
63555,4.08578,49.45631,2
63556,4.08431,49.45654,2
63557,4.08989,49.458395,2
63558,4.08431,49.45654,2
63559,4.08959,49.45853,2
63560,4.08959,49.45853,2
63561,4.08431,49.45654,2
63562,4.08431,49.45654,2
63563,4.08431,49.45654,2
63564,4.08379,49.45758,2
63565,4.08431,49.45654,2
63566,4.08379,49.45758,2
63567,4.08431,49.45654,2
63568,4.08431,49.45654,2
63569,4.08431,49.45654,2
63570,4.08431,49.45654,2
63571,4.08431,49.45654,2
63572,4.08431,49.45654,2
63573,4.08431,49.45654,2
63574,4.0879,49.45746,2
63575,4.0879,49.45746,2
63576,4.08431,49.45654,2
63577,4.08578,49.45631,2
63578,4.08578,49.45631,2
63579,4.08578,49.45631,2
63580,4.08578,49.45631,2
63581,4.08578,49.45631,2
63582,4.08578,49.45631,2
63583,4.08431,49.45654,2
63584,4.08431,49.45654,2
63585,4.08431,49.45654,2
63586,4.08431,49.45654,2
63587,4.08431,49.45654,2
63588,4.08431,49.45654,2
63589,4.08431,49.45654,2
63590,4.08626,49.45845,2
63591,4.08626,49.45845,2
63592,4.08626,49.45845,2
63593,4.08626,49.45845,2
63594,4.08626,49.45845,2
63595,4.08626,49.45845,2
63596,4.08626,49.45845,2
63597,4.08626,49.45845,2
63598,4.08626,49.45845,2
63599,4.08626,49.45845,2
63600,4.08712,49.45881,2
63601,4.08712,49.45881,2
63602,4.08626,49.45845,2
63603,4.08626,49.45845,2
63604,4.08431,49.45654,2
63605,4.08431,49.45654,2
63606,4.085097,49.456488,2
63607,4.08431,49.45654,2
63608,4.08379,49.45758,2
63609,4.08379,49.45758,2
63610,4.08379,49.45758,2
63611,4.08379,49.45758,2
63612,4.08289,49.45755,2
63613,4.08379,49.45758,2
63614,4.0837,49.45753,2
63615,4.08379,49.45758,2
63616,4.08379,49.45758,2
63617,4.08276,49.45434,2
63618,4.08379,49.45758,2
63619,4.08202,49.45513,2
63620,4.08379,49.45758,2
63621,4.08202,49.45513,2
63622,4.08431,49.45654,2
63623,4.08202,49.45513,2
63624,4.08431,49.45654,2
63625,4.08431,49.45654,2
63626,4.08492,49.45612,2
63627,4.08431,49.45654,2
63628,4.08431,49.45654,2
63629,4.08431,49.45654,2
63630,4.08431,49.45654,2
63631,4.08431,49.45654,2
63632,4.08276,49.45617,2
63633,4.08431,49.45654,2
63634,4.08431,49.45654,2
63635,4.08431,49.45654,2
63636,4.08431,49.45654,2
63637,4.08431,49.45654,2
63638,4.08431,49.45654,2
63639,4.08431,49.45654,2
63640,4.08431,49.45654,2
63641,4.08431,49.45654,2
63642,4.08431,49.45654,2
63643,4.08431,49.45654,2
63644,4.08431,49.45654,2
63645,4.08431,49.45654,2
63646,4.08141,49.45443,2
63647,4.08202,49.45513,2
63648,4.08202,49.45513,2
63649,4.08141,49.45443,2
63650,4.08141,49.45443,2
63651,4.08046,49.45381,2
63652,4.08141,49.45443,2
63653,4.08141,49.45443,2
63654,4.08046,49.45381,2
63655,4.08046,49.45381,2
63656,4.08116,49.45395,2
63657,4.08046,49.45381,2
63658,4.07973,49.45378,2
63659,4.08431,49.45654,2
63660,4.08431,49.45654,2
63661,4.08431,49.45654,2
63662,4.08431,49.45654,2
63663,4.08431,49.45654,2
63664,4.08431,49.45654,2
63665,4.08431,49.45654,2
63666,4.08431,49.45654,2
63667,4.08431,49.45654,2
63668,4.08431,49.45654,2
63669,4.08431,49.45654,2
63670,4.08431,49.45654,2
63671,4.08431,49.45654,2
63672,4.08003,49.45665,2
63673,4.08003,49.45665,2
63674,4.08003,49.45665,2
63675,4.08003,49.45665,2
63676,4.08003,49.45665,2
63677,4.08206,49.4564,2
63678,4.08003,49.45665,2
63679,4.08003,49.45665,2
63680,4.08003,49.45665,2
63681,4.08289,49.45755,2
63682,4.08289,49.45755,2
63683,4.08103,49.45634,2
63684,4.08103,49.45634,2
63685,4.08103,49.45634,2
63686,4.08103,49.45634,2
63687,4.08245,49.45721,2
63688,4.08245,49.45721,2
63689,4.08206,49.4564,2
63690,4.08206,49.4564,2
63691,4.08366,49.45493,2
63692,4.08206,49.4564,2
63693,4.08276,49.45617,2
63694,4.08206,49.4564,2
63695,4.08206,49.4564,2
63696,4.08206,49.4564,2
63697,4.08276,49.45434,2
63698,4.08046,49.45381,2
63699,4.08276,49.45434,2
63700,4.08202,49.45513,2
63701,4.08202,49.45513,2
63702,4.08276,49.45434,2
63703,4.08276,49.45434,2
63704,4.08276,49.45434,2
63705,4.08276,49.45434,2
63706,4.08276,49.45434,2
63707,4.08276,49.45434,2
63708,4.08276,49.45434,2
63709,4.08046,49.45381,2
63710,4.08046,49.45381,2
63711,4.08276,49.45434,2
63712,4.08276,49.45434,2
63713,4.08276,49.45434,2
63714,4.08276,49.45434,2
63715,4.08276,49.45434,2
63716,4.08366,49.45493,2
63717,4.08276,49.45434,2
63718,4.08276,49.45434,2
63719,4.08276,49.45434,2
63720,4.08276,49.45434,2
63721,4.08276,49.45434,2
63722,4.05936,49.4312,2
63723,4.05252,49.43377,2
63724,4.05244,49.43377,2
63725,4.0537,49.43368,2
63726,4.05274,49.43381,2
63727,4.05274,49.43381,2
63728,4.05362,49.43369,2
63729,4.05354,49.43369,2
63730,4.05346,49.43369,2
63731,4.05339,49.4337,2
63732,4.05331,49.4337,2
63733,4.05323,49.4337,2
63734,4.05202,49.4335,2
63735,4.05314,49.4337,2
63736,4.05205,49.43308,2
63737,4.05305,49.43371,2
63738,4.05297,49.43372,2
63739,4.05281,49.43374,2
63740,4.05264,49.43375,2
63741,4.05236,49.43378,2
63742,4.05256,49.43376,2
63743,4.05248,49.43377,2
63744,4.04971,49.43432,2
63745,4.0524,49.43378,2
63746,4.05274,49.43381,2
63747,4.04958,49.43322,2
63748,4.04989,49.43349,2
63749,4.05048,49.43336,2
63750,4.05205,49.43308,2
63751,4.04996,49.4336,2
63752,4.05029,49.43352,2
63753,4.05062,49.43345,2
63754,4.0513,49.43318,2
63755,4.05095,49.43338,2
63756,4.05128,49.4333,2
63757,4.051912,49.433954,2
63758,4.051898,49.433955,2
63759,4.05205,49.43308,2
63760,4.05202,49.43303,2
63761,4.05278,49.43339,2
63762,4.05278,49.43299,2
63763,4.05324,49.43288,2
63764,4.05364,49.43265,2
63765,4.0544,49.43245,2
63766,4.0537,49.43276,2
63767,4.05416,49.43264,2
63768,4.05462,49.43252,2
63769,4.05536,49.4326,2
63770,4.0546,49.43215,2
63771,4.0546,49.43215,2
63772,4.0546,49.43215,2
63773,4.0546,49.43215,2
63774,4.05503,49.43232,2
63775,4.05503,49.43182,2
63776,4.05503,49.43182,2
63777,4.05503,49.43182,2
63778,4.05503,49.43182,2
63779,4.05503,49.43182,2
63780,4.05542,49.4324,2
63781,4.05936,49.4312,2
63782,4.05936,49.4312,2
63783,4.05721,49.43176,2
63784,4.05936,49.4312,2
63785,4.05936,49.4312,2
63786,4.05936,49.4312,2
63787,4.05936,49.4312,2
63788,4.05936,49.4312,2
63789,4.05936,49.4312,2
63790,4.05936,49.4312,2
63791,4.05936,49.4312,2
63792,4.05574,49.43324,2
63793,4.05562,49.43269,2
63794,4.04863,49.43373,2
63795,4.05205,49.43308,2
63796,4.05205,49.43308,2
63797,4.05205,49.43308,2
63798,4.05205,49.43308,2
63799,4.05205,49.43308,2
63800,4.05205,49.43308,2
63801,4.05205,49.43308,2
63802,4.05274,49.43381,2
63803,4.05274,49.43381,2
63804,4.04863,49.43373,2
63805,4.04863,49.43373,2
63806,4.04863,49.43373,2
63807,4.04863,49.43373,2
63808,4.04863,49.43373,2
63809,4.04863,49.43373,2
63810,4.04863,49.43373,2
63811,4.04863,49.43373,2
63812,4.04863,49.43373,2
63813,4.04863,49.43373,2
63814,4.04863,49.43373,2
63815,4.04863,49.43373,2
63816,4.04863,49.43373,2
63817,4.04863,49.43373,2
63818,4.04863,49.43373,2
63819,4.04863,49.43373,2
63820,4.04863,49.43373,2
63821,4.04863,49.43373,2
63822,4.04863,49.43373,2
63823,4.04863,49.43373,2
63824,4.05274,49.43381,2
63825,4.05274,49.43381,2
63826,4.05161,49.43323,2
63827,4.05274,49.43381,2
63828,4.05416,49.43264,2
63829,4.04971,49.43432,2
63830,4.05274,49.43381,2
63831,4.05274,49.43381,2
63832,4.05205,49.43308,2
63833,4.05274,49.43381,2
63834,4.05274,49.43381,2
63835,4.04989,49.43349,2
63836,4.04819,49.43351,2
63837,4.05205,49.43308,2
63838,4.05287,49.43285,2
63839,4.05287,49.43285,2
63840,4.05536,49.4326,2
63841,4.05936,49.4312,2
63842,4.05936,49.4312,2
63843,4.05542,49.4324,2
63844,4.05416,49.43264,2
63845,4.04863,49.43373,2
63846,4.055528,49.434154,2
63847,4.05205,49.43308,2
63848,4.84998,49.47697,2
63849,4.852285,49.47283,2
63850,4.852644,49.47284,2
63851,4.8521,49.4765,2
63852,4.852644,49.47284,2
63853,4.85336,49.47877,2
63854,4.85336,49.47877,2
63855,4.85392,49.47554,2
63856,4.85336,49.47877,2
63857,4.85336,49.47877,2
63858,4.852644,49.47284,2
63859,4.852644,49.47284,2
63860,4.85336,49.47877,2
63861,4.85522,49.47672,2
63862,4.851921,49.472999,2
63863,4.90548,49.48546,2
63864,4.8521,49.4765,2
63865,4.8521,49.4765,2
63866,4.84998,49.47697,2
63867,4.854,49.47711,2
63868,4.8521,49.4765,2
63869,4.85336,49.47877,2
63870,4.854,49.47711,2
63871,4.8521,49.4765,2
63872,4.85457,49.47742,2
63873,4.85552,49.47664,2
63874,4.8521,49.4765,2
63875,4.8521,49.4765,2
63876,4.8521,49.4765,2
63877,4.85336,49.4788,2
63878,4.85336,49.4788,2
63879,4.838697,49.490834,2
63880,4.854,49.47711,2
63881,4.85457,49.47742,2
63882,4.85336,49.4788,2
63883,4.85556,49.47627,2
63884,4.8521,49.4765,2
63885,4.8521,49.4765,2
63886,4.8521,49.4765,2
63887,4.85552,49.47664,2
63888,4.85554,49.47658,2
63889,4.85336,49.4788,2
63890,4.85336,49.4788,2
63891,4.8521,49.4765,2
63892,4.85522,49.47672,2
63893,4.8521,49.4765,2
63894,4.8521,49.4765,2
63895,4.85392,49.47554,2
63896,4.85392,49.47554,2
63897,4.85336,49.4788,2
63898,4.85336,49.47877,2
63899,4.85336,49.4788,2
63900,4.85573,49.47725,2
63901,4.85573,49.47725,2
63902,4.84998,49.47697,2
63903,4.9505,49.44127,2
63904,4.85392,49.47554,2
63905,4.85457,49.47742,2
63906,4.95147,49.44209,2
63907,4.84998,49.47697,2
63908,4.8521,49.4765,2
63909,4.8521,49.4765,2
63910,4.84998,49.47697,2
63911,4.854,49.47711,2
63912,4.84998,49.47697,2
63913,4.84998,49.47697,2
63914,4.84998,49.47697,2
63915,4.85552,49.47664,2
63916,4.8521,49.4765,2
63917,4.85336,49.4788,2
63918,4.84998,49.47697,2
63919,4.85573,49.47725,2
63920,4.84998,49.47697,2
63921,4.8521,49.4765,2
63922,4.8521,49.4765,2
63923,4.85457,49.47742,2
63924,4.85552,49.47664,2
63925,4.85552,49.47664,2
63926,4.854455,49.475741,2
63927,4.84998,49.47697,2
63928,4.9505,49.44127,2
63929,4.8521,49.4765,2
63930,4.8521,49.4765,2
63931,4.854,49.47711,2
63932,4.85336,49.47877,2
63933,4.84998,49.47697,2
63934,4.85336,49.47877,2
63935,4.8521,49.4765,2
63936,4.84998,49.47697,2
63937,4.854,49.47711,2
63938,4.851104,49.484187,2
63939,4.850972,49.484288,2
63940,4.850033,49.48456,2
63941,4.850694,49.484537,2
63942,4.851104,49.484187,2
63943,4.84998,49.47697,2
63944,4.8521,49.4765,2
63945,4.8521,49.4765,2
63946,4.9505,49.44127,2
63947,4.9505,49.44127,2
63948,4.9505,49.44127,2
63949,4.84998,49.47697,2
63950,4.85392,49.47554,2
63951,4.85522,49.47672,2
63952,4.85522,49.47672,2
63953,4.85392,49.47554,2
63954,4.85392,49.47554,2
63955,4.85392,49.47554,2
63956,4.84998,49.47697,2
63957,4.85392,49.47554,2
63958,4.85392,49.47554,2
63959,4.854204,49.475692,2
63960,4.84998,49.47697,2
63961,4.85457,49.47742,2
63962,4.8521,49.4765,2
63963,4.8521,49.4765,2
63964,4.85392,49.47554,2
63965,4.85336,49.4788,2
63966,4.8521,49.4765,2
63967,4.84998,49.47697,2
63968,4.90548,49.48546,2
63969,4.84998,49.47697,2
63970,4.85457,49.47742,2
63971,4.8521,49.4765,2
63972,4.85336,49.4788,2
63973,4.8521,49.4765,2
63974,4.85336,49.4788,2
63975,4.85336,49.4788,2
63976,4.838697,49.490834,2
63977,4.85556,49.47627,2
63978,4.854,49.47711,2
63979,4.85336,49.4788,2
63980,4.84998,49.47697,2
63981,4.84998,49.47697,2
63982,4.84998,49.47697,2
63983,4.848565,49.484446,2
63984,4.848769,49.484667,2
63985,4.84259,49.7323,2
63986,4.84259,49.7323,2
63987,4.85526,49.7374,2
63988,4.84216,49.73196,2
63989,4.84195,49.73178,2
63990,4.84825,49.73557,2
63991,4.84174,49.73161,2
63992,4.84153,49.73144,2
63993,4.84132,49.73126,2
63994,4.84132,49.73126,2
63995,4.84111,49.73109,2
63996,4.841,49.73089,2
63997,4.84145,49.73119,2
63998,4.84174,49.73143,2
63999,4.84203,49.73166,2
64000,4.84232,49.7319,2
64001,4.84261,49.73214,2
64002,4.8429,49.73237,2
64003,4.84301,49.73264,2
64004,4.84322,49.73279,2
64005,4.84312,49.73255,2
64006,4.84345,49.73278,2
64007,4.84362,49.7329,2
64008,4.84378,49.73302,2
64009,4.84342,49.73293,2
64010,4.84363,49.73308,2
64011,4.84938,49.73599,2
64012,4.84361,49.73346,2
64013,4.8438,49.73345,2
64014,4.84445,49.73267,2
64015,4.84413,49.73254,2
64016,4.84445,49.73267,2
64017,4.84329,49.73266,2
64018,4.84392,49.73292,2
64019,4.84404,49.73283,2
64020,4.84426,49.73265,2
64021,4.8473,49.73292,2
64022,4.84431,49.73249,2
64023,4.8473,49.73292,2
64024,4.84474,49.7324,2
64025,4.8473,49.73292,2
64026,4.84539,49.73195,2
64027,4.8473,49.73292,2
64028,4.84488,49.73248,2
64029,4.8473,49.73292,2
64030,4.8473,49.73292,2
64031,4.84442,49.73272,2
64032,4.8473,49.73292,2
64033,4.84472,49.73266,2
64034,4.84511,49.73276,2
64035,4.84549,49.73285,2
64036,4.8459,49.73292,2
64037,4.84367,49.72769,2
64038,4.84457,49.73275,2
64039,4.84478,49.7328,2
64040,4.8463,49.73299,2
64041,4.845,49.73285,2
64042,4.84521,49.73291,2
64043,4.84671,49.73305,2
64044,4.84671,49.73305,2
64045,4.84565,49.733,2
64046,4.84565,49.733,2
64047,4.84711,49.73313,2
64048,4.84746,49.73328,2
64049,4.84781,49.73342,2
64050,4.8461,49.73307,2
64051,4.84588,49.73304,2
64052,4.84312,49.73352,2
64053,4.84633,49.73311,2
64054,4.84655,49.73315,2
64055,4.84677,49.73318,2
64056,4.847,49.73322,2
64057,4.84719,49.73331,2
64058,4.84738,49.73339,2
64059,4.84776,49.73356,2
64060,4.84776,49.73356,2
64061,4.84622,49.73303,2
64062,4.84781,49.73342,2
64063,4.84725,49.73294,2
64064,4.84613,49.73209,2
64065,4.84669,49.73079,2
64066,4.84626,49.73201,2
64067,4.84599,49.73183,2
64068,4.8473,49.73292,2
64069,4.8473,49.73197,2
64070,4.8476,49.73189,2
64071,4.84375,49.73848,2
64072,4.8473,49.73292,2
64073,4.84787,49.73671,2
64074,4.84722,49.73194,2
64075,4.8473,49.73292,2
64076,4.84734,49.73203,2
64077,4.84654,49.7322,2
64078,4.8468,49.73231,2
64079,4.84799,49.73335,2
64080,4.84799,49.73335,2
64081,4.84751,49.73296,2
64082,4.84727,49.73277,2
64083,4.84704,49.73258,2
64084,4.85067,49.73522,2
64085,4.84474,49.7324,2
64086,4.84994,49.73471,2
64087,4.8492,49.7342,2
64088,4.84994,49.73471,2
64089,4.8473,49.73292,2
64090,4.8473,49.73292,2
64091,4.8473,49.73292,2
64092,4.8473,49.73292,2
64093,4.85145,49.73582,2
64094,4.85145,49.73582,2
64095,4.85145,49.73582,2
64096,4.85145,49.73582,2
64097,4.85189,49.73471,2
64098,4.85379,49.73501,2
64099,4.85212,49.73374,2
64100,4.85261,49.73396,2
64101,4.85281,49.73412,2
64102,4.85256,49.7341,2
64103,4.85247,49.73403,2
64104,4.85265,49.73417,2
64105,4.85274,49.73425,2
64106,4.85292,49.7344,2
64107,4.85283,49.73432,2
64108,4.85256,49.7341,2
64109,4.85328,49.7347,2
64110,4.8531,49.73455,2
64111,4.85328,49.7347,2
64112,4.85364,49.735,2
64113,4.85401,49.73529,2
64114,4.85417,49.73545,2
64115,4.85429,49.73562,2
64116,4.8544,49.7358,2
64117,4.85429,49.73562,2
64118,4.85463,49.73615,2
64119,4.85355,49.73492,2
64120,4.85373,49.73507,2
64121,4.85379,49.73501,2
64122,4.85391,49.73522,2
64123,4.85391,49.73522,2
64124,4.8541,49.73537,2
64125,4.8473,49.73292,2
64126,4.8473,49.73292,2
64127,4.8473,49.73292,2
64128,4.84383,49.73749,2
64129,4.8473,49.73292,2
64130,4.8473,49.73292,2
64131,4.8473,49.73292,2
64132,4.8473,49.73292,2
64133,4.8473,49.73292,2
64134,4.8473,49.73292,2
64135,4.8473,49.73292,2
64136,4.8473,49.73292,2
64137,4.8473,49.73292,2
64138,4.8473,49.73292,2
64139,4.8473,49.73292,2
64140,4.8473,49.73292,2
64141,4.8473,49.73292,2
64142,4.8473,49.73292,2
64143,4.8473,49.73292,2
64144,4.8473,49.73292,2
64145,4.8473,49.73292,2
64146,4.8473,49.73292,2
64147,4.8473,49.73292,2
64148,4.8473,49.73292,2
64149,4.85184,49.73635,2
64150,4.85184,49.73635,2
64151,4.85184,49.73635,2
64152,4.85184,49.73635,2
64153,4.85482,49.73942,2
64154,4.85184,49.73635,2
64155,4.85184,49.73635,2
64156,4.85457,49.73931,2
64157,4.85433,49.7392,2
64158,4.8473,49.73197,2
64159,4.85184,49.73635,2
64160,4.85408,49.73909,2
64161,4.85184,49.73635,2
64162,4.8536,49.73887,2
64163,4.85374,49.73894,2
64164,4.85184,49.73635,2
64165,4.85388,49.739,2
64166,4.85345,49.73881,2
64167,4.85184,49.73635,2
64168,4.85331,49.73875,2
64169,4.85703,49.73784,2
64170,4.85318,49.73867,2
64171,4.85569,49.73733,2
64172,4.85317,49.73871,2
64173,4.85569,49.73733,2
64174,4.85299,49.73889,2
64175,4.85569,49.73733,2
64176,4.85281,49.73906,2
64177,4.85548,49.73736,2
64178,4.85263,49.73924,2
64179,4.85526,49.7374,2
64180,4.85245,49.73941,2
64181,4.85526,49.7374,2
64182,4.85228,49.73959,2
64183,4.85513,49.73778,2
64184,4.85522,49.73768,2
64185,4.8521,49.73976,2
64186,4.85522,49.73786,2
64187,4.85228,49.73959,2
64188,4.85535,49.73796,2
64189,4.85194,49.74021,2
64190,4.85569,49.73809,2
64191,4.85214,49.74035,2
64192,4.85521,49.73801,2
64193,4.85352,49.74135,2
64194,4.85519,49.73813,2
64195,4.85383,49.74173,2
64196,4.85383,49.742,2
64197,4.85517,49.73824,2
64198,4.85383,49.74217,2
64199,4.85383,49.74216,2
64200,4.85514,49.73836,2
64201,4.85383,49.7419,2
64202,4.85383,49.74186,2
64203,4.85514,49.73836,2
64204,4.85376,49.74153,2
64205,4.85366,49.74145,2
64206,4.85346,49.74131,2
64207,4.85344,49.74129,2
64208,4.85312,49.74106,2
64209,4.85269,49.74075,2
64210,4.85238,49.74053,2
64211,4.85228,49.74045,2
64212,4.85204,49.74028,2
64213,4.85169,49.74003,2
64214,4.8521,49.73976,2
64215,4.85149,49.74028,2
64216,4.85158,49.74006,2
64217,4.84441,49.73389,2
64218,4.85166,49.74001,2
64219,4.85128,49.73971,2
64220,4.85068,49.73924,2
64221,4.85179,49.73993,2
64222,4.85192,49.73973,2
64223,4.85239,49.73926,2
64224,4.85287,49.73879,2
64225,4.85304,49.7386,2
64226,4.85285,49.73852,2
64227,4.85213,49.73871,2
64228,4.8525,49.73835,2
64229,4.85235,49.73829,2
64230,4.85221,49.73822,2
64231,4.85207,49.73815,2
64232,4.85193,49.73808,2
64233,4.85179,49.73801,2
64234,4.85164,49.73795,2
64235,4.8516,49.73799,2
64236,4.85141,49.73818,2
64237,4.8515,49.73787,2
64238,4.85137,49.73778,2
64239,4.85235,49.73829,2
64240,4.85124,49.7377,2
64241,4.84445,49.73267,2
64242,4.85111,49.73761,2
64243,4.85153,49.73772,2
64244,4.85098,49.73753,2
64245,4.85054,49.73787,2
64246,4.85066,49.73796,2
64247,4.85078,49.73804,2
64248,4.8509,49.73813,2
64249,4.8509,49.73823,2
64250,4.8508,49.73833,2
64251,4.85038,49.73793,2
64252,4.85044,49.73797,2
64253,4.85049,49.73801,2
64254,4.85055,49.73806,2
64255,4.85061,49.7381,2
64256,4.84441,49.73389,2
64257,4.85067,49.73814,2
64258,4.84441,49.73389,2
64259,4.85071,49.73819,2
64260,4.84441,49.73389,2
64261,4.85067,49.73824,2
64262,4.84441,49.73389,2
64263,4.85062,49.73828,2
64264,4.84441,49.73389,2
64265,4.84441,49.73389,2
64266,4.84961,49.73831,2
64267,4.84441,49.73389,2
64268,4.84968,49.73826,2
64269,4.84975,49.73821,2
64270,4.84986,49.73814,2
64271,4.85,49.73805,2
64272,4.85014,49.73796,2
64273,4.85028,49.73787,2
64274,4.85063,49.73762,2
64275,4.85081,49.73743,2
64276,4.85059,49.73731,2
64277,4.85038,49.73718,2
64278,4.85016,49.73706,2
64279,4.84994,49.73694,2
64280,4.84998,49.73687,2
64281,4.8468,49.73231,2
64282,4.84964,49.73697,2
64283,4.84851,49.73812,2
64284,4.84903,49.73703,2
64285,4.84854,49.73762,2
64286,4.8489,49.73718,2
64287,4.84866,49.73748,2
64288,4.84878,49.73733,2
64289,4.84927,49.73696,2
64290,4.84974,49.73682,2
64291,4.84974,49.73682,2
64292,4.84967,49.73677,2
64293,4.84909,49.73667,2
64294,4.84847,49.73667,2
64295,4.84787,49.73671,2
64296,4.84714,49.73673,2
64297,4.84728,49.73683,2
64298,4.84592,49.73734,2
64299,4.84819,49.73655,2
64300,4.84592,49.73734,2
64301,4.84819,49.73655,2
64302,4.84766,49.73663,2
64303,4.84927,49.73655,2
64304,4.84927,49.73655,2
64305,4.84938,49.73599,2
64306,4.8512,49.73751,2
64307,4.85153,49.73772,2
64308,4.85207,49.73815,2
64309,4.85184,49.7379,2
64310,4.85196,49.73795,2
64311,4.85207,49.738,2
64312,4.85218,49.73806,2
64313,4.85229,49.73811,2
64314,4.84938,49.73599,2
64315,4.8524,49.73816,2
64316,4.85251,49.73822,2
64317,4.85262,49.73827,2
64318,4.85272,49.73831,2
64319,4.85281,49.73836,2
64320,4.85291,49.7384,2
64321,4.853,49.73844,2
64322,4.85309,49.73848,2
64323,4.85319,49.73852,2
64324,4.85245,49.73929,2
64325,4.85366,49.73929,2
64326,4.85385,49.73884,2
64327,4.84799,49.73335,2
64328,4.8543,49.73905,2
64329,4.8548,49.73927,2
64330,4.84998,49.73687,2
64331,4.84375,49.73848,2
64332,4.85025,49.73629,2
64333,4.8473,49.73292,2
64334,4.85025,49.73629,2
64335,4.85063,49.73762,2
64336,4.85063,49.73762,2
64337,4.85025,49.73629,2
64338,4.85054,49.73655,2
64339,4.85029,49.73644,2
64340,4.85003,49.73633,2
64341,4.84993,49.73615,2
64342,4.84929,49.73589,2
64343,4.84977,49.73622,2
64344,4.84951,49.73611,2
64345,4.84951,49.73611,2
64346,4.84951,49.73611,2
64347,4.84951,49.73611,2
64348,4.84925,49.73601,2
64349,4.84925,49.73601,2
64350,4.84894,49.73578,2
64351,4.8548,49.73927,2
64352,4.84814,49.73567,2
64353,4.84814,49.73567,2
64354,4.8487,49.73584,2
64355,4.8487,49.73584,2
64356,4.84897,49.73592,2
64357,4.84859,49.73568,2
64358,4.84825,49.73557,2
64359,4.84825,49.73557,2
64360,4.84825,49.73557,2
64361,4.84824,49.73524,2
64362,4.84805,49.73544,2
64363,4.84788,49.73558,2
64364,4.84788,49.73558,2
64365,4.84798,49.73548,2
64366,4.84798,49.73548,2
64367,4.85526,49.7374,2
64368,4.84798,49.73548,2
64369,4.84778,49.7354,2
64370,4.84008,49.72951,2
64371,4.84778,49.7354,2
64372,4.84778,49.7354,2
64373,4.84778,49.7354,2
64374,4.84798,49.73548,2
64375,4.84768,49.7355,2
64376,4.84768,49.7355,2
64377,4.84757,49.73532,2
64378,4.84757,49.73532,2
64379,4.84747,49.73541,2
64380,4.84727,49.73533,2
64381,4.84938,49.73599,2
64382,4.84938,49.73599,2
64383,4.84938,49.73599,2
64384,4.84441,49.73389,2
64385,4.84938,49.73599,2
64386,4.84103,49.73363,2
64387,4.85213,49.73871,2
64388,4.8405,49.73376,2
64389,4.8505,49.7371,2
64390,4.84018,49.73409,2
64391,4.8404,49.73443,2
64392,4.85153,49.73772,2
64393,4.84052,49.73432,2
64394,4.84034,49.73412,2
64395,4.85048,49.73677,2
64396,4.84053,49.73393,2
64397,4.85025,49.73629,2
64398,4.85057,49.73642,2
64399,4.84081,49.73383,2
64400,4.84115,49.73378,2
64401,4.84929,49.73589,2
64402,4.84123,49.73357,2
64403,4.84701,49.73528,2
64404,4.84701,49.73542,2
64405,4.84814,49.73567,2
64406,4.84649,49.73571,2
64407,4.84798,49.73548,2
64408,4.84701,49.73542,2
64409,4.84778,49.7354,2
64410,4.84671,49.73544,2
64411,4.84938,49.73599,2
64412,4.84674,49.73495,2
64413,4.846,49.73601,2
64414,4.84089,49.73341,2
64415,4.84568,49.73446,2
64416,4.84475,49.73418,2
64417,4.84555,49.73633,2
64418,4.84175,49.73332,2
64419,4.84671,49.73544,2
64420,4.8428,49.73248,2
64421,4.84509,49.73666,2
64422,4.84415,49.73293,2
64423,4.84464,49.73699,2
64424,4.84464,49.73699,2
64425,4.84392,49.73382,2
64426,4.840356,49.727267,2
64427,4.84641,49.7356,2
64428,4.8461,49.73576,2
64429,4.84531,49.73633,2
64430,4.838119,49.728005,2
64431,4.84584,49.73595,2
64432,4.84505,49.73652,2
64433,4.8473,49.73292,2
64434,4.8473,49.73292,2
64435,4.84479,49.7367,2
64436,4.84419,49.73732,2
64437,4.8473,49.73292,2
64438,4.84393,49.73771,2
64439,4.83869,49.72825,2
64440,4.8473,49.73292,2
64441,4.84558,49.73614,2
64442,4.84375,49.73848,2
64443,4.8473,49.73292,2
64444,4.84453,49.73689,2
64445,4.84401,49.73727,2
64446,4.84375,49.73774,2
64447,4.84727,49.73277,2
64448,4.84375,49.73774,2
64449,4.8473,49.73292,2
64450,4.84379,49.73825,2
64451,4.84193,49.73967,2
64452,4.84377,49.73799,2
64453,4.84709,49.73511,2
64454,4.84669,49.73079,2
64455,4.84709,49.73511,2
64456,4.84674,49.73495,2
64457,4.8473,49.73292,2
64458,4.84638,49.73478,2
64459,4.84464,49.73699,2
64460,4.84674,49.73495,2
64461,4.85569,49.73733,2
64462,4.84603,49.73462,2
64463,4.85569,49.73733,2
64464,4.84603,49.73462,2
64465,4.85569,49.73733,2
64466,4.84505,49.73417,2
64467,4.84568,49.73446,2
64468,4.84568,49.73446,2
64469,4.84568,49.73446,2
64470,4.84568,49.73446,2
64471,4.8469,49.73516,2
64472,4.8469,49.73516,2
64473,4.84584,49.73467,2
64474,4.84584,49.73467,2
64475,4.84531,49.73443,2
64476,4.84495,49.73427,2
64477,4.84441,49.73389,2
64478,4.84485,49.73409,2
64479,4.84505,49.73417,2
64480,4.84532,49.73429,2
64481,4.84464,49.73399,2
64482,4.84418,49.73379,2
64483,4.84418,49.73379,2
64484,4.84475,49.73418,2
64485,4.84448,49.73406,2
64486,4.84414,49.73391,2
64487,4.84414,49.73391,2
64488,4.84414,49.73391,2
64489,4.84475,49.73418,2
64490,4.84475,49.73418,2
64491,4.84448,49.73406,2
64492,4.84448,49.73406,2
64493,4.84336,49.73353,2
64494,4.84336,49.73353,2
64495,4.85401,49.73759,2
64496,4.84382,49.73378,2
64497,4.84372,49.73374,2
64498,4.84372,49.73374,2
64499,4.84372,49.73374,2
64500,4.84362,49.73371,2
64501,4.85351,49.73828,2
64502,4.84352,49.73367,2
64503,4.84342,49.73363,2
64504,4.84332,49.7336,2
64505,4.84322,49.73356,2
64506,4.84312,49.73352,2
64507,4.84302,49.73349,2
64508,4.84254,49.73325,2
64509,4.84215,49.73328,2
64510,4.84175,49.73332,2
64511,4.84263,49.73337,2
64512,4.84246,49.73337,2
64513,4.84218,49.73339,2
64514,4.84138,49.73348,2
64515,4.85124,49.7396,2
64516,4.84336,49.73353,2
64517,4.85175,49.74007,2
64518,4.84089,49.73341,2
64519,4.8405,49.73343,2
64520,4.8405,49.73343,2
64521,4.71689,49.77249,2
64522,4.7188,49.77062,2
64523,4.71923,49.77055,2
64524,4.71901,49.77059,2
64525,4.71923,49.77055,2
64526,4.71923,49.77055,2
64527,4.71929,49.77052,2
64528,4.71731,49.77093,2
64529,4.71731,49.77093,2
64530,4.71761,49.77236,2
64531,4.71425,49.77277,2
64532,4.71693,49.77045,2
64533,4.71605,49.77195,2
64534,4.79773,49.77989,2
64535,4.794006,49.780342,2
64536,4.79855,49.78095,2
64537,4.79034,49.77268,2
64538,4.795309,49.777737,2
64539,4.79605,49.78011,2
64540,4.79349,49.77939,2
64541,4.79393,49.78009,2
64542,4.79349,49.77939,2
64543,4.78281,49.78196,2
64544,4.79555,49.78075,2
64545,4.795615,49.78092,2
64546,4.795257,49.782122,2
64547,4.79855,49.78095,2
64548,4.79855,49.78095,2
64549,4.79855,49.78095,2
64550,4.79855,49.78095,2
64551,4.79855,49.78095,2
64552,4.79639,49.78025,2
64553,4.796,49.78038,2
64554,4.79825,49.78042,2
64555,4.80392,49.7769,2
64556,4.80392,49.7769,2
64557,4.79607,49.78027,2
64558,4.79607,49.78027,2
64559,4.79691,49.77961,2
64560,4.79583,49.77944,2
64561,4.79034,49.77268,2
64562,4.42052,49.8815,2
64563,4.426703,49.851939,2
64564,4.43652,49.87239,2
64565,4.42662,49.86793,2
64566,4.437457,49.87146,2
64567,4.43652,49.87239,2
64568,4.43652,49.87239,2
64569,4.42986,49.88412,2
64570,4.42052,49.8815,2
64571,4.415693,49.890461,2
64572,4.409968,49.870773,2
64573,4.414792,49.870484,2
64574,4.409315,49.868727,2
64575,4.43207,49.90302,2
64576,4.43207,49.90302,2
64577,4.46749,49.9021,2
64578,4.42904,49.86849,2
64579,4.43475,49.86656,2
64580,4.43475,49.86656,2
64581,4.78761,49.7016,2
64582,4.7925,49.70599,2
64583,4.79471,49.69852,2
64584,4.808569,49.706851,2
64585,4.79423,49.70076,2
64586,4.79496,49.70417,2
64587,4.79821,49.69916,2
64588,4.79587,49.70146,2
64589,4.79596,49.70148,2
64590,4.79423,49.70076,2
64591,4.79955,49.69992,2
64592,4.79641,49.70161,2
64593,4.79423,49.70076,2
64594,4.79496,49.70417,2
64595,4.779226,49.707131,2
64596,4.779696,49.715783,2
64597,4.792914,49.700233,2
64598,4.78752,49.70535,2
64599,4.80126,49.70128,2
64600,4.62904,49.94175,2
64601,4.62822,49.94083,2
64602,4.63516,49.94299,2
64603,4.08431,49.45654,2
64604,4.08626,49.45845,2
64605,4.08626,49.45845,2
64606,4.08431,49.45654,2
64607,4.08431,49.45654,2
64608,4.08046,49.45381,2
64609,4.08103,49.45634,2
64610,4.08366,49.45493,2
64611,4.08492,49.45612,2
64612,4.08492,49.45612,2
64613,4.08228,49.45806,2
64614,4.08492,49.45612,2
64615,4.08003,49.45665,2
64616,4.08492,49.45612,2
64617,4.05209,49.43345,2
64618,4.05205,49.43308,2
64619,4.05246,49.43307,2
64620,4.04863,49.43373,2
64621,4.04863,49.43373,2
64622,4.05202,49.4335,2
64623,4.8521,49.4765,2
64624,4.854192,49.476573,2
64625,4.85336,49.47877,2
64626,4.85336,49.4788,2
64627,4.84998,49.47697,2
64628,4.851104,49.484187,2
64629,4.85392,49.47554,2
64630,4.85392,49.47554,2
64631,4.850587,49.482077,2
64632,4.8521,49.4765,2
64633,4.85124,49.7396,2
64634,4.85379,49.73501,2
64635,4.8473,49.73292,2
64636,4.84938,49.73599,2
64637,4.84938,49.73599,2
64638,4.84064,49.73381,2
64639,4.84336,49.73353,2
64640,4.84622,49.73303,2
64641,4.8473,49.73292,2
64642,4.8473,49.73292,2
64643,4.8473,49.73292,2
64644,4.8473,49.73292,2
64645,4.85265,49.73417,2
64646,4.85379,49.73501,2
64647,4.85184,49.73635,2
64648,4.85184,49.73635,2
64649,4.85184,49.73635,2
64650,4.85548,49.73731,2
64651,4.85522,49.73786,2
64652,4.8473,49.73292,2
64653,4.85522,49.73786,2
64654,4.83869,49.72825,2
64655,4.85189,49.73471,2
64656,4.8473,49.73292,2
64657,4.8473,49.73292,2
64658,4.8473,49.73292,2
64659,4.85379,49.73501,2
64660,4.8521,49.73809,2
