"ID","Longitude","Latitude","ServiceTime (min)"
137985,4.72015,49.77577,2
137986,4.72015,49.77577,2
137987,4.72025,49.77589,2
137988,4.72036,49.776,2
137989,4.72073,49.77599,2
137990,4.72036,49.776,2
137991,4.72036,49.776,2
137992,4.72036,49.776,2
137993,4.72036,49.776,2
137994,4.72036,49.776,2
137995,4.71741,49.77809,2
137996,4.72036,49.776,2
137997,4.71966,49.77659,2
137998,4.71966,49.77659,2
137999,4.71966,49.77659,2
138000,4.71966,49.77659,2
138001,4.71966,49.77659,2
138002,4.71918,49.77687,2
138003,4.72065,49.77295,2
138004,4.71918,49.77687,2
138005,4.71918,49.77687,2
138006,4.71918,49.77687,2
138007,4.71918,49.77687,2
138008,4.71918,49.77687,2
138009,4.71823,49.77744,2
138010,4.71823,49.77744,2
138011,4.7187,49.77715,2
138012,4.7187,49.77715,2
138013,4.7187,49.77715,2
138014,4.7187,49.77715,2
138015,4.7187,49.77715,2
138016,4.71741,49.77809,2
138017,4.71741,49.77809,2
138018,4.71741,49.77809,2
138019,4.71741,49.77809,2
138020,4.72012,49.77236,2
138021,4.72012,49.77236,2
138022,4.72012,49.77236,2
138023,4.72012,49.77236,2
138024,4.72012,49.77236,2
138025,4.72016,49.77601,2
138026,4.72012,49.77236,2
138027,4.72012,49.77236,2
138028,4.72031,49.7727,2
138029,4.72031,49.7727,2
138030,4.72037,49.7728,2
138031,4.7204,49.77285,2
138032,4.7204,49.77285,2
138033,4.72046,49.77295,2
138034,4.72046,49.77295,2
138035,4.72046,49.77295,2
138036,4.72046,49.77295,2
138037,4.72046,49.77295,2
138038,4.72046,49.77295,2
138039,4.72046,49.77295,2
138040,4.72005,49.77186,2
138041,4.72046,49.77295,2
138042,4.72046,49.77295,2
138043,4.72048,49.77299,2
138044,4.72048,49.77299,2
138045,4.72048,49.77299,2
138046,4.72051,49.77304,2
138047,4.72051,49.77304,2
138048,4.72034,49.77275,2
138049,4.72055,49.77311,2
138050,4.72055,49.77311,2
138051,4.72055,49.77311,2
138052,4.72055,49.77311,2
138053,4.72055,49.77311,2
138054,4.72065,49.77295,2
138055,4.72029,49.77232,2
138056,4.72065,49.77295,2
138057,4.72062,49.7729,2
138058,4.72062,49.7729,2
138059,4.72059,49.77286,2
138060,4.72059,49.77286,2
138061,4.72059,49.77286,2
138062,4.72057,49.77281,2
138063,4.72057,49.77281,2
138064,4.7201,49.77231,2
138065,4.72054,49.77276,2
138066,4.72054,49.77276,2
138067,4.72054,49.77276,2
138068,4.72051,49.77271,2
138069,4.72051,49.77271,2
138070,4.72051,49.77271,2
138071,4.72051,49.77271,2
138072,4.72048,49.77266,2
138073,4.72048,49.77266,2
138074,4.72029,49.77232,2
138075,4.72029,49.77232,2
138076,4.72029,49.77232,2
138077,4.72029,49.77232,2
138078,4.72026,49.77227,2
138079,4.72026,49.77227,2
138080,4.72029,49.77232,2
138081,4.72029,49.77232,2
138082,4.72026,49.77227,2
138083,4.72029,49.77232,2
138084,4.72029,49.77232,2
138085,4.72018,49.77212,2
138086,4.72018,49.77212,2
138087,4.72016,49.77207,2
138088,4.72018,49.77212,2
138089,4.72016,49.77207,2
138090,4.72016,49.77207,2
138091,4.72016,49.77207,2
138092,4.7201,49.77196,2
138093,4.7201,49.77196,2
138094,4.71966,49.77659,2
138095,4.72013,49.77202,2
138096,4.72013,49.77202,2
138097,4.7201,49.77196,2
138098,4.72013,49.77202,2
138099,4.72008,49.77191,2
138100,4.72008,49.77191,2
138101,4.72003,49.77181,2
138102,4.72,49.77176,2
138103,4.72196,49.77547,2
138104,4.71782,49.77776,2
138105,4.72177,49.77554,2
138106,4.7201,49.77196,2
138107,4.72177,49.77554,2
138108,4.7205,49.7761,2
138109,4.72032,49.77619,2
138110,4.72016,49.77601,2
138111,4.72008,49.77592,2
138112,4.71946,49.77518,2
138113,4.71905,49.7745,2
138114,4.71905,49.7745,2
138115,4.71905,49.7745,2
138116,4.71894,49.77435,2
138117,4.71916,49.77438,2
138118,4.71933,49.77466,2
138119,4.71933,49.77466,2
138120,4.71946,49.77489,2
138121,4.71946,49.77489,2
138122,4.71994,49.77554,2
138123,4.72036,49.776,2
138124,4.71966,49.77659,2
138125,4.71823,49.77744,2
138126,4.71741,49.77809,2
138127,4.72012,49.77236,2
138128,4.72012,49.77236,2
138129,4.72014,49.77241,2
138130,4.72017,49.77246,2
138131,4.72037,49.7728,2
138132,4.7204,49.77285,2
138133,4.72046,49.77295,2
138134,4.72043,49.7729,2
138135,4.72046,49.77295,2
138136,4.72046,49.77295,2
138137,4.72048,49.77299,2
138138,4.72048,49.77299,2
138139,4.72051,49.77304,2
138140,4.72051,49.77304,2
138141,4.72034,49.77275,2
138142,4.72062,49.7729,2
138143,4.72059,49.77286,2
138144,4.72032,49.77619,2
138145,4.72032,49.77619,2
138146,4.72054,49.77276,2
138147,4.72032,49.77619,2
138148,4.72032,49.77619,2
138149,4.72057,49.77281,2
138150,4.72032,49.77619,2
138151,4.72051,49.77271,2
138152,4.72051,49.77271,2
138153,4.72029,49.77232,2
138154,4.72029,49.77232,2
138155,4.7201,49.77196,2
138156,4.71782,49.77776,2
138157,4.71782,49.77776,2
138158,4.72008,49.77191,2
138159,4.71782,49.77776,2
138160,4.72005,49.77186,2
138161,4.72003,49.77181,2
138162,4.72,49.77176,2
138163,4.71948,49.77496,2
138164,4.71959,49.77538,2
138165,4.72054,49.77276,2
138166,4.71916,49.77438,2
138167,4.7187,49.77715,2
138168,4.72051,49.77304,2
138169,4.72059,49.77286,2
138170,4.72057,49.77281,2
138171,4.72046,49.77295,2
138172,4.72196,49.77547,2
138173,4.72196,49.77547,2
138174,4.71929,49.77493,2
138175,4.72177,49.77554,2
138176,4.72177,49.77554,2
138177,4.72177,49.77554,2
138178,4.72177,49.77554,2
138179,4.72177,49.77554,2
138180,4.72177,49.77554,2
138181,4.72149,49.77565,2
138182,4.72149,49.77565,2
138183,4.72149,49.77565,2
138184,4.72149,49.77565,2
138185,4.72149,49.77565,2
138186,4.72149,49.77565,2
138187,4.72149,49.77565,2
138188,4.72149,49.77565,2
138189,4.72149,49.77565,2
138190,4.72149,49.77565,2
138191,4.72149,49.77565,2
138192,4.72149,49.77565,2
138193,4.72149,49.77565,2
138194,4.72149,49.77565,2
138195,4.72149,49.77565,2
138196,4.72149,49.77565,2
138197,4.72149,49.77565,2
138198,4.72149,49.77565,2
138199,4.72122,49.77576,2
138200,4.72096,49.77588,2
138201,4.72096,49.77588,2
138202,4.72096,49.77588,2
138203,4.72096,49.77588,2
138204,4.72096,49.77588,2
138205,4.72096,49.77588,2
138206,4.72096,49.77588,2
138207,4.72,49.77176,2
138208,4.72096,49.77588,2
138209,4.72,49.77176,2
138210,4.72015,49.77577,2
138211,4.72096,49.77588,2
138212,4.72096,49.77588,2
138213,4.72096,49.77588,2
138214,4.72096,49.77588,2
138215,4.72096,49.77588,2
138216,4.72096,49.77588,2
138217,4.72096,49.77588,2
138218,4.72096,49.77588,2
138219,4.72096,49.77588,2
138220,4.72073,49.77599,2
138221,4.72073,49.77599,2
138222,4.72073,49.77599,2
138223,4.72073,49.77599,2
138224,4.72073,49.77599,2
138225,4.72073,49.77599,2
138226,4.7205,49.7761,2
138227,4.7205,49.7761,2
138228,4.7205,49.7761,2
138229,4.7205,49.7761,2
138230,4.7205,49.7761,2
138231,4.7205,49.7761,2
138232,4.7205,49.7761,2
138233,4.72073,49.77599,2
138234,4.7205,49.7761,2
138235,4.7205,49.7761,2
138236,4.72032,49.77619,2
138237,4.72032,49.77619,2
138238,4.72024,49.7761,2
138239,4.72016,49.77601,2
138240,4.72016,49.77601,2
138241,4.72016,49.77601,2
138242,4.72008,49.77592,2
138243,4.72024,49.7761,2
138244,4.72008,49.77592,2
138245,4.72024,49.7761,2
138246,4.72008,49.77592,2
138247,4.72024,49.7761,2
138248,4.72008,49.77592,2
138249,4.72008,49.77592,2
138250,4.71959,49.77538,2
138251,4.71959,49.77538,2
138252,4.71959,49.77538,2
138253,4.71959,49.77538,2
138254,4.71905,49.7745,2
138255,4.71905,49.7745,2
138256,4.71905,49.7745,2
138257,4.71905,49.7745,2
138258,4.71905,49.7745,2
138259,4.71905,49.7745,2
138260,4.71905,49.7745,2
138261,4.72,49.77176,2
138262,4.71933,49.77466,2
138263,4.71933,49.77466,2
138264,4.72024,49.7761,2
138265,4.71933,49.77466,2
138266,4.71933,49.77466,2
138267,4.71933,49.77466,2
138268,4.71946,49.77489,2
138269,4.71946,49.77489,2
138270,4.71994,49.77554,2
138271,4.71994,49.77554,2
138272,4.71994,49.77554,2
138273,4.71994,49.77554,2
138274,4.71994,49.77554,2
138275,4.71994,49.77554,2
138276,4.71994,49.77554,2
138277,4.71994,49.77554,2
138278,4.72004,49.77565,2
138279,4.72015,49.77577,2
138280,4.71327,49.72886,2
138281,4.71837,49.73256,2
138282,4.71096,49.72816,2
138283,4.71114,49.72821,2
138284,4.71148,49.72833,2
138285,4.71114,49.72821,2
138286,4.711357,49.728255,2
138287,4.7116,49.72837,2
138288,4.71172,49.72841,2
138289,4.71419,49.72956,2
138290,4.71172,49.72841,2
138291,4.71419,49.72956,2
138292,4.71184,49.72846,2
138293,4.71196,49.7285,2
138294,4.71217,49.72857,2
138295,4.7157,49.73044,2
138296,4.71207,49.72854,2
138297,4.7157,49.73044,2
138298,4.71265,49.72887,2
138299,4.71265,49.72887,2
138300,4.71265,49.72887,2
138301,4.71265,49.72887,2
138302,4.71265,49.72887,2
138303,4.71265,49.72887,2
138304,4.71265,49.72887,2
138305,4.71373,49.72942,2
138306,4.71265,49.72887,2
138307,4.71368,49.72931,2
138308,4.71265,49.72887,2
138309,4.71303,49.72922,2
138310,4.71294,49.72916,2
138311,4.71303,49.72922,2
138312,4.71304,49.72864,2
138313,4.7132,49.72862,2
138314,4.71315,49.72881,2
138315,4.71315,49.72881,2
138316,4.71315,49.72881,2
138317,4.71327,49.72886,2
138318,4.71339,49.72891,2
138319,4.71351,49.72896,2
138320,4.71364,49.72901,2
138321,4.71371,49.72918,2
138322,4.71381,49.72923,2
138323,4.71392,49.72928,2
138324,4.71402,49.72933,2
138325,4.71413,49.72938,2
138326,4.71327,49.72908,2
138327,4.71308,49.72894,2
138328,4.71394,49.72944,2
138329,4.71327,49.7299,2
138330,4.71346,49.7292,2
138331,4.71369,49.72949,2
138332,4.71378,49.72966,2
138333,4.7133,49.7294,2
138334,4.71369,49.72963,2
138335,4.71358,49.72957,2
138336,4.71349,49.72951,2
138337,4.7134,49.72946,2
138338,4.71387,49.72969,2
138339,4.71312,49.72928,2
138340,4.71366,49.72982,2
138341,4.71355,49.72989,2
138342,4.7129,49.73027,2
138343,4.71419,49.72956,2
138344,4.71301,49.73021,2
138345,4.7157,49.73044,2
138346,4.71443,49.72968,2
138347,4.71604,49.73071,2
138348,4.71466,49.72979,2
138349,4.71505,49.72984,2
138350,4.7149,49.72991,2
138351,4.71304,49.72864,2
138352,4.71515,49.73004,2
138353,4.71726,49.73178,2
138354,4.71535,49.73017,2
138355,4.71553,49.73031,2
138356,4.71587,49.73057,2
138357,4.71628,49.73091,2
138358,4.71628,49.73091,2
138359,4.71442,49.72952,2
138360,4.7157,49.73044,2
138361,4.71457,49.7296,2
138362,4.71473,49.72968,2
138363,4.71473,49.72968,2
138364,4.71473,49.72968,2
138365,4.71473,49.72968,2
138366,4.71473,49.72968,2
138367,4.71505,49.72984,2
138368,4.71505,49.72984,2
138369,4.71505,49.72984,2
138370,4.71526,49.72995,2
138371,4.71546,49.73007,2
138372,4.71557,49.73016,2
138373,4.71567,49.73024,2
138374,4.7165,49.73111,2
138375,4.7165,49.73111,2
138376,4.71589,49.73041,2
138377,4.71578,49.73032,2
138378,4.716,49.73049,2
138379,4.71621,49.73066,2
138380,4.71664,49.73104,2
138381,4.71664,49.73104,2
138382,4.71803,49.73247,2
138383,4.71688,49.73144,2
138384,4.715841,49.730484,2
138385,4.71136,49.72829,2
138386,4.71701,49.73136,2
138387,4.71711,49.73144,2
138388,4.71711,49.73144,2
138389,4.7172,49.73152,2
138390,4.71701,49.73155,2
138391,4.71714,49.73166,2
138392,4.71739,49.73169,2
138393,4.7173,49.73161,2
138394,4.71776,49.73203,2
138395,4.71786,49.73211,2
138396,4.71795,49.7322,2
138397,4.71763,49.73211,2
138398,4.71776,49.73222,2
138399,4.71804,49.73228,2
138400,4.71814,49.73237,2
138401,4.71814,49.73237,2
138402,4.71826,49.73246,2
138403,4.71837,49.73256,2
138404,4.7185,49.73266,2
138405,4.71863,49.73278,2
138406,4.71876,49.73289,2
138407,4.71821,49.7326,2
138408,4.71835,49.73273,2
138409,4.71861,49.73296,2
138410,4.71874,49.73308,2
138411,4.71887,49.73319,2
138412,4.719,49.73331,2
138413,4.71889,49.73301,2
138414,4.71902,49.73313,2
138415,4.71915,49.73324,2
138416,4.71913,49.73343,2
138417,4.71927,49.73355,2
138418,4.71942,49.73369,2
138419,4.71942,49.73349,2
138420,4.71693,49.73383,2
138421,4.71717,49.73264,2
138422,4.71707,49.73362,2
138423,4.71684,49.73407,2
138424,4.7174,49.73329,2
138425,4.717357,49.731191,2
138426,4.717357,49.731191,2
138427,4.71756,49.73313,2
138428,4.717573,49.73107,2
138429,4.717573,49.73107,2
138430,4.71692,49.73429,2
138431,4.717213,49.730772,2
138432,4.717213,49.730772,2
138433,4.71804,49.73268,2
138434,4.716969,49.730903,2
138435,4.716969,49.730903,2
138436,4.71717,49.73441,2
138437,4.716969,49.730903,2
138438,4.716969,49.730903,2
138439,4.71664,49.73314,2
138440,4.717213,49.730772,2
138441,4.71773,49.73297,2
138442,4.717213,49.730772,2
138443,4.71717,49.73445,2
138444,4.716928,49.73031,2
138445,4.716928,49.73031,2
138446,4.71707,49.73362,2
138447,4.71642,49.73354,2
138448,4.71714,49.73446,2
138449,4.71656,49.73361,2
138450,4.71645,49.7337,2
138451,4.71694,49.73454,2
138452,4.71631,49.73362,2
138453,4.71821,49.7326,2
138454,4.71742,49.73444,2
138455,4.71803,49.73247,2
138456,4.71788,49.73234,2
138457,4.71722,49.7343,2
138458,4.71702,49.73419,2
138459,4.71732,49.73272,2
138460,4.71762,49.73287,2
138461,4.71709,49.73389,2
138462,4.71714,49.7338,2
138463,4.71734,49.73382,2
138464,4.71753,49.73385,2
138465,4.71773,49.73388,2
138466,4.71789,49.73393,2
138467,4.71803,49.73387,2
138468,4.71791,49.73378,2
138469,4.71772,49.73376,2
138470,4.71754,49.73373,2
138471,4.71736,49.73371,2
138472,4.71732,49.73264,2
138473,4.71717,49.73368,2
138474,4.71652,49.73339,2
138475,4.71681,49.73306,2
138476,4.71724,49.73366,2
138477,4.71672,49.73339,2
138478,4.71745,49.73346,2
138479,4.71765,49.73325,2
138480,4.71786,49.73305,2
138481,4.71813,49.73279,2
138482,4.71736,49.73259,2
138483,4.71701,49.73155,2
138484,4.71701,49.73155,2
138485,4.71217,49.72857,2
138486,4.71308,49.72894,2
138487,4.703762,49.724064,2
138488,4.73251,49.88435,2
138489,4.73251,49.88435,2
138490,4.73251,49.88435,2
138491,4.73251,49.88435,2
138492,4.731429,49.883695,2
138493,4.73251,49.88435,2
138494,4.73251,49.88435,2
138495,4.73251,49.88435,2
138496,4.73251,49.88435,2
138497,4.73251,49.88435,2
138498,4.73251,49.88435,2
138499,4.73251,49.88435,2
138500,4.73251,49.88435,2
138501,4.73251,49.88435,2
138502,4.73154,49.8845,2
138503,4.73251,49.88435,2
138504,4.73251,49.88435,2
138505,4.731104,49.88477,2
138506,4.731459,49.884332,2
138507,4.731774,49.882754,2
138508,4.731682,49.882881,2
138509,4.732291,49.886067,2
138510,4.731523,49.883342,2
138511,4.7318,49.882726,2
138512,4.7318,49.882726,2
138513,4.731787,49.882744,2
138514,4.732464,49.88618,2
138515,4.732464,49.88618,2
138516,4.73249,49.88607,2
138517,4.73233,49.88613,2
138518,4.73269,49.88619,2
138519,4.73357,49.88656,2
138520,4.73305,49.88631,2
138521,4.73246,49.88621,2
138522,4.73259,49.8863,2
138523,4.73271,49.88654,2
138524,4.73268,49.88659,2
138525,4.73265,49.88665,2
138526,4.73263,49.88671,2
138527,4.7326,49.88676,2
138528,4.73257,49.88682,2
138529,4.73254,49.88687,2
138530,4.73252,49.88693,2
138531,4.73249,49.88698,2
138532,4.73234,49.8869,2
138533,4.73246,49.88704,2
138534,4.73246,49.88704,2
138535,4.7324,49.88678,2
138536,4.73246,49.88666,2
138537,4.73252,49.88654,2
138538,4.73298,49.88642,2
138539,4.73363,49.88645,2
138540,4.73363,49.88645,2
138541,4.73363,49.88645,2
138542,4.73408,49.88662,2
138543,4.73402,49.88666,2
138544,4.73402,49.88666,2
138545,4.73402,49.88666,2
138546,4.73415,49.88683,2
138547,4.73357,49.88656,2
138548,4.73357,49.88656,2
138549,4.7349,49.8866,2
138550,4.73525,49.88637,2
138551,4.73525,49.88637,2
138552,4.73551,49.88619,2
138553,4.7357,49.88606,2
138554,4.73586,49.88593,2
138555,4.73599,49.88577,2
138556,4.73625,49.88547,2
138557,4.73612,49.88562,2
138558,4.73664,49.88501,2
138559,4.73638,49.88531,2
138560,4.73651,49.88516,2
138561,4.73689,49.88405,2
138562,4.73689,49.88405,2
138563,4.73627,49.88555,2
138564,4.73627,49.88555,2
138565,4.73678,49.88457,2
138566,4.73678,49.88457,2
138567,4.73627,49.88555,2
138568,4.736335,49.885439,2
138569,4.73627,49.88555,2
138570,4.73627,49.88555,2
138571,4.73627,49.88555,2
138572,4.73649,49.88494,2
138573,4.73384,49.88692,2
138574,4.73333,49.88696,2
138575,4.73346,49.88694,2
138576,4.73364,49.88693,2
138577,4.73348,49.88706,2
138578,4.73333,49.88707,2
138579,4.73318,49.88709,2
138580,4.73303,49.8871,2
138581,4.73288,49.88711,2
138582,4.73288,49.88711,2
138583,4.7332,49.88697,2
138584,4.73306,49.88698,2
138585,4.73013,49.88619,2
138586,4.73293,49.88699,2
138587,4.73279,49.88701,2
138588,4.73266,49.88702,2
138589,4.73252,49.88703,2
138590,4.73239,49.88704,2
138591,4.73272,49.88713,2
138592,4.73242,49.88716,2
138593,4.73228,49.88704,2
138594,4.73228,49.88704,2
138595,4.73228,49.88704,2
138596,4.73213,49.88701,2
138597,4.73228,49.88703,2
138598,4.73198,49.88698,2
138599,4.73183,49.88695,2
138600,4.73174,49.88693,2
138601,4.73627,49.88555,2
138602,4.741424,49.874012,2
138603,4.740213,49.87691,2
138604,4.73558,49.88783,2
138605,4.738674,49.877282,2
138606,4.737482,49.878231,2
138607,4.736877,49.880731,2
138608,4.73178,49.88706,2
138609,4.73157,49.887,2
138610,4.73166,49.8869,2
138611,4.73158,49.88687,2
138612,4.7315,49.88684,2
138613,4.7315,49.88697,2
138614,4.73143,49.88681,2
138615,4.73135,49.88678,2
138616,4.73127,49.88675,2
138617,4.73119,49.88672,2
138618,4.73112,49.88669,2
138619,4.73128,49.88689,2
138620,4.73121,49.88686,2
138621,4.73092,49.88675,2
138622,4.731,49.88678,2
138623,4.73085,49.88672,2
138624,4.73096,49.88663,2
138625,4.73104,49.88666,2
138626,4.73104,49.88666,2
138627,4.73104,49.88666,2
138628,4.73104,49.88666,2
138629,4.73114,49.88684,2
138630,4.73107,49.88681,2
138631,4.73081,49.88657,2
138632,4.73073,49.88654,2
138633,4.73067,49.88651,2
138634,4.73058,49.88645,2
138635,4.73013,49.88619,2
138636,4.73052,49.88641,2
138637,4.73058,49.88645,2
138638,4.73058,49.88645,2
138639,4.73043,49.88635,2
138640,4.73039,49.88632,2
138641,4.73029,49.88642,2
138642,4.73023,49.88638,2
138643,4.73017,49.88633,2
138644,4.73017,49.88633,2
138645,4.73034,49.88628,2
138646,4.73034,49.88628,2
138647,4.7302,49.88616,2
138648,4.73011,49.88628,2
138649,4.73006,49.88624,2
138650,4.73,49.88619,2
138651,4.7301,49.88609,2
138652,4.73006,49.88605,2
138653,4.73001,49.88601,2
138654,4.72992,49.88594,2
138655,4.72992,49.88594,2
138656,4.72992,49.88594,2
138657,4.72977,49.886,2
138658,4.72972,49.88595,2
138659,4.72988,49.8859,2
138660,4.72988,49.8859,2
138661,4.72981,49.88583,2
138662,4.72967,49.8859,2
138663,4.72957,49.88581,2
138664,4.72952,49.88576,2
138665,4.72973,49.88575,2
138666,4.72969,49.88572,2
138667,4.72965,49.88568,2
138668,4.72962,49.88564,2
138669,4.72956,49.8856,2
138670,4.7295,49.88555,2
138671,4.72944,49.8855,2
138672,4.72937,49.88545,2
138673,4.72931,49.8854,2
138674,4.72925,49.88536,2
138675,4.72919,49.88531,2
138676,4.72896,49.88516,2
138677,4.72883,49.88507,2
138678,4.72875,49.88497,2
138679,4.72875,49.88497,2
138680,4.72867,49.88486,2
138681,4.72859,49.88476,2
138682,4.72851,49.88465,2
138683,4.72843,49.88454,2
138684,4.72839,49.88445,2
138685,4.72843,49.88454,2
138686,4.72836,49.88433,2
138687,4.72833,49.88421,2
138688,4.72831,49.88409,2
138689,4.72828,49.88397,2
138690,4.72826,49.88385,2
138691,4.72823,49.88373,2
138692,4.72835,49.88314,2
138693,4.7282,49.88361,2
138694,4.72825,49.88337,2
138695,4.7283,49.88325,2
138696,4.7285,49.88279,2
138697,4.72868,49.88258,2
138698,4.72879,49.88248,2
138699,4.7289,49.88238,2
138700,4.72901,49.88229,2
138701,4.72988,49.88243,2
138702,4.72901,49.88229,2
138703,4.72912,49.88219,2
138704,4.73141,49.88544,2
138705,4.72945,49.88189,2
138706,4.73202,49.88582,2
138707,4.72927,49.88186,2
138708,4.731716,49.885369,2
138709,4.72909,49.88202,2
138710,4.731716,49.885369,2
138711,4.72891,49.88218,2
138712,4.72873,49.88234,2
138713,4.74063,49.89284,2
138714,4.72855,49.88251,2
138715,4.72837,49.88267,2
138716,4.72828,49.88286,2
138717,4.73408,49.88662,2
138718,4.7282,49.88305,2
138719,4.73453,49.88681,2
138720,4.72812,49.88324,2
138721,4.7349,49.8866,2
138722,4.73143,49.88681,2
138723,4.72803,49.88344,2
138724,4.73078,49.8867,2
138725,4.73029,49.88624,2
138726,4.72803,49.88363,2
138727,4.72994,49.88614,2
138728,4.72807,49.88383,2
138729,4.72812,49.88403,2
138730,4.728277,49.872268,2
138731,4.72816,49.88423,2
138732,4.7282,49.88349,2
138733,4.7282,49.88442,2
138734,4.711238,49.876743,2
138735,4.72901,49.88229,2
138736,4.72827,49.88459,2
138737,4.72835,49.88471,2
138738,4.72843,49.88482,2
138739,4.72852,49.88493,2
138740,4.7286,49.88504,2
138741,4.72869,49.88515,2
138742,4.72882,49.88523,2
138743,4.72896,49.88532,2
138744,4.72906,49.88539,2
138745,4.72913,49.88544,2
138746,4.72927,49.88555,2
138747,4.7292,49.8855,2
138748,4.72942,49.88567,2
138749,4.72942,49.88567,2
138750,4.72947,49.88571,2
138751,4.73456,49.88815,2
138752,4.7347,49.88811,2
138753,4.73483,49.88808,2
138754,4.73522,49.88796,2
138755,4.73496,49.88804,2
138756,4.73443,49.88818,2
138757,4.7343,49.88822,2
138758,4.73416,49.88826,2
138759,4.73399,49.88829,2
138760,4.73363,49.88832,2
138761,4.73363,49.88832,2
138762,4.73381,49.8883,2
138763,4.73381,49.8883,2
138764,4.73414,49.88836,2
138765,4.73226,49.88805,2
138766,4.730826,49.885063,2
138767,4.73345,49.88821,2
138768,4.73346,49.88833,2
138769,4.73226,49.88805,2
138770,4.73329,49.8883,2
138771,4.73295,49.88822,2
138772,4.73278,49.88821,2
138773,4.73278,49.88821,2
138774,4.7326,49.88819,2
138775,4.73242,49.88818,2
138776,4.73207,49.88815,2
138777,4.73189,49.88813,2
138778,4.73172,49.88812,2
138779,4.73255,49.88811,2
138780,4.73255,49.88811,2
138781,4.73345,49.88821,2
138782,4.73489,49.88853,2
138783,4.73604,49.88867,2
138784,4.73653,49.88867,2
138785,4.73432,49.8885,2
138786,4.73444,49.88853,2
138787,4.73486,49.88858,2
138788,4.73499,49.8886,2
138789,4.73513,49.88862,2
138790,4.73527,49.88863,2
138791,4.73541,49.88864,2
138792,4.73489,49.88853,2
138793,4.73489,49.88853,2
138794,4.73554,49.88864,2
138795,4.73574,49.88865,2
138796,4.73595,49.88867,2
138797,4.728187,49.872126,2
138798,4.731777,49.886957,2
138799,4.731777,49.886957,2
138800,4.731777,49.886957,2
138801,4.732683,49.876978,2
138802,4.73558,49.88783,2
138803,4.73073,49.88493,2
138804,4.73142,49.88086,2
138805,4.731065,49.880396,2
138806,4.731065,49.880396,2
138807,4.73073,49.88493,2
138808,4.73142,49.88086,2
138809,4.73142,49.88086,2
138810,4.73005,49.88212,2
138811,4.73006,49.88229,2
138812,4.73002,49.88172,2
138813,4.72987,49.88211,2
138814,4.72988,49.88227,2
138815,4.73007,49.88246,2
138816,4.72988,49.88243,2
138817,4.72989,49.88258,2
138818,4.73007,49.88246,2
138819,4.72992,49.88305,2
138820,4.7299,49.88274,2
138821,4.73008,49.88281,2
138822,4.729998,49.883121,2
138823,4.72993,49.88336,2
138824,4.730002,49.883211,2
138825,4.730017,49.883525,2
138826,4.73011,49.88332,2
138827,4.73011,49.88332,2
138828,4.73017,49.88383,2
138829,4.730021,49.883624,2
138830,4.73012,49.88413,2
138831,4.730026,49.883722,2
138832,4.72998,49.88383,2
138833,4.731078,49.880387,2
138834,4.730894,49.880615,2
138835,4.730025,49.883704,2
138836,4.730167,49.884061,2
138837,4.730442,49.884594,2
138838,4.73073,49.88493,2
138839,4.730167,49.884061,2
138840,4.730167,49.884061,2
138841,4.73019,49.88428,2
138842,4.730167,49.884061,2
138843,4.730167,49.88407,2
138844,4.730167,49.88407,2
138845,4.73071,49.8848,2
138846,4.73045,49.88472,2
138847,4.73056,49.88486,2
138848,4.73073,49.88493,2
138849,4.73073,49.88493,2
138850,4.73073,49.88493,2
138851,4.73155,49.88554,2
138852,4.73073,49.88493,2
138853,4.73073,49.88493,2
138854,4.73073,49.88493,2
138855,4.73073,49.88493,2
138856,4.73073,49.88493,2
138857,4.73073,49.88493,2
138858,4.73073,49.88493,2
138859,4.73073,49.88493,2
138860,4.73073,49.88493,2
138861,4.73073,49.88493,2
138862,4.73073,49.88493,2
138863,4.73073,49.88493,2
138864,4.73073,49.88493,2
138865,4.73073,49.88493,2
138866,4.73073,49.88493,2
138867,4.73073,49.88493,2
138868,4.73073,49.88493,2
138869,4.73073,49.88493,2
138870,4.73073,49.88493,2
138871,4.73073,49.88493,2
138872,4.73087,49.88501,2
138873,4.73114,49.88522,2
138874,4.731516,49.884654,2
138875,4.73128,49.88533,2
138876,4.73056,49.88486,2
138877,4.73141,49.88544,2
138878,4.73169,49.88565,2
138879,4.731492,49.885625,2
138880,4.7315,49.88568,2
138881,4.73205,49.88598,2
138882,4.73073,49.88493,2
138883,4.73205,49.88598,2
138884,4.73177,49.88585,2
138885,4.7322,49.88605,2
138886,4.731926,49.885679,2
138887,4.73203,49.885839,2
138888,4.73192,49.8856,2
138889,4.73223,49.8858,2
138890,4.73203,49.885839,2
138891,4.73203,49.885839,2
138892,4.731716,49.885369,2
138893,4.731716,49.885369,2
138894,4.731716,49.885369,2
138895,4.731716,49.885369,2
138896,4.73184,49.88497,2
138897,4.731716,49.885369,2
138898,4.731551,49.884815,2
138899,4.731551,49.884815,2
138900,4.731551,49.884815,2
138901,4.731551,49.884815,2
138902,4.731459,49.884332,2
138903,4.731702,49.883896,2
138904,4.731702,49.883896,2
138905,4.73147,49.8839,2
138906,4.731432,49.883757,2
138907,4.7315,49.883442,2
138908,4.731547,49.883261,2
138909,4.73251,49.88435,2
138910,4.731551,49.884815,2
138911,4.73251,49.88435,2
138912,4.73251,49.88435,2
138913,4.73251,49.88435,2
138914,4.73251,49.88435,2
138915,4.73251,49.88435,2
138916,4.73251,49.88435,2
138917,4.73251,49.88435,2
138918,4.69941,49.7529,2
138919,4.69931,49.75285,2
138920,4.69921,49.75281,2
138921,4.6994,49.75266,2
138922,4.69956,49.75262,2
138923,4.69972,49.75257,2
138924,4.69982,49.75249,2
138925,4.69987,49.75239,2
138926,4.6997,49.75236,2
138927,4.69966,49.75247,2
138928,4.6995,49.75251,2
138929,4.69934,49.75255,2
138930,4.6992,49.75234,2
138931,4.6991,49.75207,2
138932,4.69917,49.75203,2
138933,4.69923,49.75199,2
138934,4.6993,49.75195,2
138935,4.69936,49.7519,2
138936,4.6992,49.75184,2
138937,4.69907,49.75193,2
138938,4.69894,49.75201,2
138939,4.69853,49.7517,2
138940,4.6986,49.75162,2
138941,4.69867,49.75155,2
138942,4.69874,49.75148,2
138943,4.69881,49.75141,2
138944,4.69866,49.75134,2
138945,4.69859,49.75142,2
138946,4.69852,49.75149,2
138947,4.69845,49.75156,2
138948,4.69838,49.75163,2
138949,4.69833,49.7516,2
138950,4.69811,49.75145,2
138951,4.698,49.75125,2
138952,4.69822,49.75169,2
138953,4.69796,49.75153,2
138954,4.69784,49.7513,2
138955,4.678407,49.743485,2
138956,4.68623,49.75148,2
138957,4.68623,49.75148,2
138958,4.68623,49.75148,2
138959,4.68667,49.75363,2
138960,4.68569,49.75346,2
138961,4.68558,49.75322,2
138962,4.68528,49.75317,2
138963,4.68497,49.75308,2
138964,4.68481,49.75284,2
138965,4.68493,49.75266,2
138966,4.68532,49.7531,2
138967,4.68523,49.75246,2
138968,4.68508,49.75295,2
138969,4.68533,49.75304,2
138970,4.68567,49.75302,2
138971,4.68578,49.75323,2
138972,4.68588,49.75345,2
138973,4.6877,49.75187,2
138974,4.6875,49.75226,2
138975,4.68694,49.75211,2
138976,4.687,49.75195,2
138977,4.6872,49.75188,2
138978,4.68745,49.75185,2
138979,4.6877,49.75183,2
138980,4.6882,49.75177,2
138981,4.68821,49.75189,2
138982,4.68791,49.75192,2
138983,4.68761,49.75196,2
138984,4.68731,49.752,2
138985,4.68713,49.75212,2
138986,4.69547,49.74997,2
138987,4.6877,49.75187,2
138988,4.68667,49.75363,2
138989,4.69621,49.75055,2
138990,4.69659,49.7532,2
138991,4.69659,49.7532,2
138992,4.6867,49.74905,2
138993,4.6851,49.748522,2
138994,4.6867,49.74905,2
138995,4.68348,49.74553,2
138996,4.69501,49.75212,2
138997,4.69556,49.7524,2
138998,4.70072,49.74452,2
138999,4.70072,49.74452,2
139000,4.6809,49.74467,2
139001,4.69501,49.75212,2
139002,4.69191,49.74959,2
139003,4.69372,49.75095,2
139004,4.6867,49.74905,2
139005,4.69705,49.75332,2
139006,4.69767,49.75369,2
139007,4.69891,49.75446,2
139008,4.69891,49.75446,2
139009,4.69659,49.7532,2
139010,4.69339,49.75358,2
139011,4.6867,49.74905,2
139012,4.69541,49.75017,2
139013,4.69368,49.7512,2
139014,4.68935,49.74805,2
139015,4.69501,49.75212,2
139016,4.68892,49.74765,2
139017,4.68348,49.74553,2
139018,4.68816,49.74708,2
139019,4.68587,49.74626,2
139020,4.68816,49.74708,2
139021,4.68706,49.74663,2
139022,4.68348,49.74553,2
139023,4.6809,49.74467,2
139024,4.6809,49.74467,2
139025,4.6809,49.74467,2
139026,4.67998,49.74427,2
139027,4.6797,49.74414,2
139028,4.68538,49.74598,2
139029,4.6809,49.74467,2
139030,4.69501,49.75212,2
139031,4.67942,49.74401,2
139032,4.67942,49.74401,2
139033,4.67915,49.74387,2
139034,4.67887,49.74374,2
139035,4.67831,49.74349,2
139036,4.67799,49.74321,2
139037,4.67771,49.74238,2
139038,4.67747,49.74313,2
139039,4.69501,49.75212,2
139040,4.69501,49.75212,2
139041,4.68778,49.74672,2
139042,4.69191,49.74959,2
139043,4.69501,49.75212,2
139044,4.69372,49.75095,2
139045,4.6867,49.74905,2
139046,4.69384,49.75115,2
139047,4.69395,49.75135,2
139048,4.69477,49.75112,2
139049,4.69501,49.75212,2
139050,4.69554,49.75077,2
139051,4.69548,49.75057,2
139052,4.69542,49.75037,2
139053,4.69553,49.74977,2
139054,4.69564,49.74937,2
139055,4.69435,49.74679,2
139056,4.69589,49.74913,2
139057,4.69584,49.7493,2
139058,4.676714,49.753697,2
139059,4.6958,49.74946,2
139060,4.69575,49.74963,2
139061,4.6957,49.74979,2
139062,4.69566,49.74995,2
139063,4.69561,49.75012,2
139064,4.69558,49.75028,2
139065,4.69563,49.75044,2
139066,4.69567,49.75061,2
139067,4.69572,49.75077,2
139068,4.69572,49.75077,2
139069,4.69604,49.75067,2
139070,4.69628,49.75033,2
139071,4.69636,49.75011,2
139072,4.69643,49.74989,2
139073,4.69651,49.74967,2
139074,4.69658,49.74945,2
139075,4.69665,49.74923,2
139076,4.69671,49.74901,2
139077,4.69689,49.74903,2
139078,4.69701,49.74909,2
139079,4.69743,49.74917,2
139080,4.69729,49.74924,2
139081,4.69694,49.7492,2
139082,4.6968,49.74933,2
139083,4.69667,49.74972,2
139084,4.69654,49.7501,2
139085,4.69641,49.75049,2
139086,4.69616,49.75064,2
139087,4.69642,49.75056,2
139088,4.69696,49.75042,2
139089,4.69763,49.75025,2
139090,4.69831,49.75008,2
139091,4.69879,49.74995,2
139092,4.6991,49.74985,2
139093,4.70072,49.74452,2
139094,4.69549,49.75099,2
139095,4.69507,49.75114,2
139096,4.71326,49.74506,2
139097,4.69464,49.7513,2
139098,4.69464,49.7513,2
139099,4.69488,49.75197,2
139100,4.69454,49.75176,2
139101,4.69522,49.75219,2
139102,4.69556,49.7524,2
139103,4.69589,49.75261,2
139104,4.69663,49.75307,2
139105,4.69725,49.75344,2
139106,4.69829,49.75408,2
139107,4.69829,49.75408,2
139108,4.69954,49.75503,2
139109,4.69971,49.75512,2
139110,4.70025,49.75507,2
139111,4.69998,49.755,2
139112,4.69891,49.75462,2
139113,4.69633,49.75305,2
139114,4.69577,49.7527,2
139115,4.69543,49.75248,2
139116,4.69509,49.75227,2
139117,4.68892,49.74765,2
139118,4.69475,49.75206,2
139119,4.69446,49.75248,2
139120,4.69548,49.75266,2
139121,4.69431,49.75259,2
139122,4.69456,49.75261,2
139123,4.69481,49.75266,2
139124,4.681559,49.754142,2
139125,4.69506,49.7527,2
139126,4.69531,49.75275,2
139127,4.69556,49.7528,2
139128,4.69581,49.75285,2
139129,4.69599,49.7529,2
139130,4.69606,49.75282,2
139131,4.69767,49.75348,2
139132,4.69835,49.75332,2
139133,4.69871,49.75334,2
139134,4.69879,49.75339,2
139135,4.69888,49.75345,2
139136,4.69896,49.7535,2
139137,4.6991,49.75343,2
139138,4.69903,49.75338,2
139139,4.69896,49.75334,2
139140,4.69889,49.75329,2
139141,4.69882,49.75325,2
139142,4.69913,49.75292,2
139143,4.69922,49.75296,2
139144,4.69931,49.753,2
139145,4.69941,49.75304,2
139146,4.69951,49.75294,2
139147,4.23501,49.60611,2
139148,4.23375,49.60661,2
139149,4.232224,49.604899,2
139150,4.2357,49.60978,2
139151,4.23579,49.60796,2
139152,4.23579,49.60796,2
139153,4.235022,49.611368,2
139154,4.23579,49.60796,2
139155,4.23579,49.60796,2
139156,4.23501,49.60611,2
139157,4.2356,49.609832,2
139158,4.235443,49.610059,2
139159,4.2356,49.609823,2
139160,4.23579,49.60796,2
139161,4.235533,49.610237,2
139162,4.23734,49.61026,2
139163,4.23734,49.61026,2
139164,4.23734,49.61026,2
139165,4.23734,49.61026,2
139166,4.23734,49.61026,2
139167,4.237731,49.610239,2
139168,4.23734,49.61026,2
139169,4.23734,49.61026,2
139170,4.23875,49.61051,2
139171,4.23501,49.60611,2
139172,4.236521,49.608551,2
139173,4.236521,49.608551,2
139174,4.23579,49.60796,2
139175,4.23579,49.60796,2
139176,4.23574,49.60807,2
139177,4.23579,49.60796,2
139178,4.23501,49.60611,2
139179,4.23501,49.60611,2
139180,4.23501,49.60611,2
139181,4.23579,49.60796,2
139182,4.2357,49.60978,2
139183,4.23579,49.60796,2
139184,4.23375,49.60661,2
139185,4.23375,49.60661,2
139186,4.23501,49.60611,2
139187,4.23579,49.60796,2
139188,4.23501,49.60611,2
139189,4.23501,49.60611,2
139190,4.23501,49.60611,2
139191,4.23485,49.606007,2
139192,4.23485,49.606007,2
139193,4.23501,49.60611,2
139194,4.23579,49.60796,2
139195,4.23501,49.60611,2
139196,4.232051,49.604722,2
139197,4.231474,49.604057,2
139198,4.23143,49.604004,2
139199,4.21014,49.59274,2
139200,4.24002,49.58665,2
139201,4.24002,49.58665,2
139202,4.23147,49.600967,2
139203,4.23375,49.60731,2
139204,4.23579,49.60796,2
139205,4.23344,49.607117,2
139206,4.23375,49.60731,2
139207,4.23375,49.60731,2
139208,4.23375,49.60731,2
139209,4.23375,49.60731,2
139210,4.23375,49.60731,2
139211,4.23375,49.60731,2
139212,4.23375,49.60731,2
139213,4.23375,49.60731,2
139214,4.23375,49.60731,2
139215,4.23375,49.60731,2
139216,4.2357,49.60978,2
139217,4.23375,49.60731,2
139218,4.23501,49.60611,2
139219,4.23501,49.60611,2
139220,4.23501,49.60611,2
139221,4.23579,49.60796,2
139222,4.23579,49.60796,2
139223,4.23579,49.60796,2
139224,4.23579,49.60796,2
139225,4.254647,49.612307,2
139226,4.2357,49.60978,2
139227,4.23579,49.60796,2
139228,4.2357,49.60978,2
139229,4.235927,49.606341,2
139230,4.23579,49.60796,2
139231,4.23579,49.60796,2
139232,4.225667,49.59281,2
139233,4.22497,49.59333,2
139234,4.24002,49.58665,2
139235,4.23875,49.61051,2
139236,4.23375,49.60731,2
139237,4.23375,49.60731,2
139238,4.23375,49.60731,2
139239,4.23375,49.60731,2
139240,4.23177,49.60438,2
139241,4.23375,49.60731,2
139242,4.2229,49.67604,2
139243,4.22739,49.67787,2
139244,4.22918,49.67811,2
139245,4.22428,49.67823,2
139246,4.22846,49.67797,2
139247,4.22773,49.67785,2
139248,4.22889,49.67817,2
139249,4.22428,49.67823,2
139250,4.22503,49.67715,2
139251,4.22627,49.67762,2
139252,4.22428,49.67823,2
139253,4.22447,49.67611,2
139254,4.22647,49.67777,2
139255,4.22572,49.67764,2
139256,4.22578,49.67773,2
139257,4.22568,49.67764,2
139258,4.22537,49.67778,2
139259,4.22548,49.67787,2
139260,4.22528,49.67811,2
139261,4.22512,49.67851,2
139262,4.22466,49.67861,2
139263,4.22428,49.67823,2
139264,4.22377,49.67866,2
139265,4.22332,49.67871,2
139266,4.22428,49.67823,2
139267,4.22242,49.67865,2
139268,4.2583,49.693,2
139269,4.25992,49.69287,2
139270,4.25911,49.69293,2
139271,4.25862,49.69286,2
139272,4.22428,49.67823,2
139273,4.22121,49.67624,2
139274,4.21979,49.67603,2
139275,4.22011,49.67616,2
139276,4.22428,49.67823,2
139277,4.22087,49.67612,2
139278,4.22428,49.67823,2
139279,4.22428,49.67823,2
139280,4.22289,49.67621,2
139281,4.22428,49.67823,2
139282,4.22,49.70795,2
139283,4.22,49.70795,2
139284,4.22,49.70795,2
139285,4.22428,49.67823,2
139286,4.22428,49.67823,2
139287,4.22428,49.67823,2
139288,4.22,49.70795,2
139289,4.22,49.70795,2
139290,4.22428,49.67823,2
139291,4.22,49.70795,2
139292,4.22,49.70795,2
139293,4.22,49.70795,2
139294,4.223278,49.672962,2
139295,4.22428,49.67823,2
139296,4.22428,49.67823,2
139297,4.22428,49.67823,2
139298,4.22,49.70795,2
139299,4.227,49.67773,2
139300,4.22428,49.67823,2
139301,4.22428,49.67823,2
139302,4.22,49.70795,2
139303,4.223147,49.672425,2
139304,4.22428,49.67823,2
139305,4.52034,49.92444,2
139306,4.52034,49.92444,2
139307,4.52034,49.92444,2
139308,4.52034,49.92444,2
139309,4.52025,49.92478,2
139310,4.52034,49.92444,2
139311,4.52026,49.92407,2
139312,4.52026,49.92407,2
139313,4.52026,49.92407,2
139314,4.52026,49.92407,2
139315,4.52215,49.9246,2
139316,4.52215,49.9246,2
139317,4.52238,49.9247,2
139318,4.52238,49.9247,2
139319,4.52123,49.92516,2
139320,4.52087,49.92498,2
139321,4.52025,49.92478,2
139322,4.52025,49.92478,2
139323,4.52016,49.92483,2
139324,4.52014,49.92486,2
139325,4.52014,49.92486,2
139326,4.52003,49.92478,2
139327,4.51981,49.92463,2
139328,4.5197,49.92456,2
139329,4.51948,49.92441,2
139330,4.51959,49.92448,2
139331,4.51937,49.92434,2
139332,4.51926,49.92426,2
139333,4.51974,49.92449,2
139334,4.51938,49.92417,2
139335,4.51947,49.92424,2
139336,4.51947,49.92424,2
139337,4.51947,49.92424,2
139338,4.51956,49.9243,2
139339,4.51937,49.92434,2
139340,4.51965,49.92436,2
139341,4.51974,49.92442,2
139342,4.51974,49.92442,2
139343,4.51983,49.92448,2
139344,4.51992,49.92454,2
139345,4.51992,49.92454,2
139346,4.52001,49.9246,2
139347,4.5201,49.92466,2
139348,4.52028,49.92478,2
139349,4.52019,49.92472,2
139350,4.52019,49.92472,2
139351,4.52023,49.92388,2
139352,4.52023,49.92388,2
139353,4.52023,49.92388,2
139354,4.52023,49.92388,2
139355,4.5203,49.92426,2
139356,4.52019,49.9237,2
139357,4.52036,49.92364,2
139358,4.52039,49.92366,2
139359,4.52066,49.92368,2
139360,4.52087,49.92377,2
139361,4.52038,49.92373,2
139362,4.52035,49.92416,2
139363,4.52035,49.92416,2
139364,4.5204,49.92382,2
139365,4.52041,49.92392,2
139366,4.52043,49.92401,2
139367,4.52045,49.9241,2
139368,4.52047,49.9242,2
139369,4.52049,49.92429,2
139370,4.52049,49.92429,2
139371,4.52049,49.92429,2
139372,4.52052,49.92447,2
139373,4.52054,49.92457,2
139374,4.52056,49.92466,2
139375,4.520513,49.924633,2
139376,4.52062,49.92471,2
139377,4.52063,49.92471,2
139378,4.52075,49.9246,2
139379,4.52098,49.92437,2
139380,4.52139,49.92407,2
139381,4.52139,49.92407,2
139382,4.52171,49.92467,2
139383,4.52139,49.92407,2
139384,4.52167,49.92467,2
139385,4.52139,49.92407,2
139386,4.52139,49.92407,2
139387,4.52554,49.92647,2
139388,4.52139,49.92407,2
139389,4.52184,49.9247,2
139390,4.52201,49.92473,2
139391,4.52197,49.92484,2
139392,4.52219,49.92475,2
139393,4.52209,49.92486,2
139394,4.52238,49.9247,2
139395,4.52238,49.9247,2
139396,4.52215,49.9246,2
139397,4.52215,49.9246,2
139398,4.52236,49.92478,2
139399,4.5226,49.92479,2
139400,4.52167,49.92467,2
139401,4.521772,49.924799,2
139402,4.52222,49.92488,2
139403,4.52254,49.92492,2
139404,4.52234,49.9249,2
139405,4.52185,49.92482,2
139406,4.52172,49.9248,2
139407,4.5216,49.92478,2
139408,4.52154,49.92478,2
139409,4.52171,49.92467,2
139410,4.52125,49.92485,2
139411,4.52135,49.92483,2
139412,4.52145,49.9248,2
139413,4.52115,49.92488,2
139414,4.52106,49.9249,2
139415,4.52086,49.92495,2
139416,4.52096,49.92493,2
139417,4.52087,49.92498,2
139418,4.52087,49.92498,2
139419,4.52087,49.92498,2
139420,4.52087,49.92498,2
139421,4.52087,49.92498,2
139422,4.52087,49.92498,2
139423,4.52091,49.9251,2
139424,4.52091,49.9251,2
139425,4.52101,49.925,2
139426,4.52186,49.92527,2
139427,4.52115,49.92503,2
139428,4.52129,49.92505,2
139429,4.52143,49.92507,2
139430,4.52157,49.9251,2
139431,4.52185,49.92515,2
139432,4.52171,49.92512,2
139433,4.52199,49.92517,2
139434,4.52248,49.92538,2
139435,4.52243,49.9254,2
139436,4.52244,49.92525,2
139437,4.52245,49.92509,2
139438,4.52245,49.92509,2
139439,4.52245,49.92509,2
139440,4.52244,49.92525,2
139441,4.52244,49.92525,2
139442,4.51965,49.92436,2
139443,4.5222,49.92534,2
139444,4.51965,49.92436,2
139445,4.52207,49.92531,2
139446,4.51965,49.92436,2
139447,4.52253,49.92509,2
139448,4.51965,49.92436,2
139449,4.52186,49.92549,2
139450,4.52186,49.92549,2
139451,4.52154,49.92521,2
139452,4.52219,49.92521,2
139453,4.52123,49.92516,2
139454,4.52015,49.92572,2
139455,4.521427,49.925173,2
139456,4.52076,49.92514,2
139457,4.521441,49.925173,2
139458,4.52146,49.92581,2
139459,4.52099,49.92532,2
139460,4.5211,49.92541,2
139461,4.5211,49.92541,2
139462,4.52099,49.92532,2
139463,4.52135,49.92558,2
139464,4.52127,49.92553,2
139465,4.52135,49.92558,2
139466,4.52135,49.92558,2
139467,4.52135,49.92558,2
139468,4.5215,49.92568,2
139469,4.52127,49.924,2
139470,4.52127,49.924,2
139471,4.52127,49.924,2
139472,4.52002,49.92493,2
139473,4.52127,49.924,2
139474,4.51981,49.92463,2
139475,4.52127,49.924,2
139476,4.51992,49.92471,2
139477,4.52127,49.924,2
139478,4.51938,49.92417,2
139479,4.52107,49.92389,2
139480,4.52121,49.92415,2
139481,4.52139,49.92407,2
139482,4.519813,49.924537,2
139483,4.52139,49.92407,2
139484,4.52121,49.92415,2
139485,4.520252,49.9247,2
139486,4.52139,49.92407,2
139487,4.52139,49.92407,2
139488,4.5211,49.92426,2
139489,4.5205,49.92438,2
139490,4.52139,49.92407,2
139491,4.520437,49.924472,2
139492,4.52087,49.92449,2
139493,4.52217,49.92527,2
139494,4.52087,49.92498,2
139495,4.52078,49.92514,2
139496,4.52089,49.92523,2
139497,4.5211,49.92541,2
139498,4.52119,49.92548,2
139499,4.52127,49.92553,2
139500,4.52023,49.92388,2
139501,4.52035,49.92416,2
139502,4.52035,49.92416,2
139503,4.52043,49.92401,2
139504,4.52139,49.92407,2
139505,4.52139,49.92407,2
139506,4.52554,49.92647,2
139507,4.11948,49.46932,2
139508,4.11926,49.46904,2
139509,4.12025,49.46961,2
139510,4.11979,49.4695,2
139511,4.11994,49.46959,2
139512,4.12009,49.46968,2
139513,4.12025,49.46977,2
139514,4.1204,49.46986,2
139515,4.12055,49.46995,2
139516,4.12047,49.47062,2
139517,4.12047,49.47062,2
139518,4.1209,49.46987,2
139519,4.12047,49.47062,2
139520,4.12047,49.47062,2
139521,4.11868,49.4684,2
139522,4.12047,49.47062,2
139523,4.12047,49.47062,2
139524,4.12047,49.47062,2
139525,4.12047,49.47062,2
139526,4.12047,49.47062,2
139527,4.12073,49.47027,2
139528,4.12009,49.47081,2
139529,4.12065,49.47056,2
139530,4.11963,49.47111,2
139531,4.11925,49.47094,2
139532,4.11914,49.47103,2
139533,4.11877,49.47068,2
139534,4.12022,49.47185,2
139535,4.11736,49.47242,2
139536,4.11917,49.47099,2
139537,4.12063,49.47177,2
139538,4.12038,49.47225,2
139539,4.11485,49.47059,2
139540,4.11649,49.47318,2
139541,4.11783,49.47276,2
139542,4.11984,49.47174,2
139543,4.11968,49.47166,2
139544,4.11902,49.47205,2
139545,4.11915,49.47187,2
139546,4.11736,49.47242,2
139547,4.11736,49.47242,2
139548,4.11736,49.47242,2
139549,4.11834,49.47219,2
139550,4.11814,49.47206,2
139551,4.117979,49.47182,2
139552,4.117979,49.47182,2
139553,4.117979,49.47182,2
139554,4.11797,49.47184,2
139555,4.117979,49.47182,2
139556,4.11813,49.47179,2
139557,4.11751,49.47148,2
139558,4.11749,49.47163,2
139559,4.11728,49.47114,2
139560,4.11711,49.47125,2
139561,4.11684,49.46615,2
139562,4.11752,49.47086,2
139563,4.11684,49.46615,2
139564,4.11723,49.47082,2
139565,4.11684,49.46615,2
139566,4.11684,49.46615,2
139567,4.11802,49.47068,2
139568,4.11684,49.46615,2
139569,4.11786,49.4706,2
139570,4.11684,49.46615,2
139571,4.12251,49.46806,2
139572,4.12251,49.46806,2
139573,4.12251,49.46806,2
139574,4.12259,49.4681,2
139575,4.11805,49.46823,2
139576,4.12142,49.46924,2
139577,4.12142,49.46924,2
139578,4.12142,49.46924,2
139579,4.1162,49.46631,2
139580,4.11969,49.46866,2
139581,4.11814,49.46778,2
139582,4.11814,49.46778,2
139583,4.11969,49.46866,2
139584,4.11814,49.46778,2
139585,4.11814,49.46778,2
139586,4.11814,49.46778,2
139587,4.11814,49.46778,2
139588,4.11814,49.46778,2
139589,4.11814,49.46778,2
139590,4.11814,49.46778,2
139591,4.11814,49.46778,2
139592,4.11814,49.46778,2
139593,4.11814,49.46778,2
139594,4.11814,49.46778,2
139595,4.11814,49.46778,2
139596,4.11814,49.46778,2
139597,4.118594,49.468891,2
139598,4.11736,49.47242,2
139599,4.12284,49.46766,2
139600,4.12323,49.46729,2
139601,4.12244,49.46803,2
139602,4.12251,49.46806,2
139603,4.118418,49.469001,2
139604,4.11819,49.47224,2
139605,4.11802,49.47068,2
139606,4.11802,49.47068,2
139607,4.11723,49.47082,2
139608,4.12078,49.46764,2
139609,4.11571,49.46607,2
139610,4.12009,49.47081,2
139611,4.11879,49.46809,2
139612,4.11879,49.46809,2
139613,4.11879,49.46809,2
139614,4.11879,49.46809,2
139615,4.11879,49.46809,2
139616,4.12251,49.46806,2
139617,4.11879,49.46809,2
139618,4.11879,49.46809,2
139619,4.11879,49.46809,2
139620,4.11879,49.46809,2
139621,4.11879,49.46809,2
139622,4.11879,49.46809,2
139623,4.11879,49.46809,2
139624,4.11879,49.46809,2
139625,4.11879,49.46809,2
139626,4.11759,49.46748,2
139627,4.122223,49.469771,2
139628,4.10265,49.45623,2
139629,4.12311,49.47031,2
139630,4.12311,49.47031,2
139631,4.121973,49.469712,2
139632,4.121973,49.469712,2
139633,4.11879,49.46809,2
139634,4.130629,49.475954,2
139635,4.12341,49.47063,2
139636,4.12319,49.47044,2
139637,4.12338,49.47028,2
139638,4.125996,49.466095,2
139639,4.12311,49.47031,2
139640,4.12376,49.46996,2
139641,4.12206,49.47017,2
139642,4.12343,49.47004,2
139643,4.12395,49.4698,2
139644,4.12311,49.47031,2
139645,4.12069,49.46909,2
139646,4.12375,49.46978,2
139647,4.11814,49.46778,2
139648,4.12406,49.46951,2
139649,4.11969,49.46866,2
139650,4.12414,49.46963,2
139651,4.12433,49.46947,2
139652,4.12452,49.46931,2
139653,4.11945,49.46835,2
139654,4.12438,49.46924,2
139655,4.12173,49.46889,2
139656,4.11923,49.46823,2
139657,4.1247,49.46898,2
139658,4.11799,49.46883,2
139659,4.12471,49.46915,2
139660,4.12251,49.46806,2
139661,4.11805,49.46823,2
139662,4.11805,49.46823,2
139663,4.1249,49.46899,2
139664,4.12251,49.46806,2
139665,4.11836,49.46783,2
139666,4.123893,49.468633,2
139667,4.11814,49.46778,2
139668,4.11801,49.46767,2
139669,4.124155,49.467865,2
139670,4.12251,49.46806,2
139671,4.11722,49.46785,2
139672,4.123621,49.468358,2
139673,4.11759,49.46748,2
139674,4.122014,49.469712,2
139675,4.12251,49.46806,2
139676,4.11585,49.46686,2
139677,4.121652,49.469618,2
139678,4.121764,49.46967,2
139679,4.12251,49.46806,2
139680,4.11814,49.46778,2
139681,4.12154,49.469557,2
139682,4.11571,49.46607,2
139683,4.121498,49.46954,2
139684,4.12251,49.46806,2
139685,4.11814,49.46778,2
139686,4.121498,49.46954,2
139687,4.12343,49.4673,2
139688,4.11089,49.46374,2
139689,4.11814,49.46778,2
139690,4.12251,49.46806,2
139691,4.59121,49.474146,2
139692,4.121498,49.46954,2
139693,4.11149,49.46354,2
139694,4.12249,49.4696,2
139695,4.12251,49.46806,2
139696,4.12269,49.46923,2
139697,4.1169,49.466,2
139698,4.12231,49.46956,2
139699,4.12251,49.46806,2
139700,4.11991,49.46772,2
139701,4.12231,49.46973,2
139702,4.118674,49.468809,2
139703,4.12205,49.46975,2
139704,4.12251,49.46806,2
139705,4.121498,49.46954,2
139706,4.11969,49.46938,2
139707,4.12251,49.46806,2
139708,4.12047,49.47062,2
139709,4.12047,49.47062,2
139710,4.12251,49.46806,2
139711,4.12003,49.47171,2
139712,4.12003,49.47171,2
139713,4.12251,49.46806,2
139714,4.12026,49.47171,2
139715,4.12047,49.47062,2
139716,4.12251,49.46806,2
139717,4.11857,49.47215,2
139718,4.12153,49.47083,2
139719,4.12127,49.47116,2
139720,4.12251,49.46806,2
139721,4.12098,49.47148,2
139722,4.12251,49.46806,2
139723,4.12168,49.46965,2
139724,4.12175,49.46984,2
139725,4.12251,49.46806,2
139726,4.12138,49.46964,2
139727,4.12251,49.46806,2
139728,4.12128,49.46894,2
139729,4.12068,49.46842,2
139730,4.12251,49.46806,2
139731,4.1209,49.46968,2
139732,4.12118,49.46965,2
139733,4.12251,49.46806,2
139734,4.12119,49.46938,2
139735,4.11814,49.46778,2
139736,4.12251,49.46806,2
139737,4.11814,49.46778,2
139738,4.12251,49.46806,2
139739,4.12069,49.46909,2
139740,4.12251,49.46806,2
139741,4.11814,49.46778,2
139742,4.11814,49.46778,2
139743,4.12251,49.46806,2
139744,4.11814,49.46778,2
139745,4.11814,49.46778,2
139746,4.12251,49.46806,2
139747,4.12044,49.46894,2
139748,4.12204,49.4684,2
139749,4.12019,49.46879,2
139750,4.12251,49.46806,2
139751,4.11994,49.46865,2
139752,4.11969,49.4685,2
139753,4.12251,49.46806,2
139754,4.11814,49.46778,2
139755,4.12069,49.46925,2
139756,4.11945,49.46835,2
139757,4.12251,49.46806,2
139758,4.11799,49.46883,2
139759,4.11805,49.46823,2
139760,4.11805,49.46823,2
139761,4.11805,49.46823,2
139762,4.11805,49.46823,2
139763,4.11776,49.46756,2
139764,4.11809,49.46784,2
139765,4.11767,49.46777,2
139766,4.11767,49.46777,2
139767,4.11662,49.46818,2
139768,4.11733,49.46794,2
139769,4.11722,49.46785,2
139770,4.11756,49.46768,2
139771,4.11759,49.46748,2
139772,4.11742,49.46741,2
139773,4.11725,49.46733,2
139774,4.11725,49.46733,2
139775,4.11708,49.46726,2
139776,4.11691,49.46719,2
139777,4.11674,49.46711,2
139778,4.11681,49.46728,2
139779,4.11657,49.46704,2
139780,4.1164,49.46696,2
139781,4.11623,49.46689,2
139782,4.11619,49.46701,2
139783,4.11585,49.46686,2
139784,4.11607,49.46681,2
139785,4.11593,49.46676,2
139786,4.11558,49.4671,2
139787,4.11571,49.46607,2
139788,4.1157,49.46667,2
139789,4.1157,49.46667,2
139790,4.1156,49.46676,2
139791,4.11424,49.4677,2
139792,4.11424,49.4677,2
139793,4.11424,49.4677,2
139794,4.11438,49.46737,2
139795,4.11514,49.4669,2
139796,4.11814,49.46778,2
139797,4.11814,49.46778,2
139798,4.11814,49.46778,2
139799,4.11814,49.46778,2
139800,4.11814,49.46778,2
139801,4.11814,49.46778,2
139802,4.11814,49.46778,2
139803,4.11814,49.46778,2
139804,4.11814,49.46778,2
139805,4.11466,49.46595,2
139806,4.11508,49.46579,2
139807,4.11552,49.46594,2
139808,4.11596,49.46609,2
139809,4.11435,49.46592,2
139810,4.11426,49.46603,2
139811,4.11392,49.46565,2
139812,4.11391,49.4658,2
139813,4.11348,49.46537,2
139814,4.12251,49.46806,2
139815,4.12251,49.46806,2
139816,4.11356,49.46558,2
139817,4.11132,49.46402,2
139818,4.1132,49.46536,2
139819,4.11305,49.4651,2
139820,4.11285,49.46514,2
139821,4.11249,49.46491,2
139822,4.11571,49.46607,2
139823,4.11814,49.46778,2
139824,4.11073,49.4638,2
139825,4.11132,49.46402,2
139826,4.12251,49.46806,2
139827,4.11887,49.46812,2
139828,4.12056,49.4668,2
139829,4.11814,49.46778,2
139830,4.11814,49.46778,2
139831,4.11736,49.47242,2
139832,4.11814,49.46778,2
139833,4.11814,49.46778,2
139834,4.11814,49.46778,2
139835,4.108979,49.462761,2
139836,4.108979,49.462761,2
139837,4.108979,49.462761,2
139838,4.108979,49.462761,2
139839,4.11814,49.46778,2
139840,4.108979,49.462761,2
139841,4.11108,49.46345,2
139842,4.11124,49.46338,2
139843,4.11129,49.46358,2
139844,4.1115,49.46371,2
139845,4.12078,49.46764,2
139846,4.11175,49.4637,2
139847,4.11171,49.46384,2
139848,4.11192,49.46396,2
139849,4.11211,49.46405,2
139850,4.1122,49.46406,2
139851,4.11228,49.46407,2
139852,4.11744,49.46781,2
139853,4.11201,49.46386,2
139854,4.11213,49.46393,2
139855,4.11277,49.4638,2
139856,4.11219,49.46394,2
139857,4.11786,49.4706,2
139858,4.1126,49.46314,2
139859,4.12086,49.46759,2
139860,4.12123,49.46764,2
139861,4.11151,49.46297,2
139862,4.12009,49.47081,2
139863,4.11226,49.46395,2
139864,4.11232,49.46395,2
139865,4.11264,49.46372,2
139866,4.11887,49.46812,2
139867,4.11156,49.46368,2
139868,4.1127,49.46336,2
139869,4.11206,49.46298,2
139870,4.11142,49.46319,2
139871,4.11632,49.46664,2
139872,4.11487,49.46601,2
139873,4.11664,49.46623,2
139874,4.11814,49.46778,2
139875,4.11991,49.46772,2
139876,4.11681,49.46608,2
139877,4.11672,49.46615,2
139878,4.11698,49.46593,2
139879,4.11923,49.46823,2
139880,4.10265,49.45623,2
139881,4.10265,49.45623,2
139882,4.10265,49.45623,2
139883,4.10265,49.45623,2
139884,4.10265,49.45623,2
139885,4.10265,49.45623,2
139886,4.10265,49.45623,2
139887,4.10265,49.45623,2
139888,4.10265,49.45623,2
139889,4.10313,49.45681,2
139890,4.11571,49.46607,2
139891,4.10306,49.457,2
139892,4.11965,49.46737,2
139893,4.12056,49.4668,2
139894,4.12056,49.4668,2
139895,4.11982,49.4674,2
139896,4.12011,49.4675,2
139897,4.10342,49.45857,2
139898,4.12086,49.46759,2
139899,4.12161,49.46769,2
139900,4.11809,49.46701,2
139901,4.11739,49.46661,2
139902,4.11893,49.46719,2
139903,4.11931,49.46805,2
139904,4.11805,49.46823,2
139905,4.118634,49.468854,2
139906,4.1185,49.468955,2
139907,4.118526,49.468937,2
139908,4.11881,49.47001,2
139909,4.11874,49.47003,2
139910,4.11874,49.47003,2
139911,4.11874,49.47003,2
139912,4.11874,49.47003,2
139913,4.11874,49.47003,2
139914,4.11874,49.47003,2
139915,4.11872,49.46888,2
139916,4.11887,49.46897,2
139917,4.11902,49.46906,2
139918,4.11918,49.46915,2
139919,4.12049,49.46754,2
139920,4.11799,49.46883,2
139921,4.11933,49.46924,2
139922,5.036649,49.468627,2
139923,5.034691,49.470999,2
139924,5.03649,49.468765,2
139925,5.035789,49.469329,2
139926,5.035789,49.469329,2
139927,5.035789,49.469329,2
139928,5.035209,49.469828,2
139929,5.034834,49.470312,2
139930,5.034815,49.470475,2
139931,5.03472,49.47076,2
139932,5.034629,49.472429,2
139933,5.04749,49.49586,2
139934,5.03904,49.49535,2
139935,5.0146,49.46562,2
139936,5.03472,49.47076,2
139937,5.03649,49.468765,2
139938,5.03649,49.468765,2
139939,5.035789,49.469329,2
139940,5.034834,49.470312,2
139941,5.027986,49.493528,2
139942,5.027986,49.493519,2
139943,5.03586,49.4939,2
139944,5.0294,49.49215,2
139945,5.01932,49.47548,2
139946,5.016236,49.475437,2
139947,5.03904,49.49535,2
139948,5.029469,49.462173,2
139949,5.018819,49.463929,2
139950,4.98748,49.54426,2
139951,4.98748,49.54426,2
139952,4.98748,49.54426,2
139953,4.99674,49.54676,2
139954,4.971529,49.549316,2
139955,4.96136,49.55344,2
139956,4.97158,49.549764,2
139957,4.96339,49.55754,2
139958,4.96415,49.557852,2
139959,4.96222,49.55859,2
139960,4.96273,49.55742,2
139961,4.96225,49.55727,2
139962,4.96178,49.55713,2
139963,4.96039,49.55671,2
139964,4.96187,49.55703,2
139965,4.96173,49.55698,2
139966,4.95959,49.55728,2
139967,4.9601,49.55682,2
139968,4.95966,49.55733,2
139969,4.95898,49.55655,2
139970,4.9613,49.55685,2
139971,4.96116,49.55681,2
139972,4.96087,49.55672,2
139973,4.96339,49.55754,2
139974,4.96059,49.55664,2
139975,4.96044,49.55659,2
139976,4.9603,49.55655,2
139977,4.95843,49.55535,2
139978,4.96339,49.55754,2
139979,4.96178,49.55713,2
139980,4.96326,49.55751,2
139981,4.96326,49.55751,2
139982,4.96326,49.55751,2
139983,4.96326,49.55751,2
139984,4.96339,49.55754,2
139985,4.958924,49.55642,2
139986,4.958638,49.557046,2
139987,4.96339,49.55754,2
139988,4.95898,49.55655,2
139989,4.95959,49.55728,2
139990,4.9624,49.55872,2
139991,4.9624,49.55872,2
139992,4.9624,49.55872,2
139993,4.96156,49.55832,2
139994,4.9624,49.55872,2
139995,4.9624,49.55872,2
139996,4.9624,49.55872,2
139997,4.96355,49.55911,2
139998,4.9624,49.55872,2
139999,4.962909,49.565149,2
140000,4.957319,49.556383,2
140001,4.96417,49.55773,2
140002,4.9624,49.55872,2
140003,4.98748,49.54426,2
140004,4.98748,49.54426,2
140005,4.98748,49.54426,2
140006,4.986074,49.547722,2
140007,4.972,49.54943,2
140008,4.96136,49.55344,2
140009,4.972,49.54943,2
140010,4.96358,49.55755,2
140011,4.96415,49.55785,2
140012,4.96202,49.55707,2
140013,4.958792,49.556279,2
140014,4.958515,49.557337,2
140015,4.96028,49.55866,2
140016,4.9624,49.55872,2
140017,4.96417,49.55773,2
140018,4.96028,49.55866,2
140019,4.958477,49.557409,2
140020,5.00716,49.44549,2
140021,5.00716,49.44549,2
140022,5.00716,49.44549,2
140023,5.00418,49.44518,2
140024,5.00418,49.44518,2
140025,5.00418,49.44518,2
140026,5.00418,49.44518,2
140027,5.005398,49.445856,2
140028,5.005658,49.445814,2
140029,5.00565,49.44549,2
140030,5.00418,49.44582,2
140031,5.00418,49.44582,2
140032,5.00418,49.44582,2
140033,5.00418,49.44582,2
140034,5.004242,49.44643,2
140035,5.00565,49.44549,2
140036,5.004242,49.44643,2
140037,5.004242,49.44643,2
140038,5.004497,49.446559,2
140039,5.004497,49.446559,2
140040,5.004497,49.446559,2
140041,5.005099,49.446995,2
140042,5.005658,49.445814,2
140043,5.005658,49.445814,2
140044,5.005658,49.445814,2
140045,5.005658,49.445814,2
140046,5.004435,49.445095,2
140047,5.00565,49.44549,2
140048,5.0063,49.44535,2
140049,5.0063,49.44535,2
140050,5.004236,49.444722,2
140051,5.0034,49.444013,2
140052,5.00418,49.44518,2
140053,5.004489,49.445085,2
140054,5.00418,49.44518,2
140055,5.004542,49.4453,2
140056,5.001704,49.446117,2
140057,5.004242,49.44643,2
140058,5.004512,49.446567,2
140059,5.005213,49.447073,2
140060,5.005242,49.4471,2
140061,5.004512,49.446567,2
140062,5.0063,49.44535,2
140063,5.0063,49.44535,2
140064,5.0063,49.44535,2
140065,5.003905,49.445772,2
140066,5.00418,49.44518,2
140067,5.046485,49.440014,2
140068,5.04765,49.43927,2
140069,5.06136,49.46545,2
140070,5.039835,49.438851,2
140071,5.047635,49.43935,2
140072,5.049578,49.439602,2
140073,5.04873,49.44073,2
140074,5.050854,49.440284,2
140075,5.050783,49.44024,2
140076,5.050954,49.440335,2
140077,5.05068,49.44082,2
140078,5.05068,49.44082,2
140079,5.05068,49.44082,2
140080,5.05068,49.44082,2
140081,5.0515,49.44,2
140082,5.051879,49.44089,2
140083,5.051879,49.44089,2
140084,5.051879,49.44089,2
140085,5.05167,49.44183,2
140086,5.05167,49.44183,2
140087,5.050175,49.441512,2
140088,5.048661,49.440774,2
140089,5.04925,49.44073,2
140090,5.04925,49.44073,2
140091,5.05167,49.44183,2
140092,5.04765,49.43927,2
140093,5.04925,49.44073,2
140094,5.04925,49.44073,2
140095,5.04925,49.44073,2
140096,5.04925,49.44073,2
140097,5.04873,49.44073,2
140098,5.04873,49.44073,2
140099,5.04873,49.44073,2
140100,5.04873,49.44073,2
140101,5.04873,49.44073,2
140102,5.04873,49.44073,2
140103,5.04925,49.44073,2
140104,5.04873,49.44073,2
140105,5.04873,49.44073,2
140106,5.04873,49.44073,2
140107,5.04886,49.43986,2
140108,5.04886,49.43986,2
140109,5.04886,49.43986,2
140110,5.04873,49.44073,2
140111,5.04873,49.44073,2
140112,5.0515,49.44,2
140113,5.051668,49.440283,2
140114,5.0515,49.44,2
140115,5.04955,49.43899,2
140116,5.04955,49.43899,2
140117,5.04774,49.43871,2
140118,5.04955,49.43899,2
140119,5.04955,49.43899,2
140120,5.04955,49.43899,2
140121,5.04955,49.43899,2
140122,5.04955,49.43899,2
140123,5.04739,49.43806,2
140124,5.04739,49.43806,2
140125,5.051621,49.43784,2
140126,5.051766,49.437971,2
140127,5.04955,49.43899,2
140128,5.04739,49.43806,2
140129,5.04739,49.43806,2
140130,5.04955,49.43899,2
140131,5.04774,49.43871,2
140132,5.04774,49.43871,2
140133,5.04774,49.43871,2
140134,5.04774,49.43871,2
140135,5.04774,49.43871,2
140136,5.04774,49.43871,2
140137,5.04774,49.43871,2
140138,5.05358,49.441777,2
140139,5.0579,49.46247,2
140140,5.06223,49.46562,2
140141,5.06296,49.46593,2
140142,5.06296,49.46593,2
140143,5.06296,49.46593,2
140144,5.065328,49.465402,2
140145,5.06296,49.46593,2
140146,5.0579,49.46247,2
140147,5.06041,49.4659,2
140148,5.0579,49.46247,2
140149,5.0579,49.46247,2
140150,5.06041,49.4659,2
140151,5.0579,49.46247,2
140152,5.0579,49.46247,2
140153,5.0579,49.46247,2
140154,5.0579,49.46247,2
140155,5.0579,49.46247,2
140156,5.0579,49.46247,2
140157,5.06136,49.46545,2
140158,5.05565,49.45977,2
140159,5.0579,49.46247,2
140160,5.049819,49.439723,2
140161,5.050854,49.440284,2
140162,5.051807,49.440838,2
140163,5.053018,49.441574,2
140164,5.05167,49.44183,2
140165,5.048661,49.440774,2
140166,5.04925,49.44073,2
140167,5.06296,49.46593,2
140168,5.0515,49.44,2
140169,5.0515,49.44,2
140170,5.04739,49.43806,2
140171,5.06223,49.46562,2
140172,5.0579,49.46247,2
140173,5.0579,49.46247,2
140174,5.0579,49.46247,2
140175,5.0579,49.46247,2
140176,5.052317,49.440314,2
140177,5.051751,49.437963,2
140178,4.93847,49.70837,2
140179,4.94351,49.70706,2
140180,4.93845,49.70854,2
140181,4.94386,49.70682,2
140182,4.93823,49.70836,2
140183,4.94419,49.70657,2
140184,4.93818,49.70814,2
140185,4.94452,49.70632,2
140186,4.93793,49.70816,2
140187,4.94154,49.70816,2
140188,4.93773,49.70829,2
140189,4.94209,49.70821,2
140190,4.93774,49.70817,2
140191,4.94194,49.70866,2
140192,4.9376,49.70821,2
140193,4.94202,49.70893,2
140194,4.93774,49.70817,2
140195,4.94202,49.70893,2
140196,4.94202,49.70893,2
140197,4.9378,49.70808,2
140198,4.94214,49.70863,2
140199,4.94234,49.70823,2
140200,4.93774,49.70817,2
140201,4.93939,49.70837,2
140202,4.93939,49.70837,2
140203,4.94256,49.70824,2
140204,4.93949,49.70742,2
140205,4.93939,49.70837,2
140206,4.93939,49.70837,2
140207,4.94278,49.70825,2
140208,4.93774,49.70817,2
140209,4.93939,49.70837,2
140210,4.94362,49.70845,2
140211,4.93939,49.70837,2
140212,4.93774,49.70817,2
140213,4.93939,49.70837,2
140214,4.94393,49.70854,2
140215,4.93939,49.70837,2
140216,4.94422,49.70864,2
140217,4.93774,49.70817,2
140218,4.93939,49.70837,2
140219,4.94301,49.70829,2
140220,4.93939,49.70837,2
140221,4.9434,49.70827,2
140222,4.93774,49.70817,2
140223,4.93939,49.70837,2
140224,4.94373,49.70836,2
140225,4.93939,49.70837,2
140226,4.93939,49.70837,2
140227,4.94404,49.70845,2
140228,4.93939,49.70837,2
140229,4.94435,49.70855,2
140230,4.93939,49.70837,2
140231,4.93939,49.70837,2
140232,4.94463,49.70869,2
140233,4.93939,49.70837,2
140234,4.94499,49.70883,2
140235,4.93939,49.70837,2
140236,4.94499,49.70897,2
140237,4.93939,49.70837,2
140238,4.93939,49.70837,2
140239,4.94535,49.70897,2
140240,4.93939,49.70837,2
140241,4.94606,49.70924,2
140242,4.94606,49.70924,2
140243,4.94542,49.70913,2
140244,4.94638,49.70941,2
140245,4.94624,49.70948,2
140246,4.94656,49.70965,2
140247,4.94659,49.70952,2
140248,4.94612,49.71013,2
140249,4.94642,49.70978,2
140250,4.94608,49.71,2
140251,4.94541,49.71045,2
140252,4.94574,49.71022,2
140253,4.94672,49.70958,2
140254,4.94733,49.70985,2
140255,4.94741,49.70979,2
140256,4.93793,49.70816,2
140257,4.9475,49.70973,2
140258,4.94759,49.70966,2
140259,4.94767,49.7096,2
140260,4.94776,49.70953,2
140261,4.94785,49.70947,2
140262,4.94762,49.70946,2
140263,4.94754,49.70952,2
140264,4.94745,49.70959,2
140265,4.94736,49.70965,2
140266,4.94728,49.70971,2
140267,4.94719,49.70978,2
140268,4.94771,49.70939,2
140269,4.94453,49.70902,2
140270,4.94472,49.70907,2
140271,4.94487,49.70917,2
140272,4.94502,49.70927,2
140273,4.94517,49.70937,2
140274,4.94532,49.70946,2
140275,4.94545,49.70957,2
140276,4.94237,49.70582,2
140277,4.94527,49.70959,2
140278,4.938994,49.707373,2
140279,4.94508,49.70947,2
140280,4.94237,49.70582,2
140281,4.9449,49.70935,2
140282,4.938994,49.707373,2
140283,4.94472,49.70923,2
140284,4.94237,49.70582,2
140285,4.94451,49.70914,2
140286,4.938994,49.707373,2
140287,4.94493,49.70998,2
140288,4.938994,49.707373,2
140289,4.94446,49.7094,2
140290,4.94237,49.70582,2
140291,4.94714,49.71029,2
140292,4.94393,49.70238,2
140293,4.939319,49.707231,2
140294,4.94659,49.71062,2
140295,4.94688,49.71029,2
140296,4.938994,49.707373,2
140297,4.94651,49.71051,2
140298,4.94693,49.7098,2
140299,4.938994,49.707373,2
140300,4.9472,49.70992,2
140301,4.94237,49.70582,2
140302,4.94729,49.70996,2
140303,4.94737,49.71001,2
140304,4.939319,49.707231,2
140305,4.94864,49.70965,2
140306,4.94783,49.71004,2
140307,4.94875,49.70969,2
140308,4.94864,49.70965,2
140309,4.94846,49.71048,2
140310,4.94531,49.70901,2
140311,4.94773,49.70861,2
140312,4.94817,49.7102,2
140313,4.95716,49.71161,2
140314,4.95716,49.71161,2
140315,4.94687,49.71045,2
140316,4.95716,49.71161,2
140317,4.95716,49.71161,2
140318,4.94937,49.7111,2
140319,4.9455,49.70861,2
140320,4.94587,49.70872,2
140321,4.94521,49.70838,2
140322,4.94541,49.70836,2
140323,4.94672,49.70941,2
140324,4.94664,49.7093,2
140325,4.94692,49.70928,2
140326,4.94701,49.70922,2
140327,4.94713,49.70915,2
140328,4.94684,49.70917,2
140329,4.94727,49.70908,2
140330,4.94867,49.70823,2
140331,4.9474,49.709,2
140332,4.94786,49.70872,2
140333,4.94735,49.70895,2
140334,4.94735,49.70895,2
140335,4.94393,49.70238,2
140336,4.94735,49.70895,2
140337,4.94237,49.70582,2
140338,4.939465,49.707111,2
140339,4.9481,49.70866,2
140340,4.9481,49.70866,2
140341,4.94237,49.70582,2
140342,4.94237,49.70582,2
140343,4.9478,49.70887,2
140344,4.94736,49.70847,2
140345,4.939465,49.707111,2
140346,4.94715,49.70829,2
140347,4.939465,49.707111,2
140348,4.94694,49.7081,2
140349,4.94237,49.70582,2
140350,4.94237,49.70582,2
140351,4.94716,49.7081,2
140352,4.94237,49.70582,2
140353,4.94688,49.70785,2
140354,4.94237,49.70582,2
140355,4.94674,49.70792,2
140356,4.94633,49.70756,2
140357,4.94612,49.70737,2
140358,4.94237,49.70582,2
140359,4.94659,49.70759,2
140360,4.94653,49.70774,2
140361,4.94631,49.70734,2
140362,4.94484,49.70607,2
140363,4.94583,49.70741,2
140364,4.94533,49.70759,2
140365,4.94499,49.7077,2
140366,4.94531,49.70788,2
140367,4.94471,49.70777,2
140368,4.94495,49.70799,2
140369,4.94491,49.70814,2
140370,4.94492,49.70759,2
140371,4.94464,49.70766,2
140372,4.94429,49.70776,2
140373,4.94437,49.70786,2
140374,4.94396,49.70798,2
140375,4.94389,49.70787,2
140376,4.94347,49.70798,2
140377,4.94306,49.70809,2
140378,4.943,49.70779,2
140379,4.94525,49.70749,2
140380,4.94354,49.70809,2
140381,4.94313,49.7082,2
140382,4.94554,49.70738,2
140383,4.9451,49.70716,2
140384,4.94574,49.70731,2
140385,4.9458,49.70709,2
140386,4.9451,49.70709,2
140387,4.94684,49.70724,2
140388,4.94713,49.7073,2
140389,4.94738,49.70774,2
140390,4.94766,49.70799,2
140391,4.94749,49.70763,2
140392,4.94731,49.70747,2
140393,4.94704,49.70706,2
140394,4.94761,49.70722,2
140395,4.94687,49.70642,2
140396,4.94658,49.70609,2
140397,4.94629,49.70576,2
140398,4.94751,49.70687,2
140399,4.94764,49.70667,2
140400,4.94796,49.70652,2
140401,4.94829,49.70635,2
140402,4.94814,49.70657,2
140403,4.94851,49.70674,2
140404,4.94851,49.70674,2
140405,4.94849,49.70694,2
140406,4.94869,49.70693,2
140407,4.94858,49.70704,2
140408,4.94867,49.70713,2
140409,4.94887,49.70712,2
140410,4.93877,49.70858,2
140411,4.94887,49.70712,2
140412,4.94905,49.70731,2
140413,4.94894,49.70741,2
140414,4.94923,49.70749,2
140415,4.94903,49.70751,2
140416,4.94912,49.7076,2
140417,4.94921,49.7077,2
140418,4.94941,49.70768,2
140419,4.94941,49.70768,2
140420,4.94964,49.70788,2
140421,4.9493,49.70779,2
140422,4.94983,49.70821,2
140423,4.94997,49.70813,2
140424,4.94993,49.70832,2
140425,4.94999,49.70845,2
140426,4.9497,49.70866,2
140427,4.94911,49.70907,2
140428,4.94978,49.70843,2
140429,4.94964,49.70853,2
140430,4.94949,49.70863,2
140431,4.94934,49.70874,2
140432,4.9492,49.70884,2
140433,4.94905,49.70894,2
140434,4.94857,49.70631,2
140435,4.94923,49.70581,2
140436,4.94856,49.70614,2
140437,4.94909,49.70518,2
140438,4.938,49.70818,2
140439,4.94884,49.70593,2
140440,4.94885,49.70453,2
140441,4.93939,49.70837,2
140442,4.94885,49.70453,2
140443,4.93939,49.70837,2
140444,4.94912,49.70572,2
140445,4.93939,49.70837,2
140446,4.94908,49.7107,2
140447,4.93939,49.70837,2
140448,4.94891,49.70518,2
140449,4.93939,49.70837,2
140450,4.94881,49.70491,2
140451,4.93939,49.70837,2
140452,4.94871,49.70464,2
140453,4.93939,49.70837,2
140454,4.94839,49.70438,2
140455,4.94782,49.70504,2
140456,4.94792,49.70499,2
140457,4.94807,49.70516,2
140458,4.94821,49.70532,2
140459,4.94806,49.70552,2
140460,4.939602,49.707072,2
140461,4.94704,49.70567,2
140462,4.94692,49.70544,2
140463,4.9468,49.70522,2
140464,4.947,49.70484,2
140465,4.94616,49.70513,2
140466,4.94644,49.70489,2
140467,4.94455,49.70469,2
140468,4.94455,49.70469,2
140469,4.94354,49.70462,2
140470,4.94354,49.70462,2
140471,4.94747,49.7042,2
140472,4.94793,49.70415,2
140473,4.94839,49.70424,2
140474,4.94856,49.71056,2
140475,4.94237,49.70582,2
140476,4.94833,49.71068,2
140477,4.9481,49.71081,2
140478,4.94788,49.71091,2
140479,4.94765,49.711,2
140480,4.94743,49.71109,2
140481,4.94724,49.7112,2
140482,4.94711,49.71133,2
140483,4.94681,49.7116,2
140484,4.94696,49.71146,2
140485,4.94725,49.71139,2
140486,4.94736,49.71149,2
140487,4.94741,49.71161,2
140488,4.94746,49.71174,2
140489,4.94756,49.71185,2
140490,4.94787,49.71184,2
140491,4.9481,49.71171,2
140492,4.94834,49.71158,2
140493,4.94858,49.71145,2
140494,4.94881,49.71132,2
140495,4.9489,49.71116,2
140496,4.9487,49.71106,2
140497,4.94856,49.71102,2
140498,4.94842,49.71097,2
140499,4.94829,49.71093,2
140500,4.94815,49.71088,2
140501,4.94807,49.71099,2
140502,4.9482,49.71103,2
140503,4.94834,49.71108,2
140504,4.94848,49.71112,2
140505,4.94862,49.71116,2
140506,4.94851,49.71134,2
140507,4.94831,49.71144,2
140508,4.94757,49.71116,2
140509,4.94778,49.71108,2
140510,4.94739,49.71126,2
140511,4.94769,49.71105,2
140512,4.94769,49.71105,2
140513,4.94769,49.71105,2
140514,4.94769,49.71105,2
140515,4.94769,49.71105,2
140516,4.94769,49.71105,2
140517,4.94769,49.71105,2
140518,4.94769,49.71105,2
140519,4.94769,49.71105,2
140520,4.94993,49.70832,2
140521,4.94711,49.70901,2
140522,4.93879,49.70961,2
140523,4.93901,49.70971,2
140524,4.93901,49.70971,2
140525,4.93939,49.70837,2
140526,4.93956,49.71006,2
140527,4.93939,49.70837,2
140528,4.93947,49.70993,2
140529,4.93939,49.70837,2
140530,4.93901,49.70956,2
140531,4.93939,49.70837,2
140532,4.93939,49.70837,2
140533,4.93869,49.70929,2
140534,4.93939,49.70837,2
140535,4.93939,49.70837,2
140536,4.93869,49.70929,2
140537,4.93939,49.70837,2
140538,4.93939,49.70837,2
140539,4.93792,49.70979,2
140540,4.94785,49.70947,2
140541,4.94452,49.70632,2
140542,4.93939,49.70837,2
140543,4.94785,49.70947,2
140544,4.93939,49.70837,2
140545,4.93792,49.70979,2
140546,4.93939,49.70837,2
140547,4.93939,49.70837,2
140548,4.93936,49.70931,2
140549,4.93939,49.70837,2
140550,4.93939,49.70837,2
140551,4.93958,49.70952,2
140552,4.93939,49.70837,2
140553,4.94019,49.70971,2
140554,4.93939,49.70837,2
140555,4.93939,49.70837,2
140556,4.94049,49.70981,2
140557,4.93939,49.70837,2
140558,4.9408,49.70991,2
140559,4.93939,49.70837,2
140560,4.94027,49.70961,2
140561,4.93939,49.70837,2
140562,4.93939,49.70837,2
140563,4.94057,49.70971,2
140564,4.93939,49.70837,2
140565,4.93939,49.70837,2
140566,4.94088,49.7098,2
140567,4.93939,49.70837,2
140568,4.94118,49.7099,2
140569,4.93939,49.70837,2
140570,4.94118,49.7099,2
140571,4.93939,49.70837,2
140572,4.93939,49.70837,2
140573,4.94148,49.71,2
140574,4.93939,49.70837,2
140575,4.93939,49.70837,2
140576,4.94148,49.71,2
140577,4.93939,49.70837,2
140578,4.93939,49.70837,2
140579,4.94148,49.71,2
140580,4.93939,49.70837,2
140581,4.93939,49.70837,2
140582,4.93948,49.70917,2
140583,4.93939,49.70837,2
140584,4.93952,49.70913,2
140585,4.93939,49.70837,2
140586,4.93939,49.70837,2
140587,4.93957,49.70909,2
140588,4.93939,49.70837,2
140589,4.93939,49.70837,2
140590,4.93979,49.70892,2
140591,4.93939,49.70837,2
140592,4.9409,49.70901,2
140593,4.93939,49.70837,2
140594,4.93939,49.70837,2
140595,4.93976,49.70909,2
140596,4.93939,49.70837,2
140597,4.93939,49.70837,2
140598,4.93976,49.70909,2
140599,4.93939,49.70837,2
140600,4.94024,49.70909,2
140601,4.94042,49.70795,2
140602,4.93939,49.70837,2
140603,4.94024,49.70909,2
140604,4.93939,49.70837,2
140605,4.94072,49.70908,2
140606,4.94013,49.70809,2
140607,4.93939,49.70837,2
140608,4.93939,49.70837,2
140609,4.94065,49.70896,2
140610,4.9399,49.70805,2
140611,4.93939,49.70837,2
140612,4.93957,49.70909,2
140613,4.94484,49.70607,2
140614,4.93939,49.70837,2
140615,4.9413,49.70895,2
140616,4.93952,49.70823,2
140617,4.93939,49.70837,2
140618,4.94162,49.70895,2
140619,4.93939,49.70837,2
140620,4.94075,49.70839,2
140621,4.93985,49.70822,2
140622,4.93939,49.70837,2
140623,4.9411,49.70824,2
140624,4.93939,49.70837,2
140625,4.93956,49.70836,2
140626,4.93939,49.70837,2
140627,4.94134,49.70817,2
140628,4.93939,49.70837,2
140629,4.93927,49.70849,2
140630,4.93939,49.70837,2
140631,4.93921,49.70918,2
140632,4.93939,49.70837,2
140633,4.93914,49.70841,2
140634,4.93939,49.70837,2
140635,4.94163,49.70808,2
140636,4.93939,49.70837,2
140637,4.94236,49.70777,2
140638,4.93898,49.70863,2
140639,4.93939,49.70837,2
140640,4.93939,49.70837,2
140641,4.94296,49.70746,2
140642,4.93877,49.70858,2
140643,4.93939,49.70837,2
140644,4.94317,49.7073,2
140645,5.020582,49.568879,2
140646,5.020582,49.568879,2
140647,5.01534,49.56649,2
140648,5.01534,49.56649,2
140649,5.01923,49.56747,2
140650,5.01668,49.56674,2
140651,5.01465,49.56811,2
140652,5.013169,49.568486,2
140653,5.013431,49.566108,2
140654,5.013431,49.566108,2
140655,5.01711,49.56609,2
140656,5.01525,49.56646,2
140657,5.01525,49.56646,2
140658,5.011428,49.566646,2
140659,5.01711,49.56609,2
140660,5.01534,49.56649,2
140661,5.01534,49.56649,2
140662,5.01923,49.56747,2
140663,5.01534,49.56649,2
140664,5.01534,49.56649,2
140665,5.01668,49.56674,2
140666,5.01534,49.56649,2
140667,5.01534,49.56649,2
140668,5.01668,49.56674,2
140669,5.01668,49.56674,2
140670,5.01668,49.56674,2
140671,5.01668,49.56674,2
140672,5.01525,49.56646,2
140673,5.01534,49.56649,2
140674,5.01525,49.56646,2
140675,5.01668,49.56674,2
140676,5.01668,49.56674,2
140677,5.01668,49.56674,2
140678,5.01668,49.56674,2
140679,5.01668,49.56674,2
140680,5.01668,49.56674,2
140681,5.01534,49.56649,2
140682,5.01668,49.56674,2
140683,5.01534,49.56649,2
140684,5.01668,49.56674,2
140685,5.015065,49.56644,2
140686,5.015093,49.566448,2
140687,5.01534,49.56649,2
140688,5.0135,49.567957,2
140689,5.01534,49.56649,2
140690,5.01534,49.56649,2
140691,5.02447,49.55787,2
140692,5.02447,49.55787,2
140693,5.01296,49.56584,2
140694,5.01534,49.56649,2
140695,5.01499,49.56601,2
140696,5.014987,49.566001,2
140697,5.01534,49.56649,2
140698,5.01534,49.56649,2
140699,5.01534,49.56649,2
140700,5.01729,49.56668,2
140701,5.01729,49.56668,2
140702,5.01729,49.56668,2
140703,5.03185,49.589962,2
140704,5.03185,49.589962,2
140705,5.03185,49.589962,2
140706,4.72149,49.77565,2
140707,4.71918,49.77687,2
140708,4.71823,49.77744,2
140709,4.72014,49.77241,2
140710,4.72014,49.77241,2
140711,4.72025,49.7726,2
140712,4.72031,49.7727,2
140713,4.72031,49.7727,2
140714,4.72055,49.77311,2
140715,4.72048,49.77266,2
140716,4.72031,49.77237,2
140717,4.7191,49.77509,2
140718,4.72122,49.77576,2
140719,4.7194,49.7751,2
140720,4.72078,49.77604,2
140721,4.71782,49.77776,2
140722,4.71327,49.72886,2
140723,4.71457,49.7296,2
140724,4.71942,49.73349,2
140725,4.71688,49.73144,2
140726,4.71096,49.72816,2
140727,4.7165,49.73111,2
140728,4.71567,49.73024,2
140729,4.7165,49.73111,2
140730,4.7165,49.73111,2
140731,4.717071,49.731592,2
140732,4.73013,49.88619,2
140733,4.724037,49.860413,2
140734,4.73102,49.88531,2
140735,4.731716,49.885369,2
140736,4.723995,49.860405,2
140737,4.73627,49.88555,2
140738,4.73558,49.88783,2
140739,4.738,49.88605,2
140740,4.729934,49.881469,2
140741,4.729949,49.882089,2
140742,4.730013,49.883444,2
140743,4.724009,49.860405,2
140744,4.73251,49.88435,2
140745,4.73405,49.8869,2
140746,4.73627,49.88555,2
140747,4.73627,49.88555,2
140748,4.73627,49.88555,2
140749,4.73627,49.88555,2
140750,4.73627,49.88555,2
140751,4.73402,49.88666,2
140752,4.73136,49.88692,2
140753,4.73099,49.88699,2
140754,4.72992,49.88594,2
140755,4.72962,49.88564,2
140756,4.73013,49.88619,2
140757,4.73558,49.88783,2
140758,4.73172,49.88812,2
140759,4.7486,49.88092,2
140760,4.73627,49.88555,2
140761,4.69501,49.75212,2
140762,4.69642,49.75295,2
140763,4.69501,49.75212,2
140764,4.69891,49.75446,2
140765,4.69891,49.75446,2
140766,4.69891,49.75446,2
140767,4.69817,49.75416,2
140768,4.69501,49.75212,2
140769,4.69501,49.75212,2
140770,4.69477,49.75112,2
140771,4.69911,49.75237,2
140772,4.69911,49.75237,2
140773,4.6877,49.75187,2
140774,4.69684,49.7532,2
140775,4.69501,49.75212,2
140776,4.24002,49.58665,2
140777,4.23146,49.60095,2
140778,4.235784,49.608068,2
140779,4.24002,49.58665,2
140780,4.2357,49.60975,2
140781,4.24002,49.58665,2
140782,4.2357,49.60978,2
140783,4.23501,49.60611,2
140784,4.23501,49.60611,2
140785,4.23501,49.60611,2
140786,4.2357,49.60978,2
140787,4.23406,49.605939,2
140788,4.22428,49.67823,2
140789,4.22428,49.67823,2
140790,4.22428,49.67823,2
140791,4.22428,49.67823,2
140792,4.22428,49.67823,2
140793,4.22428,49.67823,2
140794,4.52019,49.92472,2
140795,4.52034,49.92444,2
140796,4.52087,49.92449,2
140797,4.521427,49.925173,2
140798,4.52035,49.92416,2
140799,4.52095,49.92374,2
140800,4.52052,49.92447,2
140801,4.52087,49.92449,2
140802,4.52139,49.92407,2
140803,4.521772,49.924799,2
140804,4.521772,49.924799,2
140805,4.52199,49.92477,2
140806,4.121903,49.469704,2
140807,4.11814,49.46778,2
140808,4.11814,49.46778,2
140809,4.11814,49.46778,2
140810,4.11156,49.46368,2
140811,4.11571,49.46607,2
140812,4.11571,49.46607,2
140813,4.11571,49.46607,2
140814,4.119129,49.468416,2
140815,4.11917,49.47099,2
140816,4.11917,49.47099,2
140817,4.11917,49.47099,2
140818,4.11874,49.47003,2
140819,5.03472,49.47076,2
140820,5.03472,49.47076,2
140821,5.03472,49.47076,2
140822,4.95846,49.55521,2
140823,4.996965,49.546799,2
140824,4.986074,49.547722,2
140825,4.958924,49.556429,2
140826,4.95959,49.55728,2
140827,4.96339,49.55754,2
140828,4.96339,49.55754,2
140829,5.00418,49.44518,2
140830,5.004512,49.446567,2
140831,5.00712,49.44549,2
140832,5.003694,49.445426,2
140833,5.00418,49.44582,2
140834,5.0515,49.44,2
140835,5.04765,49.43927,2
140836,5.054096,49.441891,2
140837,5.06136,49.46545,2
140838,5.048013,49.442846,2
140839,5.04765,49.43927,2
140840,5.04925,49.44073,2
140841,5.04873,49.44073,2
140842,5.051693,49.437892,2
140843,5.04873,49.44073,2
140844,5.04925,49.44073,2
140845,5.0515,49.44,2
140846,5.04955,49.43899,2
140847,5.06136,49.46545,2
140848,5.0579,49.46247,2
140849,4.94531,49.70901,2
140850,4.9401,49.71043,2
140851,4.94531,49.70901,2
140852,4.94735,49.70895,2
140853,4.94908,49.70543,2
140854,4.94955,49.70792,2
140855,4.94455,49.70469,2
140856,4.94769,49.71105,2
140857,4.94393,49.70238,2
140858,4.94449,49.70476,2
140859,4.93774,49.70817,2
140860,5.01534,49.56649,2
140861,5.01668,49.56674,2
140862,5.01534,49.56649,2
140863,5.016928,49.56692,2
