"ID","Longitude","Latitude","ServiceTime (min)"
163653,4.72632,49.75952,2
163654,4.72632,49.75952,2
163655,4.72632,49.75952,2
163656,4.72632,49.75952,2
163657,4.72632,49.75952,2
163658,4.72632,49.75952,2
163659,4.72632,49.75952,2
163660,4.72632,49.75952,2
163661,4.72148,49.76101,2
163662,4.72121,49.76088,2
163663,4.72121,49.76088,2
163664,4.72121,49.76088,2
163665,4.72121,49.76088,2
163666,4.72121,49.76088,2
163667,4.72121,49.76088,2
163668,4.72121,49.76088,2
163669,4.72121,49.76088,2
163670,4.72121,49.76088,2
163671,4.72121,49.76088,2
163672,4.72121,49.76088,2
163673,4.72121,49.76088,2
163674,4.72121,49.76088,2
163675,4.72121,49.76088,2
163676,4.7212,49.76073,2
163677,4.7212,49.76073,2
163678,4.7212,49.76073,2
163679,4.7212,49.76073,2
163680,4.7212,49.76073,2
163681,4.7212,49.76073,2
163682,4.7212,49.76073,2
163683,4.7212,49.76073,2
163684,4.7212,49.76073,2
163685,4.7212,49.76073,2
163686,4.7212,49.76073,2
163687,4.7212,49.76073,2
163688,4.7212,49.76058,2
163689,4.7212,49.76058,2
163690,4.7212,49.76058,2
163691,4.7212,49.76058,2
163692,4.7212,49.76058,2
163693,4.7212,49.76058,2
163694,4.7212,49.76058,2
163695,4.7212,49.76058,2
163696,4.7212,49.76058,2
163697,4.7212,49.76058,2
163698,4.7212,49.76058,2
163699,4.7212,49.76058,2
163700,4.72119,49.76043,2
163701,4.72119,49.76043,2
163702,4.72119,49.76043,2
163703,4.72119,49.76043,2
163704,4.72119,49.76043,2
163705,4.72119,49.76043,2
163706,4.72119,49.76043,2
163707,4.72119,49.76043,2
163708,4.72119,49.76043,2
163709,4.72119,49.76043,2
163710,4.72119,49.76043,2
163711,4.72119,49.76043,2
163712,4.72119,49.76043,2
163713,4.72119,49.76043,2
163714,4.72118,49.76028,2
163715,4.72118,49.76028,2
163716,4.72118,49.76028,2
163717,4.72118,49.76028,2
163718,4.72118,49.76028,2
163719,4.72118,49.76028,2
163720,4.72118,49.76028,2
163721,4.72118,49.76028,2
163722,4.72554,49.76107,2
163723,4.72118,49.76028,2
163724,4.72554,49.76107,2
163725,4.72118,49.76028,2
163726,4.72554,49.76107,2
163727,4.72118,49.76028,2
163728,4.71836,49.76139,2
163729,4.72554,49.76107,2
163730,4.71836,49.76139,2
163731,4.72118,49.76028,2
163732,4.72118,49.76028,2
163733,4.71689,49.76145,2
163734,4.72118,49.76028,2
163735,4.71689,49.76145,2
163736,4.71708,49.76139,2
163737,4.72118,49.76013,2
163738,4.71708,49.76139,2
163739,4.7172,49.76139,2
163740,4.72118,49.76013,2
163741,4.7172,49.76139,2
163742,4.7172,49.76139,2
163743,4.72118,49.76013,2
163744,4.71784,49.76136,2
163745,4.71784,49.76136,2
163746,4.72118,49.76013,2
163747,4.71855,49.7612,2
163748,4.72118,49.76013,2
163749,4.71855,49.7612,2
163750,4.71866,49.76117,2
163751,4.72118,49.76013,2
163752,4.71866,49.76117,2
163753,4.72118,49.76013,2
163754,4.71889,49.76109,2
163755,4.71843,49.76124,2
163756,4.72118,49.76013,2
163757,4.71843,49.76124,2
163758,4.71843,49.76124,2
163759,4.72118,49.76013,2
163760,4.7228,49.75857,2
163761,4.72118,49.76013,2
163762,4.72552,49.75859,2
163763,4.72118,49.76013,2
163764,4.72665,49.75891,2
163765,4.72118,49.76013,2
163766,4.72583,49.76049,2
163767,4.72118,49.76013,2
163768,4.72118,49.76013,2
163769,4.72121,49.76088,2
163770,4.72117,49.75997,2
163771,4.7212,49.76073,2
163772,4.7191,49.76014,2
163773,4.72117,49.75997,2
163774,4.71836,49.76139,2
163775,4.7212,49.76058,2
163776,4.72117,49.75997,2
163777,4.71836,49.76139,2
163778,4.72119,49.76043,2
163779,4.72119,49.76043,2
163780,4.72117,49.75997,2
163781,4.71836,49.76139,2
163782,4.72118,49.76028,2
163783,4.71836,49.76139,2
163784,4.72118,49.76028,2
163785,4.72117,49.75997,2
163786,4.71836,49.76139,2
163787,4.72118,49.76013,2
163788,4.72117,49.75997,2
163789,4.71836,49.76139,2
163790,4.72117,49.75997,2
163791,4.72117,49.75997,2
163792,4.71836,49.76139,2
163793,4.72117,49.75997,2
163794,4.71765,49.76148,2
163795,4.72117,49.75982,2
163796,4.72117,49.75997,2
163797,4.71765,49.76148,2
163798,4.72117,49.75997,2
163799,4.7174,49.76149,2
163800,4.7174,49.76149,2
163801,4.72134,49.75965,2
163802,4.72117,49.75997,2
163803,4.7174,49.76149,2
163804,4.7174,49.76149,2
163805,4.72117,49.75997,2
163806,4.7174,49.76149,2
163807,4.72131,49.75948,2
163808,4.7174,49.76149,2
163809,4.72117,49.75997,2
163810,4.72128,49.7593,2
163811,4.7174,49.76149,2
163812,4.72117,49.75997,2
163813,4.7174,49.76149,2
163814,4.72148,49.76095,2
163815,4.72117,49.75982,2
163816,4.72259,49.75877,2
163817,4.71715,49.76151,2
163818,4.72117,49.75982,2
163819,4.7174,49.76149,2
163820,4.72267,49.75895,2
163821,4.72117,49.75982,2
163822,4.71694,49.76143,2
163823,4.72274,49.75913,2
163824,4.71649,49.76128,2
163825,4.72117,49.75982,2
163826,4.71689,49.76145,2
163827,4.72281,49.75932,2
163828,4.72117,49.75982,2
163829,4.72288,49.7595,2
163830,4.71715,49.76151,2
163831,4.72117,49.75982,2
163832,4.71689,49.76145,2
163833,4.72296,49.75968,2
163834,4.71649,49.76128,2
163835,4.72117,49.75982,2
163836,4.71689,49.76145,2
163837,4.72303,49.75987,2
163838,4.71689,49.76145,2
163839,4.71855,49.7612,2
163840,4.72117,49.75982,2
163841,4.7231,49.76005,2
163842,4.71708,49.76139,2
163843,4.72117,49.75982,2
163844,4.71708,49.76139,2
163845,4.72312,49.76024,2
163846,4.71708,49.76139,2
163847,4.72117,49.75982,2
163848,4.71708,49.76139,2
163849,4.72312,49.76024,2
163850,4.7172,49.76139,2
163851,4.72117,49.75982,2
163852,4.7172,49.76139,2
163853,4.7172,49.76139,2
163854,4.72117,49.75982,2
163855,4.71733,49.76138,2
163856,4.7172,49.76139,2
163857,4.71733,49.76138,2
163858,4.72117,49.75982,2
163859,4.7172,49.76139,2
163860,4.71771,49.76136,2
163861,4.72117,49.75982,2
163862,4.71796,49.76135,2
163863,4.71796,49.76135,2
163864,4.72134,49.75965,2
163865,4.71796,49.76135,2
163866,4.72134,49.75965,2
163867,4.71796,49.76135,2
163868,4.71809,49.76134,2
163869,4.72134,49.75965,2
163870,4.71796,49.76135,2
163871,4.71784,49.76136,2
163872,4.72134,49.75965,2
163873,4.71784,49.76136,2
163874,4.71796,49.76135,2
163875,4.72134,49.75965,2
163876,4.71796,49.76135,2
163877,4.72134,49.75965,2
163878,4.71796,49.76135,2
163879,4.72134,49.75965,2
163880,4.71796,49.76135,2
163881,4.72134,49.75965,2
163882,4.71821,49.76131,2
163883,4.71821,49.76131,2
163884,4.72134,49.75965,2
163885,4.71821,49.76131,2
163886,4.71832,49.76128,2
163887,4.72134,49.75965,2
163888,4.71832,49.76128,2
163889,4.72134,49.75965,2
163890,4.71832,49.76128,2
163891,4.72131,49.75948,2
163892,4.71832,49.76128,2
163893,4.72131,49.75948,2
163894,4.71832,49.76128,2
163895,4.72131,49.75948,2
163896,4.71832,49.76128,2
163897,4.71832,49.76128,2
163898,4.72131,49.75948,2
163899,4.71855,49.7612,2
163900,4.72131,49.75948,2
163901,4.71855,49.7612,2
163902,4.71855,49.7612,2
163903,4.72131,49.75948,2
163904,4.71855,49.7612,2
163905,4.71866,49.76117,2
163906,4.72131,49.75948,2
163907,4.71866,49.76117,2
163908,4.71866,49.76117,2
163909,4.72131,49.75948,2
163910,4.71866,49.76117,2
163911,4.71866,49.76117,2
163912,4.72131,49.75948,2
163913,4.71889,49.76109,2
163914,4.72131,49.75948,2
163915,4.71889,49.76109,2
163916,4.72128,49.7593,2
163917,4.71889,49.76109,2
163918,4.72128,49.7593,2
163919,4.71889,49.76109,2
163920,4.72128,49.7593,2
163921,4.71889,49.76109,2
163922,4.72128,49.7593,2
163923,4.71889,49.76109,2
163924,4.72128,49.7593,2
163925,4.71889,49.76109,2
163926,4.72128,49.7593,2
163927,4.71889,49.76109,2
163928,4.72128,49.7593,2
163929,4.71889,49.76109,2
163930,4.72128,49.7593,2
163931,4.71889,49.76109,2
163932,4.72128,49.7593,2
163933,4.71889,49.76109,2
163934,4.71895,49.76067,2
163935,4.71874,49.76067,2
163936,4.72128,49.7593,2
163937,4.71874,49.76067,2
163938,4.71864,49.76067,2
163939,4.72259,49.75877,2
163940,4.71864,49.76067,2
163941,4.71864,49.76067,2
163942,4.72259,49.75877,2
163943,4.71854,49.76067,2
163944,4.72259,49.75877,2
163945,4.71854,49.76067,2
163946,4.72259,49.75877,2
163947,4.71854,49.76067,2
163948,4.72259,49.75877,2
163949,4.71844,49.76068,2
163950,4.72259,49.75877,2
163951,4.71773,49.76086,2
163952,4.72259,49.75877,2
163953,4.71832,49.76068,2
163954,4.71832,49.76068,2
163955,4.72259,49.75877,2
163956,4.71832,49.76068,2
163957,4.71832,49.76068,2
163958,4.72259,49.75877,2
163959,4.71832,49.76068,2
163960,4.72259,49.75877,2
163961,4.71832,49.76068,2
163962,4.71832,49.76068,2
163963,4.72259,49.75877,2
163964,4.71832,49.76068,2
163965,4.71832,49.76068,2
163966,4.72259,49.75877,2
163967,4.71764,49.76089,2
163968,4.71797,49.7607,2
163969,4.72259,49.75877,2
163970,4.71787,49.7607,2
163971,4.72259,49.75877,2
163972,4.71767,49.7607,2
163973,4.71767,49.7607,2
163974,4.72259,49.75877,2
163975,4.72259,49.75877,2
163976,4.71757,49.7607,2
163977,4.72267,49.75895,2
163978,4.71757,49.7607,2
163979,4.72267,49.75895,2
163980,4.71747,49.7607,2
163981,4.72267,49.75895,2
163982,4.71757,49.7607,2
163983,4.72267,49.75895,2
163984,4.71757,49.7607,2
163985,4.72267,49.75895,2
163986,4.71757,49.7607,2
163987,4.72267,49.75895,2
163988,4.71737,49.7607,2
163989,4.72267,49.75895,2
163990,4.72267,49.75895,2
163991,4.71737,49.7607,2
163992,4.72267,49.75895,2
163993,4.71727,49.7607,2
163994,4.72267,49.75895,2
163995,4.71727,49.7607,2
163996,4.72267,49.75895,2
163997,4.71727,49.7607,2
163998,4.72267,49.75895,2
163999,4.71727,49.7607,2
164000,4.72267,49.75895,2
164001,4.71727,49.7607,2
164002,4.72267,49.75895,2
164003,4.71727,49.7607,2
164004,4.72267,49.75895,2
164005,4.71727,49.7607,2
164006,4.72267,49.75895,2
164007,4.71727,49.7607,2
164008,4.72274,49.75913,2
164009,4.71727,49.7607,2
164010,4.72274,49.75913,2
164011,4.71727,49.7607,2
164012,4.72274,49.75913,2
164013,4.71727,49.7607,2
164014,4.72274,49.75913,2
164015,4.72274,49.75913,2
164016,4.71727,49.7607,2
164017,4.72274,49.75913,2
164018,4.71715,49.76071,2
164019,4.72274,49.75913,2
164020,4.71704,49.76072,2
164021,4.72274,49.75913,2
164022,4.72274,49.75913,2
164023,4.71661,49.76075,2
164024,4.72274,49.75913,2
164025,4.71661,49.76075,2
164026,4.71661,49.76075,2
164027,4.72274,49.75913,2
164028,4.71661,49.76075,2
164029,4.72274,49.75913,2
164030,4.71661,49.76075,2
164031,4.72281,49.75932,2
164032,4.71661,49.76075,2
164033,4.72281,49.75932,2
164034,4.71661,49.76075,2
164035,4.72281,49.75932,2
164036,4.71661,49.76075,2
164037,4.72281,49.75932,2
164038,4.71654,49.76076,2
164039,4.72281,49.75932,2
164040,4.71654,49.76076,2
164041,4.71654,49.76076,2
164042,4.72281,49.75932,2
164043,4.71654,49.76076,2
164044,4.71654,49.76076,2
164045,4.72281,49.75932,2
164046,4.71648,49.76078,2
164047,4.71641,49.76079,2
164048,4.72281,49.75932,2
164049,4.71641,49.76079,2
164050,4.71641,49.76079,2
164051,4.72281,49.75932,2
164052,4.71641,49.76079,2
164053,4.71806,49.76005,2
164054,4.72281,49.75932,2
164055,4.72544,49.76126,2
164056,4.72281,49.75932,2
164057,4.71806,49.76005,2
164058,4.72281,49.75932,2
164059,4.71806,49.76005,2
164060,4.72288,49.7595,2
164061,4.71806,49.76005,2
164062,4.72288,49.7595,2
164063,4.71811,49.76052,2
164064,4.72288,49.7595,2
164065,4.71811,49.76052,2
164066,4.71781,49.76059,2
164067,4.72288,49.7595,2
164068,4.71811,49.76052,2
164069,4.72288,49.7595,2
164070,4.71811,49.76052,2
164071,4.71811,49.76052,2
164072,4.72288,49.7595,2
164073,4.7177,49.76059,2
164074,4.72288,49.7595,2
164075,4.7177,49.76059,2
164076,4.72288,49.7595,2
164077,4.7177,49.76059,2
164078,4.72288,49.7595,2
164079,4.71843,49.76124,2
164080,4.72288,49.7595,2
164081,4.71843,49.76124,2
164082,4.72288,49.7595,2
164083,4.71843,49.76124,2
164084,4.72288,49.7595,2
164085,4.71843,49.76124,2
164086,4.72288,49.7595,2
164087,4.71843,49.76124,2
164088,4.72288,49.7595,2
164089,4.71843,49.76124,2
164090,4.72296,49.75968,2
164091,4.71843,49.76124,2
164092,4.72296,49.75968,2
164093,4.71843,49.76124,2
164094,4.72296,49.75968,2
164095,4.71843,49.76124,2
164096,4.72296,49.75968,2
164097,4.71843,49.76124,2
164098,4.72296,49.75968,2
164099,4.71843,49.76124,2
164100,4.72296,49.75968,2
164101,4.71843,49.76124,2
164102,4.72296,49.75968,2
164103,4.72122,49.75911,2
164104,4.72122,49.75911,2
164105,4.72296,49.75968,2
164106,4.72122,49.75911,2
164107,4.72122,49.75911,2
164108,4.72296,49.75968,2
164109,4.72122,49.75911,2
164110,4.72122,49.75911,2
164111,4.72296,49.75968,2
164112,4.72122,49.75911,2
164113,4.72122,49.75911,2
164114,4.72296,49.75968,2
164115,4.72122,49.75911,2
164116,4.72122,49.75911,2
164117,4.72296,49.75968,2
164118,4.72122,49.75911,2
164119,4.72122,49.75911,2
164120,4.72296,49.75968,2
164121,4.72122,49.75911,2
164122,4.72122,49.75911,2
164123,4.72296,49.75968,2
164124,4.72122,49.75911,2
164125,4.72122,49.75911,2
164126,4.72303,49.75987,2
164127,4.72122,49.75911,2
164128,4.72122,49.75911,2
164129,4.72303,49.75987,2
164130,4.72122,49.75911,2
164131,4.72122,49.75911,2
164132,4.72303,49.75987,2
164133,4.72122,49.75911,2
164134,4.71843,49.76124,2
164135,4.72303,49.75987,2
164136,4.71843,49.76124,2
164137,4.72303,49.75987,2
164138,4.71843,49.76124,2
164139,4.72303,49.75987,2
164140,4.71843,49.76124,2
164141,4.72303,49.75987,2
164142,4.71843,49.76124,2
164143,4.72303,49.75987,2
164144,4.71843,49.76124,2
164145,4.72303,49.75987,2
164146,4.71843,49.76124,2
164147,4.72303,49.75987,2
164148,4.71843,49.76124,2
164149,4.72303,49.75987,2
164150,4.71843,49.76124,2
164151,4.71836,49.76139,2
164152,4.72303,49.75987,2
164153,4.7174,49.76149,2
164154,4.7173,49.76117,2
164155,4.71708,49.76139,2
164156,4.72303,49.75987,2
164157,4.72143,49.75897,2
164158,4.71784,49.76136,2
164159,4.72303,49.75987,2
164160,4.72143,49.75897,2
164161,4.71809,49.76134,2
164162,4.72143,49.75897,2
164163,4.71821,49.76131,2
164164,4.7231,49.76005,2
164165,4.72143,49.75897,2
164166,4.71821,49.76131,2
164167,4.72143,49.75897,2
164168,4.71832,49.76128,2
164169,4.7231,49.76005,2
164170,4.72143,49.75897,2
164171,4.71877,49.76113,2
164172,4.72143,49.75897,2
164173,4.71874,49.76067,2
164174,4.7231,49.76005,2
164175,4.72143,49.75897,2
164176,4.72143,49.75897,2
164177,4.71864,49.76067,2
164178,4.7231,49.76005,2
164179,4.72143,49.75897,2
164180,4.72143,49.75897,2
164181,4.71854,49.76067,2
164182,4.7231,49.76005,2
164183,4.72143,49.75897,2
164184,4.72143,49.75897,2
164185,4.7231,49.76005,2
164186,4.72143,49.75897,2
164187,4.72143,49.75897,2
164188,4.71832,49.76068,2
164189,4.7231,49.76005,2
164190,4.72143,49.75897,2
164191,4.7182,49.76069,2
164192,4.72143,49.75897,2
164193,4.71808,49.7607,2
164194,4.7231,49.76005,2
164195,4.72143,49.75897,2
164196,4.72143,49.75897,2
164197,4.71797,49.7607,2
164198,4.7231,49.76005,2
164199,4.72143,49.75897,2
164200,4.72143,49.75897,2
164201,4.71777,49.7607,2
164202,4.7231,49.76005,2
164203,4.72143,49.75897,2
164204,4.72143,49.75897,2
164205,4.71767,49.7607,2
164206,4.7231,49.76005,2
164207,4.72143,49.75897,2
164208,4.72143,49.75897,2
164209,4.71757,49.7607,2
164210,4.7231,49.76005,2
164211,4.72143,49.75897,2
164212,4.71757,49.7607,2
164213,4.72143,49.75897,2
164214,4.7231,49.76005,2
164215,4.7228,49.75869,2
164216,4.71737,49.7607,2
164217,4.7231,49.76005,2
164218,4.72307,49.75864,2
164219,4.71715,49.76071,2
164220,4.72312,49.76024,2
164221,4.72334,49.75859,2
164222,4.72361,49.75854,2
164223,4.71692,49.76073,2
164224,4.72312,49.76024,2
164225,4.72391,49.75848,2
164226,4.71671,49.76074,2
164227,4.72312,49.76024,2
164228,4.7242,49.75844,2
164229,4.71661,49.76075,2
164230,4.72312,49.76024,2
164231,4.71654,49.76076,2
164232,4.72488,49.75846,2
164233,4.71641,49.76079,2
164234,4.72312,49.76024,2
164235,4.72488,49.75846,2
164236,4.71793,49.76059,2
164237,4.72312,49.76024,2
164238,4.7252,49.75852,2
164239,4.71776,49.76059,2
164240,4.72312,49.76024,2
164241,4.71811,49.76052,2
164242,4.72552,49.75859,2
164243,4.71776,49.76059,2
164244,4.72312,49.76024,2
164245,4.7191,49.76014,2
164246,4.7259,49.75831,2
164247,4.72312,49.76024,2
164248,4.7177,49.76059,2
164249,4.72583,49.75854,2
164250,4.72312,49.76024,2
164251,4.72583,49.75854,2
164252,4.72122,49.75911,2
164253,4.72122,49.75911,2
164254,4.72312,49.76024,2
164255,4.72583,49.75854,2
164256,4.72122,49.75911,2
164257,4.72122,49.75911,2
164258,4.72312,49.76024,2
164259,4.72598,49.75858,2
164260,4.72122,49.75911,2
164261,4.72312,49.76024,2
164262,4.72614,49.75862,2
164263,4.72143,49.75897,2
164264,4.72312,49.76024,2
164265,4.72629,49.75866,2
164266,4.72143,49.75897,2
164267,4.72629,49.75866,2
164268,4.7228,49.75869,2
164269,4.71722,49.76036,2
164270,4.71722,49.76036,2
164271,4.72629,49.75866,2
164272,4.72645,49.7587,2
164273,4.72667,49.75874,2
164274,4.71722,49.76036,2
164275,4.72629,49.75866,2
164276,4.72762,49.75893,2
164277,4.71722,49.76036,2
164278,4.72645,49.7587,2
164279,4.72607,49.75873,2
164280,4.72607,49.75873,2
164281,4.71722,49.76036,2
164282,4.72645,49.7587,2
164283,4.72607,49.75873,2
164284,4.71722,49.76036,2
164285,4.72645,49.7587,2
164286,4.72673,49.75853,2
164287,4.71722,49.76036,2
164288,4.72667,49.75874,2
164289,4.72607,49.75873,2
164290,4.72607,49.75873,2
164291,4.7172,49.76006,2
164292,4.72667,49.75874,2
164293,4.72607,49.75873,2
164294,4.7172,49.76006,2
164295,4.72667,49.75874,2
164296,4.72673,49.75853,2
164297,4.7172,49.76006,2
164298,4.72667,49.75874,2
164299,4.72607,49.75873,2
164300,4.7172,49.76006,2
164301,4.72689,49.75879,2
164302,4.72592,49.75869,2
164303,4.7172,49.76006,2
164304,4.72704,49.75881,2
164305,4.72647,49.75959,2
164306,4.72733,49.75887,2
164307,4.72684,49.76014,2
164308,4.7172,49.76006,2
164309,4.72747,49.7589,2
164310,4.7172,49.76006,2
164311,4.72762,49.75893,2
164312,4.72544,49.76126,2
164313,4.71719,49.75983,2
164314,4.72481,49.75841,2
164315,4.72564,49.75875,2
164316,4.71719,49.75983,2
164317,4.72564,49.75875,2
164318,4.72564,49.75875,2
164319,4.72632,49.75952,2
164320,4.71719,49.75983,2
164321,4.72632,49.75952,2
164322,4.72576,49.75865,2
164323,4.72632,49.75952,2
164324,4.71719,49.75983,2
164325,4.72632,49.75952,2
164326,4.72592,49.75869,2
164327,4.72632,49.75952,2
164328,4.71719,49.75984,2
164329,4.72607,49.75873,2
164330,4.72632,49.75952,2
164331,4.71719,49.75984,2
164332,4.72623,49.75877,2
164333,4.71719,49.75984,2
164334,4.72638,49.75881,2
164335,4.71722,49.76036,2
164336,4.71719,49.75984,2
164337,4.71722,49.76036,2
164338,4.72692,49.75891,2
164339,4.71719,49.75984,2
164340,4.7172,49.76006,2
164341,4.72749,49.75902,2
164342,4.7172,49.76006,2
164343,4.71694,49.75992,2
164344,4.7272,49.75897,2
164345,4.71719,49.75983,2
164346,4.71694,49.75992,2
164347,4.72665,49.75891,2
164348,4.71694,49.75992,2
164349,4.71619,49.76013,2
164350,4.71694,49.75992,2
164351,4.72654,49.75911,2
164352,4.72654,49.75911,2
164353,4.71694,49.75992,2
164354,4.72632,49.75952,2
164355,4.7167,49.75999,2
164356,4.72654,49.75911,2
164357,4.7167,49.75999,2
164358,4.72654,49.75911,2
164359,4.7167,49.75999,2
164360,4.72642,49.75932,2
164361,4.7167,49.75999,2
164362,4.72632,49.75952,2
164363,4.7167,49.75999,2
164364,4.72622,49.75972,2
164365,4.71644,49.76006,2
164366,4.72613,49.75991,2
164367,4.71644,49.76006,2
164368,4.72613,49.75991,2
164369,4.72603,49.7601,2
164370,4.71644,49.76006,2
164371,4.71644,49.76006,2
164372,4.72583,49.76049,2
164373,4.71644,49.76006,2
164374,4.72583,49.76049,2
164375,4.71619,49.76013,2
164376,4.72593,49.7603,2
164377,4.71619,49.76013,2
164378,4.72583,49.76049,2
164379,4.71681,49.76073,2
164380,4.72593,49.7603,2
164381,4.72583,49.76049,2
164382,4.72583,49.76049,2
164383,4.72554,49.76107,2
164384,4.72574,49.76068,2
164385,4.72583,49.76088,2
164386,4.72596,49.76062,2
164387,4.72609,49.76036,2
164388,4.72609,49.76036,2
164389,4.72609,49.76036,2
164390,4.72622,49.76011,2
164391,4.72635,49.75985,2
164392,4.72662,49.75931,2
164393,4.72662,49.75958,2
164394,4.72662,49.75958,2
164395,4.72684,49.76014,2
164396,4.72684,49.76014,2
164397,4.72689,49.75981,2
164398,4.72689,49.75981,2
164399,4.7257,49.76114,2
164400,4.72687,49.75954,2
164401,4.72554,49.76107,2
164402,4.72679,49.759,2
164403,4.72679,49.759,2
164404,4.72679,49.759,2
164405,4.72554,49.76107,2
164406,4.72632,49.75952,2
164407,4.72632,49.75952,2
164408,4.72632,49.75952,2
164409,4.72632,49.75952,2
164410,4.72632,49.75952,2
164411,4.72632,49.75952,2
164412,4.72632,49.75952,2
164413,4.72632,49.75952,2
164414,4.72632,49.75952,2
164415,4.72632,49.75952,2
164416,4.72632,49.75952,2
164417,4.72632,49.75952,2
164418,4.72632,49.75952,2
164419,4.72632,49.75952,2
164420,4.72632,49.75952,2
164421,4.70317,49.87415,2
164422,4.68943,49.87236,2
164423,4.68943,49.87236,2
164424,4.68943,49.87236,2
164425,4.68943,49.87236,2
164426,4.68943,49.87236,2
164427,4.70327,49.87738,2
164428,4.68943,49.87236,2
164429,4.70327,49.87738,2
164430,4.70327,49.87738,2
164431,4.70327,49.87738,2
164432,4.70327,49.87738,2
164433,4.68943,49.87236,2
164434,4.68943,49.87236,2
164435,4.70475,49.87483,2
164436,4.693341,49.872088,2
164437,4.69324,49.87208,2
164438,4.692058,49.872283,2
164439,4.69059,49.87237,2
164440,4.690714,49.872372,2
164441,4.68943,49.87236,2
164442,4.68943,49.87236,2
164443,4.68943,49.87236,2
164444,4.70327,49.87738,2
164445,4.70327,49.87738,2
164446,4.70327,49.87738,2
164447,4.70327,49.87738,2
164448,4.70327,49.87738,2
164449,4.70363,49.87608,2
164450,4.70369,49.87614,2
164451,4.70369,49.87614,2
164452,4.70374,49.8762,2
164453,4.70376,49.87622,2
164454,4.70401,49.87664,2
164455,4.70408,49.87698,2
164456,4.70409,49.877,2
164457,4.70426,49.87696,2
164458,4.70327,49.87738,2
164459,4.70427,49.877,2
164460,4.70409,49.87736,2
164461,4.70409,49.87771,2
164462,4.70409,49.87784,2
164463,4.703666,49.876217,2
164464,4.70327,49.87738,2
164465,4.70408,49.87786,2
164466,4.70295,49.87654,2
164467,4.702402,49.877131,2
164468,4.702299,49.877016,2
164469,4.701794,49.876603,2
164470,4.702387,49.877113,2
164471,4.701476,49.876358,2
164472,4.702474,49.877183,2
164473,4.702382,49.877598,2
164474,4.70327,49.87738,2
164475,4.703953,49.876714,2
164476,4.703953,49.876714,2
164477,4.70296,49.87665,2
164478,4.70296,49.87665,2
164479,4.702833,49.876844,2
164480,4.70327,49.87738,2
164481,4.70487,49.87763,2
164482,4.701388,49.877734,2
164483,4.70487,49.87763,2
164484,4.702027,49.878324,2
164485,4.70487,49.87763,2
164486,4.702027,49.878324,2
164487,4.702446,49.87748,2
164488,4.702026,49.878315,2
164489,4.701806,49.878669,2
164490,4.701706,49.878608,2
164491,4.702026,49.878315,2
164492,4.701161,49.87825,2
164493,4.701961,49.878406,2
164494,4.701148,49.87826,2
164495,4.702177,49.879156,2
164496,4.702406,49.879304,2
164497,4.701473,49.878667,2
164498,4.702337,49.879907,2
164499,4.701259,49.879749,2
164500,4.70114,49.879293,2
164501,4.70307,49.87962,2
164502,4.70404,49.87819,2
164503,4.70426,49.87788,2
164504,4.70426,49.87788,2
164505,4.70401,49.87838,2
164506,4.70401,49.87838,2
164507,4.70401,49.87838,2
164508,4.70401,49.87838,2
164509,4.70401,49.87838,2
164510,4.70401,49.87838,2
164511,4.70401,49.87838,2
164512,4.70401,49.87838,2
164513,4.70327,49.87738,2
164514,4.70327,49.87738,2
164515,4.70327,49.87738,2
164516,4.70327,49.87738,2
164517,4.70327,49.87738,2
164518,4.70327,49.87738,2
164519,4.70425,49.87799,2
164520,4.70425,49.87799,2
164521,4.70423,49.8781,2
164522,4.70427,49.87784,2
164523,4.70423,49.8781,2
164524,4.70423,49.8781,2
164525,4.70423,49.8781,2
164526,4.70399,49.87854,2
164527,4.70403,49.8783,2
164528,4.70419,49.87839,2
164529,4.70415,49.87872,2
164530,4.70413,49.87883,2
164531,4.70412,49.87894,2
164532,4.70411,49.87901,2
164533,4.70409,49.87912,2
164534,4.70327,49.87738,2
164535,4.70397,49.87868,2
164536,4.70411,49.87901,2
164537,4.70409,49.87912,2
164538,4.70412,49.87894,2
164539,4.70413,49.87883,2
164540,4.70391,49.87912,2
164541,4.70327,49.87738,2
164542,4.70392,49.87936,2
164543,4.70417,49.8798,2
164544,4.70409,49.87956,2
164545,4.70381,49.87945,2
164546,4.70394,49.87966,2
164547,4.70327,49.87738,2
164548,4.70376,49.87987,2
164549,4.7034,49.87983,2
164550,4.70413,49.87978,2
164551,4.70419,49.87979,2
164552,4.70418,49.87986,2
164553,4.70422,49.87994,2
164554,4.70401,49.87992,2
164555,4.70446,49.8803,2
164556,4.70327,49.87738,2
164557,4.7041,49.88004,2
164558,4.70417,49.88015,2
164559,4.70468,49.88019,2
164560,4.7043,49.88035,2
164561,4.70429,49.88034,2
164562,4.68943,49.87236,2
164563,4.70426,49.88038,2
164564,4.70447,49.88036,2
164565,4.70444,49.88042,2
164566,4.70441,49.88047,2
164567,4.70441,49.88047,2
164568,4.70436,49.88054,2
164569,4.70432,49.88062,2
164570,4.70429,49.88068,2
164571,4.70413,49.88061,2
164572,4.70408,49.88071,2
164573,4.70327,49.87738,2
164574,4.70397,49.88089,2
164575,4.70397,49.88089,2
164576,4.70397,49.88089,2
164577,4.70366,49.88109,2
164578,4.70388,49.88106,2
164579,4.70413,49.88096,2
164580,4.7041,49.88101,2
164581,4.70409,49.88103,2
164582,4.70405,49.8811,2
164583,4.70429,49.88117,2
164584,4.70429,49.88117,2
164585,4.70417,49.88116,2
164586,4.70399,49.88115,2
164587,4.70387,49.88108,2
164588,4.70382,49.88121,2
164589,4.70404,49.88111,2
164590,4.70396,49.88137,2
164591,4.70398,49.88154,2
164592,4.70426,49.87788,2
164593,4.70399,49.88125,2
164594,4.70327,49.87738,2
164595,4.70401,49.88121,2
164596,4.70379,49.8814,2
164597,4.70379,49.88147,2
164598,4.7038,49.88157,2
164599,4.70183,49.87379,2
164600,4.70336,49.87434,2
164601,4.70207,49.87853,2
164602,4.68943,49.87236,2
164603,4.70253,49.87922,2
164604,4.70393,49.87618,2
164605,4.701966,49.876735,2
164606,4.70327,49.87738,2
164607,4.7034,49.87983,2
164608,4.70409,49.877,2
164609,4.7066,49.87515,2
164610,4.70453,49.87462,2
164611,4.68943,49.87236,2
164612,4.70327,49.87738,2
164613,4.68943,49.87236,2
164614,4.68943,49.87236,2
164615,4.68943,49.87236,2
164616,4.705,49.87488,2
164617,4.70521,49.87493,2
164618,4.70494,49.87499,2
164619,4.70494,49.87499,2
164620,4.70598,49.87511,2
164621,4.70598,49.87511,2
164622,4.70601,49.87511,2
164623,4.70614,49.8751,2
164624,4.7062,49.8751,2
164625,4.70568,49.87516,2
164626,4.70588,49.8752,2
164627,4.70592,49.87521,2
164628,4.70652,49.87505,2
164629,4.70665,49.87503,2
164630,4.70634,49.87519,2
164631,4.7063,49.8752,2
164632,4.7066,49.87515,2
164633,4.70671,49.87502,2
164634,4.70685,49.87512,2
164635,4.70709,49.87491,2
164636,4.70706,49.87508,2
164637,4.7072,49.87501,2
164638,4.704848,49.875035,2
164639,4.70475,49.87483,2
164640,4.70429,49.87467,2
164641,4.70402,49.87457,2
164642,4.70455,49.87476,2
164643,4.70427,49.87453,2
164644,4.70296,49.87421,2
164645,4.70427,49.87453,2
164646,4.70369,49.87446,2
164647,4.70369,49.87446,2
164648,4.70225,49.87395,2
164649,4.70201,49.87386,2
164650,4.7029,49.87418,2
164651,4.70369,49.87446,2
164652,4.7027,49.87411,2
164653,4.70453,49.87462,2
164654,4.70453,49.87462,2
164655,4.70453,49.87462,2
164656,4.702344,49.877689,2
164657,4.70484,49.87473,2
164658,4.70514,49.8749,2
164659,4.70569,49.87451,2
164660,4.70569,49.87451,2
164661,4.70569,49.87451,2
164662,4.70191,49.87369,2
164663,4.70406,49.87999,2
164664,4.70235,49.87385,2
164665,4.70301,49.87409,2
164666,4.7287,49.81621,2
164667,4.7287,49.81621,2
164668,4.7287,49.81621,2
164669,4.7287,49.81621,2
164670,4.7287,49.81621,2
164671,4.7287,49.81621,2
164672,4.7287,49.81621,2
164673,4.7287,49.81621,2
164674,4.7287,49.81621,2
164675,4.7287,49.81621,2
164676,4.7287,49.81621,2
164677,4.7287,49.81621,2
164678,4.7287,49.81621,2
164679,4.7287,49.81621,2
164680,4.7287,49.81621,2
164681,4.7287,49.81621,2
164682,4.7287,49.81621,2
164683,4.7287,49.81621,2
164684,4.7287,49.81621,2
164685,4.7287,49.81621,2
164686,4.7287,49.81621,2
164687,4.7287,49.81621,2
164688,4.7287,49.81621,2
164689,4.7287,49.81621,2
164690,4.7287,49.81621,2
164691,4.7287,49.81621,2
164692,4.7287,49.81621,2
164693,4.7287,49.81621,2
164694,4.7287,49.81621,2
164695,4.7287,49.81621,2
164696,4.7287,49.81621,2
164697,4.7287,49.81621,2
164698,4.7287,49.81621,2
164699,4.7287,49.81621,2
164700,4.7287,49.81621,2
164701,4.7287,49.81621,2
164702,4.7287,49.81621,2
164703,4.7287,49.81621,2
164704,4.7287,49.81621,2
164705,4.7287,49.81621,2
164706,4.7287,49.81621,2
164707,4.7287,49.81621,2
164708,4.7287,49.81621,2
164709,4.7287,49.81621,2
164710,4.7287,49.81621,2
164711,4.7287,49.81621,2
164712,4.7287,49.81621,2
164713,4.7287,49.81621,2
164714,4.7287,49.81621,2
164715,4.7287,49.81621,2
164716,4.7287,49.81621,2
164717,4.7287,49.81621,2
164718,4.7287,49.81621,2
164719,4.7287,49.81621,2
164720,4.7287,49.81621,2
164721,4.7287,49.81621,2
164722,4.7287,49.81621,2
164723,4.7287,49.81621,2
164724,4.731,49.81216,2
164725,4.73063,49.81219,2
164726,4.73031,49.81227,2
164727,4.73014,49.81248,2
164728,4.72981,49.8125,2
164729,4.72963,49.81261,2
164730,4.72941,49.81265,2
164731,4.72963,49.81261,2
164732,4.72951,49.81248,2
164733,4.7295,49.8124,2
164734,4.7294,49.81226,2
164735,4.72936,49.81211,2
164736,4.72946,49.81197,2
164737,4.72956,49.81182,2
164738,4.72952,49.81203,2
164739,4.72952,49.81203,2
164740,4.72973,49.81186,2
164741,4.72965,49.81198,2
164742,4.72956,49.8121,2
164743,4.72956,49.81222,2
164744,4.72964,49.81233,2
164745,4.72981,49.81238,2
164746,4.73005,49.81234,2
164747,4.73019,49.81217,2
164748,4.73043,49.8121,2
164749,4.73072,49.81207,2
164750,4.73101,49.81204,2
164751,4.7278,49.81616,2
164752,4.7278,49.81616,2
164753,4.7278,49.81616,2
164754,4.7278,49.81616,2
164755,4.7278,49.81616,2
164756,4.7278,49.81616,2
164757,4.7278,49.81616,2
164758,4.7278,49.81616,2
164759,4.7278,49.81616,2
164760,4.7278,49.81616,2
164761,4.7278,49.81616,2
164762,4.7278,49.81616,2
164763,4.7278,49.81616,2
164764,4.7278,49.81616,2
164765,4.7278,49.81616,2
164766,4.7278,49.81616,2
164767,4.72952,49.81203,2
164768,4.73086,49.81648,2
164769,4.73086,49.81648,2
164770,4.73086,49.81648,2
164771,4.72896,49.81539,2
164772,4.72896,49.81571,2
164773,4.72896,49.81604,2
164774,4.72896,49.81636,2
164775,4.72896,49.81636,2
164776,4.72896,49.81636,2
164777,4.7287,49.81621,2
164778,4.7287,49.81621,2
164779,4.7287,49.81621,2
164780,4.72896,49.81506,2
164781,4.72896,49.81506,2
164782,4.72896,49.81506,2
164783,4.7287,49.81621,2
164784,4.7287,49.81621,2
164785,4.7287,49.81621,2
164786,4.7287,49.81621,2
164787,4.7278,49.81616,2
164788,4.73254,49.81732,2
164789,4.73125,49.81609,2
164790,4.73164,49.81659,2
164791,4.73125,49.81609,2
164792,4.73119,49.81647,2
164793,4.73084,49.81659,2
164794,4.7305,49.81651,2
164795,4.73016,49.81644,2
164796,4.72984,49.81648,2
164797,4.72952,49.81659,2
164798,4.7292,49.81669,2
164799,4.72927,49.81655,2
164800,4.72914,49.81663,2
164801,4.72914,49.81674,2
164802,4.72914,49.81691,2
164803,4.72914,49.81708,2
164804,4.72896,49.81704,2
164805,4.72896,49.81739,2
164806,4.72831,49.81736,2
164807,4.72896,49.81679,2
164808,4.72868,49.8166,2
164809,4.72914,49.81645,2
164810,4.72914,49.8163,2
164811,4.72914,49.81615,2
164812,4.72927,49.81655,2
164813,4.72965,49.81642,2
164814,4.73004,49.8163,2
164815,4.73045,49.81638,2
164816,4.73236,49.81727,2
164817,4.73228,49.81725,2
164818,4.73123,49.81532,2
164819,4.73086,49.81648,2
164820,4.73086,49.81648,2
164821,4.73086,49.81648,2
164822,4.73086,49.81648,2
164823,4.73086,49.81648,2
164824,4.73086,49.81648,2
164825,4.73086,49.81648,2
164826,4.73086,49.81648,2
164827,4.73086,49.81648,2
164828,4.73144,49.8166,2
164829,4.73086,49.81648,2
164830,4.73086,49.81648,2
164831,4.73086,49.81648,2
164832,4.73086,49.81648,2
164833,4.73086,49.81648,2
164834,4.73219,49.81723,2
164835,4.73211,49.81721,2
164836,4.73104,49.81505,2
164837,4.73065,49.81486,2
164838,4.73112,49.8156,2
164839,4.73027,49.81496,2
164840,4.73028,49.81509,2
164841,4.73029,49.81521,2
164842,4.7303,49.81534,2
164843,4.73034,49.81538,2
164844,4.73048,49.81549,2
164845,4.73048,49.81554,2
164846,4.73048,49.8156,2
164847,4.73048,49.81566,2
164848,4.73048,49.81571,2
164849,4.7302,49.81585,2
164850,4.73012,49.81577,2
164851,4.73012,49.81567,2
164852,4.73012,49.81556,2
164853,4.73012,49.81546,2
164854,4.73012,49.81536,2
164855,4.73011,49.81526,2
164856,4.7301,49.81516,2
164857,4.73009,49.81506,2
164858,4.73009,49.81496,2
164859,4.73035,49.81581,2
164860,4.72947,49.81484,2
164861,4.72758,49.81461,2
164862,4.72919,49.81484,2
164863,4.72914,49.81498,2
164864,4.72819,49.81456,2
164865,4.72914,49.81512,2
164866,4.72914,49.81527,2
164867,4.72914,49.81542,2
164868,4.72914,49.81556,2
164869,4.72914,49.81571,2
164870,4.72914,49.81601,2
164871,4.72896,49.81539,2
164872,4.72896,49.81539,2
164873,4.72896,49.81539,2
164874,4.72896,49.81539,2
164875,4.72896,49.81539,2
164876,4.72896,49.81539,2
164877,4.72896,49.81539,2
164878,4.72896,49.81539,2
164879,4.72896,49.81571,2
164880,4.72896,49.81571,2
164881,4.72896,49.81571,2
164882,4.72896,49.81571,2
164883,4.72896,49.81571,2
164884,4.72896,49.81571,2
164885,4.72896,49.81604,2
164886,4.72896,49.81604,2
164887,4.72896,49.81604,2
164888,4.72896,49.81604,2
164889,4.72896,49.81604,2
164890,4.72896,49.81604,2
164891,4.72896,49.81636,2
164892,4.72896,49.81636,2
164893,4.72896,49.81636,2
164894,4.72896,49.81636,2
164895,4.72896,49.81636,2
164896,4.72896,49.81636,2
164897,4.7287,49.81621,2
164898,4.7287,49.81621,2
164899,4.7287,49.81621,2
164900,4.7287,49.81621,2
164901,4.7287,49.81621,2
164902,4.7287,49.81621,2
164903,4.7287,49.81621,2
164904,4.7287,49.81621,2
164905,4.7287,49.81621,2
164906,4.7287,49.81621,2
164907,4.7287,49.81621,2
164908,4.7287,49.81621,2
164909,4.73112,49.8156,2
164910,4.7287,49.81621,2
164911,4.73112,49.8156,2
164912,4.7287,49.81621,2
164913,4.7287,49.81621,2
164914,4.7287,49.81621,2
164915,4.7287,49.81621,2
164916,4.7287,49.81621,2
164917,4.72896,49.81506,2
164918,4.72896,49.81506,2
164919,4.72896,49.81506,2
164920,4.72896,49.81506,2
164921,4.72896,49.81506,2
164922,4.72896,49.81506,2
164923,4.72896,49.81506,2
164924,4.72896,49.81506,2
164925,4.72896,49.81506,2
164926,4.72896,49.81506,2
164927,4.72896,49.81506,2
164928,4.72896,49.81506,2
164929,4.72896,49.81506,2
164930,4.72896,49.81506,2
164931,4.72896,49.81506,2
164932,4.7287,49.81621,2
164933,4.7287,49.81621,2
164934,4.7287,49.81621,2
164935,4.73291,49.81359,2
164936,4.73291,49.81359,2
164937,4.73788,49.81263,2
164938,4.73788,49.81263,2
164939,4.73496,49.8116,2
164940,4.7441,49.81437,2
164941,4.7441,49.81437,2
164942,4.7441,49.81437,2
164943,4.7441,49.81437,2
164944,4.7441,49.81437,2
164945,4.7441,49.81437,2
164946,4.73242,49.81099,2
164947,4.7441,49.81437,2
164948,4.7441,49.81437,2
164949,4.7441,49.81437,2
164950,4.7441,49.81437,2
164951,4.7441,49.81437,2
164952,4.7441,49.81437,2
164953,4.7441,49.81437,2
164954,4.7441,49.81437,2
164955,4.7441,49.81437,2
164956,4.7441,49.81437,2
164957,4.7441,49.81437,2
164958,4.7441,49.81437,2
164959,4.7441,49.81437,2
164960,4.7441,49.81437,2
164961,4.7393,49.81337,2
164962,4.7441,49.81437,2
164963,4.7441,49.81437,2
164964,4.7441,49.81437,2
164965,4.7327,49.81359,2
164966,4.7441,49.81437,2
164967,4.7327,49.81359,2
164968,4.7441,49.81437,2
164969,4.7441,49.81437,2
164970,4.7441,49.81437,2
164971,4.7441,49.81437,2
164972,4.7441,49.81437,2
164973,4.7441,49.81437,2
164974,4.73895,49.81515,2
164975,4.73994,49.81583,2
164976,4.73957,49.81417,2
164977,4.73957,49.81417,2
164978,4.73942,49.81383,2
164979,4.7393,49.81356,2
164980,4.7393,49.81337,2
164981,4.73923,49.81342,2
164982,4.73923,49.81342,2
164983,4.7393,49.81337,2
164984,4.7393,49.81337,2
164985,4.7393,49.8128,2
164986,4.7393,49.81337,2
164987,4.7393,49.81277,2
164988,4.7393,49.81337,2
164989,4.7393,49.81273,2
164990,4.73936,49.81248,2
164991,4.73936,49.81248,2
164992,4.73936,49.81248,2
164993,4.73932,49.81265,2
164994,4.73916,49.81255,2
164995,4.73928,49.81223,2
164996,4.73941,49.81195,2
164997,4.73941,49.81195,2
164998,4.749305,49.803185,2
164999,4.73874,49.81265,2
165000,4.73843,49.8121,2
165001,4.73843,49.8121,2
165002,4.73799,49.81207,2
165003,4.73839,49.81275,2
165004,4.73799,49.81207,2
165005,4.73851,49.81222,2
165006,4.73824,49.8122,2
165007,4.73754,49.81204,2
165008,4.73743,49.81215,2
165009,4.7377,49.81217,2
165010,4.7377,49.81217,2
165011,4.7377,49.81217,2
165012,4.73548,49.81171,2
165013,4.7377,49.81217,2
165014,4.736,49.81182,2
165015,4.73807,49.81271,2
165016,4.73726,49.81225,2
165017,4.73851,49.81268,2
165018,4.73912,49.81274,2
165019,4.73912,49.81274,2
165020,4.73912,49.81274,2
165021,4.73912,49.81274,2
165022,4.73912,49.81274,2
165023,4.73912,49.81274,2
165024,4.73912,49.81274,2
165025,4.73912,49.81274,2
165026,4.73912,49.81274,2
165027,4.73912,49.81274,2
165028,4.73912,49.81276,2
165029,4.73912,49.81276,2
165030,4.73912,49.81276,2
165031,4.73912,49.81276,2
165032,4.73912,49.81276,2
165033,4.73912,49.81276,2
165034,4.73912,49.81276,2
165035,4.73912,49.81276,2
165036,4.73912,49.81276,2
165037,4.73912,49.81276,2
165038,4.73912,49.81278,2
165039,4.73957,49.81417,2
165040,4.73921,49.81292,2
165041,4.73912,49.81278,2
165042,4.73921,49.81292,2
165043,4.73921,49.81292,2
165044,4.73912,49.81278,2
165045,4.73921,49.81292,2
165046,4.73912,49.81278,2
165047,4.73912,49.81278,2
165048,4.73912,49.81278,2
165049,4.73406,49.81208,2
165050,4.73912,49.81278,2
165051,4.73936,49.81248,2
165052,4.73912,49.81278,2
165053,4.73912,49.81278,2
165054,4.73912,49.81278,2
165055,4.73912,49.8128,2
165056,4.73912,49.8128,2
165057,4.73912,49.8128,2
165058,4.73912,49.8128,2
165059,4.73278,49.81094,2
165060,4.73912,49.8128,2
165061,4.73912,49.8128,2
165062,4.73912,49.8128,2
165063,4.73912,49.8128,2
165064,4.73912,49.8128,2
165065,4.73912,49.8128,2
165066,4.73874,49.81326,2
165067,4.73895,49.81515,2
165068,4.73867,49.81335,2
165069,4.73872,49.81361,2
165070,4.73872,49.81361,2
165071,4.73876,49.81387,2
165072,4.7385,49.81343,2
165073,4.73761,49.81338,2
165074,4.73735,49.81344,2
165075,4.73739,49.81355,2
165076,4.73713,49.81361,2
165077,4.73709,49.8135,2
165078,4.73654,49.81355,2
165079,4.73685,49.81365,2
165080,4.73627,49.81356,2
165081,4.73657,49.81366,2
165082,4.73685,49.81365,2
165083,4.73629,49.81368,2
165084,4.73572,49.8137,2
165085,4.73572,49.8137,2
165086,4.73572,49.8137,2
165087,4.73572,49.8137,2
165088,4.73601,49.81369,2
165089,4.73571,49.81358,2
165090,4.7349,49.81359,2
165091,4.73363,49.81365,2
165092,4.73418,49.81359,2
165093,4.73376,49.81359,2
165094,4.73334,49.81359,2
165095,4.73302,49.8137,2
165096,4.73313,49.81359,2
165097,4.73291,49.81359,2
165098,4.7327,49.81359,2
165099,4.73302,49.8137,2
165100,4.73302,49.8137,2
165101,4.73264,49.8137,2
165102,4.73197,49.8137,2
165103,4.73129,49.8137,2
165104,4.73249,49.81359,2
165105,4.73228,49.81359,2
165106,4.73207,49.81359,2
165107,4.73186,49.81359,2
165108,4.73165,49.81359,2
165109,4.73651,49.81194,2
165110,4.73144,49.81359,2
165111,4.73123,49.81359,2
165112,4.73121,49.8136,2
165113,4.73121,49.81352,2
165114,4.73121,49.81344,2
165115,4.73121,49.81335,2
165116,4.73121,49.81327,2
165117,4.73121,49.81319,2
165118,4.73121,49.8131,2
165119,4.73121,49.81302,2
165120,4.73124,49.81303,2
165121,4.73147,49.81303,2
165122,4.73171,49.81303,2
165123,4.73194,49.81303,2
165124,4.73218,49.81303,2
165125,4.73241,49.81303,2
165126,4.73265,49.81303,2
165127,4.73246,49.81292,2
165128,4.73266,49.81292,2
165129,4.73225,49.81292,2
165130,4.73205,49.81292,2
165131,4.73184,49.81292,2
165132,4.73164,49.81292,2
165133,4.73143,49.81292,2
165134,4.73122,49.81292,2
165135,4.73121,49.81294,2
165136,4.73122,49.81285,2
165137,4.73123,49.81277,2
165138,4.73123,49.81269,2
165139,4.73124,49.8126,2
165140,4.73124,49.81252,2
165141,4.73125,49.81243,2
165142,4.73125,49.81235,2
165143,4.72905,49.81429,2
165144,4.7315,49.81236,2
165145,4.72905,49.81429,2
165146,4.72905,49.81429,2
165147,4.73164,49.81236,2
165148,4.72905,49.81429,2
165149,4.73179,49.81236,2
165150,4.72905,49.81429,2
165151,4.73193,49.81236,2
165152,4.72905,49.81429,2
165153,4.73207,49.81236,2
165154,4.72905,49.81429,2
165155,4.72905,49.81429,2
165156,4.73222,49.81236,2
165157,4.72905,49.81429,2
165158,4.72905,49.81429,2
165159,4.73388,49.81225,2
165160,4.72905,49.81429,2
165161,4.73359,49.81225,2
165162,4.72905,49.81429,2
165163,4.7333,49.81225,2
165164,4.72905,49.81429,2
165165,4.72905,49.81429,2
165166,4.73301,49.81225,2
165167,4.72905,49.81429,2
165168,4.73272,49.81225,2
165169,4.72905,49.81429,2
165170,4.73243,49.81225,2
165171,4.72905,49.81429,2
165172,4.73429,49.81226,2
165173,4.72905,49.81429,2
165174,4.73241,49.81236,2
165175,4.72905,49.81429,2
165176,4.72905,49.81429,2
165177,4.73266,49.81236,2
165178,4.73291,49.81236,2
165179,4.73315,49.81236,2
165180,4.73291,49.81236,2
165181,4.7334,49.81236,2
165182,4.7339,49.81236,2
165183,4.73207,49.81225,2
165184,4.73164,49.81225,2
165185,4.7315,49.81224,2
165186,4.73149,49.81212,2
165187,4.73338,49.81094,2
165188,4.73145,49.81199,2
165189,4.73128,49.81195,2
165190,4.73726,49.81225,2
165191,4.73125,49.81195,2
165192,4.73125,49.81187,2
165193,4.73125,49.81178,2
165194,4.73124,49.8117,2
165195,4.73124,49.81161,2
165196,4.73123,49.81152,2
165197,4.73123,49.81144,2
165198,4.73123,49.81135,2
165199,4.73122,49.81126,2
165200,4.73122,49.81118,2
165201,4.73121,49.81109,2
165202,4.73179,49.81097,2
165203,4.73234,49.81045,2
165204,4.73167,49.81109,2
165205,4.73456,49.81094,2
165206,4.73427,49.81094,2
165207,4.73308,49.81094,2
165208,4.73298,49.81105,2
165209,4.73243,49.81107,2
165210,4.73367,49.81094,2
165211,4.73367,49.81105,2
165212,4.73437,49.81105,2
165213,4.73397,49.81094,2
165214,4.7323,49.81096,2
165215,4.73125,49.81099,2
165216,4.73104,49.81112,2
165217,4.73104,49.81126,2
165218,4.73105,49.81139,2
165219,4.73105,49.81153,2
165220,4.73106,49.81166,2
165221,4.73107,49.8118,2
165222,4.73107,49.81193,2
165223,4.73108,49.81219,2
165224,4.73108,49.81204,2
165225,4.73107,49.81242,2
165226,4.73105,49.81264,2
165227,4.73104,49.81286,2
165228,4.73103,49.81309,2
165229,4.73103,49.81331,2
165230,4.73733,49.81234,2
165231,4.73103,49.81309,2
165232,4.73726,49.81225,2
165233,4.73103,49.81353,2
165234,4.72925,49.81359,2
165235,4.72967,49.81359,2
165236,4.7305,49.81359,2
165237,4.73363,49.81365,2
165238,4.73091,49.81359,2
165239,4.728945,49.814745,2
165240,4.728936,49.814844,2
165241,4.728979,49.814287,2
165242,4.729005,49.813657,2
165243,4.728986,49.814125,2
165244,4.728986,49.814125,2
165245,4.73363,49.81365,2
165246,4.729007,49.813693,2
165247,4.729007,49.813693,2
165248,4.72914,49.813,2
165249,4.728951,49.812805,2
165250,4.72895,49.812769,2
165251,4.72896,49.811808,2
165252,4.72896,49.811808,2
165253,4.73241,49.81236,2
165254,4.73241,49.81236,2
165255,4.73429,49.81226,2
165256,4.73429,49.81226,2
165257,4.73454,49.81214,2
165258,4.73474,49.81179,2
165259,4.73454,49.81191,2
165260,4.73456,49.81179,2
165261,4.73457,49.81166,2
165262,4.73458,49.81158,2
165263,4.73458,49.81152,2
165264,4.73458,49.81147,2
165265,4.7346,49.81134,2
165266,4.73461,49.81121,2
165267,4.73449,49.81125,2
165268,4.73436,49.81128,2
165269,4.73424,49.81132,2
165270,4.73411,49.81135,2
165271,4.73399,49.81139,2
165272,4.73387,49.81143,2
165273,4.73384,49.81152,2
165274,4.73383,49.81161,2
165275,4.73382,49.81169,2
165276,4.73278,49.81094,2
165277,4.73381,49.81178,2
165278,4.73472,49.81219,2
165279,4.73473,49.81192,2
165280,4.73467,49.81178,2
165281,4.73467,49.81178,2
165282,4.73252,49.81094,2
165283,4.73994,49.81583,2
165284,4.73942,49.81383,2
165285,4.73941,49.81195,2
165286,4.7349,49.81359,2
165287,4.73463,49.81359,2
165288,4.73363,49.81365,2
165289,4.73406,49.81208,2
165290,4.42069,49.69779,2
165291,4.423145,49.701989,2
165292,4.423145,49.701989,2
165293,4.422648,49.702366,2
165294,4.422702,49.702338,2
165295,4.423362,49.702201,2
165296,4.42476,49.69925,2
165297,4.42476,49.69925,2
165298,4.42476,49.69925,2
165299,4.42476,49.69925,2
165300,4.42814,49.698139,2
165301,4.42476,49.69925,2
165302,4.42476,49.69925,2
165303,4.42476,49.69925,2
165304,4.41157,49.70294,2
165305,4.42476,49.69925,2
165306,4.41157,49.70294,2
165307,4.42476,49.69925,2
165308,4.41157,49.70294,2
165309,4.42476,49.69925,2
165310,4.41849,49.69846,2
165311,4.42476,49.69925,2
165312,4.41849,49.69846,2
165313,4.42476,49.69925,2
165314,4.41849,49.69846,2
165315,4.418421,49.698908,2
165316,4.42242,49.69052,2
165317,4.42195,49.69838,2
165318,4.41849,49.69846,2
165319,4.42655,49.7004,2
165320,4.41849,49.69846,2
165321,4.42593,49.69983,2
165322,4.4181,49.69782,2
165323,4.42476,49.69925,2
165324,4.41877,49.69821,2
165325,4.426552,49.700278,2
165326,4.426567,49.700322,2
165327,4.419156,49.697916,2
165328,4.42663,49.70019,2
165329,4.41879,49.69827,2
165330,4.426503,49.700099,2
165331,4.42026,49.69866,2
165332,4.42593,49.69983,2
165333,4.42593,49.69983,2
165334,4.42476,49.69925,2
165335,4.42026,49.69866,2
165336,4.42626,49.69992,2
165337,4.419602,49.697972,2
165338,4.42195,49.69838,2
165339,4.41879,49.69827,2
165340,4.42195,49.69838,2
165341,4.42195,49.69838,2
165342,4.41879,49.69827,2
165343,4.42242,49.69052,2
165344,4.42195,49.69838,2
165345,4.42242,49.69052,2
165346,4.42195,49.69838,2
165347,4.42195,49.69838,2
165348,4.421151,49.697918,2
165349,4.42195,49.69838,2
165350,4.42242,49.69052,2
165351,4.42242,49.69052,2
165352,4.42195,49.69838,2
165353,4.42173,49.69782,2
165354,4.42195,49.69838,2
165355,4.42173,49.69782,2
165356,4.42173,49.69782,2
165357,4.42242,49.69052,2
165358,4.42242,49.69052,2
165359,4.42195,49.69838,2
165360,4.42242,49.69052,2
165361,4.42195,49.69838,2
165362,4.42242,49.69052,2
165363,4.423265,49.699831,2
165364,4.42242,49.69052,2
165365,4.422309,49.701851,2
165366,4.42242,49.69052,2
165367,4.422513,49.701766,2
165368,4.42242,49.69052,2
165369,4.42242,49.69052,2
165370,4.42242,49.69052,2
165371,4.42476,49.69925,2
165372,4.42242,49.69052,2
165373,4.42476,49.69925,2
165374,4.42242,49.69052,2
165375,4.42242,49.69052,2
165376,4.42242,49.69052,2
165377,4.42242,49.69052,2
165378,4.42242,49.69052,2
165379,4.42242,49.69052,2
165380,4.42242,49.69052,2
165381,4.42242,49.69052,2
165382,4.42242,49.69052,2
165383,4.42242,49.69052,2
165384,4.42169,49.69737,2
165385,4.42242,49.69052,2
165386,4.42242,49.69052,2
165387,4.42242,49.69052,2
165388,4.42242,49.69052,2
165389,4.42242,49.69052,2
165390,4.42242,49.69052,2
165391,4.42242,49.69052,2
165392,4.42242,49.69052,2
165393,4.42242,49.69052,2
165394,4.42242,49.69052,2
165395,4.424589,49.699709,2
165396,4.424589,49.699709,2
165397,4.424589,49.699709,2
165398,4.424589,49.699709,2
165399,4.424842,49.700127,2
165400,4.424842,49.700136,2
165401,4.424842,49.700136,2
165402,4.424842,49.700136,2
165403,4.425084,49.700635,2
165404,4.425084,49.700635,2
165405,4.425084,49.700635,2
165406,4.425084,49.700635,2
165407,4.425084,49.700635,2
165408,4.425607,49.700554,2
165409,4.425608,49.700581,2
165410,4.425566,49.700214,2
165411,4.425566,49.700214,2
165412,4.425566,49.700214,2
165413,4.425566,49.700214,2
165414,4.425566,49.700214,2
165415,4.42593,49.69983,2
165416,4.42655,49.7004,2
165417,4.42593,49.69983,2
165418,4.42069,49.69779,2
165419,4.42586,49.69989,2
165420,4.425645,49.699781,2
165421,4.42593,49.69983,2
165422,4.42195,49.69838,2
165423,4.42173,49.69782,2
165424,4.41157,49.70294,2
165425,4.42242,49.69052,2
165426,4.423298,49.701322,2
165427,4.423298,49.701322,2
165428,4.42026,49.69866,2
165429,4.41879,49.69827,2
165430,4.41879,49.69827,2
165431,4.423482,49.702433,2
165432,4.42242,49.69052,2
165433,4.41935,49.69695,2
165434,4.422646,49.701306,2
165435,4.42173,49.69782,2
165436,4.42173,49.69782,2
165437,4.423237,49.700514,2
165438,4.42069,49.69779,2
165439,4.42228,49.702507,2
165440,4.41157,49.70294,2
165441,4.42228,49.702507,2
165442,4.422701,49.70162,2
165443,4.42476,49.69925,2
165444,4.42195,49.69838,2
165445,4.41157,49.70294,2
165446,4.41157,49.70294,2
165447,4.41157,49.70294,2
165448,4.41157,49.70294,2
165449,4.41157,49.70294,2
165450,4.41157,49.70294,2
165451,4.41291,49.703009,2
165452,4.42476,49.69925,2
165453,4.414825,49.702087,2
165454,4.42476,49.69925,2
165455,4.414825,49.702087,2
165456,4.414825,49.702087,2
165457,4.41157,49.70294,2
165458,4.41157,49.70294,2
165459,4.41157,49.70294,2
165460,4.416954,49.700964,2
165461,4.416337,49.701118,2
165462,4.423072,49.698846,2
165463,4.41828,49.699513,2
165464,4.41828,49.699513,2
165465,4.418404,49.69916,2
165466,4.41849,49.69846,2
165467,4.41849,49.69846,2
165468,4.42003,49.69897,2
165469,4.42069,49.69779,2
165470,4.41849,49.69846,2
165471,4.42026,49.69866,2
165472,4.42069,49.69779,2
165473,4.41879,49.69827,2
165474,4.41849,49.69846,2
165475,4.41849,49.69846,2
165476,4.41849,49.69846,2
165477,4.41849,49.69846,2
165478,4.41849,49.69846,2
165479,4.41849,49.69846,2
165480,4.41849,49.69846,2
165481,4.41849,49.69846,2
165482,4.4181,49.69782,2
165483,4.4181,49.69782,2
165484,4.41877,49.69821,2
165485,4.41879,49.69827,2
165486,4.41879,49.69827,2
165487,4.41879,49.69827,2
165488,4.41879,49.69827,2
165489,4.41879,49.69827,2
165490,4.42026,49.69866,2
165491,4.42026,49.69866,2
165492,4.42026,49.69866,2
165493,4.42026,49.69866,2
165494,4.42026,49.69866,2
165495,4.42026,49.69866,2
165496,4.420319,49.699253,2
165497,4.42026,49.69866,2
165498,4.42026,49.69866,2
165499,4.42026,49.69866,2
165500,4.42026,49.69866,2
165501,4.42026,49.69866,2
165502,4.42026,49.69866,2
165503,4.42026,49.69866,2
165504,4.42026,49.69866,2
165505,4.42242,49.69052,2
165506,4.42026,49.69866,2
165507,4.41879,49.69827,2
165508,4.41879,49.69827,2
165509,4.41879,49.69827,2
165510,4.41879,49.69827,2
165511,4.41879,49.69827,2
165512,4.41879,49.69827,2
165513,4.41879,49.69827,2
165514,4.41879,49.69827,2
165515,4.41879,49.69827,2
165516,4.41879,49.69827,2
165517,4.41879,49.69827,2
165518,4.420103,49.698044,2
165519,4.41879,49.69827,2
165520,4.419927,49.698819,2
165521,4.420293,49.698292,2
165522,4.420293,49.698292,2
165523,4.41879,49.69827,2
165524,4.421008,49.697813,2
165525,4.42069,49.69779,2
165526,4.42069,49.69779,2
165527,4.42069,49.69779,2
165528,4.42195,49.69838,2
165529,4.421194,49.697953,2
165530,4.42117,49.697388,2
165531,4.42195,49.69838,2
165532,4.42195,49.69838,2
165533,4.42195,49.69838,2
165534,4.42195,49.69838,2
165535,4.42195,49.69838,2
165536,4.42476,49.69925,2
165537,4.42195,49.69838,2
165538,4.42195,49.69838,2
165539,4.423239,49.701898,2
165540,4.42195,49.69838,2
165541,4.42195,49.69838,2
165542,4.42195,49.69838,2
165543,4.42195,49.69838,2
165544,4.42195,49.69838,2
165545,4.42195,49.69838,2
165546,4.42476,49.69925,2
165547,4.42195,49.69838,2
165548,4.42195,49.69838,2
165549,4.42195,49.69838,2
165550,4.42195,49.69838,2
165551,4.41935,49.69695,2
165552,4.42195,49.69838,2
165553,4.42195,49.69838,2
165554,4.42195,49.69838,2
165555,4.42242,49.69052,2
165556,4.42195,49.69838,2
165557,4.42195,49.69838,2
165558,4.42195,49.69838,2
165559,4.42195,49.69838,2
165560,4.42195,49.69838,2
165561,4.422815,49.699003,2
165562,4.42195,49.69838,2
165563,4.42379,49.69896,2
165564,4.42195,49.69838,2
165565,4.42069,49.69779,2
165566,4.423275,49.699732,2
165567,4.423264,49.699822,2
165568,4.42476,49.69925,2
165569,4.423196,49.699176,2
165570,4.423251,49.69984,2
165571,4.423233,49.700416,2
165572,4.423234,49.700434,2
165573,4.423233,49.700416,2
165574,4.423266,49.700873,2
165575,4.423296,49.701268,2
165576,4.423245,49.700712,2
165577,4.93844,49.66099,2
165578,4.93844,49.66099,2
165579,4.9361,49.66309,2
165580,4.9361,49.66309,2
165581,4.93861,49.66236,2
165582,4.93826,49.66104,2
165583,4.93692,49.66146,2
165584,4.93692,49.66146,2
165585,4.93506,49.66348,2
165586,4.93459,49.6611,2
165587,4.921001,49.653091,2
165588,4.91734,49.65092,2
165589,4.91832,49.64942,2
165590,4.9361,49.66309,2
165591,4.9338,49.66104,2
165592,4.93541,49.66351,2
165593,4.93541,49.66351,2
165594,4.9361,49.66309,2
165595,4.93541,49.66351,2
165596,4.91789,49.64925,2
165597,4.91811,49.64928,2
165598,4.93986,49.66175,2
165599,4.93844,49.66099,2
165600,4.95254,49.66432,2
165601,4.95254,49.66432,2
165602,4.93826,49.66104,2
165603,4.93624,49.66112,2
165604,4.93826,49.66104,2
165605,4.93459,49.6611,2
165606,4.93496,49.66106,2
165607,4.9338,49.66104,2
165608,4.93496,49.66118,2
165609,4.93692,49.66146,2
165610,4.93459,49.6611,2
165611,4.93459,49.6611,2
165612,4.92819,49.66155,2
165613,4.93437,49.66188,2
165614,4.93429,49.66182,2
165615,4.92999,49.66359,2
165616,4.93437,49.66188,2
165617,4.93826,49.66104,2
165618,4.93578,49.66116,2
165619,4.9367,49.66107,2
165620,4.93826,49.66104,2
165621,4.93696,49.6615,2
165622,4.93694,49.66119,2
165623,4.93684,49.6614,2
165624,4.93638,49.66167,2
165625,4.93593,49.66195,2
165626,4.93534,49.66263,2
165627,4.93637,49.66184,2
165628,4.93572,49.6623,2
165629,4.93537,49.66289,2
165630,4.93545,49.66342,2
165631,4.93576,49.66344,2
165632,4.93497,49.66348,2
165633,4.93541,49.66351,2
165634,4.93541,49.66351,2
165635,4.93564,49.66368,2
165636,4.93622,49.66274,2
165637,4.93592,49.6635,2
165638,4.93638,49.66279,2
165639,4.93744,49.66096,2
165640,4.9367,49.66214,2
165641,4.93644,49.66221,2
165642,4.93618,49.66223,2
165643,4.93683,49.66197,2
165644,4.93667,49.66209,2
165645,4.93723,49.66174,2
165646,4.9377,49.66136,2
165647,4.93797,49.66129,2
165648,4.93821,49.66127,2
165649,4.93859,49.66168,2
165650,4.93838,49.66153,2
165651,4.93825,49.66184,2
165652,4.93861,49.66236,2
165653,4.93843,49.6618,2
165654,4.93807,49.6621,2
165655,4.93784,49.66208,2
165656,4.93731,49.66205,2
165657,4.93731,49.66205,2
165658,4.93726,49.66211,2
165659,4.93731,49.66205,2
165660,4.93736,49.66202,2
165661,4.93803,49.6624,2
165662,4.93861,49.66236,2
165663,4.93692,49.66146,2
165664,4.95254,49.66432,2
165665,4.9367,49.66252,2
165666,4.93711,49.66261,2
165667,4.93751,49.6627,2
165668,4.93792,49.66272,2
165669,4.93866,49.66241,2
165670,4.93971,49.66208,2
165671,4.93855,49.66231,2
165672,4.93177,49.66145,2
165673,4.93459,49.6611,2
165674,4.93459,49.6611,2
165675,4.91769,49.65072,2
165676,4.91771,49.65043,2
165677,4.91818,49.64979,2
165678,4.91832,49.6497,2
165679,4.918,49.65004,2
165680,4.93382,49.66116,2
165681,4.91832,49.6497,2
165682,4.91806,49.65007,2
165683,4.91806,49.65007,2
165684,4.91806,49.65007,2
165685,4.93459,49.6611,2
165686,4.93459,49.6611,2
165687,4.93459,49.6611,2
165688,4.93556,49.66226,2
165689,4.91789,49.64937,2
165690,4.93844,49.66099,2
165691,4.93861,49.66236,2
165692,4.95349,49.66483,2
165693,4.95378,49.66475,2
165694,4.95349,49.6643,2
165695,4.95324,49.66439,2
165696,4.95299,49.66447,2
165697,4.95274,49.66455,2
165698,4.95254,49.66535,2
165699,4.95264,49.66554,2
165700,4.95277,49.66576,2
165701,4.95302,49.66598,2
165702,4.95319,49.66592,2
165703,4.95336,49.66587,2
165704,4.95354,49.66582,2
165705,4.95371,49.66577,2
165706,4.95388,49.66572,2
165707,4.95405,49.66566,2
165708,4.95357,49.66586,2
165709,4.9541,49.66578,2
165710,4.95385,49.66585,2
165711,4.95361,49.66593,2
165712,4.95337,49.666,2
165713,4.95313,49.66607,2
165714,4.95317,49.66609,2
165715,4.95345,49.66624,2
165716,4.95365,49.66636,2
165717,4.95378,49.66643,2
165718,4.95391,49.66651,2
165719,4.95398,49.66651,2
165720,4.95418,49.66646,2
165721,4.95437,49.66641,2
165722,4.95457,49.66636,2
165723,4.95465,49.66647,2
165724,4.9545,49.6665,2
165725,4.95434,49.66654,2
165726,4.95419,49.66658,2
165727,4.95403,49.66662,2
165728,4.95453,49.66743,2
165729,4.95437,49.66707,2
165730,4.95412,49.66673,2
165731,4.95509,49.6676,2
165732,4.95453,49.66796,2
165733,4.95474,49.66829,2
165734,4.95474,49.66829,2
165735,4.95483,49.66828,2
165736,4.95468,49.66784,2
165737,4.95474,49.66829,2
165738,4.95474,49.66829,2
165739,4.95509,49.66834,2
165740,4.95572,49.66809,2
165741,4.95635,49.66784,2
165742,4.95698,49.66759,2
165743,4.95708,49.66905,2
165744,4.95692,49.6669,2
165745,4.95681,49.66678,2
165746,4.95681,49.66678,2
165747,4.95681,49.66678,2
165748,4.95681,49.66678,2
165749,4.95668,49.66729,2
165750,4.95676,49.66695,2
165751,4.95629,49.66641,2
165752,4.95629,49.66641,2
165753,4.95637,49.66627,2
165754,4.95626,49.66615,2
165755,4.95637,49.66627,2
165756,4.95648,49.6664,2
165757,4.95659,49.66652,2
165758,4.9567,49.66665,2
165759,4.95695,49.66704,2
165760,4.95695,49.66719,2
165761,4.95731,49.66742,2
165762,4.95673,49.66723,2
165763,4.95708,49.66769,2
165764,4.95645,49.66794,2
165765,4.95519,49.66844,2
165766,4.95503,49.66882,2
165767,4.95474,49.66829,2
165768,4.95503,49.66882,2
165769,4.95409,49.67001,2
165770,4.95478,49.66986,2
165771,4.9544,49.66838,2
165772,4.95474,49.66829,2
165773,4.95414,49.66471,2
165774,4.95509,49.6676,2
165775,4.95474,49.66829,2
165776,4.95503,49.66882,2
165777,4.95673,49.66723,2
165778,4.95474,49.66829,2
165779,4.95474,49.66829,2
165780,4.95493,49.66899,2
165781,4.95478,49.66986,2
165782,4.95478,49.66986,2
165783,4.9534,49.66986,2
165784,4.95349,49.66483,2
165785,4.95349,49.66483,2
165786,4.954675,49.669027,2
165787,4.958339,49.668651,2
165788,4.959265,49.668353,2
165789,4.95478,49.66986,2
165790,4.95478,49.66986,2
165791,4.95478,49.66986,2
165792,4.95219,49.67062,2
165793,4.95298,49.67037,2
165794,4.95316,49.67031,2
165795,4.95335,49.67025,2
165796,4.95353,49.67019,2
165797,4.95372,49.67013,2
165798,4.9539,49.67007,2
165799,4.95388,49.66986,2
165800,4.95357,49.66991,2
165801,4.95327,49.66996,2
165802,4.95297,49.67001,2
165803,4.95282,49.6704,2
165804,4.95278,49.67028,2
165805,4.95274,49.67016,2
165806,4.95272,49.67004,2
165807,4.9522,49.66973,2
165808,4.9522,49.66973,2
165809,4.95231,49.66964,2
165810,4.95281,49.66991,2
165811,4.95288,49.6699,2
165812,4.95295,49.66989,2
165813,4.95302,49.66988,2
165814,4.95309,49.66987,2
165815,4.95317,49.66985,2
165816,4.95324,49.66984,2
165817,4.95331,49.66983,2
165818,4.95338,49.66982,2
165819,4.95345,49.66981,2
165820,4.95352,49.6698,2
165821,4.95359,49.66979,2
165822,4.95366,49.66977,2
165823,4.95373,49.66976,2
165824,4.95381,49.66975,2
165825,4.95388,49.66974,2
165826,4.95395,49.66973,2
165827,4.95409,49.67001,2
165828,4.95409,49.67001,2
165829,4.95409,49.67001,2
165830,4.95409,49.67001,2
165831,4.95708,49.66905,2
165832,4.955098,49.66944,2
165833,4.95486,49.66884,2
165834,4.952823,49.670163,2
165835,4.95466,49.668991,2
165836,4.954706,49.66908,2
165837,4.954691,49.669063,2
165838,4.95478,49.66868,2
165839,4.95478,49.66868,2
165840,4.95478,49.66868,2
165841,4.9544,49.66838,2
165842,4.95434,49.66855,2
165843,4.95431,49.66847,2
165844,4.95429,49.66839,2
165845,4.95426,49.66831,2
165846,4.95423,49.66823,2
165847,4.95471,49.66846,2
165848,4.9544,49.66838,2
165849,4.95443,49.66827,2
165850,4.95449,49.66846,2
165851,4.95473,49.66851,2
165852,4.95469,49.66841,2
165853,4.95467,49.66836,2
165854,4.95465,49.66831,2
165855,4.95463,49.66826,2
165856,4.95462,49.66821,2
165857,4.9546,49.66816,2
165858,4.95458,49.66811,2
165859,4.95456,49.66806,2
165860,4.95454,49.66801,2
165861,4.95453,49.66796,2
165862,4.95452,49.66791,2
165863,4.9545,49.66786,2
165864,4.9545,49.66786,2
165865,4.95449,49.66781,2
165866,4.95447,49.66776,2
165867,4.95446,49.66771,2
165868,4.95444,49.66766,2
165869,4.95418,49.66768,2
165870,4.95418,49.66768,2
165871,4.95418,49.66768,2
165872,4.95418,49.66768,2
165873,4.95418,49.66768,2
165874,4.95418,49.66768,2
165875,4.95394,49.66775,2
165876,4.95411,49.66773,2
165877,4.95428,49.66771,2
165878,4.95446,49.66769,2
165879,4.95228,49.66709,2
165880,4.95228,49.66709,2
165881,4.95228,49.66709,2
165882,4.95231,49.66964,2
165883,4.95132,49.66737,2
165884,4.95224,49.66701,2
165885,4.95306,49.66655,2
165886,4.95319,49.66625,2
165887,4.95284,49.66605,2
165888,4.95274,49.66597,2
165889,4.9526,49.6658,2
165890,4.95323,49.66622,2
165891,4.95223,49.66544,2
165892,4.95223,49.66544,2
165893,4.95223,49.66544,2
165894,4.95214,49.66557,2
165895,4.95214,49.66544,2
165896,4.95214,49.66531,2
165897,4.95478,49.66986,2
165898,4.95478,49.66986,2
165899,4.95178,49.66518,2
165900,4.95161,49.66515,2
165901,4.95144,49.66513,2
165902,4.95126,49.66511,2
165903,4.95092,49.66506,2
165904,4.95113,49.66497,2
165905,4.95165,49.66504,2
165906,4.95189,49.66494,2
165907,4.95266,49.66445,2
165908,4.95291,49.66437,2
165909,4.95316,49.66428,2
165910,4.95341,49.6642,2
165911,4.95377,49.66395,2
165912,4.95381,49.66408,2
165913,4.95362,49.66413,2
165914,4.95389,49.66429,2
165915,4.954,49.6646,2
165916,4.95428,49.66476,2
165917,4.95409,49.6648,2
165918,4.95387,49.66485,2
165919,4.95363,49.66492,2
165920,4.95338,49.66498,2
165921,4.95314,49.66505,2
165922,4.95289,49.66512,2
165923,4.95265,49.66518,2
165924,4.9526,49.66507,2
165925,4.9529,49.66499,2
165926,4.95319,49.66491,2
165927,4.94513,49.69992,2
165928,4.94477,49.69958,2
165929,4.94477,49.69958,2
165930,4.94477,49.69958,2
165931,4.94477,49.69958,2
165932,4.94477,49.69958,2
165933,4.94477,49.69958,2
165934,4.94477,49.69958,2
165935,4.94495,49.69989,2
165936,4.94495,49.69989,2
165937,4.94495,49.69989,2
165938,4.94495,49.69989,2
165939,4.94495,49.69989,2
165940,4.94495,49.69989,2
165941,4.94495,49.69989,2
165942,4.94495,49.69989,2
165943,4.94514,49.6994,2
165944,4.94514,49.6994,2
165945,4.94514,49.6994,2
165946,4.94514,49.6994,2
165947,4.94514,49.6994,2
165948,4.94514,49.6994,2
165949,4.94514,49.6994,2
165950,4.94514,49.6994,2
165951,4.94514,49.6994,2
165952,4.94514,49.6994,2
165953,4.94514,49.6994,2
165954,4.94514,49.6994,2
165955,4.94514,49.6994,2
165956,4.94514,49.6994,2
165957,4.94514,49.6994,2
165958,4.94514,49.6994,2
165959,4.94514,49.6994,2
165960,4.94514,49.6994,2
165961,4.94514,49.6994,2
165962,4.94514,49.6994,2
165963,4.94514,49.6994,2
165964,4.94514,49.6994,2
165965,4.94514,49.6994,2
165966,4.94514,49.6994,2
165967,4.94514,49.6994,2
165968,4.94514,49.6994,2
165969,4.94514,49.6994,2
165970,4.94514,49.6994,2
165971,4.94514,49.6994,2
165972,4.94514,49.6994,2
165973,4.94514,49.6994,2
165974,4.94514,49.6994,2
165975,4.94514,49.6994,2
165976,4.94514,49.6994,2
165977,4.94514,49.6994,2
165978,4.94514,49.6994,2
165979,4.94514,49.6994,2
165980,4.94514,49.6994,2
165981,4.94514,49.6994,2
165982,4.94514,49.6994,2
165983,4.94514,49.6994,2
165984,4.94514,49.6994,2
165985,4.94514,49.6994,2
165986,4.94514,49.6994,2
165987,4.94514,49.6994,2
165988,4.94514,49.6994,2
165989,4.94514,49.6994,2
165990,4.94514,49.6994,2
165991,4.94514,49.6994,2
165992,4.94514,49.6994,2
165993,4.94514,49.6994,2
165994,4.94514,49.6994,2
165995,4.94514,49.6994,2
165996,4.94514,49.6994,2
165997,4.94514,49.6994,2
165998,4.94514,49.6994,2
165999,4.94553,49.69855,2
166000,4.94555,49.69885,2
166001,4.94555,49.69885,2
166002,4.94555,49.69885,2
166003,4.94555,49.69885,2
166004,4.94555,49.69885,2
166005,4.94555,49.69885,2
166006,4.94546,49.69908,2
166007,4.94546,49.69908,2
166008,4.94531,49.69943,2
166009,4.94531,49.69943,2
166010,4.94531,49.69943,2
166011,4.94531,49.69943,2
166012,4.94507,49.70007,2
166013,4.94477,49.69958,2
166014,4.94477,49.69958,2
166015,4.94477,49.69958,2
166016,4.94495,49.69989,2
166017,4.94495,49.69989,2
166018,4.94514,49.6994,2
166019,4.94555,49.69885,2
166020,4.94555,49.69885,2
166021,4.94555,49.69885,2
166022,4.94555,49.69885,2
166023,4.94555,49.69885,2
166024,4.94555,49.69885,2
166025,4.94555,49.69885,2
166026,4.94555,49.69885,2
166027,4.94555,49.69885,2
166028,4.94555,49.69885,2
166029,4.94555,49.69885,2
166030,4.94546,49.69908,2
166031,4.94546,49.69908,2
166032,4.94546,49.69908,2
166033,4.94546,49.69908,2
166034,4.94546,49.69908,2
166035,4.94546,49.69908,2
166036,4.94546,49.69908,2
166037,4.94546,49.69908,2
166038,4.94546,49.69908,2
166039,4.94546,49.69908,2
166040,4.94546,49.69908,2
166041,4.94531,49.69943,2
166042,4.94531,49.69943,2
166043,4.94531,49.69943,2
166044,4.94531,49.69943,2
166045,4.94531,49.69943,2
166046,4.94531,49.69943,2
166047,4.94531,49.69943,2
166048,4.94531,49.69943,2
166049,4.94531,49.69943,2
166050,4.94531,49.69943,2
166051,4.94531,49.69943,2
166052,4.94531,49.69943,2
166053,4.94531,49.69943,2
166054,4.94519,49.69972,2
166055,4.94519,49.69972,2
166056,4.94519,49.69972,2
166057,4.94519,49.69972,2
166058,4.94519,49.69972,2
166059,4.94519,49.69972,2
166060,4.94519,49.69972,2
166061,4.94519,49.69972,2
166062,4.94519,49.69972,2
166063,4.94519,49.69972,2
166064,4.94513,49.69992,2
166065,4.94513,49.69992,2
166066,4.94513,49.69992,2
166067,4.94513,49.69992,2
166068,4.94513,49.69992,2
166069,4.94513,49.69992,2
166070,4.94513,49.69992,2
166071,4.94513,49.69992,2
166072,4.94513,49.69992,2
166073,4.94513,49.69992,2
166074,4.12442,49.51379,2
166075,4.13291,49.51262,2
166076,4.13652,49.50365,2
166077,4.13189,49.51052,2
166078,4.13652,49.50365,2
166079,4.1313,49.50581,2
166080,4.13208,49.51254,2
166081,4.12908,49.50406,2
166082,4.13085,49.50692,2
166083,4.13189,49.51052,2
166084,4.1336,49.5076,2
166085,0,0,2
166086,4.13687,49.50788,2
166087,4.13653,49.50294,2
166088,4.13664,49.50337,2
166089,4.13633,49.50288,2
166090,4.13639,49.50313,2
166091,4.13646,49.50339,2
166092,4.13652,49.50365,2
166093,4.13658,49.50391,2
166094,4.13184,49.51289,2
166095,4.13674,49.50381,2
166096,4.1325,49.50734,2
166097,4.13653,49.50294,2
166098,4.1368,49.50415,2
166099,4.13662,49.50416,2
166100,4.13665,49.50441,2
166101,4.13683,49.50441,2
166102,4.13644,49.50514,2
166103,4.13676,49.50492,2
166104,4.13662,49.50516,2
166105,4.13631,49.50538,2
166106,4.13617,49.50562,2
166107,4.13604,49.50586,2
166108,4.13635,49.50565,2
166109,4.135531,49.504452,2
166110,4.13621,49.50589,2
166111,4.13621,49.50589,2
166112,4.13591,49.5061,2
166113,4.13081,49.50995,2
166114,4.13594,49.50637,2
166115,4.13639,49.50637,2
166116,4.13634,49.50625,2
166117,4.13753,49.50602,2
166118,4.13835,49.50589,2
166119,4.13748,49.5059,2
166120,4.13854,49.50576,2
166121,4.13878,49.50585,2
166122,4.13855,49.5058,2
166123,4.13561,49.50652,2
166124,4.1355,49.50641,2
166125,4.13567,49.50634,2
166126,4.13532,49.50617,2
166127,4.13504,49.50618,2
166128,4.13497,49.50601,2
166129,4.13463,49.50584,2
166130,4.13458,49.50596,2
166131,4.13432,49.50536,2
166132,4.13448,49.50542,2
166133,4.13503,49.50503,2
166134,4.13505,49.50525,2
166135,4.13549,49.50449,2
166136,4.13555,49.50467,2
166137,4.13624,49.50413,2
166138,4.1325,49.50734,2
166139,4.13629,49.50425,2
166140,4.134028,49.505651,2
166141,4.13575,49.50659,2
166142,4.13833,49.50895,2
166143,4.13562,49.50679,2
166144,4.13687,49.50788,2
166145,4.13687,49.50788,2
166146,4.13578,49.50674,2
166147,4.13586,49.50702,2
166148,4.13635,49.50749,2
166149,4.13635,49.50728,2
166150,4.13635,49.50728,2
166151,4.13669,49.50467,2
166152,4.13607,49.50701,2
166153,4.13686,49.50467,2
166154,4.13617,49.50562,2
166155,4.13659,49.50772,2
166156,4.13328,49.50725,2
166157,4.13683,49.50795,2
166158,4.13362,49.50541,2
166159,4.1325,49.50734,2
166160,4.13692,49.50782,2
166161,4.13227,49.50733,2
166162,4.13708,49.50818,2
166163,4.1325,49.50734,2
166164,4.13721,49.50809,2
166165,4.13347,49.50781,2
166166,4.13734,49.5084,2
166167,4.13324,49.50804,2
166168,4.1379,49.50856,2
166169,4.13829,49.50877,2
166170,4.13867,49.50898,2
166171,4.13687,49.50788,2
166172,4.13767,49.50858,2
166173,4.13018,49.50809,2
166174,4.138,49.50876,2
166175,4.1283,49.50819,2
166176,4.13908,49.50917,2
166177,4.12962,49.51008,2
166178,4.13908,49.50917,2
166179,4.12972,49.50962,2
166180,4.13901,49.50928,2
166181,4.13687,49.50788,2
166182,4.12947,49.51048,2
166183,4.13535,49.50678,2
166184,4.12925,49.51045,2
166185,4.1354,49.50663,2
166186,4.13514,49.50672,2
166187,4.13462,49.50696,2
166188,4.13085,49.50692,2
166189,4.13462,49.50696,2
166190,4.12498,49.5128,2
166191,4.13457,49.50685,2
166192,4.13493,49.50716,2
166193,4.13493,49.50716,2
166194,4.13432,49.50748,2
166195,4.13479,49.50751,2
166196,4.13479,49.50751,2
166197,4.13479,49.50751,2
166198,4.13449,49.50677,2
166199,4.13423,49.50655,2
166200,4.13401,49.50616,2
166201,4.13401,49.50616,2
166202,4.13401,49.50616,2
166203,4.13444,49.507,2
166204,4.13189,49.51052,2
166205,4.13421,49.50705,2
166206,4.13433,49.5069,2
166207,4.13398,49.50697,2
166208,4.13398,49.50697,2
166209,4.13398,49.5071,2
166210,4.13323,49.50713,2
166211,4.13323,49.50713,2
166212,4.13352,49.5072,2
166213,4.13328,49.50725,2
166214,4.13303,49.50729,2
166215,4.13303,49.50729,2
166216,4.1325,49.50734,2
166217,4.1325,49.50734,2
166218,4.1325,49.50734,2
166219,4.13267,49.50692,2
166220,4.13235,49.50664,2
166221,4.13267,49.50692,2
166222,4.13235,49.50664,2
166223,4.13266,49.50725,2
166224,4.13268,49.50737,2
166225,4.13253,49.5074,2
166226,4.13189,49.51052,2
166227,4.13237,49.50743,2
166228,4.13237,49.50743,2
166229,4.13221,49.50747,2
166230,4.1325,49.50734,2
166231,4.13561,49.50656,2
166232,4.1318,49.50751,2
166233,4.13211,49.50769,2
166234,4.13254,49.50788,2
166235,4.1327,49.50802,2
166236,4.13296,49.50825,2
166237,4.13315,49.50791,2
166238,4.13381,49.50764,2
166239,4.1336,49.5076,2
166240,4.13324,49.50804,2
166241,4.13266,49.5084,2
166242,4.13285,49.50816,2
166243,4.13236,49.50855,2
166244,4.13255,49.50831,2
166245,4.13236,49.50855,2
166246,4.13225,49.50846,2
166247,4.13225,49.50846,2
166248,4.13236,49.50855,2
166249,4.13296,49.50912,2
166250,4.13246,49.50874,2
166251,4.13296,49.50926,2
166252,4.13258,49.50902,2
166253,4.13258,49.50902,2
166254,4.13151,49.50887,2
166255,4.13142,49.50768,2
166256,4.13201,49.50875,2
166257,4.13158,49.50898,2
166258,4.13127,49.50911,2
166259,4.13107,49.50934,2
166260,4.13687,49.50788,2
166261,4.1319,49.50865,2
166262,4.1319,49.50865,2
166263,4.13188,49.50844,2
166264,4.13186,49.50825,2
166265,4.1321,49.50845,2
166266,4.13147,49.5081,2
166267,4.13163,49.50805,2
166268,4.13165,49.5078,2
166269,4.13155,49.50756,2
166270,4.13155,49.50751,2
166271,4.13147,49.50731,2
166272,4.1314,49.50704,2
166273,4.13132,49.50741,2
166274,4.13081,49.50734,2
166275,4.13114,49.50742,2
166276,4.13114,49.50742,2
166277,4.13114,49.50742,2
166278,4.13114,49.50742,2
166279,4.13114,49.50742,2
166280,4.13078,49.50756,2
166281,4.13182,49.51248,2
166282,4.1305,49.50774,2
166283,4.1305,49.50774,2
166284,4.13039,49.50806,2
166285,4.13028,49.50793,2
166286,4.13008,49.50826,2
166287,4.13023,49.50835,2
166288,4.13,49.50843,2
166289,4.1301,49.50864,2
166290,4.1301,49.50864,2
166291,4.12992,49.50861,2
166292,4.12992,49.50861,2
166293,4.12997,49.50893,2
166294,4.12977,49.50895,2
166295,4.12985,49.50878,2
166296,4.12911,49.50886,2
166297,4.12841,49.50818,2
166298,4.13233,49.51276,2
166299,4.12824,49.50823,2
166300,4.13189,49.51052,2
166301,4.135531,49.504452,2
166302,4.12814,49.50803,2
166303,4.12824,49.50823,2
166304,4.1283,49.50819,2
166305,4.12975,49.50923,2
166306,4.13014,49.50946,2
166307,4.13202,49.51271,2
166308,4.13058,49.50969,2
166309,4.13103,49.50991,2
166310,4.13014,49.50961,2
166311,4.13081,49.50995,2
166312,4.13197,49.51063,2
166313,4.13138,49.5101,2
166314,4.13163,49.51025,2
166315,4.13187,49.5104,2
166316,4.13212,49.51056,2
166317,4.1323,49.51074,2
166318,4.1327,49.51154,2
166319,4.13246,49.51093,2
166320,4.13262,49.51112,2
166321,4.13275,49.5113,2
166322,4.13219,49.51138,2
166323,4.13284,49.51145,2
166324,4.13293,49.5116,2
166325,4.13289,49.51187,2
166326,4.13301,49.51176,2
166327,4.13295,49.51198,2
166328,4.1331,49.51191,2
166329,4.13319,49.51206,2
166330,4.13301,49.51209,2
166331,4.13308,49.5122,2
166332,4.13327,49.51221,2
166333,4.13314,49.51231,2
166334,4.1332,49.51242,2
166335,4.13336,49.51236,2
166336,4.13253,49.51137,2
166337,4.13144,49.51175,2
166338,4.13223,49.51151,2
166339,4.13192,49.51166,2
166340,4.13162,49.51181,2
166341,4.13132,49.51195,2
166342,4.12979,49.51012,2
166343,4.1299,49.50964,2
166344,4.13012,49.51144,2
166345,4.13012,49.51144,2
166346,4.13012,49.51144,2
166347,4.13001,49.51129,2
166348,4.13024,49.51105,2
166349,4.13043,49.51087,2
166350,4.13079,49.5105,2
166351,4.130068,49.511128,2
166352,4.130068,49.511128,2
166353,4.13019,49.51128,2
166354,4.13023,49.51163,2
166355,4.13005,49.51164,2
166356,4.13401,49.53161,2
166357,4.12947,49.51048,2
166358,4.12908,49.51071,2
166359,4.1287,49.51094,2
166360,4.12868,49.51079,2
166361,4.12868,49.51079,2
166362,4.12747,49.51157,2
166363,4.12706,49.51178,2
166364,4.12665,49.51199,2
166365,4.12665,49.51199,2
166366,4.12808,49.51112,2
166367,4.12665,49.51199,2
166368,4.12746,49.51143,2
166369,4.12624,49.5122,2
166370,4.12583,49.51241,2
166371,4.12685,49.51174,2
166372,4.12685,49.51174,2
166373,4.12623,49.51205,2
166374,4.12541,49.51261,2
166375,4.12562,49.51237,2
166376,4.12498,49.51266,2
166377,4.13085,49.50692,2
166378,4.13901,49.50928,2
166379,4.13085,49.50692,2
166380,4.13085,49.50692,2
166381,4.13085,49.50692,2
166382,4.13081,49.50734,2
166383,4.13081,49.50734,2
166384,4.13189,49.51052,2
166385,4.13085,49.50692,2
166386,4.13092,49.50696,2
166387,4.13085,49.50692,2
166388,4.13085,49.50692,2
166389,4.13085,49.50692,2
166390,4.13122,49.50706,2
166391,4.13132,49.50677,2
166392,4.13085,49.50692,2
166393,4.1332,49.51255,2
166394,4.13085,49.50692,2
166395,4.13124,49.50649,2
166396,4.13138,49.50655,2
166397,4.13157,49.5063,2
166398,4.1317,49.50638,2
166399,4.13145,49.50609,2
166400,4.12442,49.51379,2
166401,4.13088,49.50568,2
166402,4.13221,49.5067,2
166403,4.13204,49.50635,2
166404,4.13215,49.50597,2
166405,4.13215,49.50597,2
166406,4.13103,49.51021,2
166407,4.13222,49.506,2
166408,4.13288,49.50527,2
166409,4.13163,49.51025,2
166410,4.13309,49.50506,2
166411,4.13406,49.50555,2
166412,4.1338,49.50543,2
166413,4.12485,49.51327,2
166414,4.12475,49.51335,2
166415,4.12465,49.51342,2
166416,4.12497,49.51336,2
166417,4.12483,49.51347,2
166418,4.12456,49.5135,2
166419,4.12441,49.51389,2
166420,4.12441,49.51389,2
166421,4.12446,49.51358,2
166422,4.12436,49.51365,2
166423,4.12469,49.51357,2
166424,4.12456,49.51368,2
166425,4.12426,49.51373,2
166426,4.12402,49.51393,2
166427,4.12364,49.51426,2
166428,4.12417,49.51399,2
166429,4.12326,49.5146,2
166430,4.12288,49.51493,2
166431,4.12382,49.5143,2
166432,4.12346,49.51461,2
166433,4.1231,49.51492,2
166434,4.12284,49.51512,2
166435,4.12283,49.51519,2
166436,4.12308,49.51502,2
166437,4.12303,49.51515,2
166438,4.12318,49.51513,2
166439,4.12293,49.51532,2
166440,4.12252,49.51536,2
166441,4.12243,49.5154,2
166442,4.12273,49.51541,2
166443,4.12234,49.51544,2
166444,4.13664,49.50755,2
166445,4.12253,49.51549,2
166446,4.13588,49.49955,2
166447,4.12225,49.51547,2
166448,4.12216,49.51551,2
166449,4.12233,49.51558,2
166450,4.12219,49.51575,2
166451,4.12212,49.5158,2
166452,4.12207,49.51555,2
166453,4.12157,49.51569,2
166454,4.12151,49.51584,2
166455,4.13223,49.51151,2
166456,4.13223,49.51151,2
166457,4.13192,49.5126,2
166458,4.13362,49.50541,2
166459,4.12911,49.50886,2
166460,4.12911,49.50886,2
166461,4.13854,49.50576,2
166462,4.13634,49.50625,2
166463,4.13189,49.51052,2
166464,4.13085,49.50692,2
166465,4.13085,49.50692,2
166466,4.13085,49.50692,2
166467,4.69152,49.39666,2
166468,4.69152,49.39666,2
166469,4.69152,49.39666,2
166470,4.68951,49.39647,2
166471,4.68951,49.39647,2
166472,4.68951,49.39647,2
166473,4.68951,49.39647,2
166474,4.68951,49.39647,2
166475,4.68951,49.39647,2
166476,4.68951,49.39647,2
166477,4.68951,49.39647,2
166478,4.69981,49.39763,2
166479,4.68951,49.39647,2
166480,4.68951,49.39647,2
166481,4.68951,49.39647,2
166482,4.68951,49.39647,2
166483,4.68951,49.39647,2
166484,4.68951,49.39647,2
166485,4.68951,49.39647,2
166486,4.68951,49.39647,2
166487,4.68951,49.39647,2
166488,4.68951,49.39647,2
166489,4.68951,49.39647,2
166490,4.68951,49.39647,2
166491,4.68951,49.39647,2
166492,4.69592,49.39783,2
166493,4.69615,49.39735,2
166494,4.69615,49.39735,2
166495,4.69615,49.39735,2
166496,4.69836,49.39764,2
166497,4.69846,49.39765,2
166498,4.69841,49.39764,2
166499,4.69843,49.39753,2
166500,4.69841,49.39764,2
166501,4.69897,49.39831,2
166502,4.69836,49.39752,2
166503,4.6983,49.39752,2
166504,4.69831,49.39764,2
166505,4.69797,49.39761,2
166506,4.69826,49.39763,2
166507,4.69811,49.39762,2
166508,4.69816,49.39762,2
166509,4.69811,49.39762,2
166510,4.69785,49.3976,2
166511,4.69779,49.39759,2
166512,4.69766,49.39757,2
166513,4.69766,49.39757,2
166514,4.69753,49.39755,2
166515,4.6974,49.39753,2
166516,4.69641,49.3974,2
166517,4.69669,49.39732,2
166518,4.69669,49.39732,2
166519,4.69669,49.39732,2
166520,4.69357,49.39702,2
166521,4.69152,49.39666,2
166522,4.69345,49.39701,2
166523,4.68951,49.39647,2
166524,4.69903,49.39808,2
166525,4.69759,49.39756,2
166526,4.69759,49.39756,2
166527,4.69759,49.39756,2
166528,4.69759,49.39756,2
166529,4.69759,49.39756,2
166530,4.69981,49.39763,2
166531,4.69981,49.39763,2
166532,4.69981,49.39763,2
166533,4.69981,49.39763,2
166534,4.69981,49.39763,2
166535,4.69981,49.39763,2
166536,4.69981,49.39763,2
166537,4.69981,49.39763,2
166538,4.69981,49.39763,2
166539,4.69981,49.39763,2
166540,4.69981,49.39763,2
166541,4.69981,49.39763,2
166542,4.69981,49.39763,2
166543,4.69981,49.39763,2
166544,4.69632,49.39726,2
166545,4.69753,49.39755,2
166546,4.68951,49.39647,2
166547,4.69841,49.39764,2
166548,4.69843,49.39753,2
166549,4.69843,49.39753,2
166550,4.69843,49.39753,2
166551,4.69843,49.39753,2
166552,4.69912,49.39787,2
166553,4.69912,49.39787,2
166554,4.69912,49.39787,2
166555,4.69897,49.39831,2
166556,4.69903,49.39808,2
166557,4.6983,49.39752,2
166558,4.69823,49.39751,2
166559,4.69823,49.39751,2
166560,4.69809,49.3975,2
166561,4.69811,49.39762,2
166562,4.69802,49.39761,2
166563,4.69811,49.39762,2
166564,4.69826,49.39763,2
166565,4.69816,49.39762,2
166566,4.69807,49.39762,2
166567,4.69786,49.39748,2
166568,4.69773,49.39746,2
166569,4.69779,49.39759,2
166570,4.69779,49.39759,2
166571,4.69779,49.39759,2
166572,4.69779,49.39759,2
166573,4.69772,49.39758,2
166574,4.69792,49.3976,2
166575,4.69792,49.3976,2
166576,4.69792,49.3976,2
166577,4.69792,49.3976,2
166578,4.69792,49.3976,2
166579,4.6972,49.39751,2
166580,4.69759,49.39756,2
166581,4.69587,49.39788,2
166582,4.6974,49.39753,2
166583,4.69746,49.39754,2
166584,4.69708,49.39737,2
166585,4.69695,49.39735,2
166586,4.69695,49.39735,2
166587,4.69721,49.39739,2
166588,4.69708,49.39737,2
166589,4.69721,49.39739,2
166590,4.69727,49.39752,2
166591,4.69714,49.3975,2
166592,4.69707,49.39749,2
166593,4.69694,49.39747,2
166594,4.69632,49.39738,2
166595,4.69624,49.39737,2
166596,4.69662,49.39743,2
166597,4.69662,49.39743,2
166598,4.69649,49.39741,2
166599,4.6976,49.39744,2
166600,4.69655,49.39742,2
166601,4.69655,49.39742,2
166602,4.69655,49.39742,2
166603,4.69655,49.39742,2
166604,4.69695,49.39735,2
166605,4.69695,49.39735,2
166606,4.69695,49.39735,2
166607,4.69695,49.39735,2
166608,4.69695,49.39735,2
166609,4.6957,49.3973,2
166610,4.69695,49.39735,2
166611,4.69695,49.39735,2
166612,4.69695,49.39735,2
166613,4.69695,49.39735,2
166614,4.68951,49.39647,2
166615,4.69695,49.39735,2
166616,4.69695,49.39735,2
166617,4.69695,49.39735,2
166618,4.69695,49.39735,2
166619,4.69695,49.39735,2
166620,4.69695,49.39735,2
166621,4.68951,49.39647,2
166622,4.68951,49.39647,2
166623,4.68951,49.39647,2
166624,4.68951,49.39647,2
166625,4.69434,49.39694,2
166626,4.69423,49.39662,2
166627,4.69444,49.39654,2
166628,4.69417,49.39689,2
166629,4.6945,49.39634,2
166630,4.69431,49.39636,2
166631,4.69438,49.39609,2
166632,4.69446,49.39582,2
166633,4.69439,49.39674,2
166634,4.69453,49.39556,2
166635,4.69455,49.39614,2
166636,4.69461,49.39594,2
166637,4.69466,49.39574,2
166638,4.69472,49.39554,2
166639,4.69473,49.39717,2
166640,4.69473,49.39717,2
166641,4.69438,49.39712,2
166642,4.69438,49.39712,2
166643,4.69408,49.39696,2
166644,4.69415,49.39709,2
166645,4.69404,49.39707,2
166646,4.6938,49.39705,2
166647,4.69333,49.39699,2
166648,4.69345,49.39701,2
166649,4.69357,49.39702,2
166650,4.69322,49.39698,2
166651,4.68379,49.3957,2
166652,4.6931,49.39697,2
166653,4.69298,49.39695,2
166654,4.69392,49.39706,2
166655,4.69287,49.39694,2
166656,4.69263,49.39692,2
166657,4.69251,49.3969,2
166658,4.6924,49.39689,2
166659,4.69228,49.39688,2
166660,4.68951,49.39647,2
166661,4.69242,49.39677,2
166662,4.68951,49.39647,2
166663,4.68951,49.39647,2
166664,4.68951,49.39647,2
166665,4.68261,49.39558,2
166666,4.68262,49.39558,2
166667,4.68262,49.39558,2
166668,4.68262,49.39558,2
166669,4.68263,49.39558,2
166670,4.69615,49.39735,2
166671,4.68951,49.39647,2
166672,4.68955,49.39642,2
166673,4.68955,49.39642,2
166674,4.68824,49.39626,2
166675,4.69152,49.39666,2
166676,4.69152,49.39666,2
166677,4.69152,49.39666,2
166678,4.69152,49.39666,2
166679,4.69152,49.39666,2
166680,4.69152,49.39666,2
166681,4.69152,49.39666,2
166682,4.69152,49.39666,2
166683,4.69152,49.39666,2
166684,4.72481,49.75841,2
166685,4.71789,49.76147,2
166686,4.71789,49.76147,2
166687,4.7228,49.75869,2
166688,4.72662,49.75886,2
166689,4.7257,49.76114,2
166690,4.72121,49.76088,2
166691,4.7212,49.76073,2
166692,4.7212,49.76058,2
166693,4.72118,49.76028,2
166694,4.72118,49.76013,2
166695,4.72117,49.75997,2
166696,4.72117,49.75982,2
166697,4.72117,49.75982,2
166698,4.72134,49.75965,2
166699,4.72134,49.75965,2
166700,4.72131,49.75948,2
166701,4.72128,49.7593,2
166702,4.72128,49.7593,2
166703,4.72259,49.75877,2
166704,4.72267,49.75895,2
166705,4.72274,49.75913,2
166706,4.72281,49.75932,2
166707,4.72288,49.7595,2
166708,4.72296,49.75968,2
166709,4.72303,49.75987,2
166710,4.7231,49.76005,2
166711,4.72312,49.76024,2
166712,4.71516,49.76031,2
166713,4.71758,49.76137,2
166714,4.71864,49.76067,2
166715,4.71844,49.76068,2
166716,4.71727,49.7607,2
166717,4.7177,49.76059,2
166718,4.72122,49.75911,2
166719,4.72122,49.75911,2
166720,4.72143,49.75897,2
166721,4.72607,49.75873,2
166722,4.72607,49.75873,2
166723,4.72607,49.75873,2
166724,4.72673,49.75853,2
166725,4.72564,49.76087,2
166726,4.72632,49.75952,2
166727,4.72134,49.75965,2
166728,4.71698,49.76148,2
166729,4.70504,49.87487,2
166730,4.70504,49.87487,2
166731,4.70569,49.87451,2
166732,4.68943,49.87236,2
166733,4.70327,49.87738,2
166734,4.68943,49.87236,2
166735,4.70327,49.87738,2
166736,4.70327,49.87738,2
166737,4.7034,49.87983,2
166738,4.702387,49.877113,2
166739,4.72896,49.81571,2
166740,4.72952,49.81203,2
166741,4.728918,49.812383,2
166742,4.7393,49.81337,2
166743,4.73363,49.81365,2
166744,4.73363,49.81365,2
166745,4.73112,49.8156,2
166746,4.728986,49.814125,2
166747,4.7441,49.81437,2
166748,4.73761,49.81338,2
166749,4.41879,49.69827,2
166750,4.42026,49.69866,2
166751,4.41879,49.69827,2
166752,4.420526,49.697893,2
166753,4.41879,49.69827,2
166754,4.42272,49.69893,2
166755,4.42272,49.69893,2
166756,4.422526,49.701757,2
166757,4.422702,49.702338,2
166758,4.421198,49.699076,2
166759,4.42242,49.69052,2
166760,4.423306,49.701519,2
166761,4.421508,49.702592,2
166762,4.418345,49.699431,2
166763,4.41849,49.69846,2
166764,4.42026,49.69866,2
166765,4.42026,49.69866,2
166766,4.41879,49.69827,2
166767,4.41879,49.69827,2
166768,4.41879,49.69827,2
166769,4.42026,49.69866,2
166770,4.42069,49.69779,2
166771,4.42069,49.69779,2
166772,4.42173,49.69782,2
166773,4.423228,49.699275,2
166774,4.42242,49.69052,2
166775,4.423034,49.696215,2
166776,4.425061,49.699737,2
166777,4.42195,49.69838,2
166778,4.4181,49.69782,2
166779,4.42069,49.69779,2
166780,4.93844,49.66099,2
166781,4.93826,49.66104,2
166782,4.93826,49.66104,2
166783,4.93826,49.66104,2
166784,4.93861,49.66236,2
166785,4.91811,49.64928,2
166786,4.95478,49.66986,2
166787,4.95708,49.66905,2
166788,4.95708,49.66769,2
166789,4.95409,49.67001,2
166790,4.9374,49.66096,2
166791,4.9374,49.66096,2
166792,4.9534,49.66986,2
166793,4.95478,49.66986,2
166794,4.955071,49.669459,2
166795,4.954675,49.669027,2
166796,4.95319,49.66625,2
166797,4.95189,49.66494,2
166798,4.95414,49.66471,2
166799,4.95572,49.66809,2
166800,4.95608,49.66802,2
166801,4.95608,49.66802,2
166802,4.95673,49.66723,2
166803,4.95474,49.66829,2
166804,4.955574,49.669538,2
166805,4.95478,49.66986,2
166806,4.94553,49.69855,2
166807,4.94546,49.69908,2
166808,4.94546,49.69908,2
166809,4.94531,49.69943,2
166810,4.94519,49.69972,2
166811,4.94519,49.69972,2
166812,4.94513,49.69992,2
166813,4.94525,49.69998,2
166814,4.13142,49.50768,2
166815,4.1325,49.50734,2
166816,4.13132,49.50741,2
166817,4.131974,49.508449,2
166818,4.13581,49.49908,2
166819,4.1325,49.50734,2
166820,4.13687,49.50788,2
166821,4.1325,49.50734,2
166822,4.13405,49.50659,2
166823,4.13235,49.50664,2
166824,4.13254,49.50788,2
166825,4.13225,49.50846,2
166826,4.13258,49.50835,2
166827,4.13258,49.50835,2
166828,4.1283,49.50819,2
166829,4.13449,49.49883,2
166830,4.13189,49.51052,2
166831,4.1325,49.50734,2
166832,4.1325,49.50734,2
166833,4.1325,49.50734,2
166834,4.1312,49.50583,2
166835,4.1312,49.50583,2
166836,4.1312,49.50583,2
166837,4.109291,49.523959,2
166838,4.68951,49.39647,2
166839,4.69275,49.39681,2
166840,4.69792,49.3976,2
166841,4.69792,49.3976,2
166842,4.68951,49.39647,2
166843,4.69792,49.3976,2
