"ID","Longitude","Latitude","ServiceTime (min)"
85347,4.72571,49.7909,2
85348,4.72617,49.7916,2
85349,4.7112,49.78286,2
85350,4.72253,49.78747,2
85351,4.72546,49.79232,2
85352,4.72434,49.79081,2
85353,4.7112,49.78286,2
85354,4.72494,49.79083,2
85355,4.72997,49.79312,2
85356,4.72487,49.79067,2
85357,4.7112,49.78286,2
85358,4.72481,49.79051,2
85359,4.7112,49.78286,2
85360,4.72496,49.79038,2
85361,4.7112,49.78286,2
85362,4.72514,49.79026,2
85363,4.72537,49.79018,2
85364,4.7112,49.78286,2
85365,4.7256,49.79012,2
85366,4.72587,49.79011,2
85367,4.7112,49.78286,2
85368,4.72602,49.79016,2
85369,4.7112,49.78286,2
85370,4.72616,49.79021,2
85371,4.72622,49.79031,2
85372,4.72626,49.79041,2
85373,4.7263,49.79051,2
85374,4.7112,49.78286,2
85375,4.72635,49.79061,2
85376,4.7112,49.78286,2
85377,4.72639,49.79072,2
85378,4.71988,49.78467,2
85379,4.7262,49.79071,2
85380,4.72613,49.79052,2
85381,4.7112,49.78286,2
85382,4.72606,49.79034,2
85383,4.7112,49.78286,2
85384,4.72585,49.79023,2
85385,4.7112,49.78286,2
85386,4.72556,49.79026,2
85387,4.7112,49.78286,2
85388,4.72515,49.79043,2
85389,4.7112,49.78286,2
85390,4.72509,49.79072,2
85391,4.7112,49.78286,2
85392,4.71477,49.79489,2
85393,4.7112,49.78286,2
85394,4.72245,49.78731,2
85395,4.72321,49.79173,2
85396,4.7112,49.78286,2
85397,4.72333,49.78815,2
85398,4.7112,49.78286,2
85399,4.72262,49.78763,2
85400,4.7112,49.78286,2
85401,4.71477,49.79489,2
85402,4.7112,49.78286,2
85403,4.72729,49.79399,2
85404,4.7112,49.78286,2
85405,4.72802,49.79387,2
85406,4.7112,49.78286,2
85407,4.7287,49.79368,2
85408,4.72936,49.79342,2
85409,4.73057,49.79283,2
85410,4.73083,49.79349,2
85411,4.73077,49.79389,2
85412,4.71084,49.78301,2
85413,4.7306,49.79427,2
85414,4.73008,49.79468,2
85415,4.71084,49.78301,2
85416,4.7294,49.79493,2
85417,4.72871,49.79509,2
85418,4.72902,49.7951,2
85419,4.72993,49.79515,2
85420,4.73003,49.79488,2
85421,4.7304,49.79463,2
85422,4.71084,49.78301,2
85423,4.73076,49.79442,2
85424,4.73084,49.79423,2
85425,4.71084,49.78301,2
85426,4.73099,49.79361,2
85427,4.7311,49.79317,2
85428,4.71084,49.78301,2
85429,4.73099,49.79361,2
85430,4.73111,49.79288,2
85431,4.71084,49.78301,2
85432,4.73055,49.79271,2
85433,4.72991,49.79301,2
85434,4.72927,49.79332,2
85435,4.71084,49.78301,2
85436,4.72865,49.79356,2
85437,4.72802,49.79375,2
85438,4.72734,49.79386,2
85439,4.72701,49.79322,2
85440,4.72692,49.79325,2
85441,4.71571,49.77716,2
85442,4.72546,49.79232,2
85443,4.72594,49.79161,2
85444,4.71084,49.78301,2
85445,4.72546,49.79232,2
85446,4.71084,49.78301,2
85447,4.72589,49.7915,2
85448,4.72603,49.79279,2
85449,4.71184,49.78289,2
85450,4.71084,49.78301,2
85451,4.71184,49.78289,2
85452,4.72593,49.79269,2
85453,4.72618,49.79258,2
85454,4.72641,49.79245,2
85455,4.72647,49.79232,2
85456,4.70993,49.78628,2
85457,4.71084,49.78301,2
85458,4.70993,49.78628,2
85459,4.72631,49.79188,2
85460,4.72639,49.7921,2
85461,4.72629,49.79268,2
85462,4.71084,49.78301,2
85463,4.72652,49.79254,2
85464,4.71513,49.78504,2
85465,4.72672,49.79261,2
85466,4.71513,49.78504,2
85467,4.72692,49.79297,2
85468,4.71084,49.78301,2
85469,4.7271,49.79319,2
85470,4.72722,49.79318,2
85471,4.71084,49.78301,2
85472,4.72743,49.79316,2
85473,4.70993,49.78628,2
85474,4.71525,49.77483,2
85475,4.72714,49.79303,2
85476,4.70993,49.78628,2
85477,4.71525,49.77483,2
85478,4.72706,49.79288,2
85479,4.70993,49.78628,2
85480,4.71525,49.77483,2
85481,4.72698,49.79272,2
85482,4.70993,49.78628,2
85483,4.71525,49.77483,2
85484,4.72689,49.79257,2
85485,4.70993,49.78628,2
85486,4.71525,49.77483,2
85487,4.72673,49.79245,2
85488,4.70993,49.78628,2
85489,4.71525,49.77483,2
85490,4.72665,49.79231,2
85491,4.70993,49.78628,2
85492,4.72657,49.79209,2
85493,4.71555,49.77468,2
85494,4.70993,49.78628,2
85495,4.72649,49.79186,2
85496,4.71561,49.77473,2
85497,4.70993,49.78628,2
85498,4.72656,49.7897,2
85499,4.71565,49.77479,2
85500,4.70993,49.78628,2
85501,4.72701,49.7902,2
85502,4.71565,49.77479,2
85503,4.70993,49.78628,2
85504,4.72679,49.78992,2
85505,4.71565,49.77479,2
85506,4.70993,49.78628,2
85507,4.72701,49.7902,2
85508,4.71565,49.77479,2
85509,4.70993,49.78628,2
85510,4.72692,49.79018,2
85511,4.71565,49.77479,2
85512,4.70993,49.78628,2
85513,4.72701,49.7902,2
85514,4.71567,49.77484,2
85515,4.70993,49.78628,2
85516,4.72707,49.79044,2
85517,4.71567,49.77484,2
85518,4.70993,49.78628,2
85519,4.72701,49.7902,2
85520,4.71567,49.77484,2
85521,4.70993,49.78628,2
85522,4.72733,49.79065,2
85523,4.71567,49.77484,2
85524,4.70993,49.78628,2
85525,4.7267,49.78962,2
85526,4.71567,49.77484,2
85527,4.70993,49.78628,2
85528,4.72701,49.7902,2
85529,4.71571,49.77494,2
85530,4.72694,49.78985,2
85531,4.71571,49.77494,2
85532,4.72701,49.7902,2
85533,4.71571,49.77494,2
85534,4.72707,49.79011,2
85535,4.71571,49.77494,2
85536,4.72701,49.7902,2
85537,4.71571,49.77494,2
85538,4.72737,49.79091,2
85539,4.72752,49.79081,2
85540,4.71579,49.77679,2
85541,4.72771,49.79071,2
85542,4.71586,49.77705,2
85543,4.72721,49.79036,2
85544,4.71606,49.77781,2
85545,4.72701,49.7902,2
85546,4.71568,49.77601,2
85547,4.72747,49.79058,2
85548,4.71586,49.77771,2
85549,4.71581,49.77752,2
85550,4.7272,49.79085,2
85551,4.71581,49.77752,2
85552,4.72702,49.79096,2
85553,4.71581,49.77752,2
85554,4.71581,49.77752,2
85555,4.72878,49.79241,2
85556,4.71581,49.77752,2
85557,4.71581,49.77752,2
85558,4.72683,49.79108,2
85559,4.71606,49.77781,2
85560,4.72875,49.79223,2
85561,4.71581,49.77752,2
85562,4.71581,49.77752,2
85563,4.72665,49.79119,2
85564,4.71589,49.7778,2
85565,4.72706,49.79109,2
85566,4.71579,49.77743,2
85567,4.71579,49.77743,2
85568,4.72722,49.791,2
85569,4.71579,49.77743,2
85570,4.71579,49.77743,2
85571,4.72641,49.79164,2
85572,4.71576,49.77734,2
85573,4.72691,49.79119,2
85574,4.71576,49.77734,2
85575,4.72676,49.79128,2
85576,4.71576,49.77734,2
85577,4.71112,49.78436,2
85578,4.72893,49.79223,2
85579,4.71576,49.77734,2
85580,4.71071,49.78444,2
85581,4.72793,49.79058,2
85582,4.71574,49.77725,2
85583,4.71105,49.78444,2
85584,4.72816,49.79045,2
85585,4.71574,49.77725,2
85586,4.71105,49.78444,2
85587,4.72844,49.79039,2
85588,4.71574,49.77725,2
85589,4.72874,49.79035,2
85590,4.71574,49.77725,2
85591,4.72759,49.79061,2
85592,4.71574,49.77725,2
85593,4.72784,49.79048,2
85594,4.71574,49.77725,2
85595,4.72808,49.79034,2
85596,4.71574,49.77725,2
85597,4.72838,49.79028,2
85598,4.71571,49.77716,2
85599,4.72884,49.79209,2
85600,4.71571,49.77716,2
85601,4.72838,49.79028,2
85602,4.71571,49.77716,2
85603,4.72871,49.79196,2
85604,4.71571,49.77716,2
85605,4.72882,49.79018,2
85606,4.71571,49.77716,2
85607,4.72888,49.78999,2
85608,4.71571,49.77716,2
85609,4.72962,49.79043,2
85610,4.71571,49.77716,2
85611,4.72965,49.79039,2
85612,4.71571,49.77716,2
85613,4.72968,49.79034,2
85614,4.71571,49.77716,2
85615,4.7297,49.7903,2
85616,4.71569,49.77706,2
85617,4.71566,49.77697,2
85618,4.72973,49.79025,2
85619,4.71566,49.77697,2
85620,4.72814,49.79039,2
85621,4.71566,49.77697,2
85622,4.72814,49.79039,2
85623,4.71566,49.77697,2
85624,4.72984,49.79046,2
85625,4.71566,49.77697,2
85626,4.73006,49.79053,2
85627,4.71564,49.77688,2
85628,4.73028,49.7906,2
85629,4.71559,49.77669,2
85630,4.73049,49.79067,2
85631,4.71556,49.7766,2
85632,4.73043,49.79078,2
85633,4.71556,49.7766,2
85634,4.73026,49.79072,2
85635,4.71556,49.77651,2
85636,4.73009,49.79067,2
85637,4.71547,49.77645,2
85638,4.72991,49.79061,2
85639,4.71561,49.77642,2
85640,4.71479,49.7763,2
85641,4.72955,49.7905,2
85642,4.71547,49.77645,2
85643,4.72934,49.79045,2
85644,4.71567,49.77634,2
85645,4.72904,49.79038,2
85646,4.71542,49.77633,2
85647,4.72974,49.79055,2
85648,4.71529,49.77633,2
85649,4.72907,49.78998,2
85650,4.71517,49.77633,2
85651,4.72904,49.79007,2
85652,4.71504,49.77632,2
85653,4.72901,49.79016,2
85654,4.71492,49.77632,2
85655,4.72898,49.79025,2
85656,4.71562,49.77635,2
85657,4.72565,49.79156,2
85658,4.7148,49.77632,2
85659,4.72858,49.79183,2
85660,4.7156,49.77624,2
85661,4.72845,49.79171,2
85662,4.7156,49.77624,2
85663,4.72862,49.79208,2
85664,4.7156,49.77624,2
85665,4.72847,49.79193,2
85666,4.7156,49.77624,2
85667,4.72831,49.79178,2
85668,4.71559,49.77613,2
85669,4.72851,49.7917,2
85670,4.71559,49.77613,2
85671,4.72887,49.79165,2
85672,4.71554,49.77587,2
85673,4.72923,49.79159,2
85674,4.71559,49.77613,2
85675,4.71559,49.77613,2
85676,4.72937,49.79161,2
85677,4.71559,49.77613,2
85678,4.7296,49.79193,2
85679,4.71559,49.77604,2
85680,4.72948,49.79177,2
85681,4.71559,49.77604,2
85682,4.72969,49.79205,2
85683,4.71559,49.77604,2
85684,4.72974,49.79212,2
85685,4.71559,49.77604,2
85686,4.7298,49.7922,2
85687,4.72273,49.78802,2
85688,4.71559,49.77604,2
85689,4.72996,49.79214,2
85690,4.71558,49.77576,2
85691,4.72273,49.78802,2
85692,4.7299,49.79207,2
85693,4.72273,49.78802,2
85694,4.72985,49.79199,2
85695,4.72273,49.78802,2
85696,4.72976,49.79188,2
85697,4.72273,49.78802,2
85698,4.72965,49.79172,2
85699,4.72273,49.78802,2
85700,4.72953,49.79156,2
85701,4.72273,49.78802,2
85702,4.72924,49.79147,2
85703,4.72273,49.78802,2
85704,4.72897,49.79151,2
85705,4.72273,49.78802,2
85706,4.7287,49.79156,2
85707,4.72273,49.78802,2
85708,4.72842,49.7916,2
85709,4.72273,49.78802,2
85710,4.7282,49.79163,2
85711,4.72273,49.78802,2
85712,4.72802,49.79165,2
85713,4.72273,49.78802,2
85714,4.72765,49.79169,2
85715,4.72273,49.78802,2
85716,4.72784,49.79167,2
85717,4.72273,49.78802,2
85718,4.72273,49.78802,2
85719,4.72765,49.79182,2
85720,4.72273,49.78802,2
85721,4.72763,49.79193,2
85722,4.72273,49.78802,2
85723,4.7277,49.79204,2
85724,4.72273,49.78802,2
85725,4.72777,49.79214,2
85726,4.72273,49.78802,2
85727,4.72784,49.79224,2
85728,4.72273,49.78802,2
85729,4.72768,49.79229,2
85730,4.72761,49.7922,2
85731,4.72755,49.7921,2
85732,4.72749,49.792,2
85733,4.72745,49.7919,2
85734,4.72747,49.7918,2
85735,4.71513,49.78504,2
85736,4.72703,49.79161,2
85737,4.71513,49.78504,2
85738,4.72955,49.79156,2
85739,4.71513,49.78504,2
85740,4.72986,49.79153,2
85741,4.71513,49.78504,2
85742,4.73017,49.79151,2
85743,4.71513,49.78504,2
85744,4.73048,49.79149,2
85745,4.71513,49.78504,2
85746,4.73074,49.79154,2
85747,4.71513,49.78504,2
85748,4.72947,49.79144,2
85749,4.71513,49.78504,2
85750,4.73095,49.79169,2
85751,4.72273,49.78802,2
85752,4.71513,49.78504,2
85753,4.72965,49.79143,2
85754,4.72273,49.78802,2
85755,4.71513,49.78504,2
85756,4.73073,49.79179,2
85757,4.72273,49.78802,2
85758,4.71513,49.78504,2
85759,4.72984,49.79142,2
85760,4.72273,49.78802,2
85761,4.71513,49.78504,2
85762,4.73002,49.79141,2
85763,4.72273,49.78802,2
85764,4.71513,49.78504,2
85765,4.7302,49.7914,2
85766,4.72273,49.78802,2
85767,4.71513,49.78504,2
85768,4.73038,49.79139,2
85769,4.72273,49.78802,2
85770,4.71513,49.78504,2
85771,4.73056,49.79137,2
85772,4.72273,49.78802,2
85773,4.71513,49.78504,2
85774,4.73074,49.79138,2
85775,4.72273,49.78802,2
85776,4.71513,49.78504,2
85777,4.73087,49.79146,2
85778,4.72273,49.78802,2
85779,4.71513,49.78504,2
85780,4.731,49.79154,2
85781,4.72273,49.78802,2
85782,4.71513,49.78504,2
85783,4.71128,49.78623,2
85784,4.73113,49.79162,2
85785,4.72273,49.78802,2
85786,4.71513,49.78504,2
85787,4.73113,49.79173,2
85788,4.72273,49.78802,2
85789,4.71513,49.78504,2
85790,4.73104,49.79183,2
85791,4.72273,49.78802,2
85792,4.73089,49.79188,2
85793,4.72273,49.78802,2
85794,4.71128,49.78623,2
85795,4.73071,49.79191,2
85796,4.71529,49.78745,2
85797,4.72273,49.78802,2
85798,4.72877,49.79257,2
85799,4.71529,49.78745,2
85800,4.72273,49.78802,2
85801,4.72852,49.79265,2
85802,4.71529,49.78745,2
85803,4.72273,49.78802,2
85804,4.72828,49.79273,2
85805,4.71529,49.78745,2
85806,4.72273,49.78802,2
85807,4.72803,49.79281,2
85808,4.71529,49.78745,2
85809,4.72273,49.78802,2
85810,4.72779,49.7929,2
85811,4.72273,49.78802,2
85812,4.71529,49.78745,2
85813,4.72787,49.793,2
85814,4.72808,49.79293,2
85815,4.72829,49.79286,2
85816,4.7285,49.79279,2
85817,4.72872,49.79273,2
85818,4.72893,49.79266,2
85819,4.72899,49.79253,2
85820,4.71499,49.78651,2
85821,4.72896,49.79238,2
85822,4.71128,49.78623,2
85823,4.71499,49.78651,2
85824,4.71499,49.78651,2
85825,4.71499,49.78651,2
85826,4.71499,49.78651,2
85827,4.71499,49.78651,2
85828,4.7191,49.76014,2
85829,4.71499,49.78651,2
85830,4.71499,49.78651,2
85831,4.71499,49.78651,2
85832,4.71112,49.78436,2
85833,4.71499,49.78651,2
85834,4.71499,49.78651,2
85835,4.71499,49.78651,2
85836,4.71112,49.78436,2
85837,4.71499,49.78651,2
85838,4.71499,49.78651,2
85839,4.71112,49.78436,2
85840,4.71499,49.78651,2
85841,4.71499,49.78651,2
85842,4.71499,49.78651,2
85843,4.71542,49.78971,2
85844,4.71434,49.78735,2
85845,4.71499,49.78651,2
85846,4.71499,49.78651,2
85847,4.71499,49.78651,2
85848,4.71499,49.78651,2
85849,4.72273,49.78802,2
85850,4.71499,49.78651,2
85851,4.72273,49.78802,2
85852,4.71499,49.78651,2
85853,4.72273,49.78802,2
85854,4.71499,49.78651,2
85855,4.72273,49.78802,2
85856,4.71499,49.78651,2
85857,4.71499,49.78651,2
85858,4.71499,49.78651,2
85859,4.71634,49.78884,2
85860,4.71608,49.78891,2
85861,4.71591,49.78905,2
85862,4.71594,49.78913,2
85863,4.71597,49.78922,2
85864,4.716,49.78933,2
85865,4.71605,49.78947,2
85866,4.71623,49.78947,2
85867,4.7162,49.78937,2
85868,4.71617,49.78928,2
85869,4.71614,49.78919,2
85870,4.71611,49.78911,2
85871,4.71609,49.78902,2
85872,4.7161,49.78903,2
85873,4.71628,49.78898,2
85874,4.71645,49.78893,2
85875,4.71071,49.78444,2
85876,4.71071,49.78444,2
85877,4.7113,49.79693,2
85878,4.71122,49.79704,2
85879,4.71094,49.79691,2
85880,4.71066,49.79678,2
85881,4.70975,49.79672,2
85882,4.71029,49.79665,2
85883,4.71122,49.79704,2
85884,4.70914,49.79669,2
85885,4.70854,49.79636,2
85886,4.70778,49.79623,2
85887,4.70732,49.79596,2
85888,4.70753,49.79563,2
85889,4.7079,49.79552,2
85890,4.70811,49.79556,2
85891,4.70832,49.79561,2
85892,4.70853,49.79565,2
85893,4.70874,49.79569,2
85894,4.70895,49.79573,2
85895,4.70916,49.79577,2
85896,4.70937,49.79582,2
85897,4.70954,49.79589,2
85898,4.70955,49.79603,2
85899,4.70956,49.79617,2
85900,4.71525,49.77483,2
85901,4.70957,49.79632,2
85902,4.71565,49.77479,2
85903,4.70958,49.79646,2
85904,4.71567,49.77484,2
85905,4.70959,49.7966,2
85906,4.7191,49.76014,2
85907,4.71571,49.77494,2
85908,4.71573,49.77648,2
85909,4.70941,49.79669,2
85910,4.71184,49.78289,2
85911,4.71573,49.77654,2
85912,4.70939,49.79645,2
85913,4.71581,49.77752,2
85914,4.70937,49.7962,2
85915,4.71576,49.77734,2
85916,4.70935,49.79595,2
85917,4.71574,49.77725,2
85918,4.71566,49.77697,2
85919,4.70901,49.79587,2
85920,4.71184,49.78289,2
85921,4.71556,49.7766,2
85922,4.70901,49.79587,2
85923,4.7156,49.77624,2
85924,4.70865,49.7958,2
85925,4.71559,49.77613,2
85926,4.71559,49.77604,2
85927,4.70828,49.79572,2
85928,4.71558,49.77576,2
85929,4.70792,49.79565,2
85930,4.70759,49.79583,2
85931,4.71184,49.78289,2
85932,4.70804,49.79615,2
85933,4.70909,49.79651,2
85934,4.71184,49.78289,2
85935,4.71005,49.7968,2
85936,4.71085,49.79673,2
85937,4.7113,49.79693,2
85938,4.71045,49.79656,2
85939,4.71049,49.79645,2
85940,4.71044,49.79631,2
85941,4.71136,49.78598,2
85942,4.71061,49.79633,2
85943,4.71184,49.78289,2
85944,4.71049,49.79645,2
85945,4.71136,49.78598,2
85946,4.71063,49.79655,2
85947,4.71184,49.78289,2
85948,4.71136,49.78598,2
85949,4.72565,49.79244,2
85950,4.71136,49.78598,2
85951,4.72554,49.79229,2
85952,4.71136,49.78598,2
85953,4.72542,49.79214,2
85954,4.72614,49.79149,2
85955,4.71136,49.78598,2
85956,4.72521,49.79185,2
85957,4.71184,49.78289,2
85958,4.71136,49.78598,2
85959,4.72527,49.79167,2
85960,4.71136,49.78598,2
85961,4.72501,49.79156,2
85962,4.70959,49.79674,2
85963,4.7249,49.79143,2
85964,4.71184,49.78289,2
85965,4.72479,49.79131,2
85966,4.72468,49.79118,2
85967,4.71184,49.78289,2
85968,4.72456,49.79106,2
85969,4.71184,49.78289,2
85970,4.72546,49.79092,2
85971,4.7252,49.79094,2
85972,4.71184,49.78289,2
85973,4.72526,49.79082,2
85974,4.71184,49.78289,2
85975,4.72568,49.79078,2
85976,4.71184,49.78289,2
85977,4.7261,49.79074,2
85978,4.71184,49.78289,2
85979,4.7263,49.79094,2
85980,4.71184,49.78289,2
85981,4.72643,49.79121,2
85982,4.71184,49.78289,2
85983,4.72621,49.79085,2
85984,4.7112,49.78286,2
85985,4.72596,49.79087,2
85986,4.7112,49.78286,2
85987,4.80516,50.10543,2
85988,4.8048,50.10588,2
85989,4.80498,50.10566,2
85990,4.80462,50.10611,2
85991,4.80444,50.10634,2
85992,4.80545,50.10546,2
85993,4.80545,50.10546,2
85994,4.80552,50.10543,2
85995,4.80545,50.10546,2
85996,4.8056,50.10499,2
85997,4.80381,50.10719,2
85998,4.8031,50.09824,2
85999,4.80426,50.10656,2
86000,4.80455,50.10716,2
86001,4.80404,50.10714,2
86002,4.80426,50.10737,2
86003,4.80489,50.10685,2
86004,4.80381,50.10719,2
86005,4.80407,50.10679,2
86006,4.80411,50.10729,2
86007,4.8043,50.1072,2
86008,4.80455,50.10696,2
86009,4.80443,50.10708,2
86010,4.80468,50.10684,2
86011,4.797914,50.101207,2
86012,4.80481,50.10672,2
86013,4.81162,50.10099,2
86014,4.80507,50.10648,2
86015,4.8052,50.10636,2
86016,4.80435,50.10738,2
86017,4.80523,50.10653,2
86018,4.80622,50.10424,2
86019,4.80388,50.10701,2
86020,4.80225,50.10597,2
86021,4.80628,50.10416,2
86022,4.8037,50.10698,2
86023,4.80385,50.1068,2
86024,4.80415,50.10644,2
86025,4.80543,50.10474,2
86026,4.8065,50.10373,2
86027,4.80637,50.10399,2
86028,4.80646,50.10382,2
86029,4.80641,50.1039,2
86030,4.80543,50.10474,2
86031,4.80543,50.10474,2
86032,4.80802,50.10126,2
86033,4.80428,50.10493,2
86034,4.80543,50.10474,2
86035,4.80299,50.10548,2
86036,4.80543,50.10474,2
86037,4.80543,50.10474,2
86038,4.80543,50.10474,2
86039,4.80543,50.10474,2
86040,4.80543,50.10474,2
86041,4.80543,50.10474,2
86042,4.80502,50.10535,2
86043,4.80654,50.10365,2
86044,4.80658,50.10356,2
86045,4.80663,50.10348,2
86046,4.80667,50.10339,2
86047,4.80671,50.1033,2
86048,4.80679,50.10313,2
86049,4.80675,50.10322,2
86050,4.80679,50.10313,2
86051,4.80684,50.10305,2
86052,4.80733,50.1026,2
86053,4.80771,50.10317,2
86054,4.80733,50.1026,2
86055,4.80753,50.10315,2
86056,4.80733,50.1026,2
86057,4.80736,50.10312,2
86058,4.80736,50.10312,2
86059,4.80733,50.1026,2
86060,4.8082,50.10315,2
86061,4.8082,50.10315,2
86062,4.8082,50.10315,2
86063,4.80842,50.10323,2
86064,4.80718,50.09497,2
86065,4.8082,50.10315,2
86066,4.80667,50.09448,2
86067,4.80719,50.1031,2
86068,4.80733,50.1026,2
86069,4.80734,50.10256,2
86070,4.80701,50.10308,2
86071,4.80733,50.1026,2
86072,4.80684,50.10306,2
86073,4.80786,50.10242,2
86074,4.80796,50.10206,2
86075,4.80777,50.10211,2
86076,4.80783,50.10187,2
86077,4.80788,50.10172,2
86078,4.807994,50.101479,2
86079,4.808151,50.100973,2
86080,4.808118,50.100597,2
86081,4.808118,50.100597,2
86082,4.808118,50.100597,2
86083,4.808118,50.100597,2
86084,4.808118,50.100597,2
86085,4.79782,50.09974,2
86086,4.798622,50.101408,2
86087,4.79782,50.09974,2
86088,4.79827,50.10142,2
86089,4.797311,50.102297,2
86090,4.79817,50.10154,2
86091,4.7981,50.10165,2
86092,4.79803,50.10177,2
86093,4.79786,50.10182,2
86094,4.79768,50.10186,2
86095,4.797915,50.101809,2
86096,4.7975,50.10186,2
86097,4.798081,50.101778,2
86098,4.79738,50.10177,2
86099,4.79756,50.10172,2
86100,4.79785,50.1017,2
86101,4.79798,50.10153,2
86102,4.79782,50.09974,2
86103,4.79782,50.09974,2
86104,4.797953,50.101152,2
86105,4.797953,50.101152,2
86106,4.79778,50.09979,2
86107,4.79782,50.09974,2
86108,4.79751,50.10083,2
86109,4.79735,50.10073,2
86110,4.79729,50.1006,2
86111,4.79732,50.10043,2
86112,4.79749,50.10038,2
86113,4.797914,50.101207,2
86114,4.79782,50.09974,2
86115,4.79746,50.10059,2
86116,4.7976,50.10073,2
86117,4.798124,50.100646,2
86118,4.798124,50.100646,2
86119,4.79743,50.09979,2
86120,4.79789,50.10038,2
86121,4.79769,50.10038,2
86122,4.798138,50.100637,2
86123,4.798437,50.100182,2
86124,4.798595,50.09999,2
86125,4.79831,50.09883,2
86126,4.7986,50.099819,2
86127,4.798449,50.100154,2
86128,4.79739,50.09988,2
86129,4.797946,50.09985,2
86130,4.808752,50.097845,2
86131,4.798458,50.099759,2
86132,4.797972,50.099814,2
86133,4.797946,50.09985,2
86134,4.797946,50.09985,2
86135,4.797946,50.09985,2
86136,4.80838,50.10052,2
86137,4.8115,50.10163,2
86138,4.80844,50.1004,2
86139,4.8085,50.10023,2
86140,4.79453,50.12423,2
86141,4.80851,50.10014,2
86142,4.79453,50.12423,2
86143,4.81162,50.10099,2
86144,4.80851,50.10005,2
86145,4.797837,50.100768,2
86146,4.80852,50.09997,2
86147,4.80852,50.09988,2
86148,4.80853,50.09979,2
86149,4.80853,50.0997,2
86150,4.80853,50.09961,2
86151,4.80854,50.09943,2
86152,4.80855,50.09935,2
86153,4.80857,50.09926,2
86154,4.80236,50.09083,2
86155,4.80236,50.09083,2
86156,4.80236,50.09083,2
86157,4.80236,50.09083,2
86158,4.808758,50.09912,2
86159,4.80236,50.09083,2
86160,4.80864,50.09834,2
86161,4.80834,50.09661,2
86162,4.80236,50.09083,2
86163,4.80771,50.09537,2
86164,4.808751,50.097827,2
86165,4.80236,50.09083,2
86166,4.8031,50.09824,2
86167,4.80236,50.09083,2
86168,4.80236,50.09083,2
86169,4.80754,50.09541,2
86170,4.808735,50.09921,2
86171,4.80868,50.099813,2
86172,4.808735,50.09921,2
86173,4.808758,50.099111,2
86174,4.80877,50.09908,2
86175,4.80236,50.09083,2
86176,4.804892,50.093136,2
86177,4.807231,50.094714,2
86178,4.808751,50.097827,2
86179,4.808751,50.097827,2
86180,4.808735,50.09921,2
86181,4.804892,50.093136,2
86182,4.805529,50.092755,2
86183,4.80882,50.09833,2
86184,4.80875,50.09789,2
86185,4.808735,50.09921,2
86186,4.80561,50.09368,2
86187,4.80312,50.09156,2
86188,4.80232,50.09068,2
86189,4.80876,50.09906,2
86190,4.804003,50.092373,2
86191,4.804516,50.092865,2
86192,4.80533,50.09367,2
86193,4.80236,50.09083,2
86194,4.80236,50.09083,2
86195,4.80895,50.09905,2
86196,4.80236,50.09083,2
86197,4.80236,50.09083,2
86198,4.80915,50.09903,2
86199,4.80934,50.09901,2
86200,4.80954,50.09899,2
86201,4.80954,50.09899,2
86202,4.80956,50.0991,2
86203,4.80898,50.09916,2
86204,4.808786,50.099119,2
86205,4.808786,50.099119,2
86206,4.808609,50.099491,2
86207,4.808749,50.09921,2
86208,4.80868,50.099813,2
86209,4.808486,50.099844,2
86210,4.80868,50.099813,2
86211,4.808486,50.099844,2
86212,4.80868,50.099813,2
86213,4.808486,50.099844,2
86214,4.80868,50.099813,2
86215,4.808458,50.10041,2
86216,4.808458,50.10041,2
86217,4.808613,50.100434,2
86218,4.808471,50.100392,2
86219,4.80803,50.10038,2
86220,4.80866,50.10037,2
86221,4.80861,50.10044,2
86222,4.80861,50.10044,2
86223,4.80868,50.10028,2
86224,4.80822,50.10122,2
86225,4.80806,50.10172,2
86226,4.80806,50.10172,2
86227,4.8095,50.10494,2
86228,4.80806,50.10172,2
86229,4.8097,50.10469,2
86230,4.81008,50.10418,2
86231,4.80989,50.10443,2
86232,4.81162,50.10099,2
86233,4.81028,50.10393,2
86234,4.81028,50.10393,2
86235,4.81047,50.10368,2
86236,4.81047,50.10368,2
86237,4.81066,50.10342,2
86238,4.81103,50.10261,2
86239,4.81091,50.10288,2
86240,4.81079,50.10315,2
86241,4.81112,50.10243,2
86242,4.81118,50.10233,2
86243,4.80801,50.1032,2
86244,4.81123,50.10223,2
86245,4.81139,50.10194,2
86246,4.81162,50.10099,2
86247,4.81139,50.10194,2
86248,4.81128,50.10213,2
86249,4.81144,50.10184,2
86250,4.81147,50.10173,2
86251,4.80807,50.10111,2
86252,4.8115,50.10163,2
86253,4.81152,50.10153,2
86254,4.81155,50.10142,2
86255,4.81162,50.10099,2
86256,4.81158,50.10132,2
86257,4.81164,50.10112,2
86258,4.81168,50.10102,2
86259,4.81172,50.10092,2
86260,4.797266,50.102226,2
86261,4.81175,50.10075,2
86262,4.79789,50.10038,2
86263,4.81176,50.10054,2
86264,4.81176,50.10054,2
86265,4.81178,50.10013,2
86266,4.81178,50.09992,2
86267,4.81173,50.09972,2
86268,4.81173,50.09972,2
86269,4.81164,50.09931,2
86270,4.81143,50.09703,2
86271,4.81162,50.0989,2
86272,4.81136,50.09576,2
86273,4.81139,50.09639,2
86274,4.80801,50.1032,2
86275,4.81162,50.10099,2
86276,4.81132,50.09512,2
86277,4.80658,50.10356,2
86278,4.81153,50.09807,2
86279,4.81153,50.09807,2
86280,4.80633,50.10407,2
86281,4.81158,50.09848,2
86282,4.81162,50.10099,2
86283,4.80633,50.10407,2
86284,4.81029,50.09267,2
86285,4.81162,50.10099,2
86286,4.81162,50.10099,2
86287,4.81162,50.10099,2
86288,4.81162,50.10099,2
86289,4.81162,50.10099,2
86290,4.79453,50.12423,2
86291,4.79453,50.12423,2
86292,4.79453,50.12423,2
86293,4.79453,50.12423,2
86294,4.79453,50.12423,2
86295,4.79453,50.12423,2
86296,4.8031,50.09824,2
86297,4.79453,50.12423,2
86298,4.79453,50.12423,2
86299,4.79453,50.12423,2
86300,4.794897,50.121285,2
86301,4.79453,50.12423,2
86302,4.79453,50.12423,2
86303,4.80785,50.10229,2
86304,4.80785,50.10229,2
86305,4.80785,50.10229,2
86306,4.80785,50.10229,2
86307,4.80785,50.10229,2
86308,4.80785,50.10229,2
86309,4.8031,50.09824,2
86310,4.79813,50.10246,2
86311,4.8082,50.10315,2
86312,4.8082,50.10315,2
86313,4.8031,50.09824,2
86314,4.792628,50.122013,2
86315,4.80928,50.09905,2
86316,4.797964,50.103101,2
86317,4.80646,50.10382,2
86318,4.8031,50.09824,2
86319,4.8031,50.09824,2
86320,4.80658,50.10318,2
86321,4.8031,50.09824,2
86322,4.80684,50.10306,2
86323,4.8031,50.09824,2
86324,4.8031,50.09824,2
86325,4.8031,50.09824,2
86326,4.80785,50.10229,2
86327,4.80785,50.10229,2
86328,4.81162,50.10099,2
86329,4.80785,50.10229,2
86330,4.80785,50.10229,2
86331,4.806,50.10228,2
86332,4.80575,50.10224,2
86333,4.80549,50.1022,2
86334,4.805749,50.102396,2
86335,4.80017,50.10168,2
86336,4.80523,50.10217,2
86337,4.80778,50.09582,2
86338,4.80497,50.10213,2
86339,4.80472,50.10209,2
86340,4.8055,50.10232,2
86341,4.80175,50.10188,2
86342,4.80523,50.10228,2
86343,4.80485,50.10164,2
86344,4.80485,50.10164,2
86345,4.80494,50.10121,2
86346,4.80582,50.10056,2
86347,4.8031,50.09824,2
86348,4.8031,50.09824,2
86349,4.8031,50.09824,2
86350,4.8031,50.09824,2
86351,4.8031,50.09824,2
86352,4.8031,50.09824,2
86353,4.8031,50.09824,2
86354,4.8031,50.09824,2
86355,4.8031,50.09824,2
86356,4.8031,50.09824,2
86357,4.8031,50.09824,2
86358,4.80426,50.10737,2
86359,4.8031,50.09824,2
86360,4.8031,50.09824,2
86361,4.8031,50.09824,2
86362,4.8031,50.09824,2
86363,4.8031,50.09824,2
86364,4.8042,50.10206,2
86365,4.80368,50.10203,2
86366,4.80273,50.10193,2
86367,4.80305,50.10196,2
86368,4.80175,50.10188,2
86369,4.80209,50.10187,2
86370,4.80177,50.10184,2
86371,4.80145,50.10181,2
86372,4.80113,50.10177,2
86373,4.80081,50.10174,2
86374,4.80049,50.10171,2
86375,4.80049,50.10171,2
86376,4.80017,50.10168,2
86377,4.79985,50.10164,2
86378,4.80236,50.09083,2
86379,4.79957,50.10161,2
86380,4.79931,50.10157,2
86381,4.79836,50.10155,2
86382,4.79888,50.10163,2
86383,4.80091,50.10187,2
86384,4.80257,50.10203,2
86385,4.8034,50.10212,2
86386,4.80447,50.10218,2
86387,4.80429,50.10217,2
86388,4.8066,50.10248,2
86389,4.80626,50.10232,2
86390,4.80683,50.10256,2
86391,4.80652,50.10236,2
86392,4.80678,50.1024,2
86393,4.806719,50.102538,2
86394,4.80698,50.1025,2
86395,4.7976,50.10073,2
86396,4.8067,50.10295,2
86397,4.7976,50.10073,2
86398,4.80672,50.10291,2
86399,4.80681,50.10275,2
86400,4.80674,50.10287,2
86401,4.80681,50.10275,2
86402,4.80683,50.10272,2
86403,4.8056,50.10499,2
86404,4.80754,50.09541,2
86405,4.80685,50.10268,2
86406,4.80534,50.10504,2
86407,4.80662,50.1031,2
86408,4.80225,50.10597,2
86409,4.80687,50.10264,2
86410,4.80633,50.10407,2
86411,4.80689,50.1026,2
86412,4.80654,50.10327,2
86413,4.80428,50.10493,2
86414,4.8065,50.10335,2
86415,4.80646,50.10343,2
86416,4.80791,50.10224,2
86417,4.80642,50.10352,2
86418,4.807778,50.102193,2
86419,4.80637,50.1036,2
86420,4.80633,50.10369,2
86421,4.80629,50.10377,2
86422,4.808151,50.100973,2
86423,4.80625,50.10386,2
86424,4.802856,50.091184,2
86425,4.80617,50.10402,2
86426,4.80606,50.10419,2
86427,4.80236,50.09083,2
86428,4.80612,50.10411,2
86429,4.80599,50.10426,2
86430,4.80593,50.10434,2
86431,4.81177,50.10034,2
86432,4.80586,50.10442,2
86433,4.81153,50.09807,2
86434,4.80615,50.10432,2
86435,4.80602,50.10447,2
86436,4.794897,50.121285,2
86437,4.79453,50.12423,2
86438,4.80552,50.10543,2
86439,4.81162,50.10099,2
86440,4.8056,50.10499,2
86441,4.80552,50.10543,2
86442,4.80545,50.10546,2
86443,4.80502,50.10535,2
86444,4.80549,50.10489,2
86445,4.80487,50.10554,2
86446,4.80473,50.10572,2
86447,4.804,50.10662,2
86448,4.80415,50.10644,2
86449,4.80444,50.10608,2
86450,4.8043,50.10626,2
86451,4.72956,50.01971,2
86452,4.72771,50.02085,2
86453,4.71893,50.01257,2
86454,4.727963,50.020871,2
86455,4.72231,50.01413,2
86456,4.72628,50.0191,2
86457,4.72628,50.0191,2
86458,4.72628,50.0191,2
86459,4.72787,50.01741,2
86460,4.72628,50.0191,2
86461,4.72614,50.01838,2
86462,4.72628,50.0191,2
86463,4.72574,50.01775,2
86464,4.72543,50.01672,2
86465,4.72614,50.01838,2
86466,4.72596,50.0184,2
86467,4.72611,50.01895,2
86468,4.7262,50.01863,2
86469,4.72603,50.01865,2
86470,4.72629,50.01893,2
86471,4.7264,50.01928,2
86472,4.72676,50.0193,2
86473,4.72733,50.01928,2
86474,4.7269,50.01852,2
86475,4.72747,50.01925,2
86476,4.72761,50.01922,2
86477,4.72753,50.0188,2
86478,4.7279,50.01915,2
86479,4.72776,50.01918,2
86480,4.72804,50.01912,2
86481,4.72818,50.01909,2
86482,4.72708,50.01849,2
86483,4.72721,50.01873,2
86484,4.72737,50.01877,2
86485,4.72769,50.01884,2
86486,4.72697,50.01849,2
86487,4.72801,50.01891,2
86488,4.72905,50.01891,2
86489,4.72785,50.01888,2
86490,4.7277,50.01908,2
86491,4.7283,50.01895,2
86492,4.7285,50.01892,2
86493,4.72838,50.01844,2
86494,4.7287,50.01985,2
86495,4.72914,50.01874,2
86496,4.7293,50.01881,2
86497,4.72937,50.0186,2
86498,4.72944,50.01839,2
86499,4.72925,50.01842,2
86500,4.72905,50.01891,2
86501,4.72945,50.01906,2
86502,4.72905,50.01891,2
86503,4.72905,50.01891,2
86504,4.72905,50.01891,2
86505,4.72933,50.01925,2
86506,4.72956,50.0194,2
86507,4.72947,50.01995,2
86508,4.72946,50.0201,2
86509,4.72963,50.02026,2
86510,4.72944,50.02041,2
86511,4.73,50.01955,2
86512,4.73,50.01955,2
86513,4.73,50.01955,2
86514,4.73055,50.01968,2
86515,4.73071,50.01999,2
86516,4.73,50.01955,2
86517,4.72905,50.01891,2
86518,4.73056,50.01951,2
86519,4.73075,50.0197,2
86520,4.73069,50.01959,2
86521,4.73087,50.0203,2
86522,4.73086,50.01992,2
86523,4.73092,50.02003,2
86524,4.73103,50.02025,2
86525,4.73098,50.02014,2
86526,4.73109,50.02036,2
86527,4.7312,50.02054,2
86528,4.7311,50.02071,2
86529,4.73135,50.02079,2
86530,4.73121,50.02069,2
86531,4.73185,50.02166,2
86532,4.73163,50.0212,2
86533,4.73173,50.02111,2
86534,4.73149,50.02111,2
86535,4.73135,50.02102,2
86536,4.73121,50.02069,2
86537,4.73171,50.02142,2
86538,4.73094,50.02051,2
86539,4.73159,50.02179,2
86540,4.73121,50.02069,2
86541,4.73071,50.02054,2
86542,4.73048,50.02057,2
86543,4.73025,50.02061,2
86544,4.72976,50.0207,2
86545,4.7298,50.02086,2
86546,4.72985,50.02101,2
86547,4.72967,50.02103,2
86548,4.73002,50.02064,2
86549,4.72963,50.02088,2
86550,4.72958,50.02072,2
86551,4.72979,50.02067,2
86552,4.72943,50.02056,2
86553,4.729285,50.020836,2
86554,4.72851,50.02082,2
86555,4.72628,50.0191,2
86556,4.72865,50.02081,2
86557,4.727218,50.023104,2
86558,4.727205,50.023122,2
86559,4.72628,50.0191,2
86560,4.72628,50.0191,2
86561,4.727218,50.023104,2
86562,4.727218,50.023104,2
86563,4.72593,50.02394,2
86564,4.72671,50.02033,2
86565,4.726593,50.023736,2
86566,4.726593,50.023736,2
86567,4.72656,50.02045,2
86568,4.72645,50.02006,2
86569,4.72476,50.01974,2
86570,4.72645,50.02006,2
86571,4.72622,50.0193,2
86572,4.72622,50.01955,2
86573,4.72556,50.01966,2
86574,4.7249,50.01978,2
86575,4.72424,50.01989,2
86576,4.72358,50.02001,2
86577,4.72303,50.02026,2
86578,4.72267,50.02028,2
86579,4.72476,50.01974,2
86580,4.72476,50.01974,2
86581,4.72373,50.01986,2
86582,4.72476,50.01974,2
86583,4.72413,50.01979,2
86584,4.72453,50.01972,2
86585,4.72493,50.01965,2
86586,4.72533,50.01958,2
86587,4.72574,50.01951,2
86588,4.72301,50.02013,2
86589,4.72335,50.01997,2
86590,4.72614,50.01944,2
86591,4.72614,50.01944,2
86592,4.72593,50.02394,2
86593,4.72771,50.0208,2
86594,4.72628,50.0191,2
86595,4.72628,50.0191,2
86596,4.72654,50.01974,2
86597,4.72476,50.01974,2
86598,4.72472,50.03136,2
86599,4.285044,49.741899,2
86600,4.27986,49.73443,2
86601,4.28239,49.738825,2
86602,4.26347,49.73488,2
86603,4.287715,49.742862,2
86604,4.28298,49.74055,2
86605,4.27986,49.73443,2
86606,4.28298,49.74055,2
86607,4.282277,49.739491,2
86608,4.282204,49.739394,2
86609,4.27986,49.73443,2
86610,4.28239,49.738825,2
86611,4.281956,49.738329,2
86612,4.27986,49.73443,2
86613,4.28375,49.73742,2
86614,4.28375,49.73742,2
86615,4.28207,49.73857,2
86616,4.28375,49.73742,2
86617,4.28289,49.74047,2
86618,4.28375,49.73742,2
86619,4.28375,49.73742,2
86620,4.28375,49.73742,2
86621,4.27986,49.73443,2
86622,4.27986,49.73443,2
86623,4.27986,49.73443,2
86624,4.27986,49.73443,2
86625,4.26347,49.73488,2
86626,4.281955,49.73832,2
86627,4.26347,49.73488,2
86628,4.27298,49.73499,2
86629,4.26347,49.73488,2
86630,4.26347,49.73488,2
86631,4.26347,49.73488,2
86632,4.27298,49.73499,2
86633,4.26347,49.73488,2
86634,4.26347,49.73488,2
86635,4.26347,49.73488,2
86636,4.27298,49.73499,2
86637,4.26347,49.73488,2
86638,4.27298,49.73499,2
86639,4.27298,49.73499,2
86640,4.27467,49.73722,2
86641,4.27467,49.73722,2
86642,4.27679,49.72995,2
86643,4.27679,49.72995,2
86644,4.26931,49.72277,2
86645,4.27986,49.73443,2
86646,4.28289,49.74047,2
86647,4.281955,49.738311,2
86648,4.27298,49.73499,2
86649,4.28289,49.74047,2
86650,4.27467,49.73722,2
86651,4.15431,49.70411,2
86652,4.15371,49.70538,2
86653,4.15248,49.70644,2
86654,4.14068,49.70822,2
86655,4.14642,49.70722,2
86656,4.1492,49.70474,2
86657,4.15248,49.70644,2
86658,4.15248,49.70644,2
86659,4.15371,49.70538,2
86660,4.15371,49.70538,2
86661,4.1469,49.69939,2
86662,4.1469,49.69939,2
86663,4.15248,49.70644,2
86664,4.15105,49.70677,2
86665,4.15308,49.70581,2
86666,4.15105,49.70677,2
86667,4.15248,49.70644,2
86668,4.15176,49.70653,2
86669,4.15176,49.70653,2
86670,4.150819,49.70576,2
86671,4.1527,49.70654,2
86672,4.15161,49.70705,2
86673,4.15161,49.70705,2
86674,4.15217,49.70738,2
86675,4.15181,49.70723,2
86676,4.1511,49.70692,2
86677,4.1501,49.7057,2
86678,4.1517,49.70704,2
86679,4.152481,49.706912,2
86680,4.14998,49.70581,2
86681,4.15176,49.70653,2
86682,4.14946,49.70509,2
86683,4.1469,49.69939,2
86684,4.150885,49.706828,2
86685,4.14814,49.70707,2
86686,4.1482,49.70718,2
86687,4.1482,49.70718,2
86688,4.14396,49.70769,2
86689,4.1494,49.70475,2
86690,4.15049,49.70578,2
86691,4.15115,49.70596,2
86692,4.15159,49.70607,2
86693,4.15115,49.70552,2
86694,4.15181,49.70637,2
86695,4.14824,49.69225,2
86696,4.15248,49.70644,2
86697,4.206603,49.719168,2
86698,4.20685,49.72134,2
86699,4.23782,49.72397,2
86700,4.20443,49.71874,2
86701,4.22558,49.67776,2
86702,4.20685,49.72134,2
86703,4.21001,49.71891,2
86704,4.21001,49.71891,2
86705,4.20685,49.72134,2
86706,4.20685,49.72134,2
86707,4.21001,49.71891,2
86708,4.20685,49.72134,2
86709,4.20685,49.72134,2
86710,4.20685,49.72134,2
86711,4.20754,49.71656,2
86712,4.20754,49.71656,2
86713,4.20754,49.71656,2
86714,4.20754,49.71656,2
86715,4.20754,49.71656,2
86716,4.20754,49.71656,2
86717,4.20754,49.71656,2
86718,4.20754,49.71656,2
86719,4.20443,49.71874,2
86720,4.20443,49.71874,2
86721,4.20443,49.71874,2
86722,4.20443,49.71874,2
86723,4.20443,49.71874,2
86724,4.20685,49.72134,2
86725,4.20685,49.72134,2
86726,4.20685,49.72134,2
86727,4.20694,49.72115,2
86728,4.20694,49.72115,2
86729,4.20685,49.72134,2
86730,4.20694,49.72115,2
86731,4.20694,49.72115,2
86732,4.20694,49.72115,2
86733,4.20694,49.72115,2
86734,4.20694,49.72115,2
86735,4.20694,49.72115,2
86736,4.20694,49.72115,2
86737,4.21139,49.72227,2
86738,4.21139,49.72227,2
86739,4.20685,49.72134,2
86740,4.21139,49.72227,2
86741,4.21139,49.72227,2
86742,4.21139,49.72227,2
86743,4.21139,49.72227,2
86744,4.21139,49.72227,2
86745,4.21139,49.72227,2
86746,4.21139,49.72227,2
86747,4.20685,49.72134,2
86748,4.21139,49.72227,2
86749,4.21139,49.72227,2
86750,4.22,49.70795,2
86751,4.22,49.70795,2
86752,4.22,49.70795,2
86753,4.22,49.70797,2
86754,4.22,49.70795,2
86755,4.22,49.70795,2
86756,4.22,49.70795,2
86757,4.22,49.70795,2
86758,4.22,49.70795,2
86759,4.22,49.70795,2
86760,4.22086,49.70686,2
86761,4.22,49.70795,2
86762,4.21853,49.70719,2
86763,4.22,49.70795,2
86764,4.22194,49.70775,2
86765,4.22,49.70797,2
86766,4.22194,49.70775,2
86767,4.22,49.70797,2
86768,4.22,49.70797,2
86769,4.22,49.70797,2
86770,4.22,49.70797,2
86771,4.22,49.70795,2
86772,4.210891,49.705781,2
86773,4.22,49.70795,2
86774,4.2203,49.70632,2
86775,4.22,49.70797,2
86776,4.22199,49.70588,2
86777,4.22,49.70795,2
86778,4.22324,49.70495,2
86779,4.22,49.70795,2
86780,4.23769,49.72383,2
86781,4.22,49.70797,2
86782,4.23769,49.72383,2
86783,4.22,49.70795,2
86784,4.25222,49.71726,2
86785,4.22,49.70795,2
86786,4.26031,49.72006,2
86787,4.21853,49.70719,2
86788,4.2183,49.70719,2
86789,4.22,49.70797,2
86790,4.22,49.70795,2
86791,4.22,49.70795,2
86792,4.22,49.70795,2
86793,4.22,49.70795,2
86794,4.22,49.70795,2
86795,4.22,49.70795,2
86796,4.22,49.70795,2
86797,4.22,49.70795,2
86798,4.22,49.70795,2
86799,4.22,49.70797,2
86800,4.210891,49.705781,2
86801,4.2197,49.70711,2
86802,4.2197,49.70711,2
86803,4.2197,49.70711,2
86804,4.215704,49.70673,2
86805,4.2203,49.70632,2
86806,4.22013,49.70666,2
86807,4.22013,49.70666,2
86808,4.2203,49.70632,2
86809,4.2203,49.70632,2
86810,4.22199,49.70588,2
86811,4.22,49.70797,2
86812,4.22199,49.70588,2
86813,4.22199,49.70588,2
86814,4.22199,49.70588,2
86815,4.22,49.70797,2
86816,4.22324,49.70495,2
86817,4.22199,49.70588,2
86818,4.22,49.70797,2
86819,4.22324,49.70495,2
86820,4.23012,49.72565,2
86821,4.23782,49.72397,2
86822,4.23782,49.72397,2
86823,4.23782,49.72397,2
86824,4.23769,49.72383,2
86825,4.26849,49.72204,2
86826,4.26849,49.72204,2
86827,4.26849,49.72204,2
86828,4.26849,49.72204,2
86829,4.23012,49.72565,2
86830,4.23012,49.72565,2
86831,4.22,49.70795,2
86832,4.22324,49.70495,2
86833,4.22086,49.70686,2
86834,4.22,49.70797,2
86835,4.22086,49.70686,2
86836,4.22086,49.70686,2
86837,4.22086,49.70686,2
86838,4.22086,49.70686,2
86839,4.2197,49.70711,2
86840,4.2197,49.70711,2
86841,4.2197,49.70711,2
86842,4.2197,49.70711,2
86843,4.22,49.70797,2
86844,4.22004,49.70663,2
86845,4.21965,49.70704,2
86846,4.22,49.70797,2
86847,4.22086,49.70686,2
86848,4.21853,49.70719,2
86849,4.22086,49.70686,2
86850,4.22,49.70795,2
86851,4.22,49.70795,2
86852,4.17631,49.72017,2
86853,4.17462,49.72044,2
86854,4.174561,49.720404,2
86855,4.17631,49.72017,2
86856,4.17043,49.71891,2
86857,4.178535,49.71728,2
86858,4.180717,49.709432,2
86859,4.17631,49.72017,2
86860,4.17631,49.72017,2
86861,4.17631,49.72017,2
86862,4.17817,49.72062,2
86863,4.178,49.71904,2
86864,4.17631,49.72017,2
86865,4.17631,49.72017,2
86866,4.17631,49.72017,2
86867,4.17612,49.72023,2
86868,4.18436,49.70185,2
86869,4.17691,49.72011,2
86870,4.17631,49.72017,2
86871,4.17631,49.72017,2
86872,4.17631,49.72017,2
86873,4.17817,49.72062,2
86874,4.17631,49.72017,2
86875,4.17389,49.71969,2
86876,4.17358,49.71955,2
86877,4.17428,49.71935,2
86878,4.17389,49.71969,2
86879,4.17043,49.71891,2
86880,4.17631,49.72017,2
86881,4.17631,49.72017,2
86882,4.17631,49.72017,2
86883,4.17817,49.72062,2
86884,4.18436,49.70185,2
86885,4.168077,49.718463,2
86886,4.169849,49.718822,2
86887,4.168077,49.718463,2
86888,4.17043,49.71891,2
86889,4.18436,49.70185,2
86890,4.92623,49.71762,2
86891,4.92605,49.71746,2
86892,4.92483,49.71501,2
86893,4.92586,49.7173,2
86894,4.92569,49.71713,2
86895,4.92553,49.71696,2
86896,4.92537,49.71679,2
86897,4.92501,49.71605,2
86898,4.92506,49.71617,2
86899,4.92524,49.71665,2
86900,4.92504,49.7167,2
86901,4.92484,49.71676,2
86902,4.92465,49.71682,2
86903,4.92445,49.71687,2
86904,4.92425,49.71693,2
86905,4.92406,49.71698,2
86906,4.92386,49.71704,2
86907,4.92611,49.7119,2
86908,4.92366,49.71709,2
86909,4.93238,49.71172,2
86910,4.92457,49.71411,2
86911,4.92378,49.71719,2
86912,4.9299,49.7116,2
86913,4.92408,49.7171,2
86914,4.93668,49.70938,2
86915,4.92437,49.71702,2
86916,4.92449,49.71386,2
86917,4.93303,49.71235,2
86918,4.92467,49.71694,2
86919,4.9332,49.7124,2
86920,4.92862,49.71614,2
86921,4.92497,49.71685,2
86922,4.93813,49.71064,2
86923,4.92526,49.71677,2
86924,4.92373,49.71716,2
86925,4.92388,49.71723,2
86926,4.92606,49.71399,2
86927,4.92428,49.71744,2
86928,4.92492,49.71776,2
86929,4.92556,49.71808,2
86930,4.9262,49.7184,2
86931,4.92604,49.71847,2
86932,4.92564,49.71827,2
86933,4.93238,49.71172,2
86934,4.92524,49.71807,2
86935,4.92483,49.71787,2
86936,4.92483,49.71787,2
86937,4.92443,49.71767,2
86938,4.92355,49.71748,2
86939,4.92355,49.71748,2
86940,4.9237,49.71729,2
86941,4.93079,49.71125,2
86942,4.9237,49.71729,2
86943,4.92318,49.71704,2
86944,4.92329,49.71695,2
86945,4.92301,49.71672,2
86946,4.92314,49.7165,2
86947,4.92327,49.71627,2
86948,4.9234,49.71605,2
86949,4.92337,49.71603,2
86950,4.9235,49.7162,2
86951,4.92366,49.71636,2
86952,4.92395,49.71634,2
86953,4.92425,49.7163,2
86954,4.92421,49.71618,2
86955,4.92391,49.71622,2
86956,4.92368,49.71616,2
86957,4.92353,49.71598,2
86958,4.92347,49.71585,2
86959,4.92347,49.71571,2
86960,4.92345,49.71555,2
86961,4.92341,49.71539,2
86962,4.92336,49.71523,2
86963,4.92346,49.71506,2
86964,4.92361,49.71469,2
86965,4.92344,49.71487,2
86966,4.92326,49.71504,2
86967,4.92299,49.71525,2
86968,4.92273,49.71542,2
86969,4.92294,49.71552,2
86970,4.9232,49.71563,2
86971,4.92329,49.71578,2
86972,4.92325,49.71599,2
86973,4.92314,49.71617,2
86974,4.92304,49.71634,2
86975,4.92294,49.71652,2
86976,4.92283,49.7167,2
86977,4.92257,49.71535,2
86978,4.92265,49.71524,2
86979,4.92242,49.71527,2
86980,4.92211,49.71498,2
86981,4.92226,49.7152,2
86982,4.9221,49.71512,2
86983,4.92194,49.71505,2
86984,4.92179,49.71497,2
86985,4.9218,49.71477,2
86986,4.92211,49.7147,2
86987,4.92197,49.71486,2
86988,4.92829,49.71689,2
86989,4.92229,49.71478,2
86990,4.92829,49.71689,2
86991,4.92243,49.71462,2
86992,4.92274,49.71454,2
86993,4.92262,49.71469,2
86994,4.92294,49.7146,2
86995,4.92305,49.71445,2
86996,4.92336,49.71443,2
86997,4.92327,49.71453,2
86998,4.92366,49.71453,2
86999,4.92358,49.71463,2
87000,4.93914,49.71328,2
87001,4.93903,49.71317,2
87002,4.93891,49.71306,2
87003,4.93879,49.71295,2
87004,4.93868,49.71284,2
87005,4.93856,49.71273,2
87006,4.93844,49.71262,2
87007,4.93829,49.71253,2
87008,4.93814,49.71244,2
87009,4.93799,49.71235,2
87010,4.93784,49.71226,2
87011,4.93777,49.7122,2
87012,4.93774,49.71213,2
87013,4.93771,49.71205,2
87014,4.9237,49.71729,2
87015,4.93749,49.71212,2
87016,4.93699,49.71197,2
87017,4.93673,49.71188,2
87018,4.9332,49.7124,2
87019,4.93666,49.71182,2
87020,4.9332,49.7124,2
87021,4.93658,49.71177,2
87022,4.93651,49.71171,2
87023,4.93238,49.71172,2
87024,4.93609,49.71185,2
87025,4.93607,49.71196,2
87026,4.93625,49.71197,2
87027,4.93643,49.71199,2
87028,4.93661,49.712,2
87029,4.93679,49.71204,2
87030,4.93704,49.71211,2
87031,4.93729,49.71219,2
87032,4.93754,49.71227,2
87033,4.93772,49.71235,2
87034,4.93788,49.71244,2
87035,4.93238,49.71172,2
87036,4.93805,49.71254,2
87037,4.93821,49.71264,2
87038,4.93836,49.71275,2
87039,4.93849,49.71287,2
87040,4.92234,49.71516,2
87041,4.93861,49.71299,2
87042,4.92619,49.71402,2
87043,4.93874,49.71311,2
87044,4.92606,49.71399,2
87045,4.93886,49.71323,2
87046,4.92606,49.71399,2
87047,4.93899,49.71335,2
87048,4.92606,49.71399,2
87049,4.94006,49.71343,2
87050,4.92606,49.71399,2
87051,4.92559,49.71338,2
87052,4.9398,49.71348,2
87053,4.92606,49.71399,2
87054,4.93953,49.71347,2
87055,4.92525,49.71342,2
87056,4.93925,49.71344,2
87057,4.92606,49.71399,2
87058,4.939,49.71342,2
87059,4.92576,49.71204,2
87060,4.93876,49.71341,2
87061,4.92576,49.71204,2
87062,4.92576,49.71204,2
87063,4.93852,49.71339,2
87064,4.92541,49.71219,2
87065,4.93827,49.71337,2
87066,4.92553,49.71228,2
87067,4.93803,49.71336,2
87068,4.9252,49.71243,2
87069,4.92497,49.7126,2
87070,4.93885,49.7133,2
87071,4.92497,49.7126,2
87072,4.92497,49.7126,2
87073,4.93829,49.71326,2
87074,4.92497,49.7126,2
87075,4.93773,49.71322,2
87076,4.92182,49.71327,2
87077,4.92182,49.71327,2
87078,4.93779,49.71334,2
87079,4.92628,49.71757,2
87080,4.93755,49.71333,2
87081,4.92628,49.71757,2
87082,4.92628,49.71757,2
87083,4.93756,49.71328,2
87084,4.92473,49.71264,2
87085,4.93701,49.71097,2
87086,4.93764,49.71339,2
87087,4.92465,49.71299,2
87088,4.93771,49.71349,2
87089,4.92453,49.71319,2
87090,4.93781,49.71358,2
87091,4.92444,49.71347,2
87092,4.93794,49.71364,2
87093,4.92449,49.71386,2
87094,4.92457,49.71411,2
87095,4.93808,49.71371,2
87096,4.9247,49.71448,2
87097,4.93822,49.71378,2
87098,4.92595,49.7148,2
87099,4.92489,49.71519,2
87100,4.93836,49.71385,2
87101,4.92496,49.71539,2
87102,4.9385,49.71391,2
87103,4.92628,49.71757,2
87104,4.93864,49.71398,2
87105,4.92628,49.71757,2
87106,4.93878,49.71405,2
87107,4.92503,49.71558,2
87108,4.93893,49.7141,2
87109,4.9249,49.71576,2
87110,4.93883,49.7142,2
87111,4.92494,49.71585,2
87112,4.92497,49.71595,2
87113,4.93867,49.71414,2
87114,4.93405,49.70895,2
87115,4.93264,49.70943,2
87116,4.93853,49.71407,2
87117,4.93558,49.70874,2
87118,4.93838,49.714,2
87119,4.93668,49.70938,2
87120,4.93824,49.71393,2
87121,4.93614,49.70905,2
87122,4.93176,49.71306,2
87123,4.93809,49.71386,2
87124,4.93668,49.70938,2
87125,4.93795,49.71379,2
87126,4.93614,49.70905,2
87127,4.9378,49.71372,2
87128,4.93668,49.70938,2
87129,4.93766,49.71365,2
87130,4.93668,49.70938,2
87131,4.93756,49.71355,2
87132,4.93668,49.70938,2
87133,4.93668,49.70938,2
87134,4.93748,49.71344,2
87135,4.94038,49.71326,2
87136,4.9374,49.71334,2
87137,4.94038,49.71326,2
87138,4.94038,49.71326,2
87139,4.9373,49.71322,2
87140,4.94038,49.71326,2
87141,4.93716,49.71309,2
87142,4.94038,49.71326,2
87143,4.93668,49.70938,2
87144,4.93703,49.71296,2
87145,4.93714,49.70975,2
87146,4.93689,49.71283,2
87147,4.94038,49.71326,2
87148,4.93673,49.7127,2
87149,4.94038,49.71326,2
87150,4.93766,49.71022,2
87151,4.93656,49.7126,2
87152,4.93796,49.71045,2
87153,4.93632,49.71255,2
87154,4.93609,49.71249,2
87155,4.93829,49.71083,2
87156,4.93586,49.71244,2
87157,4.93846,49.71103,2
87158,4.93562,49.71239,2
87159,4.93544,49.71235,2
87160,4.93818,49.71046,2
87161,4.93529,49.71232,2
87162,4.93862,49.71122,2
87163,4.93513,49.7123,2
87164,4.93879,49.71141,2
87165,4.93895,49.7116,2
87166,4.93498,49.71227,2
87167,4.93914,49.71178,2
87168,4.93935,49.71196,2
87169,4.93541,49.71223,2
87170,4.93845,49.71078,2
87171,4.93873,49.71111,2
87172,4.93511,49.71217,2
87173,4.93976,49.71231,2
87174,4.93873,49.71111,2
87175,4.93566,49.71228,2
87176,4.93901,49.71143,2
87177,4.93585,49.71232,2
87178,4.93932,49.71174,2
87179,4.93604,49.71236,2
87180,4.93997,49.71248,2
87181,4.93622,49.7124,2
87182,4.94012,49.71268,2
87183,4.93641,49.71244,2
87184,4.94023,49.71289,2
87185,4.93967,49.71204,2
87186,4.9366,49.71249,2
87187,4.94002,49.71233,2
87188,4.93676,49.71255,2
87189,4.9403,49.71265,2
87190,4.93689,49.71265,2
87191,4.94038,49.71326,2
87192,4.94027,49.7131,2
87193,4.93702,49.71275,2
87194,4.94043,49.71301,2
87195,4.93714,49.71285,2
87196,4.94043,49.71301,2
87197,4.93725,49.71296,2
87198,4.94061,49.71335,2
87199,4.93735,49.71307,2
87200,4.94062,49.71356,2
87201,4.93746,49.71318,2
87202,4.94062,49.71356,2
87203,4.93026,49.71302,2
87204,4.94107,49.71375,2
87205,4.93008,49.71276,2
87206,4.9413,49.71395,2
87207,4.9299,49.7125,2
87208,4.94115,49.71402,2
87209,4.92972,49.71224,2
87210,4.94153,49.71415,2
87211,4.92954,49.71199,2
87212,4.94175,49.71435,2
87213,4.92955,49.71171,2
87214,4.92981,49.71151,2
87215,4.94275,49.71514,2
87216,4.93018,49.71136,2
87217,4.93055,49.71121,2
87218,4.94198,49.71455,2
87219,4.9309,49.71104,2
87220,4.94198,49.71455,2
87221,4.9316,49.71306,2
87222,4.94198,49.71455,2
87223,4.93079,49.71125,2
87224,4.94198,49.71455,2
87225,4.9316,49.71306,2
87226,4.94198,49.71455,2
87227,4.92965,49.71203,2
87228,4.94198,49.71455,2
87229,4.9299,49.7116,2
87230,4.94198,49.71455,2
87231,4.92987,49.71218,2
87232,4.94228,49.71474,2
87233,4.9303,49.71279,2
87234,4.94267,49.71495,2
87235,4.94305,49.71515,2
87236,4.94344,49.71535,2
87237,4.94344,49.71535,2
87238,4.94402,49.71562,2
87239,4.94402,49.71562,2
87240,4.94458,49.71586,2
87241,4.94493,49.71601,2
87242,4.94038,49.71326,2
87243,4.94038,49.71326,2
87244,4.93721,49.71016,2
87245,4.93714,49.7104,2
87246,4.93413,49.71126,2
87247,4.93413,49.71126,2
87248,4.93659,49.71071,2
87249,4.93676,49.71086,2
87250,4.93694,49.71102,2
87251,4.93711,49.71117,2
87252,4.93728,49.71132,2
87253,4.93666,49.71058,2
87254,4.93666,49.71058,2
87255,4.93649,49.71072,2
87256,4.93621,49.71087,2
87257,4.93592,49.71102,2
87258,4.93564,49.71117,2
87259,4.93564,49.71117,2
87260,4.93412,49.71125,2
87261,4.9316,49.71306,2
87262,4.93535,49.71131,2
87263,4.93478,49.71161,2
87264,4.93412,49.71125,2
87265,4.93412,49.71125,2
87266,4.93456,49.71173,2
87267,4.93439,49.71181,2
87268,4.93241,49.7119,2
87269,4.93422,49.7119,2
87270,4.93405,49.71198,2
87271,4.93418,49.71177,2
87272,4.93395,49.71188,2
87273,4.93372,49.712,2
87274,4.93388,49.71207,2
87275,4.93349,49.71211,2
87276,4.93371,49.71215,2
87277,4.93303,49.71235,2
87278,4.93241,49.7119,2
87279,4.93354,49.71223,2
87280,4.93238,49.71172,2
87281,4.93337,49.71232,2
87282,4.93238,49.71172,2
87283,4.93255,49.71257,2
87284,4.93255,49.71257,2
87285,4.93229,49.71269,2
87286,4.93229,49.71269,2
87287,4.93203,49.7128,2
87288,4.93178,49.71291,2
87289,4.93152,49.71303,2
87290,4.93152,49.71303,2
87291,4.93125,49.71313,2
87292,4.93125,49.71313,2
87293,4.93097,49.71321,2
87294,4.93304,49.71249,2
87295,4.93286,49.71257,2
87296,4.93263,49.71267,2
87297,4.93234,49.7128,2
87298,4.93205,49.71293,2
87299,4.93176,49.71306,2
87300,4.93069,49.7133,2
87301,4.93303,49.71235,2
87302,4.93114,49.71329,2
87303,4.93082,49.71339,2
87304,4.9305,49.71349,2
87305,4.9304,49.71339,2
87306,4.92894,49.71283,2
87307,4.92894,49.71283,2
87308,4.929,49.71416,2
87309,4.929,49.71416,2
87310,4.9292,49.71423,2
87311,4.92909,49.71447,2
87312,4.92809,49.71491,2
87313,4.93349,49.71211,2
87314,4.93,49.71375,2
87315,4.92945,49.71417,2
87316,4.9292,49.71464,2
87317,4.92849,49.71512,2
87318,4.92849,49.71512,2
87319,4.92849,49.71512,2
87320,4.9316,49.71306,2
87321,4.92881,49.71524,2
87322,4.92862,49.71588,2
87323,4.92873,49.71554,2
87324,4.928925,49.715352,2
87325,4.92991,49.71723,2
87326,4.92891,49.71557,2
87327,4.92991,49.71723,2
87328,4.92828,49.71654,2
87329,4.92879,49.71591,2
87330,4.92863,49.71625,2
87331,4.92845,49.71658,2
87332,4.92829,49.71689,2
87333,4.92815,49.71719,2
87334,4.92801,49.71748,2
87335,4.92862,49.71614,2
87336,4.92781,49.71775,2
87337,4.92862,49.71614,2
87338,4.92765,49.7177,2
87339,4.92727,49.71826,2
87340,4.92862,49.71614,2
87341,4.92712,49.71819,2
87342,4.92862,49.71614,2
87343,4.92784,49.71743,2
87344,4.92712,49.71819,2
87345,4.92798,49.71714,2
87346,4.92606,49.71399,2
87347,4.92817,49.71665,2
87348,4.92791,49.71661,2
87349,4.92766,49.71656,2
87350,4.92814,49.71677,2
87351,4.92791,49.71673,2
87352,4.92741,49.71652,2
87353,4.92715,49.71647,2
87354,4.9269,49.71643,2
87355,4.92769,49.71669,2
87356,4.92747,49.71665,2
87357,4.92725,49.71661,2
87358,4.92703,49.71657,2
87359,4.92665,49.71639,2
87360,4.92681,49.71623,2
87361,4.92681,49.71623,2
87362,4.92681,49.71623,2
87363,4.92681,49.71623,2
87364,4.92681,49.71623,2
87365,4.92655,49.71631,2
87366,4.92681,49.71653,2
87367,4.92658,49.7165,2
87368,4.92625,49.71654,2
87369,4.92628,49.71641,2
87370,4.92591,49.71649,2
87371,4.92553,49.71658,2
87372,4.92597,49.71719,2
87373,4.92581,49.71704,2
87374,4.92567,49.71688,2
87375,4.92552,49.71672,2
87376,4.92568,49.71666,2
87377,4.92543,49.71658,2
87378,4.92536,49.71644,2
87379,4.9253,49.71629,2
87380,4.92523,49.71614,2
87381,4.92517,49.71597,2
87382,4.9251,49.71578,2
87383,4.92487,49.71566,2
87384,4.92483,49.71556,2
87385,4.9248,49.71546,2
87386,4.92477,49.71536,2
87387,4.92473,49.71527,2
87388,4.9247,49.71517,2
87389,4.92466,49.71502,2
87390,4.92461,49.71484,2
87391,4.92372,49.71479,2
87392,4.92372,49.71479,2
87393,4.92372,49.71479,2
87394,4.92372,49.71479,2
87395,4.92372,49.71479,2
87396,4.92372,49.71479,2
87397,4.92372,49.71479,2
87398,4.92453,49.7145,2
87399,4.92419,49.71465,2
87400,4.92419,49.71465,2
87401,4.93238,49.71172,2
87402,4.92419,49.71465,2
87403,4.92383,49.7145,2
87404,4.92391,49.71442,2
87405,4.924,49.71433,2
87406,4.92409,49.71425,2
87407,4.92415,49.71419,2
87408,4.92419,49.71414,2
87409,4.92429,49.71408,2
87410,4.92418,49.71401,2
87411,4.92406,49.71395,2
87412,4.36252,49.50237,2
87413,4.36502,49.49481,2
87414,4.36501,49.49489,2
87415,4.37,49.48962,2
87416,4.36498,49.49512,2
87417,4.36524,49.49453,2
87418,4.36522,49.49468,2
87419,4.36519,49.49484,2
87420,4.3588,49.49996,2
87421,4.35991,49.50006,2
87422,4.36447,49.49498,2
87423,4.36392,49.49476,2
87424,4.36426,49.49504,2
87425,4.36303,49.49951,2
87426,4.36401,49.49504,2
87427,4.36376,49.49504,2
87428,4.36356,49.49476,2
87429,4.36392,49.49476,2
87430,4.36427,49.49476,2
87431,4.36429,49.49498,2
87432,4.36356,49.49464,2
87433,4.37,49.48962,2
87434,4.3639,49.49464,2
87435,4.36326,49.49429,2
87436,4.36293,49.49431,2
87437,4.3626,49.49433,2
87438,4.37,49.48962,2
87439,4.36231,49.49422,2
87440,4.3617,49.49431,2
87441,4.36117,49.49428,2
87442,4.36251,49.49493,2
87443,4.3617,49.49431,2
87444,4.36258,49.49469,2
87445,4.3634,49.49505,2
87446,4.36245,49.49441,2
87447,4.36292,49.49506,2
87448,4.36271,49.49497,2
87449,4.36243,49.49509,2
87450,4.36193,49.49513,2
87451,4.36494,49.49515,2
87452,4.374702,49.498755,2
87453,4.36485,49.49515,2
87454,4.36503,49.49515,2
87455,4.36477,49.49515,2
87456,4.36498,49.49528,2
87457,4.36252,49.50237,2
87458,4.35841,49.5008,2
87459,4.36468,49.49515,2
87460,4.36451,49.49515,2
87461,4.36442,49.49515,2
87462,4.35932,49.50325,2
87463,4.36433,49.49515,2
87464,4.36422,49.49515,2
87465,4.35863,49.5035,2
87466,4.36792,49.49046,2
87467,4.35763,49.5038,2
87468,4.36412,49.49515,2
87469,4.36401,49.49515,2
87470,4.35793,49.50376,2
87471,4.35711,49.50393,2
87472,4.36193,49.49513,2
87473,4.35711,49.50393,2
87474,4.3639,49.49515,2
87475,4.3638,49.49515,2
87476,4.36369,49.49515,2
87477,4.36519,49.49559,2
87478,4.356387,49.50449,2
87479,4.36521,49.49569,2
87480,4.36527,49.49594,2
87481,4.35922,49.50174,2
87482,4.36516,49.49544,2
87483,4.36516,49.49531,2
87484,4.35984,49.50188,2
87485,4.36516,49.49515,2
87486,4.36516,49.49531,2
87487,4.36518,49.49497,2
87488,4.36044,49.50146,2
87489,4.35891,49.50121,2
87490,4.36198,49.50011,2
87491,4.35863,49.50091,2
87492,4.35863,49.50091,2
87493,4.36191,49.50034,2
87494,4.37,49.48962,2
87495,4.36208,49.50021,2
87496,4.35863,49.50091,2
87497,4.35849,49.50099,2
87498,4.36278,49.49959,2
87499,4.36224,49.50009,2
87500,4.35833,49.50082,2
87501,4.35835,49.5006,2
87502,4.35806,49.5003,2
87503,4.35841,49.5008,2
87504,4.36303,49.49951,2
87505,4.35778,49.49998,2
87506,4.368895,49.490766,2
87507,4.36303,49.49951,2
87508,4.35757,49.49973,2
87509,4.368895,49.490766,2
87510,4.35757,49.49973,2
87511,4.368895,49.490766,2
87512,4.368895,49.490766,2
87513,4.3634,49.49916,2
87514,4.368895,49.490766,2
87515,4.36321,49.49933,2
87516,4.36611,49.49911,2
87517,4.35557,49.49757,2
87518,4.368895,49.490766,2
87519,4.36321,49.49933,2
87520,4.368895,49.490766,2
87521,4.36416,49.49811,2
87522,4.35557,49.49757,2
87523,4.368895,49.490766,2
87524,4.36321,49.49933,2
87525,4.368895,49.490766,2
87526,4.3554,49.49727,2
87527,4.368895,49.490766,2
87528,4.36321,49.49933,2
87529,4.36488,49.49727,2
87530,4.35841,49.5008,2
87531,4.369718,49.490321,2
87532,4.35841,49.5008,2
87533,4.369718,49.490321,2
87534,4.36321,49.49933,2
87535,4.370284,49.49032,2
87536,4.36628,49.48869,2
87537,4.366814,49.495338,2
87538,4.35841,49.5008,2
87539,4.370284,49.49032,2
87540,4.36321,49.49933,2
87541,4.36796,49.49387,2
87542,4.37067,49.490314,2
87543,4.36958,49.49355,2
87544,4.35841,49.5008,2
87545,4.37067,49.490314,2
87546,4.36321,49.49933,2
87547,4.35841,49.5008,2
87548,4.369718,49.490321,2
87549,4.36451,49.49412,2
87550,4.35841,49.5008,2
87551,4.369718,49.490321,2
87552,4.36459,49.49515,2
87553,4.35841,49.5008,2
87554,4.370284,49.49032,2
87555,4.35841,49.5008,2
87556,4.370284,49.49032,2
87557,4.3554,49.49727,2
87558,4.3617,49.49431,2
87559,4.37067,49.490314,2
87560,4.35841,49.5008,2
87561,4.37067,49.490314,2
87562,4.35841,49.5008,2
87563,4.3617,49.49431,2
87564,4.37067,49.490314,2
87565,4.3617,49.49431,2
87566,4.3617,49.49431,2
87567,4.37067,49.490314,2
87568,4.35591,49.49429,2
87569,4.3617,49.49431,2
87570,4.368895,49.490766,2
87571,4.36498,49.49206,2
87572,4.36611,49.49393,2
87573,4.366,49.49407,2
87574,4.36498,49.49206,2
87575,4.366,49.49407,2
87576,4.366807,49.491349,2
87577,4.36498,49.49206,2
87578,4.3659,49.49397,2
87579,4.3623,49.48828,2
87580,4.3657,49.494,2
87581,4.36549,49.49403,2
87582,4.36528,49.49407,2
87583,4.36529,49.49401,2
87584,4.36529,49.49397,2
87585,4.36527,49.49378,2
87586,4.36526,49.49374,2
87587,4.36525,49.49357,2
87588,4.36524,49.49353,2
87589,4.36523,49.49338,2
87590,4.36523,49.49334,2
87591,4.36522,49.49324,2
87592,4.36521,49.4932,2
87593,4.3652,49.49311,2
87594,4.3652,49.49307,2
87595,4.36519,49.493,2
87596,4.36518,49.49297,2
87597,4.36517,49.49291,2
87598,4.36517,49.49288,2
87599,4.36515,49.49278,2
87600,4.36515,49.49271,2
87601,4.36514,49.49263,2
87602,4.36514,49.49258,2
87603,4.36513,49.49247,2
87604,4.36513,49.49243,2
87605,4.36497,49.49266,2
87606,4.37035,49.48887,2
87607,4.36658,49.49282,2
87608,4.36505,49.49111,2
87609,4.36442,49.49791,2
87610,4.36498,49.49206,2
87611,4.36498,49.49206,2
87612,4.36763,49.48887,2
87613,4.363181,49.488256,2
87614,4.3623,49.48828,2
87615,4.36503,49.48824,2
87616,4.36543,49.48831,2
87617,4.37021,49.48955,2
87618,4.36536,49.48842,2
87619,4.3703,49.48899,2
87620,4.3658,49.48867,2
87621,4.37,49.48962,2
87622,4.3658,49.48885,2
87623,4.36957,49.48958,2
87624,4.36598,49.48898,2
87625,4.36598,49.48871,2
87626,4.36622,49.48874,2
87627,4.36577,49.48846,2
87628,4.36663,49.48866,2
87629,4.36663,49.48866,2
87630,4.36673,49.48872,2
87631,4.37,49.48962,2
87632,4.36692,49.48879,2
87633,4.36715,49.48894,2
87634,4.36628,49.48869,2
87635,4.37053,49.48954,2
87636,4.3699,49.48968,2
87637,4.36787,49.48893,2
87638,4.369297,49.48978,2
87639,4.36925,49.48959,2
87640,4.37,49.48962,2
87641,4.36781,49.48888,2
87642,4.36278,49.49959,2
87643,4.367565,49.488901,2
87644,4.37,49.48962,2
87645,4.36783,49.48868,2
87646,4.36857,49.48964,2
87647,4.363743,49.503827,2
87648,4.36399,49.50274,2
87649,4.37,49.48962,2
87650,4.36399,49.50274,2
87651,4.36399,49.50274,2
87652,4.35763,49.5038,2
87653,4.36939,49.48897,2
87654,4.36498,49.49206,2
87655,4.3617,49.49431,2
87656,4.3698,49.4889,2
87657,4.36792,49.49046,2
87658,4.36628,49.48869,2
87659,4.36647,49.49665,2
87660,4.36875,49.48871,2
87661,4.37107,49.48936,2
87662,4.36407,49.49071,2
87663,4.36774,49.4941,2
87664,4.36407,49.49071,2
87665,4.36407,49.49071,2
87666,4.36407,49.49071,2
87667,4.36407,49.49071,2
87668,4.36407,49.49071,2
87669,4.36407,49.49071,2
87670,4.36407,49.49071,2
87671,4.36407,49.49071,2
87672,4.36407,49.49071,2
87673,4.365176,49.494728,2
87674,4.36407,49.49071,2
87675,4.37,49.48962,2
87676,4.36407,49.49071,2
87677,4.363294,49.490761,2
87678,4.363094,49.490926,2
87679,4.363494,49.490578,2
87680,4.363494,49.490578,2
87681,4.363668,49.490449,2
87682,4.363654,49.49045,2
87683,4.36832,49.49731,2
87684,4.374702,49.498755,2
87685,4.374702,49.498755,2
87686,4.374702,49.498755,2
87687,4.36374,49.50298,2
87688,4.37,49.48962,2
87689,4.37,49.48962,2
87690,4.36395,49.50269,2
87691,4.36395,49.50269,2
87692,4.37,49.48962,2
87693,4.36425,49.50243,2
87694,4.36332,49.5026,2
87695,4.36135,49.50308,2
87696,4.36112,49.50324,2
87697,4.36112,49.50324,2
87698,4.36159,49.50292,2
87699,4.36088,49.5034,2
87700,4.36088,49.5034,2
87701,4.35841,49.5008,2
87702,4.35841,49.5008,2
87703,4.35841,49.5008,2
87704,4.35841,49.5008,2
87705,4.36062,49.50318,2
87706,4.36628,49.48869,2
87707,4.36055,49.50311,2
87708,4.35841,49.5008,2
87709,4.36049,49.50304,2
87710,4.36042,49.50297,2
87711,4.35841,49.5008,2
87712,4.35723,49.50402,2
87713,4.35763,49.5038,2
87714,4.35763,49.5038,2
87715,4.35763,49.5038,2
87716,4.35763,49.5038,2
87717,4.367589,49.488811,2
87718,4.35763,49.5038,2
87719,4.37,49.48962,2
87720,4.35656,49.5044,2
87721,4.36543,49.48831,2
87722,4.36543,49.48831,2
87723,4.35639,49.5045,2
87724,4.37,49.48962,2
87725,4.35615,49.5046,2
87726,4.35587,49.50469,2
87727,4.35557,49.50469,2
87728,4.35763,49.5038,2
87729,4.3556,49.50352,2
87730,4.3556,49.50352,2
87731,4.35983,49.50225,2
87732,4.35954,49.50212,2
87733,4.36044,49.50146,2
87734,4.37081,49.48907,2
87735,4.36109,49.50098,2
87736,4.36137,49.50077,2
87737,4.37,49.48962,2
87738,4.36075,49.50106,2
87739,4.36116,49.50075,2
87740,4.360347,49.500308,2
87741,4.36437,49.49204,2
87742,4.360347,49.500308,2
87743,4.35991,49.50006,2
87744,4.36156,49.50043,2
87745,4.36198,49.50011,2
87746,4.36198,49.50011,2
87747,4.36159,49.5006,2
87748,4.36191,49.50034,2
87749,4.36175,49.50047,2
87750,4.3623,49.49986,2
87751,4.3634,49.49916,2
87752,4.36291,49.49941,2
87753,4.36316,49.49918,2
87754,4.3634,49.49895,2
87755,4.36358,49.49898,2
87756,4.36381,49.4985,2
87757,4.36392,49.49837,2
87758,4.36404,49.49824,2
87759,4.36404,49.49824,2
87760,4.36416,49.49811,2
87761,4.36127,49.49747,2
87762,4.37147,49.48903,2
87763,4.36071,49.49703,2
87764,4.36424,49.49825,2
87765,4.36434,49.49813,2
87766,4.36454,49.49791,2
87767,4.36303,49.49951,2
87768,4.36278,49.49959,2
87769,4.36278,49.49959,2
87770,4.36278,49.49959,2
87771,4.36278,49.49959,2
87772,4.36278,49.49959,2
87773,4.36278,49.49959,2
87774,4.36278,49.49959,2
87775,4.36278,49.49959,2
87776,4.36278,49.49959,2
87777,4.36278,49.49959,2
87778,4.366049,49.496582,2
87779,4.365877,49.496405,2
87780,4.36656,49.49644,2
87781,4.36647,49.49665,2
87782,4.36736,49.49741,2
87783,4.36832,49.49731,2
87784,4.37098,49.49776,2
87785,4.37148,49.49864,2
87786,4.36663,49.49659,2
87787,4.36677,49.49638,2
87788,4.36697,49.49632,2
87789,4.36664,49.49655,2
87790,4.36684,49.49649,2
87791,4.36705,49.49642,2
87792,4.36785,49.49622,2
87793,4.36718,49.49626,2
87794,4.36725,49.49636,2
87795,4.36723,49.49615,2
87796,4.36489,49.49135,2
87797,4.36741,49.49632,2
87798,4.36741,49.49632,2
87799,4.36741,49.49615,2
87800,4.364981,49.496421,2
87801,4.365001,49.495899,2
87802,4.36989,49.48956,2
87803,4.366127,49.496114,2
87804,4.3698,49.4889,2
87805,4.36605,49.49599,2
87806,4.366352,49.495858,2
87807,4.366352,49.495858,2
87808,4.36626,49.49576,2
87809,4.36683,49.49535,2
87810,4.36647,49.49552,2
87811,4.36667,49.49529,2
87812,4.367251,49.494891,2
87813,4.36725,49.49488,2
87814,4.36667,49.49529,2
87815,4.366814,49.495338,2
87816,4.36667,49.49529,2
87817,4.366814,49.495338,2
87818,4.36792,49.49046,2
87819,4.366814,49.495338,2
87820,4.366814,49.495338,2
87821,4.36688,49.49505,2
87822,4.367129,49.494578,2
87823,4.37,49.48962,2
87824,4.36706,49.49428,2
87825,4.367473,49.494573,2
87826,4.367473,49.494573,2
87827,4.36774,49.4941,2
87828,4.37,49.48962,2
87829,4.367434,49.494618,2
87830,4.367869,49.494126,2
87831,4.367896,49.494098,2
87832,4.36865,49.49362,2
87833,4.370961,49.48932,2
87834,4.3687,49.49373,2
87835,4.36824,49.49377,2
87836,4.3691,49.49354,2
87837,4.36892,49.49364,2
87838,4.36835,49.49363,2
87839,4.368173,49.493788,2
87840,4.36899,49.49291,2
87841,4.36915,49.49365,2
87842,4.368889,49.492698,2
87843,4.36449,49.4901,2
87844,4.368902,49.49268,2
87845,4.36412,49.49017,2
87846,4.36413,49.49026,2
87847,4.368439,49.4932,2
87848,4.36413,49.49034,2
87849,4.36413,49.49043,2
87850,4.36865,49.49306,2
87851,4.36414,49.49052,2
87852,4.3685,49.49322,2
87853,4.36414,49.49061,2
87854,4.368439,49.4932,2
87855,4.36414,49.4907,2
87856,4.36415,49.49079,2
87857,4.36821,49.49336,2
87858,4.36415,49.49088,2
87859,4.36415,49.49097,2
87860,4.3679,49.49319,2
87861,4.36416,49.49106,2
87862,4.36808,49.49291,2
87863,4.36416,49.49115,2
87864,4.36416,49.49123,2
87865,4.3679,49.49289,2
87866,4.36411,49.49132,2
87867,4.36405,49.4914,2
87868,4.36773,49.49313,2
87869,4.36382,49.49144,2
87870,4.36366,49.49138,2
87871,4.3678,49.49333,2
87872,4.36351,49.49133,2
87873,4.36814,49.49347,2
87874,4.36335,49.49127,2
87875,4.36319,49.49121,2
87876,4.36819,49.49358,2
87877,4.36303,49.49116,2
87878,4.36819,49.49358,2
87879,4.36819,49.49358,2
87880,4.36819,49.49358,2
87881,4.36803,49.493647,2
87882,4.36819,49.49358,2
87883,4.36802,49.49373,2
87884,4.36819,49.49358,2
87885,4.36782,49.49375,2
87886,4.36819,49.49358,2
87887,4.36819,49.49358,2
87888,4.36762,49.49376,2
87889,4.36819,49.49358,2
87890,4.36819,49.49358,2
87891,4.36819,49.49358,2
87892,4.36819,49.49358,2
87893,4.36742,49.49377,2
87894,4.36819,49.49358,2
87895,4.36819,49.49358,2
87896,4.36819,49.49358,2
87897,4.36819,49.49358,2
87898,4.36722,49.49379,2
87899,4.35711,49.50393,2
87900,4.36702,49.4938,2
87901,4.36857,49.49385,2
87902,4.36848,49.49417,2
87903,4.3684,49.49387,2
87904,4.36866,49.49478,2
87905,4.36875,49.49445,2
87906,4.36857,49.49447,2
87907,4.36849,49.49386,2
87908,4.36656,49.49386,2
87909,4.36774,49.4941,2
87910,4.36661,49.49397,2
87911,4.36684,49.49394,2
87912,4.36805,49.49385,2
87913,4.36743,49.49389,2
87914,4.36637,49.49401,2
87915,4.36548,49.49416,2
87916,4.36527,49.49428,2
87917,4.36489,49.49135,2
87918,4.36459,49.49206,2
87919,4.36488,49.4912,2
87920,4.36486,49.49099,2
87921,4.36485,49.49045,2
87922,4.36489,49.49188,2
87923,4.36525,49.49441,2
87924,4.36505,49.49458,2
87925,4.36385,49.494705,2
87926,4.70351,49.39422,2
87927,4.70399,49.39643,2
87928,4.70399,49.39643,2
87929,4.70296,49.39397,2
87930,4.70296,49.39397,2
87931,4.70227,49.39737,2
87932,4.70227,49.39737,2
87933,4.70377,49.39745,2
87934,4.70397,49.39596,2
87935,4.70395,49.39577,2
87936,4.70394,49.39567,2
87937,4.70383,49.39543,2
87938,4.7034,49.3976,2
87939,4.7034,49.3976,2
87940,4.69399,49.39261,2
87941,4.70377,49.39745,2
87942,4.70385,49.39737,2
87943,4.70385,49.39737,2
87944,4.70385,49.39737,2
87945,4.70385,49.39737,2
87946,4.70286,49.3939,2
87947,4.70367,49.39733,2
87948,4.70373,49.39727,2
87949,4.70379,49.39721,2
87950,4.70383,49.39714,2
87951,4.70383,49.39714,2
87952,4.70383,49.39706,2
87953,4.70383,49.39714,2
87954,4.70383,49.39714,2
87955,4.70383,49.39706,2
87956,4.70383,49.39699,2
87957,4.70392,49.39728,2
87958,4.704,49.3972,2
87959,4.70401,49.39701,2
87960,4.70401,49.39711,2
87961,4.70401,49.39691,2
87962,4.70401,49.39672,2
87963,4.70401,49.39682,2
87964,4.704,49.39663,2
87965,4.70383,49.39699,2
87966,4.70383,49.39692,2
87967,4.70383,49.39684,2
87968,4.70383,49.39677,2
87969,4.704,49.39653,2
87970,4.70397,49.39605,2
87971,4.70399,49.39643,2
87972,4.70383,49.39669,2
87973,4.70382,49.39662,2
87974,4.70382,49.39654,2
87975,4.70381,49.39647,2
87976,4.7038,49.39617,2
87977,4.70379,49.3961,2
87978,4.70381,49.39632,2
87979,4.70381,49.3964,2
87980,4.7038,49.39625,2
87981,4.70398,49.39615,2
87982,4.70397,49.39596,2
87983,4.70345,49.39734,2
87984,4.70397,49.39596,2
87985,4.7035,49.39441,2
87986,4.70378,49.39595,2
87987,4.70377,49.39577,2
87988,4.7035,49.39441,2
87989,4.70396,49.39586,2
87990,4.69337,49.3931,2
87991,4.7035,49.39441,2
87992,4.70376,49.39568,2
87993,4.69382,49.39293,2
87994,4.7035,49.39441,2
87995,4.70378,49.39587,2
87996,4.70375,49.39559,2
87997,4.70374,49.3955,2
87998,4.70373,49.39531,2
87999,4.70372,49.39522,2
88000,4.70394,49.39567,2
88001,4.70394,49.39567,2
88002,4.70045,49.3928,2
88003,4.70394,49.39567,2
88004,4.70017,49.39295,2
88005,4.70393,49.39558,2
88006,4.70045,49.3928,2
88007,4.70392,49.39549,2
88008,4.69988,49.3931,2
88009,4.70391,49.3954,2
88010,4.70017,49.39295,2
88011,4.7037,49.39503,2
88012,4.70017,49.39295,2
88013,4.70391,49.3953,2
88014,4.70356,49.39496,2
88015,4.6904,49.39453,2
88016,4.70389,49.39512,2
88017,4.69224,49.39334,2
88018,4.7039,49.39521,2
88019,4.70388,49.39502,2
88020,4.69306,49.39312,2
88021,4.70369,49.39492,2
88022,4.69336,49.39355,2
88023,4.70367,49.39479,2
88024,4.69336,49.39355,2
88025,4.7035,49.39441,2
88026,4.69306,49.39312,2
88027,4.7035,49.39441,2
88028,4.69306,49.39312,2
88029,4.7035,49.39441,2
88030,4.7035,49.39441,2
88031,4.69306,49.39312,2
88032,4.70364,49.39466,2
88033,4.69336,49.39355,2
88034,4.7035,49.39441,2
88035,4.69336,49.39355,2
88036,4.70359,49.39453,2
88037,4.69336,49.39355,2
88038,4.70338,49.3943,2
88039,4.69336,49.39355,2
88040,4.70338,49.3943,2
88041,4.70338,49.3943,2
88042,4.70378,49.39454,2
88043,4.70374,49.39442,2
88044,4.70338,49.3943,2
88045,4.70338,49.3943,2
88046,4.70338,49.3943,2
88047,4.70378,49.39454,2
88048,4.70378,49.39454,2
88049,4.70378,49.39454,2
88050,4.70378,49.39454,2
88051,4.70378,49.39454,2
88052,4.70326,49.3942,2
88053,4.70326,49.3942,2
88054,4.70326,49.3942,2
88055,4.70326,49.3942,2
88056,4.70045,49.3928,2
88057,4.70363,49.39432,2
88058,4.70253,49.39383,2
88059,4.70383,49.39543,2
88060,4.70253,49.39383,2
88061,4.70253,49.39383,2
88062,4.70383,49.39543,2
88063,4.70155,49.39295,2
88064,4.7034,49.3976,2
88065,4.70348,49.3976,2
88066,4.70249,49.39783,2
88067,4.70345,49.39734,2
88068,4.70338,49.39785,2
88069,4.7034,49.3976,2
88070,4.7034,49.3976,2
88071,4.70276,49.39821,2
88072,4.70308,49.39821,2
88073,4.70327,49.39813,2
88074,4.70289,49.39829,2
88075,4.70305,49.39809,2
88076,4.70291,49.39814,2
88077,4.70277,49.3982,2
88078,4.70277,49.3982,2
88079,4.70276,49.39821,2
88080,4.70276,49.39821,2
88081,4.70276,49.39821,2
88082,4.69279,49.39222,2
88083,4.70277,49.3982,2
88084,4.69279,49.39222,2
88085,4.70277,49.3982,2
88086,4.7034,49.3976,2
88087,4.70267,49.39816,2
88088,4.70267,49.39816,2
88089,4.70045,49.3928,2
88090,4.70045,49.3928,2
88091,4.70045,49.3928,2
88092,4.70045,49.3928,2
88093,4.70045,49.3928,2
88094,4.70045,49.3928,2
88095,4.70045,49.3928,2
88096,4.70045,49.3928,2
88097,4.70045,49.3928,2
88098,4.70045,49.3928,2
88099,4.70045,49.3928,2
88100,4.70045,49.3928,2
88101,4.70045,49.3928,2
88102,4.70045,49.3928,2
88103,4.70045,49.3928,2
88104,4.70045,49.3928,2
88105,4.69988,49.3931,2
88106,4.69988,49.3931,2
88107,4.69988,49.3931,2
88108,4.69988,49.3931,2
88109,4.69988,49.3931,2
88110,4.69988,49.3931,2
88111,4.69988,49.3931,2
88112,4.69988,49.3931,2
88113,4.69988,49.3931,2
88114,4.69988,49.3931,2
88115,4.69988,49.3931,2
88116,4.69988,49.3931,2
88117,4.69988,49.3931,2
88118,4.69988,49.3931,2
88119,4.69988,49.3931,2
88120,4.69988,49.3931,2
88121,4.69988,49.3931,2
88122,4.70017,49.39295,2
88123,4.70017,49.39295,2
88124,4.70017,49.39295,2
88125,4.70017,49.39295,2
88126,4.70017,49.39295,2
88127,4.70017,49.39295,2
88128,4.70017,49.39295,2
88129,4.70017,49.39295,2
88130,4.70017,49.39295,2
88131,4.70017,49.39295,2
88132,4.70017,49.39295,2
88133,4.70017,49.39295,2
88134,4.70017,49.39295,2
88135,4.70017,49.39295,2
88136,4.70017,49.39295,2
88137,4.70017,49.39295,2
88138,4.68852,49.39615,2
88139,4.68933,49.3958,2
88140,4.69236,49.39534,2
88141,4.69204,49.39537,2
88142,4.6917,49.39529,2
88143,4.6888,49.39584,2
88144,4.68953,49.39533,2
88145,4.68919,49.39482,2
88146,4.69003,49.39562,2
88147,4.69059,49.39553,2
88148,4.69099,49.3945,2
88149,4.691,49.39462,2
88150,4.69084,49.39451,2
88151,4.69085,49.39463,2
88152,4.6907,49.39451,2
88153,4.69356,49.39242,2
88154,4.69071,49.39463,2
88155,4.69055,49.39452,2
88156,4.69056,49.39464,2
88157,4.6904,49.39453,2
88158,4.69041,49.39464,2
88159,4.6912,49.39425,2
88160,4.6912,49.39413,2
88161,4.69138,49.39423,2
88162,4.69137,49.39411,2
88163,4.69155,49.39421,2
88164,4.69154,49.39409,2
88165,4.69173,49.39419,2
88166,4.69171,49.39408,2
88167,4.6919,49.39418,2
88168,4.69188,49.39406,2
88169,4.69099,49.39372,2
88170,4.69093,49.39383,2
88171,4.69073,49.3936,2
88172,4.69075,49.39375,2
88173,4.69049,49.39347,2
88174,4.69058,49.39366,2
88175,4.69072,49.39366,2
88176,4.6904,49.39358,2
88177,4.69072,49.39366,2
88178,4.69031,49.39346,2
88179,4.69237,49.39337,2
88180,4.69157,49.3935,2
88181,4.69168,49.39337,2
88182,4.69168,49.3935,2
88183,4.6918,49.39327,2
88184,4.69176,49.39357,2
88185,4.69204,49.39328,2
88186,4.69187,49.3936,2
88187,4.69224,49.39334,2
88188,4.69199,49.39359,2
88189,4.69141,49.39266,2
88190,4.69136,49.39263,2
88191,4.69126,49.39255,2
88192,4.69127,49.39274,2
88193,4.69098,49.39251,2
88194,4.6909,49.39238,2
88195,4.69093,49.39224,2
88196,4.69113,49.39263,2
88197,4.69096,49.39209,2
88198,4.69115,49.39206,2
88199,4.69171,49.39236,2
88200,4.69191,49.39217,2
88201,4.6922,49.39214,2
88202,4.69253,49.39222,2
88203,4.69279,49.39222,2
88204,4.69308,49.39217,2
88205,4.69335,49.39223,2
88206,4.69322,49.39232,2
88207,4.69287,49.39233,2
88208,4.69282,49.39246,2
88209,4.69293,49.39274,2
88210,4.69306,49.39312,2
88211,4.69199,49.39276,2
88212,4.69306,49.39312,2
88213,4.69306,49.39312,2
88214,4.69269,49.39271,2
88215,4.69264,49.3926,2
88216,4.69246,49.39273,2
88217,4.69236,49.39262,2
88218,4.69207,49.39264,2
88219,4.69222,49.39275,2
88220,4.69178,49.39264,2
88221,4.69156,49.39278,2
88222,4.69175,49.39276,2
88223,4.69146,49.3927,2
88224,4.6916,49.39258,2
88225,4.70345,49.39734,2
88226,4.69088,49.39507,2
88227,4.69054,49.39511,2
88228,4.69021,49.39515,2
88229,4.6901,49.39524,2
88230,4.69038,49.39513,2
88231,4.69071,49.39509,2
88232,4.69121,49.39501,2
88233,4.6914,49.39499,2
88234,4.69119,49.39489,2
88235,4.6916,49.39503,2
88236,4.69193,49.39498,2
88237,4.69223,49.39491,2
88238,4.69177,49.39501,2
88239,4.69218,49.39481,2
88240,4.6921,49.39496,2
88241,4.69146,49.39495,2
88242,4.69336,49.39355,2
88243,4.69336,49.39355,2
88244,4.69336,49.39355,2
88245,4.69336,49.39355,2
88246,4.69336,49.39355,2
88247,4.69336,49.39355,2
88248,4.69336,49.39355,2
88249,4.69336,49.39355,2
88250,4.69336,49.39355,2
88251,4.69336,49.39355,2
88252,4.69306,49.39312,2
88253,4.69306,49.39312,2
88254,4.69306,49.39312,2
88255,4.69306,49.39312,2
88256,4.69306,49.39312,2
88257,4.69306,49.39312,2
88258,4.69306,49.39312,2
88259,4.69306,49.39312,2
88260,4.69306,49.39312,2
88261,4.69306,49.39312,2
88262,4.69394,49.39281,2
88263,4.69411,49.39278,2
88264,4.69386,49.39243,2
88265,4.69363,49.39232,2
88266,4.69306,49.39312,2
88267,4.69336,49.39355,2
88268,4.69306,49.39312,2
88269,4.69336,49.39355,2
88270,4.69306,49.39312,2
88271,4.69336,49.39355,2
88272,4.69306,49.39312,2
88273,4.69336,49.39355,2
88274,4.69336,49.39355,2
88275,4.69336,49.39355,2
88276,4.69336,49.39355,2
88277,4.69336,49.39355,2
88278,4.69336,49.39355,2
88279,4.69336,49.39355,2
88280,4.69336,49.39355,2
88281,4.69336,49.39355,2
88282,4.69336,49.39355,2
88283,4.69378,49.39259,2
88284,4.71112,49.78436,2
88285,4.71337,49.7854,2
88286,4.7139,49.7853,2
88287,4.7139,49.7853,2
88288,4.71444,49.78519,2
88289,4.7112,49.78286,2
88290,4.71593,49.7773,2
88291,4.71568,49.77601,2
88292,4.71136,49.78598,2
88293,4.71112,49.78436,2
88294,4.71071,49.78444,2
88295,4.71499,49.78651,2
88296,4.71499,49.78651,2
88297,4.71706,49.78888,2
88298,4.71006,49.79673,2
88299,4.730816,49.793427,2
88300,4.72887,49.79159,2
88301,4.71542,49.78971,2
88302,4.71136,49.78598,2
88303,4.71542,49.78971,2
88304,4.71542,49.78971,2
88305,4.71542,49.78971,2
88306,4.71542,49.78971,2
88307,4.71542,49.78971,2
88308,4.71542,49.78971,2
88309,4.71542,49.78971,2
88310,4.71542,49.78971,2
88311,4.71542,49.78971,2
88312,4.71542,49.78971,2
88313,4.71542,49.78971,2
88314,4.71542,49.78971,2
88315,4.71542,49.78971,2
88316,4.71542,49.78971,2
88317,4.71542,49.78971,2
88318,4.71542,49.78971,2
88319,4.71542,49.78971,2
88320,4.71542,49.78971,2
88321,4.71542,49.78971,2
88322,4.71542,49.78971,2
88323,4.71542,49.78971,2
88324,4.71542,49.78971,2
88325,4.71542,49.78971,2
88326,4.71542,49.78971,2
88327,4.71542,49.78971,2
88328,4.71542,49.78971,2
88329,4.71542,49.78971,2
88330,4.71542,49.78971,2
88331,4.71542,49.78971,2
88332,4.71542,49.78971,2
88333,4.71542,49.78971,2
88334,4.71542,49.78971,2
88335,4.71542,49.78971,2
88336,4.71542,49.78971,2
88337,4.71542,49.78971,2
88338,4.71542,49.78971,2
88339,4.71542,49.78971,2
88340,4.71542,49.78971,2
88341,4.71542,49.78971,2
88342,4.71542,49.78971,2
88343,4.71542,49.78971,2
88344,4.71542,49.78971,2
88345,4.71542,49.78971,2
88346,4.71542,49.78971,2
88347,4.71542,49.78971,2
88348,4.71542,49.78971,2
88349,4.71542,49.78971,2
88350,4.71542,49.78971,2
88351,4.71542,49.78971,2
88352,4.71542,49.78971,2
88353,4.71542,49.78971,2
88354,4.71542,49.78971,2
88355,4.71542,49.78971,2
88356,4.71542,49.78971,2
88357,4.71542,49.78971,2
88358,4.71542,49.78971,2
88359,4.71542,49.78971,2
88360,4.71542,49.78971,2
88361,4.71542,49.78971,2
88362,4.71542,49.78971,2
88363,4.71542,49.78971,2
88364,4.71542,49.78971,2
88365,4.71542,49.78971,2
88366,4.71542,49.78971,2
88367,4.71542,49.78971,2
88368,4.71542,49.78971,2
88369,4.71542,49.78971,2
88370,4.71542,49.78971,2
88371,4.71542,49.78971,2
88372,4.7112,49.78286,2
88373,4.726322,49.791422,2
88374,4.80605,50.1024,2
88375,4.80652,50.10236,2
88376,4.80681,50.10275,2
88377,4.80667,50.10301,2
88378,4.80552,50.10543,2
88379,4.80543,50.10474,2
88380,4.80733,50.1026,2
88381,4.80733,50.1026,2
88382,4.80733,50.1026,2
88383,4.80733,50.1026,2
88384,4.80777,50.10211,2
88385,4.80783,50.10187,2
88386,4.80809,50.101154,2
88387,4.80785,50.10229,2
88388,4.80175,50.10188,2
88389,4.80175,50.10188,2
88390,4.797914,50.101207,2
88391,4.798686,50.099853,2
88392,4.798686,50.099853,2
88393,4.80803,50.10038,2
88394,4.80236,50.09083,2
88395,4.80533,50.09367,2
88396,4.80236,50.09083,2
88397,4.80236,50.09083,2
88398,4.807994,50.10147,2
88399,4.81162,50.10099,2
88400,4.79453,50.12423,2
88401,4.81162,50.10099,2
88402,4.804878,50.093128,2
88403,4.80682,50.09442,2
88404,4.79453,50.12423,2
88405,4.80809,50.101154,2
88406,4.80785,50.10229,2
88407,4.80236,50.09083,2
88408,4.81162,50.10099,2
88409,4.81162,50.10099,2
88410,4.81162,50.10099,2
88411,4.72628,50.0191,2
88412,4.728487,50.018993,2
88413,4.72766,50.01888,2
88414,4.72628,50.0191,2
88415,4.72628,50.0191,2
88416,4.72766,50.01888,2
88417,4.72905,50.01891,2
88418,4.72476,50.01974,2
88419,4.72476,50.01974,2
88420,4.72476,50.01974,2
88421,4.72476,50.01974,2
88422,4.72766,50.01888,2
88423,4.725861,50.017679,2
88424,4.71891,50.012453,2
88425,4.72628,50.0191,2
88426,4.28306,49.74063,2
88427,4.282204,49.739394,2
88428,4.28207,49.73857,2
88429,4.282278,49.7395,2
88430,4.28375,49.73742,2
88431,4.26347,49.73488,2
88432,4.277698,49.730267,2
88433,4.277501,49.730181,2
88434,4.255155,49.736231,2
88435,4.287715,49.742862,2
88436,4.1469,49.69939,2
88437,4.1527,49.70654,2
88438,4.1527,49.70654,2
88439,4.15248,49.70644,2
88440,4.15105,49.70677,2
88441,4.15248,49.70644,2
88442,4.15105,49.70677,2
88443,4.20685,49.72134,2
88444,4.20685,49.72134,2
88445,4.20685,49.72134,2
88446,4.20819,49.71966,2
88447,4.20685,49.72134,2
88448,4.22,49.70797,2
88449,4.22,49.70797,2
88450,4.22004,49.70663,2
88451,4.22,49.70797,2
88452,4.22,49.70797,2
88453,4.23782,49.72397,2
88454,4.26849,49.72204,2
88455,4.24863,49.69021,2
88456,4.178087,49.719434,2
88457,4.167759,49.715027,2
88458,4.174167,49.719862,2
88459,4.174561,49.720404,2
88460,4.17631,49.72017,2
88461,4.94038,49.71326,2
88462,4.92965,49.71203,2
88463,4.92606,49.71399,2
88464,4.92553,49.71228,2
88465,4.92628,49.71757,2
88466,4.92628,49.71757,2
88467,4.94038,49.71326,2
88468,4.94038,49.71326,2
88469,4.9316,49.71306,2
88470,4.9316,49.71306,2
88471,4.92351,49.71491,2
88472,4.92377,49.71726,2
88473,4.93722,49.71211,2
88474,4.92965,49.71203,2
88475,4.36303,49.49951,2
88476,4.36399,49.50274,2
88477,4.35841,49.5008,2
88478,4.35841,49.5008,2
88479,4.35763,49.5038,2
88480,4.35793,49.50376,2
88481,4.35763,49.5038,2
88482,4.3556,49.50352,2
88483,4.36022,49.50143,2
88484,4.36224,49.50009,2
88485,4.36135,49.49743,2
88486,4.36506,49.49348,2
88487,4.363746,49.488238,2
88488,4.36498,49.49206,2
88489,4.35763,49.5038,2
88490,4.35763,49.5038,2
88491,4.36278,49.49959,2
88492,4.36278,49.49959,2
88493,4.35841,49.5008,2
88494,4.36278,49.49959,2
88495,4.36439,49.49785,2
88496,4.36278,49.49959,2
88497,4.36278,49.49959,2
88498,4.36278,49.49959,2
88499,4.36278,49.49959,2
88500,4.36654,49.49661,2
88501,4.36278,49.49959,2
88502,4.37489,49.48667,2
88503,4.36892,49.49364,2
88504,4.35841,49.5008,2
88505,4.35841,49.5008,2
88506,4.35841,49.5008,2
88507,4.368942,49.488833,2
88508,4.36654,49.49661,2
88509,4.3699,49.48968,2
88510,4.36449,49.4901,2
88511,4.36411,49.49132,2
88512,4.36504,49.49733,2
88513,4.70383,49.39543,2
88514,4.70383,49.39714,2
88515,4.70383,49.39543,2
88516,4.70383,49.39543,2
88517,4.70338,49.3943,2
88518,4.70326,49.3942,2
88519,4.70383,49.39543,2
88520,4.70385,49.39479,2
88521,4.70277,49.3982,2
88522,4.70276,49.39821,2
88523,4.7034,49.3976,2
88524,4.69963,49.39329,2
88525,4.69168,49.39343,2
88526,4.69306,49.39312,2
88527,4.69306,49.39312,2
88528,4.70326,49.3942,2
88529,4.70326,49.3942,2
