"ID","Longitude","Latitude","ServiceTime (min)"
143513,4.30521,49.59832,2
143514,4.30521,49.59832,2
143515,4.30521,49.59832,2
143516,4.27022,49.60975,2
143517,4.26909,49.61197,2
143518,4.27022,49.60975,2
143519,4.2692,49.61198,2
143520,4.27043,49.61045,2
143521,4.27022,49.60975,2
143522,4.27022,49.60975,2
143523,4.26909,49.61197,2
143524,4.27022,49.60975,2
143525,4.27022,49.60975,2
143526,4.27022,49.60975,2
143527,4.27022,49.60975,2
143528,4.27022,49.60975,2
143529,4.270735,49.609599,2
143530,4.27022,49.60975,2
143531,4.26844,49.61057,2
143532,4.27043,49.61045,2
143533,4.27043,49.61045,2
143534,4.27043,49.61045,2
143535,4.27043,49.61045,2
143536,4.27043,49.61045,2
143537,4.27043,49.61045,2
143538,4.271039,49.612145,2
143539,4.27022,49.60975,2
143540,4.27043,49.61045,2
143541,4.27022,49.60975,2
143542,4.27022,49.60975,2
143543,4.27043,49.61045,2
143544,4.27022,49.60975,2
143545,4.269515,49.610615,2
143546,4.270026,49.610239,2
143547,4.269435,49.610679,2
143548,4.27022,49.60975,2
143549,4.268637,49.611159,2
143550,4.269041,49.611593,2
143551,4.268675,49.611437,2
143552,4.268637,49.611159,2
143553,4.269041,49.611593,2
143554,4.26909,49.61197,2
143555,4.26902,49.61195,2
143556,4.26844,49.61057,2
143557,4.26844,49.61057,2
143558,4.26844,49.61057,2
143559,4.26844,49.61057,2
143560,4.26844,49.61057,2
143561,4.26844,49.61057,2
143562,4.26844,49.61057,2
143563,4.26844,49.61057,2
143564,4.27022,49.60975,2
143565,4.28527,49.60905,2
143566,4.28527,49.60905,2
143567,4.27022,49.60975,2
143568,4.27022,49.60975,2
143569,4.27022,49.60975,2
143570,4.27022,49.60975,2
143571,4.269168,49.607647,2
143572,4.27043,49.61045,2
143573,4.70688,49.77789,2
143574,4.71365,49.77599,2
143575,4.70675,49.77776,2
143576,4.71365,49.77599,2
143577,4.70651,49.77843,2
143578,4.71365,49.77599,2
143579,4.70715,49.77813,2
143580,4.71365,49.77599,2
143581,4.70701,49.77801,2
143582,4.71365,49.77599,2
143583,4.7072,49.77797,2
143584,4.71365,49.77599,2
143585,4.71365,49.77599,2
143586,4.70731,49.77807,2
143587,4.71347,49.77534,2
143588,4.70475,49.77744,2
143589,4.71386,49.77648,2
143590,4.70499,49.77766,2
143591,4.71404,49.7777,2
143592,4.70547,49.77754,2
143593,4.71356,49.77567,2
143594,4.7049,49.77737,2
143595,4.71356,49.77567,2
143596,4.70502,49.77748,2
143597,4.71327,49.77777,2
143598,4.70487,49.77755,2
143599,4.713,49.77778,2
143600,4.70511,49.77777,2
143601,4.71286,49.77779,2
143602,4.70549,49.77793,2
143603,4.71276,49.77782,2
143604,4.71263,49.77787,2
143605,4.70537,49.77782,2
143606,4.71235,49.77799,2
143607,4.70523,49.77788,2
143608,4.70534,49.778,2
143609,4.71222,49.77805,2
143610,4.71208,49.7781,2
143611,4.70573,49.77815,2
143612,4.71182,49.77823,2
143613,4.70596,49.77838,2
143614,4.70546,49.77811,2
143615,4.71173,49.77832,2
143616,4.70561,49.77804,2
143617,4.70558,49.77822,2
143618,4.71173,49.77832,2
143619,4.70582,49.77844,2
143620,4.71165,49.7784,2
143621,4.7052,49.77714,2
143622,4.71165,49.7784,2
143623,4.70528,49.77722,2
143624,4.71156,49.7785,2
143625,4.70536,49.77731,2
143626,4.71156,49.7785,2
143627,4.70543,49.77739,2
143628,4.71156,49.7785,2
143629,4.70551,49.77747,2
143630,4.71156,49.7785,2
143631,4.70559,49.77756,2
143632,4.71149,49.77858,2
143633,4.70567,49.77764,2
143634,4.71149,49.77858,2
143635,4.71336,49.77764,2
143636,4.70574,49.77772,2
143637,4.71149,49.77858,2
143638,4.71144,49.77864,2
143639,4.70582,49.77781,2
143640,4.71139,49.7787,2
143641,4.7059,49.77789,2
143642,4.71133,49.77877,2
143643,4.70526,49.77771,2
143644,4.71127,49.77882,2
143645,4.70547,49.77754,2
143646,4.7112,49.77887,2
143647,4.71286,49.77566,2
143648,4.71112,49.77892,2
143649,4.71286,49.77566,2
143650,4.71104,49.77897,2
143651,4.71286,49.77566,2
143652,4.71096,49.77902,2
143653,4.71286,49.77566,2
143654,4.71089,49.77907,2
143655,4.71286,49.77566,2
143656,4.71081,49.77912,2
143657,4.71286,49.77566,2
143658,4.71064,49.77924,2
143659,4.71286,49.77566,2
143660,4.71064,49.77924,2
143661,4.71286,49.77566,2
143662,4.71038,49.77942,2
143663,4.71286,49.77566,2
143664,4.70987,49.7798,2
143665,4.71286,49.77566,2
143666,4.71286,49.77566,2
143667,4.71226,49.77796,2
143668,4.71286,49.77566,2
143669,4.71226,49.77796,2
143670,4.70833,49.77686,2
143671,4.71286,49.77566,2
143672,4.710129,49.77954,2
143673,4.70833,49.77686,2
143674,4.71286,49.77566,2
143675,4.71226,49.77796,2
143676,4.71286,49.77566,2
143677,4.71226,49.77796,2
143678,4.71286,49.77566,2
143679,4.71226,49.77796,2
143680,4.71286,49.77566,2
143681,4.71038,49.77925,2
143682,4.71286,49.77566,2
143683,4.71089,49.77891,2
143684,4.71286,49.77566,2
143685,4.71105,49.7788,2
143686,4.71291,49.77584,2
143687,4.7112,49.77869,2
143688,4.71291,49.77584,2
143689,4.7112,49.77869,2
143690,4.7112,49.77869,2
143691,4.71291,49.77584,2
143692,4.7112,49.77869,2
143693,4.71291,49.77584,2
143694,4.71157,49.77826,2
143695,4.71291,49.77584,2
143696,4.71157,49.77826,2
143697,4.71291,49.77584,2
143698,4.71157,49.77826,2
143699,4.71291,49.77584,2
143700,4.71164,49.7782,2
143701,4.71291,49.77584,2
143702,4.7117,49.77814,2
143703,4.71291,49.77584,2
143704,4.71189,49.77805,2
143705,4.71291,49.77584,2
143706,4.71189,49.77805,2
143707,4.71291,49.77584,2
143708,4.71189,49.77805,2
143709,4.71291,49.77584,2
143710,4.71189,49.77805,2
143711,4.71291,49.77584,2
143712,4.71189,49.77805,2
143713,4.71291,49.77584,2
143714,4.71209,49.77796,2
143715,4.71298,49.77544,2
143716,4.71295,49.77603,2
143717,4.71209,49.77796,2
143718,4.71295,49.77603,2
143719,4.71226,49.77796,2
143720,4.71295,49.77603,2
143721,4.71295,49.77767,2
143722,4.71295,49.77603,2
143723,4.71295,49.77767,2
143724,4.71295,49.77603,2
143725,4.71295,49.77767,2
143726,4.71295,49.77603,2
143727,4.71295,49.77767,2
143728,4.71295,49.77603,2
143729,4.71295,49.77767,2
143730,4.71295,49.77603,2
143731,4.71295,49.77767,2
143732,4.71298,49.77544,2
143733,4.71298,49.77544,2
143734,4.71298,49.77544,2
143735,4.71295,49.77603,2
143736,4.71295,49.77767,2
143737,4.71295,49.77603,2
143738,4.71295,49.77767,2
143739,4.71295,49.77603,2
143740,4.71295,49.77767,2
143741,4.71295,49.77603,2
143742,4.7133,49.77765,2
143743,4.71336,49.77764,2
143744,4.71295,49.77603,2
143745,4.7133,49.77765,2
143746,4.71295,49.77603,2
143747,4.7133,49.77765,2
143748,4.7133,49.77765,2
143749,4.71295,49.77603,2
143750,4.71365,49.77778,2
143751,4.71295,49.77603,2
143752,4.71365,49.77778,2
143753,4.71295,49.77603,2
143754,4.71365,49.77778,2
143755,4.71295,49.77603,2
143756,4.71365,49.77778,2
143757,4.71295,49.77603,2
143758,4.71365,49.77778,2
143759,4.71295,49.77603,2
143760,4.71365,49.77778,2
143761,4.71295,49.77603,2
143762,4.71402,49.77781,2
143763,4.71295,49.77603,2
143764,4.71433,49.77772,2
143765,4.71295,49.77603,2
143766,4.71541,49.77779,2
143767,4.71295,49.77603,2
143768,4.71307,49.77577,2
143769,4.71295,49.77603,2
143770,4.71307,49.77577,2
143771,4.71295,49.77603,2
143772,4.71311,49.77593,2
143773,4.71295,49.77603,2
143774,4.71315,49.77609,2
143775,4.71295,49.77603,2
143776,4.7132,49.77626,2
143777,4.71295,49.77603,2
143778,4.7132,49.77626,2
143779,4.70966,49.77904,2
143780,4.71295,49.77603,2
143781,4.71324,49.77642,2
143782,4.70966,49.77904,2
143783,4.70966,49.77904,2
143784,4.71295,49.77603,2
143785,4.71328,49.77659,2
143786,4.71295,49.77603,2
143787,4.71328,49.77659,2
143788,4.71337,49.77693,2
143789,4.71337,49.77693,2
143790,4.71337,49.77693,2
143791,4.71337,49.77693,2
143792,4.71337,49.77693,2
143793,4.71337,49.77693,2
143794,4.71337,49.77693,2
143795,4.71337,49.77693,2
143796,4.71337,49.77693,2
143797,4.71337,49.77693,2
143798,4.71337,49.77693,2
143799,4.71337,49.77693,2
143800,4.71337,49.77693,2
143801,4.71337,49.77693,2
143802,4.71337,49.77693,2
143803,4.7135,49.77744,2
143804,4.7135,49.77744,2
143805,4.7135,49.77744,2
143806,4.7135,49.77744,2
143807,4.7135,49.77744,2
143808,4.70994,49.77845,2
143809,4.7135,49.77744,2
143810,4.71336,49.77764,2
143811,4.7135,49.77744,2
143812,4.7135,49.77744,2
143813,4.71332,49.77746,2
143814,4.71328,49.77729,2
143815,4.71323,49.77712,2
143816,4.71319,49.77695,2
143817,4.71315,49.77677,2
143818,4.7131,49.77659,2
143819,4.7131,49.77659,2
143820,4.7131,49.77659,2
143821,4.7131,49.77659,2
143822,4.71305,49.77641,2
143823,4.71305,49.77641,2
143824,4.71305,49.77641,2
143825,4.71305,49.77641,2
143826,4.71305,49.77641,2
143827,4.713,49.77622,2
143828,4.7117,49.77562,2
143829,4.7117,49.77562,2
143830,4.71281,49.77544,2
143831,4.71227,49.77556,2
143832,4.71207,49.7756,2
143833,4.71207,49.7756,2
143834,4.71186,49.77565,2
143835,4.71165,49.7757,2
143836,4.71165,49.7757,2
143837,4.71165,49.7757,2
143838,4.71165,49.7757,2
143839,4.71165,49.7757,2
143840,4.71165,49.7757,2
143841,4.71165,49.7757,2
143842,4.71123,49.77579,2
143843,4.71108,49.77582,2
143844,4.71108,49.77582,2
143845,4.71097,49.77585,2
143846,4.71097,49.77585,2
143847,4.71097,49.77585,2
143848,4.71097,49.77585,2
143849,4.71097,49.77585,2
143850,4.71097,49.77585,2
143851,4.71097,49.77585,2
143852,4.71097,49.77585,2
143853,4.71097,49.77585,2
143854,4.71097,49.77585,2
143855,4.71097,49.77585,2
143856,4.71013,49.77961,2
143857,4.71097,49.77585,2
143858,4.71108,49.77582,2
143859,4.71108,49.77582,2
143860,4.71108,49.77582,2
143861,4.71108,49.77582,2
143862,4.71108,49.77582,2
143863,4.71108,49.77582,2
143864,4.71087,49.77588,2
143865,4.71087,49.77588,2
143866,4.71087,49.77588,2
143867,4.71087,49.77588,2
143868,4.71077,49.77591,2
143869,4.71077,49.77606,2
143870,4.7122,49.77545,2
143871,4.7122,49.77545,2
143872,4.7122,49.77545,2
143873,4.7122,49.77545,2
143874,4.7122,49.77545,2
143875,4.71087,49.77588,2
143876,4.71194,49.77551,2
143877,4.71087,49.77588,2
143878,4.71087,49.77588,2
143879,4.71169,49.77556,2
143880,4.71087,49.77588,2
143881,4.71087,49.77588,2
143882,4.71087,49.77588,2
143883,4.71144,49.77562,2
143884,4.71087,49.77588,2
143885,4.71119,49.77567,2
143886,4.711,49.77572,2
143887,4.711,49.77572,2
143888,4.711,49.77572,2
143889,4.711,49.77572,2
143890,4.711,49.77572,2
143891,4.71087,49.77576,2
143892,4.71074,49.77579,2
143893,4.70894,49.77723,2
143894,4.70894,49.77723,2
143895,4.70894,49.77723,2
143896,4.70894,49.77723,2
143897,4.70894,49.77723,2
143898,4.70894,49.77723,2
143899,4.70894,49.77723,2
143900,4.70894,49.77723,2
143901,4.70908,49.77737,2
143902,4.70908,49.77737,2
143903,4.70908,49.77737,2
143904,4.70908,49.77737,2
143905,4.70908,49.77737,2
143906,4.70908,49.77737,2
143907,4.71624,49.77657,2
143908,4.71559,49.77595,2
143909,4.70908,49.77737,2
143910,4.7148,49.77578,2
143911,4.70908,49.77737,2
143912,4.715,49.77577,2
143913,4.70922,49.77751,2
143914,4.71471,49.77498,2
143915,4.70922,49.77751,2
143916,4.71471,49.77498,2
143917,4.71471,49.77498,2
143918,4.70922,49.77751,2
143919,4.71471,49.77498,2
143920,4.71471,49.77498,2
143921,4.70922,49.77751,2
143922,4.71471,49.77498,2
143923,4.71471,49.77498,2
143924,4.70922,49.77751,2
143925,4.7143,49.77495,2
143926,4.70922,49.77751,2
143927,4.71422,49.77497,2
143928,4.70922,49.77751,2
143929,4.71422,49.77497,2
143930,4.70922,49.77751,2
143931,4.71422,49.77497,2
143932,4.70922,49.77751,2
143933,4.71422,49.77497,2
143934,4.70922,49.77751,2
143935,4.71407,49.775,2
143936,4.70922,49.77751,2
143937,4.71384,49.77505,2
143938,4.7112,49.77869,2
143939,4.70922,49.77751,2
143940,4.71361,49.77509,2
143941,4.70936,49.77764,2
143942,4.7117,49.77562,2
143943,4.70936,49.77764,2
143944,4.7117,49.77562,2
143945,4.70936,49.77764,2
143946,4.7128,49.77532,2
143947,4.70936,49.77764,2
143948,4.7117,49.77562,2
143949,4.7128,49.77532,2
143950,4.70936,49.77764,2
143951,4.7128,49.77532,2
143952,4.70936,49.77764,2
143953,4.71262,49.77536,2
143954,4.71271,49.77534,2
143955,4.70936,49.77764,2
143956,4.71262,49.77536,2
143957,4.70936,49.77764,2
143958,4.71262,49.77536,2
143959,4.71324,49.77519,2
143960,4.71254,49.77538,2
143961,4.7095,49.77778,2
143962,4.71254,49.77538,2
143963,4.7095,49.77778,2
143964,4.71237,49.77541,2
143965,4.7095,49.77778,2
143966,4.71237,49.77541,2
143967,4.7095,49.77778,2
143968,4.71492,49.77493,2
143969,4.7095,49.77778,2
143970,4.71471,49.77498,2
143971,4.71471,49.77498,2
143972,4.7095,49.77778,2
143973,4.71471,49.77498,2
143974,4.71471,49.77498,2
143975,4.7095,49.77778,2
143976,4.71471,49.77498,2
143977,4.71471,49.77498,2
143978,4.7095,49.77778,2
143979,4.71471,49.77498,2
143980,4.70833,49.77686,2
143981,4.71461,49.775,2
143982,4.71461,49.775,2
143983,4.70833,49.77686,2
143984,4.70841,49.77693,2
143985,4.7145,49.77503,2
143986,4.70848,49.777,2
143987,4.7145,49.77503,2
143988,4.7145,49.77503,2
143989,4.70856,49.77708,2
143990,4.7144,49.77505,2
143991,4.70863,49.77715,2
143992,4.71429,49.77507,2
143993,4.70878,49.77729,2
143994,4.71429,49.77507,2
143995,4.70886,49.77737,2
143996,4.71389,49.77516,2
143997,4.70901,49.77751,2
143998,4.71389,49.77516,2
143999,4.70901,49.77751,2
144000,4.71389,49.77516,2
144001,4.70908,49.77759,2
144002,4.71389,49.77516,2
144003,4.70916,49.77766,2
144004,4.714438,49.775548,2
144005,4.714438,49.775548,2
144006,4.70931,49.7778,2
144007,4.714438,49.775548,2
144008,4.70938,49.77788,2
144009,4.714438,49.775548,2
144010,4.70946,49.77796,2
144011,4.71443,49.77537,2
144012,4.70955,49.77805,2
144013,4.70955,49.77805,2
144014,4.71447,49.77547,2
144015,4.70955,49.77805,2
144016,4.71447,49.77547,2
144017,4.70963,49.77814,2
144018,4.714437,49.775539,2
144019,4.70973,49.77824,2
144020,4.71495,49.77589,2
144021,4.71016,49.77867,2
144022,4.71454,49.77568,2
144023,4.713,49.77539,2
144024,4.714629,49.776083,2
144025,4.7063,49.77715,2
144026,4.71026,49.77877,2
144027,4.71302,49.7756,2
144028,4.71471,49.77609,2
144029,4.71037,49.77888,2
144030,4.71475,49.7762,2
144031,4.7146,49.77612,2
144032,4.71047,49.77898,2
144033,4.71341,49.77777,2
144034,4.71298,49.77544,2
144035,4.71341,49.77777,2
144036,4.71058,49.77909,2
144037,4.71486,49.77647,2
144038,4.71341,49.77777,2
144039,4.7146,49.77612,2
144040,4.71341,49.77777,2
144041,4.71076,49.77905,2
144042,4.714945,49.776913,2
144043,4.71341,49.77777,2
144044,4.7146,49.77612,2
144045,4.71341,49.77777,2
144046,4.71071,49.77901,2
144047,4.71341,49.77777,2
144048,4.714368,49.775828,2
144049,4.71341,49.77777,2
144050,4.71066,49.77896,2
144051,4.7146,49.77612,2
144052,4.71341,49.77777,2
144053,4.714368,49.775828,2
144054,4.71341,49.77777,2
144055,4.71062,49.77891,2
144056,4.7146,49.77612,2
144057,4.71341,49.77777,2
144058,4.714368,49.775828,2
144059,4.71341,49.77777,2
144060,4.71052,49.77882,2
144061,4.7146,49.77612,2
144062,4.71341,49.77777,2
144063,4.7146,49.77612,2
144064,4.71341,49.77777,2
144065,4.71057,49.77886,2
144066,4.714368,49.775828,2
144067,4.71341,49.77777,2
144068,4.714368,49.775828,2
144069,4.71341,49.77777,2
144070,4.71047,49.77877,2
144071,4.714368,49.775828,2
144072,4.71341,49.77777,2
144073,4.70966,49.77904,2
144074,4.7146,49.77612,2
144075,4.71341,49.77777,2
144076,4.70966,49.77904,2
144077,4.71043,49.77872,2
144078,4.71448,49.77599,2
144079,4.71341,49.77777,2
144080,4.70966,49.77904,2
144081,4.714402,49.775962,2
144082,4.71341,49.77777,2
144083,4.70985,49.77815,2
144084,4.71291,49.77584,2
144085,4.71341,49.77777,2
144086,4.71448,49.77599,2
144087,4.71341,49.77777,2
144088,4.7098,49.77809,2
144089,4.71448,49.77599,2
144090,4.71341,49.77777,2
144091,4.714402,49.775962,2
144092,4.71341,49.77777,2
144093,4.70973,49.77802,2
144094,4.714402,49.775962,2
144095,4.71341,49.77777,2
144096,4.71448,49.77599,2
144097,4.71341,49.77777,2
144098,4.70967,49.77795,2
144099,4.71448,49.77599,2
144100,4.71341,49.77777,2
144101,4.71219,49.77792,2
144102,4.714402,49.775962,2
144103,4.71341,49.77777,2
144104,4.7096,49.77788,2
144105,4.714402,49.775962,2
144106,4.71341,49.77777,2
144107,4.714528,49.776301,2
144108,4.71341,49.77777,2
144109,4.70756,49.77692,2
144110,4.71459,49.77625,2
144111,4.71341,49.77777,2
144112,4.71459,49.77625,2
144113,4.71341,49.77777,2
144114,4.70756,49.77692,2
144115,4.71459,49.77625,2
144116,4.714528,49.776301,2
144117,4.70763,49.777,2
144118,4.714528,49.776301,2
144119,4.71459,49.77625,2
144120,4.70771,49.77707,2
144121,4.714528,49.776301,2
144122,4.71459,49.77625,2
144123,4.70779,49.77715,2
144124,4.71459,49.77625,2
144125,4.71459,49.77625,2
144126,4.70787,49.77723,2
144127,4.71459,49.77625,2
144128,4.71459,49.77625,2
144129,4.70794,49.77731,2
144130,4.71459,49.77625,2
144131,4.71459,49.77625,2
144132,4.70802,49.77739,2
144133,4.714636,49.776532,2
144134,4.714623,49.776542,2
144135,4.7081,49.77746,2
144136,4.71473,49.77661,2
144137,4.71473,49.77661,2
144138,4.70818,49.77754,2
144139,4.71473,49.77661,2
144140,4.71473,49.77661,2
144141,4.70826,49.77762,2
144142,4.71473,49.77661,2
144143,4.714623,49.776542,2
144144,4.70833,49.7777,2
144145,4.71473,49.77661,2
144146,4.714623,49.776542,2
144147,4.70841,49.77778,2
144148,4.71473,49.77661,2
144149,4.71473,49.77661,2
144150,4.70849,49.77786,2
144151,4.71473,49.77661,2
144152,4.714623,49.776542,2
144153,4.70865,49.77801,2
144154,4.71473,49.77661,2
144155,4.714685,49.776675,2
144156,4.70872,49.77809,2
144157,4.714685,49.776675,2
144158,4.714685,49.776675,2
144159,4.714685,49.776675,2
144160,4.7088,49.77817,2
144161,4.714685,49.776675,2
144162,4.714685,49.776675,2
144163,4.7088,49.77817,2
144164,4.7149,49.77706,2
144165,4.70888,49.77825,2
144166,4.714685,49.776675,2
144167,4.7149,49.77706,2
144168,4.70896,49.77832,2
144169,4.714685,49.776675,2
144170,4.7149,49.77706,2
144171,4.71422,49.77497,2
144172,4.70903,49.7784,2
144173,4.714685,49.776675,2
144174,4.70914,49.77851,2
144175,4.714685,49.776675,2
144176,4.7149,49.77706,2
144177,4.70927,49.77864,2
144178,4.7149,49.77706,2
144179,4.71363,49.77523,2
144180,4.71422,49.77497,2
144181,4.7094,49.77877,2
144182,4.71422,49.77497,2
144183,4.70953,49.77891,2
144184,4.71363,49.77523,2
144185,4.71324,49.77519,2
144186,4.70979,49.77917,2
144187,4.71363,49.77523,2
144188,4.7128,49.77532,2
144189,4.7128,49.77532,2
144190,4.70979,49.77917,2
144191,4.71363,49.77523,2
144192,4.70992,49.7793,2
144193,4.71363,49.77523,2
144194,4.71237,49.77541,2
144195,4.70992,49.7793,2
144196,4.71363,49.77523,2
144197,4.7145,49.77503,2
144198,4.70992,49.7793,2
144199,4.71429,49.77507,2
144200,4.71363,49.77523,2
144201,4.70992,49.7793,2
144202,4.71429,49.77507,2
144203,4.71363,49.77523,2
144204,4.70992,49.7793,2
144205,4.71429,49.77507,2
144206,4.71363,49.77523,2
144207,4.71389,49.77516,2
144208,4.70992,49.7793,2
144209,4.71366,49.77538,2
144210,4.7146,49.77612,2
144211,4.71005,49.77944,2
144212,4.7146,49.77612,2
144213,4.71366,49.77538,2
144214,4.71005,49.77944,2
144215,4.7146,49.77612,2
144216,4.71366,49.77538,2
144217,4.7146,49.77612,2
144218,4.71005,49.77944,2
144219,4.7146,49.77612,2
144220,4.71366,49.77538,2
144221,4.71005,49.77944,2
144222,4.71366,49.77538,2
144223,4.71005,49.77944,2
144224,4.7146,49.77612,2
144225,4.71366,49.77538,2
144226,4.7146,49.77612,2
144227,4.71005,49.77944,2
144228,4.7146,49.77612,2
144229,4.71366,49.77538,2
144230,4.7146,49.77612,2
144231,4.70986,49.77963,2
144232,4.71366,49.77538,2
144233,4.714402,49.775962,2
144234,4.70986,49.77963,2
144235,4.714528,49.776301,2
144236,4.71366,49.77538,2
144237,4.714528,49.776301,2
144238,4.70986,49.77963,2
144239,4.7137,49.77552,2
144240,4.714685,49.776675,2
144241,4.70986,49.77963,2
144242,4.71389,49.77624,2
144243,4.7137,49.77552,2
144244,4.71393,49.77639,2
144245,4.70986,49.77963,2
144246,4.71156,49.7785,2
144247,4.7137,49.77552,2
144248,4.71149,49.77858,2
144249,4.70986,49.77963,2
144250,4.7112,49.77869,2
144251,4.7137,49.77552,2
144252,4.71199,49.778,2
144253,4.71046,49.77964,2
144254,4.71295,49.77767,2
144255,4.7137,49.77552,2
144256,4.71022,49.7794,2
144257,4.7137,49.77552,2
144258,4.7135,49.77744,2
144259,4.71013,49.77931,2
144260,4.71305,49.77641,2
144261,4.7137,49.77552,2
144262,4.713,49.77622,2
144263,4.71005,49.77922,2
144264,4.7117,49.77562,2
144265,4.70996,49.77913,2
144266,4.7137,49.77552,2
144267,4.70987,49.77904,2
144268,4.713,49.77539,2
144269,4.7137,49.77552,2
144270,4.70979,49.77895,2
144271,4.71382,49.77595,2
144272,4.7097,49.77887,2
144273,4.71165,49.7757,2
144274,4.71389,49.77624,2
144275,4.71165,49.7757,2
144276,4.70961,49.77878,2
144277,4.71123,49.77579,2
144278,4.71389,49.77624,2
144279,4.71097,49.77585,2
144280,4.70953,49.77869,2
144281,4.71108,49.77582,2
144282,4.71389,49.77624,2
144283,4.71066,49.77594,2
144284,4.70936,49.77851,2
144285,4.71389,49.77624,2
144286,4.71119,49.77567,2
144287,4.70927,49.77842,2
144288,4.711,49.77572,2
144289,4.71389,49.77624,2
144290,4.70984,49.77835,2
144291,4.70918,49.77833,2
144292,4.71389,49.77624,2
144293,4.70893,49.77671,2
144294,4.70908,49.77823,2
144295,4.71393,49.77639,2
144296,4.70898,49.77813,2
144297,4.70869,49.77784,2
144298,4.71373,49.77632,2
144299,4.70888,49.77804,2
144300,4.71373,49.77632,2
144301,4.71286,49.77566,2
144302,4.70879,49.77794,2
144303,4.71401,49.77668,2
144304,4.71405,49.77682,2
144305,4.70859,49.77774,2
144306,4.71405,49.77682,2
144307,4.70859,49.77774,2
144308,4.71363,49.77523,2
144309,4.71409,49.77696,2
144310,4.71366,49.77538,2
144311,4.7085,49.77765,2
144312,4.7137,49.77552,2
144313,4.71413,49.77711,2
144314,4.71365,49.77599,2
144315,4.7084,49.77755,2
144316,4.71226,49.77796,2
144317,4.71416,49.77725,2
144318,4.71157,49.77826,2
144319,4.7083,49.77745,2
144320,4.71416,49.77725,2
144321,4.7082,49.77735,2
144322,4.71416,49.77725,2
144323,4.70801,49.77716,2
144324,4.70811,49.77725,2
144325,4.7142,49.7774,2
144326,4.71422,49.77497,2
144327,4.71337,49.77693,2
144328,4.70922,49.77751,2
144329,4.70791,49.77706,2
144330,4.71424,49.77754,2
144331,4.70992,49.7793,2
144332,4.70986,49.77963,2
144333,4.70781,49.77696,2
144334,4.71428,49.77769,2
144335,4.71019,49.77958,2
144336,4.71399,49.77729,2
144337,4.70772,49.77686,2
144338,4.71391,49.77697,2
144339,4.70594,49.77702,2
144340,4.71373,49.77632,2
144341,4.71382,49.77664,2
144342,4.70608,49.77715,2
144343,4.71373,49.77632,2
144344,4.70619,49.77705,2
144345,4.71365,49.77599,2
144346,4.71365,49.77599,2
144347,4.70641,49.77726,2
144348,4.71365,49.77599,2
144349,4.70648,49.77752,2
144350,4.70661,49.77764,2
144351,4.71365,49.77599,2
144352,4.68857,49.76349,2
144353,4.68857,49.76349,2
144354,4.69,49.76542,2
144355,4.68857,49.76349,2
144356,4.6893,49.76362,2
144357,4.68875,49.76372,2
144358,4.68857,49.76349,2
144359,4.68866,49.76361,2
144360,4.68949,49.76307,2
144361,4.68857,49.76349,2
144362,4.68949,49.76307,2
144363,4.68949,49.76307,2
144364,4.68857,49.76349,2
144365,4.68949,49.76307,2
144366,4.68857,49.76349,2
144367,4.68949,49.76307,2
144368,4.68949,49.76307,2
144369,4.68949,49.76307,2
144370,4.68949,49.76307,2
144371,4.68949,49.76307,2
144372,4.68949,49.76307,2
144373,4.68949,49.76307,2
144374,4.68949,49.76307,2
144375,4.68949,49.76307,2
144376,4.68949,49.76307,2
144377,4.68949,49.76307,2
144378,4.68949,49.76307,2
144379,4.68949,49.76307,2
144380,4.68949,49.76307,2
144381,4.68949,49.76307,2
144382,4.68949,49.76307,2
144383,4.68949,49.76307,2
144384,4.68949,49.76307,2
144385,4.68949,49.76307,2
144386,4.68949,49.76307,2
144387,4.68949,49.76307,2
144388,4.68949,49.76307,2
144389,4.68949,49.76307,2
144390,4.68949,49.76307,2
144391,4.68949,49.76307,2
144392,4.68949,49.76307,2
144393,4.68949,49.76307,2
144394,4.68949,49.76307,2
144395,4.68949,49.76307,2
144396,4.68949,49.76307,2
144397,4.69001,49.76448,2
144398,4.69027,49.76489,2
144399,4.69027,49.76489,2
144400,4.69027,49.76489,2
144401,4.69027,49.76489,2
144402,4.69027,49.76489,2
144403,4.69027,49.76489,2
144404,4.69027,49.76489,2
144405,4.69027,49.76489,2
144406,4.69027,49.76489,2
144407,4.69027,49.76489,2
144408,4.69027,49.76489,2
144409,4.69014,49.76469,2
144410,4.69014,49.76469,2
144411,4.69014,49.76469,2
144412,4.69014,49.76469,2
144413,4.69014,49.76469,2
144414,4.69014,49.76469,2
144415,4.69014,49.76469,2
144416,4.69014,49.76469,2
144417,4.69014,49.76469,2
144418,4.69014,49.76469,2
144419,4.69014,49.76469,2
144420,4.69014,49.76469,2
144421,4.69014,49.76469,2
144422,4.69001,49.76448,2
144423,4.69001,49.76448,2
144424,4.69001,49.76448,2
144425,4.69001,49.76448,2
144426,4.69001,49.76448,2
144427,4.69001,49.76448,2
144428,4.69001,49.76448,2
144429,4.69001,49.76448,2
144430,4.69001,49.76448,2
144431,4.69001,49.76448,2
144432,4.69001,49.76448,2
144433,4.69001,49.76448,2
144434,4.68988,49.76427,2
144435,4.68988,49.76427,2
144436,4.68988,49.76427,2
144437,4.68988,49.76427,2
144438,4.68988,49.76427,2
144439,4.68988,49.76427,2
144440,4.68988,49.76427,2
144441,4.68988,49.76427,2
144442,4.68988,49.76427,2
144443,4.68988,49.76427,2
144444,4.68988,49.76427,2
144445,4.68988,49.76427,2
144446,4.68975,49.76406,2
144447,4.68975,49.76406,2
144448,4.68975,49.76406,2
144449,4.68975,49.76406,2
144450,4.68975,49.76406,2
144451,4.68975,49.76406,2
144452,4.68975,49.76406,2
144453,4.68975,49.76406,2
144454,4.68975,49.76406,2
144455,4.68975,49.76406,2
144456,4.68975,49.76406,2
144457,4.68975,49.76406,2
144458,4.68975,49.76406,2
144459,4.68962,49.76386,2
144460,4.68962,49.76386,2
144461,4.68962,49.76386,2
144462,4.68962,49.76386,2
144463,4.68962,49.76386,2
144464,4.68962,49.76386,2
144465,4.68962,49.76386,2
144466,4.68962,49.76386,2
144467,4.68962,49.76386,2
144468,4.68962,49.76386,2
144469,4.68962,49.76386,2
144470,4.68962,49.76386,2
144471,4.68966,49.76368,2
144472,4.68966,49.76368,2
144473,4.68966,49.76368,2
144474,4.68966,49.76368,2
144475,4.68966,49.76368,2
144476,4.68966,49.76368,2
144477,4.68966,49.76368,2
144478,4.68966,49.76368,2
144479,4.69009,49.76503,2
144480,4.69009,49.76503,2
144481,4.69009,49.76503,2
144482,4.69009,49.76503,2
144483,4.69009,49.76503,2
144484,4.69009,49.76503,2
144485,4.69009,49.76503,2
144486,4.69009,49.76503,2
144487,4.69009,49.76503,2
144488,4.69009,49.76503,2
144489,4.69009,49.76503,2
144490,4.69009,49.76503,2
144491,4.69009,49.76503,2
144492,4.69009,49.76503,2
144493,4.69009,49.76503,2
144494,4.69009,49.76503,2
144495,4.69028,49.76496,2
144496,4.69028,49.76496,2
144497,4.69028,49.76496,2
144498,4.69028,49.76496,2
144499,4.69028,49.76496,2
144500,4.69028,49.76496,2
144501,4.69028,49.76496,2
144502,4.69028,49.76496,2
144503,4.69028,49.76496,2
144504,4.69028,49.76496,2
144505,4.69028,49.76496,2
144506,4.69028,49.76496,2
144507,4.69028,49.76496,2
144508,4.69028,49.76496,2
144509,4.69028,49.76496,2
144510,4.69028,49.76496,2
144511,4.69028,49.76496,2
144512,4.69028,49.76496,2
144513,4.69077,49.76494,2
144514,4.69077,49.76494,2
144515,4.69077,49.76494,2
144516,4.69077,49.76494,2
144517,4.69077,49.76494,2
144518,4.69077,49.76494,2
144519,4.69077,49.76494,2
144520,4.69077,49.76494,2
144521,4.69077,49.76494,2
144522,4.69077,49.76494,2
144523,4.69078,49.76514,2
144524,4.69078,49.76514,2
144525,4.69078,49.76514,2
144526,4.69078,49.76514,2
144527,4.69078,49.76514,2
144528,4.69078,49.76514,2
144529,4.69078,49.76514,2
144530,4.69078,49.76514,2
144531,4.69078,49.76514,2
144532,4.69078,49.76514,2
144533,4.69059,49.76526,2
144534,4.69059,49.76526,2
144535,4.69059,49.76526,2
144536,4.69059,49.76526,2
144537,4.69059,49.76526,2
144538,4.69059,49.76526,2
144539,4.69059,49.76526,2
144540,4.69059,49.76526,2
144541,4.69059,49.76526,2
144542,4.6903,49.76534,2
144543,4.6903,49.76534,2
144544,4.6903,49.76534,2
144545,4.6903,49.76534,2
144546,4.6903,49.76534,2
144547,4.6903,49.76534,2
144548,4.6903,49.76534,2
144549,4.6903,49.76534,2
144550,4.6903,49.76534,2
144551,4.6903,49.76534,2
144552,4.69,49.76542,2
144553,4.69,49.76542,2
144554,4.69,49.76542,2
144555,4.69,49.76542,2
144556,4.69,49.76542,2
144557,4.69,49.76542,2
144558,4.69,49.76542,2
144559,4.69,49.76542,2
144560,4.69,49.76542,2
144561,4.68971,49.7655,2
144562,4.68971,49.7655,2
144563,4.68971,49.7655,2
144564,4.68971,49.7655,2
144565,4.68971,49.7655,2
144566,4.68971,49.7655,2
144567,4.68971,49.7655,2
144568,4.68971,49.7655,2
144569,4.68971,49.7655,2
144570,4.68971,49.7655,2
144571,4.68967,49.76352,2
144572,4.68967,49.76352,2
144573,4.68967,49.76352,2
144574,4.68967,49.76352,2
144575,4.68967,49.76352,2
144576,4.68967,49.76352,2
144577,4.68967,49.76352,2
144578,4.68967,49.76352,2
144579,4.68967,49.76352,2
144580,4.68949,49.76357,2
144581,4.68949,49.76357,2
144582,4.68949,49.76357,2
144583,4.68949,49.76357,2
144584,4.68949,49.76357,2
144585,4.68949,49.76357,2
144586,4.68949,49.76357,2
144587,4.68949,49.76357,2
144588,4.68949,49.76357,2
144589,4.6893,49.76362,2
144590,4.6893,49.76362,2
144591,4.6893,49.76362,2
144592,4.6893,49.76362,2
144593,4.6893,49.76362,2
144594,4.6893,49.76362,2
144595,4.6893,49.76362,2
144596,4.6893,49.76362,2
144597,4.6893,49.76362,2
144598,4.68912,49.76367,2
144599,4.68912,49.76367,2
144600,4.68912,49.76367,2
144601,4.68912,49.76367,2
144602,4.68912,49.76367,2
144603,4.68912,49.76367,2
144604,4.68912,49.76367,2
144605,4.68912,49.76367,2
144606,4.68912,49.76367,2
144607,4.68893,49.76372,2
144608,4.68893,49.76372,2
144609,4.68893,49.76372,2
144610,4.68893,49.76372,2
144611,4.68893,49.76372,2
144612,4.68893,49.76372,2
144613,4.68893,49.76372,2
144614,4.68893,49.76372,2
144615,4.68875,49.76372,2
144616,4.68875,49.76372,2
144617,4.68875,49.76372,2
144618,4.68875,49.76372,2
144619,4.68875,49.76372,2
144620,4.68875,49.76372,2
144621,4.68875,49.76372,2
144622,4.68875,49.76372,2
144623,4.68966,49.76368,2
144624,4.68875,49.76372,2
144625,4.69009,49.76503,2
144626,4.68866,49.76361,2
144627,4.69028,49.76496,2
144628,4.69028,49.76496,2
144629,4.68866,49.76361,2
144630,4.68866,49.76361,2
144631,4.68866,49.76361,2
144632,4.69001,49.76448,2
144633,4.68866,49.76361,2
144634,4.68866,49.76361,2
144635,4.68962,49.76386,2
144636,4.68866,49.76361,2
144637,4.68866,49.76361,2
144638,4.68866,49.76361,2
144639,4.69009,49.76503,2
144640,4.68857,49.76349,2
144641,4.69028,49.76496,2
144642,4.69028,49.76496,2
144643,4.68857,49.76349,2
144644,4.69078,49.76514,2
144645,4.22272,49.63503,2
144646,4.22346,49.63584,2
144647,4.22346,49.63584,2
144648,4.22346,49.63584,2
144649,4.22346,49.63584,2
144650,4.22346,49.63584,2
144651,4.22346,49.63584,2
144652,4.22346,49.63584,2
144653,4.22346,49.63584,2
144654,4.22272,49.63503,2
144655,4.22272,49.63503,2
144656,4.22272,49.63503,2
144657,4.22346,49.63584,2
144658,4.22194,49.63494,2
144659,4.22194,49.63494,2
144660,4.22346,49.63584,2
144661,4.22346,49.63584,2
144662,4.22346,49.63584,2
144663,4.22346,49.63584,2
144664,4.22346,49.63584,2
144665,4.21981,49.63405,2
144666,4.22272,49.63503,2
144667,4.287226,49.64791,2
144668,4.286281,49.648895,2
144669,4.288557,49.648347,2
144670,4.286928,49.649523,2
144671,4.291228,49.648384,2
144672,4.286928,49.649523,2
144673,4.286928,49.649523,2
144674,4.28612,49.649401,2
144675,4.286928,49.649523,2
144676,4.286928,49.649523,2
144677,4.286689,49.64835,2
144678,4.287212,49.647919,2
144679,4.287442,49.64779,2
144680,4.288554,49.646469,2
144681,4.287496,49.647753,2
144682,4.28751,49.647753,2
144683,4.288554,49.646469,2
144684,4.288554,49.646469,2
144685,4.288554,49.646469,2
144686,4.289213,49.645982,2
144687,4.288557,49.648347,2
144688,4.289213,49.645982,2
144689,4.287717,49.648091,2
144690,4.289201,49.648543,2
144691,4.28963,49.648554,2
144692,4.289201,49.648543,2
144693,4.290802,49.648813,2
144694,4.29104,49.64925,2
144695,4.290634,49.649849,2
144696,4.290634,49.649849,2
144697,4.291253,49.649031,2
144698,4.291253,49.649031,2
144699,4.292306,49.649418,2
144700,4.293105,49.649693,2
144701,4.289201,49.648543,2
144702,4.290817,49.64884,2
144703,4.289825,49.648596,2
144704,4.290802,49.648813,2
144705,4.291308,49.648293,2
144706,4.28968,49.6487,2
144707,4.291698,49.648008,2
144708,4.291671,49.648018,2
144709,4.293703,49.647985,2
144710,4.293703,49.647985,2
144711,4.293009,49.647915,2
144712,4.293703,49.647985,2
144713,4.294876,49.647535,2
144714,4.295216,49.647386,2
144715,4.287747,49.647443,2
144716,4.28968,49.64867,2
144717,4.28968,49.64867,2
144718,4.4306,49.93794,2
144719,4.40547,49.94726,2
144720,4.42943,49.93766,2
144721,4.43055,49.9378,2
144722,4.4306,49.93794,2
144723,4.43113,49.93858,2
144724,4.38908,49.94014,2
144725,4.42469,49.93783,2
144726,4.42773,49.9381,2
144727,4.43644,49.92001,2
144728,4.43644,49.92001,2
144729,4.44184,49.92418,2
144730,4.42969,49.933898,2
144731,4.4306,49.93794,2
144732,4.430957,49.938295,2
144733,4.42363,49.93783,2
144734,4.38908,49.94014,2
144735,4.38908,49.94014,2
144736,4.38985,49.93081,2
144737,4.40547,49.94726,2
144738,4.40547,49.94726,2
144739,4.43206,49.93233,2
144740,4.43903,49.93109,2
144741,4.43149,49.93246,2
144742,4.43903,49.93109,2
144743,4.43903,49.93109,2
144744,4.43872,49.93455,2
144745,4.43903,49.93109,2
144746,4.43644,49.92001,2
144747,4.43644,49.92001,2
144748,4.43644,49.92001,2
144749,4.43644,49.92001,2
144750,4.43644,49.92001,2
144751,4.43644,49.92001,2
144752,4.43644,49.92001,2
144753,4.44184,49.92418,2
144754,4.44184,49.92418,2
144755,4.43587,49.93783,2
144756,4.43851,49.93468,2
144757,4.43851,49.93468,2
144758,4.38948,49.93157,2
144759,4.4306,49.93794,2
144760,4.430311,49.933438,2
144761,4.42931,49.93418,2
144762,4.430311,49.933438,2
144763,4.42969,49.933898,2
144764,4.4306,49.93794,2
144765,4.4306,49.93794,2
144766,4.43903,49.93109,2
144767,4.42969,49.933898,2
144768,4.43903,49.93109,2
144769,4.4306,49.93794,2
144770,4.4306,49.93794,2
144771,4.4306,49.93794,2
144772,4.4312,49.93855,2
144773,4.4306,49.93794,2
144774,4.4306,49.93794,2
144775,4.4306,49.93794,2
144776,4.4306,49.93794,2
144777,4.429212,49.934112,2
144778,4.43903,49.93109,2
144779,4.428198,49.935504,2
144780,4.428198,49.935504,2
144781,4.426572,49.934221,2
144782,4.422135,49.930201,2
144783,4.421073,49.92872,2
144784,4.420252,49.927701,2
144785,4.420252,49.927701,2
144786,4.418815,49.926585,2
144787,4.418398,49.926269,2
144788,4.417266,49.923423,2
144789,4.417266,49.923423,2
144790,4.429597,49.936701,2
144791,4.429597,49.936701,2
144792,4.429807,49.937084,2
144793,4.4312,49.93855,2
144794,4.43044,49.9377,2
144795,4.430636,49.93795,2
144796,4.4312,49.93855,2
144797,4.41855,49.94306,2
144798,4.430636,49.93795,2
144799,4.430636,49.93795,2
144800,4.43097,49.93822,2
144801,4.431219,49.938577,2
144802,4.430957,49.938295,2
144803,4.43134,49.93858,2
144804,4.43384,49.94003,2
144805,4.43295,49.93968,2
144806,4.4296,49.93749,2
144807,4.43254,49.93958,2
144808,4.43254,49.93958,2
144809,4.43033,49.93869,2
144810,4.429003,49.938499,2
144811,4.43254,49.93958,2
144812,4.430613,49.938741,2
144813,4.4306,49.93794,2
144814,4.4306,49.93794,2
144815,4.43113,49.93858,2
144816,4.4306,49.93794,2
144817,4.42479,49.93771,2
144818,4.4306,49.93794,2
144819,4.4306,49.93794,2
144820,4.4306,49.93794,2
144821,4.43254,49.93958,2
144822,4.43254,49.93958,2
144823,4.4306,49.93794,2
144824,4.4306,49.93794,2
144825,4.4306,49.93794,2
144826,4.4306,49.93794,2
144827,4.4306,49.93794,2
144828,4.4306,49.93794,2
144829,4.4306,49.93794,2
144830,4.431496,49.938887,2
144831,4.4306,49.93794,2
144832,4.4306,49.93794,2
144833,4.4306,49.93794,2
144834,4.4306,49.93794,2
144835,4.43903,49.93109,2
144836,4.4306,49.93794,2
144837,4.43254,49.93958,2
144838,4.43251,49.9395,2
144839,4.43325,49.93994,2
144840,4.4306,49.93794,2
144841,4.4306,49.93794,2
144842,4.4306,49.93794,2
144843,4.4258,49.93768,2
144844,4.4306,49.93794,2
144845,4.38908,49.94014,2
144846,4.43352,49.94016,2
144847,4.43373,49.94036,2
144848,4.433354,49.940409,2
144849,4.38948,49.93157,2
144850,4.38908,49.94014,2
144851,4.41806,49.938031,2
144852,4.43254,49.93958,2
144853,4.38908,49.94014,2
144854,4.43414,49.94076,2
144855,4.4261,49.93787,2
144856,4.38908,49.94014,2
144857,4.38908,49.94014,2
144858,4.38908,49.94014,2
144859,4.38908,49.94014,2
144860,4.38908,49.94014,2
144861,4.38908,49.94014,2
144862,4.38308,49.93901,2
144863,4.42747,49.93816,2
144864,4.39097,49.93998,2
144865,4.38908,49.94014,2
144866,4.40246,49.93955,2
144867,4.42363,49.93783,2
144868,4.40191,49.93965,2
144869,4.38908,49.94014,2
144870,4.38698,49.93468,2
144871,4.42363,49.93783,2
144872,4.418146,49.938433,2
144873,4.38908,49.94014,2
144874,4.38973,49.93096,2
144875,4.375885,49.941519,2
144876,4.375885,49.941519,2
144877,4.375885,49.941519,2
144878,4.375885,49.941519,2
144879,4.40547,49.94726,2
144880,4.40547,49.94726,2
144881,4.40547,49.94726,2
144882,4.40547,49.94726,2
144883,4.40547,49.94726,2
144884,4.40547,49.94726,2
144885,4.40547,49.94726,2
144886,4.40547,49.94726,2
144887,4.40547,49.94726,2
144888,4.418197,49.945087,2
144889,4.40547,49.94726,2
144890,4.40547,49.94726,2
144891,4.40547,49.94726,2
144892,4.40547,49.94726,2
144893,4.40547,49.94726,2
144894,4.41689,49.9459,2
144895,4.40547,49.94726,2
144896,4.40547,49.94726,2
144897,4.42765,49.935379,2
144898,4.42363,49.93783,2
144899,4.42479,49.93771,2
144900,4.42479,49.93771,2
144901,4.42773,49.9381,2
144902,4.42677,49.93789,2
144903,4.42479,49.93771,2
144904,4.418534,49.942118,2
144905,4.4296,49.93749,2
144906,4.4296,49.93749,2
144907,4.42363,49.93783,2
144908,4.42773,49.9381,2
144909,4.42773,49.9381,2
144910,4.42773,49.9381,2
144911,4.42773,49.9381,2
144912,4.4306,49.93794,2
144913,4.40547,49.94726,2
144914,4.42363,49.93783,2
144915,4.43025,49.93861,2
144916,4.42773,49.9381,2
144917,4.42773,49.9381,2
144918,4.51656,49.89839,2
144919,4.51577,49.89363,2
144920,4.5149,49.88889,2
144921,4.5149,49.88889,2
144922,4.5149,49.88889,2
144923,4.5149,49.88889,2
144924,4.5149,49.88889,2
144925,4.5149,49.88889,2
144926,4.5149,49.88889,2
144927,4.49699,49.84886,2
144928,4.5149,49.88889,2
144929,4.5149,49.88889,2
144930,4.5149,49.88889,2
144931,4.5149,49.88889,2
144932,4.5149,49.88889,2
144933,4.5149,49.88889,2
144934,4.5149,49.88889,2
144935,4.5149,49.88889,2
144936,4.5149,49.88889,2
144937,4.5149,49.88889,2
144938,4.5149,49.88889,2
144939,4.5149,49.88889,2
144940,4.5149,49.88889,2
144941,4.5149,49.88889,2
144942,4.73445,50.08087,2
144943,4.732195,50.074979,2
144944,4.73445,50.08087,2
144945,4.73346,50.0746,2
144946,4.73445,50.08087,2
144947,4.73428,50.07535,2
144948,4.73428,50.07535,2
144949,4.73199,50.07807,2
144950,4.73268,50.07487,2
144951,4.73346,50.0746,2
144952,4.73346,50.0746,2
144953,4.732917,50.0743,2
144954,4.73623,50.07535,2
144955,4.73623,50.07535,2
144956,4.73445,50.08087,2
144957,4.73376,50.07815,2
144958,4.73623,50.07535,2
144959,4.72982,50.07515,2
144960,4.73445,50.08087,2
144961,4.73445,50.08087,2
144962,4.73346,50.0746,2
144963,4.73437,50.07387,2
144964,4.73445,50.08087,2
144965,4.73445,50.08087,2
144966,4.73039,50.05877,2
144967,4.73346,50.0746,2
144968,4.7358,50.07748,2
144969,4.73659,50.07506,2
144970,4.73593,50.07303,2
144971,4.73533,50.0739,2
144972,4.73705,50.0746,2
144973,4.73569,50.07799,2
144974,4.73573,50.07572,2
144975,4.73636,50.07528,2
144976,4.73532,50.07627,2
144977,4.73623,50.0752,2
144978,4.73516,50.07898,2
144979,4.73682,50.07483,2
144980,4.73445,50.08087,2
144981,4.73457,50.07705,2
144982,4.73535,50.0757,2
144983,4.7355,50.07513,2
144984,4.73629,50.077,2
144985,4.73624,50.07285,2
144986,4.73583,50.07398,2
144987,4.736715,50.070247,2
144988,4.73445,50.08087,2
144989,4.73376,50.07815,2
144990,4.73565,50.07455,2
144991,4.73376,50.07815,2
144992,4.73251,50.07871,2
144993,4.73554,50.07623,2
144994,4.73376,50.07815,2
144995,4.73623,50.07535,2
144996,4.73591,50.07574,2
144997,4.73623,50.07535,2
144998,4.7351,50.07594,2
144999,4.73623,50.07535,2
145000,4.73682,50.07483,2
145001,4.73546,50.07342,2
145002,4.73608,50.0728,2
145003,4.73346,50.0746,2
145004,4.73676,50.07468,2
145005,4.7352,50.07628,2
145006,4.73533,50.0739,2
145007,4.73445,50.08087,2
145008,4.73536,50.07647,2
145009,4.73386,50.07775,2
145010,4.73534,50.07504,2
145011,4.736841,50.070254,2
145012,4.73376,50.07815,2
145013,4.73445,50.08087,2
145014,4.72988,50.07165,2
145015,4.72975,50.06949,2
145016,4.72981,50.07036,2
145017,4.73039,50.05877,2
145018,4.73039,50.05877,2
145019,4.732117,50.064195,2
145020,4.732117,50.064195,2
145021,4.723439,50.063009,2
145022,4.722032,50.046484,2
145023,4.72657,50.036256,2
145024,4.727078,50.036094,2
145025,4.771466,50.071544,2
145026,4.73138,50.07803,2
145027,4.73137,50.07798,2
145028,4.73136,50.07792,2
145029,4.73135,50.07787,2
145030,4.73134,50.07781,2
145031,4.73154,50.07812,2
145032,4.73132,50.0777,2
145033,4.73132,50.07765,2
145034,4.73131,50.07759,2
145035,4.7313,50.07753,2
145036,4.73129,50.07748,2
145037,4.73212,50.07944,2
145038,4.73212,50.07615,2
145039,4.73128,50.07742,2
145040,4.73127,50.07737,2
145041,4.73126,50.07731,2
145042,4.73125,50.07726,2
145043,4.73199,50.07807,2
145044,4.73124,50.07716,2
145045,4.73123,50.07711,2
145046,4.73122,50.07706,2
145047,4.73122,50.07701,2
145048,4.73112,50.07724,2
145049,4.73106,50.07724,2
145050,4.73099,50.07724,2
145051,4.73093,50.07725,2
145052,4.73086,50.07725,2
145053,4.7308,50.07726,2
145054,4.73081,50.07737,2
145055,4.73199,50.07807,2
145056,4.73091,50.07737,2
145057,4.73096,50.07736,2
145058,4.731,50.07736,2
145059,4.73105,50.07736,2
145060,4.73199,50.07807,2
145061,4.73115,50.07735,2
145062,4.73212,50.07615,2
145063,4.73151,50.07601,2
145064,4.73153,50.0767,2
145065,4.73151,50.07601,2
145066,4.73151,50.07601,2
145067,4.73151,50.07601,2
145068,4.73151,50.07601,2
145069,4.73151,50.07601,2
145070,4.73151,50.07601,2
145071,4.73151,50.07601,2
145072,4.73147,50.07636,2
145073,4.73151,50.07601,2
145074,4.73147,50.07629,2
145075,4.73146,50.07622,2
145076,4.73146,50.07615,2
145077,4.73145,50.07608,2
145078,4.73145,50.07601,2
145079,4.73144,50.07594,2
145080,4.73143,50.0758,2
145081,4.73144,50.07587,2
145082,4.73142,50.07566,2
145083,4.73143,50.07573,2
145084,4.73212,50.07615,2
145085,4.73161,50.07575,2
145086,4.73162,50.07593,2
145087,4.73161,50.07584,2
145088,4.73162,50.07601,2
145089,4.73163,50.0761,2
145090,4.73164,50.07651,2
145091,4.73161,50.07645,2
145092,4.73169,50.07663,2
145093,4.73167,50.07657,2
145094,4.73172,50.0767,2
145095,4.73175,50.07676,2
145096,4.73177,50.07682,2
145097,4.7318,50.07688,2
145098,4.73158,50.0768,2
145099,4.73162,50.0769,2
145100,4.73149,50.0766,2
145101,4.73145,50.0765,2
145102,4.73151,50.07601,2
145103,4.73151,50.07601,2
145104,4.73151,50.07601,2
145105,4.73509,50.07674,2
145106,4.73346,50.0746,2
145107,4.73268,50.07516,2
145108,4.73346,50.0746,2
145109,4.73268,50.07502,2
145110,4.73273,50.07474,2
145111,4.735118,50.078631,2
145112,4.73291,50.07476,2
145113,4.73285,50.07489,2
145114,4.73286,50.07503,2
145115,4.73286,50.07517,2
145116,4.73374,50.07469,2
145117,4.73369,50.07485,2
145118,4.73365,50.07501,2
145119,4.73346,50.0746,2
145120,4.73346,50.0746,2
145121,4.73346,50.0746,2
145122,4.73384,50.07499,2
145123,4.7339,50.07475,2
145124,4.73398,50.07465,2
145125,4.7341,50.07453,2
145126,4.73421,50.07441,2
145127,4.73436,50.07432,2
145128,4.7345,50.07416,2
145129,4.73452,50.07402,2
145130,4.73434,50.07402,2
145131,4.73432,50.07416,2
145132,4.73424,50.07423,2
145133,4.73391,50.07452,2
145134,4.7316,50.07567,2
145135,4.73346,50.0746,2
145136,4.73455,50.07388,2
145137,4.73457,50.07373,2
145138,4.73439,50.07372,2
145139,4.73405,50.07436,2
145140,4.72982,50.07515,2
145141,4.73151,50.07601,2
145142,4.889853,49.403691,2
145143,4.864287,49.398028,2
145144,4.883342,49.413472,2
145145,4.88035,49.40472,2
145146,4.87702,49.40362,2
145147,4.87671,49.40427,2
145148,4.87883,49.40461,2
145149,4.87745,49.40573,2
145150,4.87667,49.40599,2
145151,4.877608,49.407284,2
145152,4.878009,49.406485,2
145153,4.87883,49.40461,2
145154,4.88035,49.40472,2
145155,4.87888,49.4059,2
145156,4.87753,49.40495,2
145157,4.882376,49.405952,2
145158,4.88035,49.40472,2
145159,4.88035,49.40472,2
145160,4.88035,49.40472,2
145161,4.88035,49.40472,2
145162,4.88035,49.40472,2
145163,4.88035,49.40472,2
145164,4.88035,49.40472,2
145165,4.87888,49.4059,2
145166,4.88035,49.40472,2
145167,4.88035,49.40472,2
145168,4.88035,49.40472,2
145169,4.88035,49.40472,2
145170,4.88035,49.40472,2
145171,4.88035,49.40472,2
145172,4.88035,49.40472,2
145173,4.87883,49.40461,2
145174,4.87883,49.40461,2
145175,4.87883,49.40461,2
145176,4.87702,49.40362,2
145177,4.87702,49.40362,2
145178,4.8765,49.40365,2
145179,4.875897,49.403887,2
145180,4.87667,49.40599,2
145181,4.87671,49.40427,2
145182,4.87671,49.40427,2
145183,4.87671,49.40427,2
145184,4.879729,49.404516,2
145185,4.87753,49.40495,2
145186,4.87753,49.40495,2
145187,4.87753,49.40495,2
145188,4.87753,49.40495,2
145189,4.87753,49.40495,2
145190,4.87753,49.40495,2
145191,4.87753,49.40495,2
145192,4.87753,49.40495,2
145193,4.87753,49.40495,2
145194,4.87753,49.40495,2
145195,4.87753,49.40495,2
145196,4.87753,49.40495,2
145197,4.87745,49.40573,2
145198,4.87671,49.40427,2
145199,4.87745,49.40573,2
145200,4.87745,49.40573,2
145201,4.87745,49.40573,2
145202,4.87745,49.40573,2
145203,4.87745,49.40573,2
145204,4.87745,49.40573,2
145205,4.87745,49.40573,2
145206,4.87667,49.40599,2
145207,4.87745,49.40573,2
145208,4.87745,49.40573,2
145209,4.87745,49.40573,2
145210,4.87667,49.40599,2
145211,4.87667,49.40599,2
145212,4.87667,49.40599,2
145213,4.87667,49.40599,2
145214,4.87667,49.40599,2
145215,4.8778,49.406723,2
145216,4.87922,49.40537,2
145217,4.87753,49.40495,2
145218,4.87922,49.40537,2
145219,4.87922,49.40537,2
145220,4.87922,49.40537,2
145221,4.87922,49.40537,2
145222,4.87922,49.40537,2
145223,4.891285,49.403417,2
145224,4.891426,49.403477,2
145225,4.88593,49.40869,2
145226,4.87308,49.59899,2
145227,4.87308,49.59899,2
145228,4.84943,49.62479,2
145229,4.86845,49.59997,2
145230,4.84795,49.6239,2
145231,4.85275,49.60126,2
145232,4.87252,49.59997,2
145233,4.86936,49.59991,2
145234,4.86936,49.59991,2
145235,4.84968,49.6255,2
145236,4.874939,49.596288,2
145237,4.871581,49.597419,2
145238,4.87131,49.60042,2
145239,4.86936,49.59991,2
145240,4.8685,49.60026,2
145241,4.87131,49.60042,2
145242,4.86936,49.59991,2
145243,4.86848,49.59992,2
145244,4.86858,49.59991,2
145245,4.86717,49.6002,2
145246,4.86516,49.6014,2
145247,4.85275,49.60126,2
145248,4.85275,49.60126,2
145249,4.84795,49.6239,2
145250,4.8707,49.60098,2
145251,4.87071,49.60105,2
145252,4.849977,49.625609,2
145253,4.86845,49.59997,2
145254,4.87252,49.59997,2
145255,4.89843,49.60807,2
145256,4.84968,49.6255,2
145257,4.8514,49.62313,2
145258,4.85041,49.6236,2
145259,4.84968,49.6255,2
145260,4.85128,49.60176,2
145261,4.847501,49.626172,2
145262,4.84968,49.6255,2
145263,4.84847,49.62655,2
145264,4.84802,49.6238,2
145265,4.85131,49.60017,2
145266,4.86612,49.60003,2
145267,4.84652,49.62491,2
145268,4.84652,49.62491,2
145269,4.868855,49.602122,2
145270,4.84795,49.6239,2
145271,4.868855,49.602122,2
145272,4.84769,49.62626,2
145273,4.8565,49.60394,2
145274,4.87425,49.59916,2
145275,4.87389,49.59892,2
145276,4.87425,49.59916,2
145277,4.87412,49.59902,2
145278,4.87425,49.59916,2
145279,4.87455,49.59909,2
145280,4.8741,49.59887,2
145281,4.87455,49.59895,2
145282,4.87409,49.59881,2
145283,4.86936,49.59991,2
145284,4.86936,49.59991,2
145285,4.871773,49.597397,2
145286,4.86936,49.59991,2
145287,4.87248,49.59906,2
145288,4.87308,49.59899,2
145289,4.87352,49.59883,2
145290,4.87402,49.5987,2
145291,4.87449,49.59858,2
145292,4.86936,49.59991,2
145293,4.87308,49.59899,2
145294,4.86936,49.59991,2
145295,4.86936,49.59991,2
145296,4.86936,49.59991,2
145297,4.86936,49.59991,2
145298,4.86936,49.59991,2
145299,4.86936,49.59991,2
145300,4.86936,49.59991,2
145301,4.86936,49.59991,2
145302,4.86936,49.59991,2
145303,4.86936,49.59991,2
145304,4.86887,49.59989,2
145305,4.86971,49.59983,2
145306,4.87131,49.60042,2
145307,4.86971,49.60045,2
145308,4.86959,49.60017,2
145309,4.8698,49.60044,2
145310,4.86964,49.60073,2
145311,4.87131,49.60042,2
145312,4.86936,49.59991,2
145313,4.86907,49.60004,2
145314,4.86899,49.59988,2
145315,4.86877,49.59989,2
145316,4.87131,49.60042,2
145317,4.86776,49.60042,2
145318,4.86838,49.59992,2
145319,4.86819,49.59994,2
145320,4.86804,49.59995,2
145321,4.86804,49.60007,2
145322,4.86936,49.59991,2
145323,4.86786,49.59997,2
145324,4.86767,49.59999,2
145325,4.86702,49.60011,2
145326,4.86662,49.5999,2
145327,4.86598,49.60088,2
145328,4.86936,49.59991,2
145329,4.86521,49.60039,2
145330,4.84795,49.6239,2
145331,4.86582,49.60103,2
145332,4.86554,49.60123,2
145333,4.86454,49.60175,2
145334,4.8654,49.60115,2
145335,4.86516,49.6014,2
145336,4.86845,49.59997,2
145337,4.86521,49.60039,2
145338,4.85275,49.60126,2
145339,4.86414,49.60031,2
145340,4.86521,49.60039,2
145341,4.86281,49.60067,2
145342,4.86292,49.60077,2
145343,4.86845,49.59997,2
145344,4.85275,49.60126,2
145345,4.86569,49.60035,2
145346,4.85275,49.60126,2
145347,4.86637,49.59984,2
145348,4.85275,49.60126,2
145349,4.86637,49.59984,2
145350,4.84795,49.6239,2
145351,4.85128,49.60176,2
145352,4.84795,49.6239,2
145353,4.84795,49.6239,2
145354,4.84795,49.6239,2
145355,4.84795,49.6239,2
145356,4.84795,49.6239,2
145357,4.84795,49.6239,2
145358,4.84795,49.6239,2
145359,4.84795,49.6239,2
145360,4.87119,49.59812,2
145361,4.86834,49.59825,2
145362,4.86977,49.59823,2
145363,4.86664,49.60084,2
145364,4.866697,49.600693,2
145365,4.86823,49.60221,2
145366,4.86823,49.60221,2
145367,4.86864,49.60216,2
145368,4.86696,49.600418,2
145369,4.86696,49.600418,2
145370,4.84661,49.62531,2
145371,4.86691,49.60036,2
145372,4.86707,49.60066,2
145373,4.86738,49.6007,2
145374,4.86796,49.60028,2
145375,4.86741,49.60049,2
145376,4.86768,49.60038,2
145377,4.86756,49.60063,2
145378,4.86794,49.60041,2
145379,4.86776,49.60042,2
145380,4.86872,49.60021,2
145381,4.86894,49.60016,2
145382,4.86837,49.60092,2
145383,4.86876,49.60096,2
145384,4.8707,49.60098,2
145385,4.8686,49.60082,2
145386,4.86845,49.59997,2
145387,4.86915,49.601,2
145388,4.86984,49.60108,2
145389,4.86971,49.60045,2
145390,4.87022,49.60108,2
145391,4.8707,49.60098,2
145392,4.84629,49.62488,2
145393,4.8707,49.60098,2
145394,4.8701,49.60097,2
145395,4.8707,49.60098,2
145396,4.87099,49.60092,2
145397,4.87128,49.6009,2
145398,4.8712,49.60102,2
145399,4.87257,49.60092,2
145400,4.8718,49.60086,2
145401,4.8733,49.60075,2
145402,4.87255,49.60081,2
145403,4.87131,49.60042,2
145404,4.8707,49.60098,2
145405,4.87149,49.60081,2
145406,4.87141,49.60055,2
145407,4.8712,49.60044,2
145408,4.87131,49.60042,2
145409,4.87126,49.60003,2
145410,4.87252,49.59997,2
145411,4.87252,49.59997,2
145412,4.87252,49.59997,2
145413,4.89734,49.6137,2
145414,4.85531,49.61965,2
145415,4.84968,49.6255,2
145416,4.84982,49.62428,2
145417,4.84877,49.62371,2
145418,4.84899,49.62425,2
145419,4.84906,49.62383,2
145420,4.84877,49.62371,2
145421,4.84968,49.6255,2
145422,4.84795,49.6239,2
145423,4.84795,49.6239,2
145424,4.84795,49.6239,2
145425,4.84926,49.62478,2
145426,4.85128,49.60176,2
145427,4.85128,49.60176,2
145428,4.84968,49.6255,2
145429,4.85128,49.60176,2
145430,4.84673,49.62495,2
145431,4.84673,49.62495,2
145432,4.84652,49.62491,2
145433,4.84603,49.62461,2
145434,4.84622,49.62464,2
145435,4.84679,49.62517,2
145436,4.84666,49.62546,2
145437,4.84643,49.62545,2
145438,4.84624,49.62559,2
145439,4.84636,49.62583,2
145440,4.84718,49.62615,2
145441,4.84968,49.6255,2
145442,4.84968,49.6255,2
145443,4.84749,49.62612,2
145444,4.84769,49.62626,2
145445,4.84985,49.62556,2
145446,4.84985,49.62556,2
145447,4.84985,49.62556,2
145448,4.84985,49.62556,2
145449,4.87131,49.60042,2
145450,4.85791,49.60431,2
145451,4.85801,49.6044,2
145452,4.85663,49.60462,2
145453,4.85636,49.60407,2
145454,4.85605,49.60352,2
145455,4.85549,49.60306,2
145456,4.85425,49.60221,2
145457,4.85425,49.60221,2
145458,4.85425,49.60221,2
145459,4.85275,49.60126,2
145460,4.85366,49.60176,2
145461,4.85482,49.60252,2
145462,4.85396,49.60179,2
145463,4.85149,49.60036,2
145464,4.85238,49.60116,2
145465,4.85237,49.60102,2
145466,4.85166,49.60055,2
145467,4.84847,49.62655,2
145468,4.84847,49.62655,2
145469,4.84802,49.6238,2
145470,4.86707,49.60047,2
145471,4.86717,49.6002,2
145472,4.90774,49.596745,2
145473,4.90774,49.596745,2
145474,4.90881,49.59697,2
145475,4.90774,49.596745,2
145476,4.908566,49.596943,2
145477,4.908762,49.597002,2
145478,4.908538,49.596944,2
145479,4.90881,49.59697,2
145480,4.908524,49.596935,2
145481,4.908524,49.596935,2
145482,4.90881,49.59697,2
145483,4.908538,49.596944,2
145484,4.90881,49.59697,2
145485,4.910064,49.597316,2
145486,4.910078,49.597315,2
145487,4.913069,49.597683,2
145488,4.910797,49.597049,2
145489,4.911179,49.59749,2
145490,4.911179,49.59749,2
145491,4.912333,49.597627,2
145492,4.918732,49.597868,2
145493,4.90881,49.59697,2
145494,4.906888,49.596566,2
145495,4.908902,49.597035,2
145496,4.90774,49.596745,2
145497,4.908776,49.597002,2
145498,4.909393,49.597168,2
145499,4.909393,49.597168,2
145500,4.910078,49.597315,2
145501,4.911179,49.59749,2
145502,4.923197,49.597853,2
145503,4.923125,49.597801,2
145504,4.924203,49.598335,2
145505,4.924203,49.598335,2
145506,4.924748,49.596265,2
145507,4.908902,49.597035,2
145508,4.92309,49.69843,2
145509,4.92309,49.69843,2
145510,4.92382,49.69857,2
145511,4.92431,49.69866,2
145512,4.92431,49.69866,2
145513,4.92431,49.69866,2
145514,4.92455,49.6987,2
145515,4.92455,49.6987,2
145516,4.92455,49.6987,2
145517,4.92455,49.6987,2
145518,4.92455,49.6987,2
145519,4.92455,49.6987,2
145520,4.92455,49.6987,2
145521,4.92455,49.6987,2
145522,4.92455,49.6987,2
145523,4.92479,49.69875,2
145524,4.92597,49.69902,2
145525,4.92613,49.69956,2
145526,4.92626,49.69937,2
145527,4.92599,49.69947,2
145528,4.92333,49.69848,2
145529,4.92639,49.69917,2
145530,4.9266,49.69915,2
145531,4.92747,49.69936,2
145532,4.92782,49.69943,2
145533,4.92749,49.70011,2
145534,4.92749,49.70011,2
145535,4.92695,49.70005,2
145536,4.92931,49.70123,2
145537,4.92875,49.69955,2
145538,4.92891,49.69961,2
145539,4.92908,49.69965,2
145540,4.92908,49.69965,2
145541,4.92771,49.69951,2
145542,4.92835,49.69952,2
145543,4.92851,49.69959,2
145544,4.92851,49.69959,2
145545,4.92851,49.69959,2
145546,4.92867,49.69965,2
145547,4.92851,49.69959,2
145548,4.92883,49.69972,2
145549,4.92883,49.69972,2
145550,4.92883,49.69972,2
145551,4.92883,49.69972,2
145552,4.92883,49.69972,2
145553,4.92883,49.69972,2
145554,4.92883,49.69972,2
145555,4.92883,49.69972,2
145556,4.92901,49.69976,2
145557,4.92901,49.69976,2
145558,4.92901,49.69976,2
145559,4.92901,49.69976,2
145560,4.92871,49.70085,2
145561,4.92871,49.70085,2
145562,4.92871,49.70085,2
145563,4.92871,49.70085,2
145564,4.92871,49.70085,2
145565,4.92871,49.70085,2
145566,4.92333,49.69848,2
145567,4.92871,49.70085,2
145568,4.92871,49.70085,2
145569,4.92871,49.70085,2
145570,4.92871,49.70085,2
145571,4.92867,49.70085,2
145572,4.92867,49.70085,2
145573,4.92867,49.70085,2
145574,4.928392,49.700771,2
145575,4.92867,49.70085,2
145576,4.92867,49.70085,2
145577,4.92867,49.70085,2
145578,4.92867,49.70085,2
145579,4.92867,49.70085,2
145580,4.92867,49.70085,2
145581,4.92841,49.70073,2
145582,4.92841,49.70073,2
145583,4.92841,49.70073,2
145584,4.92841,49.70073,2
145585,4.92841,49.70073,2
145586,4.92841,49.70073,2
145587,4.92841,49.70073,2
145588,4.92841,49.70073,2
145589,4.92841,49.70073,2
145590,4.92841,49.70073,2
145591,4.92815,49.70061,2
145592,4.92815,49.70061,2
145593,4.92463,49.70254,2
145594,4.92815,49.70061,2
145595,4.928392,49.700771,2
145596,4.92815,49.70061,2
145597,4.928392,49.700771,2
145598,4.92815,49.70061,2
145599,4.92815,49.70061,2
145600,4.92815,49.70061,2
145601,4.91975,49.69737,2
145602,4.92815,49.70061,2
145603,4.92789,49.70049,2
145604,4.92835,49.69952,2
145605,4.92789,49.70049,2
145606,4.92871,49.70085,2
145607,4.92789,49.70049,2
145608,4.92867,49.70085,2
145609,4.92841,49.70073,2
145610,4.92789,49.70049,2
145611,4.92815,49.70061,2
145612,4.92789,49.70049,2
145613,4.92789,49.70049,2
145614,4.92763,49.70038,2
145615,4.92789,49.70049,2
145616,4.92734,49.70039,2
145617,4.92735,49.70038,2
145618,4.92789,49.70049,2
145619,4.92735,49.70036,2
145620,4.92789,49.70049,2
145621,4.9268,49.70117,2
145622,4.9268,49.70117,2
145623,4.92789,49.70049,2
145624,4.9268,49.70117,2
145625,4.9268,49.70117,2
145626,4.92789,49.70049,2
145627,4.9268,49.70117,2
145628,4.9268,49.70117,2
145629,4.92763,49.70038,2
145630,4.92763,49.70038,2
145631,4.92763,49.70038,2
145632,4.92763,49.70038,2
145633,4.92763,49.70038,2
145634,4.92763,49.70038,2
145635,4.92763,49.70038,2
145636,4.92763,49.70038,2
145637,4.92763,49.70038,2
145638,4.92763,49.70038,2
145639,4.92734,49.70039,2
145640,4.92734,49.70039,2
145641,4.92333,49.69848,2
145642,4.92333,49.69848,2
145643,4.92734,49.70039,2
145644,4.92734,49.70039,2
145645,4.92525,49.69885,2
145646,4.92734,49.70039,2
145647,4.92734,49.70039,2
145648,4.92734,49.70039,2
145649,4.92734,49.70039,2
145650,4.92734,49.70039,2
145651,4.92734,49.70039,2
145652,4.92735,49.70038,2
145653,4.92735,49.70038,2
145654,4.92735,49.70038,2
145655,4.92735,49.70038,2
145656,4.92735,49.70038,2
145657,4.92735,49.70038,2
145658,4.92735,49.70038,2
145659,4.92735,49.70038,2
145660,4.92735,49.70038,2
145661,4.92735,49.70038,2
145662,4.92735,49.70036,2
145663,4.92735,49.70036,2
145664,4.92735,49.70036,2
145665,4.92735,49.70036,2
145666,4.92735,49.70036,2
145667,4.92735,49.70036,2
145668,4.92735,49.70036,2
145669,4.92735,49.70036,2
145670,4.92735,49.70036,2
145671,4.92735,49.70036,2
145672,4.93005,49.704,2
145673,4.93005,49.704,2
145674,4.93005,49.704,2
145675,4.93005,49.704,2
145676,4.93005,49.704,2
145677,4.93005,49.704,2
145678,4.93005,49.704,2
145679,4.93005,49.704,2
145680,4.93005,49.704,2
145681,4.92976,49.70381,2
145682,4.92976,49.70381,2
145683,4.92976,49.70381,2
145684,4.92333,49.69848,2
145685,4.92976,49.70381,2
145686,4.92976,49.70381,2
145687,4.92976,49.70381,2
145688,4.92976,49.70381,2
145689,4.92976,49.70381,2
145690,4.9268,49.70117,2
145691,4.9268,49.70117,2
145692,4.9268,49.70117,2
145693,4.9268,49.70117,2
145694,4.9268,49.70117,2
145695,4.9268,49.70117,2
145696,4.9268,49.70117,2
145697,4.9268,49.70117,2
145698,4.9268,49.70117,2
145699,4.9268,49.70117,2
145700,4.9268,49.70117,2
145701,4.9268,49.70117,2
145702,4.9268,49.70117,2
145703,4.9268,49.70117,2
145704,4.9268,49.70117,2
145705,4.9268,49.70117,2
145706,4.9268,49.70117,2
145707,4.9268,49.70117,2
145708,4.9268,49.70117,2
145709,4.9268,49.70117,2
145710,4.9268,49.70117,2
145711,4.9268,49.70117,2
145712,4.9268,49.70117,2
145713,4.9268,49.70117,2
145714,4.9268,49.70117,2
145715,4.9268,49.70117,2
145716,4.9268,49.70117,2
145717,4.9268,49.70117,2
145718,4.9268,49.70117,2
145719,4.92455,49.6987,2
145720,4.9268,49.70117,2
145721,4.92548,49.69891,2
145722,4.9268,49.70117,2
145723,4.92782,49.69943,2
145724,4.92835,49.69952,2
145725,4.9268,49.70117,2
145726,4.92857,49.69832,2
145727,4.9268,49.70117,2
145728,4.92851,49.69959,2
145729,4.9268,49.70117,2
145730,4.92883,49.69972,2
145731,4.9268,49.70117,2
145732,4.92901,49.69976,2
145733,4.9268,49.70117,2
145734,4.92901,49.69976,2
145735,4.9268,49.70117,2
145736,4.92976,49.70381,2
145737,4.9268,49.70117,2
145738,4.92976,49.70381,2
145739,4.9268,49.70117,2
145740,4.9268,49.70117,2
145741,4.9268,49.70117,2
145742,4.92333,49.69848,2
145743,4.92875,49.69955,2
145744,4.92333,49.69848,2
145745,4.92875,49.69955,2
145746,4.92333,49.69848,2
145747,4.92358,49.69852,2
145748,4.92333,49.69848,2
145749,4.94517,49.70122,2
145750,4.94517,49.70122,2
145751,4.94517,49.70122,2
145752,4.94507,49.70122,2
145753,4.94439,49.70169,2
145754,4.94507,49.70122,2
145755,4.94444,49.70155,2
145756,4.94507,49.70122,2
145757,4.94444,49.70155,2
145758,4.94444,49.70155,2
145759,4.94507,49.70122,2
145760,4.94419,49.70199,2
145761,4.94517,49.70122,2
145762,4.94517,49.70122,2
145763,4.94432,49.70184,2
145764,4.94517,49.70122,2
145765,4.94517,49.70122,2
145766,4.94449,49.70142,2
145767,4.94444,49.70155,2
145768,4.94449,49.70142,2
145769,4.94444,49.70155,2
145770,4.94455,49.70128,2
145771,4.94444,49.70155,2
145772,4.94455,49.70128,2
145773,4.94503,49.70132,2
145774,4.94432,49.70184,2
145775,4.94455,49.70128,2
145776,4.94432,49.70184,2
145777,4.94455,49.70128,2
145778,4.94432,49.70184,2
145779,4.9446,49.70115,2
145780,4.9446,49.70115,2
145781,4.94432,49.70184,2
145782,4.94432,49.70184,2
145783,4.94449,49.70142,2
145784,4.94449,49.70142,2
145785,4.94449,49.70142,2
145786,4.94455,49.70128,2
145787,4.94455,49.70128,2
145788,4.94455,49.70128,2
145789,4.94455,49.70128,2
145790,4.9446,49.70115,2
145791,4.9446,49.70115,2
145792,4.9446,49.70115,2
145793,4.9446,49.70115,2
145794,4.9446,49.70115,2
145795,4.9446,49.70115,2
145796,4.9446,49.70115,2
145797,4.94587,49.69897,2
145798,4.94587,49.69897,2
145799,4.94587,49.69897,2
145800,4.94587,49.69897,2
145801,4.94587,49.69897,2
145802,4.94587,49.69897,2
145803,4.94587,49.69897,2
145804,4.94587,49.69897,2
145805,4.94587,49.69897,2
145806,4.94587,49.69897,2
145807,4.94587,49.69897,2
145808,4.94587,49.69897,2
145809,4.94587,49.69897,2
145810,4.94587,49.69897,2
145811,4.94587,49.69897,2
145812,4.94587,49.69897,2
145813,4.94587,49.69897,2
145814,4.94587,49.69897,2
145815,4.94587,49.69897,2
145816,4.94587,49.69897,2
145817,4.94587,49.69897,2
145818,4.94587,49.69897,2
145819,4.94587,49.69897,2
145820,4.94587,49.69897,2
145821,4.94587,49.69897,2
145822,4.94587,49.69897,2
145823,4.94587,49.69897,2
145824,4.94587,49.69897,2
145825,4.94587,49.69897,2
145826,4.94587,49.69897,2
145827,4.94587,49.69897,2
145828,4.94587,49.69897,2
145829,4.94587,49.69897,2
145830,4.94587,49.69897,2
145831,4.94587,49.69897,2
145832,4.94587,49.69897,2
145833,4.94587,49.69897,2
145834,4.94587,49.69897,2
145835,4.94587,49.69897,2
145836,4.94587,49.69897,2
145837,4.94587,49.69897,2
145838,4.94587,49.69897,2
145839,4.94587,49.69897,2
145840,4.94587,49.69897,2
145841,4.94587,49.69897,2
145842,4.94587,49.69897,2
145843,4.94587,49.69897,2
145844,4.94587,49.69897,2
145845,4.94587,49.69897,2
145846,4.94587,49.69897,2
145847,4.94587,49.69897,2
145848,4.94587,49.69897,2
145849,4.94587,49.69897,2
145850,4.94587,49.69897,2
145851,4.94587,49.69897,2
145852,4.94587,49.69897,2
145853,4.94587,49.69897,2
145854,4.94587,49.69897,2
145855,4.94587,49.69897,2
145856,4.94587,49.69897,2
145857,4.94587,49.69897,2
145858,4.09607,49.54007,2
145859,4.09627,49.54076,2
145860,4.09495,49.54146,2
145861,4.09495,49.54146,2
145862,4.09495,49.54146,2
145863,4.09521,49.53851,2
145864,4.09485,49.54149,2
145865,4.09495,49.54146,2
145866,4.09495,49.54146,2
145867,4.09495,49.54146,2
145868,4.09495,49.54146,2
145869,4.09414,49.54217,2
145870,4.09627,49.54076,2
145871,4.09633,49.54111,2
145872,4.09638,49.54145,2
145873,4.09641,49.54179,2
145874,4.09645,49.54213,2
145875,4.0966,49.54187,2
145876,4.095063,49.538452,2
145877,4.09635,49.53913,2
145878,4.08615,49.5073,2
145879,4.09603,49.53899,2
145880,4.09572,49.53885,2
145881,4.0954,49.53871,2
145882,4.09598,49.53883,2
145883,4.09525,49.53848,2
145884,4.09518,49.5386,2
145885,4.09507,49.53853,2
145886,4.09521,49.53851,2
145887,4.094,49.53733,2
145888,4.094,49.53733,2
145889,4.08881,49.5074,2
145890,4.09348,49.5382,2
145891,4.08854,49.5074,2
145892,4.08827,49.50737,2
145893,4.08801,49.50734,2
145894,4.08774,49.50732,2
145895,4.08748,49.50729,2
145896,4.08721,49.50726,2
145897,4.08695,49.50723,2
145898,4.08668,49.50725,2
145899,4.08641,49.50728,2
145900,4.08215,49.50754,2
145901,4.08615,49.5073,2
145902,4.08877,49.50729,2
145903,4.08588,49.50733,2
145904,4.08561,49.50735,2
145905,4.08535,49.50737,2
145906,4.08508,49.5074,2
145907,4.08776,49.5072,2
145908,4.09011,49.53859,2
145909,4.09011,49.53859,2
145910,4.08963,49.53809,2
145911,4.09183,49.538,2
145912,4.08963,49.53809,2
145913,4.08963,49.53809,2
145914,4.08963,49.53809,2
145915,4.08963,49.53809,2
145916,4.08963,49.53809,2
145917,4.08963,49.53809,2
145918,4.08963,49.53809,2
145919,4.08963,49.53809,2
145920,4.08963,49.53809,2
145921,4.08963,49.53809,2
145922,4.07199,49.55894,2
145923,4.08963,49.53809,2
145924,4.08963,49.53809,2
145925,4.08817,49.53904,2
145926,4.08851,49.53879,2
145927,4.08851,49.53879,2
145928,4.08742,49.50716,2
145929,4.08455,49.50745,2
145930,4.08375,49.50752,2
145931,4.08348,49.50754,2
145932,4.08322,49.50757,2
145933,4.08709,49.50713,2
145934,4.08675,49.50713,2
145935,4.08641,49.50716,2
145936,4.08295,49.50759,2
145937,4.08268,49.50761,2
145938,4.08661,49.53927,2
145939,4.08661,49.53927,2
145940,4.08607,49.50719,2
145941,4.08573,49.50722,2
145942,4.08112,49.50754,2
145943,4.08081,49.50751,2
145944,4.08937,49.50622,2
145945,4.08937,49.50622,2
145946,4.08937,49.50622,2
145947,4.08937,49.50622,2
145948,4.08937,49.50622,2
145949,4.08937,49.50622,2
145950,4.08937,49.50622,2
145951,4.08937,49.50622,2
145952,4.08937,49.50622,2
145953,4.08583,49.53899,2
145954,4.08583,49.53899,2
145955,4.08583,49.53899,2
145956,4.08583,49.53899,2
145957,4.08574,49.53871,2
145958,4.08583,49.53899,2
145959,4.08583,49.53899,2
145960,4.08574,49.53871,2
145961,4.08574,49.53871,2
145962,4.08574,49.53871,2
145963,4.08574,49.53871,2
145964,4.08574,49.53871,2
145965,4.08574,49.53871,2
145966,4.08574,49.53871,2
145967,4.08574,49.53871,2
145968,4.08574,49.53871,2
145969,4.08574,49.53871,2
145970,4.08574,49.53871,2
145971,4.0805,49.50748,2
145972,4.07947,49.53778,2
145973,4.07947,49.53778,2
145974,4.07289,49.558321,2
145975,4.07289,49.558321,2
145976,4.072177,49.558484,2
145977,4.071231,49.558686,2
145978,4.071231,49.558686,2
145979,4.07199,49.55894,2
145980,4.07199,49.55894,2
145981,4.07199,49.55894,2
145982,4.07947,49.53778,2
145983,4.07947,49.53778,2
145984,4.07947,49.53778,2
145985,4.07287,49.558142,2
145986,4.09651,49.5393,2
145987,4.09651,49.5393,2
145988,4.09651,49.5393,2
145989,4.09507,49.53853,2
145990,4.09507,49.53853,2
145991,4.09507,49.53853,2
145992,4.09521,49.53851,2
145993,4.08112,49.50754,2
145994,4.08588,49.50733,2
145995,4.0823,49.50762,2
145996,4.08199,49.50761,2
145997,4.08583,49.53899,2
145998,4.09521,49.53851,2
145999,4.08615,49.5073,2
146000,4.07199,49.55894,2
146001,4.08963,49.53809,2
146002,4.09651,49.5393,2
146003,4.0979,49.53807,2
146004,4.09646,49.53959,2
146005,4.09562,49.54085,2
146006,4.09651,49.5393,2
146007,4.09649,49.54101,2
146008,4.08843,49.50727,2
146009,4.08776,49.5072,2
146010,4.08428,49.50747,2
146011,4.0823,49.50762,2
146012,4.0854,49.50725,2
146013,4.08066,49.50749,2
146014,4.07947,49.53778,2
146015,4.072177,49.558484,2
146016,4.071231,49.558686,2
146017,4.07199,49.55894,2
146018,4.07947,49.53778,2
146019,4.07947,49.53778,2
146020,4.07947,49.53778,2
146021,4.076028,49.557198,2
146022,4.08583,49.53899,2
146023,4.094,49.53733,2
146024,4.0823,49.50762,2
146025,4.08963,49.53809,2
146026,4.09651,49.5393,2
146027,4.08937,49.50622,2
146028,4.08937,49.50622,2
146029,4.09776,49.538,2
146030,4.0979,49.53807,2
146031,4.09737,49.5383,2
146032,4.09706,49.53852,2
146033,4.09751,49.53837,2
146034,4.09676,49.53874,2
146035,4.09692,49.5388,2
146036,4.09655,49.539,2
146037,4.09671,49.53904,2
146038,4.09759,49.53955,2
146039,4.09661,49.53924,2
146040,4.09654,49.53938,2
146041,4.09632,49.53989,2
146042,4.09625,49.54007,2
146043,4.77459,49.42363,2
146044,4.77459,49.42363,2
146045,4.77459,49.42363,2
146046,4.77459,49.42363,2
146047,4.77234,49.4249,2
146048,4.77234,49.4249,2
146049,4.77234,49.4249,2
146050,4.77234,49.4249,2
146051,4.77234,49.4249,2
146052,4.77481,49.42445,2
146053,4.77481,49.42445,2
146054,4.77481,49.42445,2
146055,4.77481,49.42445,2
146056,4.77481,49.42445,2
146057,4.77606,49.42467,2
146058,4.775452,49.424962,2
146059,4.77606,49.42467,2
146060,4.77606,49.42467,2
146061,4.77606,49.42467,2
146062,4.77606,49.42467,2
146063,4.77606,49.42467,2
146064,4.77606,49.42467,2
146065,4.775452,49.424962,2
146066,4.77498,49.42554,2
146067,4.773411,49.424329,2
146068,4.7854,49.42673,2
146069,4.7854,49.42673,2
146070,4.7854,49.42673,2
146071,4.7854,49.42673,2
146072,4.7854,49.42673,2
146073,4.7854,49.42673,2
146074,4.7854,49.42673,2
146075,4.7854,49.42673,2
146076,4.7854,49.42673,2
146077,4.7854,49.42673,2
146078,4.7854,49.42673,2
146079,4.7854,49.42673,2
146080,4.7854,49.42673,2
146081,4.7854,49.42673,2
146082,4.7854,49.42673,2
146083,4.7854,49.42673,2
146084,4.7854,49.42673,2
146085,4.7854,49.42673,2
146086,4.7854,49.42673,2
146087,4.7854,49.42673,2
146088,4.7854,49.42673,2
146089,4.7854,49.42673,2
146090,4.7854,49.42673,2
146091,4.7854,49.42673,2
146092,4.7854,49.42673,2
146093,4.7854,49.42673,2
146094,4.7854,49.42673,2
146095,4.7854,49.42673,2
146096,4.7854,49.42673,2
146097,4.7854,49.42673,2
146098,4.7854,49.42673,2
146099,4.7854,49.42673,2
146100,4.7854,49.42673,2
146101,4.7854,49.42673,2
146102,4.7854,49.42673,2
146103,4.77234,49.4249,2
146104,4.77481,49.42445,2
146105,4.77234,49.4249,2
146106,4.77481,49.42445,2
146107,4.7755,49.42487,2
146108,4.7755,49.4249,2
146109,4.7854,49.42673,2
146110,4.77498,49.42554,2
146111,4.77606,49.42467,2
146112,4.77606,49.42467,2
146113,4.77606,49.42467,2
146114,4.93459,49.38333,2
146115,4.93346,49.38566,2
146116,4.93459,49.38333,2
146117,4.93459,49.38333,2
146118,4.93459,49.38333,2
146119,4.93459,49.38333,2
146120,4.93459,49.38333,2
146121,4.93238,49.38271,2
146122,4.93459,49.38333,2
146123,4.93389,49.3853,2
146124,4.93459,49.38333,2
146125,4.93459,49.38333,2
146126,4.93212,49.38507,2
146127,4.93212,49.38507,2
146128,4.93346,49.38566,2
146129,4.93459,49.38333,2
146130,4.93459,49.38333,2
146131,4.93346,49.38566,2
146132,4.93459,49.38333,2
146133,4.93459,49.38333,2
146134,4.93459,49.38333,2
146135,4.93459,49.38333,2
146136,4.93459,49.38333,2
146137,4.934206,49.384757,2
146138,4.93459,49.38333,2
146139,4.93459,49.38333,2
146140,4.93459,49.38333,2
146141,4.93459,49.38333,2
146142,4.93459,49.38333,2
146143,4.93459,49.38333,2
146144,4.93459,49.38333,2
146145,4.93363,49.383718,2
146146,4.93459,49.38333,2
146147,4.93519,49.38386,2
146148,4.93459,49.38333,2
146149,4.93519,49.38386,2
146150,4.93519,49.38386,2
146151,4.93519,49.38386,2
146152,4.93459,49.38333,2
146153,4.93459,49.38333,2
146154,4.93459,49.38333,2
146155,4.93459,49.38333,2
146156,4.93459,49.38333,2
146157,4.93275,49.383737,2
146158,4.93275,49.383737,2
146159,4.933216,49.382873,2
146160,4.93459,49.38333,2
146161,4.93459,49.38333,2
146162,4.93459,49.38333,2
146163,4.93459,49.38333,2
146164,4.93459,49.38333,2
146165,4.93172,49.383525,2
146166,4.93169,49.38423,2
146167,4.93459,49.38333,2
146168,4.93459,49.38333,2
146169,4.93172,49.383525,2
146170,4.930619,49.383252,2
146171,4.93459,49.38333,2
146172,4.93459,49.38333,2
146173,4.93459,49.38333,2
146174,4.93459,49.38333,2
146175,4.939455,49.384832,2
146176,4.93459,49.38333,2
146177,4.93459,49.38333,2
146178,4.93459,49.38333,2
146179,4.93459,49.38333,2
146180,4.93459,49.38333,2
146181,4.93459,49.38333,2
146182,4.93459,49.38333,2
146183,4.936095,49.384267,2
146184,4.932971,49.386752,2
146185,4.93459,49.38333,2
146186,4.93238,49.38271,2
146187,4.93238,49.38271,2
146188,4.93459,49.38333,2
146189,4.93459,49.38333,2
146190,4.90669,49.39515,2
146191,4.09033,49.50827,2
146192,4.08643,49.50886,2
146193,4.09184,49.50824,2
146194,4.09033,49.50827,2
146195,4.08801,49.50734,2
146196,4.08215,49.50754,2
146197,4.08438,49.50734,2
146198,4.09033,49.50827,2
146199,4.08215,49.50754,2
146200,4.08406,49.50882,2
146201,4.08406,49.50882,2
146202,4.09033,49.50827,2
146203,4.08215,49.50754,2
146204,4.09033,49.50827,2
146205,4.09033,49.50827,2
146206,4.08185,49.50656,2
146207,4.09267,49.50811,2
146208,4.08748,49.50729,2
146209,4.091139,49.508978,2
146210,4.09029,49.50823,2
146211,4.08907,49.50695,2
146212,4.09029,49.50823,2
146213,4.08907,49.50695,2
146214,4.08907,49.50695,2
146215,4.08907,49.50695,2
146216,4.08185,49.50656,2
146217,4.08907,49.50695,2
146218,4.09025,49.50636,2
146219,4.08907,49.50695,2
146220,4.08907,49.50695,2
146221,4.08907,49.50695,2
146222,4.08907,49.50695,2
146223,4.08907,49.50695,2
146224,4.09033,49.50827,2
146225,4.08907,49.50695,2
146226,4.08907,49.50695,2
146227,4.09072,49.50643,2
146228,4.0891,49.50666,2
146229,4.09174,49.50812,2
146230,4.08937,49.50622,2
146231,4.08937,49.50622,2
146232,4.09033,49.50827,2
146233,4.08983,49.50652,2
146234,4.09033,49.50827,2
146235,4.08892,49.50711,2
146236,4.08907,49.50684,2
146237,4.08915,49.50692,2
146238,4.08932,49.50666,2
146239,4.08907,49.50721,2
146240,4.08881,49.5074,2
146241,4.08854,49.5074,2
146242,4.08827,49.50737,2
146243,4.08827,49.50737,2
146244,4.08774,49.50732,2
146245,4.08843,49.50727,2
146246,4.08748,49.50729,2
146247,4.0881,49.50724,2
146248,4.08907,49.50684,2
146249,4.08721,49.50726,2
146250,4.08695,49.50723,2
146251,4.08695,49.50723,2
146252,4.08776,49.5072,2
146253,4.08668,49.50725,2
146254,4.08742,49.50716,2
146255,4.08709,49.50713,2
146256,4.08641,49.50728,2
146257,4.08615,49.5073,2
146258,4.08709,49.50713,2
146259,4.08588,49.50733,2
146260,4.08561,49.50735,2
146261,4.08641,49.50716,2
146262,4.08535,49.50737,2
146263,4.08508,49.5074,2
146264,4.08573,49.50722,2
146265,4.08607,49.50719,2
146266,4.08482,49.50742,2
146267,4.0854,49.50725,2
146268,4.091294,49.508248,2
146269,4.08455,49.50745,2
146270,4.08428,49.50747,2
146271,4.08506,49.50728,2
146272,4.08472,49.50731,2
146273,4.08472,49.50731,2
146274,4.08907,49.50684,2
146275,4.08375,49.50752,2
146276,4.08348,49.50754,2
146277,4.08322,49.50757,2
146278,4.08405,49.50737,2
146279,4.08371,49.5074,2
146280,4.08337,49.50743,2
146281,4.08295,49.50759,2
146282,4.08303,49.50747,2
146283,4.08268,49.50761,2
146284,4.0827,49.5075,2
146285,4.08185,49.50656,2
146286,4.091066,49.50844,2
146287,4.08231,49.5075,2
146288,4.0823,49.50762,2
146289,4.08199,49.50761,2
146290,4.0816,49.50758,2
146291,4.08162,49.50746,2
146292,4.08115,49.50742,2
146293,4.091073,49.508664,2
146294,4.08112,49.50754,2
146295,4.08081,49.50751,2
146296,4.08185,49.50656,2
146297,4.08185,49.50656,2
146298,4.08185,49.50656,2
146299,4.08185,49.50656,2
146300,4.08166,49.50674,2
146301,4.08185,49.50656,2
146302,4.08221,49.50629,2
146303,4.08215,49.50754,2
146304,4.08148,49.50669,2
146305,4.0809,49.50716,2
146306,4.08061,49.50737,2
146307,4.08066,49.50749,2
146308,4.0805,49.50748,2
146309,4.08035,49.50746,2
146310,4.08018,49.50733,2
146311,4.08026,49.50734,2
146312,4.08942,49.50875,2
146313,4.08942,49.50875,2
146314,4.16078,49.48318,2
146315,4.08942,49.50875,2
146316,4.16078,49.48318,2
146317,4.08942,49.50875,2
146318,4.08942,49.50875,2
146319,4.08922,49.50785,2
146320,4.08942,49.50875,2
146321,4.08931,49.50877,2
146322,4.08942,49.50875,2
146323,4.08942,49.50875,2
146324,4.08907,49.50684,2
146325,4.08643,49.50886,2
146326,4.08643,49.50886,2
146327,4.08643,49.50886,2
146328,4.08643,49.50886,2
146329,4.08833,49.50922,2
146330,4.08643,49.50886,2
146331,4.08643,49.50886,2
146332,4.08643,49.50886,2
146333,4.08833,49.50922,2
146334,4.08836,49.50911,2
146335,4.08623,49.50876,2
146336,4.08611,49.50886,2
146337,4.08406,49.50882,2
146338,4.08386,49.50894,2
146339,4.08236,49.50828,2
146340,4.08217,49.50829,2
146341,4.08643,49.50886,2
146342,4.08643,49.50886,2
146343,4.08938,49.50918,2
146344,4.08939,49.50925,2
146345,4.08941,49.50931,2
146346,4.09037,49.50967,2
146347,4.09037,49.50967,2
146348,4.09037,49.50967,2
146349,4.09037,49.50967,2
146350,4.08907,49.50695,2
146351,4.09037,49.50967,2
146352,4.0891,49.50666,2
146353,4.09037,49.50967,2
146354,4.09037,49.50967,2
146355,4.08215,49.50754,2
146356,4.09033,49.50827,2
146357,4.08877,49.50729,2
146358,4.09029,49.50823,2
146359,4.08877,49.50729,2
146360,4.09033,49.50827,2
146361,4.08201,49.50749,2
146362,4.09033,49.50827,2
146363,4.08942,49.50875,2
146364,4.09029,49.50823,2
146365,4.08931,49.50877,2
146366,4.09033,49.50827,2
146367,4.08942,49.50875,2
146368,4.09032,49.50834,2
146369,4.092282,49.509716,2
146370,4.09033,49.50827,2
146371,4.09174,49.50812,2
146372,4.09146,49.50824,2
146373,4.09119,49.50718,2
146374,4.09119,49.50718,2
146375,4.09119,49.50718,2
146376,4.09119,49.50718,2
146377,4.09113,49.50726,2
146378,4.09119,49.50718,2
146379,4.09119,49.50718,2
146380,4.05395,49.49976,2
146381,4.05395,49.49976,2
146382,4.05395,49.49976,2
146383,4.05395,49.49976,2
146384,4.09033,49.50827,2
146385,4.090615,49.509776,2
146386,4.08162,49.50746,2
146387,4.08215,49.50754,2
146388,4.091061,49.508305,2
146389,4.08643,49.50886,2
146390,4.08675,49.50713,2
146391,4.30521,49.59832,2
146392,4.262771,49.605557,2
146393,4.269221,49.607583,2
146394,4.27022,49.60975,2
146395,4.283092,49.608807,2
146396,4.269766,49.609928,2
146397,4.27022,49.60975,2
146398,4.27022,49.60975,2
146399,4.27022,49.60975,2
146400,4.267413,49.610595,2
146401,4.71365,49.77778,2
146402,4.71264,49.77548,2
146403,4.71245,49.77539,2
146404,4.7146,49.77612,2
146405,4.7146,49.77612,2
146406,4.7146,49.77612,2
146407,4.714368,49.775828,2
146408,4.714636,49.776532,2
146409,4.71334,49.77721,2
146410,4.71341,49.77777,2
146411,4.71568,49.77601,2
146412,4.71286,49.77566,2
146413,4.7117,49.77562,2
146414,4.71286,49.77566,2
146415,4.7128,49.77532,2
146416,4.71291,49.77584,2
146417,4.71291,49.77584,2
146418,4.7146,49.77612,2
146419,4.71291,49.77584,2
146420,4.71295,49.77603,2
146421,4.71295,49.77603,2
146422,4.71295,49.77603,2
146423,4.71295,49.77603,2
146424,4.71295,49.77603,2
146425,4.71295,49.77603,2
146426,4.71226,49.77796,2
146427,4.71295,49.77603,2
146428,4.71328,49.77659,2
146429,4.71295,49.77603,2
146430,4.70742,49.77824,2
146431,4.71328,49.77659,2
146432,4.71328,49.77659,2
146433,4.70967,49.77894,2
146434,4.69078,49.76514,2
146435,4.69007,49.764,2
146436,4.69059,49.76526,2
146437,4.68949,49.76307,2
146438,4.69027,49.76489,2
146439,4.69014,49.76469,2
146440,4.69001,49.76448,2
146441,4.68988,49.76427,2
146442,4.68975,49.76406,2
146443,4.68962,49.76386,2
146444,4.68966,49.76368,2
146445,4.68966,49.76368,2
146446,4.68966,49.76368,2
146447,4.69009,49.76503,2
146448,4.22272,49.63503,2
146449,4.22346,49.63584,2
146450,4.22346,49.63584,2
146451,4.22272,49.63503,2
146452,4.24664,49.64928,2
146453,4.28968,49.6487,2
146454,4.286689,49.64835,2
146455,4.288459,49.648321,2
146456,4.28994,49.66446,2
146457,4.289201,49.648543,2
146458,4.289102,49.648508,2
146459,4.29024,49.64881,2
146460,4.29656,49.65413,2
146461,4.28968,49.64867,2
146462,4.44184,49.92418,2
146463,4.43851,49.93468,2
146464,4.429301,49.935943,2
146465,4.429301,49.935943,2
146466,4.429301,49.935943,2
146467,4.4312,49.93855,2
146468,4.429823,49.93712,2
146469,4.430957,49.938295,2
146470,4.417924,49.938446,2
146471,4.40318,49.93941,2
146472,4.38719,49.939946,2
146473,4.38908,49.94014,2
146474,4.382714,49.939357,2
146475,4.415501,49.946202,2
146476,4.429823,49.93712,2
146477,4.40164,49.9397,2
146478,4.43254,49.93958,2
146479,4.4296,49.93749,2
146480,4.43254,49.93958,2
146481,4.43254,49.93958,2
146482,4.5149,49.88889,2
146483,4.73445,50.08087,2
146484,4.73376,50.07815,2
146485,4.73376,50.07815,2
146486,4.73199,50.07807,2
146487,4.73164,50.07636,2
146488,4.73162,50.07644,2
146489,4.73151,50.07601,2
146490,4.73117,50.07715,2
146491,4.73346,50.0746,2
146492,4.73346,50.0746,2
146493,4.7341,50.07453,2
146494,4.73251,50.07871,2
146495,4.87753,49.40495,2
146496,4.87883,49.40461,2
146497,4.87888,49.4059,2
146498,4.864287,49.398028,2
146499,4.87888,49.4059,2
146500,4.87753,49.40495,2
146501,4.86936,49.59991,2
146502,4.87308,49.59899,2
146503,4.871716,49.599303,2
146504,4.84795,49.6239,2
146505,4.86936,49.59991,2
146506,4.86749,49.60001,2
146507,4.86726,49.60006,2
146508,4.85275,49.60126,2
146509,4.86521,49.60039,2
146510,4.86845,49.59997,2
146511,4.867849,49.601891,2
146512,4.867849,49.601891,2
146513,4.8707,49.60098,2
146514,4.84968,49.6255,2
146515,4.84652,49.62491,2
146516,4.84673,49.62495,2
146517,4.84968,49.6255,2
146518,4.85275,49.60126,2
146519,4.85275,49.60126,2
146520,4.866697,49.600693,2
146521,4.86845,49.59997,2
146522,4.867811,49.601694,2
146523,4.86936,49.59991,2
146524,4.86845,49.59997,2
146525,4.871157,49.603367,2
146526,4.912319,49.597627,2
146527,4.912319,49.597627,2
146528,4.923197,49.597853,2
146529,4.918731,49.597841,2
146530,4.92835,49.69952,2
146531,4.92763,49.70038,2
146532,4.92857,49.69832,2
146533,4.92706,49.69927,2
146534,4.9268,49.70117,2
146535,4.92827,49.69878,2
146536,4.93005,49.704,2
146537,4.92875,49.69955,2
146538,4.94507,49.70122,2
146539,4.94517,49.70122,2
146540,4.94432,49.70184,2
146541,4.94449,49.70142,2
146542,4.94449,49.70142,2
146543,4.94432,49.70184,2
146544,4.94587,49.69897,2
146545,4.94587,49.69897,2
146546,4.09651,49.5393,2
146547,4.094,49.53733,2
146548,4.09348,49.5382,2
146549,4.09348,49.5382,2
146550,4.09348,49.5382,2
146551,4.08215,49.50754,2
146552,4.08215,49.50754,2
146553,4.08963,49.53809,2
146554,4.08215,49.50754,2
146555,4.08215,49.50754,2
146556,4.08215,49.50754,2
146557,4.07947,49.53778,2
146558,4.0979,49.53807,2
146559,4.77459,49.42363,2
146560,4.776017,49.425256,2
146561,4.775754,49.425216,2
146562,4.7854,49.42673,2
146563,4.77606,49.42467,2
146564,4.7755,49.4249,2
146565,4.93459,49.38333,2
146566,4.93459,49.38333,2
146567,4.933273,49.384004,2
146568,4.93459,49.38333,2
146569,4.93459,49.38333,2
146570,4.926707,49.392217,2
146571,4.93459,49.38333,2
146572,4.08942,49.50875,2
146573,4.08942,49.50875,2
146574,4.090867,49.508272,2
146575,4.08215,49.50754,2
146576,4.08801,49.50734,2
146577,4.08215,49.50754,2
146578,4.08066,49.50749,2
146579,4.05395,49.49976,2
146580,4.08942,49.50875,2
146581,4.08643,49.50886,2
146582,4.08942,49.50875,2
146583,4.16078,49.48318,2
146584,4.08907,49.50684,2
146585,4.075358,49.510275,2
146586,4.075358,49.510275,2
