"ID","Longitude","Latitude","ServiceTime (min)"
114258,4.76406,50.10678,2
114259,4.76377,50.10658,2
114260,4.76407,50.1067,2
114261,4.76434,50.10664,2
114262,4.76461,50.10657,2
114263,4.76488,50.10651,2
114264,4.76513,50.10645,2
114265,4.76535,50.1064,2
114266,4.76528,50.10629,2
114267,4.76482,50.1064,2
114268,4.76455,50.10646,2
114269,4.76428,50.10653,2
114270,4.76401,50.10659,2
114271,4.7639,50.10644,2
114272,4.76369,50.10636,2
114273,4.76389,50.10626,2
114274,4.76415,50.1062,2
114275,4.76441,50.10615,2
114276,4.76496,50.10603,2
114277,4.76529,50.10596,2
114278,4.76531,50.10584,2
114279,4.76515,50.10587,2
114280,4.76499,50.1059,2
114281,4.76483,50.10594,2
114282,4.76436,50.10604,2
114283,4.7641,50.1061,2
114284,4.76378,50.10611,2
114285,4.76356,50.10604,2
114286,4.76369,50.10591,2
114287,4.76372,50.10584,2
114288,4.76396,50.10579,2
114289,4.76446,50.10568,2
114290,4.7647,50.10562,2
114291,4.76487,50.10558,2
114292,4.765,50.10555,2
114293,4.76513,50.10553,2
114294,4.7637,50.10573,2
114295,4.76403,50.10565,2
114296,4.76436,50.10558,2
114297,4.76463,50.10551,2
114298,4.76479,50.10547,2
114299,4.76489,50.10545,2
114300,4.76499,50.10543,2
114301,4.76509,50.10541,2
114302,4.76538,50.10501,2
114303,4.76516,50.10507,2
114304,4.76493,50.10512,2
114305,4.7647,50.10518,2
114306,4.76445,50.10524,2
114307,4.76416,50.1053,2
114308,4.76388,50.10536,2
114309,4.76355,50.10549,2
114310,4.7636,50.10542,2
114311,4.76362,50.1057,2
114312,4.76344,50.10572,2
114313,4.76338,50.10552,2
114314,4.76331,50.10493,2
114315,4.76306,50.10481,2
114316,4.76306,50.10481,2
114317,4.76303,50.10432,2
114318,4.76317,50.10462,2
114319,4.76275,50.10413,2
114320,4.7629,50.10404,2
114321,4.7629,50.10404,2
114322,4.76294,50.10412,2
114323,4.76287,50.10396,2
114324,4.76284,50.10387,2
114325,4.76257,50.1037,2
114326,4.76254,50.10364,2
114327,4.76274,50.10366,2
114328,4.76251,50.10357,2
114329,4.76249,50.10351,2
114330,4.76164,50.10358,2
114331,4.76218,50.10337,2
114332,4.76218,50.10337,2
114333,4.761626,50.103226,2
114334,4.76146,50.10374,2
114335,4.7621,50.10326,2
114336,4.76174,50.10465,2
114337,4.76174,50.10465,2
114338,4.76186,50.10336,2
114339,4.76146,50.10374,2
114340,4.7614,50.10355,2
114341,4.7621,50.10326,2
114342,4.76128,50.10372,2
114343,4.76116,50.10388,2
114344,4.76128,50.10372,2
114345,4.76133,50.10392,2
114346,4.76318,50.10641,2
114347,4.76399,50.10846,2
114348,4.76174,50.10465,2
114349,4.76174,50.10465,2
114350,4.76464,50.10994,2
114351,4.76093,50.10414,2
114352,4.76047,50.10391,2
114353,4.76024,50.1038,2
114354,4.75075,50.10451,2
114355,4.75186,50.10515,2
114356,4.75075,50.10451,2
114357,4.75186,50.10515,2
114358,4.76001,50.10369,2
114359,4.75978,50.10357,2
114360,4.75953,50.10349,2
114361,4.75924,50.1035,2
114362,4.75899,50.10353,2
114363,4.75829,50.10346,2
114364,4.75801,50.1039,2
114365,4.75801,50.1039,2
114366,4.75756,50.10368,2
114367,4.75702,50.10378,2
114368,4.7592,50.10375,2
114369,4.75942,50.10396,2
114370,4.75963,50.10417,2
114371,4.76027,50.10481,2
114372,4.76006,50.10459,2
114373,4.76016,50.10517,2
114374,4.75984,50.10438,2
114375,4.76038,50.10503,2
114376,4.7603,50.10528,2
114377,4.76021,50.10553,2
114378,4.76008,50.1054,2
114379,4.76019,50.10577,2
114380,4.76075,50.10471,2
114381,4.76,50.10562,2
114382,4.76021,50.10495,2
114383,4.76012,50.1061,2
114384,4.7599,50.10645,2
114385,4.75953,50.10677,2
114386,4.75744,50.10824,2
114387,4.75786,50.10795,2
114388,4.76075,50.10471,2
114389,4.76075,50.10471,2
114390,4.75912,50.10707,2
114391,4.75828,50.10766,2
114392,4.7587,50.10736,2
114393,4.75912,50.10707,2
114394,4.76001,50.10475,2
114395,4.75981,50.10456,2
114396,4.75962,50.10436,2
114397,4.75942,50.10417,2
114398,4.75922,50.10398,2
114399,4.75883,50.10359,2
114400,4.75967,50.10435,2
114401,4.76345,50.10247,2
114402,4.75298,50.10376,2
114403,4.75418,50.10346,2
114404,4.75418,50.10346,2
114405,4.7611,50.10324,2
114406,4.76038,50.10308,2
114407,4.76018,50.10317,2
114408,4.76073,50.1031,2
114409,4.76005,50.10303,2
114410,4.75973,50.10295,2
114411,4.7588,50.10275,2
114412,4.75941,50.10288,2
114413,4.75045,50.10461,2
114414,4.75075,50.10451,2
114415,4.76356,50.1029,2
114416,4.76319,50.10288,2
114417,4.76341,50.10293,2
114418,4.76364,50.10299,2
114419,4.76386,50.10304,2
114420,4.76409,50.1031,2
114421,4.76361,50.10304,2
114422,4.76361,50.10304,2
114423,4.76361,50.10304,2
114424,4.76339,50.10224,2
114425,4.76339,50.10269,2
114426,4.76347,50.10259,2
114427,4.7633,50.10255,2
114428,4.76325,50.10236,2
114429,4.76336,50.10212,2
114430,4.76331,50.10195,2
114431,4.76325,50.10172,2
114432,4.7632,50.10217,2
114433,4.76316,50.10205,2
114434,4.76312,50.10191,2
114435,4.76322,50.10149,2
114436,4.76248,50.10335,2
114437,4.7631,50.10184,2
114438,4.76308,50.10177,2
114439,4.76306,50.1017,2
114440,4.76304,50.10163,2
114441,4.76304,50.10156,2
114442,4.76304,50.10149,2
114443,4.76304,50.10141,2
114444,4.76283,50.10149,2
114445,4.76312,50.10132,2
114446,4.76317,50.1013,2
114447,4.76322,50.10129,2
114448,4.75895,50.10351,2
114449,4.76328,50.10128,2
114450,4.76333,50.10126,2
114451,4.76338,50.10125,2
114452,4.76343,50.10124,2
114453,4.76354,50.10121,2
114454,4.76359,50.10119,2
114455,4.76374,50.10122,2
114456,4.76339,50.10132,2
114457,4.76339,50.10132,2
114458,4.76261,50.10354,2
114459,4.76376,50.10111,2
114460,4.76378,50.10105,2
114461,4.76261,50.10354,2
114462,4.76378,50.10097,2
114463,4.76525,50.11209,2
114464,4.76568,50.10892,2
114465,4.7636,50.10099,2
114466,4.76359,50.10091,2
114467,4.76359,50.10084,2
114468,4.76358,50.10077,2
114469,4.76377,50.10089,2
114470,4.76376,50.10081,2
114471,4.76075,50.10471,2
114472,4.76357,50.1007,2
114473,4.76357,50.10063,2
114474,4.76375,50.10064,2
114475,4.76374,50.10056,2
114476,4.763646,50.100518,2
114477,4.76346,50.09959,2
114478,4.763646,50.100518,2
114479,4.763646,50.100518,2
114480,4.7641,50.10053,2
114481,4.76374,50.10043,2
114482,4.76356,50.10043,2
114483,4.76356,50.10026,2
114484,4.76356,50.10026,2
114485,4.76473,50.11342,2
114486,4.76473,50.11342,2
114487,4.76356,50.10056,2
114488,4.75271,50.1046,2
114489,4.76525,50.11209,2
114490,4.76374,50.10026,2
114491,4.76525,50.11209,2
114492,4.76382,50.10646,2
114493,4.76369,50.10009,2
114494,4.75461,50.10553,2
114495,4.76361,50.09992,2
114496,4.76354,50.09975,2
114497,4.76345,50.10523,2
114498,4.76351,50.1001,2
114499,4.76248,50.10335,2
114500,4.76343,50.09994,2
114501,4.76343,50.09994,2
114502,4.76248,50.10335,2
114503,4.76336,50.09978,2
114504,4.75625,50.10343,2
114505,4.76329,50.09961,2
114506,4.76356,50.1029,2
114507,4.76084,50.09894,2
114508,4.7633,50.1028,2
114509,4.76322,50.09945,2
114510,4.76345,50.10247,2
114511,4.76369,50.10077,2
114512,4.76374,50.10026,2
114513,4.76369,50.10077,2
114514,4.75258,50.12063,2
114515,4.76339,50.09942,2
114516,4.76306,50.09898,2
114517,4.76195,50.09898,2
114518,4.75963,50.0989,2
114519,4.75963,50.0989,2
114520,4.76067,50.09902,2
114521,4.75845,50.0987,2
114522,4.764101,50.100967,2
114523,4.76488,50.10093,2
114524,4.7644,50.10094,2
114525,4.76488,50.10093,2
114526,4.76375,50.10116,2
114527,4.76375,50.10116,2
114528,4.76469,50.10107,2
114529,4.76483,50.10116,2
114530,4.76443,50.10118,2
114531,4.76506,50.10138,2
114532,4.76443,50.10118,2
114533,4.7645,50.10178,2
114534,4.7641,50.10198,2
114535,4.76409,50.10205,2
114536,4.76411,50.10214,2
114537,4.76413,50.10223,2
114538,4.76392,50.10208,2
114539,4.76394,50.10219,2
114540,4.76396,50.1023,2
114541,4.76395,50.1016,2
114542,4.76398,50.10241,2
114543,4.76382,50.10209,2
114544,4.76345,50.10212,2
114545,4.76393,50.10195,2
114546,4.76411,50.10183,2
114547,4.76409,50.10171,2
114548,4.76394,50.10185,2
114549,4.76391,50.10172,2
114550,4.76388,50.10159,2
114551,4.76261,50.10354,2
114552,4.76386,50.10147,2
114553,4.76401,50.10132,2
114554,4.76395,50.1016,2
114555,4.76411,50.10129,2
114556,4.76415,50.10116,2
114557,4.75786,50.10301,2
114558,4.75445,50.10481,2
114559,4.75609,50.10339,2
114560,4.75625,50.10343,2
114561,4.757,50.10324,2
114562,4.75517,50.10353,2
114563,4.75457,50.1036,2
114564,4.75478,50.10337,2
114565,4.75425,50.10362,2
114566,4.75271,50.1046,2
114567,4.75271,50.1046,2
114568,4.75271,50.1046,2
114569,4.75028,50.10501,2
114570,4.74959,50.10501,2
114571,4.75092,50.10485,2
114572,4.752684,50.10572,2
114573,4.75131,50.10493,2
114574,4.75271,50.1046,2
114575,4.75152,50.10508,2
114576,4.75173,50.10523,2
114577,4.75271,50.1046,2
114578,4.75194,50.10538,2
114579,4.75215,50.10553,2
114580,4.75271,50.1046,2
114581,4.75232,50.10569,2
114582,4.75248,50.10564,2
114583,4.75271,50.1046,2
114584,4.75228,50.10545,2
114585,4.75207,50.1053,2
114586,4.75271,50.1046,2
114587,4.75186,50.10515,2
114588,4.75166,50.10501,2
114589,4.75271,50.1046,2
114590,4.75145,50.10486,2
114591,4.75119,50.10457,2
114592,4.75271,50.1046,2
114593,4.75226,50.10458,2
114594,4.75271,50.1046,2
114595,4.75158,50.10469,2
114596,4.75163,50.1048,2
114597,4.75271,50.10467,2
114598,4.75256,50.10451,2
114599,4.75261,50.10436,2
114600,4.75278,50.10428,2
114601,4.75302,50.10425,2
114602,4.75325,50.10422,2
114603,4.75349,50.10419,2
114604,4.75372,50.10417,2
114605,4.75396,50.10414,2
114606,4.7534,50.10426,2
114607,4.75394,50.10426,2
114608,4.75362,50.1043,2
114609,4.75329,50.10434,2
114610,4.75359,50.10469,2
114611,4.75296,50.10438,2
114612,4.75275,50.10451,2
114613,4.75277,50.10487,2
114614,4.75277,50.10487,2
114615,4.75302,50.10518,2
114616,4.75325,50.10514,2
114617,4.75347,50.10505,2
114618,4.75337,50.10523,2
114619,4.75365,50.10512,2
114620,4.7524,50.10565,2
114621,4.75393,50.10501,2
114622,4.7524,50.10565,2
114623,4.75421,50.1049,2
114624,4.7524,50.10565,2
114625,4.7537,50.10496,2
114626,4.7524,50.10565,2
114627,4.75392,50.10487,2
114628,4.7524,50.10565,2
114629,4.75415,50.10479,2
114630,4.7524,50.10565,2
114631,4.75462,50.10493,2
114632,4.7524,50.10565,2
114633,4.75478,50.10505,2
114634,4.7524,50.10565,2
114635,4.75494,50.10517,2
114636,4.7524,50.10565,2
114637,4.7551,50.10527,2
114638,4.7524,50.10565,2
114639,4.75528,50.10538,2
114640,4.7524,50.10565,2
114641,4.75545,50.10548,2
114642,4.7524,50.10565,2
114643,4.75562,50.10559,2
114644,4.7524,50.10565,2
114645,4.7558,50.1057,2
114646,4.7524,50.10565,2
114647,4.75565,50.10577,2
114648,4.7524,50.10565,2
114649,4.75543,50.10563,2
114650,4.7524,50.10565,2
114651,4.75522,50.1055,2
114652,4.7524,50.10565,2
114653,4.755,50.10537,2
114654,4.75486,50.10551,2
114655,4.75479,50.10534,2
114656,4.75431,50.10566,2
114657,4.75401,50.10579,2
114658,4.75428,50.10581,2
114659,4.75412,50.10595,2
114660,4.75444,50.10601,2
114661,4.75439,50.10568,2
114662,4.7546,50.10611,2
114663,4.75444,50.10614,2
114664,4.75427,50.10617,2
114665,4.75413,50.10614,2
114666,4.75402,50.10606,2
114667,4.7539,50.10598,2
114668,4.75374,50.10585,2
114669,4.75352,50.10569,2
114670,4.75333,50.10551,2
114671,4.75318,50.10535,2
114672,4.76075,50.10471,2
114673,4.76525,50.11209,2
114674,4.75418,50.10346,2
114675,4.76382,50.10646,2
114676,4.769573,50.111985,2
114677,4.76382,50.10646,2
114678,4.7661,50.11213,2
114679,4.76634,50.11249,2
114680,4.76587,50.11247,2
114681,4.76626,50.11209,2
114682,4.76662,50.11255,2
114683,4.76539,50.11277,2
114684,4.76474,50.11306,2
114685,4.772517,50.117728,2
114686,4.76473,50.11342,2
114687,4.76524,50.11271,2
114688,4.76564,50.11235,2
114689,4.76462,50.11297,2
114690,4.76456,50.11328,2
114691,4.766293,50.112895,2
114692,4.766293,50.112895,2
114693,4.766293,50.112895,2
114694,4.76477,50.11337,2
114695,4.76477,50.11337,2
114696,4.76473,50.11342,2
114697,4.76473,50.11342,2
114698,4.76473,50.11342,2
114699,4.76473,50.11342,2
114700,4.76477,50.11337,2
114701,4.76261,50.10354,2
114702,4.76477,50.11337,2
114703,4.76473,50.11342,2
114704,4.76473,50.11342,2
114705,4.76473,50.11342,2
114706,4.76473,50.11342,2
114707,4.76473,50.11342,2
114708,4.76473,50.11342,2
114709,4.76473,50.11342,2
114710,4.762476,50.112207,2
114711,4.76473,50.11342,2
114712,4.76473,50.11342,2
114713,4.76355,50.11245,2
114714,4.76383,50.11239,2
114715,4.76469,50.11225,2
114716,4.76473,50.11342,2
114717,4.76473,50.11342,2
114718,4.7641,50.11234,2
114719,4.76473,50.11342,2
114720,4.76499,50.1122,2
114721,4.76377,50.11228,2
114722,4.76509,50.11205,2
114723,4.76558,50.11205,2
114724,4.76566,50.11191,2
114725,4.76564,50.11242,2
114726,4.76587,50.11198,2
114727,4.76609,50.11179,2
114728,4.76568,50.10892,2
114729,4.76382,50.10646,2
114730,4.76663,50.10914,2
114731,4.76523,50.10813,2
114732,4.76501,50.10799,2
114733,4.76475,50.10783,2
114734,4.76488,50.10775,2
114735,4.76446,50.10761,2
114736,4.76466,50.10759,2
114737,4.76455,50.1075,2
114738,4.76431,50.10748,2
114739,4.76444,50.10738,2
114740,4.76325,50.10521,2
114741,4.76424,50.1074,2
114742,4.76408,50.10719,2
114743,4.764,50.10703,2
114744,4.76382,50.10646,2
114745,4.76382,50.10646,2
114746,4.76417,50.10699,2
114747,4.76294,50.10412,2
114748,4.76943,49.85188,2
114749,4.76836,49.85117,2
114750,4.76696,49.85077,2
114751,4.76704,49.85061,2
114752,4.76707,49.85056,2
114753,4.76712,49.85045,2
114754,4.76712,49.85045,2
114755,4.76712,49.85045,2
114756,4.76712,49.85045,2
114757,4.76715,49.85039,2
114758,4.76721,49.85029,2
114759,4.76718,49.85034,2
114760,4.76723,49.85023,2
114761,4.76726,49.85018,2
114762,4.76729,49.85012,2
114763,4.76731,49.85007,2
114764,4.76731,49.85007,2
114765,4.76731,49.85007,2
114766,4.76734,49.85001,2
114767,4.76919,49.84684,2
114768,4.76919,49.84684,2
114769,4.76919,49.84684,2
114770,4.76919,49.84684,2
114771,4.76919,49.84684,2
114772,4.76919,49.84684,2
114773,4.76919,49.84684,2
114774,4.76919,49.84684,2
114775,4.76919,49.84684,2
114776,4.76919,49.84684,2
114777,4.76919,49.84684,2
114778,4.76919,49.84684,2
114779,4.76919,49.84684,2
114780,4.76919,49.84684,2
114781,4.76919,49.84684,2
114782,4.76919,49.84684,2
114783,4.76919,49.84684,2
114784,4.76919,49.84684,2
114785,4.76919,49.84684,2
114786,4.76919,49.84684,2
114787,4.76969,49.84636,2
114788,4.76969,49.84636,2
114789,4.76969,49.84636,2
114790,4.76969,49.84636,2
114791,4.76969,49.84636,2
114792,4.76969,49.84636,2
114793,4.76969,49.84636,2
114794,4.76969,49.84636,2
114795,4.76969,49.84636,2
114796,4.76969,49.84636,2
114797,4.76969,49.84636,2
114798,4.76969,49.84636,2
114799,4.76969,49.84636,2
114800,4.76969,49.84636,2
114801,4.76969,49.84636,2
114802,4.76969,49.84636,2
114803,4.76969,49.84636,2
114804,4.76969,49.84636,2
114805,4.76969,49.84636,2
114806,4.76969,49.84636,2
114807,4.77246,49.84684,2
114808,4.77317,49.84745,2
114809,4.77166,49.84731,2
114810,4.77285,49.84712,2
114811,4.77294,49.84702,2
114812,4.77317,49.84745,2
114813,4.77261,49.84703,2
114814,4.77303,49.84724,2
114815,4.77326,49.84765,2
114816,4.77337,49.84756,2
114817,4.77317,49.84745,2
114818,4.77303,49.84724,2
114819,4.773,49.8474,2
114820,4.77337,49.84756,2
114821,4.77559,49.84358,2
114822,4.76696,49.8513,2
114823,4.76674,49.85083,2
114824,4.76919,49.84684,2
114825,4.76969,49.84636,2
114826,4.76969,49.84636,2
114827,4.76914,49.85198,2
114828,4.76757,49.85172,2
114829,4.76763,49.85177,2
114830,4.76714,49.85141,2
114831,4.76704,49.85135,2
114832,4.76678,49.85119,2
114833,4.7667,49.85113,2
114834,4.76665,49.85093,2
114835,4.76694,49.85044,2
114836,4.7671,49.85012,2
114837,4.76714,49.85004,2
114838,4.76691,49.85088,2
114839,4.76836,49.85117,2
114840,4.76836,49.85117,2
114841,4.76712,49.85045,2
114842,4.77135,49.84621,2
114843,4.76665,49.85093,2
114844,4.76694,49.85044,2
114845,4.76646,49.85153,2
114846,4.75777,49.86308,2
114847,4.76875,49.8522,2
114848,4.77294,49.84702,2
114849,4.76875,49.8522,2
114850,4.77294,49.84702,2
114851,4.76875,49.8522,2
114852,4.76914,49.85198,2
114853,4.76914,49.85198,2
114854,4.76914,49.85198,2
114855,4.76914,49.85198,2
114856,4.76914,49.85198,2
114857,4.76694,49.85044,2
114858,4.76914,49.85198,2
114859,4.76914,49.85198,2
114860,4.76914,49.85198,2
114861,4.76872,49.85215,2
114862,4.76798,49.85214,2
114863,4.76794,49.85209,2
114864,4.76783,49.85198,2
114865,4.76778,49.85193,2
114866,4.76773,49.85188,2
114867,4.76768,49.85182,2
114868,4.76763,49.85177,2
114869,4.76757,49.85172,2
114870,4.76757,49.85172,2
114871,4.76757,49.85172,2
114872,4.76757,49.85172,2
114873,4.76757,49.85172,2
114874,4.76763,49.85177,2
114875,4.76763,49.85177,2
114876,4.76763,49.85177,2
114877,4.76763,49.85177,2
114878,4.76763,49.85177,2
114879,4.76752,49.85167,2
114880,4.76747,49.85161,2
114881,4.7672,49.85153,2
114882,4.7672,49.85153,2
114883,4.7672,49.85153,2
114884,4.76725,49.85148,2
114885,4.773201,49.850311,2
114886,4.76696,49.8513,2
114887,4.76875,49.8522,2
114888,4.76687,49.85124,2
114889,4.76678,49.85119,2
114890,4.7667,49.85113,2
114891,4.76665,49.85093,2
114892,4.76665,49.85093,2
114893,4.76678,49.85076,2
114894,4.76682,49.85068,2
114895,4.76686,49.8506,2
114896,4.7669,49.85052,2
114897,4.76698,49.85036,2
114898,4.76702,49.85028,2
114899,4.76706,49.8502,2
114900,4.76633,49.85031,2
114901,4.76718,49.84996,2
114902,4.76721,49.85029,2
114903,4.76722,49.84988,2
114904,4.76673,49.85104,2
114905,4.76679,49.851,2
114906,4.76685,49.85095,2
114907,4.76738,49.85101,2
114908,4.76702,49.85109,2
114909,4.7672,49.85099,2
114910,4.76702,49.85098,2
114911,4.76756,49.85102,2
114912,4.76774,49.85103,2
114913,4.7683,49.85123,2
114914,4.76836,49.85117,2
114915,4.76836,49.85117,2
114916,4.76804,49.85088,2
114917,4.76794,49.85095,2
114918,4.7683,49.85123,2
114919,4.7683,49.85123,2
114920,4.7683,49.85123,2
114921,4.76805,49.85099,2
114922,4.76815,49.85103,2
114923,4.76815,49.85103,2
114924,4.76815,49.85103,2
114925,4.76815,49.85103,2
114926,4.76903,49.85174,2
114927,4.76928,49.85176,2
114928,4.76928,49.85176,2
114929,4.76928,49.85176,2
114930,4.76928,49.85176,2
114931,4.77315,49.84714,2
114932,4.77315,49.84714,2
114933,4.76936,49.85182,2
114934,4.76936,49.85182,2
114935,4.76928,49.85176,2
114936,4.76943,49.85188,2
114937,4.76936,49.85182,2
114938,4.76936,49.85182,2
114939,4.76936,49.85182,2
114940,4.76943,49.85188,2
114941,4.76943,49.85188,2
114942,4.70665,49.77695,2
114943,4.70665,49.77695,2
114944,4.70665,49.77695,2
114945,4.70665,49.77695,2
114946,4.70696,49.77727,2
114947,4.70704,49.77736,2
114948,4.70712,49.77744,2
114949,4.7072,49.77752,2
114950,4.70735,49.77768,2
114951,4.70759,49.77793,2
114952,4.70767,49.77801,2
114953,4.70774,49.77809,2
114954,4.70782,49.77818,2
114955,4.70782,49.77818,2
114956,4.708,49.77835,2
114957,4.70818,49.77853,2
114958,4.70827,49.77862,2
114959,4.70836,49.7787,2
114960,4.70846,49.77879,2
114961,4.70855,49.77888,2
114962,4.70864,49.77897,2
114963,4.70873,49.77906,2
114964,4.709,49.77932,2
114965,4.70891,49.77923,2
114966,4.70909,49.77941,2
114967,4.70918,49.7795,2
114968,4.70937,49.77967,2
114969,4.70937,49.77967,2
114970,4.70946,49.77976,2
114971,4.70955,49.77985,2
114972,4.70988,49.77997,2
114973,4.70968,49.77977,2
114974,4.70968,49.77977,2
114975,4.70968,49.77977,2
114976,4.70968,49.77977,2
114977,4.70968,49.77977,2
114978,4.70968,49.77977,2
114979,4.70968,49.77977,2
114980,4.70968,49.77977,2
114981,4.70943,49.77953,2
114982,4.70956,49.77965,2
114983,4.70869,49.77881,2
114984,4.70857,49.77869,2
114985,4.70906,49.77917,2
114986,4.70845,49.77857,2
114987,4.70869,49.77881,2
114988,4.7082,49.77833,2
114989,4.7082,49.77833,2
114990,4.70797,49.77811,2
114991,4.70789,49.77803,2
114992,4.70781,49.77794,2
114993,4.70772,49.77785,2
114994,4.70764,49.77776,2
114995,4.70747,49.77759,2
114996,4.70739,49.7775,2
114997,4.7073,49.77741,2
114998,4.70722,49.77733,2
114999,4.70714,49.77724,2
115000,4.70705,49.77715,2
115001,4.70689,49.77698,2
115002,4.70477,49.77692,2
115003,4.7047,49.77686,2
115004,4.70451,49.77668,2
115005,4.70461,49.77677,2
115006,4.70431,49.77648,2
115007,4.71123,49.77639,2
115008,4.71117,49.77628,2
115009,4.71174,49.77616,2
115010,4.71174,49.77616,2
115011,4.7118,49.77627,2
115012,4.71117,49.77628,2
115013,4.71081,49.77639,2
115014,4.7112,49.77669,2
115015,4.71129,49.77684,2
115016,4.71131,49.77673,2
115017,4.71163,49.77665,2
115018,4.71194,49.77658,2
115019,4.71145,49.77682,2
115020,4.71145,49.77682,2
115021,4.71094,49.77705,2
115022,4.71117,49.77698,2
115023,4.71103,49.77674,2
115024,4.71075,49.77632,2
115025,4.71049,49.7764,2
115026,4.71072,49.77634,2
115027,4.71049,49.7764,2
115028,4.71027,49.77646,2
115029,4.71005,49.77653,2
115030,4.70916,49.77661,2
115031,4.71009,49.77639,2
115032,4.71009,49.77639,2
115033,4.71009,49.77639,2
115034,4.71009,49.77639,2
115035,4.71009,49.77639,2
115036,4.70982,49.77659,2
115037,4.7109,49.77653,2
115038,4.71112,49.77688,2
115039,4.70982,49.77659,2
115040,4.70982,49.77659,2
115041,4.7096,49.77665,2
115042,4.7096,49.77665,2
115043,4.7088,49.77678,2
115044,4.7078,49.77689,2
115045,4.70614,49.77697,2
115046,4.70429,49.77739,2
115047,4.70501,49.77708,2
115048,4.70492,49.77711,2
115049,4.70497,49.77712,2
115050,4.70475,49.77715,2
115051,4.70193,49.77784,2
115052,4.70413,49.77731,2
115053,4.70345,49.77748,2
115054,4.70762,49.77836,2
115055,4.70762,49.77836,2
115056,4.70762,49.77836,2
115057,4.70762,49.77836,2
115058,4.70762,49.77836,2
115059,4.70762,49.77836,2
115060,4.70776,49.77831,2
115061,4.70776,49.77831,2
115062,4.70776,49.77831,2
115063,4.70776,49.77831,2
115064,4.70776,49.77831,2
115065,4.70776,49.77831,2
115066,4.70776,49.77831,2
115067,4.70776,49.77831,2
115068,4.70791,49.77826,2
115069,4.70791,49.77826,2
115070,4.70791,49.77826,2
115071,4.70791,49.77826,2
115072,4.70968,49.77977,2
115073,4.70968,49.77977,2
115074,4.70791,49.77826,2
115075,4.70762,49.77836,2
115076,4.70791,49.77826,2
115077,4.70791,49.77826,2
115078,4.70791,49.77826,2
115079,4.70791,49.77826,2
115080,4.70665,49.77695,2
115081,4.7068,49.77711,2
115082,4.70946,49.77976,2
115083,4.71044,49.78072,2
115084,4.70955,49.77985,2
115085,4.70968,49.77977,2
115086,4.7109,49.77653,2
115087,4.71009,49.77639,2
115088,4.70982,49.77659,2
115089,4.70907,49.77674,2
115090,4.70651,49.77695,2
115091,4.70483,49.77713,2
115092,4.70501,49.77708,2
115093,4.70475,49.77715,2
115094,4.70466,49.77717,2
115095,4.70882,49.77915,2
115096,4.70452,49.77721,2
115097,4.70919,49.77929,2
115098,4.70919,49.77929,2
115099,4.70919,49.77929,2
115100,4.70919,49.77929,2
115101,4.70919,49.77929,2
115102,4.70919,49.77929,2
115103,4.70919,49.77929,2
115104,4.70919,49.77929,2
115105,4.71009,49.77639,2
115106,4.743494,49.767204,2
115107,4.74205,49.76903,2
115108,4.74205,49.76903,2
115109,4.74205,49.76903,2
115110,4.78095,49.76849,2
115111,4.78095,49.76849,2
115112,4.74068,49.77037,2
115113,4.74068,49.77037,2
115114,4.74068,49.77037,2
115115,4.74558,49.76854,2
115116,4.74427,49.76878,2
115117,4.74496,49.76862,2
115118,4.74068,49.77037,2
115119,4.73828,49.77182,2
115120,4.73936,49.77039,2
115121,4.73936,49.77039,2
115122,4.73936,49.77039,2
115123,4.73936,49.77039,2
115124,4.73635,49.7738,2
115125,4.73634,49.77371,2
115126,4.73634,49.77371,2
115127,4.73633,49.77361,2
115128,4.73633,49.77361,2
115129,4.73633,49.77361,2
115130,4.73632,49.77352,2
115131,4.7363,49.77342,2
115132,4.73629,49.77333,2
115133,4.73628,49.77323,2
115134,4.73607,49.77376,2
115135,4.73617,49.7738,2
115136,4.73615,49.77366,2
115137,4.73614,49.77353,2
115138,4.73605,49.77292,2
115139,4.73612,49.77339,2
115140,4.7361,49.77326,2
115141,4.73623,49.77301,2
115142,4.73623,49.77292,2
115143,4.73623,49.77284,2
115144,4.73623,49.77275,2
115145,4.73623,49.77267,2
115146,4.73596,49.77284,2
115147,4.73573,49.773,2
115148,4.73631,49.77314,2
115149,4.73706,49.77321,2
115150,4.73654,49.77317,2
115151,4.73525,49.77223,2
115152,4.78095,49.76849,2
115153,4.73677,49.7732,2
115154,4.73699,49.77323,2
115155,4.74079,49.76974,2
115156,4.74016,49.76994,2
115157,4.73706,49.77321,2
115158,4.73706,49.77321,2
115159,4.74068,49.77037,2
115160,4.73753,49.77286,2
115161,4.74191,49.76975,2
115162,4.73662,49.7733,2
115163,4.73774,49.77257,2
115164,4.7372,49.77328,2
115165,4.73727,49.7732,2
115166,4.73733,49.77312,2
115167,4.7374,49.77303,2
115168,4.73746,49.77295,2
115169,4.73716,49.77308,2
115170,4.73735,49.77283,2
115171,4.73735,49.77283,2
115172,4.73911,49.77199,2
115173,4.73911,49.77199,2
115174,4.73911,49.77199,2
115175,4.73563,49.77369,2
115176,4.7352,49.77362,2
115177,4.73442,49.77331,2
115178,4.73418,49.77313,2
115179,4.73413,49.77288,2
115180,4.73528,49.77332,2
115181,4.73551,49.77316,2
115182,4.73573,49.773,2
115183,4.73518,49.77337,2
115184,4.73501,49.77333,2
115185,4.73774,49.77257,2
115186,4.73484,49.77329,2
115187,4.73468,49.77326,2
115188,4.73452,49.77326,2
115189,4.73444,49.77336,2
115190,4.73511,49.77347,2
115191,4.73494,49.77344,2
115192,4.73476,49.7734,2
115193,4.73462,49.77341,2
115194,4.73444,49.77057,2
115195,4.73449,49.77138,2
115196,4.73456,49.77196,2
115197,4.73508,49.77229,2
115198,4.73465,49.77235,2
115199,4.73524,49.7724,2
115200,4.73535,49.77236,2
115201,4.73503,49.7723,2
115202,4.735,49.7721,2
115203,4.73506,49.77188,2
115204,4.73508,49.77167,2
115205,4.73497,49.77146,2
115206,4.73523,49.77191,2
115207,4.73519,49.77152,2
115208,4.73525,49.77223,2
115209,4.73525,49.77223,2
115210,4.73525,49.77223,2
115211,4.73594,49.77194,2
115212,4.73612,49.77195,2
115213,4.73809,49.76848,2
115214,4.73702,49.77201,2
115215,4.73702,49.77201,2
115216,4.74647,49.76271,2
115217,4.74637,49.76269,2
115218,4.74645,49.76259,2
115219,4.74645,49.76259,2
115220,4.736111,49.772121,2
115221,4.73732,49.77166,2
115222,4.73807,49.77124,2
115223,4.7377,49.77145,2
115224,4.73845,49.77104,2
115225,4.73883,49.77083,2
115226,4.73921,49.77063,2
115227,4.73953,49.77045,2
115228,4.73978,49.77031,2
115229,4.74003,49.77017,2
115230,4.74028,49.77002,2
115231,4.73706,49.77165,2
115232,4.74053,49.76988,2
115233,4.73723,49.77155,2
115234,4.73741,49.77145,2
115235,4.73759,49.77135,2
115236,4.73777,49.77126,2
115237,4.73795,49.77116,2
115238,4.73812,49.77106,2
115239,4.73902,49.77058,2
115240,4.73848,49.77087,2
115241,4.7383,49.77097,2
115242,4.73919,49.77048,2
115243,4.73936,49.77039,2
115244,4.73952,49.7703,2
115245,4.73936,49.77039,2
115246,4.73968,49.77021,2
115247,4.74079,49.76974,2
115248,4.73984,49.77012,2
115249,4.74,49.77003,2
115250,4.74104,49.7696,2
115251,4.74016,49.76994,2
115252,4.74032,49.76985,2
115253,4.74048,49.76976,2
115254,4.74064,49.76967,2
115255,4.74079,49.76958,2
115256,4.74095,49.76949,2
115257,4.74111,49.7694,2
115258,4.74127,49.76931,2
115259,4.74127,49.76931,2
115260,4.74127,49.76931,2
115261,4.74003,49.77017,2
115262,4.74003,49.77017,2
115263,4.74205,49.76903,2
115264,4.7423,49.76889,2
115265,4.7418,49.76917,2
115266,4.74143,49.76922,2
115267,4.74159,49.76913,2
115268,4.74175,49.76904,2
115269,4.74191,49.76895,2
115270,4.74207,49.76886,2
115271,4.74223,49.76877,2
115272,4.7433,49.76579,2
115273,4.74332,49.76588,2
115274,4.74334,49.76597,2
115275,4.742661,49.768362,2
115276,4.74306,49.76926,2
115277,4.74337,49.76615,2
115278,4.74363,49.76901,2
115279,4.74339,49.76624,2
115280,4.743072,49.767958,2
115281,4.74363,49.76745,2
115282,4.74343,49.76642,2
115283,4.74344,49.76651,2
115284,4.74346,49.76661,2
115285,4.74348,49.7667,2
115286,4.7435,49.76732,2
115287,4.73702,49.77201,2
115288,4.73828,49.77182,2
115289,4.73828,49.77182,2
115290,4.73828,49.77182,2
115291,4.73828,49.77182,2
115292,4.73828,49.77182,2
115293,4.73855,49.77165,2
115294,4.73879,49.77144,2
115295,4.73904,49.77123,2
115296,4.73928,49.77102,2
115297,4.73972,49.7707,2
115298,4.73972,49.7707,2
115299,4.73623,49.77284,2
115300,4.73928,49.77102,2
115301,4.73972,49.7707,2
115302,4.73879,49.77144,2
115303,4.74048,49.77037,2
115304,4.74068,49.77037,2
115305,4.74124,49.77004,2
115306,4.74191,49.76975,2
115307,4.74249,49.7695,2
115308,4.74191,49.76975,2
115309,4.74431,49.76883,2
115310,4.74431,49.76883,2
115311,4.70418,50.0076,2
115312,4.70271,50.00739,2
115313,4.70418,50.0076,2
115314,4.70418,50.0076,2
115315,4.70418,50.0076,2
115316,4.70244,50.00775,2
115317,4.70376,50.00534,2
115318,4.70381,50.00526,2
115319,4.70381,50.00526,2
115320,4.70251,50.00731,2
115321,4.70265,50.00738,2
115322,4.70273,50.00725,2
115323,4.71071,50.00223,2
115324,4.70274,50.00692,2
115325,4.70288,50.00684,2
115326,4.70273,50.00725,2
115327,4.70285,50.00673,2
115328,4.70281,50.00712,2
115329,4.70288,50.007,2
115330,4.70296,50.00687,2
115331,4.70308,50.00634,2
115332,4.70312,50.00661,2
115333,4.70327,50.00635,2
115334,4.70304,50.00674,2
115335,4.7036,50.00586,2
115336,4.70383,50.00552,2
115337,4.70395,50.00535,2
115338,4.70288,50.00684,2
115339,4.70288,50.00684,2
115340,4.70288,50.00684,2
115341,4.70288,50.00684,2
115342,4.70336,50.0062,2
115343,4.70357,50.00493,2
115344,4.70357,50.00493,2
115345,4.70357,50.00493,2
115346,4.70407,50.00517,2
115347,4.70357,50.00493,2
115348,4.70357,50.00493,2
115349,4.70357,50.00493,2
115350,4.70357,50.00493,2
115351,4.70357,50.00493,2
115352,4.70357,50.00493,2
115353,4.70357,50.00493,2
115354,4.70357,50.00493,2
115355,4.70357,50.00493,2
115356,4.70357,50.00493,2
115357,4.70357,50.00493,2
115358,4.70357,50.00493,2
115359,4.70357,50.00493,2
115360,4.70357,50.00493,2
115361,4.70357,50.00493,2
115362,4.70357,50.00493,2
115363,4.70357,50.00493,2
115364,4.70357,50.00493,2
115365,4.70288,50.00684,2
115366,4.70357,50.00493,2
115367,4.70357,50.00493,2
115368,4.70357,50.00493,2
115369,4.70357,50.00493,2
115370,4.70357,50.00493,2
115371,4.70357,50.00493,2
115372,4.70357,50.00493,2
115373,4.70357,50.00493,2
115374,4.70357,50.00493,2
115375,4.70465,50.00518,2
115376,4.70448,50.0049,2
115377,4.705,50.00575,2
115378,4.70483,50.00547,2
115379,4.70433,50.00462,2
115380,4.7042,50.00435,2
115381,4.70409,50.00415,2
115382,4.70262,50.00109,2
115383,4.70397,50.00363,2
115384,4.70397,50.00363,2
115385,4.70397,50.00363,2
115386,4.70764,50.00348,2
115387,4.70764,50.00348,2
115388,4.70764,50.00348,2
115389,4.70764,50.00348,2
115390,4.70764,50.00348,2
115391,4.70764,50.00348,2
115392,4.70764,50.00348,2
115393,4.70764,50.00348,2
115394,4.70764,50.00348,2
115395,4.70764,50.00348,2
115396,4.70764,50.00348,2
115397,4.70764,50.00348,2
115398,4.70764,50.00348,2
115399,4.70764,50.00348,2
115400,4.70397,50.00363,2
115401,4.70764,50.00348,2
115402,4.70764,50.00348,2
115403,4.70764,50.00348,2
115404,4.70764,50.00348,2
115405,4.70764,50.00348,2
115406,4.70764,50.00348,2
115407,4.70764,50.00348,2
115408,4.70764,50.00348,2
115409,4.71084,50.00315,2
115410,4.7075,50.00382,2
115411,4.70759,50.00344,2
115412,4.70775,50.00324,2
115413,4.70729,50.00383,2
115414,4.70744,50.00363,2
115415,4.7107,50.00325,2
115416,4.71047,50.0031,2
115417,4.70791,50.00305,2
115418,4.70824,50.00291,2
115419,4.70775,50.00324,2
115420,4.71012,50.00317,2
115421,4.7101,50.00305,2
115422,4.70954,50.0031,2
115423,4.70373,50.00356,2
115424,4.70294,50.00191,2
115425,4.70289,50.00179,2
115426,4.7033,50.00251,2
115427,4.70355,50.00326,2
115428,4.70862,50.00287,2
115429,4.70346,50.00311,2
115430,4.70329,50.00282,2
115431,4.70764,50.00348,2
115432,4.70311,50.00252,2
115433,4.70284,50.00207,2
115434,4.70277,50.00194,2
115435,4.70747,50.00281,2
115436,4.70696,50.00276,2
115437,4.70596,50.00266,2
115438,4.70496,50.00256,2
115439,4.70797,50.00286,2
115440,4.70419,50.00246,2
115441,4.70354,50.00229,2
115442,4.70307,50.00195,2
115443,4.70277,50.00145,2
115444,4.70275,50.00133,2
115445,4.70267,50.0017,2
115446,4.70262,50.00159,2
115447,4.70293,50.00222,2
115448,4.7026,50.00147,2
115449,4.7027,50.00109,2
115450,4.7027,50.00109,2
115451,4.70257,50.00135,2
115452,4.70255,50.00123,2
115453,4.70253,50.00111,2
115454,4.7025,50.00099,2
115455,4.70248,50.00087,2
115456,4.70246,50.00076,2
115457,4.70266,50.00086,2
115458,4.70266,50.00086,2
115459,4.70261,50.00062,2
115460,4.70263,50.00074,2
115461,4.70243,50.00064,2
115462,4.7023,50.00031,2
115463,4.70103,49.99888,2
115464,4.70241,50.00052,2
115465,4.70314,50.00754,2
115466,4.70764,50.00348,2
115467,4.7037,50.00542,2
115468,4.70335,50.00594,2
115469,4.70357,50.00493,2
115470,4.704903,50.005577,2
115471,4.70764,50.00348,2
115472,4.70764,50.00348,2
115473,4.70764,50.00348,2
115474,4.70764,50.00348,2
115475,4.70764,50.00348,2
115476,4.70383,50.00245,2
115477,4.70383,50.00245,2
115478,4.70383,50.00245,2
115479,4.70383,50.00245,2
115480,4.70383,50.00245,2
115481,4.70383,50.00245,2
115482,4.70764,50.00348,2
115483,4.70383,50.00552,2
115484,4.70418,50.0076,2
115485,4.7056,50.00777,2
115486,4.70418,50.0076,2
115487,4.70355,50.00758,2
115488,4.70478,50.0077,2
115489,4.70519,50.00773,2
115490,4.70355,50.00758,2
115491,4.70396,50.00762,2
115492,4.70534,50.00763,2
115493,4.70501,50.0076,2
115494,4.70468,50.00757,2
115495,4.70435,50.00754,2
115496,4.70402,50.00751,2
115497,4.7037,50.00748,2
115498,4.70272,50.0075,2
115499,4.70337,50.00745,2
115500,4.70418,50.0076,2
115501,4.70418,50.0076,2
115502,4.70418,50.0076,2
115503,4.70418,50.0076,2
115504,4.70418,50.0076,2
115505,4.72053,50.04869,2
115506,4.726744,50.0361,2
115507,4.72053,50.04869,2
115508,4.72005,50.05007,2
115509,4.71995,50.05332,2
115510,4.72005,50.05007,2
115511,4.72011,50.04993,2
115512,4.72016,50.04977,2
115513,4.7202,50.0496,2
115514,4.72024,50.04943,2
115515,4.72024,50.04943,2
115516,4.72028,50.04927,2
115517,4.72033,50.0491,2
115518,4.72037,50.04893,2
115519,4.72041,50.0488,2
115520,4.72044,50.0487,2
115521,4.72048,50.0486,2
115522,4.72051,50.04851,2
115523,4.72051,50.04851,2
115524,4.72058,50.04829,2
115525,4.72069,50.04796,2
115526,4.72053,50.04869,2
115527,4.72195,50.04872,2
115528,4.72024,50.04943,2
115529,4.72148,50.04802,2
115530,4.72148,50.04802,2
115531,4.72148,50.04802,2
115532,4.72148,50.04802,2
115533,4.72148,50.04802,2
115534,4.72143,50.04747,2
115535,4.72148,50.04802,2
115536,4.72148,50.04802,2
115537,4.72148,50.04802,2
115538,4.72186,50.04821,2
115539,4.72195,50.04872,2
115540,4.72148,50.04802,2
115541,4.72195,50.04872,2
115542,4.72148,50.04802,2
115543,4.72148,50.04802,2
115544,4.72195,50.04872,2
115545,4.725324,50.041175,2
115546,4.72195,50.04872,2
115547,4.72186,50.04872,2
115548,4.72195,50.04872,2
115549,4.72186,50.04897,2
115550,4.72195,50.04872,2
115551,4.72186,50.04923,2
115552,4.72195,50.04872,2
115553,4.72197,50.04994,2
115554,4.72197,50.04994,2
115555,4.72195,50.04872,2
115556,4.72197,50.05111,2
115557,4.72178,50.0521,2
115558,4.72195,50.04872,2
115559,4.72195,50.04872,2
115560,4.72153,50.05293,2
115561,4.72195,50.04872,2
115562,4.72195,50.04872,2
115563,4.72195,50.04872,2
115564,4.722032,50.046484,2
115565,4.72053,50.04869,2
115566,4.726479,50.03668,2
115567,4.726479,50.03668,2
115568,4.72053,50.04869,2
115569,4.72048,50.0486,2
115570,4.724623,50.04197,2
115571,4.721502,50.060684,2
115572,4.7258,50.03964,2
115573,4.7258,50.03964,2
115574,4.7258,50.03964,2
115575,4.7258,50.03964,2
115576,4.7258,50.03964,2
115577,4.7258,50.03964,2
115578,4.7258,50.03964,2
115579,4.72014,50.05016,2
115580,4.38501,49.48226,2
115581,4.38487,49.48502,2
115582,4.38477,49.48512,2
115583,4.38579,49.48554,2
115584,4.38259,49.48431,2
115585,4.38436,49.48481,2
115586,4.38487,49.48502,2
115587,4.38538,49.48523,2
115588,4.38337,49.48464,2
115589,4.38691,49.48386,2
115590,4.38337,49.48464,2
115591,4.38589,49.48545,2
115592,4.3834,49.48469,2
115593,4.38337,49.48464,2
115594,4.38337,49.48464,2
115595,4.38337,49.48464,2
115596,4.38337,49.48464,2
115597,4.3865,49.48376,2
115598,4.38552,49.48253,2
115599,4.38596,49.48327,2
115600,4.38453,49.48208,2
115601,4.38518,49.48227,2
115602,4.38435,49.48184,2
115603,4.38393,49.48162,2
115604,4.38629,49.48442,2
115605,4.38633,49.48484,2
115606,4.38625,49.48497,2
115607,4.3861,49.48463,2
115608,4.38607,49.48496,2
115609,4.38622,49.48522,2
115610,4.38602,49.48547,2
115611,4.38619,49.48548,2
115612,4.38616,49.48575,2
115613,4.38599,49.48564,2
115614,4.38597,49.48583,2
115615,4.38614,49.48606,2
115616,4.38596,49.48616,2
115617,4.38595,49.48634,2
115618,4.38611,49.48647,2
115619,4.38557,49.48675,2
115620,4.38557,49.48675,2
115621,4.38522,49.48693,2
115622,4.38543,49.48684,2
115623,4.38507,49.48704,2
115624,4.38476,49.48727,2
115625,4.38578,49.48674,2
115626,4.3865,49.48761,2
115627,4.38674,49.48806,2
115628,4.38596,49.48976,2
115629,4.38596,49.48976,2
115630,4.38596,49.48976,2
115631,4.3869,49.48786,2
115632,4.3874,49.48787,2
115633,4.38838,49.48797,2
115634,4.38887,49.48803,2
115635,4.38942,49.48819,2
115636,4.39051,49.48878,2
115637,4.3901,49.48858,2
115638,4.39009,49.48843,2
115639,4.385947,49.48948,2
115640,4.385667,49.490401,2
115641,4.38599,49.49009,2
115642,4.393462,49.489424,2
115643,4.38942,49.48819,2
115644,4.38767,49.48633,2
115645,4.3876,49.48754,2
115646,4.38768,49.48617,2
115647,4.38769,49.48602,2
115648,4.3874,49.48577,2
115649,4.38742,49.48642,2
115650,4.38675,49.48627,2
115651,4.38742,49.48642,2
115652,4.38667,49.48609,2
115653,4.38629,49.48592,2
115654,4.38767,49.48586,2
115655,4.38746,49.48559,2
115656,4.38756,49.48573,2
115657,4.38735,49.48545,2
115658,4.38724,49.48531,2
115659,4.38686,49.4852,2
115660,4.38692,49.48509,2
115661,4.38657,49.48508,2
115662,4.38627,49.48495,2
115663,4.38337,49.48464,2
115664,4.38337,49.48464,2
115665,4.38337,49.48464,2
115666,4.38885,49.483,2
115667,4.38415,49.481783,2
115668,4.38337,49.48464,2
115669,4.38337,49.48464,2
115670,4.38337,49.48464,2
115671,4.38337,49.48464,2
115672,4.38259,49.48431,2
115673,4.38337,49.48464,2
115674,4.3834,49.48469,2
115675,4.38411,49.48488,2
115676,4.38394,49.48482,2
115677,4.38388,49.48498,2
115678,4.38403,49.4851,2
115679,4.38382,49.48514,2
115680,4.38395,49.48532,2
115681,4.38376,49.4853,2
115682,4.38406,49.48551,2
115683,4.38372,49.48545,2
115684,4.38401,49.48573,2
115685,4.38385,49.48558,2
115686,4.38396,49.48596,2
115687,4.38378,49.4859,2
115688,4.38376,49.48606,2
115689,4.38397,49.48613,2
115690,4.38422,49.48617,2
115691,4.38421,49.48605,2
115692,4.3814,49.48423,2
115693,4.3869,49.48786,2
115694,4.3869,49.48786,2
115695,4.38337,49.48464,2
115696,4.38491,49.48716,2
115697,4.38501,49.48226,2
115698,4.38501,49.48226,2
115699,4.38691,49.48386,2
115700,4.38259,49.48431,2
115701,4.38501,49.48226,2
115702,4.38501,49.48226,2
115703,4.38501,49.48226,2
115704,4.38501,49.48226,2
115705,4.394496,49.490107,2
115706,4.38116,49.48391,2
115707,4.38337,49.48464,2
115708,4.38501,49.48226,2
115709,4.38612,49.48421,2
115710,4.38337,49.48464,2
115711,4.3865,49.48761,2
115712,4.38942,49.48819,2
115713,4.38259,49.48431,2
115714,4.38766,49.48648,2
115715,4.38501,49.48226,2
115716,4.3875,49.48621,2
115717,4.38712,49.48518,2
115718,4.38692,49.48509,2
115719,4.38337,49.48464,2
115720,4.38522,49.48693,2
115721,4.38522,49.48693,2
115722,4.38215,49.48602,2
115723,4.38528,49.48533,2
115724,4.38657,49.48508,2
115725,4.38129,49.4845,2
115726,4.38528,49.48533,2
115727,4.38528,49.48533,2
115728,4.38129,49.4845,2
115729,4.38942,49.48819,2
115730,4.38769,49.48602,2
115731,4.38885,49.483,2
115732,4.38137,49.48455,2
115733,4.74107,49.31581,2
115734,4.7403,49.31589,2
115735,4.74635,49.30882,2
115736,4.7451,49.31188,2
115737,4.7451,49.31188,2
115738,4.74051,49.3146,2
115739,4.73886,49.30951,2
115740,4.74477,49.31678,2
115741,4.74635,49.30882,2
115742,4.74635,49.30882,2
115743,4.74574,49.30877,2
115744,4.74641,49.30952,2
115745,4.7466,49.30939,2
115746,4.74635,49.30882,2
115747,4.74664,49.30911,2
115748,4.74652,49.30953,2
115749,4.74652,49.30953,2
115750,4.74635,49.30882,2
115751,4.74652,49.30828,2
115752,4.746399,49.308375,2
115753,4.74635,49.30882,2
115754,4.74652,49.30953,2
115755,4.7457,49.30736,2
115756,4.74573,49.30761,2
115757,4.74556,49.30744,2
115758,4.74511,49.30706,2
115759,4.74548,49.30718,2
115760,4.74525,49.30699,2
115761,4.74489,49.30687,2
115762,4.74466,49.30668,2
115763,4.74462,49.31156,2
115764,4.74503,49.3068,2
115765,4.74481,49.30661,2
115766,4.74458,49.30642,2
115767,4.744904,49.30668,2
115768,4.74548,49.30718,2
115769,4.74556,49.30744,2
115770,4.74556,49.30744,2
115771,4.74556,49.30744,2
115772,4.74476,49.306548,2
115773,4.74494,49.30776,2
115774,4.74544,49.30811,2
115775,4.74536,49.30824,2
115776,4.74561,49.30816,2
115777,4.74584,49.30783,2
115778,4.74535,49.30854,2
115779,4.74536,49.30777,2
115780,4.74469,49.30754,2
115781,4.74527,49.30837,2
115782,4.74518,49.30849,2
115783,4.74514,49.30886,2
115784,4.7451,49.30862,2
115785,4.74483,49.30921,2
115786,4.74484,49.30938,2
115787,4.74455,49.30956,2
115788,4.74499,49.30912,2
115789,4.74483,49.30921,2
115790,4.74449,49.31135,2
115791,4.74427,49.3113,2
115792,4.74469,49.30964,2
115793,4.74635,49.30882,2
115794,4.74462,49.31156,2
115795,4.74635,49.30882,2
115796,4.74559,49.31024,2
115797,4.74635,49.30882,2
115798,4.73899,49.30942,2
115799,4.7451,49.31188,2
115800,4.73935,49.30965,2
115801,4.74124,49.31122,2
115802,4.7451,49.31188,2
115803,4.74087,49.31001,2
115804,4.74189,49.3108,2
115805,4.74164,49.31037,2
115806,4.74023,49.30975,2
115807,4.74087,49.30988,2
115808,4.73985,49.30979,2
115809,4.73961,49.30959,2
115810,4.74176,49.31029,2
115811,4.74168,49.31034,2
115812,4.74462,49.31156,2
115813,4.74168,49.31034,2
115814,4.74036,49.3099,2
115815,4.74421,49.31202,2
115816,4.74395,49.31219,2
115817,4.74343,49.31252,2
115818,4.74369,49.31236,2
115819,4.74492,49.31429,2
115820,4.7466,49.30655,2
115821,4.74319,49.31251,2
115822,4.74317,49.31269,2
115823,4.74165,49.31333,2
115824,4.74266,49.31303,2
115825,4.74292,49.31286,2
115826,4.7421,49.31333,2
115827,4.74179,49.31353,2
115828,4.7424,49.3132,2
115829,4.74145,49.31386,2
115830,4.7411,49.31419,2
115831,4.74123,49.31342,2
115832,4.74051,49.3146,2
115833,4.7413,49.31379,2
115834,4.74161,49.31346,2
115835,4.74035,49.31376,2
115836,4.7404,49.31362,2
115837,4.74082,49.31352,2
115838,4.73973,49.31391,2
115839,4.73919,49.31402,2
115840,4.74098,49.31361,2
115841,4.73998,49.31372,2
115842,4.73956,49.31382,2
115843,4.74637,49.31152,2
115844,4.73914,49.31391,2
115845,4.74657,49.30967,2
115846,4.74652,49.30953,2
115847,4.74654,49.30995,2
115848,4.74654,49.30995,2
115849,4.74652,49.31019,2
115850,4.7465,49.31039,2
115851,4.74649,49.31059,2
115852,4.74532,49.31083,2
115853,4.74561,49.31084,2
115854,4.74591,49.31085,2
115855,4.74642,49.31094,2
115856,4.74782,49.31141,2
115857,4.74705,49.31082,2
115858,4.74749,49.3109,2
115859,4.74782,49.31108,2
115860,4.7464,49.31123,2
115861,4.7464,49.31123,2
115862,4.74623,49.31115,2
115863,4.74635,49.3118,2
115864,4.74632,49.31209,2
115865,4.74616,49.31187,2
115866,4.74582,49.31214,2
115867,4.74591,49.31204,2
115868,4.74519,49.31178,2
115869,4.74618,49.31248,2
115870,4.74626,49.3115,2
115871,4.74062,49.31599,2
115872,4.74628,49.31295,2
115873,4.74062,49.31599,2
115874,4.7464,49.31265,2
115875,4.74646,49.31293,2
115876,4.74626,49.3115,2
115877,4.74652,49.31321,2
115878,4.74658,49.31349,2
115879,4.74834,49.3168,2
115880,4.74834,49.3168,2
115881,4.74834,49.3168,2
115882,4.74834,49.3168,2
115883,4.7457,49.31373,2
115884,4.74834,49.3168,2
115885,4.74834,49.3168,2
115886,4.74834,49.3168,2
115887,4.74834,49.3168,2
115888,4.74834,49.3168,2
115889,4.74834,49.3168,2
115890,4.74834,49.3168,2
115891,4.74487,49.31438,2
115892,4.7457,49.31373,2
115893,4.74488,49.312334,2
115894,4.74485,49.31209,2
115895,4.74416,49.31454,2
115896,4.74505,49.31438,2
115897,4.74466,49.31406,2
115898,4.74635,49.30882,2
115899,4.74537,49.3106,2
115900,4.74635,49.30882,2
115901,4.74635,49.30882,2
115902,4.74531,49.31038,2
115903,4.74523,49.31052,2
115904,4.74635,49.30882,2
115905,4.7557,49.302418,2
115906,4.7444,49.30984,2
115907,4.74432,49.31005,2
115908,4.74423,49.31025,2
115909,4.74414,49.31046,2
115910,4.74411,49.31067,2
115911,4.74412,49.31089,2
115912,4.74483,49.31257,2
115913,4.74419,49.3111,2
115914,4.74483,49.31257,2
115915,4.74394,49.30975,2
115916,4.74366,49.30984,2
115917,4.74374,49.30955,2
115918,4.74431,49.30973,2
115919,4.74449,49.30967,2
115920,4.74432,49.3096,2
115921,4.74404,49.3095,2
115922,4.74367,49.30942,2
115923,4.74336,49.30981,2
115924,4.74347,49.30964,2
115925,4.74362,49.30996,2
115926,4.744,49.3099,2
115927,4.74417,49.30973,2
115928,4.74169,49.31541,2
115929,4.74062,49.31599,2
115930,4.74103,49.31435,2
115931,4.74127,49.3145,2
115932,4.7415,49.31464,2
115933,4.74173,49.31479,2
115934,4.74197,49.31494,2
115935,4.74215,49.31505,2
115936,4.74201,49.31515,2
115937,4.74185,49.31528,2
115938,4.74179,49.31514,2
115939,4.74181,49.315,2
115940,4.74152,49.31482,2
115941,4.74123,49.31464,2
115942,4.74044,49.31458,2
115943,4.74094,49.31445,2
115944,4.74075,49.3145,2
115945,4.74041,49.3148,2
115946,4.74042,49.31497,2
115947,4.74026,49.31504,2
115948,4.74147,49.3154,2
115949,4.74152,49.31553,2
115950,4.74103,49.31591,2
115951,4.74439,49.3115,2
115952,4.74081,49.31588,2
115953,4.74114,49.31564,2
115954,4.74136,49.31566,2
115955,4.74119,49.31578,2
115956,4.74123,49.31541,2
115957,4.74082,49.31519,2
115958,4.74116,49.31552,2
115959,4.74086,49.31536,2
115960,4.74056,49.3152,2
115961,4.73958,49.3154,2
115962,4.74001,49.3151,2
115963,4.745992,49.309076,2
115964,4.73994,49.31566,2
115965,4.74817,49.30664,2
115966,4.74534,49.30725,2
115967,4.74444,49.3065,2
115968,4.74495,49.30886,2
115969,4.74475,49.30921,2
115970,4.744848,49.311058,2
115971,4.74439,49.3115,2
115972,4.74447,49.31185,2
115973,4.733039,49.316067,2
115974,4.74717,49.30414,2
115975,4.74634,49.31237,2
115976,4.74638,49.31342,2
115977,4.74548,49.31009,2
115978,4.7454,49.31023,2
115979,4.74514,49.31067,2
115980,4.7466,49.31077,2
115981,4.76434,49.29751,2
115982,4.753358,49.304065,2
115983,4.74051,49.3146,2
115984,4.74051,49.3146,2
115985,4.43627,49.50697,2
115986,4.43103,49.50437,2
115987,4.43142,49.50459,2
115988,4.4342,49.50627,2
115989,4.424674,49.533697,2
115990,4.43142,49.50459,2
115991,4.43142,49.50459,2
115992,4.43142,49.50459,2
115993,4.43142,49.50459,2
115994,4.43142,49.50459,2
115995,4.43142,49.50459,2
115996,4.43142,49.50459,2
115997,4.43142,49.50459,2
115998,4.43142,49.50459,2
115999,4.43142,49.50459,2
116000,4.43142,49.50459,2
116001,4.43142,49.50459,2
116002,4.43142,49.50459,2
116003,4.43142,49.50459,2
116004,4.43142,49.50459,2
116005,4.43047,49.50395,2
116006,4.43142,49.50459,2
116007,4.43142,49.50459,2
116008,4.43142,49.50459,2
116009,4.43085,49.5041,2
116010,4.43072,49.5039,2
116011,4.43037,49.50391,2
116012,4.43142,49.50459,2
116013,4.43142,49.50459,2
116014,4.43142,49.50459,2
116015,4.43142,49.50459,2
116016,4.43142,49.50459,2
116017,4.43142,49.50459,2
116018,4.43142,49.50459,2
116019,4.43142,49.50459,2
116020,4.43142,49.50459,2
116021,4.42986,49.50383,2
116022,4.437685,49.51233,2
116023,4.43142,49.50459,2
116024,4.43142,49.50459,2
116025,4.43142,49.50459,2
116026,4.43047,49.50395,2
116027,4.43142,49.50459,2
116028,4.43142,49.50459,2
116029,4.43142,49.50459,2
116030,4.42299,49.53017,2
116031,4.43142,49.50459,2
116032,5.193937,49.578322,2
116033,5.19432,49.58023,2
116034,5.195711,49.579412,2
116035,5.198683,49.580888,2
116036,5.197303,49.580183,2
116037,5.19432,49.5802,2
116038,5.196299,49.579785,2
116039,5.19432,49.5802,2
116040,5.195467,49.579247,2
116041,5.195467,49.579247,2
116042,5.193994,49.578356,2
116043,5.194264,49.578494,2
116044,5.194264,49.578494,2
116045,5.19432,49.5802,2
116046,5.194743,49.578653,2
116047,5.19713,49.57838,2
116048,5.194729,49.578644,2
116049,5.19432,49.5802,2
116050,5.194179,49.578451,2
116051,5.193937,49.578322,2
116052,5.193937,49.578322,2
116053,5.19432,49.5802,2
116054,5.19432,49.5802,2
116055,5.19432,49.5802,2
116056,5.19432,49.5802,2
116057,5.195038,49.57923,2
116058,5.194677,49.579706,2
116059,5.195125,49.5793,2
116060,5.19432,49.5802,2
116061,5.19432,49.5802,2
116062,5.196341,49.579802,2
116063,5.197303,49.580183,2
116064,5.19746,49.58053,2
116065,5.197743,49.580389,2
116066,5.198227,49.580647,2
116067,5.19259,49.57849,2
116068,5.194754,49.579596,2
116069,5.19581,49.666134,2
116070,5.1951,49.66517,2
116071,5.19571,49.66636,2
116072,5.1925,49.66799,2
116073,5.20838,49.66578,2
116074,5.211245,49.66806,2
116075,5.20328,49.66457,2
116076,5.211245,49.66806,2
116077,5.19319,49.66726,2
116078,5.19319,49.66726,2
116079,5.209443,49.667536,2
116080,5.19497,49.66026,2
116081,5.1925,49.66799,2
116082,5.20898,49.66737,2
116083,5.20898,49.66737,2
116084,5.20898,49.66737,2
116085,5.20306,49.66485,2
116086,5.20898,49.66737,2
116087,5.211681,49.668679,2
116088,5.212704,49.668636,2
116089,5.20644,49.66673,2
116090,5.20692,49.6669,2
116091,5.19571,49.66636,2
116092,5.19357,49.65922,2
116093,5.19353,49.65917,2
116094,5.19379,49.65941,2
116095,5.19417,49.6597,2
116096,5.1962,49.66178,2
116097,5.19481,49.6602,2
116098,5.19498,49.66036,2
116099,5.19497,49.66026,2
116100,5.195022,49.660473,2
116101,5.19497,49.66026,2
116102,5.195874,49.6611,2
116103,5.1962,49.66178,2
116104,5.195929,49.661107,2
116105,5.19497,49.66026,2
116106,5.196668,49.66242,2
116107,5.20085,49.66482,2
116108,5.198375,49.663737,2
116109,5.20085,49.66482,2
116110,5.19853,49.66371,2
116111,5.19912,49.66408,2
116112,5.19953,49.66427,2
116113,5.199604,49.664418,2
116114,5.200592,49.664511,2
116115,5.195929,49.661107,2
116116,5.20053,49.66465,2
116117,5.19696,49.66255,2
116118,5.2008,49.66444,2
116119,5.20053,49.66465,2
116120,5.2007,49.66469,2
116121,5.20423,49.66572,2
116122,5.20306,49.66485,2
116123,5.20639,49.66494,2
116124,5.20306,49.66485,2
116125,5.20639,49.66494,2
116126,5.20183,49.66427,2
116127,5.20379,49.66491,2
116128,5.20423,49.66572,2
116129,5.20379,49.66491,2
116130,5.20085,49.66482,2
116131,5.20379,49.66491,2
116132,5.20085,49.66482,2
116133,5.20423,49.66572,2
116134,5.20838,49.66578,2
116135,5.19757,49.66321,2
116136,5.19964,49.66446,2
116137,5.213066,49.668682,2
116138,5.20085,49.66482,2
116139,5.21419,49.672897,2
116140,5.20085,49.66482,2
116141,5.2147,49.67513,2
116142,5.20423,49.66572,2
116143,5.207521,49.66733,2
116144,5.20085,49.66482,2
116145,5.1925,49.66799,2
116146,5.20085,49.66482,2
116147,5.20085,49.66482,2
116148,5.19259,49.66737,2
116149,5.201653,49.665151,2
116150,5.20085,49.66482,2
116151,5.20085,49.66482,2
116152,5.20423,49.66572,2
116153,5.20423,49.66572,2
116154,5.20219,49.66535,2
116155,5.20228,49.66537,2
116156,5.20236,49.6654,2
116157,5.20245,49.66543,2
116158,5.20254,49.66546,2
116159,5.20262,49.66549,2
116160,5.20423,49.66572,2
116161,5.20423,49.66572,2
116162,5.20423,49.66572,2
116163,5.20423,49.66572,2
116164,5.20423,49.66572,2
116165,5.20423,49.66572,2
116166,5.20423,49.66572,2
116167,5.20423,49.66572,2
116168,5.20423,49.66572,2
116169,5.20423,49.66572,2
116170,5.20423,49.66572,2
116171,5.20423,49.66572,2
116172,5.20366,49.66564,2
116173,5.20423,49.66572,2
116174,5.210973,49.668399,2
116175,5.20381,49.66564,2
116176,5.20396,49.66565,2
116177,5.2041,49.66566,2
116178,5.20425,49.66566,2
116179,5.2044,49.66567,2
116180,5.20386,49.66576,2
116181,5.20423,49.66572,2
116182,5.20405,49.66577,2
116183,5.20424,49.66578,2
116184,5.20443,49.66579,2
116185,5.20463,49.66579,2
116186,5.20482,49.6658,2
116187,5.20524,49.6657,2
116188,5.20533,49.66565,2
116189,5.2047,49.66568,2
116190,5.20455,49.66567,2
116191,5.20423,49.66572,2
116192,5.20423,49.66572,2
116193,5.20455,49.66567,2
116194,5.20639,49.66494,2
116195,5.20693,49.66508,2
116196,5.20639,49.66494,2
116197,5.20639,49.66494,2
116198,5.20379,49.66491,2
116199,5.20379,49.66491,2
116200,5.20379,49.66491,2
116201,5.20379,49.66491,2
116202,5.20379,49.66491,2
116203,5.20375,49.6648,2
116204,5.20379,49.66491,2
116205,5.20355,49.66485,2
116206,5.20351,49.66469,2
116207,5.20379,49.66491,2
116208,5.2034,49.66463,2
116209,5.20267,49.66441,2
116210,5.20297,49.66456,2
116211,5.20328,49.66457,2
116212,5.20316,49.66451,2
116213,5.20305,49.66445,2
116214,5.20293,49.66439,2
116215,5.20281,49.66433,2
116216,5.2027,49.66428,2
116217,5.20379,49.66491,2
116218,5.202543,49.664249,2
116219,5.20251,49.66417,2
116220,5.20172,49.66426,2
116221,5.20224,49.66403,2
116222,5.20172,49.66418,2
116223,5.20172,49.66426,2
116224,5.20108,49.66434,2
116225,5.20172,49.66426,2
116226,5.20172,49.66426,2
116227,5.20222,49.66503,2
116228,5.20209,49.66525,2
116229,5.20232,49.66518,2
116230,5.20228,49.66482,2
116231,5.20306,49.66485,2
116232,5.20326,49.66471,2
116233,5.20183,49.66427,2
116234,5.20306,49.66485,2
116235,5.20255,49.66469,2
116236,5.20306,49.66485,2
116237,5.20397,49.66415,2
116238,5.20404,49.66429,2
116239,5.20378,49.66413,2
116240,5.20397,49.66415,2
116241,5.20397,49.66415,2
116242,5.20397,49.66415,2
116243,5.20397,49.66415,2
116244,5.20397,49.66415,2
116245,5.20397,49.66415,2
116246,5.20528,49.66457,2
116247,5.20691,49.66496,2
116248,5.20639,49.66494,2
116249,5.20639,49.66494,2
116250,5.20905,49.66593,2
116251,5.20895,49.66603,2
116252,5.20838,49.66578,2
116253,5.20838,49.66578,2
116254,5.20838,49.66578,2
116255,5.20838,49.66578,2
116256,5.20838,49.66578,2
116257,5.198043,49.663493,2
116258,5.20838,49.66578,2
116259,5.20838,49.66578,2
116260,5.214439,49.671417,2
116261,5.213747,49.669942,2
116262,5.2146,49.671817,2
116263,5.21436,49.67401,2
116264,5.214341,49.674097,2
116265,5.20898,49.66737,2
116266,5.20898,49.66737,2
116267,5.20513,49.66603,2
116268,5.20513,49.66603,2
116269,5.210483,49.667808,2
116270,5.209597,49.667569,2
116271,5.20665,49.66667,2
116272,5.20513,49.66603,2
116273,5.209597,49.667569,2
116274,5.209135,49.667463,2
116275,5.20665,49.66667,2
116276,5.208615,49.667331,2
116277,5.208433,49.667291,2
116278,5.20818,49.667234,2
116279,5.207689,49.667111,2
116280,5.2057,49.66632,2
116281,5.20665,49.66667,2
116282,5.20513,49.66603,2
116283,5.20668,49.66681,2
116284,5.2062,49.66664,2
116285,5.20597,49.66655,2
116286,5.20573,49.66646,2
116287,5.20549,49.66638,2
116288,5.20525,49.66629,2
116289,5.19259,49.66737,2
116290,5.1925,49.66799,2
116291,5.1925,49.66799,2
116292,5.1925,49.66799,2
116293,5.19277,49.66852,2
116294,5.19259,49.66737,2
116295,5.19241,49.66753,2
116296,5.1925,49.66799,2
116297,5.19253,49.66762,2
116298,5.1927,49.66747,2
116299,5.19288,49.66731,2
116300,5.19283,49.66707,2
116301,5.19259,49.66737,2
116302,5.19232,49.66699,2
116303,5.19259,49.66737,2
116304,5.19223,49.66711,2
116305,5.19216,49.66724,2
116306,5.19208,49.66737,2
116307,5.192,49.66749,2
116308,5.19206,49.6676,2
116309,5.19224,49.66767,2
116310,5.19259,49.66737,2
116311,5.19348,49.66715,2
116312,5.19259,49.66737,2
116313,5.19319,49.66726,2
116314,5.20236,49.6654,2
116315,5.19444,49.66647,2
116316,5.19414,49.66694,2
116317,5.19259,49.66737,2
116318,5.19259,49.66737,2
116319,5.19426,49.66704,2
116320,5.19449,49.66669,2
116321,5.19472,49.66634,2
116322,5.19459,49.66623,2
116323,5.19469,49.66608,2
116324,5.19486,49.66612,2
116325,5.19492,49.66517,2
116326,5.19487,49.66612,2
116327,5.19506,49.66614,2
116328,5.19524,49.66617,2
116329,5.19542,49.66619,2
116330,5.210596,49.667851,2
116331,5.19571,49.66636,2
116332,5.19571,49.66636,2
116333,5.19518,49.66604,2
116334,4.94448,49.7019,2
116335,4.94448,49.7019,2
116336,4.94448,49.7019,2
116337,4.94448,49.7019,2
116338,4.9451,49.70186,2
116339,4.9451,49.70186,2
116340,4.9451,49.70186,2
116341,4.9451,49.70186,2
116342,4.94439,49.70197,2
116343,4.94439,49.70197,2
116344,4.94439,49.70197,2
116345,4.94437,49.70201,2
116346,4.94437,49.70201,2
116347,4.94439,49.70197,2
116348,4.94437,49.70201,2
116349,4.94437,49.70201,2
116350,4.94437,49.70201,2
116351,4.94437,49.70201,2
116352,4.94437,49.70201,2
116353,4.94437,49.70201,2
116354,4.94437,49.70201,2
116355,4.94437,49.70201,2
116356,4.94437,49.70201,2
116357,4.94437,49.70201,2
116358,4.94437,49.70201,2
116359,4.94437,49.70201,2
116360,4.94437,49.70201,2
116361,4.94437,49.70201,2
116362,4.94437,49.70201,2
116363,4.94437,49.70201,2
116364,4.94657,49.70013,2
116365,4.94657,49.70013,2
116366,4.94657,49.70013,2
116367,4.94657,49.70013,2
116368,4.94657,49.70013,2
116369,4.94657,49.70013,2
116370,4.94657,49.70013,2
116371,4.94657,49.70013,2
116372,4.94657,49.70013,2
116373,4.94657,49.70016,2
116374,4.94657,49.70016,2
116375,4.94657,49.70016,2
116376,4.94669,49.7003,2
116377,4.94712,49.70052,2
116378,4.94712,49.70052,2
116379,4.94712,49.70052,2
116380,4.94766,49.70084,2
116381,4.94717,49.70062,2
116382,4.94717,49.70062,2
116383,4.94717,49.70062,2
116384,4.94717,49.70062,2
116385,4.94717,49.70062,2
116386,4.94717,49.70062,2
116387,4.94717,49.70062,2
116388,4.94717,49.70062,2
116389,4.94781,49.70093,2
116390,4.94781,49.70093,2
116391,4.94781,49.70093,2
116392,4.94781,49.70093,2
116393,4.94781,49.70093,2
116394,4.94678,49.70063,2
116395,4.94781,49.70093,2
116396,4.94781,49.70093,2
116397,4.94781,49.70093,2
116398,4.94781,49.70093,2
116399,4.94763,49.70097,2
116400,4.94763,49.70097,2
116401,4.94763,49.70097,2
116402,4.94763,49.70097,2
116403,4.94763,49.70097,2
116404,4.94741,49.70093,2
116405,4.94741,49.70093,2
116406,4.94741,49.70093,2
116407,4.94741,49.70093,2
116408,4.94741,49.70093,2
116409,4.94724,49.70086,2
116410,4.94724,49.70086,2
116411,4.94678,49.70063,2
116412,4.94679,49.70063,2
116413,4.94679,49.70063,2
116414,4.94679,49.70063,2
116415,4.94679,49.70063,2
116416,4.94655,49.70049,2
116417,4.94435,49.6994,2
116418,4.94684,49.70038,2
116419,4.94435,49.6994,2
116420,4.94435,49.6994,2
116421,4.94435,49.6994,2
116422,4.94435,49.6994,2
116423,4.94439,49.70197,2
116424,4.9446,49.69943,2
116425,4.94439,49.70197,2
116426,4.9446,49.69943,2
116427,4.9446,49.69943,2
116428,4.9446,49.69943,2
116429,4.9446,49.69943,2
116430,4.94465,49.6994,2
116431,4.94465,49.6994,2
116432,4.94465,49.6994,2
116433,4.94465,49.6994,2
116434,4.94465,49.6994,2
116435,4.94465,49.6994,2
116436,4.94465,49.6994,2
116437,4.94437,49.70201,2
116438,4.94465,49.6994,2
116439,4.94452,49.69978,2
116440,4.94472,49.69923,2
116441,4.94472,49.69923,2
116442,4.94472,49.69923,2
116443,4.94472,49.69923,2
116444,4.94472,49.69923,2
116445,4.94478,49.69906,2
116446,4.94478,49.69906,2
116447,4.94478,49.69906,2
116448,4.94657,49.70016,2
116449,4.94478,49.69906,2
116450,4.94763,49.70097,2
116451,4.94684,49.70038,2
116452,4.94684,49.70038,2
116453,4.94684,49.70038,2
116454,4.94684,49.70038,2
116455,4.94684,49.70038,2
116456,4.94684,49.70038,2
116457,4.94684,49.70038,2
116458,4.94655,49.70049,2
116459,4.94655,49.70049,2
116460,4.94655,49.70049,2
116461,4.94717,49.70062,2
116462,4.94717,49.70062,2
116463,4.94717,49.70062,2
116464,4.94717,49.70062,2
116465,4.94717,49.70062,2
116466,4.94435,49.6994,2
116467,4.94448,49.7019,2
116468,4.94448,49.7019,2
116469,4.94448,49.7019,2
116470,4.9451,49.70186,2
116471,4.94439,49.70197,2
116472,4.94669,49.7003,2
116473,4.94669,49.7003,2
116474,4.94437,49.70201,2
116475,4.94669,49.7003,2
116476,4.94437,49.70201,2
116477,4.94437,49.70201,2
116478,4.94669,49.7003,2
116479,4.94657,49.70013,2
116480,4.94657,49.70016,2
116481,4.94669,49.7003,2
116482,4.94684,49.70038,2
116483,4.94698,49.70045,2
116484,4.94725,49.70059,2
116485,4.94725,49.70059,2
116486,4.94738,49.70065,2
116487,4.94755,49.70074,2
116488,4.94758,49.70086,2
116489,4.94766,49.70084,2
116490,4.94775,49.70082,2
116491,4.94775,49.70082,2
116492,4.94717,49.70062,2
116493,4.94781,49.70093,2
116494,4.94781,49.70093,2
116495,4.94781,49.70093,2
116496,4.94763,49.70097,2
116497,4.94741,49.70093,2
116498,4.94741,49.70093,2
116499,4.94727,49.70088,2
116500,4.9472,49.70085,2
116501,4.94717,49.70062,2
116502,4.94679,49.70063,2
116503,4.94717,49.70062,2
116504,4.94655,49.70049,2
116505,4.9446,49.69943,2
116506,4.94465,49.6994,2
116507,4.94472,49.69923,2
116508,4.94472,49.69923,2
116509,4.94478,49.69906,2
116510,4.94437,49.70201,2
116511,4.94657,49.70016,2
116512,4.21478,49.56312,2
116513,4.2097,49.56455,2
116514,4.21615,49.55936,2
116515,4.21597,49.55937,2
116516,4.21579,49.56064,2
116517,4.21597,49.56066,2
116518,4.21606,49.55936,2
116519,4.21303,49.56458,2
116520,4.21606,49.55936,2
116521,4.21606,49.55936,2
116522,4.21528,49.56253,2
116523,4.21466,49.56145,2
116524,4.21431,49.56112,2
116525,4.21365,49.56057,2
116526,4.21304,49.56,2
116527,4.21514,49.5584,2
116528,4.21363,49.55934,2
116529,4.2159,49.55765,2
116530,4.21349,49.55926,2
116531,4.20886,49.5599,2
116532,4.21021,49.56014,2
116533,4.20875,49.55992,2
116534,4.20875,49.55992,2
116535,4.20988,49.56059,2
116536,4.21019,49.56077,2
116537,4.21049,49.56096,2
116538,4.21054,49.56083,2
116539,4.21008,49.56055,2
116540,4.20875,49.55992,2
116541,4.20914,49.56065,2
116542,4.20874,49.55999,2
116543,4.20803,49.56122,2
116544,4.21528,49.56253,2
116545,4.21534,49.56226,2
116546,4.21551,49.5623,2
116547,4.21527,49.5628,2
116548,4.21478,49.56312,2
116549,4.21472,49.56301,2
116550,4.2141,49.56309,2
116551,4.21409,49.56297,2
116552,4.2137,49.56291,2
116553,4.2132,49.56285,2
116554,4.21324,49.56272,2
116555,4.21347,49.56282,2
116556,4.21355,49.56299,2
116557,4.21429,49.56304,2
116558,4.213373,49.563247,2
116559,4.213413,49.563219,2
116560,4.212904,49.563631,2
116561,4.212743,49.563769,2
116562,4.21177,49.56358,2
116563,4.21272,49.56419,2
116564,4.21288,49.56443,2
116565,4.21428,49.56398,2
116566,4.2124,49.56518,2
116567,4.21303,49.56458,2
116568,4.211911,49.565569,2
116569,4.21303,49.56458,2
116570,4.21303,49.56458,2
116571,4.21303,49.56458,2
116572,4.21303,49.56458,2
116573,4.21303,49.56458,2
116574,4.21303,49.56458,2
116575,4.209805,49.564641,2
116576,4.210366,49.564479,2
116577,4.211186,49.56426,2
116578,4.211995,49.564086,2
116579,4.211995,49.564086,2
116580,4.212582,49.563897,2
116581,4.20551,49.56449,2
116582,4.19809,49.58042,2
116583,4.19756,49.58104,2
116584,4.19713,49.58196,2
116585,4.19747,49.58182,2
116586,4.20049,49.585,2
116587,4.19803,49.58346,2
116588,4.19705,49.58314,2
116589,4.1967,49.58315,2
116590,4.19664,49.58267,2
116591,4.19654,49.58356,2
116592,4.1967,49.58315,2
116593,4.1966,49.58337,2
116594,4.19567,49.58575,2
116595,4.1967,49.58315,2
116596,4.19814,49.58016,2
116597,4.20875,49.55992,2
116598,4.21472,49.56301,2
116599,4.21472,49.56301,2
116600,4.21472,49.56301,2
116601,4.21342,49.56287,2
116602,4.21606,49.55936,2
116603,4.21606,49.55936,2
116604,4.21606,49.55936,2
116605,4.21606,49.55936,2
116606,4.21163,49.55997,2
116607,4.21122,49.55897,2
116608,4.21027,49.5602,2
116609,4.21027,49.5602,2
116610,4.20784,49.56152,2
116611,4.21528,49.56253,2
116612,4.21528,49.56253,2
116613,4.21326,49.56344,2
116614,4.213413,49.563219,2
116615,4.212046,49.5636,2
116616,4.21184,49.56347,2
116617,4.21133,49.56609,2
116618,4.21254,49.56525,2
116619,4.21303,49.56458,2
116620,4.21303,49.56458,2
116621,4.210366,49.564479,2
116622,4.211186,49.56426,2
116623,4.20551,49.56449,2
116624,4.19562,49.58218,2
116625,4.20447,49.58794,2
116626,4.19772,49.58334,2
116627,4.19652,49.58316,2
116628,4.19595,49.58508,2
116629,5.22303,49.59355,2
116630,5.2188,49.59417,2
116631,5.22698,49.59274,2
116632,5.22503,49.59369,2
116633,5.21902,49.59187,2
116634,5.208129,49.594028,2
116635,5.21651,49.59467,2
116636,5.21911,49.59393,2
116637,5.21984,49.59361,2
116638,5.22053,49.59337,2
116639,5.22123,49.59314,2
116640,5.21902,49.59187,2
116641,5.21902,49.59187,2
116642,5.22065,49.59259,2
116643,5.22159,49.593,2
116644,5.22222,49.5926,2
116645,5.22313,49.59201,2
116646,5.22383,49.5916,2
116647,5.22438,49.59142,2
116648,5.22438,49.59142,2
116649,5.22571,49.59143,2
116650,5.22476,49.59133,2
116651,5.22395,49.59168,2
116652,5.22326,49.59209,2
116653,5.22235,49.59268,2
116654,5.22172,49.59309,2
116655,5.22212,49.59323,2
116656,5.22303,49.59355,2
116657,5.22406,49.59368,2
116658,5.224605,49.593698,2
116659,5.22663,49.59375,2
116660,5.22663,49.59375,2
116661,5.22663,49.59375,2
116662,5.22613,49.59314,2
116663,5.22636,49.59301,2
116664,5.22503,49.59369,2
116665,5.22698,49.59274,2
116666,5.22694,49.59268,2
116667,5.22664,49.59225,2
116668,5.22558,49.59152,2
116669,5.22239,49.59257,2
116670,5.22711,49.59303,2
116671,5.22702,49.59307,2
116672,5.22239,49.59257,2
116673,5.22702,49.59307,2
116674,5.227238,49.593312,2
116675,5.22719,49.59344,2
116676,5.22663,49.59375,2
116677,5.22668,49.59379,2
116678,5.22676,49.59424,2
116679,5.226486,49.594192,2
116680,5.22649,49.59447,2
116681,5.22669,49.59432,2
116682,5.22586,49.59382,2
116683,5.22711,49.59303,2
116684,5.22508,49.59374,2
116685,5.22425,49.59441,2
116686,5.22239,49.59257,2
116687,5.22339,49.59366,2
116688,5.22422,49.59382,2
116689,5.22358,49.59374,2
116690,5.22295,49.59365,2
116691,5.22237,49.59345,2
116692,5.22185,49.59321,2
116693,5.22114,49.5933,2
116694,5.2201,49.59365,2
116695,5.21922,49.59402,2
116696,5.22549,49.59079,2
116697,5.21209,49.59523,2
116698,5.2265,49.59408,2
116699,5.22438,49.59142,2
116700,5.21772,49.59121,2
116701,5.2188,49.59417,2
116702,5.21651,49.59467,2
116703,5.206353,49.59194,2
116704,5.21651,49.59467,2
116705,5.2188,49.59417,2
116706,5.21902,49.59187,2
116707,5.21902,49.59187,2
116708,5.21902,49.59187,2
116709,5.22466,49.59124,2
116710,5.22549,49.59079,2
116711,5.22438,49.59142,2
116712,5.22339,49.59366,2
116713,5.21849,49.59442,2
116714,5.22438,49.59142,2
116715,4.76261,50.10354,2
116716,4.76356,50.1029,2
116717,4.76525,50.11209,2
116718,4.76382,50.10646,2
116719,4.76382,50.10646,2
116720,4.76238,50.10336,2
116721,4.76382,50.10646,2
116722,4.76257,50.1037,2
116723,4.7534,50.10426,2
116724,4.76075,50.10471,2
116725,4.76356,50.1029,2
116726,4.76248,50.10335,2
116727,4.76356,50.1029,2
116728,4.76248,50.10335,2
116729,4.76361,50.10304,2
116730,4.76356,50.1029,2
116731,4.76317,50.10271,2
116732,4.76348,50.10122,2
116733,4.76369,50.10077,2
116734,4.76339,50.10132,2
116735,4.75625,50.10343,2
116736,4.76261,50.10354,2
116737,4.76473,50.11342,2
116738,4.750972,50.104963,2
116739,4.75309,50.10515,2
116740,4.75309,50.10515,2
116741,4.76382,50.10646,2
116742,4.76345,50.10523,2
116743,4.76356,50.1029,2
116744,4.76345,50.10523,2
116745,4.76164,50.10358,2
116746,4.76261,50.10354,2
116747,4.76261,50.10354,2
116748,4.76549,50.10828,2
116749,4.76919,49.84684,2
116750,4.76875,49.8522,2
116751,4.76646,49.85153,2
116752,4.76836,49.85117,2
116753,4.77559,49.84358,2
116754,4.76928,49.85176,2
116755,4.76693,49.85083,2
116756,4.76701,49.85067,2
116757,4.76914,49.84992,2
116758,4.77014,49.84582,2
116759,4.70433,49.77726,2
116760,4.71112,49.77688,2
116761,4.74068,49.77037,2
116762,4.73575,49.77227,2
116763,4.74645,49.76259,2
116764,4.7435,49.76732,2
116765,4.74431,49.76883,2
116766,4.74431,49.76883,2
116767,4.74191,49.76975,2
116768,4.70418,50.0076,2
116769,4.70418,50.0076,2
116770,4.70418,50.0076,2
116771,4.70418,50.0076,2
116772,4.70288,50.00684,2
116773,4.70262,50.00109,2
116774,4.70262,50.00109,2
116775,4.71071,50.00223,2
116776,4.70262,50.00109,2
116777,4.72053,50.04869,2
116778,4.72053,50.04869,2
116779,4.72053,50.04869,2
116780,4.72053,50.04869,2
116781,4.72014,50.05016,2
116782,4.72053,50.04869,2
116783,4.72014,50.05016,2
116784,4.38337,49.48464,2
116785,4.38691,49.48386,2
116786,4.38609,49.48574,2
116787,4.38557,49.48675,2
116788,4.38609,49.48574,2
116789,4.38557,49.48675,2
116790,4.385911,49.486866,2
116791,4.38942,49.48819,2
116792,4.38397,49.48554,2
116793,4.38501,49.48226,2
116794,4.386216,49.484138,2
116795,4.38942,49.48819,2
116796,4.74462,49.31156,2
116797,4.745,49.310785,2
116798,4.74652,49.30953,2
116799,4.74717,49.30414,2
116800,4.74556,49.30744,2
116801,4.74168,49.31034,2
116802,4.74064,49.31364,2
116803,4.74717,49.30414,2
116804,4.74064,49.31364,2
116805,4.74578,49.31077,2
116806,4.74578,49.31077,2
116807,4.74578,49.31077,2
116808,4.74626,49.3115,2
116809,4.74834,49.3168,2
116810,4.74834,49.3168,2
116811,4.744816,49.313899,2
116812,4.742913,49.322008,2
116813,4.74462,49.31156,2
116814,4.749445,49.305905,2
116815,4.43142,49.50459,2
116816,4.43142,49.50459,2
116817,4.43103,49.50437,2
116818,4.42299,49.53017,2
116819,4.43142,49.50459,2
116820,5.19432,49.5802,2
116821,5.19425,49.578494,2
116822,5.193993,49.578347,2
116823,5.195356,49.579232,2
116824,5.193938,49.578349,2
116825,5.20172,49.66426,2
116826,5.19601,49.66124,2
116827,5.20423,49.66572,2
116828,5.20423,49.66572,2
116829,5.20423,49.66572,2
116830,5.20423,49.66572,2
116831,5.20306,49.66485,2
116832,5.20172,49.66426,2
116833,5.20397,49.66415,2
116834,5.208489,49.667308,2
116835,5.20513,49.66603,2
116836,5.19259,49.66737,2
116837,5.20397,49.66415,2
116838,5.20838,49.66578,2
116839,5.19259,49.66737,2
116840,5.20172,49.66426,2
116841,4.94439,49.70197,2
116842,4.94715,49.70094,2
116843,4.94657,49.70013,2
116844,4.94678,49.70124,2
116845,4.94717,49.70062,2
116846,4.94657,49.7001,2
116847,4.94755,49.70074,2
116848,4.94655,49.70049,2
116849,4.9446,49.69943,2
116850,4.2151,49.56277,2
116851,4.21394,49.56096,2
116852,4.21027,49.5602,2
116853,4.21533,49.5625,2
116854,4.21429,49.56304,2
116855,4.21303,49.56458,2
116856,4.21533,49.5625,2
116857,4.2139,49.56424,2
116858,4.19664,49.58267,2
116859,4.1966,49.58337,2
116860,5.21902,49.59187,2
116861,5.22239,49.59257,2
116862,5.22239,49.59257,2
116863,5.22239,49.59257,2
116864,5.22239,49.59257,2
116865,5.226266,49.593002,2
