"ID","Longitude","Latitude","ServiceTime (min)"
19362,4.71406,49.76916,2
19363,4.7153,49.77137,2
19364,4.71406,49.76916,2
19365,4.7153,49.77137,2
19366,4.7162,49.7687,2
19367,4.71523,49.77124,2
19368,4.71607,49.76855,2
19369,4.71523,49.77124,2
19370,4.71523,49.77124,2
19371,4.71833,49.76923,2
19372,4.71852,49.76928,2
19373,4.71523,49.77124,2
19374,4.71915,49.76876,2
19375,4.71516,49.77111,2
19376,4.71916,49.76931,2
19377,4.71516,49.77111,2
19378,4.71895,49.76926,2
19379,4.71516,49.77111,2
19380,4.71833,49.76911,2
19381,4.71516,49.77111,2
19382,4.71813,49.76906,2
19383,4.71813,49.76906,2
19384,4.71516,49.77111,2
19385,4.71813,49.76906,2
19386,4.7169,49.76875,2
19387,4.71516,49.77111,2
19388,4.71516,49.77111,2
19389,4.71607,49.76855,2
19390,4.71532,49.76839,2
19391,4.71509,49.77099,2
19392,4.71509,49.77099,2
19393,4.71559,49.76826,2
19394,4.71509,49.77099,2
19395,4.71559,49.76826,2
19396,4.71559,49.76826,2
19397,4.71509,49.77099,2
19398,4.71203,49.77003,2
19399,4.71559,49.76826,2
19400,4.71509,49.77099,2
19401,4.71203,49.77003,2
19402,4.71559,49.76826,2
19403,4.71509,49.77099,2
19404,4.71184,49.77012,2
19405,4.71559,49.76826,2
19406,4.71509,49.77099,2
19407,4.71184,49.77012,2
19408,4.71595,49.76809,2
19409,4.71509,49.77099,2
19410,4.71586,49.76813,2
19411,4.71468,49.77022,2
19412,4.71165,49.77022,2
19413,4.71595,49.76809,2
19414,4.71468,49.77022,2
19415,4.71256,49.76989,2
19416,4.71586,49.76813,2
19417,4.71468,49.77022,2
19418,4.71243,49.76996,2
19419,4.71622,49.76796,2
19420,4.71468,49.77022,2
19421,4.71767,49.77204,2
19422,4.71218,49.7701,2
19423,4.71767,49.77204,2
19424,4.71468,49.77022,2
19425,4.71195,49.77022,2
19426,4.71759,49.77189,2
19427,4.71468,49.77022,2
19428,4.71184,49.77027,2
19429,4.7149,49.77081,2
19430,4.7175,49.77174,2
19431,4.71462,49.77011,2
19432,4.70981,49.77127,2
19433,4.71787,49.77204,2
19434,4.71462,49.77011,2
19435,4.71173,49.77033,2
19436,4.71787,49.77204,2
19437,4.71173,49.77033,2
19438,4.71462,49.77011,2
19439,4.70979,49.77128,2
19440,4.7178,49.77192,2
19441,4.7117,49.77104,2
19442,4.71457,49.77003,2
19443,4.7117,49.77104,2
19444,4.71744,49.77123,2
19445,4.71452,49.76995,2
19446,4.7117,49.77104,2
19447,4.71736,49.77107,2
19448,4.71736,49.77107,2
19449,4.71452,49.76995,2
19450,4.7117,49.77104,2
19451,4.71736,49.77107,2
19452,4.71736,49.77107,2
19453,4.71452,49.76995,2
19454,4.70977,49.77129,2
19455,4.71884,49.77073,2
19456,4.71452,49.76995,2
19457,4.71736,49.77107,2
19458,4.70974,49.7713,2
19459,4.71736,49.77107,2
19460,4.71452,49.76995,2
19461,4.70972,49.77131,2
19462,4.71779,49.77095,2
19463,4.71779,49.77095,2
19464,4.71452,49.76995,2
19465,4.70972,49.77131,2
19466,4.71779,49.77095,2
19467,4.70969,49.77132,2
19468,4.71779,49.77095,2
19469,4.71452,49.76995,2
19470,4.71779,49.77095,2
19471,4.7096,49.77137,2
19472,4.71779,49.77095,2
19473,4.71452,49.76995,2
19474,4.71779,49.77095,2
19475,4.71779,49.77095,2
19476,4.71452,49.76995,2
19477,4.71779,49.77095,2
19478,4.71448,49.76987,2
19479,4.70957,49.77138,2
19480,4.71779,49.77095,2
19481,4.71448,49.76987,2
19482,4.70955,49.77139,2
19483,4.71779,49.77095,2
19484,4.70953,49.7714,2
19485,4.71448,49.76987,2
19486,4.71884,49.77073,2
19487,4.71448,49.76987,2
19488,4.7095,49.77141,2
19489,4.71884,49.77073,2
19490,4.71448,49.76987,2
19491,4.7095,49.77141,2
19492,4.71884,49.77073,2
19493,4.71443,49.76979,2
19494,4.7095,49.77141,2
19495,4.71443,49.76979,2
19496,4.7095,49.77141,2
19497,4.71443,49.76979,2
19498,4.71113,49.77137,2
19499,4.71884,49.77073,2
19500,4.71443,49.76979,2
19501,4.71113,49.77137,2
19502,4.71884,49.77073,2
19503,4.71438,49.76971,2
19504,4.71884,49.77073,2
19505,4.71438,49.76971,2
19506,4.71438,49.76971,2
19507,4.71087,49.77128,2
19508,4.71736,49.77107,2
19509,4.71434,49.76963,2
19510,4.7108,49.77117,2
19511,4.71429,49.76955,2
19512,4.71884,49.77073,2
19513,4.71072,49.77107,2
19514,4.71424,49.76947,2
19515,4.71065,49.77096,2
19516,4.7142,49.76939,2
19517,4.71058,49.77086,2
19518,4.71415,49.76931,2
19519,4.71058,49.77086,2
19520,4.71415,49.76931,2
19521,4.71058,49.77086,2
19522,4.71415,49.76931,2
19523,4.71058,49.77086,2
19524,4.71415,49.76931,2
19525,4.71058,49.77086,2
19526,4.71415,49.76931,2
19527,4.71058,49.77086,2
19528,4.71415,49.76931,2
19529,4.71195,49.77133,2
19530,4.7141,49.76924,2
19531,4.7141,49.76924,2
19532,4.71186,49.77135,2
19533,4.7141,49.76924,2
19534,4.71177,49.77138,2
19535,4.7141,49.76924,2
19536,4.7141,49.76924,2
19537,4.71177,49.77138,2
19538,4.7141,49.76924,2
19539,4.71177,49.77138,2
19540,4.7141,49.76924,2
19541,4.71168,49.77141,2
19542,4.71406,49.76916,2
19543,4.71406,49.76916,2
19544,4.71159,49.77144,2
19545,4.71406,49.76916,2
19546,4.71406,49.76916,2
19547,4.7115,49.77147,2
19548,4.71406,49.76916,2
19549,4.71406,49.76916,2
19550,4.71141,49.77149,2
19551,4.71406,49.76916,2
19552,4.71551,49.76994,2
19553,4.71131,49.77152,2
19554,4.716,49.76866,2
19555,4.71122,49.77155,2
19556,4.7162,49.7687,2
19557,4.71678,49.76885,2
19558,4.7111,49.77159,2
19559,4.71697,49.76889,2
19560,4.71096,49.77163,2
19561,4.71096,49.77163,2
19562,4.71716,49.76894,2
19563,4.71716,49.76894,2
19564,4.71736,49.76899,2
19565,4.71096,49.77163,2
19566,4.71774,49.76908,2
19567,4.71082,49.77167,2
19568,4.71794,49.76913,2
19569,4.71082,49.77167,2
19570,4.71833,49.76923,2
19571,4.71082,49.77167,2
19572,4.71852,49.76928,2
19573,4.71852,49.76928,2
19574,4.71067,49.77171,2
19575,4.71852,49.76928,2
19576,4.7191,49.76942,2
19577,4.71053,49.77175,2
19578,4.7191,49.76942,2
19579,4.71038,49.77179,2
19580,4.7105,49.77163,2
19581,4.7191,49.76942,2
19582,4.71067,49.77158,2
19583,4.70908,49.77124,2
19584,4.71916,49.76931,2
19585,4.71916,49.76931,2
19586,4.71067,49.77158,2
19587,4.71916,49.76931,2
19588,4.71875,49.76921,2
19589,4.71084,49.77153,2
19590,4.71875,49.76921,2
19591,4.71102,49.77148,2
19592,4.71128,49.7714,2
19593,4.71813,49.76906,2
19594,4.71813,49.76906,2
19595,4.71139,49.77137,2
19596,4.71813,49.76906,2
19597,4.71151,49.77133,2
19598,4.71813,49.76906,2
19599,4.71813,49.76906,2
19600,4.71151,49.77133,2
19601,4.71813,49.76906,2
19602,4.71813,49.76906,2
19603,4.71163,49.7713,2
19604,4.71813,49.76906,2
19605,4.71772,49.76895,2
19606,4.71163,49.7713,2
19607,4.71813,49.76906,2
19608,4.71186,49.77126,2
19609,4.71813,49.76906,2
19610,4.71175,49.77126,2
19611,4.71813,49.76906,2
19612,4.71751,49.7689,2
19613,4.71186,49.77123,2
19614,4.71178,49.77115,2
19615,4.71813,49.76906,2
19616,4.71772,49.76895,2
19617,4.71178,49.77115,2
19618,4.71182,49.7712,2
19619,4.71751,49.7689,2
19620,4.71751,49.7689,2
19621,4.71186,49.77126,2
19622,4.71452,49.76995,2
19623,4.7171,49.7688,2
19624,4.71452,49.76995,2
19625,4.71186,49.77126,2
19626,4.7169,49.76875,2
19627,4.71186,49.77126,2
19628,4.71212,49.7716,2
19629,4.7169,49.76875,2
19630,4.71212,49.7716,2
19631,4.7169,49.76875,2
19632,4.71212,49.7716,2
19633,4.7169,49.76875,2
19634,4.71212,49.7716,2
19635,4.71178,49.77115,2
19636,4.71607,49.76855,2
19637,4.71212,49.7716,2
19638,4.71607,49.76855,2
19639,4.71212,49.7716,2
19640,4.71607,49.76855,2
19641,4.71212,49.7716,2
19642,4.71212,49.7716,2
19643,4.71813,49.76918,2
19644,4.71515,49.76848,2
19645,4.71515,49.76848,2
19646,4.71212,49.7716,2
19647,4.71532,49.76839,2
19648,4.71212,49.7716,2
19649,4.7117,49.77104,2
19650,4.71532,49.76839,2
19651,4.71212,49.7716,2
19652,4.71549,49.7683,2
19653,4.71212,49.7716,2
19654,4.71549,49.7683,2
19655,4.71212,49.7716,2
19656,4.71559,49.76826,2
19657,4.71212,49.7716,2
19658,4.71559,49.76826,2
19659,4.71212,49.7716,2
19660,4.71559,49.76826,2
19661,4.71196,49.77139,2
19662,4.71559,49.76826,2
19663,4.71196,49.77139,2
19664,4.71559,49.76826,2
19665,4.71196,49.77139,2
19666,4.71559,49.76826,2
19667,4.71196,49.77139,2
19668,4.71559,49.76826,2
19669,4.71196,49.77139,2
19670,4.71559,49.76826,2
19671,4.71196,49.77139,2
19672,4.71559,49.76826,2
19673,4.71196,49.77139,2
19674,4.71559,49.76826,2
19675,4.71196,49.77139,2
19676,4.71559,49.76826,2
19677,4.71196,49.77139,2
19678,4.71559,49.76826,2
19679,4.71196,49.77139,2
19680,4.71559,49.76826,2
19681,4.71196,49.77139,2
19682,4.71559,49.76826,2
19683,4.71196,49.77139,2
19684,4.71559,49.76826,2
19685,4.71196,49.77139,2
19686,4.71559,49.76826,2
19687,4.71196,49.77139,2
19688,4.71559,49.76826,2
19689,4.71196,49.77139,2
19690,4.71559,49.76826,2
19691,4.71196,49.77139,2
19692,4.71559,49.76826,2
19693,4.71196,49.77139,2
19694,4.71559,49.76826,2
19695,4.71196,49.77139,2
19696,4.71586,49.76813,2
19697,4.71196,49.77139,2
19698,4.71595,49.76809,2
19699,4.71196,49.77139,2
19700,4.71586,49.76813,2
19701,4.71229,49.77181,2
19702,4.71586,49.76813,2
19703,4.71237,49.77165,2
19704,4.71229,49.77181,2
19705,4.71586,49.76813,2
19706,4.7118,49.77091,2
19707,4.71586,49.76813,2
19708,4.71144,49.77051,2
19709,4.71586,49.76813,2
19710,4.71165,49.7707,2
19711,4.71344,49.77429,2
19712,4.71586,49.76813,2
19713,4.71344,49.77429,2
19714,4.71586,49.76813,2
19715,4.71067,49.77158,2
19716,4.71344,49.77429,2
19717,4.71586,49.76813,2
19718,4.71344,49.77429,2
19719,4.71586,49.76813,2
19720,4.71344,49.77429,2
19721,4.71344,49.77429,2
19722,4.71067,49.77158,2
19723,4.71622,49.76796,2
19724,4.71344,49.77429,2
19725,4.71622,49.76796,2
19726,4.71344,49.77429,2
19727,4.71622,49.76796,2
19728,4.71344,49.77429,2
19729,4.71622,49.76796,2
19730,4.71344,49.77429,2
19731,4.7171,49.7688,2
19732,4.71344,49.77429,2
19733,4.71767,49.77204,2
19734,4.71344,49.77429,2
19735,4.71767,49.77204,2
19736,4.71373,49.77421,2
19737,4.71767,49.77204,2
19738,4.71373,49.77421,2
19739,4.71767,49.77204,2
19740,4.71373,49.77421,2
19741,4.71767,49.77204,2
19742,4.71373,49.77421,2
19743,4.71373,49.77421,2
19744,4.71373,49.77421,2
19745,4.71794,49.77216,2
19746,4.71787,49.77204,2
19747,4.71373,49.77421,2
19748,4.71787,49.77204,2
19749,4.71787,49.77204,2
19750,4.71373,49.77421,2
19751,4.7191,49.76942,2
19752,4.71773,49.77181,2
19753,4.71373,49.77421,2
19754,4.71751,49.77139,2
19755,4.71373,49.77421,2
19756,4.71744,49.77123,2
19757,4.71373,49.77421,2
19758,4.71744,49.77123,2
19759,4.71373,49.77421,2
19760,4.71744,49.77123,2
19761,4.71373,49.77421,2
19762,4.71744,49.77123,2
19763,4.71463,49.77421,2
19764,4.71744,49.77123,2
19765,4.71463,49.77421,2
19766,4.71744,49.77123,2
19767,4.71463,49.77421,2
19768,4.71744,49.77123,2
19769,4.71463,49.77421,2
19770,4.71779,49.77095,2
19771,4.71463,49.77421,2
19772,4.71779,49.77095,2
19773,4.71463,49.77421,2
19774,4.71779,49.77095,2
19775,4.71463,49.77421,2
19776,4.71779,49.77095,2
19777,4.71463,49.77421,2
19778,4.71779,49.77095,2
19779,4.71463,49.77421,2
19780,4.71623,49.76898,2
19781,4.71779,49.77095,2
19782,4.71463,49.77421,2
19783,4.71779,49.77095,2
19784,4.71452,49.77413,2
19785,4.71779,49.77095,2
19786,4.71452,49.77413,2
19787,4.71779,49.77095,2
19788,4.71452,49.77413,2
19789,4.71779,49.77095,2
19790,4.71452,49.77413,2
19791,4.71779,49.77095,2
19792,4.71452,49.77413,2
19793,4.71779,49.77095,2
19794,4.71452,49.77413,2
19795,4.71779,49.77095,2
19796,4.71452,49.77413,2
19797,4.71779,49.77095,2
19798,4.71447,49.77403,2
19799,4.71779,49.77095,2
19800,4.71447,49.77403,2
19801,4.71779,49.77095,2
19802,4.71447,49.77403,2
19803,4.71779,49.77095,2
19804,4.71447,49.77403,2
19805,4.71779,49.77095,2
19806,4.71447,49.77403,2
19807,4.71779,49.77095,2
19808,4.71447,49.77403,2
19809,4.71779,49.77095,2
19810,4.71447,49.77403,2
19811,4.71779,49.77095,2
19812,4.71447,49.77403,2
19813,4.71779,49.77095,2
19814,4.71447,49.77403,2
19815,4.71779,49.77095,2
19816,4.71447,49.77403,2
19817,4.71779,49.77095,2
19818,4.71447,49.77403,2
19819,4.71779,49.77095,2
19820,4.71447,49.77403,2
19821,4.71779,49.77095,2
19822,4.71447,49.77403,2
19823,4.71884,49.77073,2
19824,4.71447,49.77403,2
19825,4.71884,49.77073,2
19826,4.71447,49.77403,2
19827,4.71884,49.77073,2
19828,4.71447,49.77403,2
19829,4.71884,49.77073,2
19830,4.71447,49.77403,2
19831,4.71884,49.77073,2
19832,4.71431,49.77406,2
19833,4.71884,49.77073,2
19834,4.71431,49.77406,2
19835,4.71884,49.77073,2
19836,4.71431,49.77406,2
19837,4.71884,49.77073,2
19838,4.71431,49.77406,2
19839,4.71884,49.77073,2
19840,4.71431,49.77406,2
19841,4.71884,49.77073,2
19842,4.71431,49.77406,2
19843,4.71884,49.77073,2
19844,4.71431,49.77406,2
19845,4.71884,49.77073,2
19846,4.71431,49.77406,2
19847,4.71884,49.77073,2
19848,4.71431,49.77406,2
19849,4.71884,49.77073,2
19850,4.71402,49.77413,2
19851,4.71884,49.77073,2
19852,4.71402,49.77413,2
19853,4.71884,49.77073,2
19854,4.71402,49.77413,2
19855,4.71884,49.77073,2
19856,4.71402,49.77413,2
19857,4.71884,49.77073,2
19858,4.71402,49.77413,2
19859,4.71402,49.77413,2
19860,4.71402,49.77413,2
19861,4.71402,49.77413,2
19862,4.71402,49.77413,2
19863,4.71079,49.77088,2
19864,4.71402,49.77413,2
19865,4.71463,49.77421,2
19866,4.71186,49.77126,2
19867,4.71212,49.7716,2
19868,4.71463,49.77421,2
19869,4.71212,49.7716,2
19870,4.71196,49.77139,2
19871,4.71463,49.77421,2
19872,4.71196,49.77139,2
19873,4.71452,49.77413,2
19874,4.71463,49.77421,2
19875,4.71463,49.77421,2
19876,4.71566,49.77244,2
19877,4.71463,49.77421,2
19878,4.71463,49.77421,2
19879,4.71639,49.76875,2
19880,4.71631,49.76791,2
19881,4.71463,49.77421,2
19882,4.71463,49.77421,2
19883,4.71463,49.77421,2
19884,4.71463,49.77421,2
19885,4.71113,49.77137,2
19886,4.71723,49.77119,2
19887,4.71463,49.77421,2
19888,4.70981,49.77127,2
19889,4.71547,49.76988,2
19890,4.70981,49.77127,2
19891,4.71766,49.77169,2
19892,4.71551,49.76994,2
19893,4.71551,49.76994,2
19894,4.71551,49.76994,2
19895,4.71551,49.76994,2
19896,4.71551,49.76994,2
19897,4.71551,49.76994,2
19898,4.71556,49.76999,2
19899,4.7156,49.77005,2
19900,4.7156,49.77005,2
19901,4.7156,49.77005,2
19902,4.7157,49.77017,2
19903,4.71574,49.77023,2
19904,4.71579,49.77029,2
19905,4.71588,49.77041,2
19906,4.71423,49.76913,2
19907,4.71423,49.76913,2
19908,4.71423,49.76913,2
19909,4.71423,49.76913,2
19910,4.71459,49.76939,2
19911,4.71459,49.76939,2
19912,4.71459,49.76939,2
19913,4.71459,49.76939,2
19914,4.71477,49.76953,2
19915,4.71495,49.76966,2
19916,4.71513,49.76979,2
19917,4.71513,49.76979,2
19918,4.71513,49.76979,2
19919,4.71513,49.76979,2
19920,4.71513,49.76979,2
19921,4.71513,49.76979,2
19922,4.71513,49.76979,2
19923,4.7153,49.76992,2
19924,4.71567,49.7704,2
19925,4.71567,49.7704,2
19926,4.71567,49.7704,2
19927,4.71567,49.7704,2
19928,4.71567,49.7704,2
19929,4.71567,49.7704,2
19930,4.71567,49.7704,2
19931,4.71567,49.7704,2
19932,4.71581,49.77032,2
19933,4.71581,49.77032,2
19934,4.71581,49.77032,2
19935,4.71581,49.77032,2
19936,4.71586,49.77038,2
19937,4.71586,49.77038,2
19938,4.71586,49.77038,2
19939,4.71586,49.77038,2
19940,4.71586,49.77038,2
19941,4.71586,49.77038,2
19942,4.71714,49.77066,2
19943,4.71702,49.77044,2
19944,4.71665,49.76981,2
19945,4.71656,49.76965,2
19946,4.71648,49.76948,2
19947,4.7164,49.76931,2
19948,4.71631,49.76915,2
19949,4.71623,49.76898,2
19950,4.71615,49.76881,2
19951,4.71651,49.76989,2
19952,4.71644,49.76978,2
19953,4.71644,49.76978,2
19954,4.71644,49.76978,2
19955,4.71633,49.76956,2
19956,4.71633,49.76956,2
19957,4.71633,49.76956,2
19958,4.71633,49.76956,2
19959,4.71586,49.77038,2
19960,4.71627,49.76944,2
19961,4.71616,49.76922,2
19962,4.71611,49.7691,2
19963,4.71605,49.76899,2
19964,4.71599,49.76888,2
19965,4.71594,49.76877,2
19966,4.71588,49.76865,2
19967,4.7145,49.77024,2
19968,4.71456,49.77035,2
19969,4.71456,49.77035,2
19970,4.71456,49.77035,2
19971,4.71456,49.77035,2
19972,4.71456,49.77035,2
19973,4.71462,49.77046,2
19974,4.71467,49.77056,2
19975,4.71473,49.77067,2
19976,4.71473,49.77067,2
19977,4.71473,49.77067,2
19978,4.71473,49.77067,2
19979,4.71473,49.77067,2
19980,4.71473,49.77067,2
19981,4.71473,49.77067,2
19982,4.71473,49.77067,2
19983,4.71479,49.77078,2
19984,4.71485,49.77089,2
19985,4.7149,49.77099,2
19986,4.71165,49.77022,2
19987,4.7149,49.77099,2
19988,4.71165,49.77022,2
19989,4.7149,49.77099,2
19990,4.7123,49.77004,2
19991,4.7123,49.77004,2
19992,4.71496,49.7711,2
19993,4.71218,49.7701,2
19994,4.7149,49.77099,2
19995,4.7149,49.77099,2
19996,4.71206,49.77016,2
19997,4.7149,49.77099,2
19998,4.71502,49.77121,2
19999,4.70979,49.77128,2
20000,4.7191,49.76942,2
20001,4.71508,49.77131,2
20002,4.71173,49.77033,2
20003,4.7117,49.77104,2
20004,4.71538,49.77189,2
20005,4.7095,49.77141,2
20006,4.71113,49.77137,2
20007,4.71547,49.77206,2
20008,4.71058,49.77086,2
20009,4.71556,49.77224,2
20010,4.71082,49.77167,2
20011,4.71344,49.77429,2
20012,4.71556,49.77224,2
20013,4.71556,49.77224,2
20014,4.71373,49.77421,2
20015,4.71373,49.77421,2
20016,4.71556,49.77224,2
20017,4.71556,49.77224,2
20018,4.71556,49.77224,2
20019,4.71566,49.77244,2
20020,4.71566,49.77244,2
20021,4.71566,49.77244,2
20022,4.71551,49.76994,2
20023,4.7156,49.77005,2
20024,4.71566,49.77244,2
20025,4.71423,49.76913,2
20026,4.71459,49.76939,2
20027,4.71566,49.77244,2
20028,4.71567,49.7704,2
20029,4.71566,49.77244,2
20030,4.71623,49.76898,2
20031,4.71566,49.77244,2
20032,4.71566,49.77244,2
20033,4.71566,49.77244,2
20034,4.71566,49.77244,2
20035,4.71456,49.77035,2
20036,4.71594,49.77262,2
20037,4.71473,49.77067,2
20038,4.7149,49.77099,2
20039,4.71594,49.77262,2
20040,4.71481,49.77047,2
20041,4.71529,49.77173,2
20042,4.71594,49.77262,2
20043,4.71587,49.77247,2
20044,4.71594,49.77262,2
20045,4.71594,49.77262,2
20046,4.7153,49.77137,2
20047,4.71058,49.77086,2
20048,4.7153,49.77137,2
20049,4.7153,49.77137,2
20050,4.71516,49.77111,2
20051,4.71468,49.77022,2
20052,4.7153,49.77137,2
20053,4.71468,49.77022,2
20054,4.7153,49.77137,2
20055,4.71462,49.77011,2
20056,4.7153,49.77137,2
20057,4.71438,49.76971,2
20058,4.71415,49.76931,2
20059,4.7153,49.77137,2
20060,4.7141,49.76924,2
20061,4.72966,49.75225,2
20062,4.72966,49.75225,2
20063,4.72966,49.75225,2
20064,4.72966,49.75225,2
20065,4.72966,49.75225,2
20066,4.72966,49.75225,2
20067,4.72966,49.75225,2
20068,4.72966,49.75225,2
20069,4.72966,49.75225,2
20070,4.72966,49.75225,2
20071,4.72966,49.75225,2
20072,4.72966,49.75225,2
20073,4.72966,49.75225,2
20074,4.72301,49.7539,2
20075,4.72301,49.7539,2
20076,4.72301,49.7539,2
20077,4.72301,49.7539,2
20078,4.72301,49.7539,2
20079,4.72276,49.75402,2
20080,4.72282,49.75391,2
20081,4.72293,49.75368,2
20082,4.72308,49.75377,2
20083,4.72314,49.75365,2
20084,4.72314,49.75365,2
20085,4.72314,49.75365,2
20086,4.72314,49.75365,2
20087,4.72314,49.75365,2
20088,4.7232,49.75352,2
20089,4.7232,49.75352,2
20090,4.7232,49.75352,2
20091,4.7232,49.75352,2
20092,4.7232,49.75352,2
20093,4.7232,49.75352,2
20094,4.72326,49.7534,2
20095,4.72311,49.75334,2
20096,4.72339,49.75315,2
20097,4.72305,49.75258,2
20098,4.72323,49.753,2
20099,4.72341,49.753,2
20100,4.72338,49.75286,2
20101,4.72334,49.75273,2
20102,4.7233,49.7526,2
20103,4.72317,49.75249,2
20104,4.72498,49.75124,2
20105,4.72482,49.75119,2
20106,4.72482,49.75119,2
20107,4.72482,49.75119,2
20108,4.72482,49.75119,2
20109,4.72465,49.75139,2
20110,4.72456,49.75149,2
20111,4.72448,49.75159,2
20112,4.72448,49.75159,2
20113,4.72507,49.74823,2
20114,4.72439,49.75169,2
20115,4.72494,49.7489,2
20116,4.72485,49.7514,2
20117,4.724,49.74661,2
20118,4.72478,49.75148,2
20119,4.72396,49.7465,2
20120,4.72472,49.75155,2
20121,4.72477,49.7485,2
20122,4.72431,49.7518,2
20123,4.72477,49.7485,2
20124,4.72392,49.7464,2
20125,4.72423,49.7519,2
20126,4.72414,49.752,2
20127,4.72455,49.74798,2
20128,4.72465,49.75163,2
20129,4.72458,49.75171,2
20130,4.72484,49.74855,2
20131,4.72406,49.7521,2
20132,4.72484,49.74855,2
20133,4.72484,49.74855,2
20134,4.72397,49.7522,2
20135,4.72451,49.74787,2
20136,4.72388,49.75229,2
20137,4.72521,49.75396,2
20138,4.72379,49.75239,2
20139,4.72543,49.75392,2
20140,4.72577,49.75386,2
20141,4.72438,49.75195,2
20142,4.7269,49.75343,2
20143,4.7237,49.75249,2
20144,4.72362,49.75259,2
20145,4.72884,49.75233,2
20146,4.72362,49.75259,2
20147,4.729,49.75232,2
20148,4.72432,49.75203,2
20149,4.72425,49.75211,2
20150,4.72879,49.75246,2
20151,4.72418,49.75219,2
20152,4.72854,49.75252,2
20153,4.72418,49.75219,2
20154,4.72841,49.75254,2
20155,4.72412,49.75226,2
20156,4.72804,49.7526,2
20157,4.72353,49.75269,2
20158,4.72755,49.75278,2
20159,4.72731,49.75314,2
20160,4.72344,49.75279,2
20161,4.72405,49.75234,2
20162,4.72723,49.75328,2
20163,4.72405,49.75234,2
20164,4.72966,49.75225,2
20165,4.72301,49.7539,2
20166,4.72405,49.75234,2
20167,4.72276,49.75402,2
20168,4.72405,49.75234,2
20169,4.72288,49.75379,2
20170,4.72314,49.75365,2
20171,4.72398,49.75242,2
20172,4.7232,49.75352,2
20173,4.72334,49.75273,2
20174,4.72398,49.75242,2
20175,4.72519,49.75133,2
20176,4.72636,49.75167,2
20177,4.72391,49.7525,2
20178,4.72636,49.75167,2
20179,4.72636,49.75167,2
20180,4.72336,49.75289,2
20181,4.72591,49.75396,2
20182,4.72329,49.753,2
20183,4.72384,49.75258,2
20184,4.72377,49.75265,2
20185,4.72603,49.75394,2
20186,4.7237,49.75273,2
20187,4.72566,49.754,2
20188,4.72363,49.75281,2
20189,4.72554,49.75402,2
20190,4.7253,49.75407,2
20191,4.72356,49.75289,2
20192,4.7248,49.75415,2
20193,4.7235,49.75297,2
20194,4.72343,49.75438,2
20195,4.723413,49.753074,2
20196,4.72321,49.75442,2
20197,4.72255,49.75451,2
20198,4.72433,49.75102,2
20199,4.720607,49.754729,2
20200,4.720592,49.75472,2
20201,4.72457,49.75111,2
20202,4.721005,49.754649,2
20203,4.721005,49.754649,2
20204,4.72495,49.75124,2
20205,4.72507,49.75128,2
20206,4.72257,49.75439,2
20207,4.72294,49.75435,2
20208,4.72519,49.75133,2
20209,4.72829,49.75256,2
20210,4.72307,49.75432,2
20211,4.72519,49.75133,2
20212,4.72307,49.75432,2
20213,4.72829,49.75256,2
20214,4.72519,49.75133,2
20215,4.72829,49.75256,2
20216,4.72319,49.7543,2
20217,4.72519,49.75133,2
20218,4.7242,49.75412,2
20219,4.72543,49.75141,2
20220,4.72449,49.75408,2
20221,4.72555,49.75145,2
20222,4.72579,49.75154,2
20223,4.7259,49.75158,2
20224,4.7232,49.75352,2
20225,4.72602,49.75162,2
20226,4.72614,49.75167,2
20227,4.72369,49.75421,2
20228,4.72369,49.75421,2
20229,4.72626,49.75171,2
20230,4.72638,49.75176,2
20231,4.72638,49.75176,2
20232,4.7265,49.75181,2
20233,4.72662,49.75185,2
20234,4.72687,49.75196,2
20235,4.72687,49.75196,2
20236,4.72699,49.75204,2
20237,4.7271,49.75213,2
20238,4.72634,49.75248,2
20239,4.72636,49.75167,2
20240,4.72636,49.75167,2
20241,4.72636,49.75167,2
20242,4.72718,49.75222,2
20243,4.72636,49.75167,2
20244,4.72636,49.75167,2
20245,4.72636,49.75167,2
20246,4.72636,49.75167,2
20247,4.72636,49.75167,2
20248,4.72813,49.752,2
20249,4.72636,49.75167,2
20250,4.72783,49.75168,2
20251,4.72783,49.75168,2
20252,4.72783,49.75168,2
20253,4.72396,49.7465,2
20254,4.72783,49.75168,2
20255,4.72783,49.75168,2
20256,4.72783,49.75168,2
20257,4.72783,49.75168,2
20258,4.72783,49.75168,2
20259,4.72783,49.75168,2
20260,4.72615,49.75392,2
20261,4.72405,49.75234,2
20262,4.72603,49.75394,2
20263,4.72603,49.75394,2
20264,4.72603,49.75394,2
20265,4.72603,49.75394,2
20266,4.72591,49.75396,2
20267,4.72579,49.75398,2
20268,4.72566,49.754,2
20269,4.72554,49.75402,2
20270,4.72554,49.75402,2
20271,4.72554,49.75402,2
20272,4.72542,49.75405,2
20273,4.72542,49.75405,2
20274,4.72542,49.75405,2
20275,4.72542,49.75405,2
20276,4.72517,49.75409,2
20277,4.72517,49.75409,2
20278,4.72505,49.75411,2
20279,4.72673,49.7519,2
20280,4.72493,49.75413,2
20281,4.7248,49.75415,2
20282,4.7248,49.75415,2
20283,4.7248,49.75415,2
20284,4.72467,49.75417,2
20285,4.72454,49.75419,2
20286,4.7244,49.75421,2
20287,4.72426,49.75423,2
20288,4.72673,49.7519,2
20289,4.72413,49.75425,2
20290,4.724,49.75428,2
20291,4.72388,49.7543,2
20292,4.72259,49.75437,2
20293,4.72377,49.75432,2
20294,4.72366,49.75434,2
20295,4.72355,49.75436,2
20296,4.7288,49.75245,2
20297,4.72355,49.75436,2
20298,4.72343,49.75438,2
20299,4.72332,49.7544,2
20300,4.72332,49.7544,2
20301,4.72332,49.7544,2
20302,4.72332,49.7544,2
20303,4.72321,49.75442,2
20304,4.72321,49.75442,2
20305,4.72321,49.75442,2
20306,4.72321,49.75442,2
20307,4.72321,49.75442,2
20308,4.72321,49.75442,2
20309,4.72321,49.75442,2
20310,4.7231,49.75444,2
20311,4.72298,49.75446,2
20312,4.72298,49.75446,2
20313,4.7288,49.75245,2
20314,4.72285,49.75448,2
20315,4.72285,49.75448,2
20316,4.72272,49.75449,2
20317,4.72255,49.75451,2
20318,4.72255,49.75451,2
20319,4.72255,49.75451,2
20320,4.72255,49.75451,2
20321,4.7204,49.754751,2
20322,4.720386,49.75476,2
20323,4.720607,49.754729,2
20324,4.720592,49.75472,2
20325,4.720592,49.75472,2
20326,4.720592,49.75472,2
20327,4.721005,49.754649,2
20328,4.721005,49.754649,2
20329,4.721005,49.754649,2
20330,4.72501,49.74755,2
20331,4.72501,49.74755,2
20332,4.721005,49.754649,2
20333,4.721005,49.754649,2
20334,4.72205,49.75449,2
20335,4.72213,49.75447,2
20336,4.72228,49.75444,2
20337,4.72221,49.75445,2
20338,4.72246,49.7544,2
20339,4.72257,49.75439,2
20340,4.72257,49.75439,2
20341,4.72294,49.75435,2
20342,4.72307,49.75432,2
20343,4.7248,49.75415,2
20344,4.72307,49.75432,2
20345,4.72396,49.7465,2
20346,4.72507,49.74823,2
20347,4.72294,49.75435,2
20348,4.72506,49.74833,2
20349,4.72307,49.75432,2
20350,4.72504,49.74843,2
20351,4.72294,49.75435,2
20352,4.72502,49.74853,2
20353,4.72332,49.75428,2
20354,4.72501,49.74862,2
20355,4.72332,49.75428,2
20356,4.72501,49.74862,2
20357,4.72344,49.75426,2
20358,4.72499,49.74872,2
20359,4.72501,49.74862,2
20360,4.72357,49.75424,2
20361,4.72396,49.7465,2
20362,4.72501,49.74862,2
20363,4.72501,49.74862,2
20364,4.72892,49.75233,2
20365,4.72892,49.75233,2
20366,4.72369,49.75421,2
20367,4.72501,49.74862,2
20368,4.72892,49.75233,2
20369,4.72382,49.75419,2
20370,4.72499,49.74872,2
20371,4.72394,49.75417,2
20372,4.72499,49.74872,2
20373,4.72405,49.75414,2
20374,4.72499,49.74872,2
20375,4.72394,49.75417,2
20376,4.72499,49.74872,2
20377,4.72405,49.75414,2
20378,4.72499,49.74872,2
20379,4.720607,49.754729,2
20380,4.72405,49.75414,2
20381,4.72498,49.74812,2
20382,4.72405,49.75414,2
20383,4.72498,49.74812,2
20384,4.7242,49.75412,2
20385,4.72498,49.7488,2
20386,4.7242,49.75412,2
20387,4.72497,49.74883,2
20388,4.7242,49.75412,2
20389,4.72495,49.74887,2
20390,4.72434,49.7541,2
20391,4.72494,49.7489,2
20392,4.72434,49.7541,2
20393,4.72742,49.75293,2
20394,4.72477,49.7485,2
20395,4.72742,49.75293,2
20396,4.72434,49.7541,2
20397,4.72485,49.7486,2
20398,4.72449,49.75408,2
20399,4.72477,49.7485,2
20400,4.72966,49.75225,2
20401,4.724,49.74661,2
20402,4.72966,49.75225,2
20403,4.72449,49.75408,2
20404,4.72966,49.75225,2
20405,4.72966,49.75225,2
20406,4.72462,49.7541,2
20407,4.72392,49.7464,2
20408,4.72966,49.75225,2
20409,4.72966,49.75225,2
20410,4.72476,49.754,2
20411,4.72472,49.7484,2
20412,4.72469,49.75385,2
20413,4.72485,49.7486,2
20414,4.72485,49.7486,2
20415,4.72462,49.75369,2
20416,4.72485,49.7486,2
20417,4.72462,49.7541,2
20418,4.72485,49.7486,2
20419,4.72493,49.74869,2
20420,4.72459,49.75404,2
20421,4.72486,49.7484,2
20422,4.72783,49.75168,2
20423,4.72456,49.75398,2
20424,4.72489,49.74826,2
20425,4.72491,49.74812,2
20426,4.72451,49.75388,2
20427,4.72494,49.74798,2
20428,4.72445,49.75372,2
20429,4.72496,49.74783,2
20430,4.72429,49.7534,2
20431,4.72498,49.74769,2
20432,4.72465,49.75307,2
20433,4.72487,49.75402,2
20434,4.72489,49.75314,2
20435,4.72498,49.754,2
20436,4.7288,49.75245,2
20437,4.72447,49.75323,2
20438,4.72509,49.75398,2
20439,4.72452,49.75348,2
20440,4.72567,49.75327,2
20441,4.72452,49.75348,2
20442,4.72567,49.75327,2
20443,4.72567,49.75327,2
20444,4.72464,49.75352,2
20445,4.72521,49.75396,2
20446,4.72567,49.75327,2
20447,4.72567,49.75327,2
20448,4.725,49.75342,2
20449,4.72521,49.75396,2
20450,4.72567,49.75327,2
20451,4.72567,49.75327,2
20452,4.72498,49.74769,2
20453,4.72536,49.75331,2
20454,4.72521,49.75396,2
20455,4.72567,49.75327,2
20456,4.72567,49.75327,2
20457,4.72571,49.7532,2
20458,4.72532,49.75394,2
20459,4.72567,49.75327,2
20460,4.72604,49.75307,2
20461,4.72543,49.75392,2
20462,4.72638,49.75293,2
20463,4.72543,49.75392,2
20464,4.72676,49.75289,2
20465,4.72543,49.75392,2
20466,4.72715,49.75284,2
20467,4.72543,49.75392,2
20468,4.72716,49.75296,2
20469,4.72555,49.7539,2
20470,4.72566,49.75388,2
20471,4.72672,49.75301,2
20472,4.72566,49.75388,2
20473,4.72631,49.75309,2
20474,4.72566,49.75388,2
20475,4.72593,49.75325,2
20476,4.72566,49.75388,2
20477,4.72554,49.75338,2
20478,4.72566,49.75388,2
20479,4.72514,49.7535,2
20480,4.72474,49.75362,2
20481,4.72566,49.75388,2
20482,4.72577,49.75386,2
20483,4.72577,49.75386,2
20484,4.72589,49.75385,2
20485,4.726,49.75383,2
20486,4.72673,49.7519,2
20487,4.72673,49.7519,2
20488,4.72611,49.75381,2
20489,4.72628,49.75375,2
20490,4.72657,49.75364,2
20491,4.72657,49.75364,2
20492,4.72657,49.75364,2
20493,4.72676,49.75354,2
20494,4.7269,49.75343,2
20495,4.7269,49.75343,2
20496,4.72701,49.75332,2
20497,4.72709,49.75318,2
20498,4.72724,49.75292,2
20499,4.72724,49.75292,2
20500,4.72884,49.75233,2
20501,4.72884,49.75233,2
20502,4.729,49.75232,2
20503,4.729,49.75232,2
20504,4.72591,49.75396,2
20505,4.729,49.75232,2
20506,4.72591,49.75396,2
20507,4.72907,49.75231,2
20508,4.72915,49.7523,2
20509,4.72915,49.7523,2
20510,4.72915,49.7523,2
20511,4.72915,49.7523,2
20512,4.72915,49.7523,2
20513,4.7293,49.75229,2
20514,4.7288,49.75245,2
20515,4.7288,49.75245,2
20516,4.72892,49.75233,2
20517,4.72879,49.75246,2
20518,4.72879,49.75246,2
20519,4.72866,49.7525,2
20520,4.72854,49.75252,2
20521,4.72804,49.7526,2
20522,4.72804,49.7526,2
20523,4.72779,49.75265,2
20524,4.72766,49.75267,2
20525,4.72762,49.75269,2
20526,4.72762,49.75269,2
20527,4.72762,49.75269,2
20528,4.72762,49.75269,2
20529,4.72816,49.75258,2
20530,4.72755,49.75278,2
20531,4.72804,49.7526,2
20532,4.72804,49.7526,2
20533,4.72755,49.75278,2
20534,4.72804,49.7526,2
20535,4.72804,49.7526,2
20536,4.72755,49.75278,2
20537,4.720592,49.75472,2
20538,4.72755,49.75278,2
20539,4.72755,49.75278,2
20540,4.72755,49.75278,2
20541,4.72755,49.75278,2
20542,4.72747,49.75286,2
20543,4.72734,49.75307,2
20544,4.72715,49.75341,2
20545,4.7264,49.7539,2
20546,4.72653,49.75389,2
20547,4.72666,49.75389,2
20548,4.72185,49.75408,2
20549,4.72179,49.75415,2
20550,4.72369,49.75421,2
20551,4.72174,49.75422,2
20552,4.72168,49.75428,2
20553,4.720607,49.754729,2
20554,4.720592,49.75472,2
20555,4.72163,49.75435,2
20556,4.72149,49.75452,2
20557,4.72259,49.75437,2
20558,4.72259,49.75437,2
20559,4.72501,49.74862,2
20560,4.72265,49.75425,2
20561,4.7227,49.75414,2
20562,4.72276,49.7544,2
20563,4.72282,49.75427,2
20564,4.72289,49.75415,2
20565,4.72295,49.75402,2
20566,4.72295,49.75402,2
20567,4.72966,49.75225,2
20568,4.72966,49.75225,2
20569,4.72966,49.75225,2
20570,4.72966,49.75225,2
20571,4.72966,49.75225,2
20572,4.72966,49.75225,2
20573,4.72966,49.75225,2
20574,4.72369,49.75421,2
20575,4.72966,49.75225,2
20576,4.70546,49.99236,2
20577,4.70589,49.99236,2
20578,4.70629,49.99264,2
20579,4.70629,49.99264,2
20580,4.70593,49.99236,2
20581,4.70603,49.99247,2
20582,4.70614,49.99258,2
20583,4.70625,49.99269,2
20584,4.70646,49.99302,2
20585,4.70646,49.99291,2
20586,4.70614,49.99236,2
20587,4.70667,49.99304,2
20588,4.70667,49.99304,2
20589,4.70629,49.99264,2
20590,4.70639,49.99308,2
20591,4.70631,49.99313,2
20592,4.70631,49.99313,2
20593,4.71085,49.99239,2
20594,4.70624,49.99317,2
20595,4.70637,49.99326,2
20596,4.71097,49.98991,2
20597,4.71089,49.99018,2
20598,4.71114,49.98862,2
20599,4.71105,49.98964,2
20600,4.71114,49.98928,2
20601,4.7111,49.98883,2
20602,4.71114,49.98905,2
20603,4.71113,49.98905,2
20604,4.70854,49.99375,2
20605,4.70671,49.99544,2
20606,4.71094,49.98853,2
20607,4.71106,49.98811,2
20608,4.7111,49.98883,2
20609,4.71106,49.98811,2
20610,4.71096,49.98863,2
20611,4.71121,49.98887,2
20612,4.71108,49.98823,2
20613,4.71091,49.9883,2
20614,4.71106,49.98811,2
20615,4.71088,49.98812,2
20616,4.7111,49.98883,2
20617,4.71115,49.98864,2
20618,4.71102,49.98882,2
20619,4.70932,49.98911,2
20620,4.71109,49.98829,2
20621,4.70932,49.98911,2
20622,4.70932,49.98911,2
20623,4.70932,49.98911,2
20624,4.711,49.98897,2
20625,4.71006,49.98899,2
20626,4.7101,49.98902,2
20627,4.71007,49.98891,2
20628,4.71003,49.98877,2
20629,4.70998,49.98859,2
20630,4.70993,49.98845,2
20631,4.70992,49.98841,2
20632,4.70988,49.98829,2
20633,4.7098,49.98811,2
20634,4.70997,49.98807,2
20635,4.70958,49.98816,2
20636,4.70962,49.98816,2
20637,4.70962,49.98816,2
20638,4.70962,49.98816,2
20639,4.70962,49.98816,2
20640,4.70962,49.98816,2
20641,4.70962,49.98816,2
20642,4.70962,49.98816,2
20643,4.70962,49.98816,2
20644,4.70962,49.98816,2
20645,4.7098,49.98827,2
20646,4.7096,49.98816,2
20647,4.7096,49.98816,2
20648,4.7099,49.98898,2
20649,4.7098,49.98827,2
20650,4.70962,49.98816,2
20651,4.7096,49.98816,2
20652,4.70962,49.98816,2
20653,4.70942,49.98816,2
20654,4.7095,49.98816,2
20655,4.7095,49.98816,2
20656,4.70971,49.98839,2
20657,4.70981,49.98838,2
20658,4.70965,49.98816,2
20659,4.7097,49.98816,2
20660,4.70983,49.9885,2
20661,4.70976,49.98847,2
20662,4.70977,49.9885,2
20663,4.70985,49.98881,2
20664,4.7099,49.98898,2
20665,4.70992,49.98904,2
20666,4.70996,49.989,2
20667,4.70953,49.98902,2
20668,4.70918,49.98904,2
20669,4.70867,49.98907,2
20670,4.70872,49.98912,2
20671,4.70872,49.98909,2
20672,4.70872,49.98901,2
20673,4.70872,49.98882,2
20674,4.70873,49.98881,2
20675,4.7089,49.98855,2
20676,4.70913,49.98854,2
20677,4.70928,49.98853,2
20678,4.70943,49.98852,2
20679,4.70954,49.98851,2
20680,4.70938,49.9884,2
20681,4.70928,49.98841,2
20682,4.70885,49.98843,2
20683,4.70866,49.98845,2
20684,4.7086,49.9886,2
20685,4.70857,49.98872,2
20686,4.70854,49.98887,2
20687,4.70854,49.98899,2
20688,4.70854,49.98912,2
20689,4.7086,49.98908,2
20690,4.70816,49.9891,2
20691,4.70744,49.98913,2
20692,4.70746,49.98925,2
20693,4.7078,49.98923,2
20694,4.70806,49.98922,2
20695,4.7086,49.98919,2
20696,4.70933,49.98915,2
20697,4.70729,49.98941,2
20698,4.70729,49.98941,2
20699,4.70729,49.98941,2
20700,4.70729,49.98941,2
20701,4.70729,49.98941,2
20702,4.70729,49.98941,2
20703,4.70729,49.98941,2
20704,4.7111,49.98883,2
20705,4.7111,49.98883,2
20706,4.7111,49.98883,2
20707,4.7111,49.98883,2
20708,4.7111,49.98883,2
20709,4.7111,49.98883,2
20710,4.7111,49.98883,2
20711,4.7111,49.98883,2
20712,4.7111,49.98883,2
20713,4.7111,49.98883,2
20714,4.7111,49.98883,2
20715,4.7111,49.98883,2
20716,4.7111,49.98883,2
20717,4.7111,49.98883,2
20718,4.7111,49.98883,2
20719,4.7111,49.98883,2
20720,4.7111,49.98883,2
20721,4.7111,49.98883,2
20722,4.7111,49.98883,2
20723,4.7111,49.98883,2
20724,4.7111,49.98883,2
20725,4.7111,49.98883,2
20726,4.7111,49.98883,2
20727,4.7111,49.98883,2
20728,4.7111,49.98883,2
20729,4.7111,49.98883,2
20730,4.7111,49.98883,2
20731,4.7111,49.98883,2
20732,4.7111,49.98883,2
20733,4.7111,49.98883,2
20734,4.7111,49.98883,2
20735,4.7111,49.98883,2
20736,4.7111,49.98883,2
20737,4.7111,49.98883,2
20738,4.7111,49.98883,2
20739,4.7111,49.98883,2
20740,4.7111,49.98883,2
20741,4.70997,49.99147,2
20742,4.70788,49.99316,2
20743,4.70854,49.99375,2
20744,4.70997,49.99147,2
20745,4.70997,49.99147,2
20746,4.70986,49.99299,2
20747,4.71146,49.99117,2
20748,4.70582,49.99425,2
20749,4.70648,49.98943,2
20750,4.70631,49.99329,2
20751,4.7053,49.99289,2
20752,4.7111,49.98883,2
20753,4.7111,49.98883,2
20754,4.71145,49.99048,2
20755,4.70773,49.9933,2
20756,4.70788,49.99328,2
20757,4.70764,49.99319,2
20758,4.70764,49.99319,2
20759,4.70764,49.99319,2
20760,4.70764,49.99319,2
20761,4.70797,49.99327,2
20762,4.70788,49.99316,2
20763,4.70788,49.99316,2
20764,4.70788,49.99316,2
20765,4.70788,49.99316,2
20766,4.70701,49.99327,2
20767,4.70815,49.99325,2
20768,4.70764,49.99319,2
20769,4.70815,49.99325,2
20770,4.70701,49.99327,2
20771,4.70701,49.99327,2
20772,4.70812,49.99314,2
20773,4.70935,49.99367,2
20774,4.70854,49.99375,2
20775,4.70822,49.99324,2
20776,4.7084,49.99322,2
20777,4.70859,49.99319,2
20778,4.70877,49.99316,2
20779,4.70895,49.99313,2
20780,4.7098,49.98827,2
20781,4.70904,49.99312,2
20782,4.70729,49.98941,2
20783,4.70923,49.99309,2
20784,4.70941,49.99306,2
20785,4.70959,49.99303,2
20786,4.70977,49.99301,2
20787,4.70658,49.99307,2
20788,4.70972,49.9929,2
20789,4.70972,49.99297,2
20790,4.70986,49.99299,2
20791,4.70997,49.99294,2
20792,4.70997,49.99294,2
20793,4.71019,49.99284,2
20794,4.7106,49.99257,2
20795,4.71067,49.99251,2
20796,4.71094,49.99232,2
20797,4.71101,49.99223,2
20798,4.71107,49.99215,2
20799,4.71115,49.99203,2
20800,4.71117,49.99202,2
20801,4.71148,49.99106,2
20802,4.71148,49.99106,2
20803,4.71149,49.99105,2
20804,4.71148,49.99106,2
20805,4.71148,49.99106,2
20806,4.7115,49.99099,2
20807,4.71155,49.99082,2
20808,4.71097,49.99019,2
20809,4.71085,49.99014,2
20810,4.71154,49.99065,2
20811,4.70997,49.99147,2
20812,4.71036,49.99084,2
20813,4.71016,49.9911,2
20814,4.71001,49.99131,2
20815,4.71121,49.99028,2
20816,4.70977,49.99162,2
20817,4.70933,49.99222,2
20818,4.70933,49.99222,2
20819,4.70933,49.99222,2
20820,4.70933,49.99222,2
20821,4.70933,49.99222,2
20822,4.70937,49.99244,2
20823,4.70939,49.99253,2
20824,4.70933,49.99222,2
20825,4.70933,49.99222,2
20826,4.70933,49.99222,2
20827,4.70933,49.99222,2
20828,4.70942,49.99263,2
20829,4.70904,49.99183,2
20830,4.70625,49.99205,2
20831,4.70491,49.9873,2
20832,4.70866,49.99094,2
20833,4.70491,49.9873,2
20834,4.70609,49.99167,2
20835,4.70491,49.9873,2
20836,4.70491,49.9873,2
20837,4.68774,49.98154,2
20838,4.68774,49.98154,2
20839,4.68774,49.98154,2
20840,4.7061,49.99163,2
20841,4.70644,49.99115,2
20842,4.70595,49.99158,2
20843,4.70683,49.99052,2
20844,4.70729,49.98941,2
20845,4.70724,49.98964,2
20846,4.70704,49.98966,2
20847,4.70729,49.98941,2
20848,4.70613,49.99161,2
20849,4.70729,49.98941,2
20850,4.70726,49.98961,2
20851,4.70729,49.98941,2
20852,4.70729,49.98941,2
20853,4.70932,49.98911,2
20854,4.70721,49.98938,2
20855,4.70716,49.98955,2
20856,4.70712,49.98966,2
20857,4.70682,49.98949,2
20858,4.70655,49.98944,2
20859,4.70625,49.98939,2
20860,4.70594,49.98945,2
20861,4.70566,49.98941,2
20862,4.70488,49.98927,2
20863,4.70657,49.98956,2
20864,4.70527,49.98934,2
20865,4.70572,49.9893,2
20866,4.70625,49.98951,2
20867,4.70553,49.99149,2
20868,4.70553,49.99149,2
20869,4.70615,49.99157,2
20870,4.70495,49.99136,2
20871,4.70553,49.99149,2
20872,4.70553,49.99149,2
20873,4.70553,49.99149,2
20874,4.70625,49.99205,2
20875,4.70616,49.99202,2
20876,4.70586,49.99224,2
20877,4.70566,49.9923,2
20878,4.82749,50.13761,2
20879,4.82771,50.13681,2
20880,4.82723,50.13715,2
20881,4.82723,50.13715,2
20882,4.82723,50.13715,2
20883,4.82723,50.13715,2
20884,4.82723,50.13715,2
20885,4.82723,50.13715,2
20886,4.82723,50.13715,2
20887,4.82723,50.13715,2
20888,4.82723,50.13715,2
20889,4.82723,50.13715,2
20890,4.8274,50.13724,2
20891,4.8274,50.13724,2
20892,4.8274,50.13724,2
20893,4.8274,50.13724,2
20894,4.8274,50.13724,2
20895,4.8274,50.13724,2
20896,4.8274,50.13724,2
20897,4.8274,50.13724,2
20898,4.8274,50.13724,2
20899,4.8274,50.13724,2
20900,4.82765,50.13746,2
20901,4.82765,50.13746,2
20902,4.82765,50.13746,2
20903,4.82765,50.13746,2
20904,4.82765,50.13746,2
20905,4.82765,50.13746,2
20906,4.82765,50.13746,2
20907,4.82765,50.13746,2
20908,4.82765,50.13746,2
20909,4.82853,50.1404,2
20910,4.82765,50.13746,2
20911,4.82882,50.13892,2
20912,4.82781,50.1375,2
20913,4.82781,50.1375,2
20914,4.82781,50.1375,2
20915,4.82781,50.1375,2
20916,4.82781,50.1375,2
20917,4.82781,50.1375,2
20918,4.82781,50.1375,2
20919,4.82781,50.1375,2
20920,4.82781,50.1375,2
20921,4.82781,50.1375,2
20922,4.82781,50.1375,2
20923,4.82781,50.1375,2
20924,4.82781,50.1375,2
20925,4.82781,50.1375,2
20926,4.8281,50.13741,2
20927,4.8281,50.13741,2
20928,4.8281,50.13741,2
20929,4.8281,50.13741,2
20930,4.8281,50.13741,2
20931,4.8281,50.13741,2
20932,4.8281,50.13741,2
20933,4.8281,50.13741,2
20934,4.82839,50.13732,2
20935,4.82839,50.13732,2
20936,4.82839,50.13732,2
20937,4.82839,50.13732,2
20938,4.82839,50.13732,2
20939,4.82839,50.13732,2
20940,4.82839,50.13732,2
20941,4.82839,50.13732,2
20942,4.8279,50.13932,2
20943,4.82802,50.13942,2
20944,4.82824,50.13941,2
20945,4.82846,50.1394,2
20946,4.82859,50.13949,2
20947,4.82842,50.13954,2
20948,4.82829,50.13953,2
20949,4.82815,50.13953,2
20950,4.828,50.13954,2
20951,4.82822,50.13975,2
20952,4.82829,50.13987,2
20953,4.82837,50.14,2
20954,4.82844,50.14012,2
20955,4.82855,50.14028,2
20956,4.82706,50.13993,2
20957,4.82871,50.14047,2
20958,4.82883,50.14033,2
20959,4.82897,50.14009,2
20960,4.82899,50.14019,2
20961,4.82901,50.1403,2
20962,4.82903,50.14041,2
20963,4.82905,50.14051,2
20964,4.82897,50.1406,2
20965,4.82885,50.1408,2
20966,4.8289,50.14098,2
20967,4.82905,50.14098,2
20968,4.8292,50.14098,2
20969,4.82933,50.141,2
20970,4.82938,50.14109,2
20971,4.82917,50.14132,2
20972,4.82812,50.1399,2
20973,4.82829,50.14019,2
20974,4.8297,50.1416,2
20975,4.82855,50.14052,2
20976,4.82816,50.13998,2
20977,4.82464,50.15273,2
20978,4.82808,50.13983,2
20979,4.82778,50.13912,2
20980,4.82802,50.13904,2
20981,4.82826,50.13897,2
20982,4.82826,50.13897,2
20983,4.82826,50.13897,2
20984,4.82826,50.13897,2
20985,4.82826,50.13897,2
20986,4.82849,50.1389,2
20987,4.82896,50.13875,2
20988,4.82919,50.13868,2
20989,4.82941,50.13858,2
20990,4.82962,50.13849,2
20991,4.82962,50.13849,2
20992,4.82962,50.13849,2
20993,4.82416,50.13954,2
20994,4.82962,50.13849,2
20995,4.82882,50.13892,2
20996,4.82882,50.13892,2
20997,4.82773,50.13937,2
20998,4.82786,50.1397,2
20999,4.82743,50.13979,2
21000,4.82701,50.13988,2
21001,4.82659,50.13997,2
21002,4.82622,50.14,2
21003,4.82605,50.13973,2
21004,4.82586,50.13973,2
21005,4.82597,50.13991,2
21006,4.82608,50.14009,2
21007,4.82629,50.14016,2
21008,4.82686,50.14004,2
21009,4.82714,50.13998,2
21010,4.82657,50.1401,2
21011,4.82742,50.13991,2
21012,4.8277,50.13985,2
21013,4.82798,50.13979,2
21014,4.82771,50.13681,2
21015,4.82765,50.13746,2
21016,4.82781,50.1375,2
21017,4.82919,50.13868,2
21018,4.60504,49.44737,2
21019,4.60504,49.44737,2
21020,4.631021,49.462747,2
21021,4.631056,49.462602,2
21022,4.63086,49.46331,2
21023,4.628975,49.462615,2
21024,4.629003,49.462623,2
21025,4.630563,49.462971,2
21026,4.63082,49.46331,2
21027,4.631615,49.463697,2
21028,4.623221,49.436861,2
21029,4.63082,49.46331,2
21030,4.63082,49.46331,2
21031,4.621135,49.453759,2
21032,4.623221,49.436861,2
21033,4.623221,49.436861,2
21034,4.606449,49.447719,2
21035,4.605438,49.447298,2
21036,4.608528,49.446746,2
21037,4.608528,49.446746,2
21038,4.60538,49.44686,2
21039,4.60538,49.44686,2
21040,4.608528,49.446746,2
21041,4.621388,49.453557,2
21042,4.608528,49.446746,2
21043,4.608838,49.446273,2
21044,4.608824,49.446578,2
21045,4.605475,49.446902,2
21046,4.608838,49.446273,2
21047,4.60538,49.44686,2
21048,4.608555,49.446736,2
21049,4.631226,49.463318,2
21050,4.631615,49.463697,2
21051,4.608838,49.446273,2
21052,4.605438,49.447298,2
21053,4.631615,49.463697,2
21054,4.605438,49.447298,2
21055,4.631344,49.461644,2
21056,4.631369,49.461572,2
21057,4.621676,49.436531,2
21058,4.623221,49.436861,2
21059,4.607883,49.447108,2
21060,4.607883,49.447108,2
21061,4.606577,49.44751,2
21062,4.606921,49.4478,2
21063,4.608596,49.445783,2
21064,4.621135,49.453759,2
21065,4.608771,49.446615,2
21066,4.574209,49.435364,2
21067,4.57554,49.43487,2
21068,4.57996,49.43506,2
21069,4.57762,49.43541,2
21070,4.57699,49.43534,2
21071,4.57656,49.43507,2
21072,4.57652,49.43519,2
21073,4.57454,49.43518,2
21074,4.58026,49.43498,2
21075,4.58026,49.43498,2
21076,4.57899,49.4367,2
21077,4.5801,49.43274,2
21078,4.57918,49.43606,2
21079,4.57892,49.43449,2
21080,4.57978,49.43292,2
21081,4.58262,49.43353,2
21082,4.57417,49.43548,2
21083,4.58103,49.43401,2
21084,4.60116,49.44132,2
21085,4.60203,49.44176,2
21086,4.60047,49.44095,2
21087,4.59982,49.44056,2
21088,4.59885,49.4396,2
21089,4.58038,49.43477,2
21090,4.57932,49.43444,2
21091,4.57999,49.43597,2
21092,4.57817,49.43571,2
21093,4.59916,49.44017,2
21094,4.58038,49.43477,2
21095,4.57895,49.43494,2
21096,4.58034,49.4328,2
21097,4.57939,49.43526,2
21098,4.5808,49.43337,2
21099,4.58201,49.43359,2
21100,4.57979,49.43544,2
21101,4.57996,49.43527,2
21102,4.58237,49.43362,2
21103,4.58038,49.43477,2
21104,4.57706,49.43523,2
21105,4.57932,49.43444,2
21106,4.57932,49.43444,2
21107,4.57706,49.43523,2
21108,4.57408,49.43538,2
21109,4.57965,49.43325,2
21110,4.57461,49.43529,2
21111,4.57505,49.4351,2
21112,4.57908,49.43378,2
21113,4.574169,49.43541,2
21114,4.59773,49.44018,2
21115,4.57825,49.4356,2
21116,4.57754,49.43551,2
21117,4.5793,49.43573,2
21118,4.57965,49.43325,2
21119,4.99008,49.69057,2
21120,4.98969,49.68691,2
21121,4.98969,49.68691,2
21122,4.98969,49.68691,2
21123,4.98809,49.68702,2
21124,4.99041,49.68702,2
21125,4.98837,49.68701,2
21126,4.98862,49.68717,2
21127,4.98865,49.68763,2
21128,4.98836,49.68715,2
21129,4.98823,49.68794,2
21130,4.98853,49.68804,2
21131,4.988902,49.687987,2
21132,4.99103,49.69547,2
21133,4.98882,49.68774,2
21134,4.98882,49.68767,2
21135,4.98809,49.68702,2
21136,4.98905,49.68807,2
21137,4.98908,49.68819,2
21138,4.98895,49.68814,2
21139,4.98912,49.68844,2
21140,4.98864,49.68813,2
21141,4.99017,49.68895,2
21142,4.99017,49.68895,2
21143,4.99017,49.68895,2
21144,4.99017,49.68895,2
21145,4.9889,49.68821,2
21146,4.98915,49.68866,2
21147,4.98916,49.68877,2
21148,4.98917,49.68889,2
21149,4.989154,49.688836,2
21150,4.989256,49.689202,2
21151,4.9894,49.68901,2
21152,4.98809,49.68702,2
21153,4.99017,49.68895,2
21154,4.98977,49.68902,2
21155,4.98995,49.68903,2
21156,4.98998,49.68915,2
21157,4.98956,49.68909,2
21158,4.98986,49.68914,2
21159,4.98975,49.68914,2
21160,4.98952,49.68913,2
21161,4.98941,49.68913,2
21162,4.98929,49.68913,2
21163,4.98918,49.68912,2
21164,4.98895,49.68909,2
21165,4.98906,49.68913,2
21166,4.98891,49.68914,2
21167,4.98891,49.68914,2
21168,4.98891,49.68914,2
21169,4.98895,49.68909,2
21170,4.98891,49.68914,2
21171,4.988133,49.689442,2
21172,4.988133,49.689442,2
21173,4.98783,49.68949,2
21174,4.98834,49.68925,2
21175,4.98896,49.68902,2
21176,4.98834,49.68805,2
21177,4.98816,49.68806,2
21178,4.98798,49.68808,2
21179,4.98763,49.68808,2
21180,4.98718,49.68801,2
21181,4.988431,49.68798,2
21182,4.98986,49.69178,2
21183,4.98986,49.69178,2
21184,4.98986,49.69178,2
21185,4.99006,49.69038,2
21186,4.99038,49.69078,2
21187,4.99008,49.69057,2
21188,4.99008,49.69057,2
21189,4.99008,49.69057,2
21190,4.99008,49.69057,2
21191,4.99103,49.6932,2
21192,4.98979,49.69058,2
21193,4.99103,49.6932,2
21194,4.99103,49.6932,2
21195,4.99103,49.6932,2
21196,4.98882,49.68825,2
21197,4.98882,49.68825,2
21198,4.98891,49.68914,2
21199,4.98822,49.688,2
21200,4.98895,49.68909,2
21201,4.99008,49.69057,2
21202,4.99008,49.69057,2
21203,4.4891,49.57725,2
21204,4.48891,49.57711,2
21205,4.49681,49.57678,2
21206,4.48852,49.57683,2
21207,4.527997,49.565355,2
21208,4.48889,49.57692,2
21209,4.489534,49.577367,2
21210,4.522848,49.581252,2
21211,4.48832,49.57668,2
21212,4.48837,49.57655,2
21213,4.52571,49.58113,2
21214,4.48811,49.57636,2
21215,4.48786,49.57617,2
21216,4.48763,49.57597,2
21217,4.48793,49.5764,2
21218,4.48773,49.57626,2
21219,4.48754,49.57611,2
21220,4.48741,49.57594,2
21221,4.48747,49.57575,2
21222,4.48728,49.57577,2
21223,4.4864,49.57556,2
21224,4.48522,49.57545,2
21225,4.48346,49.57524,2
21226,4.50932,49.58954,2
21227,4.48523,49.57557,2
21228,4.48718,49.57553,2
21229,4.48712,49.57525,2
21230,4.48704,49.57502,2
21231,4.48696,49.57484,2
21232,4.48713,49.57481,2
21233,4.487009,49.574501,2
21234,4.48689,49.57468,2
21235,4.48689,49.57468,2
21236,4.48689,49.57468,2
21237,4.48679,49.57455,2
21238,4.48668,49.57442,2
21239,4.48704,49.57459,2
21240,4.48724,49.57463,2
21241,4.48657,49.5743,2
21242,4.48646,49.57418,2
21243,4.48635,49.57405,2
21244,4.48624,49.57393,2
21245,4.48664,49.57414,2
21246,4.48595,49.57363,2
21247,4.48546,49.57315,2
21248,4.4861,49.57356,2
21249,4.48561,49.57309,2
21250,4.48449,49.5722,2
21251,4.48527,49.57288,2
21252,4.483523,49.571121,2
21253,4.50068,49.57894,2
21254,4.48222,49.56997,2
21255,4.49639,49.57347,2
21256,4.50419,49.57451,2
21257,4.50383,49.57402,2
21258,4.48527,49.57288,2
21259,4.4981,49.57701,2
21260,4.49849,49.57922,2
21261,4.49037,49.57741,2
21262,4.499595,49.575462,2
21263,4.4998,49.57695,2
21264,4.48724,49.57463,2
21265,4.49574,49.57302,2
21266,4.49574,49.57302,2
21267,4.49639,49.57347,2
21268,4.49435,49.5779,2
21269,4.49743,49.57429,2
21270,4.49777,49.57611,2
21271,4.49578,49.57471,2
21272,4.49521,49.57643,2
21273,4.50357,49.57485,2
21274,4.49435,49.5779,2
21275,4.49637,49.5742,2
21276,4.51054,49.589794,2
21277,4.49842,49.57919,2
21278,4.50127,49.57636,2
21279,4.50008,49.5765,2
21280,4.49959,49.57815,2
21281,4.49435,49.5779,2
21282,4.50127,49.57636,2
21283,4.502875,49.574936,2
21284,4.48527,49.57288,2
21285,4.50127,49.57636,2
21286,4.499875,49.578808,2
21287,4.500076,49.5754,2
21288,4.49505,49.57515,2
21289,4.50128,49.575126,2
21290,4.52852,49.56354,2
21291,4.49959,49.57886,2
21292,4.502916,49.576238,2
21293,4.486765,49.573292,2
21294,4.49578,49.57471,2
21295,4.50357,49.57485,2
21296,4.50127,49.57636,2
21297,4.50139,49.575115,2
21298,4.502449,49.574989,2
21299,4.50127,49.57636,2
21300,4.50127,49.57636,2
21301,4.486765,49.573292,2
21302,4.49577,49.57466,2
21303,4.49626,49.57442,2
21304,4.49777,49.57611,2
21305,4.4896,49.57765,2
21306,4.52852,49.56354,2
21307,4.49678,49.57479,2
21308,4.49678,49.57479,2
21309,4.49029,49.5773,2
21310,4.49336,49.57672,2
21311,4.502586,49.574977,2
21312,4.49197,49.57688,2
21313,4.49192,49.57677,2
21314,4.49296,49.57671,2
21315,4.49799,49.57804,2
21316,4.49295,49.57631,2
21317,4.49271,49.57563,2
21318,4.49307,49.57661,2
21319,4.49339,49.57666,2
21320,4.49842,49.57919,2
21321,4.49315,49.57674,2
21322,4.49334,49.57677,2
21323,4.49686,49.57353,2
21324,4.4937,49.57672,2
21325,4.49336,49.57672,2
21326,4.49021,49.57809,2
21327,4.493,49.57757,2
21328,4.49435,49.5779,2
21329,4.49088,49.57852,2
21330,4.49414,49.57762,2
21331,4.49505,49.57863,2
21332,4.49476,49.5802,2
21333,4.49799,49.57804,2
21334,4.49288,49.57757,2
21335,4.49445,49.57807,2
21336,4.49573,49.58243,2
21337,4.49434,49.5768,2
21338,4.4943,49.57668,2
21339,4.49527,49.57654,2
21340,4.49576,49.57621,2
21341,4.49561,49.57607,2
21342,4.49533,49.57578,2
21343,4.49581,49.57605,2
21344,4.50127,49.57636,2
21345,4.49548,49.57573,2
21346,4.49522,49.57563,2
21347,4.49512,49.57547,2
21348,4.49525,49.57537,2
21349,4.49502,49.57531,2
21350,4.49469,49.57503,2
21351,4.49588,49.57475,2
21352,4.49528,49.5749,2
21353,4.49575,49.57626,2
21354,4.49599,49.57615,2
21355,4.49643,49.57605,2
21356,4.49649,49.57595,2
21357,4.49643,49.57605,2
21358,4.49699,49.57642,2
21359,4.49669,49.57479,2
21360,4.49726,49.57569,2
21361,4.49698,49.57571,2
21362,4.49696,49.57541,2
21363,4.49661,49.57482,2
21364,4.49669,49.57479,2
21365,4.49678,49.57479,2
21366,4.49777,49.57782,2
21367,4.49669,49.57479,2
21368,4.49686,49.57353,2
21369,4.49777,49.57782,2
21370,4.49669,49.57479,2
21371,4.500034,49.575391,2
21372,4.49669,49.57479,2
21373,4.49669,49.57479,2
21374,4.49669,49.57479,2
21375,4.49669,49.57479,2
21376,4.4966,49.57425,2
21377,4.49842,49.57919,2
21378,4.49651,49.57412,2
21379,4.49643,49.57399,2
21380,4.49634,49.57387,2
21381,4.49625,49.57374,2
21382,4.50127,49.57636,2
21383,4.49615,49.57388,2
21384,4.49523,49.57375,2
21385,4.49579,49.57294,2
21386,4.49587,49.57343,2
21387,4.49574,49.57302,2
21388,4.49538,49.57196,2
21389,4.49526,49.57139,2
21390,4.500883,49.575214,2
21391,4.49549,49.57249,2
21392,4.49594,49.57115,2
21393,4.49593,49.57127,2
21394,4.49588,49.5723,2
21395,4.49642,49.5726,2
21396,4.49592,49.57245,2
21397,4.49647,49.57297,2
21398,4.49668,49.57303,2
21399,4.49727,49.57306,2
21400,4.497,49.57363,2
21401,4.49714,49.57386,2
21402,4.49729,49.57407,2
21403,4.49751,49.57451,2
21404,4.49435,49.5779,2
21405,4.49766,49.5752,2
21406,4.49736,49.57466,2
21407,4.49771,49.57542,2
21408,4.498452,49.575545,2
21409,4.499554,49.575463,2
21410,4.499664,49.575452,2
21411,4.499691,49.575451,2
21412,4.499691,49.575451,2
21413,4.499691,49.575451,2
21414,4.48875,49.576815,2
21415,4.501047,49.575176,2
21416,4.500664,49.575263,2
21417,4.52852,49.56354,2
21418,4.502009,49.575042,2
21419,4.502009,49.575042,2
21420,4.49546,49.57593,2
21421,4.49646,49.5761,2
21422,4.50128,49.575126,2
21423,4.49669,49.57479,2
21424,4.502243,49.575019,2
21425,4.49799,49.57804,2
21426,4.50168,49.57639,2
21427,4.49784,49.5759,2
21428,4.50127,49.57636,2
21429,4.49796,49.57646,2
21430,4.49944,49.57748,2
21431,4.49957,49.5789,2
21432,4.49777,49.57611,2
21433,4.49777,49.57611,2
21434,4.48699,49.57561,2
21435,4.49959,49.57886,2
21436,4.49777,49.57611,2
21437,4.49336,49.57672,2
21438,4.49722,49.57646,2
21439,4.49822,49.57677,2
21440,4.49336,49.57672,2
21441,4.4963,49.57653,2
21442,4.49864,49.5767,2
21443,4.507506,49.574017,2
21444,4.4998,49.57695,2
21445,4.52852,49.56354,2
21446,4.50309,49.57549,2
21447,4.52852,49.56354,2
21448,4.50306,49.57623,2
21449,4.50318,49.576,2
21450,4.52571,49.58113,2
21451,4.50248,49.57633,2
21452,4.50317,49.57575,2
21453,4.49435,49.5779,2
21454,4.50932,49.58954,2
21455,4.50314,49.57502,2
21456,4.49435,49.5779,2
21457,4.50932,49.58954,2
21458,4.50316,49.57551,2
21459,4.49435,49.5779,2
21460,4.48722,49.57499,2
21461,4.50932,49.58954,2
21462,4.50315,49.57527,2
21463,4.49435,49.5779,2
21464,4.4896,49.57765,2
21465,4.4998,49.57695,2
21466,4.49435,49.5779,2
21467,4.4894,49.57729,2
21468,4.49823,49.57716,2
21469,4.49435,49.5779,2
21470,4.48871,49.57697,2
21471,4.49835,49.57731,2
21472,4.49336,49.57672,2
21473,4.49848,49.57747,2
21474,4.49336,49.57672,2
21475,4.4998,49.57695,2
21476,4.49336,49.57672,2
21477,4.49893,49.57765,2
21478,4.48684,49.57437,2
21479,4.49917,49.57764,2
21480,4.48512,49.57261,2
21481,4.49932,49.57762,2
21482,4.48372,49.57124,2
21483,4.49948,49.57759,2
21484,4.48527,49.57288,2
21485,4.49963,49.57757,2
21486,4.48237,49.5699,2
21487,4.49979,49.57755,2
21488,4.49973,49.57697,2
21489,4.49952,49.57822,2
21490,4.50109,49.57913,2
21491,4.50097,49.57921,2
21492,4.49949,49.57656,2
21493,4.50072,49.57909,2
21494,4.50045,49.579,2
21495,4.50017,49.57892,2
21496,4.49889,49.57885,2
21497,4.49863,49.57874,2
21498,4.49956,49.57878,2
21499,4.49842,49.57879,2
21500,4.49831,49.5792,2
21501,4.49859,49.57881,2
21502,4.50084,49.57527,2
21503,4.50084,49.57527,2
21504,4.49933,49.58033,2
21505,4.49942,49.58061,2
21506,4.498931,49.578709,2
21507,4.49839,49.57858,2
21508,4.49823,49.57841,2
21509,4.49806,49.57824,2
21510,4.498713,49.578461,2
21511,4.49846,49.57843,2
21512,4.49774,49.57791,2
21513,4.49757,49.57774,2
21514,4.49781,49.57777,2
21515,4.49741,49.57757,2
21516,4.49727,49.5774,2
21517,4.49749,49.57744,2
21518,4.49724,49.57708,2
21519,4.49714,49.57722,2
21520,4.49702,49.57704,2
21521,4.49768,49.57681,2
21522,4.4975,49.57691,2
21523,4.49759,49.57689,2
21524,4.498452,49.575545,2
21525,4.49769,49.57687,2
21526,4.49778,49.57685,2
21527,4.49787,49.57684,2
21528,4.49797,49.57682,2
21529,4.49729,49.57683,2
21530,4.49726,49.5767,2
21531,4.49724,49.57658,2
21532,4.4972,49.57634,2
21533,4.48527,49.57288,2
21534,4.49717,49.57622,2
21535,4.49708,49.57612,2
21536,4.4963,49.57653,2
21537,4.49681,49.57678,2
21538,4.49662,49.5767,2
21539,4.4964,49.57664,2
21540,4.49619,49.57657,2
21541,4.49598,49.57651,2
21542,4.49777,49.57611,2
21543,4.49576,49.57644,2
21544,4.52852,49.56354,2
21545,4.52852,49.56354,2
21546,4.52852,49.56354,2
21547,4.52852,49.56354,2
21548,4.52852,49.56354,2
21549,4.52852,49.56354,2
21550,4.52852,49.56354,2
21551,4.52852,49.56354,2
21552,4.52852,49.56354,2
21553,4.52852,49.56354,2
21554,4.49842,49.57919,2
21555,4.526066,49.58123,2
21556,4.52571,49.58113,2
21557,4.524777,49.58146,2
21558,4.52571,49.58113,2
21559,4.52571,49.58113,2
21560,4.52571,49.58113,2
21561,4.49336,49.57672,2
21562,4.49729,49.57686,2
21563,4.49729,49.57686,2
21564,4.52571,49.58113,2
21565,4.52571,49.58113,2
21566,4.48116,49.57939,2
21567,4.50932,49.58954,2
21568,4.50932,49.58954,2
21569,4.49336,49.57672,2
21570,4.48968,49.57853,2
21571,4.48958,49.57933,2
21572,4.48961,49.57802,2
21573,4.48961,49.57802,2
21574,4.48116,49.57939,2
21575,4.4893,49.57739,2
21576,4.95427,49.70011,2
21577,4.95434,49.70024,2
21578,4.95455,49.70027,2
21579,4.95476,49.7003,2
21580,4.95476,49.7003,2
21581,4.95476,49.7003,2
21582,4.95506,49.70033,2
21583,4.95506,49.70033,2
21584,4.95506,49.70033,2
21585,4.95546,49.70036,2
21586,4.95586,49.7004,2
21587,4.95626,49.70043,2
21588,4.95828,49.69724,2
21589,4.95799,49.69713,2
21590,4.95799,49.69713,2
21591,4.95771,49.69703,2
21592,4.95771,49.69703,2
21593,4.95771,49.69703,2
21594,4.95742,49.69692,2
21595,4.95705,49.69699,2
21596,4.95707,49.69669,2
21597,4.95713,49.69642,2
21598,4.95717,49.6962,2
21599,4.95717,49.69604,2
21600,4.95717,49.69587,2
21601,4.95717,49.69571,2
21602,4.95717,49.69555,2
21603,4.95699,49.69612,2
21604,4.95564,49.69897,2
21605,4.95564,49.69897,2
21606,4.95564,49.69897,2
21607,4.955416,49.699903,2
21608,4.95513,49.7001,2
21609,4.95573,49.70018,2
21610,4.95573,49.70018,2
21611,4.95573,49.70018,2
21612,4.95634,49.70026,2
21613,4.95634,49.70026,2
21614,4.95634,49.70026,2
21615,4.95667,49.70024,2
21616,4.95657,49.70012,2
21617,4.95669,49.69999,2
21618,4.956518,49.700319,2
21619,4.95691,49.69999,2
21620,4.95673,49.70009,2
21621,4.95663,49.700335,2
21622,4.956657,49.700334,2
21623,4.956657,49.700334,2
21624,4.956671,49.700334,2
21625,4.956671,49.700334,2
21626,4.956671,49.700334,2
21627,4.956671,49.700334,2
21628,4.956713,49.700342,2
21629,4.95004,49.69968,2
21630,4.95028,49.69963,2
21631,4.95021,49.69993,2
21632,4.95021,49.69993,2
21633,4.9486,49.69924,2
21634,4.9486,49.69924,2
21635,4.9486,49.69924,2
21636,4.94962,49.69913,2
21637,4.94991,49.69905,2
21638,4.94928,49.69944,2
21639,4.9504,49.70026,2
21640,4.94964,49.69925,2
21641,4.94964,49.69925,2
21642,4.94964,49.69925,2
21643,4.94964,49.69925,2
21644,4.94964,49.69925,2
21645,4.94964,49.69925,2
21646,4.94964,49.69925,2
21647,4.94954,49.69927,2
21648,4.9486,49.69924,2
21649,4.9486,49.69924,2
21650,4.9486,49.69924,2
21651,4.9486,49.69924,2
21652,4.9486,49.69924,2
21653,4.9486,49.69924,2
21654,4.9486,49.69924,2
21655,4.9486,49.69924,2
21656,4.9486,49.69924,2
21657,4.9486,49.69924,2
21658,4.9486,49.69924,2
21659,4.9486,49.69924,2
21660,4.9486,49.69924,2
21661,4.9486,49.69924,2
21662,4.9486,49.69924,2
21663,4.9486,49.69924,2
21664,4.9486,49.69924,2
21665,4.9486,49.69924,2
21666,4.9486,49.69924,2
21667,4.9486,49.69924,2
21668,4.9486,49.69924,2
21669,4.9486,49.69924,2
21670,4.9486,49.69924,2
21671,4.9486,49.69924,2
21672,4.94933,49.6992,2
21673,4.94933,49.6992,2
21674,4.94933,49.6992,2
21675,4.94933,49.6992,2
21676,4.94933,49.6992,2
21677,4.94933,49.6992,2
21678,4.94933,49.6992,2
21679,4.94933,49.6992,2
21680,4.94933,49.6992,2
21681,4.94933,49.6992,2
21682,4.94947,49.69916,2
21683,4.94947,49.69916,2
21684,4.94947,49.69916,2
21685,4.94947,49.69916,2
21686,4.94947,49.69916,2
21687,4.94947,49.69916,2
21688,4.94947,49.69916,2
21689,4.94947,49.69916,2
21690,4.94947,49.69916,2
21691,4.94947,49.69916,2
21692,4.94962,49.69913,2
21693,4.94962,49.69913,2
21694,4.94962,49.69913,2
21695,4.94962,49.69913,2
21696,4.94962,49.69913,2
21697,4.94962,49.69913,2
21698,4.94962,49.69913,2
21699,4.948864,49.699361,2
21700,4.94962,49.69913,2
21701,4.94976,49.69909,2
21702,4.94976,49.69909,2
21703,4.94976,49.69909,2
21704,4.94976,49.69909,2
21705,4.95098,49.70046,2
21706,4.94976,49.69909,2
21707,4.95098,49.70046,2
21708,4.94976,49.69909,2
21709,4.95098,49.70046,2
21710,4.94976,49.69909,2
21711,4.95098,49.70046,2
21712,4.94976,49.69909,2
21713,4.95098,49.70046,2
21714,4.948821,49.699344,2
21715,4.95098,49.70046,2
21716,4.94991,49.69905,2
21717,4.95098,49.70046,2
21718,4.94991,49.69905,2
21719,4.95098,49.70046,2
21720,4.94991,49.69905,2
21721,4.95098,49.70046,2
21722,4.94991,49.69905,2
21723,4.95098,49.70046,2
21724,4.948878,49.69937,2
21725,4.95098,49.70046,2
21726,4.948878,49.69937,2
21727,4.95098,49.70046,2
21728,4.94991,49.69905,2
21729,4.95098,49.70046,2
21730,4.94991,49.69905,2
21731,4.95098,49.70046,2
21732,4.94991,49.69905,2
21733,4.95098,49.70046,2
21734,4.948878,49.69937,2
21735,4.95098,49.70046,2
21736,4.95005,49.69902,2
21737,4.95098,49.70046,2
21738,4.95005,49.69902,2
21739,4.95098,49.70046,2
21740,4.95005,49.69902,2
21741,4.94847,49.6995,2
21742,4.95098,49.70046,2
21743,4.95005,49.69902,2
21744,4.95098,49.70046,2
21745,4.95005,49.69902,2
21746,4.95016,49.69965,2
21747,4.95016,49.69965,2
21748,4.95098,49.70046,2
21749,4.95005,49.69902,2
21750,4.95098,49.70046,2
21751,4.95005,49.69902,2
21752,4.95098,49.70046,2
21753,4.95005,49.69902,2
21754,4.95016,49.69965,2
21755,4.95098,49.70046,2
21756,4.95005,49.69902,2
21757,4.95098,49.70046,2
21758,4.95005,49.69902,2
21759,4.95098,49.70046,2
21760,4.94825,49.70028,2
21761,4.95004,49.69968,2
21762,4.95098,49.70046,2
21763,4.94825,49.70028,2
21764,4.94817,49.70076,2
21765,4.95098,49.70046,2
21766,4.94825,49.70028,2
21767,4.94826,49.70057,2
21768,4.94826,49.70057,2
21769,4.94826,49.70057,2
21770,4.94826,49.70057,2
21771,4.94842,49.70044,2
21772,4.94842,49.70044,2
21773,4.94842,49.70044,2
21774,4.94847,49.70039,2
21775,4.94847,49.70039,2
21776,4.95098,49.70046,2
21777,4.94847,49.70039,2
21778,4.95098,49.70046,2
21779,4.94859,49.70031,2
21780,4.95098,49.70046,2
21781,4.94852,49.70036,2
21782,4.94852,49.70036,2
21783,4.94852,49.70036,2
21784,4.94852,49.70036,2
21785,4.94852,49.70036,2
21786,4.94852,49.70036,2
21787,4.94852,49.70036,2
21788,4.94852,49.70036,2
21789,4.9499,49.70032,2
21790,4.94852,49.70036,2
21791,4.94852,49.70036,2
21792,4.94852,49.70036,2
21793,4.95004,49.69968,2
21794,4.94866,49.70027,2
21795,4.94873,49.70022,2
21796,4.94873,49.70022,2
21797,4.94894,49.7001,2
21798,4.94894,49.7001,2
21799,4.94844,49.69997,2
21800,4.94844,49.69997,2
21801,4.94657,49.69971,2
21802,4.94844,49.69997,2
21803,4.94844,49.69997,2
21804,4.94844,49.69997,2
21805,4.94839,49.69997,2
21806,4.94839,49.69997,2
21807,4.94839,49.69997,2
21808,4.94839,49.69997,2
21809,4.94839,49.69997,2
21810,4.9486,49.69996,2
21811,4.9499,49.70032,2
21812,4.9486,49.69996,2
21813,4.9499,49.70032,2
21814,4.94871,49.69996,2
21815,4.94911,49.69991,2
21816,4.94941,49.69984,2
21817,4.94941,49.69984,2
21818,4.94941,49.69984,2
21819,4.94941,49.69984,2
21820,4.95023,49.70013,2
21821,4.94941,49.69984,2
21822,4.95023,49.70013,2
21823,4.94941,49.69984,2
21824,4.94941,49.69984,2
21825,4.95023,49.70013,2
21826,4.94941,49.69984,2
21827,4.95023,49.70013,2
21828,4.94986,49.69985,2
21829,4.94958,49.6998,2
21830,4.94958,49.6998,2
21831,4.94958,49.6998,2
21832,4.95023,49.70013,2
21833,4.94962,49.69979,2
21834,4.94965,49.69978,2
21835,4.94965,49.69978,2
21836,4.94965,49.69978,2
21837,4.94965,49.69978,2
21838,4.94965,49.69978,2
21839,4.94947,49.69995,2
21840,4.94947,49.69995,2
21841,4.94947,49.69995,2
21842,4.94947,49.69995,2
21843,4.94947,49.69995,2
21844,4.94947,49.69995,2
21845,4.94947,49.69995,2
21846,4.94947,49.69995,2
21847,4.94947,49.69995,2
21848,4.94964,49.69991,2
21849,4.94964,49.69991,2
21850,4.94968,49.6999,2
21851,4.94971,49.69989,2
21852,4.94971,49.69989,2
21853,4.94971,49.69989,2
21854,4.94971,49.69989,2
21855,4.94971,49.69989,2
21856,4.94974,49.69989,2
21857,4.94974,49.69989,2
21858,4.94977,49.69988,2
21859,4.94977,49.69988,2
21860,4.94977,49.69988,2
21861,4.94977,49.69988,2
21862,4.94977,49.69988,2
21863,4.9498,49.69987,2
21864,4.9498,49.69987,2
21865,4.9498,49.69987,2
21866,4.9498,49.69987,2
21867,4.9498,49.69987,2
21868,4.94986,49.69985,2
21869,4.94986,49.69985,2
21870,4.94986,49.69985,2
21871,4.94986,49.69985,2
21872,4.94986,49.69985,2
21873,4.94986,49.69985,2
21874,4.94991,49.69988,2
21875,4.94991,49.69988,2
21876,4.94991,49.69988,2
21877,4.94991,49.69988,2
21878,4.94943,49.69973,2
21879,4.94943,49.69973,2
21880,4.94943,49.69973,2
21881,4.94943,49.69973,2
21882,4.94928,49.69944,2
21883,4.94928,49.69944,2
21884,4.94928,49.69944,2
21885,4.94928,49.69944,2
21886,4.94928,49.69944,2
21887,4.94928,49.69944,2
21888,4.94928,49.69944,2
21889,4.94928,49.69944,2
21890,4.94928,49.69944,2
21891,4.94928,49.69944,2
21892,4.94928,49.69944,2
21893,4.94928,49.69944,2
21894,4.94928,49.69944,2
21895,4.94928,49.69944,2
21896,4.95005,49.70038,2
21897,4.95005,49.70038,2
21898,4.95005,49.70038,2
21899,4.9499,49.70032,2
21900,4.9499,49.70032,2
21901,4.9499,49.70032,2
21902,4.94974,49.70035,2
21903,4.95005,49.70038,2
21904,4.94961,49.70043,2
21905,4.94961,49.70043,2
21906,4.9499,49.70032,2
21907,4.94935,49.70059,2
21908,4.94953,49.69955,2
21909,4.94953,49.69955,2
21910,4.94953,49.69955,2
21911,4.94953,49.69955,2
21912,4.94973,49.69976,2
21913,4.94943,49.69935,2
21914,4.94943,49.69935,2
21915,4.94943,49.69935,2
21916,4.94943,49.69935,2
21917,4.94943,49.69935,2
21918,4.94943,49.69935,2
21919,4.9498,49.69974,2
21920,4.9498,49.69974,2
21921,4.9498,49.69974,2
21922,4.95012,49.69912,2
21923,4.9498,49.69974,2
21924,4.94984,49.69973,2
21925,4.94984,49.69973,2
21926,4.94984,49.69973,2
21927,4.94984,49.69973,2
21928,4.94928,49.69944,2
21929,4.94984,49.69973,2
21930,4.94984,49.69973,2
21931,4.94984,49.69973,2
21932,4.94993,49.69971,2
21933,4.94993,49.69971,2
21934,4.95004,49.69968,2
21935,4.95004,49.69968,2
21936,4.95004,49.69968,2
21937,4.95004,49.69968,2
21938,4.95004,49.69968,2
21939,4.95016,49.69965,2
21940,4.95028,49.69963,2
21941,4.95028,49.69963,2
21942,4.95028,49.69963,2
21943,4.95028,49.69963,2
21944,4.95028,49.69963,2
21945,4.95028,49.69963,2
21946,4.94954,49.69927,2
21947,4.95028,49.69963,2
21948,4.95028,49.69963,2
21949,4.95028,49.69963,2
21950,4.95028,49.69963,2
21951,4.94825,49.70028,2
21952,4.95028,49.69963,2
21953,4.95007,49.7,2
21954,4.95004,49.69968,2
21955,4.95004,49.69968,2
21956,4.94393,49.70238,2
21957,4.95005,49.6998,2
21958,4.95005,49.6998,2
21959,4.95005,49.6998,2
21960,4.95021,49.69993,2
21961,4.95021,49.69993,2
21962,4.95021,49.69993,2
21963,4.95021,49.69993,2
21964,4.95021,49.69993,2
21965,4.95021,49.69993,2
21966,4.94837,49.70048,2
21967,4.95037,49.70006,2
21968,4.95037,49.70006,2
21969,4.95037,49.70006,2
21970,4.95037,49.70006,2
21971,4.95037,49.70006,2
21972,4.95037,49.70006,2
21973,4.9504,49.70026,2
21974,4.9504,49.70026,2
21975,4.9504,49.70026,2
21976,4.95005,49.70038,2
21977,4.9504,49.70026,2
21978,4.95005,49.70038,2
21979,4.9504,49.70026,2
21980,4.94971,49.69989,2
21981,4.9504,49.70026,2
21982,4.9504,49.70026,2
21983,4.94847,49.69983,2
21984,4.9504,49.70026,2
21985,4.9504,49.70026,2
21986,4.9504,49.70026,2
21987,4.94825,49.70028,2
21988,4.9504,49.70026,2
21989,4.95005,49.70038,2
21990,4.94811,49.70088,2
21991,4.9504,49.70026,2
21992,4.94817,49.70076,2
21993,4.9504,49.70026,2
21994,4.94822,49.70064,2
21995,4.95067,49.70044,2
21996,4.94826,49.70057,2
21997,4.94847,49.70039,2
21998,4.95104,49.70066,2
21999,4.94852,49.70036,2
22000,4.94852,49.70036,2
22001,4.94852,49.70036,2
22002,4.94852,49.70036,2
22003,4.94859,49.70031,2
22004,4.94859,49.70031,2
22005,4.94859,49.70031,2
22006,4.94866,49.70027,2
22007,4.94873,49.70022,2
22008,4.9488,49.70018,2
22009,4.94844,49.69997,2
22010,4.94844,49.69997,2
22011,4.94839,49.69997,2
22012,4.94839,49.69997,2
22013,4.9485,49.69996,2
22014,4.9486,49.69996,2
22015,4.9486,49.69996,2
22016,4.94882,49.69995,2
22017,4.94893,49.69995,2
22018,4.94911,49.69991,2
22019,4.94941,49.69984,2
22020,4.94962,49.69979,2
22021,4.95005,49.70038,2
22022,4.94965,49.69978,2
22023,4.95012,49.69912,2
22024,4.94969,49.69977,2
22025,4.94947,49.69995,2
22026,4.94947,49.69995,2
22027,4.94826,49.70057,2
22028,4.94964,49.69991,2
22029,4.94968,49.6999,2
22030,4.94971,49.69989,2
22031,4.94977,49.69988,2
22032,4.9498,49.69987,2
22033,4.94986,49.69985,2
22034,4.94989,49.69984,2
22035,4.94992,49.69984,2
22036,4.94991,49.69988,2
22037,4.94943,49.69973,2
22038,4.9499,49.70032,2
22039,4.9499,49.70032,2
22040,4.94977,49.69975,2
22041,4.94953,49.69955,2
22042,4.94973,49.69976,2
22043,4.9498,49.69974,2
22044,4.9498,49.69974,2
22045,4.94984,49.69973,2
22046,4.94984,49.69973,2
22047,4.94993,49.69971,2
22048,4.6627,49.47276,2
22049,4.6627,49.47276,2
22050,4.6627,49.47191,2
22051,4.662198,49.471936,2
22052,4.662535,49.470869,2
22053,4.66789,49.46955,2
22054,4.67831,49.472675,2
22055,4.67091,49.4725,2
22056,4.66499,49.47121,2
22057,4.651476,49.455616,2
22058,4.66261,49.47141,2
22059,4.66447,49.47104,2
22060,4.656475,49.460984,2
22061,4.662196,49.471603,2
22062,4.66551,49.47158,2
22063,4.664194,49.47187,2
22064,4.6627,49.47276,2
22065,4.6627,49.47276,2
22066,4.6627,49.47276,2
22067,4.6627,49.47276,2
22068,4.6627,49.47276,2
22069,4.6627,49.47276,2
22070,4.6627,49.47276,2
22071,4.6627,49.47276,2
22072,4.6627,49.47276,2
22073,4.6627,49.47276,2
22074,4.6627,49.47276,2
22075,4.6627,49.47276,2
22076,4.662673,49.470866,2
22077,4.6627,49.47276,2
22078,4.66447,49.47104,2
22079,4.664321,49.472227,2
22080,4.6627,49.47276,2
22081,4.66218,49.47203,2
22082,4.66218,49.47203,2
22083,4.66261,49.47141,2
22084,4.66261,49.47141,2
22085,4.6627,49.47276,2
22086,4.66339,49.47113,2
22087,4.66391,49.47085,2
22088,4.6627,49.47276,2
22089,4.66447,49.47104,2
22090,4.66447,49.47104,2
22091,4.6627,49.47191,2
22092,4.66339,49.47113,2
22093,4.66334,49.47068,2
22094,4.662258,49.471135,2
22095,4.6627,49.47276,2
22096,4.6627,49.47276,2
22097,4.6627,49.47276,2
22098,4.6627,49.47276,2
22099,4.6627,49.47191,2
22100,4.6627,49.47191,2
22101,4.662258,49.471135,2
22102,4.656461,49.460966,2
22103,4.662196,49.471603,2
22104,4.66261,49.47141,2
22105,4.66451,49.47006,2
22106,4.66451,49.47006,2
22107,4.664604,49.472402,2
22108,4.66499,49.47121,2
22109,4.66451,49.47006,2
22110,4.66451,49.47006,2
22111,4.66451,49.47006,2
22112,4.66451,49.47006,2
22113,4.66451,49.47006,2
22114,4.66451,49.47006,2
22115,4.66451,49.47006,2
22116,4.66546,49.4702,2
22117,4.66546,49.4702,2
22118,4.66546,49.4702,2
22119,4.665234,49.468966,2
22120,4.665221,49.468984,2
22121,4.66391,49.47085,2
22122,4.6652,49.47068,2
22123,4.66479,49.469513,2
22124,4.66391,49.47085,2
22125,4.66447,49.47104,2
22126,4.66451,49.47006,2
22127,4.66447,49.47104,2
22128,4.66546,49.4702,2
22129,4.66451,49.47006,2
22130,4.66447,49.47104,2
22131,4.66447,49.47104,2
22132,4.66447,49.47104,2
22133,4.66447,49.47104,2
22134,4.665569,49.468438,2
22135,4.66538,49.47062,2
22136,4.66499,49.47121,2
22137,4.66499,49.47121,2
22138,4.666048,49.470487,2
22139,4.666048,49.470487,2
22140,4.66538,49.47062,2
22141,4.66499,49.47121,2
22142,4.66581,49.46981,2
22143,4.66581,49.46981,2
22144,4.66581,49.46981,2
22145,4.66617,49.470439,2
22146,4.667179,49.469881,2
22147,4.666257,49.47024,2
22148,4.666768,49.470257,2
22149,4.66617,49.470439,2
22150,4.66789,49.46955,2
22151,4.66754,49.47023,2
22152,4.66789,49.46955,2
22153,4.66754,49.47023,2
22154,4.66689,49.46958,2
22155,4.66689,49.46958,2
22156,4.66689,49.46958,2
22157,4.66689,49.46958,2
22158,4.66581,49.46981,2
22159,4.66447,49.47104,2
22160,4.66391,49.47085,2
22161,4.66689,49.46958,2
22162,4.66789,49.46955,2
22163,4.66789,49.46955,2
22164,4.66789,49.46955,2
22165,4.66391,49.47085,2
22166,4.66789,49.46955,2
22167,4.66391,49.47085,2
22168,4.66789,49.46955,2
22169,4.66339,49.47113,2
22170,4.667288,49.470157,2
22171,4.66789,49.46955,2
22172,4.66789,49.46955,2
22173,4.66789,49.46955,2
22174,4.66689,49.46958,2
22175,4.66689,49.46958,2
22176,4.66789,49.46955,2
22177,4.6627,49.47191,2
22178,4.66689,49.46958,2
22179,4.66689,49.46958,2
22180,4.66754,49.47023,2
22181,4.66754,49.47023,2
22182,4.66754,49.47023,2
22183,4.66754,49.47023,2
22184,4.66754,49.47023,2
22185,4.66754,49.47023,2
22186,4.66754,49.47023,2
22187,4.66754,49.47023,2
22188,4.66754,49.47023,2
22189,4.66538,49.47062,2
22190,4.66754,49.47023,2
22191,4.66754,49.47023,2
22192,4.66754,49.47023,2
22193,4.66754,49.47023,2
22194,4.66391,49.47085,2
22195,4.66391,49.47085,2
22196,4.66391,49.47085,2
22197,4.66754,49.47023,2
22198,4.66538,49.47062,2
22199,4.670116,49.471693,2
22200,4.66391,49.47085,2
22201,4.66391,49.47085,2
22202,4.66391,49.47085,2
22203,4.66538,49.47062,2
22204,4.66538,49.47062,2
22205,4.664466,49.472395,2
22206,4.664466,49.472395,2
22207,4.66642,49.47197,2
22208,4.66391,49.47085,2
22209,4.66499,49.47121,2
22210,4.666228,49.470196,2
22211,4.66754,49.47023,2
22212,4.66789,49.46955,2
22213,4.67091,49.4725,2
22214,4.657708,49.460807,2
22215,4.657801,49.460734,2
22216,4.666048,49.470487,2
22217,4.656884,49.461192,2
22218,4.66721,49.46997,2
22219,4.71669,49.7687,2
22220,4.71577,49.76817,2
22221,4.71559,49.76826,2
22222,4.71595,49.76809,2
22223,4.71787,49.77204,2
22224,4.71744,49.77123,2
22225,4.71884,49.77073,2
22226,4.71884,49.77073,2
22227,4.71779,49.77095,2
22228,4.7191,49.76942,2
22229,4.71577,49.76817,2
22230,4.70958,49.77129,2
22231,4.71182,49.7712,2
22232,4.71166,49.77229,2
22233,4.71474,49.77034,2
22234,4.717215,49.771756,2
22235,4.71794,49.77216,2
22236,4.71794,49.77216,2
22237,4.71759,49.77155,2
22238,4.71915,49.7689,2
22239,4.71344,49.77429,2
22240,4.71463,49.77421,2
22241,4.71447,49.77403,2
22242,4.71447,49.77403,2
22243,4.71447,49.77403,2
22244,4.71431,49.77406,2
22245,4.71431,49.77406,2
22246,4.71402,49.77413,2
22247,4.71402,49.77413,2
22248,4.71463,49.77421,2
22249,4.71627,49.76944,2
22250,4.7145,49.77024,2
22251,4.71513,49.77142,2
22252,4.72335,49.74564,2
22253,4.72493,49.74869,2
22254,4.72866,49.75237,2
22255,4.72922,49.7523,2
22256,4.7293,49.75229,2
22257,4.72854,49.75252,2
22258,4.72816,49.75258,2
22259,4.72966,49.75225,2
22260,4.72813,49.752,2
22261,4.721005,49.754649,2
22262,4.72364,49.7488,2
22263,4.72221,49.74399,2
22264,4.72221,49.74399,2
22265,4.72395,49.74696,2
22266,4.72364,49.7488,2
22267,4.72482,49.74869,2
22268,4.72905,49.75237,2
22269,4.72798,49.75182,2
22270,4.72798,49.75182,2
22271,4.72226,49.75457,2
22272,4.72226,49.75457,2
22273,4.70742,49.99325,2
22274,4.7111,49.98883,2
22275,4.70651,49.99306,2
22276,4.70742,49.99325,2
22277,4.70655,49.99306,2
22278,4.71049,49.99064,2
22279,4.70742,49.99325,2
22280,4.70997,49.99147,2
22281,4.70962,49.99289,2
22282,4.70828,49.99442,2
22283,4.68774,49.98154,2
22284,4.70729,49.98941,2
22285,4.70729,49.98941,2
22286,4.70495,49.99136,2
22287,4.70495,49.99136,2
22288,4.70495,49.99136,2
22289,4.70553,49.99149,2
22290,4.7111,49.98883,2
22291,4.70729,49.98941,2
22292,4.70729,49.98941,2
22293,4.82464,50.15273,2
22294,4.82814,50.13746,2
22295,4.82416,50.13954,2
22296,4.82853,50.1404,2
22297,4.82962,50.13849,2
22298,4.621601,49.453382,2
22299,4.600869,49.4484,2
22300,4.6213,49.45378,2
22301,4.610857,49.445812,2
22302,4.631615,49.463697,2
22303,4.63082,49.46331,2
22304,4.62286,49.43713,2
22305,4.606832,49.447649,2
22306,4.605438,49.447298,2
22307,4.60513,49.44734,2
22308,4.5793,49.43573,2
22309,4.57971,49.435441,2
22310,4.5787,49.43581,2
22311,4.5793,49.43573,2
22312,4.59998,49.44076,2
22313,4.989034,49.68838,2
22314,4.98822,49.688,2
22315,4.989256,49.689202,2
22316,4.989256,49.689202,2
22317,4.98822,49.688,2
22318,4.99114,49.695576,2
22319,4.498309,49.578064,2
22320,4.4963,49.57653,2
22321,4.52852,49.56354,2
22322,4.52571,49.58113,2
22323,4.50932,49.58954,2
22324,4.50932,49.58954,2
22325,4.4896,49.57765,2
22326,4.4896,49.57765,2
22327,4.48527,49.57288,2
22328,4.49699,49.57642,2
22329,4.49699,49.57642,2
22330,4.49336,49.57672,2
22331,4.49699,49.57642,2
22332,4.50127,49.57636,2
22333,4.49777,49.57782,2
22334,4.50229,49.593752,2
22335,4.50309,49.57549,2
22336,4.52571,49.58113,2
22337,4.49336,49.57672,2
22338,4.48527,49.57288,2
22339,4.48871,49.57697,2
22340,4.48527,49.57288,2
22341,4.49799,49.57804,2
22342,4.49336,49.57672,2
22343,4.49288,49.57757,2
22344,4.49435,49.5779,2
22345,4.496082,49.583566,2
22346,4.49578,49.57471,2
22347,4.49624,49.57605,2
22348,4.49777,49.57611,2
22349,4.500034,49.575391,2
22350,4.503629,49.574806,2
22351,4.50127,49.57636,2
22352,4.9565,49.69906,2
22353,4.95016,49.69965,2
22354,4.95028,49.69963,2
22355,4.94825,49.70028,2
22356,4.95005,49.70038,2
22357,4.94962,49.69979,2
22358,4.94965,49.69978,2
22359,4.94928,49.69944,2
22360,4.94943,49.69935,2
22361,4.94825,49.70028,2
22362,4.94825,49.70028,2
22363,4.94811,49.70088,2
22364,4.94852,49.70036,2
22365,4.94852,49.70036,2
22366,4.94852,49.70036,2
22367,4.94871,49.69996,2
22368,4.94991,49.69988,2
22369,4.94943,49.69935,2
22370,4.66538,49.47062,2
22371,4.66447,49.47104,2
22372,4.66789,49.46955,2
22373,4.670116,49.471693,2
22374,4.66538,49.47062,2
22375,4.66334,49.47068,2
22376,4.67091,49.4725,2
22377,4.65716,49.461186,2
22378,4.66789,49.46955,2
