"ID","Longitude","Latitude","ServiceTime (min)"
37444,4.72353,49.745,2
37445,4.72353,49.745,2
37446,4.72328,49.74466,2
37447,4.72328,49.74466,2
37448,4.72328,49.74466,2
37449,4.72328,49.74466,2
37450,4.72328,49.74466,2
37451,4.72328,49.74466,2
37452,4.72328,49.74466,2
37453,4.72328,49.74466,2
37454,4.72328,49.74466,2
37455,4.72328,49.74466,2
37456,4.72435,49.74794,2
37457,4.72131,49.74298,2
37458,4.72427,49.74774,2
37459,4.72427,49.74774,2
37460,4.72419,49.74755,2
37461,4.72411,49.74735,2
37462,4.72411,49.74735,2
37463,4.72402,49.74715,2
37464,4.72395,49.74696,2
37465,4.72395,49.74696,2
37466,4.72387,49.74676,2
37467,4.7238,49.74656,2
37468,4.7238,49.74656,2
37469,4.72372,49.74636,2
37470,4.72357,49.74606,2
37471,4.72357,49.74606,2
37472,4.72335,49.74564,2
37473,4.72131,49.74298,2
37474,4.72131,49.74298,2
37475,4.72131,49.74298,2
37476,4.72099,49.74257,2
37477,4.72099,49.74257,2
37478,4.72099,49.74257,2
37479,4.72099,49.74257,2
37480,4.72099,49.74257,2
37481,4.71988,49.74177,2
37482,4.71988,49.74177,2
37483,4.71988,49.74177,2
37484,4.71932,49.74184,2
37485,4.71932,49.74184,2
37486,4.72383,49.74619,2
37487,4.72383,49.74619,2
37488,4.72383,49.74619,2
37489,4.72383,49.74619,2
37490,4.72383,49.74619,2
37491,4.72379,49.74612,2
37492,4.72375,49.74604,2
37493,4.72375,49.74604,2
37494,4.72371,49.74597,2
37495,4.72371,49.74597,2
37496,4.72367,49.74589,2
37497,4.72367,49.74589,2
37498,4.72363,49.74582,2
37499,4.72359,49.74574,2
37500,4.72359,49.74574,2
37501,4.72355,49.74566,2
37502,4.72351,49.74559,2
37503,4.72351,49.74559,2
37504,4.72348,49.74551,2
37505,4.72344,49.74543,2
37506,4.72344,49.74543,2
37507,4.72357,49.74536,2
37508,4.72353,49.745,2
37509,4.72353,49.745,2
37510,4.72328,49.74466,2
37511,4.72131,49.74298,2
37512,4.72099,49.74257,2
37513,4.72383,49.74619,2
37514,4.72383,49.74619,2
37515,4.72435,49.74794,2
37516,4.72435,49.74794,2
37517,4.72435,49.74794,2
37518,4.72435,49.74794,2
37519,4.72435,49.74794,2
37520,4.72435,49.74794,2
37521,4.72435,49.74794,2
37522,4.72435,49.74794,2
37523,4.72435,49.74794,2
37524,4.72435,49.74794,2
37525,4.72427,49.74774,2
37526,4.72427,49.74774,2
37527,4.72427,49.74774,2
37528,4.72427,49.74774,2
37529,4.72427,49.74774,2
37530,4.72427,49.74774,2
37531,4.72427,49.74774,2
37532,4.72427,49.74774,2
37533,4.72427,49.74774,2
37534,4.72427,49.74774,2
37535,4.72419,49.74755,2
37536,4.72419,49.74755,2
37537,4.72419,49.74755,2
37538,4.72419,49.74755,2
37539,4.72419,49.74755,2
37540,4.72419,49.74755,2
37541,4.72419,49.74755,2
37542,4.72419,49.74755,2
37543,4.72419,49.74755,2
37544,4.72419,49.74755,2
37545,4.72411,49.74735,2
37546,4.72411,49.74735,2
37547,4.72411,49.74735,2
37548,4.72411,49.74735,2
37549,4.72411,49.74735,2
37550,4.72411,49.74735,2
37551,4.72411,49.74735,2
37552,4.72411,49.74735,2
37553,4.72411,49.74735,2
37554,4.72411,49.74735,2
37555,4.72402,49.74715,2
37556,4.72402,49.74715,2
37557,4.72402,49.74715,2
37558,4.72402,49.74715,2
37559,4.72402,49.74715,2
37560,4.72402,49.74715,2
37561,4.72402,49.74715,2
37562,4.72402,49.74715,2
37563,4.72402,49.74715,2
37564,4.72402,49.74715,2
37565,4.72395,49.74696,2
37566,4.72395,49.74696,2
37567,4.72395,49.74696,2
37568,4.72395,49.74696,2
37569,4.72395,49.74696,2
37570,4.72395,49.74696,2
37571,4.72395,49.74696,2
37572,4.72395,49.74696,2
37573,4.72395,49.74696,2
37574,4.72395,49.74696,2
37575,4.72387,49.74676,2
37576,4.72387,49.74676,2
37577,4.72387,49.74676,2
37578,4.72387,49.74676,2
37579,4.72387,49.74676,2
37580,4.72387,49.74676,2
37581,4.72387,49.74676,2
37582,4.72387,49.74676,2
37583,4.72387,49.74676,2
37584,4.72387,49.74676,2
37585,4.7238,49.74656,2
37586,4.7238,49.74656,2
37587,4.7238,49.74656,2
37588,4.7238,49.74656,2
37589,4.7238,49.74656,2
37590,4.7238,49.74656,2
37591,4.7238,49.74656,2
37592,4.7238,49.74656,2
37593,4.7238,49.74656,2
37594,4.7238,49.74656,2
37595,4.72372,49.74636,2
37596,4.72372,49.74636,2
37597,4.72372,49.74636,2
37598,4.72372,49.74636,2
37599,4.72372,49.74636,2
37600,4.72372,49.74636,2
37601,4.72372,49.74636,2
37602,4.72372,49.74636,2
37603,4.72372,49.74636,2
37604,4.72372,49.74636,2
37605,4.72357,49.74606,2
37606,4.72357,49.74606,2
37607,4.72357,49.74606,2
37608,4.72357,49.74606,2
37609,4.72357,49.74606,2
37610,4.72357,49.74606,2
37611,4.72357,49.74606,2
37612,4.72357,49.74606,2
37613,4.72357,49.74606,2
37614,4.72357,49.74606,2
37615,4.72335,49.74564,2
37616,4.72335,49.74564,2
37617,4.72335,49.74564,2
37618,4.72335,49.74564,2
37619,4.72335,49.74564,2
37620,4.72335,49.74564,2
37621,4.72335,49.74564,2
37622,4.72335,49.74564,2
37623,4.72335,49.74564,2
37624,4.72335,49.74564,2
37625,4.72131,49.74298,2
37626,4.72131,49.74298,2
37627,4.72131,49.74298,2
37628,4.72131,49.74298,2
37629,4.72131,49.74298,2
37630,4.72131,49.74298,2
37631,4.72131,49.74298,2
37632,4.72131,49.74298,2
37633,4.72131,49.74298,2
37634,4.72131,49.74298,2
37635,4.72131,49.74298,2
37636,4.72131,49.74298,2
37637,4.72131,49.74298,2
37638,4.72131,49.74298,2
37639,4.72131,49.74298,2
37640,4.72131,49.74298,2
37641,4.72131,49.74298,2
37642,4.72131,49.74298,2
37643,4.72131,49.74298,2
37644,4.72131,49.74298,2
37645,4.72131,49.74298,2
37646,4.72131,49.74298,2
37647,4.72131,49.74298,2
37648,4.72131,49.74298,2
37649,4.72131,49.74298,2
37650,4.72131,49.74298,2
37651,4.72131,49.74298,2
37652,4.72131,49.74298,2
37653,4.72131,49.74298,2
37654,4.72131,49.74298,2
37655,4.72131,49.74298,2
37656,4.72131,49.74298,2
37657,4.72131,49.74298,2
37658,4.72131,49.74298,2
37659,4.72131,49.74298,2
37660,4.72131,49.74298,2
37661,4.72131,49.74298,2
37662,4.72131,49.74298,2
37663,4.72131,49.74298,2
37664,4.72131,49.74298,2
37665,4.72131,49.74298,2
37666,4.72131,49.74298,2
37667,4.72131,49.74298,2
37668,4.72131,49.74298,2
37669,4.72131,49.74298,2
37670,4.72131,49.74298,2
37671,4.72099,49.74257,2
37672,4.72099,49.74257,2
37673,4.72099,49.74257,2
37674,4.72099,49.74257,2
37675,4.72099,49.74257,2
37676,4.72099,49.74257,2
37677,4.72099,49.74257,2
37678,4.72099,49.74257,2
37679,4.72099,49.74257,2
37680,4.72099,49.74257,2
37681,4.72099,49.74257,2
37682,4.72099,49.74257,2
37683,4.72099,49.74257,2
37684,4.72099,49.74257,2
37685,4.72099,49.74257,2
37686,4.72099,49.74257,2
37687,4.72099,49.74257,2
37688,4.72099,49.74257,2
37689,4.72099,49.74257,2
37690,4.72099,49.74257,2
37691,4.72099,49.74257,2
37692,4.72099,49.74257,2
37693,4.72099,49.74257,2
37694,4.72099,49.74257,2
37695,4.72099,49.74257,2
37696,4.72099,49.74257,2
37697,4.72099,49.74257,2
37698,4.72099,49.74257,2
37699,4.72099,49.74257,2
37700,4.72099,49.74257,2
37701,4.72099,49.74257,2
37702,4.72099,49.74257,2
37703,4.72099,49.74257,2
37704,4.72099,49.74257,2
37705,4.72099,49.74257,2
37706,4.72099,49.74257,2
37707,4.72099,49.74257,2
37708,4.72099,49.74257,2
37709,4.72099,49.74257,2
37710,4.72099,49.74257,2
37711,4.72099,49.74257,2
37712,4.72099,49.74257,2
37713,4.72099,49.74257,2
37714,4.72099,49.74257,2
37715,4.72099,49.74257,2
37716,4.72099,49.74257,2
37717,4.72099,49.74257,2
37718,4.72099,49.74257,2
37719,4.72099,49.74257,2
37720,4.72099,49.74257,2
37721,4.72099,49.74257,2
37722,4.72099,49.74257,2
37723,4.72099,49.74257,2
37724,4.72099,49.74257,2
37725,4.72099,49.74257,2
37726,4.72099,49.74257,2
37727,4.72099,49.74257,2
37728,4.71988,49.74177,2
37729,4.71988,49.74177,2
37730,4.71988,49.74177,2
37731,4.71988,49.74177,2
37732,4.71988,49.74177,2
37733,4.71988,49.74177,2
37734,4.71988,49.74177,2
37735,4.71988,49.74177,2
37736,4.71988,49.74177,2
37737,4.71988,49.74177,2
37738,4.71988,49.74177,2
37739,4.71988,49.74177,2
37740,4.71988,49.74177,2
37741,4.71988,49.74177,2
37742,4.71988,49.74177,2
37743,4.71988,49.74177,2
37744,4.71988,49.74177,2
37745,4.71988,49.74177,2
37746,4.71988,49.74177,2
37747,4.71988,49.74177,2
37748,4.71988,49.74177,2
37749,4.71988,49.74177,2
37750,4.71988,49.74177,2
37751,4.71988,49.74177,2
37752,4.71988,49.74177,2
37753,4.71988,49.74177,2
37754,4.71988,49.74177,2
37755,4.71988,49.74177,2
37756,4.71988,49.74177,2
37757,4.71988,49.74177,2
37758,4.71988,49.74177,2
37759,4.71932,49.74184,2
37760,4.71932,49.74184,2
37761,4.71932,49.74184,2
37762,4.71932,49.74184,2
37763,4.71932,49.74184,2
37764,4.71932,49.74184,2
37765,4.71932,49.74184,2
37766,4.71932,49.74184,2
37767,4.71932,49.74184,2
37768,4.71932,49.74184,2
37769,4.71932,49.74184,2
37770,4.71932,49.74184,2
37771,4.71932,49.74184,2
37772,4.71932,49.74184,2
37773,4.71932,49.74184,2
37774,4.71932,49.74184,2
37775,4.71932,49.74184,2
37776,4.71932,49.74184,2
37777,4.71932,49.74184,2
37778,4.71932,49.74184,2
37779,4.71932,49.74184,2
37780,4.71932,49.74184,2
37781,4.71932,49.74184,2
37782,4.71932,49.74184,2
37783,4.71646,49.74334,2
37784,4.71646,49.74334,2
37785,4.72383,49.74619,2
37786,4.72383,49.74619,2
37787,4.72383,49.74619,2
37788,4.72383,49.74619,2
37789,4.72383,49.74619,2
37790,4.72383,49.74619,2
37791,4.72383,49.74619,2
37792,4.72383,49.74619,2
37793,4.72383,49.74619,2
37794,4.72383,49.74619,2
37795,4.72383,49.74619,2
37796,4.72383,49.74619,2
37797,4.72383,49.74619,2
37798,4.72383,49.74619,2
37799,4.72383,49.74619,2
37800,4.72383,49.74619,2
37801,4.72383,49.74619,2
37802,4.72383,49.74619,2
37803,4.72383,49.74619,2
37804,4.72383,49.74619,2
37805,4.72383,49.74619,2
37806,4.72383,49.74619,2
37807,4.72383,49.74619,2
37808,4.72383,49.74619,2
37809,4.72383,49.74619,2
37810,4.72383,49.74619,2
37811,4.72383,49.74619,2
37812,4.72383,49.74619,2
37813,4.72383,49.74619,2
37814,4.72383,49.74619,2
37815,4.72383,49.74619,2
37816,4.72383,49.74619,2
37817,4.72383,49.74619,2
37818,4.72383,49.74619,2
37819,4.72383,49.74619,2
37820,4.72383,49.74619,2
37821,4.72383,49.74619,2
37822,4.72383,49.74619,2
37823,4.72383,49.74619,2
37824,4.72383,49.74619,2
37825,4.72383,49.74619,2
37826,4.72383,49.74619,2
37827,4.72383,49.74619,2
37828,4.72383,49.74619,2
37829,4.72383,49.74619,2
37830,4.72383,49.74619,2
37831,4.72383,49.74619,2
37832,4.72383,49.74619,2
37833,4.72383,49.74619,2
37834,4.72383,49.74619,2
37835,4.72383,49.74619,2
37836,4.72383,49.74619,2
37837,4.72383,49.74619,2
37838,4.72383,49.74619,2
37839,4.72383,49.74619,2
37840,4.72383,49.74619,2
37841,4.72379,49.74612,2
37842,4.72379,49.74612,2
37843,4.72379,49.74612,2
37844,4.72379,49.74612,2
37845,4.72379,49.74612,2
37846,4.72379,49.74612,2
37847,4.72379,49.74612,2
37848,4.72379,49.74612,2
37849,4.72379,49.74612,2
37850,4.72379,49.74612,2
37851,4.72375,49.74604,2
37852,4.72375,49.74604,2
37853,4.72375,49.74604,2
37854,4.72375,49.74604,2
37855,4.72375,49.74604,2
37856,4.72375,49.74604,2
37857,4.72375,49.74604,2
37858,4.72375,49.74604,2
37859,4.72375,49.74604,2
37860,4.72375,49.74604,2
37861,4.72371,49.74597,2
37862,4.72371,49.74597,2
37863,4.72371,49.74597,2
37864,4.72371,49.74597,2
37865,4.72371,49.74597,2
37866,4.72371,49.74597,2
37867,4.72371,49.74597,2
37868,4.72371,49.74597,2
37869,4.72371,49.74597,2
37870,4.72371,49.74597,2
37871,4.72367,49.74589,2
37872,4.72367,49.74589,2
37873,4.72367,49.74589,2
37874,4.72099,49.74257,2
37875,4.72367,49.74589,2
37876,4.72367,49.74589,2
37877,4.72367,49.74589,2
37878,4.72367,49.74589,2
37879,4.72367,49.74589,2
37880,4.72367,49.74589,2
37881,4.72367,49.74589,2
37882,4.72363,49.74582,2
37883,4.72363,49.74582,2
37884,4.72363,49.74582,2
37885,4.72363,49.74582,2
37886,4.72363,49.74582,2
37887,4.72363,49.74582,2
37888,4.72363,49.74582,2
37889,4.72363,49.74582,2
37890,4.72363,49.74582,2
37891,4.72363,49.74582,2
37892,4.72359,49.74574,2
37893,4.72359,49.74574,2
37894,4.72359,49.74574,2
37895,4.72359,49.74574,2
37896,4.72359,49.74574,2
37897,4.72359,49.74574,2
37898,4.72359,49.74574,2
37899,4.72359,49.74574,2
37900,4.72359,49.74574,2
37901,4.72359,49.74574,2
37902,4.72355,49.74566,2
37903,4.72355,49.74566,2
37904,4.72355,49.74566,2
37905,4.72355,49.74566,2
37906,4.72355,49.74566,2
37907,4.72355,49.74566,2
37908,4.72355,49.74566,2
37909,4.72355,49.74566,2
37910,4.72355,49.74566,2
37911,4.72355,49.74566,2
37912,4.72351,49.74559,2
37913,4.72351,49.74559,2
37914,4.72351,49.74559,2
37915,4.72351,49.74559,2
37916,4.72351,49.74559,2
37917,4.72351,49.74559,2
37918,4.72351,49.74559,2
37919,4.72351,49.74559,2
37920,4.72351,49.74559,2
37921,4.72351,49.74559,2
37922,4.72348,49.74551,2
37923,4.72348,49.74551,2
37924,4.72348,49.74551,2
37925,4.72348,49.74551,2
37926,4.72348,49.74551,2
37927,4.72348,49.74551,2
37928,4.72348,49.74551,2
37929,4.72348,49.74551,2
37930,4.72348,49.74551,2
37931,4.72348,49.74551,2
37932,4.72344,49.74543,2
37933,4.72344,49.74543,2
37934,4.72344,49.74543,2
37935,4.72344,49.74543,2
37936,4.72344,49.74543,2
37937,4.72344,49.74543,2
37938,4.72344,49.74543,2
37939,4.72344,49.74543,2
37940,4.72344,49.74543,2
37941,4.72344,49.74543,2
37942,4.72357,49.74536,2
37943,4.72357,49.74536,2
37944,4.72357,49.74536,2
37945,4.72357,49.74536,2
37946,4.72357,49.74536,2
37947,4.72357,49.74536,2
37948,4.72357,49.74536,2
37949,4.72357,49.74536,2
37950,4.72357,49.74536,2
37951,4.72357,49.74536,2
37952,4.72353,49.745,2
37953,4.72353,49.745,2
37954,4.72353,49.745,2
37955,4.72353,49.745,2
37956,4.72353,49.745,2
37957,4.72353,49.745,2
37958,4.72353,49.745,2
37959,4.72353,49.745,2
37960,4.7071,49.99352,2
37961,4.70847,49.99506,2
37962,4.70828,49.99442,2
37963,4.70828,49.99442,2
37964,4.70691,49.99543,2
37965,4.70691,49.99543,2
37966,4.70732,49.99521,2
37967,4.70772,49.99499,2
37968,4.70809,49.9949,2
37969,4.70813,49.99483,2
37970,4.70792,49.99486,2
37971,4.70796,49.99478,2
37972,4.70822,49.99468,2
37973,4.70822,49.99468,2
37974,4.70826,49.9946,2
37975,4.70826,49.9946,2
37976,4.70831,49.99453,2
37977,4.7084,49.99438,2
37978,4.70805,49.99463,2
37979,4.7084,49.99438,2
37980,4.70849,49.99423,2
37981,4.70853,49.99415,2
37982,4.70809,49.99456,2
37983,4.70809,49.99456,2
37984,4.70853,49.99408,2
37985,4.70844,49.99402,2
37986,4.70818,49.99441,2
37987,4.70822,49.99433,2
37988,4.70835,49.99396,2
37989,4.7083,49.99418,2
37990,4.7083,49.99411,2
37991,4.70822,49.99405,2
37992,4.70753,49.99312,2
37993,4.70826,49.99391,2
37994,4.70826,49.99425,2
37995,4.70818,49.99385,2
37996,4.70818,49.99385,2
37997,4.70691,49.99543,2
37998,4.70819,49.993945,2
37999,4.70819,49.993945,2
38000,4.70819,49.993945,2
38001,4.70819,49.993945,2
38002,4.70819,49.993945,2
38003,4.70796,49.99378,2
38004,4.70787,49.99377,2
38005,4.70792,49.99379,2
38006,4.70712,49.99361,2
38007,4.70712,49.99361,2
38008,4.7072,49.9937,2
38009,4.70623,49.99335,2
38010,4.70708,49.99367,2
38011,4.70623,49.99335,2
38012,4.70663,49.99381,2
38013,4.70712,49.99361,2
38014,4.70671,49.99393,2
38015,4.70712,49.99361,2
38016,4.70665,49.99414,2
38017,4.70715,49.99358,2
38018,4.70634,49.99436,2
38019,4.70713,49.99356,2
38020,4.70573,49.99428,2
38021,4.70634,49.99436,2
38022,4.70712,49.99361,2
38023,4.70653,49.99395,2
38024,4.7071,49.99353,2
38025,4.70682,49.99361,2
38026,4.70646,49.99385,2
38027,4.70702,49.99343,2
38028,4.7053,49.99289,2
38029,4.70708,49.99351,2
38030,4.7053,49.99289,2
38031,4.7063,49.99351,2
38032,4.7066,49.99353,2
38033,4.70606,49.99349,2
38034,4.70603,49.99339,2
38035,4.70683,49.99337,2
38036,4.70685,49.99337,2
38037,4.70674,49.99341,2
38038,4.7065,49.9935,2
38039,4.70668,49.99343,2
38040,4.70708,49.99351,2
38041,4.7063,49.99357,2
38042,4.70629,49.99358,2
38043,4.70644,49.99321,2
38044,4.70685,49.99324,2
38045,4.70693,49.99326,2
38046,4.70711,49.99329,2
38047,4.70669,49.99309,2
38048,4.70651,49.99306,2
38049,4.7069,49.99325,2
38050,4.70697,49.99314,2
38051,4.70704,49.99316,2
38052,4.70721,49.99319,2
38053,4.70721,49.99319,2
38054,4.70711,49.99317,2
38055,4.70658,49.99418,2
38056,4.70686,49.99319,2
38057,4.7066,49.99353,2
38058,4.70686,49.99319,2
38059,4.70686,49.99319,2
38060,4.70643,49.99322,2
38061,4.70646,49.99319,2
38062,4.70664,49.9932,2
38063,4.70667,49.99321,2
38064,4.70684,49.99324,2
38065,4.70723,49.99319,2
38066,4.70734,49.99319,2
38067,4.70742,49.99325,2
38068,4.7075,49.99319,2
38069,4.7075,49.99319,2
38070,4.70742,49.99331,2
38071,4.707,49.99315,2
38072,4.70767,49.9933,2
38073,4.70761,49.99319,2
38074,4.70754,49.99324,2
38075,4.707502,49.993231,2
38076,4.7069,49.99278,2
38077,4.707193,49.992869,2
38078,4.70717,49.99244,2
38079,4.70775,49.99256,2
38080,4.7069,49.99278,2
38081,4.70798,49.99233,2
38082,4.7078,49.9923,2
38083,4.70745,49.99227,2
38084,4.70714,49.9923,2
38085,4.7072,49.99232,2
38086,4.707,49.99226,2
38087,4.70699,49.99226,2
38088,4.70695,49.99224,2
38089,4.70658,49.99418,2
38090,4.7084,49.99438,2
38091,4.7069,49.99278,2
38092,4.70658,49.99418,2
38093,4.7084,49.99438,2
38094,4.70688,49.9922,2
38095,4.70658,49.99418,2
38096,4.70685,49.99219,2
38097,4.70658,49.99418,2
38098,4.70683,49.99218,2
38099,4.7069,49.99278,2
38100,4.707193,49.992869,2
38101,4.70621,49.99241,2
38102,4.70705,49.99277,2
38103,4.70624,49.99263,2
38104,4.70762,49.99294,2
38105,4.70769,49.99304,2
38106,4.70771,49.99315,2
38107,4.70772,49.99322,2
38108,4.70628,49.99349,2
38109,4.70632,49.99353,2
38110,4.70638,49.99363,2
38111,4.7053,49.99289,2
38112,4.70641,49.99363,2
38113,4.70652,49.9937,2
38114,4.70712,49.99361,2
38115,4.7079,49.99375,2
38116,4.70712,49.99361,2
38117,4.70666,49.99385,2
38118,4.70669,49.99389,2
38119,4.70664,49.994,2
38120,4.70671,49.99393,2
38121,4.70671,49.99402,2
38122,4.70669,49.99406,2
38123,4.70667,49.9941,2
38124,4.70667,49.9941,2
38125,4.70667,49.9941,2
38126,4.70663,49.99418,2
38127,4.70673,49.99425,2
38128,4.70673,49.99425,2
38129,4.7069,49.99433,2
38130,4.7069,49.99433,2
38131,4.7069,49.99433,2
38132,4.7069,49.99433,2
38133,4.70705,49.99441,2
38134,4.70708,49.99442,2
38135,4.70708,49.99442,2
38136,4.70708,49.99442,2
38137,4.70715,49.99445,2
38138,4.7084,49.99438,2
38139,4.70722,49.99449,2
38140,4.70727,49.99451,2
38141,4.70737,49.99456,2
38142,4.7074,49.99457,2
38143,4.7075,49.99462,2
38144,4.7076,49.99466,2
38145,4.70767,49.9947,2
38146,4.7077,49.99471,2
38147,4.70775,49.99474,2
38148,4.7078,49.99476,2
38149,4.70787,49.99479,2
38150,4.70785,49.99478,2
38151,4.7079,49.99481,2
38152,4.70797,49.99484,2
38153,4.70802,49.99487,2
38154,4.70792,49.99496,2
38155,4.70792,49.99496,2
38156,4.70792,49.99496,2
38157,4.7078,49.9949,2
38158,4.70768,49.99485,2
38159,4.70768,49.99485,2
38160,4.70768,49.99485,2
38161,4.70716,49.9946,2
38162,4.70709,49.99457,2
38163,4.70704,49.99454,2
38164,4.70697,49.99451,2
38165,4.7069,49.99448,2
38166,4.70685,49.99445,2
38167,4.70685,49.99445,2
38168,4.70685,49.99445,2
38169,4.70678,49.99442,2
38170,4.70661,49.99434,2
38171,4.70647,49.99427,2
38172,4.70655,49.99428,2
38173,4.70649,49.99432,2
38174,4.70643,49.99437,2
38175,4.70638,49.99441,2
38176,4.70632,49.99445,2
38177,4.70607,49.99449,2
38178,4.706,49.99445,2
38179,4.706,49.99445,2
38180,4.7058,49.99432,2
38181,4.70573,49.99428,2
38182,4.70567,49.99423,2
38183,4.7054,49.99406,2
38184,4.70539,49.99394,2
38185,4.70546,49.99389,2
38186,4.70552,49.99384,2
38187,4.70552,49.99384,2
38188,4.70559,49.99379,2
38189,4.70559,49.99379,2
38190,4.70613,49.99441,2
38191,4.70634,49.99426,2
38192,4.70664,49.994,2
38193,4.70645,49.99415,2
38194,4.70651,49.99405,2
38195,4.7053,49.99289,2
38196,4.70634,49.99436,2
38197,4.70634,49.99375,2
38198,4.70638,49.9936,2
38199,4.70634,49.99355,2
38200,4.7063,49.99351,2
38201,4.70193,49.99197,2
38202,4.70621,49.99342,2
38203,4.7084,49.99438,2
38204,4.78012,50.11152,2
38205,4.78016,50.11135,2
38206,4.78027,50.11218,2
38207,4.78024,50.11118,2
38208,4.78031,50.11102,2
38209,4.78026,50.11215,2
38210,4.78026,50.11211,2
38211,4.78082,50.11297,2
38212,4.78027,50.11207,2
38213,4.78082,50.11297,2
38214,4.78139,50.11025,2
38215,4.780631,50.111055,2
38216,4.78181,50.10999,2
38217,4.78246,50.10974,2
38218,4.781473,50.110275,2
38219,4.78269,50.10949,2
38220,4.78057,50.11078,2
38221,4.78047,50.11085,2
38222,4.78039,50.11068,2
38223,4.7803,50.11051,2
38224,4.77939,50.1079,2
38225,4.78036,50.11044,2
38226,4.77978,50.10994,2
38227,4.77961,50.1094,2
38228,4.78044,50.11023,2
38229,4.78034,50.11028,2
38230,4.78004,50.1104,2
38231,4.78272,50.11314,2
38232,4.77996,50.11026,2
38233,4.78022,50.11072,2
38234,4.77988,50.10977,2
38235,4.77923,50.10892,2
38236,4.78319,50.10912,2
38237,4.78425,50.10797,2
38238,4.78372,50.10855,2
38239,4.7847,50.10737,2
38240,4.78272,50.10953,2
38241,4.785,50.10673,2
38242,4.78272,50.10953,2
38243,4.78519,50.10541,2
38244,4.78515,50.10607,2
38245,4.78272,50.10953,2
38246,4.77935,50.11161,2
38247,4.77935,50.11161,2
38248,4.778281,50.108956,2
38249,4.77935,50.11161,2
38250,4.77935,50.11161,2
38251,4.77871,50.1107,2
38252,4.77939,50.1079,2
38253,4.78272,50.11314,2
38254,4.778569,50.108842,2
38255,4.778939,50.108709,2
38256,4.778398,50.107912,2
38257,4.776333,50.10824,2
38258,4.776333,50.10824,2
38259,4.775741,50.108414,2
38260,4.78156,50.11304,2
38261,4.77947,50.10901,2
38262,4.78156,50.11304,2
38263,4.77922,50.10853,2
38264,4.776815,50.108096,2
38265,4.776402,50.108221,2
38266,4.785058,50.098394,2
38267,4.788917,50.100804,2
38268,4.786251,50.099088,2
38269,4.788611,50.10055,2
38270,4.788016,50.100077,2
38271,4.787915,50.100007,2
38272,4.788539,50.100488,2
38273,4.778863,50.10828,2
38274,4.778863,50.10828,2
38275,4.790126,50.105872,2
38276,4.789106,50.105569,2
38277,4.789899,50.105499,2
38278,4.789398,50.105545,2
38279,4.78937,50.105546,2
38280,4.790135,50.105485,2
38281,4.778863,50.10828,2
38282,4.778922,50.110092,2
38283,4.77978,50.11256,2
38284,4.78272,50.11314,2
38285,4.78272,50.10953,2
38286,4.779275,50.108155,2
38287,4.77935,50.11161,2
38288,4.77909,50.110673,2
38289,4.78082,50.11297,2
38290,4.78272,50.11314,2
38291,4.78272,50.11314,2
38292,4.77939,50.1079,2
38293,4.77935,50.11161,2
38294,4.779086,50.110296,2
38295,4.77978,50.10994,2
38296,4.77978,50.10994,2
38297,4.77935,50.11161,2
38298,4.77935,50.11161,2
38299,4.779579,50.115881,2
38300,4.779579,50.115881,2
38301,4.77818,50.11625,2
38302,4.77818,50.11625,2
38303,4.784017,50.113511,2
38304,4.784271,50.116164,2
38305,4.784271,50.116164,2
38306,4.77818,50.11625,2
38307,4.78372,50.10855,2
38308,4.786838,50.117837,2
38309,4.78253,50.11306,2
38310,4.78242,50.11307,2
38311,4.78272,50.11314,2
38312,4.782359,50.113014,2
38313,4.789411,50.101486,2
38314,4.78196,50.11319,2
38315,4.78231,50.11307,2
38316,4.78221,50.11308,2
38317,4.78272,50.11314,2
38318,4.78155,50.11316,2
38319,4.78272,50.11314,2
38320,4.78116,50.11301,2
38321,4.78272,50.11314,2
38322,4.78156,50.11304,2
38323,4.78088,50.11331,2
38324,4.78064,50.11378,2
38325,4.7807,50.11329,2
38326,4.78081,50.11312,2
38327,4.778653,50.113771,2
38328,4.778653,50.113771,2
38329,4.7806,50.11346,2
38330,4.789411,50.108401,2
38331,4.77922,50.11394,2
38332,4.778869,50.11391,2
38333,4.77872,50.11377,2
38334,4.78029,50.11409,2
38335,4.77821,50.1136,2
38336,4.78039,50.11414,2
38337,4.77796,50.11352,2
38338,4.77736,50.11331,2
38339,4.77739,50.11327,2
38340,4.78039,50.11414,2
38341,4.78039,50.11414,2
38342,4.77974,50.11281,2
38343,4.77937,50.11285,2
38344,4.77796,50.11352,2
38345,4.77969,50.11288,2
38346,4.77796,50.11352,2
38347,4.78001,50.1129,2
38348,4.78033,50.1129,2
38349,4.78272,50.11314,2
38350,4.7805,50.11289,2
38351,4.78091,50.11294,2
38352,4.78272,50.11314,2
38353,4.78077,50.11301,2
38354,4.78066,50.1124,2
38355,4.78121,50.11248,2
38356,4.78082,50.11245,2
38357,4.78272,50.11314,2
38358,4.7809,50.11238,2
38359,4.78066,50.1124,2
38360,4.78081,50.1125,2
38361,4.78042,50.1124,2
38362,4.78,50.11247,2
38363,4.78082,50.11297,2
38364,4.77953,50.11253,2
38365,4.7798,50.11261,2
38366,4.78034,50.11242,2
38367,4.78015,50.11237,2
38368,4.78269,50.10949,2
38369,4.78033,50.11238,2
38370,4.7801,50.1122,2
38371,4.78009,50.11203,2
38372,4.7801,50.11186,2
38373,4.780093,50.111497,2
38374,4.7803,50.11226,2
38375,4.78029,50.11222,2
38376,4.78011,50.11169,2
38377,4.84583,49.8749,2
38378,4.84613,49.87521,2
38379,4.843216,49.881433,2
38380,4.843216,49.881433,2
38381,4.84615,49.87916,2
38382,4.84615,49.87916,2
38383,4.84593,49.87958,2
38384,4.84571,49.87999,2
38385,4.84291,49.88125,2
38386,4.84302,49.88126,2
38387,4.84314,49.88126,2
38388,4.84325,49.88127,2
38389,4.84337,49.88127,2
38390,4.84348,49.88128,2
38391,4.8436,49.88128,2
38392,4.84371,49.88129,2
38393,4.84394,49.8813,2
38394,4.84405,49.8813,2
38395,4.84417,49.88131,2
38396,4.84428,49.88131,2
38397,4.84451,49.88132,2
38398,4.84451,49.88132,2
38399,4.845,49.88121,2
38400,4.84543,49.88015,2
38401,4.8444,49.88132,2
38402,4.84463,49.88133,2
38403,4.84474,49.88133,2
38404,4.84463,49.88133,2
38405,4.84488,49.88135,2
38406,4.84502,49.88137,2
38407,4.84517,49.88138,2
38408,4.84545,49.8814,2
38409,4.84588,49.88143,2
38410,4.84574,49.88142,2
38411,4.84623,49.88152,2
38412,4.84657,49.88137,2
38413,4.84603,49.88144,2
38414,4.8456,49.88141,2
38415,4.84544,49.88145,2
38416,4.84601,49.88156,2
38417,4.84588,49.88155,2
38418,4.84562,49.88153,2
38419,4.84407,49.88253,2
38420,4.84483,49.88146,2
38421,4.84483,49.88146,2
38422,4.84473,49.88145,2
38423,4.84462,49.88144,2
38424,4.84452,49.88144,2
38425,4.8443,49.88143,2
38426,4.84419,49.88142,2
38427,4.84408,49.88142,2
38428,4.84397,49.88142,2
38429,4.84387,49.88141,2
38430,4.84365,49.8814,2
38431,4.84365,49.8814,2
38432,4.84354,49.8814,2
38433,4.84343,49.88139,2
38434,4.84333,49.88139,2
38435,4.842849,49.881324,2
38436,4.84322,49.88138,2
38437,4.843,49.88137,2
38438,4.84311,49.88138,2
38439,4.843365,49.880801,2
38440,4.843595,49.880662,2
38441,4.843595,49.880662,2
38442,4.843595,49.880662,2
38443,4.843595,49.880662,2
38444,4.843595,49.880662,2
38445,4.844188,49.880299,2
38446,4.844188,49.880299,2
38447,4.844188,49.880299,2
38448,4.844539,49.880077,2
38449,4.844188,49.880299,2
38450,4.844916,49.879835,2
38451,4.845267,49.879612,2
38452,4.84528,49.879603,2
38453,4.845267,49.879612,2
38454,4.84613,49.87905,2
38455,4.84259,49.88164,2
38456,4.84259,49.88164,2
38457,4.84259,49.88164,2
38458,4.84259,49.88164,2
38459,4.84259,49.88164,2
38460,4.84259,49.88164,2
38461,4.84259,49.88164,2
38462,4.84249,49.88162,2
38463,4.84259,49.88164,2
38464,4.84259,49.88164,2
38465,4.84259,49.88164,2
38466,4.84259,49.88164,2
38467,4.84259,49.88164,2
38468,4.84259,49.88164,2
38469,4.84259,49.88164,2
38470,4.84259,49.88164,2
38471,4.84259,49.88164,2
38472,4.84259,49.88164,2
38473,4.84259,49.88164,2
38474,4.84259,49.88164,2
38475,4.84259,49.88164,2
38476,4.84259,49.88164,2
38477,4.84259,49.88164,2
38478,4.84259,49.88164,2
38479,4.84259,49.88164,2
38480,4.84259,49.88164,2
38481,4.84259,49.88164,2
38482,4.84259,49.88164,2
38483,4.84259,49.88164,2
38484,4.84583,49.8749,2
38485,4.84259,49.88164,2
38486,4.84259,49.88164,2
38487,4.84259,49.88164,2
38488,4.84259,49.88164,2
38489,4.84259,49.88164,2
38490,4.84259,49.88164,2
38491,4.84052,49.88113,2
38492,4.84041,49.88104,2
38493,4.84113,49.88047,2
38494,4.84077,49.88076,2
38495,4.84059,49.8809,2
38496,4.84095,49.88061,2
38497,4.84113,49.88047,2
38498,4.84132,49.88033,2
38499,4.84152,49.88019,2
38500,4.84152,49.88019,2
38501,4.84095,49.8808,2
38502,4.84074,49.88096,2
38503,4.84095,49.8808,2
38504,4.84116,49.88063,2
38505,4.84159,49.8803,2
38506,4.84184,49.88016,2
38507,4.84215,49.87981,2
38508,4.84194,49.87994,2
38509,4.84299,49.87931,2
38510,4.84208,49.88001,2
38511,4.84338,49.87906,2
38512,4.844208,49.878439,2
38513,4.84381,49.87891,2
38514,4.84385,49.8787,2
38515,4.84523,49.87725,2
38516,4.84523,49.87725,2
38517,4.83351,49.88486,2
38518,4.8454,49.87706,2
38519,4.84571,49.87695,2
38520,4.84581,49.87684,2
38521,4.84591,49.87673,2
38522,4.84591,49.87673,2
38523,4.84581,49.87684,2
38524,4.84549,49.87697,2
38525,4.84574,49.87669,2
38526,4.84583,49.87659,2
38527,4.84592,49.8765,2
38528,4.84602,49.87662,2
38529,4.84612,49.8765,2
38530,4.84644,49.87616,2
38531,4.84633,49.87628,2
38532,4.84651,49.87604,2
38533,4.846,49.87641,2
38534,4.84592,49.8765,2
38535,4.84609,49.87632,2
38536,4.84617,49.87622,2
38537,4.84617,49.87622,2
38538,4.84633,49.87628,2
38539,4.84626,49.87613,2
38540,4.84633,49.87603,2
38541,4.84633,49.87603,2
38542,4.84633,49.87603,2
38543,4.84633,49.87603,2
38544,4.84633,49.87603,2
38545,4.84633,49.87603,2
38546,4.84656,49.87591,2
38547,4.84661,49.87579,2
38548,4.84652,49.87567,2
38549,4.84642,49.87555,2
38550,4.84623,49.87532,2
38551,4.84637,49.87593,2
38552,4.84642,49.87582,2
38553,4.84637,49.87573,2
38554,4.84621,49.87554,2
38555,4.84613,49.87544,2
38556,4.84605,49.87535,2
38557,4.84496,49.88148,2
38558,4.84509,49.88149,2
38559,4.84259,49.88164,2
38560,4.84602,49.87506,2
38561,4.84589,49.87489,2
38562,4.84152,49.88019,2
38563,4.84371,49.87881,2
38564,4.84576,49.87471,2
38565,4.84378,49.87876,2
38566,4.84576,49.87498,2
38567,4.84532,49.87715,2
38568,4.84532,49.87715,2
38569,4.84576,49.87498,2
38570,4.8455,49.87718,2
38571,4.84589,49.87489,2
38572,4.84617,49.87622,2
38573,4.84569,49.87489,2
38574,4.84563,49.8748,2
38575,4.83831,49.88621,2
38576,4.8472,49.87452,2
38577,4.8472,49.87452,2
38578,4.84686,49.87455,2
38579,4.84662,49.87456,2
38580,4.84649,49.87457,2
38581,4.84581,49.87458,2
38582,4.84595,49.87458,2
38583,4.84608,49.87458,2
38584,4.84622,49.87457,2
38585,4.84635,49.87457,2
38586,4.84649,49.87457,2
38587,4.83618,49.88682,2
38588,4.83652,49.8868,2
38589,4.83687,49.88678,2
38590,4.8362,49.88702,2
38591,4.83642,49.88728,2
38592,4.83626,49.88734,2
38593,4.83604,49.88707,2
38594,4.8359,49.88701,2
38595,4.83559,49.88711,2
38596,4.83528,49.88721,2
38597,4.83496,49.88731,2
38598,4.83301,49.88778,2
38599,4.8328,49.88763,2
38600,4.83437,49.88751,2
38601,4.83475,49.88762,2
38602,4.83512,49.88765,2
38603,4.83549,49.88753,2
38604,4.83565,49.88761,2
38605,4.83545,49.88767,2
38606,4.83525,49.88774,2
38607,4.83505,49.8878,2
38608,4.83484,49.88776,2
38609,4.83464,49.88771,2
38610,4.83443,49.88766,2
38611,4.83423,49.8876,2
38612,4.83269,49.88729,2
38613,4.83261,49.88745,2
38614,4.83365,49.8879,2
38615,4.83208,49.88607,2
38616,4.83249,49.88726,2
38617,4.83256,49.88762,2
38618,4.83306,49.8879,2
38619,4.83519,49.88716,2
38620,4.83519,49.88716,2
38621,4.83278,49.88779,2
38622,4.83236,49.88743,2
38623,4.83278,49.88717,2
38624,4.83284,49.88729,2
38625,4.83258,49.88737,2
38626,4.8327,49.88754,2
38627,4.8329,49.88771,2
38628,4.83317,49.88779,2
38629,4.8336,49.88765,2
38630,4.83387,49.88755,2
38631,4.83373,49.8874,2
38632,4.83358,49.88724,2
38633,4.83344,49.8871,2
38634,4.83333,49.88696,2
38635,4.83374,49.88677,2
38636,4.83395,49.88668,2
38637,4.83475,49.88652,2
38638,4.83423,49.8867,2
38639,4.83431,49.88678,2
38640,4.83398,49.88704,2
38641,4.83377,49.88721,2
38642,4.83397,49.88743,2
38643,4.83428,49.8874,2
38644,4.83466,49.88728,2
38645,4.83503,49.88716,2
38646,4.83541,49.88704,2
38647,4.83578,49.88692,2
38648,4.83579,49.88688,2
38649,4.83543,49.88677,2
38650,4.83509,49.88665,2
38651,4.83441,49.88638,2
38652,4.83394,49.88598,2
38653,4.83372,49.88577,2
38654,4.83353,49.88571,2
38655,4.8332,49.88576,2
38656,4.83287,49.8858,2
38657,4.83283,49.88584,2
38658,4.83266,49.88589,2
38659,4.83261,49.88585,2
38660,4.83241,49.8859,2
38661,4.83224,49.88597,2
38662,4.83209,49.88611,2
38663,4.831,49.88628,2
38664,4.83284,49.88729,2
38665,4.83116,49.88623,2
38666,4.83284,49.88729,2
38667,4.83133,49.88618,2
38668,4.8315,49.88614,2
38669,4.83166,49.88609,2
38670,4.83183,49.88604,2
38671,4.83195,49.88599,2
38672,4.83208,49.88591,2
38673,4.83222,49.88583,2
38674,4.83239,49.88578,2
38675,4.83256,49.88574,2
38676,4.83283,49.88569,2
38677,4.83316,49.88564,2
38678,4.83349,49.8856,2
38679,4.8335,49.88421,2
38680,4.83467,49.88641,2
38681,4.83467,49.88641,2
38682,4.83578,49.88692,2
38683,4.83578,49.88692,2
38684,4.83754,49.88665,2
38685,4.83774,49.88674,2
38686,4.83799,49.88651,2
38687,4.83813,49.88659,2
38688,4.83813,49.88659,2
38689,4.84249,49.88162,2
38690,4.83348,49.88443,2
38691,4.726589,50.089215,2
38692,4.74311,50.105531,2
38693,4.73822,50.10504,2
38694,4.7367,50.10446,2
38695,4.735705,50.096616,2
38696,4.727142,50.089114,2
38697,4.739244,50.099106,2
38698,4.72569,50.088523,2
38699,4.72615,50.08884,2
38700,4.73817,50.10504,2
38701,4.729527,50.092022,2
38702,4.729513,50.092014,2
38703,4.731935,50.093645,2
38704,4.725485,50.088303,2
38705,4.743508,50.104509,2
38706,4.746104,50.105939,2
38707,4.745364,50.105945,2
38708,4.745364,50.105945,2
38709,4.73974,50.10521,2
38710,4.74585,50.10599,2
38711,4.743618,50.105638,2
38712,4.743618,50.105638,2
38713,4.743138,50.105531,2
38714,4.74496,50.10587,2
38715,4.742132,50.105515,2
38716,4.742132,50.105515,2
38717,4.743,50.10551,2
38718,4.742132,50.105515,2
38719,4.74146,50.10539,2
38720,4.74095,50.10532,2
38721,4.74248,50.10551,2
38722,4.74187,50.10556,2
38723,4.74066,50.10528,2
38724,4.741558,50.105481,2
38725,4.740602,50.105356,2
38726,4.740827,50.105388,2
38727,4.740827,50.105388,2
38728,4.740827,50.105388,2
38729,4.741558,50.105481,2
38730,4.742104,50.105515,2
38731,4.74052,50.10537,2
38732,4.740602,50.105356,2
38733,4.73974,50.10521,2
38734,4.7401,50.10516,2
38735,4.74,50.10514,2
38736,4.73991,50.10512,2
38737,4.740206,50.105247,2
38738,4.73981,50.1051,2
38739,4.740221,50.105256,2
38740,4.74047,50.10524,2
38741,4.73972,50.10508,2
38742,4.73974,50.10521,2
38743,4.73946,50.10518,2
38744,4.73817,50.10504,2
38745,4.739586,50.105116,2
38746,4.73817,50.10504,2
38747,4.73817,50.10504,2
38748,4.73817,50.10504,2
38749,4.73817,50.10504,2
38750,4.73817,50.10504,2
38751,4.73817,50.10504,2
38752,4.73817,50.10504,2
38753,4.73817,50.10504,2
38754,4.73776,50.10563,2
38755,4.737905,50.10531,2
38756,4.73817,50.10504,2
38757,4.73796,50.10571,2
38758,4.73817,50.10504,2
38759,4.73817,50.10504,2
38760,4.73808,50.10487,2
38761,4.73808,50.10487,2
38762,4.73825,50.10486,2
38763,4.73817,50.10504,2
38764,4.73649,50.10438,2
38765,4.73817,50.10504,2
38766,4.737185,50.104552,2
38767,4.737185,50.104552,2
38768,4.73817,50.10504,2
38769,4.73745,50.103945,2
38770,4.73745,50.103945,2
38771,4.73715,50.10442,2
38772,4.73686,50.104469,2
38773,4.73682,50.1044,2
38774,4.7367,50.10446,2
38775,4.73588,50.10504,2
38776,4.73572,50.10509,2
38777,4.73553,50.10565,2
38778,4.73554,50.10581,2
38779,4.735567,50.105761,2
38780,4.73556,50.10614,2
38781,4.73557,50.1063,2
38782,4.73557,50.10663,2
38783,4.7356,50.106451,2
38784,4.735567,50.10577,2
38785,4.7367,50.10446,2
38786,4.744246,50.103578,2
38787,4.744073,50.103761,2
38788,4.743584,50.104633,2
38789,4.745089,50.1034,2
38790,4.73822,50.10504,2
38791,4.73822,50.10504,2
38792,4.73822,50.10504,2
38793,4.745089,50.1034,2
38794,4.742972,50.101744,2
38795,4.729527,50.092022,2
38796,4.729527,50.092022,2
38797,4.729513,50.092014,2
38798,4.739244,50.099106,2
38799,4.72615,50.08884,2
38800,4.726381,50.089264,2
38801,4.72615,50.08884,2
38802,4.737132,50.097549,2
38803,4.734393,50.096031,2
38804,4.733338,50.095261,2
38805,4.733338,50.095261,2
38806,4.734937,50.096604,2
38807,4.735597,50.096393,2
38808,4.734223,50.095379,2
38809,4.734223,50.095379,2
38810,4.73318,50.094573,2
38811,4.7326,50.094126,2
38812,4.72615,50.08884,2
38813,4.726633,50.089277,2
38814,4.72615,50.08884,2
38815,4.72615,50.08884,2
38816,4.72615,50.08884,2
38817,4.726633,50.089277,2
38818,4.72615,50.08884,2
38819,4.72615,50.08884,2
38820,4.725485,50.088303,2
38821,4.72615,50.08884,2
38822,4.72615,50.08884,2
38823,4.72615,50.08884,2
38824,4.72615,50.08884,2
38825,4.72615,50.08884,2
38826,4.72615,50.08884,2
38827,4.72615,50.08884,2
38828,4.72615,50.08884,2
38829,4.72615,50.08884,2
38830,4.72615,50.08884,2
38831,4.72615,50.08884,2
38832,4.72615,50.08884,2
38833,4.72615,50.08884,2
38834,4.72615,50.08884,2
38835,4.490114,49.832149,2
38836,4.490114,49.832149,2
38837,4.490543,49.832429,2
38838,4.490114,49.832149,2
38839,4.4905,49.83098,2
38840,4.489712,49.832174,2
38841,4.4905,49.83098,2
38842,4.49115,49.832678,2
38843,4.4905,49.83098,2
38844,4.491122,49.832661,2
38845,4.49137,49.83307,2
38846,4.491295,49.833143,2
38847,4.49137,49.83307,2
38848,4.49137,49.83307,2
38849,4.4905,49.83098,2
38850,4.4905,49.83098,2
38851,4.49366,49.83577,2
38852,4.490208,49.834366,2
38853,4.49085,49.83385,2
38854,4.49366,49.83577,2
38855,4.490208,49.834366,2
38856,4.49366,49.83577,2
38857,4.49366,49.83577,2
38858,4.4905,49.83098,2
38859,4.495689,49.829023,2
38860,4.4905,49.83455,2
38861,4.4905,49.83455,2
38862,4.4905,49.83455,2
38863,4.4905,49.83455,2
38864,4.4905,49.83455,2
38865,4.4905,49.83455,2
38866,4.4905,49.83455,2
38867,4.4905,49.83455,2
38868,4.4905,49.83455,2
38869,4.4905,49.83455,2
38870,4.49474,49.82883,2
38871,4.4905,49.83455,2
38872,4.4905,49.83455,2
38873,4.4905,49.83455,2
38874,4.4905,49.83455,2
38875,4.49228,49.83438,2
38876,4.4905,49.83098,2
38877,4.4905,49.83098,2
38878,4.4905,49.83098,2
38879,4.49232,49.834382,2
38880,4.4905,49.83098,2
38881,4.4905,49.83098,2
38882,4.49366,49.83577,2
38883,4.49228,49.83438,2
38884,4.4905,49.83455,2
38885,4.49474,49.82883,2
38886,4.4905,49.83098,2
38887,4.494866,49.82893,2
38888,4.494866,49.82893,2
38889,4.4905,49.83098,2
38890,4.494866,49.82893,2
38891,4.494866,49.82893,2
38892,4.501622,49.83172,2
38893,4.494852,49.82893,2
38894,4.494852,49.82893,2
38895,4.501644,49.831585,2
38896,4.49137,49.83307,2
38897,4.501739,49.831547,2
38898,4.50095,49.828651,2
38899,4.497471,49.829126,2
38900,4.499277,49.829166,2
38901,4.50095,49.828651,2
38902,4.49474,49.82883,2
38903,4.4905,49.83098,2
38904,4.4905,49.83098,2
38905,4.49474,49.82883,2
38906,4.49474,49.82883,2
38907,4.503676,49.827471,2
38908,4.4905,49.83455,2
38909,4.502722,49.828215,2
38910,4.5017,49.828655,2
38911,4.502722,49.828215,2
38912,4.502722,49.828215,2
38913,4.5011,49.82855,2
38914,4.5011,49.82855,2
38915,4.502109,49.828495,2
38916,4.502722,49.828215,2
38917,4.5011,49.82855,2
38918,4.5011,49.82855,2
38919,4.49366,49.83577,2
38920,4.491227,49.830548,2
38921,4.502908,49.828661,2
38922,4.49366,49.83577,2
38923,4.494764,49.828491,2
38924,4.49073,49.832273,2
38925,4.48995,49.82926,2
38926,4.490114,49.832149,2
38927,4.4905,49.83098,2
38928,4.49366,49.83577,2
38929,4.4905,49.83098,2
38930,4.490516,49.8341,2
38931,4.49474,49.82883,2
38932,4.496302,49.829066,2
38933,4.503526,49.827527,2
38934,4.49474,49.82883,2
38935,4.4905,49.83455,2
38936,4.49091,49.830949,2
38937,4.49474,49.82883,2
38938,4.49474,49.82883,2
38939,4.502272,49.828088,2
38940,4.491136,49.83267,2
38941,4.5011,49.82855,2
38942,4.49474,49.82883,2
38943,4.4905,49.83098,2
38944,4.491004,49.830858,2
38945,4.49016,49.83084,2
38946,4.4905,49.83098,2
38947,4.491004,49.830858,2
38948,4.490706,49.831375,2
38949,4.4905,49.83098,2
38950,4.490706,49.831375,2
38951,4.49016,49.83084,2
38952,4.49016,49.83084,2
38953,4.49016,49.83084,2
38954,4.5011,49.82855,2
38955,4.49016,49.83084,2
38956,4.49016,49.83084,2
38957,4.49016,49.83084,2
38958,4.4905,49.83098,2
38959,4.48293,49.82869,2
38960,4.489763,49.830754,2
38961,4.482378,49.819621,2
38962,4.49016,49.83084,2
38963,4.490706,49.831375,2
38964,4.490706,49.831375,2
38965,4.48293,49.82869,2
38966,4.49016,49.83084,2
38967,4.4905,49.83098,2
38968,4.389508,49.776772,2
38969,4.39617,49.77785,2
38970,4.39617,49.77785,2
38971,4.390299,49.777118,2
38972,4.390299,49.777118,2
38973,4.390299,49.777118,2
38974,4.391342,49.77789,2
38975,4.39617,49.77785,2
38976,4.389288,49.776488,2
38977,4.390867,49.777467,2
38978,4.39392,49.77875,2
38979,4.402649,49.779971,2
38980,4.392777,49.778378,2
38981,4.39262,49.77889,2
38982,4.39262,49.77889,2
38983,4.39392,49.77875,2
38984,4.39262,49.77889,2
38985,4.393795,49.778864,2
38986,4.39349,49.77921,2
38987,4.39392,49.77875,2
38988,4.39392,49.77875,2
38989,4.39392,49.77875,2
38990,4.39617,49.77785,2
38991,4.39617,49.77785,2
38992,4.402603,49.777484,2
38993,4.39617,49.77785,2
38994,4.39617,49.77785,2
38995,4.398285,49.777369,2
38996,4.397384,49.777384,2
38997,4.397107,49.777415,2
38998,4.397384,49.777384,2
38999,4.397564,49.777381,2
39000,4.398271,49.777369,2
39001,4.39392,49.77875,2
39002,4.39392,49.77875,2
39003,4.399033,49.777356,2
39004,4.39262,49.77889,2
39005,4.39392,49.77875,2
39006,4.400321,49.777307,2
39007,4.39262,49.77889,2
39008,4.400806,49.777281,2
39009,4.39392,49.77875,2
39010,4.396887,49.777455,2
39011,4.402771,49.777517,2
39012,4.403613,49.777763,2
39013,4.39392,49.77875,2
39014,4.40481,49.777509,2
39015,4.40159,49.777465,2
39016,4.401991,49.777782,2
39017,4.402053,49.777942,2
39018,4.40213,49.778471,2
39019,4.40213,49.778471,2
39020,4.402146,49.779549,2
39021,4.402515,49.779758,2
39022,4.402707,49.780033,2
39023,4.400832,49.77931,2
39024,4.400832,49.77931,2
39025,4.40079,49.779302,2
39026,4.402161,49.779566,2
39027,4.40149,49.779452,2
39028,4.40079,49.779302,2
39029,4.39392,49.77875,2
39030,4.40079,49.779302,2
39031,4.400187,49.778782,2
39032,4.400051,49.778524,2
39033,4.400201,49.778791,2
39034,4.399753,49.778359,2
39035,4.391516,49.778058,2
39036,4.402091,49.779226,2
39037,4.402678,49.780007,2
39038,4.392754,49.778163,2
39039,4.39392,49.77875,2
39040,4.403502,49.777765,2
39041,4.403874,49.779402,2
39042,4.398838,49.778015,2
39043,4.39392,49.77875,2
39044,4.39617,49.77785,2
39045,4.39392,49.77875,2
39046,4.393136,49.779378,2
39047,4.40845,49.78436,2
39048,4.40845,49.78436,2
39049,4.39392,49.77875,2
39050,4.393077,49.77893,2
39051,4.39617,49.77785,2
39052,4.39262,49.77889,2
39053,4.398271,49.777369,2
39054,4.400819,49.777281,2
39055,4.39262,49.77889,2
39056,4.400272,49.776428,2
39057,4.401013,49.777277,2
39058,4.402089,49.779172,2
39059,4.400081,49.778569,2
39060,4.402666,49.779719,2
39061,4.395537,49.778026,2
39062,4.39617,49.77785,2
39063,4.40079,49.779302,2
39064,4.394068,49.77876,2
39065,4.581705,49.821634,2
39066,4.590371,49.812904,2
39067,4.59483,49.8199,2
39068,4.58146,49.81492,2
39069,4.58696,49.8168,2
39070,4.590172,49.8128,2
39071,4.58086,49.81454,2
39072,4.58142,49.82054,2
39073,4.57766,49.82193,2
39074,4.589996,49.812597,2
39075,4.59029,49.81599,2
39076,4.58095,49.81365,2
39077,4.58254,49.8132,2
39078,4.58696,49.8168,2
39079,4.59504,49.82001,2
39080,4.58696,49.8168,2
39081,4.58696,49.8168,2
39082,4.58696,49.8168,2
39083,4.58696,49.8168,2
39084,4.58696,49.8168,2
39085,4.58696,49.8168,2
39086,4.591157,49.816231,2
39087,4.58976,49.81696,2
39088,4.58696,49.8168,2
39089,4.58696,49.8168,2
39090,4.58696,49.8168,2
39091,4.58696,49.8168,2
39092,4.58696,49.8168,2
39093,4.59029,49.81599,2
39094,4.59029,49.81599,2
39095,4.58834,49.81633,2
39096,4.59029,49.81599,2
39097,4.58834,49.81633,2
39098,4.59029,49.81599,2
39099,4.58523,49.81465,2
39100,4.59029,49.81599,2
39101,4.59029,49.81599,2
39102,4.5868,49.81498,2
39103,4.59029,49.81599,2
39104,4.58942,49.81386,2
39105,4.59029,49.81599,2
39106,4.58968,49.81374,2
39107,4.59029,49.81599,2
39108,4.59029,49.81599,2
39109,4.59029,49.81599,2
39110,4.58052,49.81368,2
39111,4.58878,49.81591,2
39112,4.58777,49.81533,2
39113,4.58747,49.81555,2
39114,4.58727,49.8156,2
39115,4.58706,49.81567,2
39116,4.58682,49.81577,2
39117,4.58752,49.8154,2
39118,4.58752,49.8154,2
39119,4.587,49.81547,2
39120,4.58716,49.81539,2
39121,4.58731,49.81531,2
39122,4.5873,49.81548,2
39123,4.5857,49.81619,2
39124,4.58758,49.8153,2
39125,4.59029,49.81599,2
39126,4.58773,49.81485,2
39127,4.58847,49.81543,2
39128,4.58995,49.81578,2
39129,4.58847,49.81543,2
39130,4.59029,49.81599,2
39131,4.58959,49.8157,2
39132,4.58925,49.81387,2
39133,4.58229,49.81331,2
39134,4.58941,49.81373,2
39135,4.5899,49.8135,2
39136,4.59047,49.81337,2
39137,4.59021,49.8135,2
39138,4.58916,49.81399,2
39139,4.58851,49.81445,2
39140,4.5883,49.81461,2
39141,4.58808,49.81476,2
39142,4.58523,49.81465,2
39143,4.58095,49.81365,2
39144,4.59063,49.81315,2
39145,4.59039,49.81327,2
39146,4.59014,49.81338,2
39147,4.58995,49.81362,2
39148,4.58787,49.81492,2
39149,4.58925,49.81387,2
39150,4.59073,49.81325,2
39151,4.59029,49.81599,2
39152,4.58523,49.81465,2
39153,4.59029,49.81599,2
39154,4.59029,49.81599,2
39155,4.59029,49.81599,2
39156,4.59029,49.81599,2
39157,4.59029,49.81599,2
39158,4.58467,49.81418,2
39159,4.59029,49.81599,2
39160,4.58467,49.81418,2
39161,4.59029,49.81599,2
39162,4.58467,49.81418,2
39163,4.59029,49.81599,2
39164,4.58467,49.81418,2
39165,4.58696,49.8168,2
39166,4.58467,49.81418,2
39167,4.58467,49.81418,2
39168,4.59029,49.81599,2
39169,4.59029,49.81599,2
39170,4.59029,49.81599,2
39171,4.59029,49.81599,2
39172,4.59029,49.81599,2
39173,4.59029,49.81599,2
39174,4.59029,49.81599,2
39175,4.58329,49.81607,2
39176,4.58523,49.81465,2
39177,4.58256,49.81269,2
39178,4.58129,49.81144,2
39179,4.58129,49.81144,2
39180,4.58142,49.82054,2
39181,4.5831,49.81219,2
39182,4.58229,49.81331,2
39183,4.580837,49.808257,2
39184,4.58268,49.81246,2
39185,4.58403,49.81173,2
39186,4.58495,49.81125,2
39187,4.58575,49.81069,2
39188,4.58161,49.81189,2
39189,4.585617,49.810881,2
39190,4.58535,49.81097,2
39191,4.58475,49.81139,2
39192,4.58609,49.81074,2
39193,4.59144,49.80469,2
39194,4.58653,49.81559,2
39195,4.58672,49.81547,2
39196,4.58634,49.8157,2
39197,4.58615,49.81581,2
39198,4.58578,49.81603,2
39199,4.58596,49.81592,2
39200,4.58564,49.81615,2
39201,4.58095,49.81365,2
39202,4.58095,49.81365,2
39203,4.58095,49.81365,2
39204,4.5856,49.81625,2
39205,4.58555,49.81635,2
39206,4.58551,49.81645,2
39207,4.58547,49.81656,2
39208,4.5857,49.81619,2
39209,4.5864,49.81602,2
39210,4.58527,49.81688,2
39211,4.58609,49.816,2
39212,4.5857,49.81619,2
39213,4.58567,49.81651,2
39214,4.58696,49.8168,2
39215,4.58585,49.81635,2
39216,4.58527,49.81688,2
39217,4.59029,49.81599,2
39218,4.58526,49.81722,2
39219,4.59029,49.81599,2
39220,4.585,49.8175,2
39221,4.58509,49.81718,2
39222,4.5847,49.8181,2
39223,4.58452,49.81808,2
39224,4.58665,49.81567,2
39225,4.58207,49.81531,2
39226,4.58696,49.8168,2
39227,4.58696,49.8168,2
39228,4.58272,49.81259,2
39229,4.58696,49.8168,2
39230,4.58696,49.8168,2
39231,4.58696,49.8168,2
39232,4.58696,49.8168,2
39233,4.58696,49.8168,2
39234,4.583842,49.819412,2
39235,4.58696,49.8168,2
39236,4.58141,49.82015,2
39237,4.58138,49.82027,2
39238,4.58136,49.82039,2
39239,4.58696,49.8168,2
39240,4.58696,49.8168,2
39241,4.59029,49.81599,2
39242,4.58696,49.8168,2
39243,4.59029,49.81599,2
39244,4.58696,49.8168,2
39245,4.58696,49.8168,2
39246,4.58095,49.81365,2
39247,4.58696,49.8168,2
39248,4.58696,49.8168,2
39249,4.58428,49.81162,2
39250,4.58752,49.8154,2
39251,4.58696,49.8168,2
39252,4.58696,49.8168,2
39253,4.58696,49.8168,2
39254,4.58696,49.8168,2
39255,4.58696,49.8168,2
39256,4.5864,49.81647,2
39257,4.58657,49.81637,2
39258,4.58696,49.8168,2
39259,4.58766,49.81649,2
39260,4.58696,49.8168,2
39261,4.581996,49.822249,2
39262,4.58696,49.8168,2
39263,4.58696,49.8168,2
39264,4.58696,49.8168,2
39265,4.58696,49.8168,2
39266,4.58696,49.8168,2
39267,4.58696,49.8168,2
39268,4.58696,49.8168,2
39269,4.58696,49.8168,2
39270,4.58696,49.8168,2
39271,4.59029,49.81599,2
39272,4.58696,49.8168,2
39273,4.58696,49.8168,2
39274,4.58696,49.8168,2
39275,4.58217,49.81327,2
39276,4.58696,49.8168,2
39277,4.58847,49.81543,2
39278,4.58696,49.8168,2
39279,4.58696,49.8168,2
39280,4.58696,49.8168,2
39281,4.58268,49.81569,2
39282,4.58696,49.8168,2
39283,4.58696,49.8168,2
39284,4.58696,49.8168,2
39285,4.58959,49.81693,2
39286,4.5813,49.81347,2
39287,4.59483,49.8199,2
39288,4.58273,49.81316,2
39289,4.58095,49.81365,2
39290,4.59483,49.8199,2
39291,4.58142,49.82054,2
39292,4.59029,49.81599,2
39293,4.58133,49.82052,2
39294,4.590371,49.812904,2
39295,4.58236,49.81324,2
39296,4.58035,49.8141,2
39297,4.58696,49.8168,2
39298,4.59029,49.81599,2
39299,4.58544,49.81692,2
39300,4.58833,49.81441,2
39301,4.58696,49.8168,2
39302,4.58853,49.81426,2
39303,4.58925,49.81387,2
39304,4.59127,49.80465,2
39305,4.58696,49.8168,2
39306,4.57952,49.82129,2
39307,4.58696,49.8168,2
39308,4.57878,49.82202,2
39309,4.58696,49.8168,2
39310,4.58696,49.8168,2
39311,4.58696,49.8168,2
39312,4.58925,49.81387,2
39313,4.58696,49.8168,2
39314,4.58142,49.82054,2
39315,4.58523,49.81465,2
39316,4.590172,49.8128,2
39317,4.58179,49.81335,2
39318,4.58748,49.8164,2
39319,4.58925,49.81387,2
39320,4.58229,49.81331,2
39321,4.58523,49.81465,2
39322,4.58696,49.8168,2
39323,4.5864,49.81602,2
39324,4.58198,49.81331,2
39325,4.591039,49.816081,2
39326,4.58246,49.81259,2
39327,4.58289,49.81233,2
39328,4.58332,49.81206,2
39329,4.58379,49.81184,2
39330,4.58338,49.81218,2
39331,4.590258,49.81287,2
39332,4.58696,49.8168,2
39333,4.58696,49.8168,2
39334,4.59483,49.8199,2
39335,4.58126,49.82089,2
39336,4.58793,49.8147,2
39337,4.59029,49.81599,2
39338,4.58696,49.8168,2
39339,4.4322,49.8259,2
39340,4.4322,49.8259,2
39341,4.4322,49.8259,2
39342,4.4322,49.8259,2
39343,4.4322,49.8259,2
39344,4.4322,49.8259,2
39345,4.4322,49.8259,2
39346,4.4322,49.8259,2
39347,4.4322,49.8259,2
39348,4.42848,49.82813,2
39349,4.42848,49.82813,2
39350,4.427249,49.831765,2
39351,4.42852,49.85243,2
39352,4.42848,49.82813,2
39353,4.42895,49.82944,2
39354,4.4296,49.82877,2
39355,4.42848,49.82813,2
39356,4.42895,49.82944,2
39357,4.4296,49.82877,2
39358,4.4322,49.8259,2
39359,4.4322,49.8259,2
39360,4.4322,49.8259,2
39361,4.4322,49.8259,2
39362,4.43021,49.82894,2
39363,4.43021,49.82894,2
39364,4.4322,49.8259,2
39365,4.4322,49.8259,2
39366,4.43021,49.82894,2
39367,4.42895,49.82944,2
39368,4.4322,49.8259,2
39369,4.43064,49.82899,2
39370,4.43064,49.82899,2
39371,4.42848,49.82813,2
39372,4.428777,49.82908,2
39373,4.42022,49.85067,2
39374,4.429483,49.831403,2
39375,4.429483,49.831403,2
39376,4.428833,49.832815,2
39377,4.428713,49.832584,2
39378,4.428713,49.832584,2
39379,4.428378,49.827497,2
39380,4.42895,49.82944,2
39381,4.42895,49.82944,2
39382,4.43021,49.82894,2
39383,4.42895,49.82944,2
39384,4.43021,49.82894,2
39385,4.4322,49.8259,2
39386,4.43064,49.82899,2
39387,4.42895,49.82944,2
39388,4.42895,49.82944,2
39389,4.423582,49.820923,2
39390,4.42895,49.82944,2
39391,4.42895,49.82944,2
39392,4.904647,49.453527,2
39393,4.901969,49.455651,2
39394,4.89856,49.45271,2
39395,4.899292,49.451762,2
39396,4.89998,49.4535,2
39397,4.90223,49.45482,2
39398,4.89998,49.4535,2
39399,4.899896,49.454724,2
39400,4.89856,49.45271,2
39401,4.89856,49.45271,2
39402,4.89687,49.45325,2
39403,4.902625,49.455817,2
39404,4.899896,49.454724,2
39405,4.90907,49.45148,2
39406,4.91075,49.45581,2
39407,4.898723,49.45279,2
39408,4.89856,49.45271,2
39409,4.899054,49.453062,2
39410,4.89687,49.45325,2
39411,4.89687,49.45325,2
39412,4.89856,49.45271,2
39413,4.898723,49.45279,2
39414,4.89856,49.45271,2
39415,4.89998,49.4535,2
39416,4.901226,49.455406,2
39417,4.899054,49.453062,2
39418,4.901071,49.455346,2
39419,4.902665,49.45551,2
39420,4.902625,49.455817,2
39421,4.89977,49.45471,2
39422,4.89687,49.45325,2
39423,4.89825,49.45409,2
39424,4.900479,49.45508,2
39425,4.89998,49.4535,2
39426,4.90223,49.45482,2
39427,4.901702,49.455567,2
39428,4.91075,49.45581,2
39429,4.89977,49.45471,2
39430,4.89998,49.4535,2
39431,4.899054,49.453062,2
39432,4.900479,49.45508,2
39433,4.900479,49.45508,2
39434,4.899896,49.454724,2
39435,4.89968,49.454549,2
39436,4.901226,49.455406,2
39437,4.89687,49.45325,2
39438,4.899636,49.454505,2
39439,4.901226,49.455406,2
39440,4.89687,49.45325,2
39441,4.89687,49.45325,2
39442,4.899973,49.453509,2
39443,4.89998,49.4535,2
39444,4.92546,49.45384,2
39445,4.94332,49.43322,2
39446,4.94332,49.43322,2
39447,4.8521,49.4765,2
39448,4.95085,49.42681,2
39449,4.94332,49.43322,2
39450,4.94332,49.43322,2
39451,4.247022,49.419482,2
39452,4.94332,49.43322,2
39453,4.94332,49.43322,2
39454,4.94332,49.43322,2
39455,4.941844,49.433765,2
39456,4.93882,49.437183,2
39457,4.94332,49.43322,2
39458,4.94177,49.43332,2
39459,4.94332,49.43322,2
39460,4.94332,49.43322,2
39461,4.93982,49.43137,2
39462,4.94332,49.43322,2
39463,4.940325,49.434535,2
39464,4.941086,49.434033,2
39465,4.940282,49.434212,2
39466,4.940365,49.434507,2
39467,4.940282,49.434212,2
39468,4.940282,49.434212,2
39469,4.94332,49.43322,2
39470,4.94332,49.43322,2
39471,4.94332,49.43322,2
39472,4.94332,49.43322,2
39473,4.94332,49.43322,2
39474,4.94332,49.43322,2
39475,4.8521,49.4765,2
39476,4.94332,49.43322,2
39477,4.9406,49.43272,2
39478,4.940282,49.434212,2
39479,4.940282,49.434212,2
39480,4.94332,49.43322,2
39481,4.93982,49.43137,2
39482,4.94105,49.43249,2
39483,4.940234,49.4322,2
39484,4.94332,49.43322,2
39485,4.95147,49.44209,2
39486,4.94332,49.43322,2
39487,4.94332,49.43322,2
39488,4.94332,49.43322,2
39489,4.940282,49.434212,2
39490,4.94332,49.43322,2
39491,4.94332,49.43322,2
39492,4.94332,49.43322,2
39493,4.94332,49.43322,2
39494,4.941659,49.433113,2
39495,4.93982,49.43137,2
39496,4.940282,49.434212,2
39497,4.94332,49.43322,2
39498,4.94332,49.43322,2
39499,4.94332,49.43322,2
39500,4.94046,49.43241,2
39501,4.94332,49.43322,2
39502,4.94332,49.43322,2
39503,4.93982,49.43137,2
39504,4.94332,49.43322,2
39505,4.94332,49.43322,2
39506,4.940282,49.434212,2
39507,4.941086,49.434033,2
39508,4.94332,49.43322,2
39509,4.94332,49.43322,2
39510,4.939026,49.435264,2
39511,4.93882,49.437183,2
39512,4.50692,49.39883,2
39513,4.5072,49.3986,2
39514,4.50748,49.39837,2
39515,4.50776,49.39814,2
39516,4.50806,49.39792,2
39517,4.5084,49.39773,2
39518,4.50932,49.39722,2
39519,4.51265,49.39608,2
39520,4.51265,49.39608,2
39521,4.51258,49.39611,2
39522,4.51408,49.39719,2
39523,4.51762,49.39967,2
39524,4.51938,49.40075,2
39525,4.5213,49.40171,2
39526,4.52328,49.40261,2
39527,4.52536,49.40342,2
39528,4.5123,49.39569,2
39529,4.5123,49.39569,2
39530,4.5123,49.39569,2
39531,4.51382,49.39546,2
39532,4.51446,49.39491,2
39533,4.51361,49.39539,2
39534,4.51385,49.39558,2
39535,4.51265,49.39614,2
39536,4.51341,49.39595,2
39537,4.5123,49.39569,2
39538,4.51096,49.39635,2
39539,4.51179,49.39591,2
39540,4.5123,49.39569,2
39541,4.5123,49.39569,2
39542,4.5123,49.39569,2
39543,4.51447,49.39484,2
39544,4.51382,49.39546,2
39545,4.51382,49.39546,2
39546,4.5142,49.39582,2
39547,4.51444,49.39581,2
39548,4.51447,49.39484,2
39549,4.51447,49.39484,2
39550,4.93299,49.433,2
39551,4.930948,49.434413,2
39552,4.927997,49.434378,2
39553,4.92905,49.43291,2
39554,4.93117,49.43429,2
39555,4.929514,49.43386,2
39556,4.929528,49.43386,2
39557,4.93069,49.4346,2
39558,4.9295,49.433842,2
39559,4.928755,49.43411,2
39560,4.929542,49.43385,2
39561,4.929775,49.434115,2
39562,4.93087,49.43443,2
39563,4.93087,49.43443,2
39564,4.93087,49.43443,2
39565,4.927997,49.434378,2
39566,4.93117,49.43429,2
39567,4.93299,49.433,2
39568,4.93069,49.4346,2
39569,4.93299,49.433,2
39570,4.93087,49.43443,2
39571,4.93117,49.43429,2
39572,4.93087,49.43443,2
39573,4.93069,49.4346,2
39574,4.927997,49.434378,2
39575,4.93087,49.43443,2
39576,4.93087,49.43443,2
39577,4.92425,49.44031,2
39578,4.92425,49.44031,2
39579,4.928742,49.43411,2
39580,4.928742,49.43411,2
39581,4.92425,49.44031,2
39582,4.92905,49.43291,2
39583,4.92425,49.44031,2
39584,4.928742,49.43411,2
39585,4.927997,49.434378,2
39586,4.927361,49.434598,2
39587,4.927997,49.434378,2
39588,4.93069,49.4346,2
39589,4.928322,49.434254,2
39590,4.930159,49.434349,2
39591,4.920508,49.434808,2
39592,4.93117,49.43432,2
39593,4.93117,49.43432,2
39594,4.92425,49.44031,2
39595,4.54254,49.38623,2
39596,4.54803,49.38586,2
39597,4.54803,49.38586,2
39598,4.57653,49.38017,2
39599,4.576121,49.380402,2
39600,4.5456,49.38874,2
39601,4.54196,49.38711,2
39602,4.54323,49.38746,2
39603,4.54203,49.38725,2
39604,4.54323,49.38746,2
39605,4.54323,49.38746,2
39606,4.54323,49.38746,2
39607,4.54323,49.38746,2
39608,4.54323,49.38746,2
39609,4.54323,49.38746,2
39610,4.54253,49.38737,2
39611,4.54324,49.38739,2
39612,4.54429,49.38771,2
39613,4.54448,49.3877,2
39614,4.54555,49.38801,2
39615,4.5447,49.38761,2
39616,4.54481,49.3875,2
39617,4.54466,49.38743,2
39618,4.54475,49.38733,2
39619,4.54491,49.38738,2
39620,4.54507,49.38773,2
39621,4.5453,49.38701,2
39622,4.54574,49.38696,2
39623,4.54618,49.3869,2
39624,4.54663,49.38684,2
39625,4.54685,49.38646,2
39626,4.547,49.38564,2
39627,4.55205,49.37784,2
39628,4.54584,49.38706,2
39629,4.54698,49.38694,2
39630,4.54723,49.38695,2
39631,4.54747,49.38695,2
39632,4.54803,49.38586,2
39633,4.54768,49.38697,2
39634,4.54787,49.387,2
39635,4.54825,49.38696,2
39636,4.54841,49.38712,2
39637,4.54876,49.38756,2
39638,4.5487,49.38707,2
39639,4.54899,49.38714,2
39640,4.54945,49.38724,2
39641,4.55173,49.38777,2
39642,4.55235,49.38785,2
39643,4.55297,49.38793,2
39644,4.5527,49.38778,2
39645,4.55352,49.38789,2
39646,4.54894,49.38718,2
39647,4.54869,49.38808,2
39648,4.54818,49.38806,2
39649,4.54763,49.38739,2
39650,4.5476,49.3875,2
39651,4.54792,49.3875,2
39652,4.54799,49.38729,2
39653,4.54743,49.38744,2
39654,4.5466,49.38789,2
39655,4.54535,49.38789,2
39656,4.54489,49.38851,2
39657,4.54419,49.38828,2
39658,4.543,49.38806,2
39659,4.54199,49.38775,2
39660,4.54208,49.3874,2
39661,4.54167,49.38777,2
39662,4.54167,49.38777,2
39663,4.54167,49.38777,2
39664,4.54167,49.38777,2
39665,4.54894,49.38718,2
39666,4.576121,49.380402,2
39667,4.54794,49.38808,2
39668,4.54254,49.38623,2
39669,4.54214,49.38715,2
39670,4.54318,49.38751,2
39671,4.54383,49.38765,2
39672,4.54427,49.3876,2
39673,4.54612,49.38742,2
39674,4.54743,49.38744,2
39675,4.54493,49.38714,2
39676,4.54699,49.38606,2
39677,4.54724,49.38683,2
39678,4.54781,49.38687,2
39679,4.5493,49.38733,2
39680,4.55051,49.38757,2
39681,4.54894,49.38718,2
39682,4.55359,49.38802,2
39683,4.54897,49.38751,2
39684,4.54727,49.38748,2
39685,4.54805,49.38707,2
39686,4.54288,49.38797,2
39687,4.576121,49.380402,2
39688,4.57653,49.38017,2
39689,4.57653,49.38017,2
39690,4.54323,49.38746,2
39691,4.54323,49.38746,2
39692,4.3514,49.44849,2
39693,4.3483,49.44905,2
39694,4.35218,49.45139,2
39695,4.34889,49.44813,2
39696,4.350995,49.453363,2
39697,4.34813,49.44611,2
39698,4.34889,49.44813,2
39699,4.34846,49.4492,2
39700,4.35601,49.45015,2
39701,4.35601,49.45015,2
39702,4.35209,49.45066,2
39703,4.350584,49.453406,2
39704,4.34799,49.44888,2
39705,4.34827,49.44663,2
39706,4.35014,49.45065,2
39707,4.35014,49.45065,2
39708,4.35369,49.45007,2
39709,4.35369,49.45007,2
39710,4.34889,49.44813,2
39711,4.37208,49.4445,2
39712,4.36089,49.45062,2
39713,4.35796,49.45035,2
39714,4.35601,49.45015,2
39715,4.35369,49.45007,2
39716,4.35648,49.45032,2
39717,4.35551,49.45038,2
39718,4.356664,49.44962,2
39719,4.355974,49.449938,2
39720,4.356665,49.449629,2
39721,4.35568,49.44996,2
39722,4.351781,49.450897,2
39723,4.351781,49.450897,2
39724,4.356665,49.449629,2
39725,4.351781,49.450897,2
39726,4.35372,49.45001,2
39727,4.35369,49.45007,2
39728,4.35369,49.45007,2
39729,4.35369,49.45007,2
39730,4.35369,49.45007,2
39731,4.35211,49.4494,2
39732,4.35369,49.45007,2
39733,4.35369,49.45007,2
39734,4.35208,49.44964,2
39735,4.3519,49.44963,2
39736,4.35212,49.44924,2
39737,4.35214,49.44908,2
39738,4.35205,49.44906,2
39739,4.35217,49.44875,2
39740,4.35245,49.44838,2
39741,4.3523,49.44832,2
39742,4.351231,49.448489,2
39743,4.35192,49.44987,2
39744,4.350551,49.448375,2
39745,4.350037,49.448617,2
39746,4.3501,49.4492,2
39747,4.3501,49.4492,2
39748,4.3501,49.4492,2
39749,4.349487,49.448294,2
39750,4.349114,49.448624,2
39751,4.34895,49.44866,2
39752,4.34889,49.44813,2
39753,4.34881,49.44816,2
39754,4.34889,49.44813,2
39755,4.34803,49.44802,2
39756,4.34877,49.44763,2
39757,4.34851,49.44713,2
39758,4.34745,49.44861,2
39759,4.3484,49.44926,2
39760,4.34811,49.4491,2
39761,4.34874,49.44929,2
39762,4.34791,49.44899,2
39763,4.34765,49.44886,2
39764,4.34739,49.44873,2
39765,4.34713,49.4486,2
39766,4.34726,49.44852,2
39767,4.34846,49.4492,2
39768,4.3469,49.44849,2
39769,4.34655,49.44834,2
39770,4.3462,49.44818,2
39771,4.34778,49.44892,2
39772,4.34752,49.44879,2
39773,4.34932,49.44959,2
39774,4.35067,49.4499,2
39775,4.35017,49.44908,2
39776,4.34998,49.44908,2
39777,4.35067,49.4499,2
39778,4.34998,49.44908,2
39779,4.34984,49.45131,2
39780,4.34954,49.44999,2
39781,4.34972,49.44999,2
39782,4.3498,49.45056,2
39783,4.34965,49.45073,2
39784,4.34985,49.45079,2
39785,4.34996,49.45129,2
39786,4.34988,49.45186,2
39787,4.35002,49.45279,2
39788,4.35002,49.45279,2
39789,4.35013,49.45231,2
39790,4.35026,49.4531,2
39791,4.34984,49.45131,2
39792,4.3503,49.45327,2
39793,4.3501,49.4532,2
39794,4.350707,49.453395,2
39795,4.350995,49.453363,2
39796,4.350707,49.453395,2
39797,4.34987,49.45068,2
39798,4.34984,49.45056,2
39799,4.35014,49.45065,2
39800,4.35011,49.45053,2
39801,4.35101,49.45059,2
39802,4.35039,49.4505,2
39803,4.35168,49.45054,2
39804,4.35209,49.45066,2
39805,4.35218,49.45139,2
39806,4.35218,49.45139,2
39807,4.35058,49.45086,2
39808,4.35058,49.45086,2
39809,4.35058,49.45086,2
39810,4.34846,49.4492,2
39811,4.35369,49.45007,2
39812,4.35369,49.45007,2
39813,4.3556,49.45038,2
39814,4.35041,49.45062,2
39815,4.35369,49.45007,2
39816,4.346673,49.448224,2
39817,4.34984,49.45131,2
39818,4.35058,49.45055,2
39819,4.35551,49.45038,2
39820,4.35369,49.45007,2
39821,4.35205,49.44906,2
39822,4.35369,49.45007,2
39823,4.35369,49.45007,2
39824,4.35216,49.44891,2
39825,4.35196,49.44907,2
39826,4.35205,49.44906,2
39827,4.35205,49.44906,2
39828,4.351633,49.448555,2
39829,4.349487,49.448294,2
39830,4.349487,49.448294,2
39831,4.34919,49.44893,2
39832,4.34892,49.44918,2
39833,4.34781,49.44879,2
39834,4.34945,49.4498,2
39835,4.35067,49.4499,2
39836,4.35101,49.44965,2
39837,4.35101,49.44965,2
39838,4.35101,49.44965,2
39839,4.35067,49.4499,2
39840,4.34958,49.45033,2
39841,4.34976,49.45031,2
39842,4.34969,49.4509,2
39843,4.34974,49.45114,2
39844,4.35002,49.45279,2
39845,4.350184,49.452712,2
39846,4.350151,49.452578,2
39847,4.35218,49.45139,2
39848,5.09423,49.70789,2
39849,5.08922,49.70666,2
39850,5.08936,49.70524,2
39851,5.09392,49.70776,2
39852,5.10262,49.69955,2
39853,5.08971,49.70672,2
39854,5.09058,49.70677,2
39855,5.09084,49.7057,2
39856,5.089564,49.705385,2
39857,5.07807,49.69691,2
39858,5.0948,49.70797,2
39859,5.08173,49.70123,2
39860,5.07918,49.69943,2
39861,5.08199,49.70129,2
39862,5.08517,49.70293,2
39863,5.08789,49.70429,2
39864,5.0883,49.70399,2
39865,5.08842,49.70457,2
39866,5.0884,49.70472,2
39867,5.08885,49.70497,2
39868,5.08936,49.70524,2
39869,5.08862,49.70469,2
39870,5.08899,49.70489,2
39871,5.08956,49.7052,2
39872,5.09077,49.70562,2
39873,5.09171,49.70604,2
39874,5.08979,49.70546,2
39875,5.09003,49.70553,2
39876,5.08998,49.70551,2
39877,5.09008,49.70554,2
39878,5.09013,49.70556,2
39879,5.09018,49.70558,2
39880,5.09022,49.7056,2
39881,5.09027,49.70562,2
39882,5.09032,49.70564,2
39883,5.09037,49.70566,2
39884,5.09042,49.70567,2
39885,5.09047,49.70569,2
39886,5.09052,49.70571,2
39887,5.09057,49.70573,2
39888,5.09084,49.7057,2
39889,5.09047,49.70543,2
39890,5.09197,49.70632,2
39891,5.09246,49.70584,2
39892,5.09272,49.70565,2
39893,5.0926,49.70605,2
39894,5.09298,49.70618,2
39895,5.09302,49.70637,2
39896,5.0928,49.70654,2
39897,5.09077,49.70562,2
39898,5.09077,49.70562,2
39899,5.09135,49.70669,2
39900,5.0906,49.70665,2
39901,5.08988,49.70662,2
39902,5.08922,49.70659,2
39903,5.08856,49.70656,2
39904,5.09134,49.70681,2
39905,5.08922,49.70666,2
39906,5.09232,49.70651,2
39907,5.09193,49.70668,2
39908,5.09244,49.70656,2
39909,5.09262,49.70665,2
39910,5.09277,49.70675,2
39911,5.09292,49.70686,2
39912,5.09323,49.70707,2
39913,5.09077,49.70562,2
39914,5.09368,49.70759,2
39915,5.09392,49.70776,2
39916,5.09418,49.70792,2
39917,5.09409,49.70787,2
39918,5.09426,49.70797,2
39919,5.0948,49.70797,2
39920,5.09443,49.7081,2
39921,5.09497,49.7086,2
39922,5.09525,49.70885,2
39923,5.094987,49.708047,2
39924,5.09509,49.70794,2
39925,5.0948,49.70792,2
39926,5.09047,49.70543,2
39927,5.09452,49.7079,2
39928,5.09423,49.7078,2
39929,5.09411,49.70772,2
39930,5.09398,49.70763,2
39931,5.09436,49.70787,2
39932,5.09373,49.70745,2
39933,5.0936,49.70735,2
39934,5.09423,49.70789,2
39935,5.09341,49.70689,2
39936,5.09395,49.70684,2
39937,5.09357,49.70701,2
39938,5.09397,49.70699,2
39939,5.09424,49.70678,2
39940,5.09419,49.70616,2
39941,5.09432,49.70616,2
39942,5.09438,49.70632,2
39943,5.09396,49.70615,2
39944,5.09419,49.70616,2
39945,5.09077,49.70562,2
39946,5.09419,49.70616,2
39947,5.092806,49.706416,2
39948,5.09419,49.70616,2
39949,5.09383,49.70539,2
39950,5.09078,49.70548,2
39951,5.09084,49.70542,2
39952,5.09091,49.70537,2
39953,5.09097,49.70531,2
39954,5.09092,49.70483,2
39955,5.09095,49.70521,2
39956,5.09095,49.70521,2
39957,5.09077,49.70562,2
39958,5.09077,49.70562,2
39959,5.09263,49.70541,2
39960,5.093,49.70517,2
39961,5.09334,49.70521,2
39962,5.09403,49.70529,2
39963,5.10262,49.69955,2
39964,5.09419,49.70616,2
39965,5.09547,49.705,2
39966,5.10262,49.69955,2
39967,5.10433,49.70456,2
39968,5.09479,49.70803,2
39969,5.0948,49.70797,2
39970,5.09127,49.70587,2
39971,5.0947,49.70835,2
39972,5.09409,49.70787,2
39973,5.08842,49.70457,2
39974,5.08842,49.70457,2
39975,5.09314,49.7053,2
39976,5.090924,49.705695,2
39977,5.09047,49.70543,2
39978,5.08871,49.70668,2
39979,5.09077,49.70562,2
39980,5.09149,49.70595,2
39981,5.09308,49.70696,2
39982,5.09077,49.70562,2
39983,5.09166,49.705975,2
39984,5.095302,49.70901,2
39985,5.09314,49.7053,2
39986,5.09091,49.70537,2
39987,4.96401,49.70463,2
39988,4.96297,49.7061,2
39989,4.96389,49.70456,2
39990,4.96204,49.70204,2
39991,4.96371,49.70454,2
39992,4.96225,49.70209,2
39993,4.96348,49.70455,2
39994,4.961098,49.701828,2
39995,4.96328,49.70457,2
39996,4.96309,49.70458,2
39997,4.9629,49.70459,2
39998,4.96591,49.70318,2
39999,4.960533,49.701886,2
40000,4.9627,49.70461,2
40001,4.96657,49.70339,2
40002,4.96241,49.70463,2
40003,4.96217,49.70465,2
40004,4.96789,49.70537,2
40005,4.96207,49.70465,2
40006,4.96795,49.704,2
40007,4.96198,49.70466,2
40008,4.96188,49.70466,2
40009,4.96795,49.704,2
40010,4.96179,49.70467,2
40011,4.96131,49.70438,2
40012,4.9736,49.70523,2
40013,4.9725,49.70503,2
40014,4.96131,49.70419,2
40015,4.96131,49.70399,2
40016,4.97272,49.70506,2
40017,4.9614,49.70425,2
40018,4.97272,49.70506,2
40019,4.96131,49.7036,2
40020,4.9736,49.70523,2
40021,4.96121,49.70342,2
40022,4.96214,49.70354,2
40023,4.9736,49.70523,2
40024,4.96139,49.70339,2
40025,4.97591,49.70702,2
40026,4.96149,49.70373,2
40027,4.9736,49.70523,2
40028,4.96131,49.70322,2
40029,4.96149,49.70391,2
40030,4.978202,49.708411,2
40031,4.96264,49.7053,2
40032,4.9736,49.70523,2
40033,4.9736,49.70523,2
40034,4.96254,49.70511,2
40035,4.96275,49.70549,2
40036,4.96253,49.70542,2
40037,4.96261,49.70557,2
40038,4.9627,49.70571,2
40039,4.96286,49.70567,2
40040,4.96287,49.70586,2
40041,4.96269,49.70602,2
40042,4.96267,49.70585,2
40043,4.96252,49.70598,2
40044,4.96238,49.70597,2
40045,4.96263,49.70601,2
40046,4.96284,49.70599,2
40047,4.96306,49.70598,2
40048,4.96327,49.70597,2
40049,4.96336,49.70608,2
40050,4.96328,49.70608,2
40051,4.9632,49.70609,2
40052,4.96313,49.70609,2
40053,4.96305,49.7061,2
40054,4.96203,49.70589,2
40055,4.96167,49.7058,2
40056,4.96258,49.70613,2
40057,4.96209,49.70603,2
40058,4.96129,49.70582,2
40059,4.96045,49.70572,2
40060,4.96131,49.70571,2
40061,4.96096,49.70562,2
40062,4.96058,49.7056,2
40063,4.9602,49.70562,2
40064,4.96005,49.7014,2
40065,4.96029,49.70151,2
40066,4.96029,49.70151,2
40067,4.96052,49.70161,2
40068,4.96052,49.70161,2
40069,4.95999,49.70151,2
40070,4.96059,49.70178,2
40071,4.96059,49.70178,2
40072,4.9609,49.70189,2
40073,4.977189,49.70811,2
40074,4.9609,49.70189,2
40075,4.96095,49.70203,2
40076,4.9609,49.70214,2
40077,4.96098,49.7027,2
40078,4.96112,49.70323,2
40079,4.96118,49.70239,2
40080,4.96118,49.70239,2
40081,4.9614,49.70425,2
40082,4.96177,49.7021,2
40083,4.96177,49.7021,2
40084,4.96795,49.704,2
40085,4.96177,49.7021,2
40086,4.9614,49.70425,2
40087,4.96099,49.70192,2
40088,4.96099,49.70192,2
40089,4.96099,49.70192,2
40090,4.96099,49.70192,2
40091,4.96099,49.70192,2
40092,4.96128,49.70199,2
40093,4.961,49.70179,2
40094,4.961,49.70179,2
40095,4.961,49.70179,2
40096,4.961,49.70179,2
40097,4.961,49.70179,2
40098,4.96135,49.70188,2
40099,4.96135,49.70188,2
40100,4.96135,49.70188,2
40101,4.96135,49.70188,2
40102,4.96135,49.70188,2
40103,4.96135,49.70188,2
40104,4.96135,49.70188,2
40105,4.96135,49.70188,2
40106,4.96135,49.70188,2
40107,4.96135,49.70188,2
40108,4.96204,49.70204,2
40109,4.96204,49.70204,2
40110,4.96204,49.70204,2
40111,4.96721,49.70355,2
40112,4.96204,49.70204,2
40113,4.96204,49.70204,2
40114,4.96225,49.70209,2
40115,4.96225,49.70209,2
40116,4.96225,49.70209,2
40117,4.96245,49.70214,2
40118,4.96218,49.7022,2
40119,4.96218,49.7022,2
40120,4.961098,49.701828,2
40121,4.96279,49.70236,2
40122,4.96266,49.7022,2
40123,4.96286,49.70225,2
40124,4.96306,49.7023,2
40125,4.96325,49.70235,2
40126,4.96342,49.7024,2
40127,4.96342,49.7024,2
40128,4.96359,49.70246,2
40129,4.96392,49.70256,2
40130,4.96375,49.70251,2
40131,4.96408,49.70261,2
40132,4.96319,49.70246,2
40133,4.96319,49.70246,2
40134,4.96339,49.70252,2
40135,4.96319,49.70246,2
40136,4.96359,49.70259,2
40137,4.96379,49.70265,2
40138,4.96399,49.70271,2
40139,4.96417,49.70277,2
40140,4.96434,49.70283,2
40141,4.96424,49.70266,2
40142,4.96438,49.70271,2
40143,4.96452,49.70276,2
40144,4.96466,49.70281,2
40145,4.96469,49.70296,2
40146,4.9651,49.70308,2
40147,4.964499,49.702761,2
40148,4.96471,49.702828,2
40149,4.964724,49.702837,2
40150,4.96479,49.70286,2
40151,4.978357,49.708453,2
40152,4.96776,49.7028,2
40153,4.96507,49.70295,2
40154,4.96508,49.7023,2
40155,4.96507,49.70295,2
40156,4.96511,49.70272,2
40157,4.96499,49.70232,2
40158,4.96511,49.70272,2
40159,4.96497,49.70288,2
40160,4.96495,49.70252,2
40161,4.96591,49.70318,2
40162,4.96591,49.70318,2
40163,4.96591,49.70318,2
40164,4.96721,49.70355,2
40165,4.96591,49.70318,2
40166,4.96624,49.70329,2
40167,4.960533,49.701886,2
40168,4.960533,49.701886,2
40169,4.964907,49.702896,2
40170,4.96624,49.70342,2
40171,4.96633,49.70345,2
40172,4.96641,49.70347,2
40173,4.96649,49.7035,2
40174,4.96657,49.70352,2
40175,4.96657,49.70352,2
40176,4.96666,49.70355,2
40177,4.96674,49.70357,2
40178,4.96674,49.70357,2
40179,4.96682,49.7036,2
40180,4.96682,49.7036,2
40181,4.96682,49.7036,2
40182,4.96682,49.7036,2
40183,4.96682,49.7036,2
40184,4.96691,49.70362,2
40185,4.96699,49.70365,2
40186,4.96632,49.70331,2
40187,4.96649,49.70337,2
40188,4.96665,49.70342,2
40189,4.96673,49.70344,2
40190,4.96673,49.70344,2
40191,4.96711,49.70355,2
40192,4.96742,49.70308,2
40193,4.96742,49.70308,2
40194,4.96752,49.70294,2
40195,4.96764,49.70279,2
40196,4.96717,49.70361,2
40197,4.96711,49.70355,2
40198,4.96717,49.70361,2
40199,4.9675,49.70361,2
40200,4.96721,49.70355,2
40201,4.96711,49.70355,2
40202,4.96776,49.7028,2
40203,4.96776,49.7028,2
40204,4.96776,49.7028,2
40205,4.96776,49.7028,2
40206,4.9637,49.70478,2
40207,4.9637,49.70478,2
40208,4.96776,49.7028,2
40209,4.96776,49.7028,2
40210,4.96776,49.7028,2
40211,4.96776,49.7028,2
40212,4.96776,49.7028,2
40213,4.96776,49.7028,2
40214,4.96776,49.7028,2
40215,4.96776,49.7028,2
40216,4.96776,49.7028,2
40217,4.96776,49.7028,2
40218,4.96776,49.7028,2
40219,4.96776,49.7028,2
40220,4.96776,49.7028,2
40221,4.96776,49.7028,2
40222,4.96776,49.7028,2
40223,4.96225,49.70209,2
40224,4.96776,49.7028,2
40225,4.96796,49.70254,2
40226,4.90487,49.69429,2
40227,4.96721,49.70355,2
40228,4.90487,49.69429,2
40229,4.96698,49.70363,2
40230,4.96698,49.70367,2
40231,4.96789,49.70537,2
40232,4.96709,49.70412,2
40233,4.96719,49.70429,2
40234,4.96789,49.70537,2
40235,4.96789,49.70537,2
40236,4.96729,49.70445,2
40237,4.96749,49.70478,2
40238,4.96749,49.70478,2
40239,4.96749,49.70478,2
40240,4.96752,49.705,2
40241,4.96767,49.70512,2
40242,4.96776,49.70532,2
40243,4.96789,49.70537,2
40244,4.96758,49.70495,2
40245,4.96785,49.70552,2
40246,4.96789,49.70537,2
40247,4.96789,49.70537,2
40248,4.96789,49.70537,2
40249,4.96794,49.70597,2
40250,4.96793,49.70654,2
40251,4.96789,49.70537,2
40252,4.96789,49.70537,2
40253,4.96789,49.70537,2
40254,4.96789,49.70537,2
40255,4.96789,49.70537,2
40256,4.96789,49.70537,2
40257,4.96868,49.70412,2
40258,4.96887,49.70414,2
40259,4.96906,49.70417,2
40260,4.96925,49.70419,2
40261,4.96945,49.70421,2
40262,4.96965,49.70423,2
40263,4.96985,49.70426,2
40264,4.97005,49.70428,2
40265,4.97025,49.7043,2
40266,4.96746,49.70377,2
40267,4.96814,49.70403,2
40268,4.96889,49.70419,2
40269,4.9736,49.70523,2
40270,4.9736,49.70523,2
40271,4.97114,49.7047,2
40272,4.97066,49.70435,2
40273,4.97086,49.70437,2
40274,4.97106,49.7044,2
40275,4.9736,49.70523,2
40276,4.97126,49.70442,2
40277,4.97146,49.70444,2
40278,4.97167,49.70447,2
40279,4.97205,49.70497,2
40280,4.97162,49.7048,2
40281,4.9736,49.70523,2
40282,4.97227,49.705,2
40283,4.9736,49.70523,2
40284,4.97355,49.70527,2
40285,4.97376,49.70533,2
40286,4.97417,49.70545,2
40287,4.97437,49.70551,2
40288,4.97458,49.70558,2
40289,4.97477,49.70564,2
40290,4.9736,49.70523,2
40291,4.97495,49.70573,2
40292,4.9736,49.70523,2
40293,4.97514,49.70582,2
40294,4.97532,49.70591,2
40295,4.97567,49.70613,2
40296,4.97614,49.70653,2
40297,4.9736,49.70523,2
40298,4.9736,49.70523,2
40299,4.97604,49.7075,2
40300,4.97645,49.70767,2
40301,4.97655,49.70755,2
40302,4.976806,49.707939,2
40303,4.976806,49.707939,2
40304,4.977767,49.708313,2
40305,4.97699,49.708016,2
40306,4.96192,49.70504,2
40307,4.97665,49.70787,2
40308,4.9736,49.70523,2
40309,4.97665,49.70725,2
40310,4.9201,49.69883,2
40311,4.9736,49.70523,2
40312,4.9736,49.70523,2
40313,4.96616,49.70339,2
40314,4.9736,49.70523,2
40315,4.96796,49.70626,2
40316,4.96214,49.70354,2
40317,4.96214,49.70354,2
40318,4.964949,49.702904,2
40319,4.961,49.70179,2
40320,4.96035,49.70493,2
40321,4.95896,49.70489,2
40322,4.95917,49.70492,2
40323,4.95938,49.70494,2
40324,4.9596,49.70497,2
40325,4.95981,49.70499,2
40326,4.96002,49.70501,2
40327,4.96023,49.70504,2
40328,4.96044,49.70506,2
40329,4.96065,49.70508,2
40330,4.96086,49.7051,2
40331,4.96108,49.70511,2
40332,4.96129,49.70512,2
40333,4.9612,49.705,2
40334,4.96148,49.70512,2
40335,4.96162,49.70512,2
40336,4.96176,49.70511,2
40337,4.9619,49.70511,2
40338,4.96205,49.70511,2
40339,4.96219,49.7051,2
40340,4.96233,49.7051,2
40341,4.96568,49.70505,2
40342,4.96192,49.70504,2
40343,4.96281,49.70611,2
40344,4.96603,49.70506,2
40345,4.96721,49.70509,2
40346,4.96721,49.70509,2
40347,4.96657,49.70527,2
40348,4.9618,49.70479,2
40349,4.96188,49.70478,2
40350,4.96195,49.70478,2
40351,4.96203,49.70477,2
40352,4.96211,49.70477,2
40353,4.97809,49.708387,2
40354,4.96219,49.70476,2
40355,4.96233,49.70475,2
40356,4.96717,49.70361,2
40357,4.96717,49.70361,2
40358,4.9614,49.70425,2
40359,4.96253,49.70474,2
40360,4.96691,49.70362,2
40361,4.96269,49.70473,2
40362,4.96282,49.70472,2
40363,4.96295,49.70471,2
40364,4.96308,49.7047,2
40365,4.96321,49.70469,2
40366,4.96334,49.70468,2
40367,4.96339,49.7047,2
40368,4.96352,49.70478,2
40369,4.9637,49.70478,2
40370,4.96388,49.70477,2
40371,4.96418,49.70494,2
40372,4.96413,49.70484,2
40373,4.96407,49.70473,2
40374,4.72289,49.74496,2
40375,4.72213,49.74402,2
40376,4.71988,49.74177,2
40377,4.71988,49.74177,2
40378,4.71932,49.74184,2
40379,4.71987,49.74165,2
40380,4.71987,49.74165,2
40381,4.71646,49.74334,2
40382,4.71646,49.74334,2
40383,4.72383,49.74619,2
40384,4.72383,49.74619,2
40385,4.72395,49.74696,2
40386,4.72213,49.74402,2
40387,4.71988,49.74177,2
40388,4.72383,49.74619,2
40389,4.72351,49.74559,2
40390,4.71988,49.74177,2
40391,4.70707,49.99349,2
40392,4.70742,49.99325,2
40393,4.70768,49.99485,2
40394,4.70828,49.99442,2
40395,4.70678,49.99442,2
40396,4.70634,49.99436,2
40397,4.70582,49.99425,2
40398,4.70742,49.99325,2
40399,4.783763,50.116039,2
40400,4.779579,50.115881,2
40401,4.780818,50.113207,2
40402,4.780362,50.112434,2
40403,4.78272,50.10953,2
40404,4.78017,50.11009,2
40405,4.78272,50.11314,2
40406,4.78034,50.11028,2
40407,4.78272,50.10953,2
40408,4.778863,50.10828,2
40409,4.778863,50.10828,2
40410,4.788553,50.100497,2
40411,4.77935,50.11161,2
40412,4.83229,49.88588,2
40413,4.837943,49.874858,2
40414,4.844525,49.880086,2
40415,4.84259,49.88164,2
40416,4.84074,49.88096,2
40417,4.84336,49.87891,2
40418,4.83467,49.88641,2
40419,4.83467,49.88641,2
40420,4.84633,49.87603,2
40421,4.8456,49.88141,2
40422,4.8464,49.88144,2
40423,4.84672,49.8816,2
40424,4.84493,49.879826,2
40425,4.84582,49.87507,2
40426,4.84556,49.87472,2
40427,4.83352,49.88686,2
40428,4.73817,50.10504,2
40429,4.73822,50.10504,2
40430,4.742594,50.105533,2
40431,4.741572,50.10549,2
40432,4.740827,50.105388,2
40433,4.74094,50.105403,2
40434,4.740602,50.105356,2
40435,4.73817,50.10504,2
40436,4.73817,50.10504,2
40437,4.73817,50.10504,2
40438,4.73588,50.10504,2
40439,4.735705,50.096616,2
40440,4.729064,50.091681,2
40441,4.726529,50.089441,2
40442,4.73817,50.10504,2
40443,4.754216,50.10507,2
40444,4.4905,49.83098,2
40445,4.490705,49.832336,2
40446,4.4905,49.83098,2
40447,4.4905,49.83455,2
40448,4.501098,49.831487,2
40449,4.502191,49.828467,2
40450,4.49137,49.83307,2
40451,4.5011,49.82855,2
40452,4.5011,49.82855,2
40453,4.39262,49.77889,2
40454,4.39617,49.77785,2
40455,4.39392,49.77875,2
40456,4.39262,49.77889,2
40457,4.39392,49.77875,2
40458,4.58696,49.8168,2
40459,4.58878,49.81591,2
40460,4.587551,49.815373,2
40461,4.58692,49.81568,2
40462,4.58752,49.8154,2
40463,4.58925,49.81387,2
40464,4.58995,49.81362,2
40465,4.58834,49.81633,2
40466,4.58752,49.8154,2
40467,4.5857,49.81619,2
40468,4.58696,49.8168,2
40469,4.583227,49.819307,2
40470,4.58696,49.8168,2
40471,4.58696,49.8168,2
40472,4.58648,49.81515,2
40473,4.58696,49.8168,2
40474,4.58129,49.81144,2
40475,4.58696,49.8168,2
40476,4.4296,49.82877,2
40477,4.42895,49.82944,2
40478,4.42895,49.82944,2
40479,4.42895,49.82944,2
40480,4.899054,49.453062,2
40481,4.899523,49.453348,2
40482,4.89977,49.45471,2
40483,4.899896,49.454724,2
40484,4.941294,49.432707,2
40485,4.94332,49.43322,2
40486,4.94332,49.43322,2
40487,4.936913,49.431642,2
40488,4.94332,49.43322,2
40489,4.94332,49.43322,2
40490,4.939377,49.43593,2
40491,4.94332,49.43322,2
40492,4.5123,49.39569,2
40493,4.51447,49.39484,2
40494,4.51334,49.395321,2
40495,4.51382,49.39546,2
40496,4.93394,49.437701,2
40497,4.93087,49.43443,2
40498,4.931084,49.434374,2
40499,4.92905,49.43291,2
40500,4.93117,49.43429,2
40501,4.55111,49.38769,2
40502,4.54613,49.38752,2
40503,4.576176,49.380401,2
40504,4.54323,49.38746,2
40505,4.54323,49.38746,2
40506,4.54435,49.38766,2
40507,4.54323,49.38746,2
40508,4.54699,49.38606,2
40509,4.54685,49.38646,2
40510,4.54699,49.38606,2
40511,4.54894,49.38718,2
40512,4.5476,49.3875,2
40513,4.54254,49.38623,2
40514,4.54167,49.38777,2
40515,4.54693,49.38745,2
40516,4.57653,49.38017,2
40517,4.35192,49.44987,2
40518,4.35369,49.45007,2
40519,4.349031,49.449308,2
40520,4.34921,49.44968,2
40521,4.35067,49.4499,2
40522,4.35067,49.4499,2
40523,4.35067,49.4499,2
40524,4.34984,49.45131,2
40525,4.34984,49.45131,2
40526,4.35369,49.45007,2
40527,4.34981,49.45146,2
40528,4.34981,49.45146,2
40529,5.09423,49.70789,2
40530,5.09423,49.70789,2
40531,5.09423,49.70789,2
40532,5.08736,49.704096,2
40533,5.09077,49.70562,2
40534,5.09077,49.70562,2
40535,5.093441,49.706878,2
40536,5.09202,49.70645,2
40537,5.09218,49.7064,2
40538,5.09259,49.70655,2
40539,5.092933,49.706961,2
40540,5.0948,49.70797,2
40541,5.09259,49.70655,2
40542,5.09259,49.70655,2
40543,5.093936,49.706804,2
40544,4.963696,49.702518,2
40545,4.96682,49.7036,2
40546,4.96776,49.7028,2
40547,4.963,49.70465,2
40548,4.96132,49.70193,2
40549,4.96029,49.70165,2
40550,4.96452,49.70276,2
40551,4.9669,49.70349,2
40552,4.96824,49.70406,2
40553,4.97227,49.705,2
40554,4.96266,49.70548,2
