"ID","Longitude","Latitude","ServiceTime (min)"
102320,4.55612,49.75468,2
102321,4.55736,49.75381,2
102322,4.55612,49.75468,2
102323,4.53713,49.74049,2
102324,4.55655,49.75218,2
102325,4.55777,49.75352,2
102326,4.55161,49.75428,2
102327,4.55133,49.75476,2
102328,4.55146,49.75422,2
102329,4.55275,49.75371,2
102330,4.55275,49.75371,2
102331,4.55195,49.75549,2
102332,4.5517,49.75545,2
102333,4.55223,49.75601,2
102334,4.55764,49.75286,2
102335,4.55223,49.75601,2
102336,4.5578,49.75297,2
102337,4.55422,49.75546,2
102338,4.55288,49.75556,2
102339,4.55475,49.75521,2
102340,4.55348,49.75553,2
102341,4.55247,49.75571,2
102342,4.55348,49.75553,2
102343,4.55374,49.75555,2
102344,4.55398,49.7555,2
102345,4.55393,49.75539,2
102346,4.55348,49.75553,2
102347,4.55624,49.75445,2
102348,4.55475,49.75521,2
102349,4.55492,49.7565,2
102350,4.55528,49.75556,2
102351,4.55624,49.75445,2
102352,4.55538,49.75556,2
102353,4.55707,49.75391,2
102354,4.55538,49.75556,2
102355,4.55624,49.75445,2
102356,4.55538,49.75556,2
102357,4.55624,49.75445,2
102358,4.55348,49.75553,2
102359,4.55547,49.75506,2
102360,4.55707,49.75391,2
102361,4.55397,49.75465,2
102362,4.55275,49.75371,2
102363,4.55655,49.7544,2
102364,4.5578,49.75297,2
102365,4.55973,49.7533,2
102366,4.55994,49.75347,2
102367,4.55675,49.75426,2
102368,4.56014,49.75364,2
102369,4.55592,49.75464,2
102370,4.55988,49.75335,2
102371,4.55608,49.75454,2
102372,4.55576,49.75473,2
102373,4.55846,49.75317,2
102374,4.55913,49.75305,2
102375,4.55964,49.75306,2
102376,4.55886,49.75322,2
102377,4.5556,49.75483,2
102378,4.55544,49.75492,2
102379,4.55528,49.75502,2
102380,4.55777,49.75352,2
102381,4.55841,49.75363,2
102382,4.55906,49.75422,2
102383,4.559706,49.754469,2
102384,4.55905,49.75401,2
102385,4.560872,49.754492,2
102386,4.55839,49.75341,2
102387,4.55512,49.75511,2
102388,4.55766,49.75305,2
102389,4.55655,49.75218,2
102390,4.5578,49.75297,2
102391,4.5578,49.75297,2
102392,4.5575,49.75293,2
102393,4.55749,49.75274,2
102394,4.55735,49.75282,2
102395,4.55717,49.7525,2
102396,4.55704,49.75258,2
102397,4.55674,49.75268,2
102398,4.55697,49.75258,2
102399,4.55517,49.75352,2
102400,4.55539,49.75321,2
102401,4.55576,49.75291,2
102402,4.55612,49.7528,2
102403,4.55647,49.75266,2
102404,4.55681,49.75251,2
102405,4.5563,49.75188,2
102406,4.55675,49.7522,2
102407,4.55698,49.75236,2
102408,4.55651,49.7522,2
102409,4.55077,49.74357,2
102410,4.55655,49.75218,2
102411,4.55531,49.75228,2
102412,4.5509,49.74349,2
102413,4.55545,49.75236,2
102414,4.55422,49.752979,2
102415,4.55422,49.752979,2
102416,4.5543,49.75388,2
102417,4.55581,49.75196,2
102418,4.55422,49.752979,2
102419,4.554327,49.752896,2
102420,4.55432,49.75292,2
102421,4.55184,49.75374,2
102422,4.55348,49.75553,2
102423,4.55348,49.75553,2
102424,4.55179,49.75379,2
102425,4.55234,49.75408,2
102426,4.55334,49.75455,2
102427,4.55284,49.75432,2
102428,4.55284,49.75432,2
102429,4.55424,49.75516,2
102430,4.55184,49.75374,2
102431,4.55426,49.7548,2
102432,4.55432,49.75484,2
102433,4.55525,49.75404,2
102434,4.55611,49.75431,2
102435,4.55582,49.75296,2
102436,4.5543,49.75388,2
102437,4.55577,49.75427,2
102438,4.5543,49.75388,2
102439,4.55574,49.75434,2
102440,4.55534,49.75424,2
102441,4.55614,49.75444,2
102442,4.53713,49.74049,2
102443,4.53713,49.74049,2
102444,4.535476,49.740816,2
102445,4.55348,49.75553,2
102446,4.53713,49.74049,2
102447,4.55348,49.75553,2
102448,4.53713,49.74049,2
102449,4.55997,49.75436,2
102450,4.53713,49.74049,2
102451,4.56024,49.75445,2
102452,4.56014,49.75427,2
102453,4.56014,49.75427,2
102454,4.53713,49.74049,2
102455,4.55577,49.75427,2
102456,4.55612,49.75468,2
102457,4.56014,49.75427,2
102458,4.55612,49.75468,2
102459,4.56015,49.75422,2
102460,4.534248,49.741916,2
102461,4.53713,49.74049,2
102462,4.53895,49.74035,2
102463,4.53713,49.74049,2
102464,4.553988,49.754663,2
102465,4.55323,49.75436,2
102466,4.53713,49.74049,2
102467,4.53259,49.7427,2
102468,4.5588,49.75391,2
102469,4.55966,49.75448,2
102470,4.55655,49.75218,2
102471,4.55558,49.7531,2
102472,4.55266,49.75542,2
102473,4.5588,49.75391,2
102474,4.55417,49.75492,2
102475,4.55962,49.75299,2
102476,4.55348,49.75553,2
102477,4.55906,49.75215,2
102478,4.55964,49.75306,2
102479,4.55964,49.75306,2
102480,4.55153,49.75511,2
102481,4.554287,49.752933,2
102482,4.55577,49.75427,2
102483,4.55655,49.75218,2
102484,4.55153,49.75511,2
102485,4.55128,49.75494,2
102486,4.5433,49.75775,2
102487,4.55223,49.75601,2
102488,4.5541,49.75548,2
102489,4.55517,49.75592,2
102490,4.55538,49.75556,2
102491,4.55517,49.75592,2
102492,4.55612,49.75468,2
102493,4.55716,49.75396,2
102494,4.5588,49.75391,2
102495,4.5578,49.75297,2
102496,4.55733,49.75262,2
102497,4.557542,49.752855,2
102498,4.5563,49.75287,2
102499,4.55653,49.75204,2
102500,4.5543,49.75388,2
102501,4.53713,49.74049,2
102502,4.53895,49.74035,2
102503,4.53713,49.74049,2
102504,4.53713,49.74049,2
102505,4.53259,49.7427,2
102506,4.53713,49.74049,2
102507,4.55247,49.75571,2
102508,4.69931,50.00522,2
102509,4.70587,50.01047,2
102510,4.70033,50.00009,2
102511,4.70288,50.00684,2
102512,4.69987,49.99876,2
102513,4.7001,49.99888,2
102514,4.70031,49.99901,2
102515,4.70041,49.99918,2
102516,4.70051,49.99936,2
102517,4.70061,49.99954,2
102518,4.70071,49.99971,2
102519,4.7008,49.99954,2
102520,4.70072,49.9994,2
102521,4.70063,49.99925,2
102522,4.70055,49.9991,2
102523,4.70047,49.99895,2
102524,4.7003,49.99884,2
102525,4.70012,49.99874,2
102526,4.69993,49.99864,2
102527,4.69974,49.99854,2
102528,4.69937,49.99873,2
102529,4.69937,49.99873,2
102530,4.69981,49.99769,2
102531,4.69972,49.99793,2
102532,4.69963,49.99816,2
102533,4.69955,49.9984,2
102534,4.69942,49.9986,2
102535,4.69922,49.99879,2
102536,4.693419,50.002566,2
102537,4.696412,50.006388,2
102538,4.693419,50.002566,2
102539,4.69847,50.00164,2
102540,4.696412,50.006388,2
102541,4.6983,50.00014,2
102542,4.69864,50.00156,2
102543,4.69842,50.00063,2
102544,4.69832,50.00026,2
102545,4.704421,50.011667,2
102546,4.69885,50.0025,2
102547,4.69894,50.00287,2
102548,4.69859,50.00138,2
102549,4.69846,50.00082,2
102550,4.6989,50.00268,2
102551,4.69898,50.00348,2
102552,4.70033,50.00009,2
102553,4.69815,50.00029,2
102554,4.6982,50.00052,2
102555,4.69912,50.00362,2
102556,4.69881,50.00231,2
102557,4.69852,50.00186,2
102558,4.69903,50.00324,2
102559,4.6992,50.00399,2
102560,4.69916,50.0038,2
102561,4.69842,50.00141,2
102562,4.69877,50.00212,2
102563,4.69855,50.00119,2
102564,4.69868,50.00253,2
102565,4.69868,50.00175,2
102566,4.6985,50.001,2
102567,4.70033,50.00009,2
102568,4.70033,50.00009,2
102569,4.70033,50.00009,2
102570,4.70259,50.0005,2
102571,4.69863,50.00231,2
102572,4.69947,50.00511,2
102573,4.69873,50.00275,2
102574,4.69884,50.0032,2
102575,4.69929,50.00436,2
102576,4.69934,50.00455,2
102577,4.69938,50.00474,2
102578,4.69894,50.00365,2
102579,4.699,50.00387,2
102580,4.69955,50.00548,2
102581,4.69905,50.0041,2
102582,4.6996,50.00567,2
102583,4.69964,50.00586,2
102584,4.69969,50.00604,2
102585,4.69915,50.00454,2
102586,4.69926,50.00499,2
102587,4.69973,50.00623,2
102588,4.69942,50.00566,2
102589,4.69936,50.00544,2
102590,4.69982,50.0066,2
102591,4.69977,50.00642,2
102592,4.69947,50.00589,2
102593,4.69988,50.00679,2
102594,4.70332,50.00598,2
102595,4.70028,50.00703,2
102596,4.70292,50.00628,2
102597,4.70132,50.00667,2
102598,4.70184,50.00649,2
102599,4.70236,50.00631,2
102600,4.70292,50.00628,2
102601,4.7008,50.00685,2
102602,4.69898,50.00348,2
102603,4.7,50.00696,2
102604,4.70096,50.00781,2
102605,4.70002,50.0072,2
102606,4.70018,50.00714,2
102607,4.70044,50.00737,2
102608,4.71291,50.00935,2
102609,4.70025,50.00739,2
102610,4.7007,50.00759,2
102611,4.7007,50.00759,2
102612,4.70048,50.00759,2
102613,4.7007,50.00778,2
102614,4.70093,50.00798,2
102615,4.70093,50.00798,2
102616,4.70116,50.00817,2
102617,4.70138,50.00837,2
102618,4.70122,50.00803,2
102619,4.70148,50.00826,2
102620,4.70174,50.00848,2
102621,4.70161,50.00856,2
102622,4.70161,50.00856,2
102623,4.70183,50.00872,2
102624,4.70387,50.00518,2
102625,4.70387,50.00518,2
102626,4.70392,50.0051,2
102627,4.7019,50.0083,2
102628,4.70177,50.0085,2
102629,4.70207,50.00835,2
102630,4.70196,50.00864,2
102631,4.70216,50.00875,2
102632,4.70238,50.00886,2
102633,4.7026,50.00897,2
102634,4.70183,50.00872,2
102635,4.70283,50.00905,2
102636,4.70309,50.00911,2
102637,4.70334,50.00918,2
102638,4.7036,50.00921,2
102639,4.70203,50.00883,2
102640,4.70223,50.00893,2
102641,4.70243,50.00903,2
102642,4.70288,50.00919,2
102643,4.70312,50.00925,2
102644,4.70336,50.00931,2
102645,4.70361,50.00933,2
102646,4.70387,50.00934,2
102647,4.70412,50.00935,2
102648,4.70387,50.00923,2
102649,4.70404,50.00923,2
102650,4.70412,50.00923,2
102651,4.7042,50.00923,2
102652,4.70436,50.00923,2
102653,4.70444,50.00971,2
102654,4.70436,50.00935,2
102655,4.70431,50.00953,2
102656,4.70428,50.00963,2
102657,4.70424,50.00973,2
102658,4.70421,50.00983,2
102659,4.70415,50.01004,2
102660,4.70407,50.01023,2
102661,4.70435,50.00971,2
102662,4.70415,50.01004,2
102663,4.70373,50.01026,2
102664,4.70399,50.01032,2
102665,4.70399,50.01032,2
102666,4.70565,50.01015,2
102667,4.69983,50.00699,2
102668,4.70321,50.01015,2
102669,4.70444,50.01041,2
102670,4.70466,50.01046,2
102671,4.70487,50.0105,2
102672,4.70552,50.01063,2
102673,4.70552,50.01063,2
102674,4.697466,50.010167,2
102675,4.697466,50.010167,2
102676,4.696715,50.009894,2
102677,4.696715,50.009894,2
102678,4.696715,50.009894,2
102679,4.697466,50.010167,2
102680,4.698831,50.010742,2
102681,4.696715,50.009894,2
102682,4.704421,50.011667,2
102683,4.70565,50.01015,2
102684,4.705923,50.010713,2
102685,4.70571,50.0106,2
102686,4.70572,50.01052,2
102687,4.70572,50.01052,2
102688,4.70553,50.01059,2
102689,4.70554,50.01051,2
102690,4.70555,50.01044,2
102691,4.70517,50.0101,2
102692,4.70572,50.01046,2
102693,4.70583,50.01035,2
102694,4.70643,50.01039,2
102695,4.70643,50.01039,2
102696,4.70603,50.01048,2
102697,4.70618,50.01049,2
102698,4.70607,50.01037,2
102699,4.70633,50.0105,2
102700,4.70649,50.0105,2
102701,4.70667,50.0104,2
102702,4.70679,50.00709,2
102703,4.71291,50.00935,2
102704,4.71062,50.00373,2
102705,4.69858,50.00208,2
102706,4.70089,49.99969,2
102707,4.69916,50.0038,2
102708,4.69925,50.00418,2
102709,4.6992,50.00399,2
102710,4.6992,50.00399,2
102711,4.70435,50.00971,2
102712,4.7057,50.01068,2
102713,4.70572,50.01052,2
102714,4.70572,50.01052,2
102715,4.70595,50.01036,2
102716,4.7412,49.78021,2
102717,4.74319,49.77411,2
102718,4.73696,49.79031,2
102719,4.74108,49.78065,2
102720,4.74302,49.77417,2
102721,4.7412,49.78021,2
102722,4.74294,49.77415,2
102723,4.7412,49.78021,2
102724,4.74286,49.77412,2
102725,4.74098,49.77992,2
102726,4.74278,49.77409,2
102727,4.74098,49.77992,2
102728,4.7427,49.77406,2
102729,4.74155,49.77728,2
102730,4.74189,49.7762,2
102731,4.74262,49.77403,2
102732,4.74219,49.78161,2
102733,4.74251,49.77401,2
102734,4.74226,49.78231,2
102735,4.74225,49.78221,2
102736,4.74212,49.77395,2
102737,4.7422,49.78171,2
102738,4.74231,49.77398,2
102739,4.74221,49.78181,2
102740,4.74224,49.78211,2
102741,4.74199,49.77386,2
102742,4.74222,49.78191,2
102743,4.743419,49.772066,2
102744,4.74223,49.78201,2
102745,4.74245,49.77363,2
102746,4.74206,49.77364,2
102747,4.74339,49.78181,2
102748,4.74197,49.77372,2
102749,4.74362,49.78212,2
102750,4.74202,49.77368,2
102751,4.74362,49.78212,2
102752,4.74211,49.7736,2
102753,4.74362,49.78212,2
102754,4.74362,49.78212,2
102755,4.74238,49.77368,2
102756,4.74215,49.77356,2
102757,4.74362,49.78212,2
102758,4.74221,49.77352,2
102759,4.74381,49.78239,2
102760,4.74229,49.77353,2
102761,4.744,49.78266,2
102762,4.74236,49.77355,2
102763,4.74251,49.77358,2
102764,4.74258,49.7736,2
102765,4.74265,49.77362,2
102766,4.7428,49.77365,2
102767,4.74278,49.77373,2
102768,4.74285,49.77374,2
102769,4.74635,49.77759,2
102770,4.74292,49.77376,2
102771,4.74299,49.77377,2
102772,4.74314,49.7738,2
102773,4.74328,49.77384,2
102774,4.74336,49.77385,2
102775,4.74336,49.77385,2
102776,4.74319,49.77411,2
102777,4.74319,49.77411,2
102778,4.74338,49.77386,2
102779,4.74292,49.77366,2
102780,4.74277,49.77355,2
102781,4.74297,49.7735,2
102782,4.74303,49.77335,2
102783,4.74308,49.7732,2
102784,4.74314,49.77305,2
102785,4.74319,49.7729,2
102786,4.74319,49.7729,2
102787,4.74325,49.77275,2
102788,4.74285,49.77333,2
102789,4.74289,49.77323,2
102790,4.73696,49.79031,2
102791,4.74293,49.77312,2
102792,4.73687,49.78168,2
102793,4.74297,49.77301,2
102794,4.743,49.77291,2
102795,4.74336,49.77215,2
102796,4.74304,49.7728,2
102797,4.74308,49.7727,2
102798,4.74308,49.7727,2
102799,4.74328,49.77264,2
102800,4.74342,49.77227,2
102801,4.74325,49.77275,2
102802,4.74335,49.77242,2
102803,4.74336,49.77215,2
102804,4.74016,49.78295,2
102805,4.74041,49.77954,2
102806,4.747395,49.777827,2
102807,4.74054,49.7798,2
102808,4.74054,49.7798,2
102809,4.74033,49.77996,2
102810,4.74022,49.78021,2
102811,4.73989,49.78051,2
102812,4.73971,49.78065,2
102813,4.73968,49.78081,2
102814,4.7399,49.78363,2
102815,4.73696,49.79031,2
102816,4.74049,49.78031,2
102817,4.74054,49.78061,2
102818,4.74064,49.7809,2
102819,4.74009,49.78256,2
102820,4.74031,49.78033,2
102821,4.74033,49.78041,2
102822,4.74045,49.78087,2
102823,4.74041,49.78177,2
102824,4.74063,49.78133,2
102825,4.74075,49.78119,2
102826,4.74008,49.78317,2
102827,4.74033,49.78232,2
102828,4.73999,49.7834,2
102829,4.74027,49.78258,2
102830,4.74006,49.78036,2
102831,4.73948,49.78077,2
102832,4.73696,49.79031,2
102833,4.73696,49.79031,2
102834,4.74018,49.78222,2
102835,4.73457,49.78209,2
102836,4.73667,49.78173,2
102837,4.73737,49.78173,2
102838,4.73696,49.7819,2
102839,4.73687,49.78168,2
102840,4.73696,49.7819,2
102841,4.73687,49.78168,2
102842,4.73614,49.78222,2
102843,4.73638,49.78271,2
102844,4.73614,49.78239,2
102845,4.73654,49.78286,2
102846,4.73188,49.78338,2
102847,4.73353,49.78254,2
102848,4.73696,49.79031,2
102849,4.73498,49.78207,2
102850,4.73589,49.78183,2
102851,4.73589,49.78183,2
102852,4.73253,49.78314,2
102853,4.73333,49.78277,2
102854,4.73177,49.78757,2
102855,4.73687,49.78168,2
102856,4.73687,49.78168,2
102857,4.73687,49.78168,2
102858,4.73687,49.78168,2
102859,4.73324,49.78386,2
102860,4.73324,49.78386,2
102861,4.74401,49.77858,2
102862,4.73998,49.78273,2
102863,4.73963,49.7827,2
102864,4.73177,49.78757,2
102865,4.73928,49.78267,2
102866,4.73893,49.78265,2
102867,4.73858,49.78264,2
102868,4.73823,49.78266,2
102869,4.73788,49.78268,2
102870,4.73753,49.78271,2
102871,4.73718,49.78273,2
102872,4.7369,49.78285,2
102873,4.73673,49.78311,2
102874,4.73672,49.78334,2
102875,4.73695,49.78355,2
102876,4.74494,49.77678,2
102877,4.73718,49.78376,2
102878,4.73742,49.78397,2
102879,4.73766,49.78417,2
102880,4.73127,49.78701,2
102881,4.737813,49.784386,2
102882,4.737856,49.784412,2
102883,4.737542,49.784221,2
102884,4.737355,49.78409,2
102885,4.74185,49.78067,2
102886,4.737125,49.783906,2
102887,4.73699,49.78378,2
102888,4.73666,49.78305,2
102889,4.736447,49.783371,2
102890,4.73637,49.78335,2
102891,4.73601,49.78338,2
102892,4.735861,49.783302,2
102893,4.73565,49.783243,2
102894,4.735398,49.783176,2
102895,4.734953,49.783463,2
102896,4.734916,49.783554,2
102897,4.74258,49.77425,2
102898,4.73482,49.783592,2
102899,4.73465,49.78332,2
102900,4.734722,49.783567,2
102901,4.734693,49.78354,2
102902,4.734504,49.783346,2
102903,4.73513,49.7831,2
102904,4.74185,49.78067,2
102905,4.734515,49.783283,2
102906,4.74185,49.78067,2
102907,4.734649,49.7832,2
102908,4.734897,49.78315,2
102909,4.735216,49.783144,2
102910,4.73558,49.783226,2
102911,4.735903,49.78331,2
102912,4.736388,49.7833,2
102913,4.736657,49.783115,2
102914,4.736634,49.782927,2
102915,4.73696,49.79031,2
102916,4.73704,49.78264,2
102917,4.73678,49.78277,2
102918,4.73737,49.7826,2
102919,4.7377,49.78258,2
102920,4.737633,49.782629,2
102921,4.73696,49.79031,2
102922,4.738107,49.782673,2
102923,4.738797,49.782588,2
102924,4.738466,49.78263,2
102925,4.739212,49.782571,2
102926,4.73968,49.78259,2
102927,4.739798,49.78264,2
102928,4.74023,49.78277,2
102929,4.74042,49.78279,2
102930,4.74062,49.7828,2
102931,4.74081,49.78281,2
102932,4.74103,49.78295,2
102933,4.74113,49.78312,2
102934,4.74113,49.7833,2
102935,4.74094,49.78343,2
102936,4.74097,49.78318,2
102937,4.74107,49.78285,2
102938,4.73696,49.79031,2
102939,4.74107,49.78285,2
102940,4.73177,49.78757,2
102941,4.741039,49.783064,2
102942,4.74107,49.78285,2
102943,4.74064,49.78148,2
102944,4.739975,49.783157,2
102945,4.740238,49.782856,2
102946,4.73964,49.7833,2
102947,4.73968,49.78343,2
102948,4.73946,49.78323,2
102949,4.73961,49.78317,2
102950,4.74336,49.77215,2
102951,4.74173,49.77628,2
102952,4.74314,49.77442,2
102953,4.7433,49.77474,2
102954,4.73696,49.79031,2
102955,4.74314,49.77447,2
102956,4.74277,49.77355,2
102957,4.74314,49.77442,2
102958,4.74314,49.77453,2
102959,4.743613,49.771766,2
102960,4.74314,49.77458,2
102961,4.74314,49.77458,2
102962,4.74285,49.77333,2
102963,4.743716,49.771611,2
102964,4.74314,49.77464,2
102965,4.743716,49.771602,2
102966,4.74305,49.77496,2
102967,4.74308,49.77477,2
102968,4.73696,49.79031,2
102969,4.74299,49.775,2
102970,4.74847,49.77495,2
102971,4.743458,49.772011,2
102972,4.743897,49.77132,2
102973,4.74292,49.77488,2
102974,4.743897,49.77132,2
102975,4.74339,49.77235,2
102976,4.73696,49.79031,2
102977,4.74281,49.77512,2
102978,4.74276,49.77499,2
102979,4.74268,49.77505,2
102980,4.743896,49.771302,2
102981,4.73687,49.78168,2
102982,4.743897,49.77132,2
102983,4.7419,49.77631,2
102984,4.74184,49.77641,2
102985,4.74175,49.77659,2
102986,4.74173,49.77666,2
102987,4.74167,49.77678,2
102988,4.73687,49.78168,2
102989,4.73696,49.79031,2
102990,4.74167,49.77678,2
102991,4.74159,49.77695,2
102992,4.74189,49.7762,2
102993,4.74189,49.7762,2
102994,4.74189,49.7762,2
102995,4.74189,49.7762,2
102996,4.74189,49.7762,2
102997,4.74189,49.7762,2
102998,4.74189,49.7762,2
102999,4.74189,49.7762,2
103000,4.74068,49.77838,2
103001,4.74068,49.77838,2
103002,4.74068,49.77838,2
103003,4.73696,49.79031,2
103004,4.74081,49.77806,2
103005,4.7409,49.7779,2
103006,4.74099,49.77773,2
103007,4.74107,49.77757,2
103008,4.74107,49.77757,2
103009,4.73696,49.79031,2
103010,4.74116,49.7774,2
103011,4.73127,49.78701,2
103012,4.74116,49.7774,2
103013,4.73127,49.78701,2
103014,4.74133,49.77708,2
103015,4.7414,49.77694,2
103016,4.74192,49.77715,2
103017,4.74328,49.77745,2
103018,4.74391,49.77768,2
103019,4.74263,49.77725,2
103020,4.7415,49.77701,2
103021,4.74328,49.77745,2
103022,4.7415,49.77701,2
103023,4.7415,49.77701,2
103024,4.74263,49.77725,2
103025,4.7415,49.77701,2
103026,4.7415,49.77701,2
103027,4.74425,49.77799,2
103028,4.74402,49.77835,2
103029,4.74388,49.77874,2
103030,4.74361,49.77908,2
103031,4.74755,49.77782,2
103032,4.746,49.77914,2
103033,4.74359,49.77927,2
103034,4.7438,49.77911,2
103035,4.74398,49.77895,2
103036,4.74406,49.77875,2
103037,4.74413,49.77854,2
103038,4.74421,49.77834,2
103039,4.7443,49.77815,2
103040,4.74448,49.77797,2
103041,4.74441,49.77769,2
103042,4.74451,49.77754,2
103043,4.74462,49.7774,2
103044,4.74472,49.77725,2
103045,4.74479,49.77709,2
103046,4.74258,49.77425,2
103047,4.74486,49.77694,2
103048,4.74494,49.77678,2
103049,4.74501,49.77663,2
103050,4.74508,49.77647,2
103051,4.74516,49.77631,2
103052,4.746245,49.777849,2
103053,4.74523,49.77616,2
103054,4.74258,49.77425,2
103055,4.74496,49.77593,2
103056,4.74847,49.77495,2
103057,4.74253,49.78252,2
103058,4.74657,49.77818,2
103059,4.74443,49.77576,2
103060,4.746247,49.778191,2
103061,4.7439,49.77559,2
103062,4.74337,49.77543,2
103063,4.746557,49.778283,2
103064,4.746077,49.778113,2
103065,4.74168,49.78068,2
103066,4.74619,49.77822,2
103067,4.74168,49.78068,2
103068,4.74258,49.77425,2
103069,4.73324,49.78386,2
103070,4.74258,49.77425,2
103071,4.73495,49.78924,2
103072,4.74613,49.77788,2
103073,4.73696,49.79031,2
103074,4.74623,49.777823,2
103075,4.73696,49.79031,2
103076,4.73696,49.79031,2
103077,4.746126,49.777978,2
103078,4.73201,49.78741,2
103079,4.745868,49.778378,2
103080,4.73177,49.78757,2
103081,4.73177,49.78757,2
103082,4.745085,49.77825,2
103083,4.73177,49.78757,2
103084,4.74546,49.77859,2
103085,4.73138,49.78724,2
103086,4.745413,49.778746,2
103087,4.73177,49.78757,2
103088,4.745413,49.778746,2
103089,4.73177,49.78757,2
103090,4.745413,49.778746,2
103091,4.73177,49.78757,2
103092,4.74258,49.77425,2
103093,4.73177,49.78757,2
103094,4.74596,49.77869,2
103095,4.73177,49.78757,2
103096,4.746,49.77914,2
103097,4.73177,49.78757,2
103098,4.74535,49.77928,2
103099,4.7323,49.78829,2
103100,4.73217,49.78807,2
103101,4.746,49.77914,2
103102,4.73199,49.78785,2
103103,4.746,49.77914,2
103104,4.73177,49.78766,2
103105,4.73155,49.78746,2
103106,4.74596,49.77869,2
103107,4.73177,49.78757,2
103108,4.73127,49.78701,2
103109,4.746,49.77914,2
103110,4.73138,49.78724,2
103111,4.746,49.77914,2
103112,4.73177,49.78757,2
103113,4.746,49.77914,2
103114,4.73127,49.78701,2
103115,4.73112,49.7868,2
103116,4.746,49.77914,2
103117,4.73067,49.78571,2
103118,4.73696,49.79031,2
103119,4.746,49.77914,2
103120,4.731586,49.787087,2
103121,4.73696,49.79031,2
103122,4.74185,49.78067,2
103123,4.73696,49.79031,2
103124,4.73696,49.79031,2
103125,4.73696,49.79031,2
103126,4.73696,49.79031,2
103127,4.73096,49.78655,2
103128,4.73696,49.79031,2
103129,4.73177,49.78757,2
103130,4.73177,49.78757,2
103131,4.731663,49.787256,2
103132,4.74141,49.77546,2
103133,4.73696,49.79031,2
103134,4.74312,49.78146,2
103135,4.730891,49.786481,2
103136,4.73696,49.79031,2
103137,4.730457,49.785223,2
103138,4.73696,49.79031,2
103139,4.729849,49.784085,2
103140,4.73081,49.78613,2
103141,4.73696,49.79031,2
103142,4.73687,49.78168,2
103143,4.73696,49.79031,2
103144,4.73324,49.78386,2
103145,4.741991,49.792344,2
103146,4.74185,49.78067,2
103147,4.73696,49.79031,2
103148,4.73696,49.79031,2
103149,4.74185,49.78067,2
103150,4.73696,49.79031,2
103151,4.75128,49.79335,2
103152,4.75128,49.79335,2
103153,4.75128,49.79335,2
103154,4.75128,49.79335,2
103155,4.75128,49.79335,2
103156,4.75128,49.79335,2
103157,4.75128,49.79335,2
103158,4.73687,49.78168,2
103159,4.74264,49.78072,2
103160,4.74371,49.78003,2
103161,4.73696,49.79031,2
103162,4.74341,49.78058,2
103163,4.7436,49.78044,2
103164,4.74347,49.78021,2
103165,4.74361,49.78006,2
103166,4.74365,49.78001,2
103167,4.7437,49.77997,2
103168,4.74041,49.78177,2
103169,4.74385,49.77985,2
103170,4.74411,49.77967,2
103171,4.74431,49.78019,2
103172,4.74107,49.77528,2
103173,4.74431,49.77986,2
103174,4.74444,49.77977,2
103175,4.74142,49.77416,2
103176,4.74258,49.77425,2
103177,4.74258,49.77425,2
103178,4.73696,49.79031,2
103179,4.74476,49.77989,2
103180,4.74146,49.77409,2
103181,4.74229,49.77353,2
103182,4.74485,49.78008,2
103183,4.74134,49.77436,2
103184,4.74471,49.78015,2
103185,4.74134,49.77436,2
103186,4.74456,49.78022,2
103187,4.74134,49.77436,2
103188,4.74134,49.77436,2
103189,4.74441,49.78029,2
103190,4.74134,49.77436,2
103191,4.74369,49.7802,2
103192,4.74134,49.77436,2
103193,4.74134,49.77436,2
103194,4.74426,49.78036,2
103195,4.74134,49.77436,2
103196,4.74134,49.77436,2
103197,4.74365,49.78031,2
103198,4.74134,49.77442,2
103199,4.74381,49.78039,2
103200,4.7402,49.77591,2
103201,4.74134,49.77448,2
103202,4.74411,49.78042,2
103203,4.74135,49.77453,2
103204,4.74396,49.78049,2
103205,4.74135,49.77459,2
103206,4.74377,49.78057,2
103207,4.74136,49.77471,2
103208,4.74353,49.78066,2
103209,4.74136,49.77482,2
103210,4.7433,49.78075,2
103211,4.74137,49.77488,2
103212,4.74305,49.78081,2
103213,4.74137,49.775,2
103214,4.7428,49.78079,2
103215,4.74138,49.77509,2
103216,4.74268,49.78095,2
103217,4.74139,49.77521,2
103218,4.74213,49.78087,2
103219,4.7414,49.77534,2
103220,4.74207,49.78096,2
103221,4.74141,49.77546,2
103222,4.7412,49.78021,2
103223,4.74142,49.77559,2
103224,4.74122,49.7804,2
103225,4.74143,49.77571,2
103226,4.74144,49.77596,2
103227,4.74194,49.78125,2
103228,4.74202,49.78133,2
103229,4.74145,49.77633,2
103230,4.73691,49.79037,2
103231,4.74208,49.78143,2
103232,4.74338,49.78214,2
103233,4.74143,49.77646,2
103234,4.74312,49.78231,2
103235,4.74323,49.78258,2
103236,4.74118,49.77458,2
103237,4.74267,49.78246,2
103238,4.74118,49.77458,2
103239,4.74299,49.78246,2
103240,4.7409,49.77504,2
103241,4.7409,49.77504,2
103242,4.74284,49.78246,2
103243,4.7409,49.77504,2
103244,4.74267,49.78246,2
103245,4.7409,49.77504,2
103246,4.74253,49.78252,2
103247,4.74107,49.77528,2
103248,4.74189,49.77415,2
103249,4.74847,49.77495,2
103250,4.74206,49.78256,2
103251,4.74167,49.77412,2
103252,4.73177,49.78757,2
103253,4.74245,49.7824,2
103254,4.74189,49.77415,2
103255,4.74267,49.78246,2
103256,4.74231,49.77419,2
103257,4.74227,49.78241,2
103258,4.74214,49.78152,2
103259,4.74185,49.77399,2
103260,4.74122,49.7804,2
103261,4.74147,49.77421,2
103262,4.74118,49.78047,2
103263,4.74147,49.77421,2
103264,4.74147,49.77421,2
103265,4.74114,49.78054,2
103266,4.74194,49.77403,2
103267,4.7411,49.78061,2
103268,4.7418,49.77426,2
103269,4.74084,49.77941,2
103270,4.74253,49.77421,2
103271,4.74134,49.77436,2
103272,4.74095,49.77967,2
103273,4.74137,49.78018,2
103274,4.74253,49.77421,2
103275,4.7409,49.77954,2
103276,4.74314,49.7738,2
103277,4.74113,49.77986,2
103278,4.74275,49.77422,2
103279,4.74328,49.77384,2
103280,4.74296,49.77424,2
103281,4.74296,49.77424,2
103282,4.74308,49.7727,2
103283,4.74296,49.77424,2
103284,4.74137,49.78018,2
103285,4.74202,49.77428,2
103286,4.73696,49.79031,2
103287,4.74137,49.78018,2
103288,4.74213,49.77429,2
103289,4.73177,49.78757,2
103290,4.746434,49.777441,2
103291,4.74137,49.78018,2
103292,4.74152,49.78042,2
103293,4.74224,49.7743,2
103294,4.74648,49.77333,2
103295,4.73696,49.79031,2
103296,4.7418,49.78059,2
103297,4.74235,49.77431,2
103298,4.74212,49.78072,2
103299,4.74241,49.78863,2
103300,4.74245,49.77432,2
103301,4.74202,49.78082,2
103302,4.74245,49.77432,2
103303,4.73696,49.79031,2
103304,4.75128,49.79335,2
103305,4.7428,49.78113,2
103306,4.74256,49.77432,2
103307,4.75128,49.79335,2
103308,4.74202,49.78082,2
103309,4.74267,49.77433,2
103310,4.74381,49.78239,2
103311,4.74289,49.77435,2
103312,4.74362,49.78212,2
103313,4.74168,49.78068,2
103314,4.74185,49.78067,2
103315,4.743,49.77436,2
103316,4.74168,49.78068,2
103317,4.73696,49.79031,2
103318,4.74305,49.77437,2
103319,4.74168,49.78068,2
103320,4.74314,49.77441,2
103321,4.74139,49.7805,2
103322,4.59544,49.74259,2
103323,4.59665,49.74233,2
103324,4.59732,49.74244,2
103325,4.59591,49.74245,2
103326,4.59591,49.74245,2
103327,4.59591,49.74245,2
103328,4.59934,49.74217,2
103329,4.60002,49.74266,2
103330,4.60045,49.74337,2
103331,4.60045,49.74337,2
103332,4.60107,49.74419,2
103333,4.601454,49.74165,2
103334,4.569372,49.733629,2
103335,4.565296,49.727586,2
103336,4.59972,49.74371,2
103337,4.59959,49.74355,2
103338,4.59947,49.74339,2
103339,4.59935,49.74323,2
103340,4.59926,49.7431,2
103341,4.5979,49.74203,2
103342,4.59921,49.74302,2
103343,4.59915,49.74293,2
103344,4.5991,49.74285,2
103345,4.59905,49.74277,2
103346,4.59899,49.74268,2
103347,4.59894,49.7426,2
103348,4.59884,49.74259,2
103349,4.59851,49.74279,2
103350,4.59786,49.74315,2
103351,4.59786,49.74315,2
103352,4.59786,49.74315,2
103353,4.59786,49.74315,2
103354,4.59786,49.74315,2
103355,4.59682,49.7441,2
103356,4.5969,49.74415,2
103357,4.59671,49.74416,2
103358,4.59682,49.7441,2
103359,4.59786,49.74315,2
103360,4.59786,49.74315,2
103361,4.59764,49.74268,2
103362,4.59751,49.73712,2
103363,4.59674,49.74246,2
103364,4.59521,49.74251,2
103365,4.59549,49.74246,2
103366,4.59578,49.7424,2
103367,4.59606,49.74235,2
103368,4.59694,49.74235,2
103369,4.59813,49.74272,2
103370,4.59591,49.74245,2
103371,4.59976,49.7435,2
103372,4.59713,49.73625,2
103373,4.59707,49.73603,2
103374,4.5972,49.73648,2
103375,4.59726,49.7367,2
103376,4.59736,49.73691,2
103377,4.59794,49.73773,2
103378,4.59822,49.73815,2
103379,4.5983,49.73837,2
103380,4.59837,49.73904,2
103381,4.5984,49.73881,2
103382,4.59833,49.73926,2
103383,4.59829,49.73948,2
103384,4.59808,49.74015,2
103385,4.598477,49.739846,2
103386,4.59769,49.74063,2
103387,4.59769,49.74063,2
103388,4.59643,49.74165,2
103389,4.59669,49.74121,2
103390,4.59613,49.74063,2
103391,4.59769,49.74063,2
103392,4.59613,49.74063,2
103393,4.59841,49.73817,2
103394,4.59864,49.7408,2
103395,4.59864,49.7408,2
103396,4.59769,49.74063,2
103397,4.59769,49.74063,2
103398,4.59769,49.74063,2
103399,4.59769,49.74063,2
103400,4.59826,49.74016,2
103401,4.597424,49.736416,2
103402,4.59844,49.73967,2
103403,4.59848,49.73942,2
103404,4.59853,49.73917,2
103405,4.59857,49.73891,2
103406,4.59859,49.73866,2
103407,4.59841,49.73817,2
103408,4.59828,49.73793,2
103409,4.59811,49.7377,2
103410,4.5978,49.73753,2
103411,4.59762,49.737,2
103412,4.59746,49.73677,2
103413,4.59795,49.73747,2
103414,4.59739,49.73652,2
103415,4.59725,49.73602,2
103416,4.59769,49.74063,2
103417,4.59695,49.74189,2
103418,4.60047,49.74158,2
103419,4.59978,49.74113,2
103420,4.60019,49.74132,2
103421,4.60115,49.74262,2
103422,4.59622,49.74059,2
103423,4.59608,49.74067,2
103424,4.59695,49.74189,2
103425,4.59695,49.74189,2
103426,4.60187,49.74158,2
103427,4.5981,49.74218,2
103428,4.5981,49.74218,2
103429,4.59695,49.74189,2
103430,4.59695,49.74189,2
103431,4.59695,49.74189,2
103432,4.58905,49.73819,2
103433,4.60041,49.74178,2
103434,4.59613,49.74063,2
103435,4.59769,49.74063,2
103436,4.59695,49.74189,2
103437,4.59695,49.74189,2
103438,4.59695,49.74189,2
103439,4.59695,49.74189,2
103440,4.59695,49.74189,2
103441,4.59904,49.74233,2
103442,4.59967,49.74218,2
103443,4.59976,49.7423,2
103444,4.6001,49.74278,2
103445,4.60019,49.74292,2
103446,4.60029,49.74305,2
103447,4.60041,49.7432,2
103448,4.60078,49.74364,2
103449,4.60062,49.74369,2
103450,4.6005,49.74355,2
103451,4.60037,49.7434,2
103452,4.60013,49.74311,2
103453,4.59973,49.74214,2
103454,4.60024,49.74191,2
103455,4.60045,49.74183,2
103456,4.60115,49.74262,2
103457,4.60041,49.74178,2
103458,4.60041,49.74178,2
103459,4.60203,49.74179,2
103460,4.60219,49.74199,2
103461,4.60211,49.74215,2
103462,4.60259,49.74293,2
103463,4.60423,49.74424,2
103464,4.60335,49.74338,2
103465,4.60357,49.74355,2
103466,4.6038,49.74373,2
103467,4.60402,49.74391,2
103468,4.60425,49.74408,2
103469,4.60453,49.74422,2
103470,4.60327,49.74343,2
103471,4.603,49.74312,2
103472,4.60327,49.74343,2
103473,4.60327,49.74343,2
103474,4.60182,49.74177,2
103475,4.60041,49.74178,2
103476,4.60041,49.74178,2
103477,4.60158,49.74093,2
103478,4.60166,49.74118,2
103479,4.60174,49.74142,2
103480,4.569499,49.73369,2
103481,4.567261,49.732267,2
103482,4.56774,49.732761,2
103483,4.60045,49.74337,2
103484,4.59591,49.74245,2
103485,4.565968,49.730593,2
103486,4.59769,49.74063,2
103487,4.6031,49.74321,2
103488,4.60327,49.74343,2
103489,4.603,49.74312,2
103490,4.59736,49.73691,2
103491,4.59736,49.73691,2
103492,4.59864,49.7408,2
103493,4.59984,49.74388,2
103494,4.59888,49.74251,2
103495,4.59544,49.74259,2
103496,4.60958,49.76572,2
103497,4.61068,49.76505,2
103498,4.61083,49.76539,2
103499,4.61101,49.76682,2
103500,4.610619,49.760631,2
103501,4.62178,49.7664,2
103502,4.61083,49.76539,2
103503,4.61179,49.76461,2
103504,4.61179,49.76461,2
103505,4.61179,49.76461,2
103506,4.61179,49.76461,2
103507,4.61079,49.76453,2
103508,4.61045,49.76454,2
103509,4.6104,49.76458,2
103510,4.60929,49.76547,2
103511,4.60907,49.7654,2
103512,4.60884,49.76533,2
103513,4.60835,49.7654,2
103514,4.60859,49.76531,2
103515,4.60834,49.76528,2
103516,4.60784,49.76523,2
103517,4.60768,49.76531,2
103518,4.60766,49.76513,2
103519,4.60756,49.76492,2
103520,4.60739,49.76499,2
103521,4.60941,49.76577,2
103522,4.61013,49.76619,2
103523,4.60863,49.76601,2
103524,4.60863,49.76601,2
103525,4.60863,49.76601,2
103526,4.60814,49.76575,2
103527,4.60815,49.76587,2
103528,4.60704,49.76598,2
103529,4.60704,49.76598,2
103530,4.60438,49.76627,2
103531,4.60197,49.76505,2
103532,4.60208,49.76492,2
103533,4.61081,49.76569,2
103534,4.61086,49.76504,2
103535,4.61184,49.76566,2
103536,4.62178,49.7664,2
103537,4.61099,49.76568,2
103538,4.61101,49.76682,2
103539,4.61101,49.76682,2
103540,4.6109,49.76857,2
103541,4.61085,49.76891,2
103542,4.6107,49.7636,2
103543,4.61083,49.76358,2
103544,4.61099,49.76305,2
103545,4.611,49.76268,2
103546,4.60704,49.76598,2
103547,4.60704,49.76598,2
103548,4.61099,49.76568,2
103549,4.61099,49.76568,2
103550,4.62178,49.7664,2
103551,4.60756,49.76492,2
103552,4.60756,49.76492,2
103553,4.60841,49.76534,2
103554,4.60919,49.74902,2
103555,4.60984,49.74852,2
103556,4.60763,49.7472,2
103557,4.60919,49.74902,2
103558,4.60532,49.74819,2
103559,4.60516,49.74928,2
103560,4.60897,49.7491,2
103561,4.62632,49.75919,2
103562,4.60686,49.74977,2
103563,4.60886,49.74933,2
103564,4.60019,49.74132,2
103565,4.612692,49.7493,2
103566,4.620947,49.753744,2
103567,4.606274,49.748396,2
103568,4.60984,49.74852,2
103569,4.60915,49.75058,2
103570,4.6096,49.74851,2
103571,4.60984,49.74852,2
103572,4.60915,49.75058,2
103573,4.61095,49.74888,2
103574,4.61107,49.74879,2
103575,4.61028,49.74856,2
103576,4.61028,49.74856,2
103577,4.60976,49.74843,2
103578,4.60963,49.7484,2
103579,4.6095,49.74837,2
103580,4.60919,49.74818,2
103581,4.60899,49.74822,2
103582,4.60913,49.74831,2
103583,4.60885,49.74813,2
103584,4.60984,49.74852,2
103585,4.60849,49.74792,2
103586,4.60861,49.74783,2
103587,4.60927,49.7484,2
103588,4.60919,49.74861,2
103589,4.606463,49.748581,2
103590,4.60787,49.74842,2
103591,4.60919,49.74902,2
103592,4.60919,49.74902,2
103593,4.60919,49.74902,2
103594,4.60919,49.74902,2
103595,4.60595,49.7484,2
103596,4.60556,49.74826,2
103597,4.60491,49.74838,2
103598,4.60491,49.74838,2
103599,4.60479,49.74866,2
103600,4.60498,49.74897,2
103601,4.60633,49.74894,2
103602,4.60647,49.74969,2
103603,4.6071,49.74993,2
103604,4.60686,49.74977,2
103605,4.60915,49.75058,2
103606,4.60854,49.74977,2
103607,4.609444,49.749514,2
103608,4.61012,49.75105,2
103609,4.60915,49.75058,2
103610,4.60915,49.75058,2
103611,4.60915,49.75058,2
103612,4.61034,49.75103,2
103613,4.60915,49.75058,2
103614,4.6142,49.75372,2
103615,4.60686,49.74977,2
103616,4.60907,49.7494,2
103617,4.61095,49.75004,2
103618,4.60928,49.74947,2
103619,4.60949,49.74954,2
103620,4.6097,49.74961,2
103621,4.60991,49.74968,2
103622,4.60993,49.74963,2
103623,4.61032,49.74983,2
103624,4.61053,49.7499,2
103625,4.61074,49.74997,2
103626,4.60999,49.74958,2
103627,4.60726,49.74825,2
103628,4.60897,49.7491,2
103629,4.61015,49.74853,2
103630,4.60989,49.74846,2
103631,4.60919,49.74902,2
103632,4.60919,49.74902,2
103633,4.60919,49.74902,2
103634,4.607819,49.749158,2
103635,4.60919,49.74902,2
103636,4.60897,49.7491,2
103637,4.61546,49.7519,2
103638,4.60919,49.74902,2
103639,4.61546,49.7519,2
103640,4.61546,49.7519,2
103641,4.61546,49.7519,2
103642,4.61546,49.7519,2
103643,4.61546,49.7519,2
103644,4.61546,49.7519,2
103645,4.60897,49.7491,2
103646,4.60919,49.74902,2
103647,4.614655,49.751644,2
103648,4.625593,49.758714,2
103649,4.60915,49.75058,2
103650,4.60919,49.74902,2
103651,4.60915,49.75058,2
103652,4.60919,49.74902,2
103653,4.60915,49.75058,2
103654,4.60919,49.74902,2
103655,4.60915,49.75058,2
103656,4.60919,49.74902,2
103657,4.60919,49.74902,2
103658,4.630542,49.760831,2
103659,4.60686,49.74977,2
103660,4.60357,49.74355,2
103661,4.6038,49.74373,2
103662,4.60897,49.7491,2
103663,4.60984,49.74852,2
103664,4.60919,49.74902,2
103665,4.60915,49.75058,2
103666,4.60919,49.74902,2
103667,4.60335,49.74338,2
103668,4.60335,49.74338,2
103669,4.36432,49.50467,2
103670,4.36432,49.50467,2
103671,4.36432,49.50467,2
103672,4.36432,49.50467,2
103673,4.36432,49.50467,2
103674,4.36432,49.50467,2
103675,4.36432,49.50467,2
103676,4.36432,49.50467,2
103677,4.36432,49.50467,2
103678,4.36432,49.50467,2
103679,4.36432,49.50467,2
103680,4.36432,49.50467,2
103681,4.36403,49.50514,2
103682,4.36432,49.50467,2
103683,4.36432,49.50467,2
103684,4.36432,49.50467,2
103685,4.36432,49.50467,2
103686,4.36432,49.50467,2
103687,4.36432,49.50467,2
103688,4.36391,49.50583,2
103689,4.36432,49.50467,2
103690,4.36441,49.50643,2
103691,4.36432,49.50467,2
103692,4.36383,49.50688,2
103693,4.36432,49.50467,2
103694,4.36381,49.50685,2
103695,4.36432,49.50467,2
103696,4.36432,49.50467,2
103697,4.36367,49.5067,2
103698,4.36432,49.50467,2
103699,4.36432,49.50467,2
103700,4.36312,49.50619,2
103701,4.36432,49.50467,2
103702,4.36361,49.50664,2
103703,4.36432,49.50467,2
103704,4.36356,49.50658,2
103705,4.36432,49.50467,2
103706,4.36351,49.50652,2
103707,4.36432,49.50467,2
103708,4.36432,49.50467,2
103709,4.36341,49.5064,2
103710,4.36432,49.50467,2
103711,4.36335,49.50634,2
103712,4.36432,49.50467,2
103713,4.3633,49.50628,2
103714,4.36432,49.50467,2
103715,4.3633,49.50628,2
103716,4.36432,49.50467,2
103717,4.3632,49.50616,2
103718,4.36432,49.50467,2
103719,4.3632,49.50616,2
103720,4.36432,49.50467,2
103721,4.3631,49.50605,2
103722,4.36432,49.50467,2
103723,4.363,49.50593,2
103724,4.36432,49.50467,2
103725,4.363,49.50593,2
103726,4.36432,49.50467,2
103727,4.36295,49.50587,2
103728,4.36432,49.50467,2
103729,4.36432,49.50467,2
103730,4.36285,49.50575,2
103731,4.36432,49.50467,2
103732,4.36279,49.50569,2
103733,4.36432,49.50467,2
103734,4.36296,49.50566,2
103735,4.36432,49.50467,2
103736,4.36296,49.50566,2
103737,4.36432,49.50467,2
103738,4.36296,49.50566,2
103739,4.36432,49.50467,2
103740,4.36296,49.50566,2
103741,4.36432,49.50467,2
103742,4.36296,49.50566,2
103743,4.36432,49.50467,2
103744,4.36296,49.50566,2
103745,4.36432,49.50467,2
103746,4.36425,49.5047,2
103747,4.36432,49.50467,2
103748,4.363358,49.505262,2
103749,4.36432,49.50467,2
103750,4.36432,49.50467,2
103751,4.36275,49.50563,2
103752,4.36432,49.50467,2
103753,4.36432,49.50467,2
103754,4.3627,49.50558,2
103755,4.36432,49.50467,2
103756,4.36432,49.50467,2
103757,4.36266,49.50553,2
103758,4.36432,49.50467,2
103759,4.36432,49.50467,2
103760,4.36432,49.50467,2
103761,4.3624,49.50523,2
103762,4.36432,49.50467,2
103763,4.3624,49.50523,2
103764,4.36388,49.50689,2
103765,4.36312,49.50619,2
103766,4.364439,49.506439,2
103767,4.364439,49.506439,2
103768,4.36297,49.50424,2
103769,4.364439,49.506439,2
103770,4.3642,49.50352,2
103771,4.36451,49.5062,2
103772,4.36461,49.5061,2
103773,4.36095,49.50355,2
103774,4.36472,49.506,2
103775,4.36165,49.50296,2
103776,4.36483,49.50589,2
103777,4.36165,49.50296,2
103778,4.36483,49.50589,2
103779,4.36116,49.50406,2
103780,4.36494,49.50579,2
103781,4.36374,49.50678,2
103782,4.36144,49.50479,2
103783,4.36312,49.50619,2
103784,4.36455,49.50596,2
103785,4.36312,49.50619,2
103786,4.36505,49.50569,2
103787,4.36312,49.50619,2
103788,4.36487,49.50565,2
103789,4.36242,49.50561,2
103790,4.36471,49.5058,2
103791,4.36265,49.50576,2
103792,4.36438,49.50611,2
103793,4.36257,49.50567,2
103794,4.364049,49.505987,2
103795,4.36426,49.50598,2
103796,4.364049,49.505987,2
103797,4.36101,49.50562,2
103798,4.363673,49.505562,2
103799,4.364,49.5057,2
103800,4.363673,49.505562,2
103801,4.363651,49.505338,2
103802,4.36101,49.50562,2
103803,4.36436,49.50515,2
103804,4.36585,49.50515,2
103805,4.36436,49.50515,2
103806,4.36543,49.5047,2
103807,4.36575,49.50449,2
103808,4.36584,49.50442,2
103809,4.36605,49.50457,2
103810,4.36501,49.50481,2
103811,4.36435,49.50502,2
103812,4.36403,49.50514,2
103813,4.36371,49.50527,2
103814,4.36361,49.50529,2
103815,4.363687,49.505562,2
103816,4.363687,49.505562,2
103817,4.363687,49.505562,2
103818,4.36382,49.50574,2
103819,4.364,49.50592,2
103820,4.36408,49.50602,2
103821,4.36417,49.50611,2
103822,4.364049,49.505987,2
103823,4.364049,49.505987,2
103824,4.36441,49.50643,2
103825,4.364439,49.506439,2
103826,4.36383,49.50688,2
103827,4.36383,49.50688,2
103828,4.36383,49.50688,2
103829,4.36374,49.50678,2
103830,4.36374,49.50678,2
103831,4.36374,49.50678,2
103832,4.36374,49.50678,2
103833,4.36361,49.50664,2
103834,4.36361,49.50664,2
103835,4.36361,49.50664,2
103836,4.36361,49.50664,2
103837,4.36361,49.50664,2
103838,4.36361,49.50664,2
103839,4.36351,49.50652,2
103840,4.36346,49.50646,2
103841,4.36346,49.50646,2
103842,4.36346,49.50646,2
103843,4.36351,49.50326,2
103844,4.36101,49.50562,2
103845,4.3633,49.50628,2
103846,4.36351,49.50326,2
103847,4.3633,49.50628,2
103848,4.36432,49.50467,2
103849,4.36351,49.50326,2
103850,4.3632,49.50616,2
103851,4.3632,49.50616,2
103852,4.36315,49.5061,2
103853,4.36315,49.5061,2
103854,4.36315,49.5061,2
103855,4.36112,49.50376,2
103856,4.3631,49.50605,2
103857,4.3631,49.50605,2
103858,4.36295,49.50587,2
103859,4.3629,49.50581,2
103860,4.36295,49.50587,2
103861,4.36285,49.50575,2
103862,4.36296,49.50566,2
103863,4.36296,49.50566,2
103864,4.36296,49.50566,2
103865,4.36296,49.50566,2
103866,4.36296,49.50566,2
103867,4.36296,49.50566,2
103868,4.36296,49.50566,2
103869,4.36296,49.50566,2
103870,4.36296,49.50566,2
103871,4.36296,49.50566,2
103872,4.36296,49.50566,2
103873,4.36296,49.50566,2
103874,4.36296,49.50566,2
103875,4.36296,49.50566,2
103876,4.36296,49.50566,2
103877,4.36296,49.50566,2
103878,4.36296,49.50566,2
103879,4.36296,49.50566,2
103880,4.36296,49.50566,2
103881,4.36296,49.50566,2
103882,4.36296,49.50566,2
103883,4.36296,49.50566,2
103884,4.36296,49.50566,2
103885,4.36296,49.50566,2
103886,4.36425,49.5047,2
103887,4.36296,49.50566,2
103888,4.36425,49.5047,2
103889,4.36296,49.50566,2
103890,4.36296,49.50566,2
103891,4.36296,49.50566,2
103892,4.36296,49.50566,2
103893,4.36296,49.50566,2
103894,4.36296,49.50566,2
103895,4.36296,49.50566,2
103896,4.36351,49.50326,2
103897,4.36296,49.50566,2
103898,4.36296,49.50566,2
103899,4.36351,49.50326,2
103900,4.36296,49.50566,2
103901,4.36351,49.50326,2
103902,4.36425,49.5047,2
103903,4.36296,49.50566,2
103904,4.36351,49.50326,2
103905,4.36425,49.5047,2
103906,4.36351,49.50326,2
103907,4.36296,49.50566,2
103908,4.36351,49.50326,2
103909,4.363358,49.505262,2
103910,4.36425,49.5047,2
103911,4.363358,49.505262,2
103912,4.363358,49.505262,2
103913,4.363358,49.505262,2
103914,4.36118,49.50384,2
103915,4.363358,49.505262,2
103916,4.363358,49.505262,2
103917,4.3631,49.50548,2
103918,4.3627,49.50558,2
103919,4.3627,49.50558,2
103920,4.36262,49.50549,2
103921,4.36262,49.50549,2
103922,4.36253,49.50538,2
103923,4.36253,49.50538,2
103924,4.3624,49.50523,2
103925,4.3624,49.50523,2
103926,4.3637,49.50387,2
103927,4.3637,49.50387,2
103928,4.3637,49.50387,2
103929,4.3637,49.50387,2
103930,4.36511,49.50289,2
103931,4.36511,49.50289,2
103932,4.36511,49.50289,2
103933,4.36176,49.50412,2
103934,4.36302,49.50351,2
103935,4.36351,49.50326,2
103936,4.36152,49.50424,2
103937,4.36146,49.50416,2
103938,4.36146,49.50416,2
103939,4.36139,49.50408,2
103940,4.36132,49.504,2
103941,4.36132,49.504,2
103942,4.36125,49.50392,2
103943,4.362216,49.503961,2
103944,4.36118,49.50384,2
103945,4.36118,49.50384,2
103946,4.36112,49.50376,2
103947,4.36104,49.50367,2
103948,4.35988,49.50532,2
103949,4.36095,49.50355,2
103950,4.36112,49.50376,2
103951,4.36125,49.50332,2
103952,4.36172,49.503,2
103953,4.36195,49.50284,2
103954,4.36219,49.50268,2
103955,4.36242,49.50252,2
103956,4.36165,49.50296,2
103957,4.36165,49.50296,2
103958,4.36165,49.50296,2
103959,4.36056,49.50334,2
103960,4.36069,49.50348,2
103961,4.36131,49.50431,2
103962,4.36312,49.50619,2
103963,4.36131,49.50431,2
103964,4.36018,49.50476,2
103965,4.35919,49.50505,2
103966,4.35988,49.50532,2
103967,4.35988,49.50532,2
103968,4.35988,49.50532,2
103969,4.35988,49.50532,2
103970,4.351043,49.507508,2
103971,4.35988,49.50532,2
103972,4.35988,49.50532,2
103973,4.35988,49.50532,2
103974,4.35813,49.50603,2
103975,4.35835,49.50595,2
103976,4.357286,49.506272,2
103977,4.35638,49.50656,2
103978,4.35674,49.50645,2
103979,4.35711,49.50634,2
103980,4.35747,49.50624,2
103981,4.35783,49.50613,2
103982,4.36012,49.50529,2
103983,4.36034,49.5052,2
103984,4.36078,49.50504,2
103985,4.35547,49.51035,2
103986,4.361,49.50496,2
103987,4.36144,49.50479,2
103988,4.36144,49.50479,2
103989,4.36144,49.50479,2
103990,4.36144,49.50479,2
103991,4.36144,49.50479,2
103992,4.36144,49.50479,2
103993,4.3623,49.50515,2
103994,4.3623,49.50515,2
103995,4.3623,49.50515,2
103996,4.3623,49.50515,2
103997,4.36312,49.50619,2
103998,4.36312,49.50619,2
103999,4.36312,49.50619,2
104000,4.36312,49.50619,2
104001,4.36222,49.50556,2
104002,4.36238,49.50548,2
104003,4.36238,49.50548,2
104004,4.36238,49.50548,2
104005,4.35988,49.50532,2
104006,4.36238,49.50548,2
104007,4.36206,49.50564,2
104008,4.36191,49.50572,2
104009,4.36179,49.50583,2
104010,4.36168,49.50594,2
104011,4.36089,49.50643,2
104012,4.36055,49.50657,2
104013,4.35933,49.50667,2
104014,4.35975,49.5064,2
104015,4.36017,49.50614,2
104016,4.36184,49.50603,2
104017,4.36188,49.50595,2
104018,4.36242,49.50561,2
104019,4.36242,49.50561,2
104020,4.36257,49.50567,2
104021,4.36257,49.50567,2
104022,4.36257,49.50567,2
104023,4.36257,49.50567,2
104024,4.36257,49.50567,2
104025,4.36265,49.50576,2
104026,4.36265,49.50576,2
104027,4.36265,49.50576,2
104028,4.36265,49.50576,2
104029,4.36265,49.50576,2
104030,4.36265,49.50576,2
104031,4.36265,49.50576,2
104032,4.36312,49.50619,2
104033,4.36151,49.50611,2
104034,4.36123,49.50628,2
104035,4.36151,49.50611,2
104036,4.36151,49.50611,2
104037,4.36151,49.50611,2
104038,4.36151,49.50611,2
104039,4.36151,49.50611,2
104040,4.358455,49.505848,2
104041,4.36151,49.50611,2
104042,4.36151,49.50611,2
104043,4.36151,49.50611,2
104044,4.36151,49.50611,2
104045,4.36151,49.50611,2
104046,4.36151,49.50611,2
104047,4.36151,49.50611,2
104048,4.36151,49.50611,2
104049,4.36151,49.50611,2
104050,4.36151,49.50611,2
104051,4.36151,49.50611,2
104052,4.36151,49.50611,2
104053,4.36101,49.50562,2
104054,4.36101,49.50562,2
104055,4.36101,49.50562,2
104056,4.36101,49.50562,2
104057,4.36101,49.50562,2
104058,4.36101,49.50562,2
104059,4.36101,49.50562,2
104060,4.36101,49.50562,2
104061,4.36101,49.50562,2
104062,4.36101,49.50562,2
104063,4.36101,49.50562,2
104064,4.36101,49.50562,2
104065,4.36101,49.50562,2
104066,4.36101,49.50562,2
104067,4.36101,49.50562,2
104068,4.361,49.50496,2
104069,4.36101,49.50562,2
104070,4.36101,49.50562,2
104071,4.36101,49.50562,2
104072,4.36101,49.50562,2
104073,4.3592,49.50836,2
104074,4.36101,49.50562,2
104075,4.3637,49.50387,2
104076,4.36101,49.50562,2
104077,4.35988,49.50532,2
104078,4.36329,49.50221,2
104079,4.94384,49.69527,2
104080,4.94099,49.69505,2
104081,4.9427,49.69359,2
104082,4.94384,49.69527,2
104083,4.94099,49.69505,2
104084,4.9427,49.69359,2
104085,4.94384,49.69527,2
104086,4.94099,49.69505,2
104087,4.9427,49.69359,2
104088,4.94099,49.69505,2
104089,4.94384,49.69527,2
104090,4.9427,49.69359,2
104091,4.94099,49.69505,2
104092,4.94384,49.69527,2
104093,4.9427,49.69359,2
104094,4.94099,49.69505,2
104095,4.94384,49.69527,2
104096,4.9427,49.69359,2
104097,4.94099,49.69505,2
104098,4.94384,49.69527,2
104099,4.9427,49.69359,2
104100,4.94099,49.69505,2
104101,4.94384,49.69527,2
104102,4.9427,49.69359,2
104103,4.94099,49.69505,2
104104,4.94384,49.69527,2
104105,4.9427,49.69359,2
104106,4.94099,49.69505,2
104107,4.94384,49.69527,2
104108,4.9427,49.69359,2
104109,4.94099,49.69505,2
104110,4.94384,49.69527,2
104111,4.9427,49.69359,2
104112,4.94099,49.69505,2
104113,4.94384,49.69527,2
104114,4.9427,49.69359,2
104115,4.94099,49.69505,2
104116,4.94384,49.69527,2
104117,4.9427,49.69359,2
104118,4.94099,49.69505,2
104119,4.94384,49.69527,2
104120,4.9427,49.69359,2
104121,4.94099,49.69505,2
104122,4.94384,49.69527,2
104123,4.9427,49.69359,2
104124,4.94099,49.69505,2
104125,4.94384,49.69527,2
104126,4.94099,49.69505,2
104127,4.9427,49.69359,2
104128,4.94384,49.69527,2
104129,4.94099,49.69505,2
104130,4.94384,49.69527,2
104131,4.9427,49.69359,2
104132,4.94099,49.69505,2
104133,4.94384,49.69527,2
104134,4.9427,49.69359,2
104135,4.94099,49.69505,2
104136,4.94384,49.69527,2
104137,4.9427,49.69359,2
104138,4.94099,49.69505,2
104139,4.94099,49.69505,2
104140,4.94384,49.69527,2
104141,4.9427,49.69359,2
104142,4.94099,49.69505,2
104143,4.94384,49.69527,2
104144,4.9427,49.69359,2
104145,4.94099,49.69505,2
104146,4.94384,49.69527,2
104147,4.9427,49.69359,2
104148,4.9427,49.69359,2
104149,4.94099,49.69505,2
104150,4.94384,49.69527,2
104151,4.9427,49.69359,2
104152,4.9427,49.69359,2
104153,4.94099,49.69505,2
104154,4.94375,49.69595,2
104155,4.9427,49.69359,2
104156,4.94099,49.69505,2
104157,4.94375,49.69595,2
104158,4.9427,49.69359,2
104159,4.94099,49.69505,2
104160,4.94375,49.69595,2
104161,4.9427,49.69359,2
104162,4.94099,49.69505,2
104163,4.94375,49.69595,2
104164,4.9427,49.69359,2
104165,4.94099,49.69505,2
104166,4.94375,49.69595,2
104167,4.9427,49.69359,2
104168,4.94099,49.69505,2
104169,4.94375,49.69595,2
104170,4.9427,49.69359,2
104171,4.94099,49.69505,2
104172,4.94375,49.69595,2
104173,4.94099,49.69505,2
104174,4.9427,49.69359,2
104175,4.94375,49.69595,2
104176,4.94099,49.69505,2
104177,4.9427,49.69359,2
104178,4.94375,49.69595,2
104179,4.94099,49.69505,2
104180,4.9427,49.69359,2
104181,4.94099,49.69505,2
104182,4.94375,49.69595,2
104183,4.9427,49.69359,2
104184,4.94099,49.69505,2
104185,4.94375,49.69595,2
104186,4.9427,49.69359,2
104187,4.94099,49.69505,2
104188,4.94375,49.69595,2
104189,4.9427,49.69359,2
104190,4.94099,49.69505,2
104191,4.94375,49.69595,2
104192,4.9427,49.69359,2
104193,4.94099,49.69505,2
104194,4.94375,49.69595,2
104195,4.9427,49.69359,2
104196,4.9427,49.69359,2
104197,4.94099,49.69505,2
104198,4.94375,49.69595,2
104199,4.9427,49.69359,2
104200,4.94099,49.69505,2
104201,4.94375,49.69595,2
104202,4.9427,49.69359,2
104203,4.94099,49.69505,2
104204,4.94375,49.69595,2
104205,4.9427,49.69359,2
104206,4.94099,49.69505,2
104207,4.94375,49.69595,2
104208,4.9427,49.69359,2
104209,4.94099,49.69505,2
104210,4.9427,49.69359,2
104211,4.94375,49.69595,2
104212,4.94099,49.69505,2
104213,4.9427,49.69359,2
104214,4.94099,49.69505,2
104215,4.94375,49.69595,2
104216,4.9427,49.69359,2
104217,4.94099,49.69505,2
104218,4.94099,49.69505,2
104219,4.94375,49.69595,2
104220,4.9427,49.69359,2
104221,4.94099,49.69505,2
104222,4.94375,49.69595,2
104223,4.9427,49.69359,2
104224,4.94099,49.69505,2
104225,4.94375,49.69595,2
104226,4.9427,49.69359,2
104227,4.94099,49.69505,2
104228,4.94375,49.69595,2
104229,4.9427,49.69359,2
104230,4.94099,49.69505,2
104231,4.94375,49.69595,2
104232,4.9427,49.69359,2
104233,4.94099,49.69505,2
104234,4.94375,49.69595,2
104235,4.9427,49.69359,2
104236,4.94099,49.69505,2
104237,4.94375,49.69595,2
104238,4.9427,49.69359,2
104239,4.94099,49.69505,2
104240,4.94375,49.69595,2
104241,4.9427,49.69359,2
104242,4.94375,49.69595,2
104243,4.9427,49.69359,2
104244,4.94099,49.69505,2
104245,4.94375,49.69595,2
104246,4.9427,49.69359,2
104247,4.94099,49.69505,2
104248,4.9427,49.69359,2
104249,4.94375,49.69595,2
104250,4.94099,49.69505,2
104251,4.94375,49.69595,2
104252,4.9427,49.69359,2
104253,4.94099,49.69505,2
104254,4.94375,49.69595,2
104255,4.94254,49.69404,2
104256,4.94099,49.69505,2
104257,4.94375,49.69595,2
104258,4.94254,49.69404,2
104259,4.94099,49.69505,2
104260,4.94375,49.69595,2
104261,4.94254,49.69404,2
104262,4.94099,49.69505,2
104263,4.94099,49.69505,2
104264,4.94375,49.69595,2
104265,4.94254,49.69404,2
104266,4.94099,49.69505,2
104267,4.94384,49.69527,2
104268,4.94338,49.69549,2
104269,4.94384,49.69527,2
104270,4.94375,49.69595,2
104271,4.94254,49.69404,2
104272,4.94254,49.69404,2
104273,4.94338,49.69549,2
104274,4.94384,49.69527,2
104275,4.94375,49.69595,2
104276,4.94384,49.69527,2
104277,4.94375,49.69595,2
104278,4.94254,49.69404,2
104279,4.94338,49.69549,2
104280,4.94384,49.69527,2
104281,4.94384,49.69527,2
104282,4.94375,49.69595,2
104283,4.94254,49.69404,2
104284,4.94338,49.69549,2
104285,4.94384,49.69527,2
104286,4.94375,49.69595,2
104287,4.94375,49.69595,2
104288,4.94254,49.69404,2
104289,4.94338,49.69549,2
104290,4.94375,49.69595,2
104291,4.94375,49.69595,2
104292,4.94254,49.69404,2
104293,4.94338,49.69549,2
104294,4.94375,49.69595,2
104295,4.94254,49.69404,2
104296,4.94338,49.69549,2
104297,4.94375,49.69595,2
104298,4.94254,49.69404,2
104299,4.94338,49.69549,2
104300,4.94375,49.69595,2
104301,4.94254,49.69404,2
104302,4.94338,49.69549,2
104303,4.94375,49.69595,2
104304,4.94254,49.69404,2
104305,4.94338,49.69549,2
104306,4.94375,49.69595,2
104307,4.94254,49.69404,2
104308,4.94338,49.69549,2
104309,4.94375,49.69595,2
104310,4.94254,49.69404,2
104311,4.94338,49.69549,2
104312,4.94375,49.69595,2
104313,0,0,2
104314,4.94338,49.69549,2
104315,4.94375,49.69595,2
104316,4.94254,49.69404,2
104317,4.94338,49.69549,2
104318,4.94375,49.69595,2
104319,4.94254,49.69404,2
104320,4.94254,49.69404,2
104321,4.94338,49.69549,2
104322,4.94375,49.69595,2
104323,4.94254,49.69404,2
104324,4.94338,49.69549,2
104325,4.94375,49.69595,2
104326,4.94254,49.69404,2
104327,4.94375,49.69595,2
104328,4.94242,49.69532,2
104329,4.94254,49.69404,2
104330,4.94375,49.69595,2
104331,4.94242,49.69532,2
104332,4.94254,49.69404,2
104333,4.94242,49.69532,2
104334,4.94375,49.69595,2
104335,4.94254,49.69404,2
104336,4.94242,49.69532,2
104337,4.94375,49.69595,2
104338,4.94375,49.69595,2
104339,4.94254,49.69404,2
104340,4.94242,49.69532,2
104341,4.94375,49.69595,2
104342,4.94254,49.69404,2
104343,4.94242,49.69532,2
104344,4.94242,49.69532,2
104345,4.94375,49.69595,2
104346,4.94254,49.69404,2
104347,4.94375,49.69595,2
104348,4.94242,49.69532,2
104349,4.94254,49.69404,2
104350,4.94242,49.69532,2
104351,4.94375,49.69595,2
104352,4.94375,49.69595,2
104353,4.94254,49.69404,2
104354,4.94242,49.69532,2
104355,4.94375,49.69595,2
104356,4.94254,49.69404,2
104357,4.94242,49.69532,2
104358,4.94375,49.69595,2
104359,4.94254,49.69404,2
104360,4.94242,49.69532,2
104361,4.94375,49.69595,2
104362,4.94254,49.69404,2
104363,4.94242,49.69532,2
104364,4.94375,49.69595,2
104365,4.94254,49.69404,2
104366,4.94242,49.69532,2
104367,4.94375,49.69595,2
104368,4.94254,49.69404,2
104369,4.94242,49.69532,2
104370,4.94375,49.69595,2
104371,4.94254,49.69404,2
104372,4.94242,49.69532,2
104373,4.94375,49.69595,2
104374,4.94254,49.69404,2
104375,4.94145,49.69514,2
104376,4.94375,49.69595,2
104377,4.94254,49.69404,2
104378,4.94145,49.69514,2
104379,4.94375,49.69595,2
104380,4.94254,49.69404,2
104381,4.94145,49.69514,2
104382,4.94254,49.69404,2
104383,4.94375,49.69595,2
104384,4.94145,49.69514,2
104385,4.94388,49.69333,2
104386,4.94375,49.69595,2
104387,4.94145,49.69514,2
104388,4.94388,49.69333,2
104389,4.94145,49.69514,2
104390,4.94375,49.69595,2
104391,4.94145,49.69514,2
104392,4.94388,49.69333,2
104393,4.94375,49.69595,2
104394,4.94145,49.69514,2
104395,4.94388,49.69333,2
104396,4.94375,49.69595,2
104397,4.94145,49.69514,2
104398,4.94388,49.69333,2
104399,4.94375,49.69595,2
104400,4.94145,49.69514,2
104401,4.94375,49.69595,2
104402,4.94388,49.69333,2
104403,4.94388,49.69333,2
104404,4.94145,49.69514,2
104405,4.94375,49.69595,2
104406,4.94388,49.69333,2
104407,4.94145,49.69514,2
104408,4.94375,49.69595,2
104409,4.94388,49.69333,2
104410,4.94145,49.69514,2
104411,4.94375,49.69595,2
104412,4.94388,49.69333,2
104413,4.94145,49.69514,2
104414,4.94375,49.69595,2
104415,4.94388,49.69333,2
104416,4.94145,49.69514,2
104417,4.94375,49.69595,2
104418,4.94388,49.69333,2
104419,4.94388,49.69333,2
104420,4.94145,49.69514,2
104421,4.94375,49.69595,2
104422,4.94388,49.69333,2
104423,4.94118,49.69488,2
104424,4.94375,49.69595,2
104425,4.94388,49.69333,2
104426,4.94118,49.69488,2
104427,4.94375,49.69595,2
104428,4.94388,49.69333,2
104429,4.94118,49.69488,2
104430,4.94375,49.69595,2
104431,4.94388,49.69333,2
104432,4.94118,49.69488,2
104433,4.94375,49.69595,2
104434,4.94388,49.69333,2
104435,4.94118,49.69488,2
104436,4.94375,49.69595,2
104437,4.94349,49.69326,2
104438,4.94118,49.69488,2
104439,4.94375,49.69595,2
104440,4.94349,49.69326,2
104441,4.94118,49.69488,2
104442,4.94375,49.69595,2
104443,4.94349,49.69326,2
104444,4.94118,49.69488,2
104445,4.94375,49.69595,2
104446,4.94349,49.69326,2
104447,4.94118,49.69488,2
104448,4.94375,49.69595,2
104449,4.94349,49.69326,2
104450,4.94375,49.69595,2
104451,4.94349,49.69326,2
104452,4.94118,49.69488,2
104453,4.94375,49.69595,2
104454,4.94349,49.69326,2
104455,4.94118,49.69488,2
104456,4.94375,49.69595,2
104457,4.94349,49.69326,2
104458,4.94118,49.69488,2
104459,4.94375,49.69595,2
104460,4.94349,49.69326,2
104461,4.94118,49.69488,2
104462,4.94375,49.69595,2
104463,4.94349,49.69326,2
104464,4.94118,49.69488,2
104465,4.94375,49.69595,2
104466,4.94349,49.69326,2
104467,4.94118,49.69488,2
104468,4.94375,49.69595,2
104469,4.94349,49.69326,2
104470,4.94118,49.69488,2
104471,4.94375,49.69595,2
104472,4.9431,49.69319,2
104473,4.94118,49.69488,2
104474,4.94375,49.69595,2
104475,4.9431,49.69319,2
104476,4.94118,49.69488,2
104477,4.94375,49.69595,2
104478,4.9431,49.69319,2
104479,4.94118,49.69488,2
104480,4.94375,49.69595,2
104481,4.9431,49.69319,2
104482,4.94118,49.69488,2
104483,4.94375,49.69595,2
104484,4.9431,49.69319,2
104485,4.9431,49.69319,2
104486,4.94118,49.69488,2
104487,4.94375,49.69595,2
104488,4.94375,49.69595,2
104489,4.9431,49.69319,2
104490,4.94118,49.69488,2
104491,4.94375,49.69595,2
104492,4.9431,49.69319,2
104493,4.94118,49.69488,2
104494,4.9431,49.69319,2
104495,4.94375,49.69595,2
104496,4.94118,49.69488,2
104497,4.9431,49.69319,2
104498,4.94375,49.69595,2
104499,4.94118,49.69488,2
104500,4.9431,49.69319,2
104501,4.94375,49.69595,2
104502,4.94118,49.69488,2
104503,4.94375,49.69595,2
104504,4.9431,49.69319,2
104505,4.94375,49.69595,2
104506,4.94272,49.69313,2
104507,4.94118,49.69488,2
104508,4.94375,49.69595,2
104509,4.94272,49.69313,2
104510,4.94118,49.69488,2
104511,4.94118,49.69488,2
104512,4.94375,49.69595,2
104513,4.94272,49.69313,2
104514,4.94118,49.69488,2
104515,4.94375,49.69595,2
104516,4.94272,49.69313,2
104517,4.94375,49.69595,2
104518,4.94118,49.69488,2
104519,4.94272,49.69313,2
104520,4.94375,49.69595,2
104521,4.94118,49.69488,2
104522,4.94272,49.69313,2
104523,4.94375,49.69595,2
104524,4.94118,49.69488,2
104525,4.94272,49.69313,2
104526,4.94375,49.69595,2
104527,4.94118,49.69488,2
104528,4.94375,49.69595,2
104529,4.94272,49.69313,2
104530,4.94118,49.69488,2
104531,4.94375,49.69595,2
104532,4.94272,49.69313,2
104533,4.94118,49.69488,2
104534,4.94375,49.69595,2
104535,4.94272,49.69313,2
104536,4.94123,49.69465,2
104537,4.94375,49.69595,2
104538,4.94272,49.69313,2
104539,4.94375,49.69595,2
104540,4.94123,49.69465,2
104541,4.94375,49.69595,2
104542,4.94272,49.69313,2
104543,4.94123,49.69465,2
104544,4.94375,49.69595,2
104545,4.94272,49.69313,2
104546,4.94123,49.69465,2
104547,4.94375,49.69595,2
104548,4.94272,49.69313,2
104549,4.94123,49.69465,2
104550,4.94272,49.69313,2
104551,4.94123,49.69465,2
104552,4.94272,49.69313,2
104553,4.94123,49.69465,2
104554,4.94272,49.69313,2
104555,4.94123,49.69465,2
104556,4.94272,49.69313,2
104557,4.94099,49.69505,2
104558,4.94018,49.69476,2
104559,4.94099,49.69505,2
104560,4.94018,49.69476,2
104561,4.94099,49.69505,2
104562,4.94018,49.69476,2
104563,4.94099,49.69505,2
104564,4.94018,49.69476,2
104565,4.94099,49.69505,2
104566,4.94018,49.69476,2
104567,4.94099,49.69505,2
104568,4.94018,49.69476,2
104569,4.94099,49.69505,2
104570,4.94018,49.69476,2
104571,4.94099,49.69505,2
104572,4.94018,49.69476,2
104573,4.94099,49.69505,2
104574,4.94018,49.69476,2
104575,4.94099,49.69505,2
104576,4.94018,49.69476,2
104577,4.94099,49.69505,2
104578,4.94018,49.69476,2
104579,4.94099,49.69505,2
104580,4.94018,49.69476,2
104581,4.94099,49.69505,2
104582,4.94018,49.69476,2
104583,4.94099,49.69505,2
104584,4.94018,49.69476,2
104585,4.94018,49.69476,2
104586,4.94099,49.69505,2
104587,4.94018,49.69476,2
104588,4.94099,49.69505,2
104589,4.94018,49.69476,2
104590,4.94099,49.69505,2
104591,4.94018,49.69476,2
104592,4.94099,49.69505,2
104593,4.94018,49.69476,2
104594,4.94099,49.69505,2
104595,4.94018,49.69476,2
104596,4.94099,49.69505,2
104597,4.94018,49.69476,2
104598,4.94099,49.69505,2
104599,4.94018,49.69476,2
104600,4.94099,49.69505,2
104601,4.94018,49.69476,2
104602,4.94099,49.69505,2
104603,4.94099,49.69505,2
104604,4.94018,49.69476,2
104605,4.94018,49.69476,2
104606,4.94099,49.69505,2
104607,4.94018,49.69476,2
104608,4.94099,49.69505,2
104609,4.94018,49.69476,2
104610,4.94099,49.69505,2
104611,4.94018,49.69476,2
104612,4.94099,49.69505,2
104613,4.94018,49.69476,2
104614,4.94099,49.69505,2
104615,4.94018,49.69476,2
104616,4.94099,49.69505,2
104617,4.94018,49.69476,2
104618,4.94099,49.69505,2
104619,4.94018,49.69476,2
104620,4.94099,49.69505,2
104621,4.94018,49.69476,2
104622,4.94099,49.69505,2
104623,4.94018,49.69476,2
104624,4.94099,49.69505,2
104625,4.94018,49.69476,2
104626,4.94099,49.69505,2
104627,4.94018,49.69476,2
104628,4.94099,49.69505,2
104629,4.94018,49.69476,2
104630,4.94099,49.69505,2
104631,4.94018,49.69476,2
104632,4.94099,49.69505,2
104633,4.94018,49.69476,2
104634,4.94099,49.69505,2
104635,4.94018,49.69476,2
104636,4.94099,49.69505,2
104637,4.94018,49.69476,2
104638,4.94099,49.69505,2
104639,4.94018,49.69476,2
104640,4.94099,49.69505,2
104641,4.94018,49.69476,2
104642,4.94099,49.69505,2
104643,4.94018,49.69476,2
104644,4.94099,49.69505,2
104645,4.94018,49.69476,2
104646,4.94099,49.69505,2
104647,4.94018,49.69476,2
104648,4.94099,49.69505,2
104649,4.94018,49.69476,2
104650,4.94099,49.69505,2
104651,4.94018,49.69476,2
104652,4.94099,49.69505,2
104653,4.94018,49.69476,2
104654,4.94099,49.69505,2
104655,4.94018,49.69476,2
104656,4.94099,49.69505,2
104657,4.94018,49.69476,2
104658,4.94018,49.69476,2
104659,4.94099,49.69505,2
104660,4.94018,49.69476,2
104661,4.94099,49.69505,2
104662,4.94018,49.69476,2
104663,4.94099,49.69505,2
104664,4.94018,49.69476,2
104665,4.94099,49.69505,2
104666,4.94018,49.69476,2
104667,4.94099,49.69505,2
104668,4.94018,49.69476,2
104669,4.94098,49.69488,2
104670,4.94018,49.69476,2
104671,4.94098,49.69488,2
104672,4.94018,49.69476,2
104673,4.94098,49.69488,2
104674,4.94018,49.69476,2
104675,4.94098,49.69488,2
104676,4.94018,49.69476,2
104677,4.94098,49.69488,2
104678,4.94018,49.69476,2
104679,4.94098,49.69488,2
104680,4.94018,49.69476,2
104681,4.94618,49.69527,2
104682,4.94018,49.69476,2
104683,4.94098,49.69488,2
104684,4.94618,49.69527,2
104685,4.94618,49.69527,2
104686,4.94018,49.69476,2
104687,4.94098,49.69488,2
104688,4.94618,49.69527,2
104689,4.94018,49.69476,2
104690,4.94098,49.69488,2
104691,4.94338,49.69549,2
104692,4.94338,49.69549,2
104693,4.94018,49.69476,2
104694,4.94098,49.69488,2
104695,4.94242,49.69532,2
104696,4.94242,49.69532,2
104697,4.94018,49.69476,2
104698,4.94098,49.69488,2
104699,4.94242,49.69532,2
104700,4.94145,49.69514,2
104701,4.94018,49.69476,2
104702,4.94098,49.69488,2
104703,4.94145,49.69514,2
104704,4.94104,49.69462,2
104705,4.94098,49.69488,2
104706,4.94118,49.69488,2
104707,4.94118,49.69488,2
104708,4.94104,49.69462,2
104709,4.94098,49.69488,2
104710,4.94118,49.69488,2
104711,4.94104,49.69462,2
104712,4.94118,49.69488,2
104713,4.94098,49.69488,2
104714,4.94123,49.69465,2
104715,4.94104,49.69462,2
104716,4.94123,49.69465,2
104717,4.94098,49.69488,2
104718,4.94099,49.69505,2
104719,4.94104,49.69462,2
104720,4.94099,49.69505,2
104721,4.94098,49.69488,2
104722,4.94099,49.69505,2
104723,4.94104,49.69462,2
104724,4.94099,49.69505,2
104725,4.94098,49.69488,2
104726,4.94099,49.69505,2
104727,4.94104,49.69462,2
104728,4.94099,49.69505,2
104729,4.94098,49.69488,2
104730,4.94099,49.69505,2
104731,4.94104,49.69462,2
104732,4.94099,49.69505,2
104733,4.94098,49.69488,2
104734,4.94098,49.69488,2
104735,4.94104,49.69462,2
104736,4.94098,49.69488,2
104737,4.94098,49.69488,2
104738,4.94098,49.69488,2
104739,4.94104,49.69462,2
104740,4.94098,49.69488,2
104741,4.94098,49.69488,2
104742,4.94098,49.69488,2
104743,4.94104,49.69462,2
104744,4.94098,49.69488,2
104745,4.94396,49.69341,2
104746,4.94396,49.69341,2
104747,4.94104,49.69462,2
104748,4.94098,49.69488,2
104749,4.94385,49.69363,2
104750,4.94374,49.69386,2
104751,4.94104,49.69462,2
104752,4.94098,49.69488,2
104753,4.94364,49.69408,2
104754,4.94104,49.69462,2
104755,4.94098,49.69488,2
104756,4.94364,49.69408,2
104757,4.94104,49.69462,2
104758,4.94098,49.69488,2
104759,4.94384,49.69527,2
104760,4.94104,49.69462,2
104761,4.94098,49.69488,2
104762,4.94104,49.69462,2
104763,4.94098,49.69488,2
104764,4.94104,49.69462,2
104765,4.94098,49.69488,2
104766,4.94104,49.69462,2
104767,4.94098,49.69488,2
104768,4.9427,49.69359,2
104769,4.94104,49.69462,2
104770,4.94098,49.69488,2
104771,4.94104,49.69462,2
104772,4.94098,49.69488,2
104773,4.94618,49.69527,2
104774,4.94618,49.69527,2
104775,4.94254,49.69404,2
104776,4.94104,49.69462,2
104777,4.94098,49.69488,2
104778,4.94618,49.69527,2
104779,4.94104,49.69462,2
104780,4.94098,49.69488,2
104781,4.94618,49.69527,2
104782,4.94388,49.69333,2
104783,4.94098,49.69488,2
104784,4.94104,49.69462,2
104785,4.94618,49.69527,2
104786,4.94388,49.69333,2
104787,4.94098,49.69488,2
104788,4.94618,49.69527,2
104789,4.94388,49.69333,2
104790,4.94104,49.69462,2
104791,4.94104,49.69462,2
104792,4.94098,49.69488,2
104793,4.94618,49.69527,2
104794,4.94349,49.69326,2
104795,4.9431,49.69319,2
104796,4.94104,49.69462,2
104797,4.94098,49.69488,2
104798,4.94618,49.69527,2
104799,4.9431,49.69319,2
104800,4.94104,49.69462,2
104801,4.94098,49.69488,2
104802,4.94618,49.69527,2
104803,4.94272,49.69313,2
104804,4.94104,49.69462,2
104805,4.94618,49.69527,2
104806,4.94098,49.69488,2
104807,4.94618,49.69527,2
104808,4.94018,49.69476,2
104809,4.94104,49.69462,2
104810,4.94018,49.69476,2
104811,4.94098,49.69488,2
104812,4.94618,49.69527,2
104813,4.94018,49.69476,2
104814,4.94104,49.69462,2
104815,4.94104,49.69462,2
104816,4.94098,49.69488,2
104817,4.94618,49.69527,2
104818,4.94104,49.69462,2
104819,4.94104,49.69462,2
104820,4.94104,49.69462,2
104821,4.94098,49.69488,2
104822,4.94618,49.69527,2
104823,4.94384,49.69527,2
104824,4.94104,49.69462,2
104825,4.94384,49.69527,2
104826,4.94098,49.69488,2
104827,4.94618,49.69527,2
104828,4.94384,49.69527,2
104829,4.94104,49.69462,2
104830,4.94098,49.69488,2
104831,4.94618,49.69527,2
104832,4.94384,49.69527,2
104833,4.94104,49.69462,2
104834,4.94618,49.69527,2
104835,4.94384,49.69527,2
104836,4.94098,49.69488,2
104837,4.94384,49.69527,2
104838,4.94104,49.69462,2
104839,4.94618,49.69527,2
104840,4.94098,49.69488,2
104841,4.94104,49.69462,2
104842,4.94618,49.69527,2
104843,4.94098,49.69488,2
104844,4.94384,49.69527,2
104845,4.94104,49.69462,2
104846,4.94618,49.69527,2
104847,4.94384,49.69527,2
104848,4.94098,49.69488,2
104849,4.94384,49.69527,2
104850,4.94104,49.69462,2
104851,4.94618,49.69527,2
104852,4.94098,49.69488,2
104853,4.94618,49.69527,2
104854,4.94104,49.69462,2
104855,4.94618,49.69527,2
104856,4.94104,49.69462,2
104857,4.94098,49.69488,2
104858,4.94104,49.69462,2
104859,4.94618,49.69527,2
104860,4.94098,49.69488,2
104861,4.94618,49.69527,2
104862,4.94104,49.69462,2
104863,4.94098,49.69488,2
104864,4.94618,49.69527,2
104865,4.94104,49.69462,2
104866,4.94098,49.69488,2
104867,4.94618,49.69527,2
104868,4.94104,49.69462,2
104869,4.94098,49.69488,2
104870,4.94618,49.69527,2
104871,4.94104,49.69462,2
104872,4.94098,49.69488,2
104873,4.94618,49.69527,2
104874,4.94104,49.69462,2
104875,4.94618,49.69527,2
104876,4.94098,49.69488,2
104877,4.94384,49.69527,2
104878,4.94618,49.69527,2
104879,4.94396,49.69341,2
104880,4.94384,49.69527,2
104881,4.94396,49.69341,2
104882,4.94384,49.69527,2
104883,4.94618,49.69527,2
104884,4.94396,49.69341,2
104885,4.94384,49.69527,2
104886,4.94618,49.69527,2
104887,4.94396,49.69341,2
104888,4.94384,49.69527,2
104889,4.94396,49.69341,2
104890,4.94618,49.69527,2
104891,4.94384,49.69527,2
104892,4.94396,49.69341,2
104893,4.94618,49.69527,2
104894,4.94384,49.69527,2
104895,4.94396,49.69341,2
104896,4.94618,49.69527,2
104897,4.94384,49.69527,2
104898,4.94396,49.69341,2
104899,4.94618,49.69527,2
104900,4.94384,49.69527,2
104901,4.94396,49.69341,2
104902,4.94618,49.69527,2
104903,4.94384,49.69527,2
104904,4.94384,49.69527,2
104905,4.94396,49.69341,2
104906,4.94618,49.69527,2
104907,4.94384,49.69527,2
104908,4.94385,49.69363,2
104909,4.94618,49.69527,2
104910,4.94385,49.69363,2
104911,4.94384,49.69527,2
104912,4.94385,49.69363,2
104913,4.94618,49.69527,2
104914,4.94384,49.69527,2
104915,4.94385,49.69363,2
104916,4.94618,49.69527,2
104917,4.94384,49.69527,2
104918,4.94618,49.69527,2
104919,4.94385,49.69363,2
104920,4.94384,49.69527,2
104921,4.94618,49.69527,2
104922,4.94385,49.69363,2
104923,4.94384,49.69527,2
104924,4.94618,49.69527,2
104925,4.94385,49.69363,2
104926,4.94384,49.69527,2
104927,4.94618,49.69527,2
104928,4.94385,49.69363,2
104929,4.94384,49.69527,2
104930,4.94618,49.69527,2
104931,4.94385,49.69363,2
104932,4.94384,49.69527,2
104933,4.94618,49.69527,2
104934,4.94385,49.69363,2
104935,4.94384,49.69527,2
104936,4.94618,49.69527,2
104937,4.94385,49.69363,2
104938,4.94384,49.69527,2
104939,4.94618,49.69527,2
104940,4.94385,49.69363,2
104941,4.94618,49.69527,2
104942,4.94384,49.69527,2
104943,4.94385,49.69363,2
104944,4.94618,49.69527,2
104945,4.94384,49.69527,2
104946,4.94618,49.69527,2
104947,4.94385,49.69363,2
104948,4.94384,49.69527,2
104949,4.94618,49.69527,2
104950,4.94385,49.69363,2
104951,4.94384,49.69527,2
104952,4.94618,49.69527,2
104953,4.94374,49.69386,2
104954,4.94618,49.69527,2
104955,4.94384,49.69527,2
104956,4.94374,49.69386,2
104957,4.94618,49.69527,2
104958,4.94384,49.69527,2
104959,4.94618,49.69527,2
104960,4.94384,49.69527,2
104961,4.94374,49.69386,2
104962,4.94618,49.69527,2
104963,4.94384,49.69527,2
104964,4.94374,49.69386,2
104965,4.94618,49.69527,2
104966,4.94384,49.69527,2
104967,4.94374,49.69386,2
104968,4.94618,49.69527,2
104969,4.94384,49.69527,2
104970,4.94374,49.69386,2
104971,4.94618,49.69527,2
104972,4.94384,49.69527,2
104973,4.94374,49.69386,2
104974,4.94618,49.69527,2
104975,4.94384,49.69527,2
104976,4.94374,49.69386,2
104977,4.94374,49.69386,2
104978,4.94618,49.69527,2
104979,4.94384,49.69527,2
104980,4.94374,49.69386,2
104981,4.94618,49.69527,2
104982,4.94384,49.69527,2
104983,4.94374,49.69386,2
104984,4.94618,49.69527,2
104985,4.94384,49.69527,2
104986,4.94384,49.69527,2
104987,4.94374,49.69386,2
104988,4.94618,49.69527,2
104989,4.94384,49.69527,2
104990,4.94618,49.69527,2
104991,4.94374,49.69386,2
104992,4.94618,49.69527,2
104993,4.94384,49.69527,2
104994,4.94374,49.69386,2
104995,4.94618,49.69527,2
104996,4.94384,49.69527,2
104997,4.94374,49.69386,2
104998,4.94618,49.69527,2
104999,4.94384,49.69527,2
105000,4.94364,49.69408,2
105001,4.94618,49.69527,2
105002,4.94384,49.69527,2
105003,4.94364,49.69408,2
105004,4.94618,49.69527,2
105005,4.94384,49.69527,2
105006,4.94364,49.69408,2
105007,4.94618,49.69527,2
105008,4.94384,49.69527,2
105009,4.94364,49.69408,2
105010,4.94618,49.69527,2
105011,4.94384,49.69527,2
105012,4.94364,49.69408,2
105013,4.94618,49.69527,2
105014,4.94384,49.69527,2
105015,4.94364,49.69408,2
105016,4.94618,49.69527,2
105017,4.94384,49.69527,2
105018,4.94364,49.69408,2
105019,4.94618,49.69527,2
105020,4.94384,49.69527,2
105021,4.94364,49.69408,2
105022,4.94618,49.69527,2
105023,4.94384,49.69527,2
105024,4.94364,49.69408,2
105025,4.94618,49.69527,2
105026,4.94384,49.69527,2
105027,4.94364,49.69408,2
105028,4.94618,49.69527,2
105029,4.94384,49.69527,2
105030,4.94241,49.69323,2
105031,4.94618,49.69527,2
105032,4.94241,49.69323,2
105033,4.94384,49.69527,2
105034,4.94618,49.69527,2
105035,4.94241,49.69323,2
105036,4.94384,49.69527,2
105037,4.94618,49.69527,2
105038,4.94241,49.69323,2
105039,4.94384,49.69527,2
105040,4.94241,49.69323,2
105041,4.94618,49.69527,2
105042,4.94384,49.69527,2
105043,4.94241,49.69323,2
105044,4.94618,49.69527,2
105045,4.94384,49.69527,2
105046,4.94241,49.69323,2
105047,4.94618,49.69527,2
105048,4.94384,49.69527,2
105049,4.94241,49.69323,2
105050,4.94618,49.69527,2
105051,4.94384,49.69527,2
105052,4.94241,49.69323,2
105053,4.94618,49.69527,2
105054,4.94384,49.69527,2
105055,4.94241,49.69323,2
105056,4.94618,49.69527,2
105057,4.94618,49.69527,2
105058,4.94384,49.69527,2
105059,4.94241,49.69323,2
105060,4.94618,49.69527,2
105061,4.94384,49.69527,2
105062,4.94241,49.69323,2
105063,4.94618,49.69527,2
105064,4.94384,49.69527,2
105065,4.94241,49.69323,2
105066,4.94618,49.69527,2
105067,4.94384,49.69527,2
105068,4.94241,49.69323,2
105069,4.94618,49.69527,2
105070,4.94384,49.69527,2
105071,4.94241,49.69323,2
105072,4.94618,49.69527,2
105073,4.94241,49.69323,2
105074,4.94384,49.69527,2
105075,4.94618,49.69527,2
105076,4.94384,49.69527,2
105077,4.94241,49.69323,2
105078,4.94618,49.69527,2
105079,4.94384,49.69527,2
105080,4.94241,49.69323,2
105081,4.94384,49.69527,2
105082,4.94618,49.69527,2
105083,4.94241,49.69323,2
105084,4.94384,49.69527,2
105085,4.94618,49.69527,2
105086,4.94384,49.69527,2
105087,4.94241,49.69323,2
105088,4.94384,49.69527,2
105089,4.94618,49.69527,2
105090,4.94241,49.69323,2
105091,4.94384,49.69527,2
105092,4.94618,49.69527,2
105093,4.94241,49.69323,2
105094,4.94618,49.69527,2
105095,4.94384,49.69527,2
105096,4.94241,49.69323,2
105097,4.94618,49.69527,2
105098,4.94384,49.69527,2
105099,4.94618,49.69527,2
105100,4.94241,49.69323,2
105101,4.94384,49.69527,2
105102,4.94618,49.69527,2
105103,4.94241,49.69323,2
105104,4.94384,49.69527,2
105105,4.94618,49.69527,2
105106,4.94241,49.69323,2
105107,4.94384,49.69527,2
105108,4.94618,49.69527,2
105109,4.94241,49.69323,2
105110,4.94384,49.69527,2
105111,4.94618,49.69527,2
105112,4.94241,49.69323,2
105113,4.94384,49.69527,2
105114,4.94618,49.69527,2
105115,4.94241,49.69323,2
105116,4.94384,49.69527,2
105117,4.94618,49.69527,2
105118,4.94241,49.69323,2
105119,4.94384,49.69527,2
105120,4.94618,49.69527,2
105121,4.94241,49.69323,2
105122,4.94384,49.69527,2
105123,4.94241,49.69323,2
105124,4.94618,49.69527,2
105125,4.94384,49.69527,2
105126,4.94241,49.69323,2
105127,4.94618,49.69527,2
105128,4.94384,49.69527,2
105129,4.94241,49.69323,2
105130,4.94618,49.69527,2
105131,4.94384,49.69527,2
105132,4.94241,49.69323,2
105133,4.94618,49.69527,2
105134,4.94384,49.69527,2
105135,4.94241,49.69323,2
105136,4.94618,49.69527,2
105137,4.94384,49.69527,2
105138,4.94241,49.69323,2
105139,4.94618,49.69527,2
105140,4.94384,49.69527,2
105141,4.94241,49.69323,2
105142,4.94618,49.69527,2
105143,4.94384,49.69527,2
105144,4.94241,49.69323,2
105145,4.94618,49.69527,2
105146,4.94384,49.69527,2
105147,4.94241,49.69323,2
105148,4.94618,49.69527,2
105149,4.94384,49.69527,2
105150,4.94241,49.69323,2
105151,4.94618,49.69527,2
105152,4.94618,49.69527,2
105153,4.94384,49.69527,2
105154,4.94241,49.69323,2
105155,4.94241,49.69323,2
105156,4.94099,49.69505,2
105157,4.94384,49.69527,2
105158,4.94241,49.69323,2
105159,4.94099,49.69505,2
105160,4.94241,49.69323,2
105161,4.94384,49.69527,2
105162,4.94099,49.69505,2
105163,4.94241,49.69323,2
105164,4.94384,49.69527,2
105165,4.94099,49.69505,2
105166,4.9427,49.69359,2
105167,5.04073,49.23307,2
105168,5.04073,49.23307,2
105169,5.03368,49.2274,2
105170,5.03711,49.22625,2
105171,5.03426,49.22781,2
105172,5.03487,49.22784,2
105173,5.03495,49.2275,2
105174,5.03527,49.22715,2
105175,5.03316,49.22833,2
105176,5.03542,49.22677,2
105177,5.03547,49.22662,2
105178,5.03526,49.22669,2
105179,5.03561,49.22602,2
105180,5.04505,49.2242,2
105181,5.04505,49.2242,2
105182,5.04505,49.2242,2
105183,5.04505,49.2242,2
105184,5.03569,49.22666,2
105185,5.04505,49.2242,2
105186,5.03424,49.22793,2
105187,5.04505,49.2242,2
105188,5.03514,49.22804,2
105189,5.04505,49.2242,2
105190,5.03555,49.22813,2
105191,5.04505,49.2242,2
105192,5.03472,49.23256,2
105193,5.04505,49.2242,2
105194,5.034773,49.232471,2
105195,5.04505,49.2242,2
105196,5.03472,49.23256,2
105197,5.04505,49.2242,2
105198,5.04505,49.2242,2
105199,5.03597,49.22822,2
105200,5.04505,49.2242,2
105201,5.04179,49.2288,2
105202,5.04505,49.2242,2
105203,5.0403,49.22519,2
105204,5.04154,49.22831,2
105205,5.03051,49.22471,2
105206,5.03221,49.22525,2
105207,5.03392,49.22638,2
105208,5.03379,49.22783,2
105209,5.02996,49.22615,2
105210,5.02996,49.22615,2
105211,5.03363,49.22781,2
105212,5.04003,49.22859,2
105213,5.03424,49.22793,2
105214,5.03424,49.22793,2
105215,5.0403,49.22519,2
105216,5.04228,49.22635,2
105217,5.04228,49.22635,2
105218,5.0334,49.2292,2
105219,5.0334,49.2292,2
105220,5.04073,49.23307,2
105221,5.03688,49.22796,2
105222,5.03426,49.22781,2
105223,5.03426,49.22781,2
105224,5.03502,49.22768,2
105225,5.03491,49.22767,2
105226,5.03502,49.22768,2
105227,5.03502,49.22768,2
105228,5.03502,49.22731,2
105229,5.03502,49.22731,2
105230,5.03614,49.22641,2
105231,5.03512,49.22707,2
105232,5.03597,49.22567,2
105233,5.03527,49.22715,2
105234,5.03515,49.22698,2
105235,5.03534,49.22696,2
105236,5.03519,49.22688,2
105237,5.03522,49.22679,2
105238,5.03617,49.22528,2
105239,5.03614,49.22641,2
105240,5.0353,49.22659,2
105241,5.03526,49.22669,2
105242,5.03551,49.22653,2
105243,5.03539,49.22641,2
105244,5.03556,49.22645,2
105245,5.0356,49.22637,2
105246,5.03535,49.22649,2
105247,5.03548,49.22626,2
105248,5.03543,49.22633,2
105249,5.03577,49.22606,2
105250,5.03573,49.22614,2
105251,5.03564,49.2263,2
105252,5.03564,49.2263,2
105253,5.03569,49.22622,2
105254,5.03614,49.22641,2
105255,5.03552,49.22618,2
105256,5.03556,49.2261,2
105257,5.03561,49.22602,2
105258,5.03561,49.22602,2
105259,5.03561,49.22602,2
105260,5.03565,49.22594,2
105261,5.03584,49.2257,2
105262,5.03606,49.22601,2
105263,5.03573,49.22583,2
105264,5.03605,49.22543,2
105265,5.03741,49.22459,2
105266,5.04231,49.22661,2
105267,5.03573,49.22583,2
105268,5.03605,49.22569,2
105269,5.03595,49.22556,2
105270,5.03597,49.22567,2
105271,5.03617,49.22528,2
105272,5.03635,49.22531,2
105273,5.03659,49.22513,2
105274,5.03656,49.22498,2
105275,5.03683,49.22496,2
105276,5.03636,49.22512,2
105277,5.03707,49.22478,2
105278,5.03676,49.22483,2
105279,5.03697,49.22468,2
105280,5.04505,49.2242,2
105281,5.04505,49.2242,2
105282,5.0381,49.223937,2
105283,5.03969,49.22251,2
105284,5.03969,49.22251,2
105285,5.03969,49.22251,2
105286,5.03969,49.22251,2
105287,5.03969,49.22251,2
105288,5.04505,49.2242,2
105289,5.04505,49.2242,2
105290,5.04505,49.2242,2
105291,5.04505,49.2242,2
105292,5.03392,49.22638,2
105293,5.04505,49.2242,2
105294,5.04505,49.2242,2
105295,5.04505,49.2242,2
105296,5.038882,49.22551,2
105297,5.04028,49.2249,2
105298,5.037,49.22565,2
105299,5.03689,49.22598,2
105300,5.03755,49.22692,2
105301,5.03675,49.22652,2
105302,5.03655,49.22675,2
105303,5.03675,49.22652,2
105304,5.03697,49.22624,2
105305,5.03684,49.22654,2
105306,5.0369,49.22639,2
105307,5.03677,49.22668,2
105308,5.0367,49.22683,2
105309,5.03664,49.22697,2
105310,5.03643,49.22704,2
105311,5.03633,49.22738,2
105312,5.0366,49.2271,2
105313,5.03626,49.22757,2
105314,5.03502,49.22768,2
105315,5.03675,49.22652,2
105316,5.03666,49.22764,2
105317,5.03726,49.22767,2
105318,5.03666,49.22759,2
105319,5.03728,49.22755,2
105320,5.0358,49.22734,2
105321,5.03666,49.22759,2
105322,5.03637,49.22773,2
105323,5.0363,49.22792,2
105324,5.03502,49.22768,2
105325,5.03502,49.22768,2
105326,5.03502,49.22768,2
105327,5.03502,49.22768,2
105328,5.03502,49.22768,2
105329,5.03558,49.2274,2
105330,5.03625,49.22644,2
105331,5.03622,49.22811,2
105332,5.03625,49.22689,2
105333,5.035,49.22801,2
105334,5.03469,49.22797,2
105335,5.03469,49.22797,2
105336,5.03424,49.22793,2
105337,5.03514,49.22804,2
105338,5.03498,49.22803,2
105339,5.039,49.22612,2
105340,5.038982,49.226101,2
105341,5.039,49.22612,2
105342,5.0392,49.22621,2
105343,5.0406,49.22867,2
105344,5.038982,49.226092,2
105345,5.0392,49.22621,2
105346,5.0406,49.22867,2
105347,5.0392,49.22621,2
105348,5.0392,49.22621,2
105349,5.04075,49.22553,2
105350,5.0406,49.22867,2
105351,5.03947,49.22629,2
105352,5.0406,49.22867,2
105353,5.04075,49.22553,2
105354,5.0406,49.22867,2
105355,5.03902,49.22623,2
105356,5.0406,49.22867,2
105357,5.03967,49.22651,2
105358,5.04075,49.22553,2
105359,5.03816,49.22624,2
105360,5.03661,49.23409,2
105361,5.03899,49.22638,2
105362,5.04073,49.23307,2
105363,5.03889,49.22622,2
105364,5.0404,49.22599,2
105365,5.0404,49.22599,2
105366,5.04,49.22637,2
105367,5.04,49.22637,2
105368,5.04094,49.23305,2
105369,5.039,49.22612,2
105370,5.04217,49.22705,2
105371,5.039,49.22612,2
105372,5.039,49.22612,2
105373,5.0403,49.22626,2
105374,5.04073,49.23307,2
105375,5.039,49.22612,2
105376,5.039544,49.224776,2
105377,5.04073,49.23307,2
105378,5.039544,49.224776,2
105379,5.0406,49.22867,2
105380,5.039,49.22612,2
105381,5.039,49.22612,2
105382,5.0405,49.22654,2
105383,5.0405,49.22654,2
105384,5.0405,49.22654,2
105385,5.0405,49.22654,2
105386,5.04069,49.22647,2
105387,5.04069,49.22647,2
105388,5.04069,49.22647,2
105389,5.04069,49.22647,2
105390,5.0403,49.22626,2
105391,5.0403,49.22626,2
105392,5.0404,49.22599,2
105393,5.0403,49.22626,2
105394,5.039,49.22612,2
105395,5.0405,49.22572,2
105396,5.04062,49.22588,2
105397,5.04075,49.22553,2
105398,5.0405,49.2252,2
105399,5.04059,49.22545,2
105400,5.038951,49.225257,2
105401,5.039,49.22612,2
105402,5.04124,49.22556,2
105403,5.04213,49.2261,2
105404,5.04114,49.22565,2
105405,5.039,49.22612,2
105406,5.04228,49.22635,2
105407,5.04094,49.22538,2
105408,5.04177,49.22602,2
105409,5.03514,49.22852,2
105410,5.03502,49.22768,2
105411,5.03472,49.23256,2
105412,5.0355,49.22865,2
105413,5.03529,49.22845,2
105414,5.03472,49.23256,2
105415,5.0406,49.22867,2
105416,5.03499,49.22818,2
105417,5.03567,49.22875,2
105418,5.03718,49.22977,2
105419,5.03472,49.23256,2
105420,5.03718,49.22977,2
105421,5.03536,49.22871,2
105422,5.03426,49.22781,2
105423,5.03718,49.22977,2
105424,5.03472,49.23256,2
105425,5.03426,49.22781,2
105426,5.03472,49.23256,2
105427,5.03472,49.23256,2
105428,5.03472,49.23256,2
105429,5.03472,49.23256,2
105430,5.03645,49.22884,2
105431,5.03472,49.23256,2
105432,5.03472,49.22855,2
105433,5.03472,49.23256,2
105434,5.03472,49.23256,2
105435,5.03472,49.23256,2
105436,5.03502,49.22768,2
105437,5.03576,49.22817,2
105438,5.03502,49.22768,2
105439,5.0357,49.22881,2
105440,5.03722,49.22833,2
105441,5.0406,49.22867,2
105442,5.03873,49.22851,2
105443,5.03816,49.22857,2
105444,5.03692,49.22981,2
105445,5.03914,49.22854,2
105446,5.03882,49.22863,2
105447,5.04059,49.22874,2
105448,5.04202,49.22623,2
105449,5.04219,49.22732,2
105450,5.04143,49.22857,2
105451,5.04177,49.22778,2
105452,5.04201,49.22756,2
105453,5.038129,49.223451,2
105454,5.04237,49.2274,2
105455,5.0381,49.223937,2
105456,5.0417,49.22835,2
105457,5.04383,49.22891,2
105458,5.0418,49.2281,2
105459,5.0416,49.22861,2
105460,5.04192,49.22784,2
105461,5.0406,49.22867,2
105462,5.03358,49.22716,2
105463,5.04164,49.22804,2
105464,5.03342,49.22683,2
105465,5.04154,49.22831,2
105466,5.03321,49.22678,2
105467,5.03301,49.22673,2
105468,5.03267,49.22651,2
105469,5.03328,49.22667,2
105470,5.03241,49.22657,2
105471,5.03281,49.22668,2
105472,5.03261,49.22662,2
105473,5.03331,49.2268,2
105474,5.03291,49.2267,2
105475,5.03031,49.22343,2
105476,5.03368,49.2269,2
105477,5.03294,49.22663,2
105478,5.03361,49.22672,2
105479,5.03402,49.22629,2
105480,5.03355,49.22659,2
105481,5.03349,49.22646,2
105482,5.03334,49.2262,2
105483,5.04073,49.23307,2
105484,5.03325,49.22608,2
105485,5.03316,49.22596,2
105486,5.04505,49.2242,2
105487,5.04215,49.22677,2
105488,5.03472,49.23256,2
105489,5.04215,49.22677,2
105490,5.03191,49.22497,2
105491,5.04215,49.22677,2
105492,5.03501,49.22832,2
105493,5.04215,49.22677,2
105494,5.03259,49.22584,2
105495,5.03227,49.22603,2
105496,5.03195,49.22621,2
105497,5.03219,49.2265,2
105498,5.03251,49.2266,2
105499,5.03221,49.22598,2
105500,5.03179,49.22635,2
105501,5.04145,49.22584,2
105502,5.03145,49.22582,2
105503,5.03326,49.22637,2
105504,5.03221,49.22598,2
105505,5.03256,49.22552,2
105506,5.03127,49.22502,2
105507,5.03095,49.22528,2
105508,5.03104,49.22532,2
105509,5.03132,49.22419,2
105510,5.03115,49.22423,2
105511,5.03094,49.22391,2
105512,5.03369,49.22765,2
105513,5.03402,49.22629,2
105514,5.034208,49.225364,2
105515,5.03391,49.2275,2
105516,5.03402,49.22629,2
105517,5.02996,49.22615,2
105518,5.02996,49.22615,2
105519,5.03363,49.2274,2
105520,5.03393,49.22789,2
105521,5.03379,49.22783,2
105522,5.03329,49.22768,2
105523,5.02996,49.22615,2
105524,5.0341,49.2293,2
105525,5.03368,49.22841,2
105526,5.03368,49.22841,2
105527,5.02996,49.22615,2
105528,5.03303,49.22779,2
105529,5.03237,49.22756,2
105530,5.04233,49.22687,2
105531,5.03115,49.2269,2
105532,5.03288,49.22759,2
105533,5.03232,49.22741,2
105534,5.0299,49.22618,2
105535,5.03186,49.22714,2
105536,5.03138,49.22687,2
105537,5.0309,49.22661,2
105538,5.03034,49.22629,2
105539,5.02969,49.2259,2
105540,5.0289,49.22555,2
105541,5.03362,49.22839,2
105542,5.0227,49.22868,2
105543,5.03368,49.22841,2
105544,5.0334,49.2292,2
105545,5.03388,49.22825,2
105546,5.03385,49.22779,2
105547,5.03396,49.22791,2
105548,5.03392,49.22808,2
105549,5.03342,49.22683,2
105550,5.03645,49.22884,2
105551,5.03645,49.22884,2
105552,5.03645,49.22884,2
105553,5.03645,49.22884,2
105554,5.03645,49.22884,2
105555,5.03645,49.22884,2
105556,5.03645,49.22884,2
105557,5.03645,49.22884,2
105558,5.03645,49.22884,2
105559,5.03472,49.23256,2
105560,5.03645,49.22884,2
105561,5.03645,49.22884,2
105562,5.03645,49.22884,2
105563,5.03645,49.22884,2
105564,5.03645,49.22884,2
105565,5.03645,49.22884,2
105566,5.03093,49.22339,2
105567,5.03093,49.22339,2
105568,5.03026,49.22347,2
105569,5.03026,49.22347,2
105570,5.0311,49.22386,2
105571,5.03026,49.22347,2
105572,5.03614,49.22641,2
105573,5.0406,49.22867,2
105574,5.03969,49.22251,2
105575,4.55153,49.75511,2
105576,4.55906,49.75215,2
105577,4.55655,49.75218,2
105578,4.55707,49.75391,2
105579,4.55577,49.75427,2
105580,4.55577,49.75427,2
105581,4.55506,49.75401,2
105582,4.555489,49.754106,2
105583,4.53713,49.74049,2
105584,4.53713,49.74049,2
105585,4.53713,49.74049,2
105586,4.55577,49.75427,2
105587,4.54509,49.75735,2
105588,4.5588,49.75391,2
105589,4.53692,49.760445,2
105590,4.70033,50.00009,2
105591,4.70033,50.00009,2
105592,4.69921,50.00477,2
105593,4.704421,50.011667,2
105594,4.70667,50.0104,2
105595,4.70666,50.01066,2
105596,4.70565,50.01015,2
105597,4.70565,50.01015,2
105598,4.70565,50.01015,2
105599,4.70565,50.01015,2
105600,4.70565,50.01015,2
105601,4.70664,50.01051,2
105602,4.69957,50.00633,2
105603,4.70482,50.01057,2
105604,4.69687,50.009945,2
105605,4.70565,50.01015,2
105606,4.746479,49.77753,2
105607,4.73177,49.78757,2
105608,4.74847,49.77495,2
105609,4.75128,49.79335,2
105610,4.75128,49.79335,2
105611,4.74319,49.77411,2
105612,4.74293,49.77112,2
105613,4.7425,49.77428,2
105614,4.74319,49.77411,2
105615,4.74336,49.77215,2
105616,4.73696,49.7819,2
105617,4.73696,49.7819,2
105618,4.74107,49.78285,2
105619,4.74483,49.77679,2
105620,4.74384,49.77567,2
105621,4.7425,49.77428,2
105622,4.73177,49.78757,2
105623,4.75128,49.79335,2
105624,4.75128,49.79335,2
105625,4.74371,49.78003,2
105626,4.74219,49.78161,2
105627,4.74185,49.78067,2
105628,4.74185,49.78067,2
105629,4.74185,49.78067,2
105630,4.73324,49.78386,2
105631,4.7425,49.77428,2
105632,4.74319,49.77411,2
105633,4.75128,49.79335,2
105634,4.73696,49.79031,2
105635,4.73177,49.78757,2
105636,4.5979,49.74203,2
105637,4.59935,49.74119,2
105638,4.59674,49.74246,2
105639,4.59786,49.74315,2
105640,4.59769,49.74063,2
105641,4.59769,49.74063,2
105642,4.59769,49.74063,2
105643,4.59989,49.74193,2
105644,4.59935,49.74119,2
105645,4.59808,49.74206,2
105646,4.601469,49.741658,2
105647,4.600353,49.741517,2
105648,4.568297,49.733137,2
105649,4.60841,49.76534,2
105650,4.60915,49.76595,2
105651,4.60841,49.76534,2
105652,4.61083,49.76539,2
105653,4.60915,49.76595,2
105654,4.60915,49.76595,2
105655,4.611264,49.765739,2
105656,4.60919,49.74902,2
105657,4.608885,49.74912,2
105658,4.60763,49.7472,2
105659,4.60984,49.74852,2
105660,4.6121,49.74916,2
105661,4.609529,49.749566,2
105662,4.3623,49.50515,2
105663,4.36511,49.50289,2
105664,4.35988,49.50532,2
105665,4.36151,49.50611,2
105666,4.36101,49.50562,2
105667,4.36101,49.50562,2
105668,4.36101,49.50562,2
105669,4.35971,49.50681,2
105670,4.36131,49.50431,2
105671,4.36131,49.50431,2
105672,4.3642,49.50352,2
105673,4.36312,49.50619,2
105674,4.3642,49.50352,2
105675,4.36126,49.50403,2
105676,4.36126,49.50403,2
105677,4.36131,49.50431,2
105678,4.35988,49.50532,2
105679,4.3599,49.50537,2
105680,4.35971,49.50681,2
105681,4.35971,49.50681,2
105682,4.35971,49.50681,2
105683,4.35971,49.50681,2
105684,4.354979,49.503058,2
105685,4.94099,49.69505,2
105686,4.94099,49.69505,2
105687,4.94384,49.69527,2
105688,4.94018,49.69476,2
105689,4.94375,49.69595,2
105690,4.94375,49.69595,2
105691,4.94375,49.69595,2
105692,4.94375,49.69595,2
105693,4.94375,49.69595,2
105694,4.94375,49.69595,2
105695,4.94618,49.69527,2
105696,4.94099,49.69505,2
105697,4.94364,49.69408,2
105698,4.94384,49.69527,2
105699,4.94384,49.69527,2
105700,4.94332,49.69318,2
105701,4.94332,49.69318,2
105702,4.94332,49.69318,2
105703,4.94241,49.69323,2
105704,4.94241,49.69323,2
105705,4.94241,49.69323,2
105706,4.94817,49.69287,2
105707,4.94817,49.69287,2
105708,4.9427,49.69359,2
105709,4.9427,49.69359,2
105710,4.94254,49.69404,2
105711,4.94254,49.69404,2
105712,4.94254,49.69404,2
105713,4.94018,49.69476,2
105714,4.94388,49.69333,2
105715,4.94349,49.69326,2
105716,4.9431,49.69319,2
105717,4.94272,49.69313,2
105718,4.94018,49.69476,2
105719,4.94384,49.69527,2
105720,4.94384,49.69527,2
105721,4.94384,49.69527,2
105722,4.94618,49.69527,2
105723,4.94817,49.69287,2
105724,5.03491,49.22767,2
105725,5.0406,49.22867,2
105726,5.03678,49.22626,2
105727,5.03294,49.22663,2
105728,5.019333,49.21437,2
105729,5.03718,49.22977,2
105730,5.04215,49.22677,2
105731,5.03603,49.22605,2
105732,5.0406,49.22867,2
105733,5.04505,49.2242,2
105734,5.0265,49.22491,2
105735,5.0406,49.22867,2
105736,5.0406,49.22867,2
105737,5.0406,49.22867,2
105738,5.0406,49.22867,2
105739,5.03555,49.22813,2
105740,5.0406,49.22867,2
105741,5.03614,49.22641,2
105742,5.03614,49.22641,2
105743,5.03582,49.22599,2
105744,5.03597,49.22567,2
105745,5.04505,49.2242,2
105746,5.03667,49.22752,2
105747,5.03748,49.22691,2
105748,5.03502,49.22768,2
105749,5.03675,49.22652,2
105750,5.039,49.22612,2
105751,5.039,49.22612,2
105752,5.04124,49.22556,2
105753,5.03472,49.23256,2
105754,5.03472,49.22855,2
105755,5.0406,49.22867,2
105756,5.03472,49.22855,2
105757,5.03502,49.22768,2
105758,5.0406,49.22867,2
105759,5.0406,49.22867,2
105760,5.03343,49.22633,2
105761,5.03281,49.22668,2
105762,5.03199,49.22514,2
105763,5.03199,49.22514,2
105764,5.03358,49.22716,2
105765,5.03402,49.22629,2
105766,5.03199,49.22514,2
105767,5.02996,49.22615,2
105768,5.0342,49.22937,2
105769,5.03368,49.22841,2
105770,5.03026,49.22347,2
105771,5.03026,49.22347,2
105772,5.03199,49.22514,2
105773,5.031204,49.226978,2
