"ID","Longitude","Latitude","ServiceTime (min)"
146587,4.76648,49.85033,2
146588,4.76658,49.85028,2
146589,4.76669,49.85024,2
146590,4.76634,49.85025,2
146591,4.76645,49.8502,2
146592,4.76679,49.8502,2
146593,4.76679,49.8502,2
146594,4.76656,49.85015,2
146595,4.76667,49.85011,2
146596,4.76689,49.85015,2
146597,4.76679,49.85006,2
146598,4.76674,49.8499,2
146599,4.76674,49.8499,2
146600,4.76676,49.85007,2
146601,4.76588,49.84931,2
146602,4.76647,49.84988,2
146603,4.76632,49.84978,2
146604,4.76618,49.84968,2
146605,4.76603,49.84959,2
146606,4.76589,49.84949,2
146607,4.7656,49.84929,2
146608,4.76546,49.8492,2
146609,4.76531,49.8491,2
146610,4.76603,49.8495,2
146611,4.76603,49.8495,2
146612,4.76521,49.85057,2
146613,4.76503,49.85052,2
146614,4.76473,49.85071,2
146615,4.76442,49.8509,2
146616,4.76412,49.85109,2
146617,4.76259,49.85219,2
146618,4.76502,49.85069,2
146619,4.76483,49.85081,2
146620,4.76382,49.85128,2
146621,4.76464,49.85092,2
146622,4.76354,49.85146,2
146623,4.76327,49.85163,2
146624,4.76426,49.85116,2
146625,4.76369,49.85153,2
146626,4.76408,49.85128,2
146627,4.763,49.8518,2
146628,4.76326,49.8518,2
146629,4.76347,49.85166,2
146630,4.76347,49.85166,2
146631,4.76347,49.85166,2
146632,4.76203,49.85255,2
146633,4.76304,49.85193,2
146634,4.76317,49.85173,2
146635,4.76317,49.85173,2
146636,4.76304,49.85193,2
146637,4.76304,49.85193,2
146638,4.76259,49.85219,2
146639,4.76239,49.85215,2
146640,4.76317,49.85173,2
146641,4.76175,49.85269,2
146642,4.76175,49.85269,2
146643,4.76167,49.85296,2
146644,4.76518,49.85055,2
146645,4.76518,49.85055,2
146646,4.76521,49.85069,2
146647,4.76524,49.85083,2
146648,4.76524,49.85083,2
146649,4.76548,49.85106,2
146650,4.76518,49.85055,2
146651,4.76539,49.85072,2
146652,4.76547,49.85088,2
146653,4.76564,49.85101,2
146654,4.76583,49.8513,2
146655,4.7657,49.85117,2
146656,4.76763,49.85199,2
146657,4.76558,49.85132,2
146658,4.7659,49.85133,2
146659,4.76613,49.85127,2
146660,4.76646,49.85153,2
146661,4.76646,49.85153,2
146662,4.76635,49.85118,2
146663,4.76536,49.85055,2
146664,4.7669,49.85158,2
146665,4.76682,49.85163,2
146666,4.76669,49.85171,2
146667,4.76671,49.85174,2
146668,4.76705,49.85204,2
146669,4.76723,49.85219,2
146670,4.7674,49.85234,2
146671,4.7674,49.85234,2
146672,4.76605,49.85129,2
146673,4.76635,49.85165,2
146674,4.76628,49.85186,2
146675,4.76584,49.85208,2
146676,4.76573,49.85217,2
146677,4.76573,49.85217,2
146678,4.76581,49.85248,2
146679,4.76875,49.8522,2
146680,4.76875,49.8522,2
146681,4.76875,49.8522,2
146682,4.76875,49.8522,2
146683,4.76875,49.8522,2
146684,4.76875,49.8522,2
146685,4.76875,49.8522,2
146686,4.76875,49.8522,2
146687,4.76875,49.8522,2
146688,4.76875,49.8522,2
146689,4.7674,49.85234,2
146690,4.7674,49.85234,2
146691,4.76777,49.85243,2
146692,4.76875,49.8522,2
146693,4.7672,49.85153,2
146694,4.76779,49.85215,2
146695,4.76773,49.85209,2
146696,4.76753,49.85188,2
146697,4.76758,49.85194,2
146698,4.76747,49.85183,2
146699,4.76742,49.85178,2
146700,4.76737,49.85173,2
146701,4.76737,49.85173,2
146702,4.76191,49.85338,2
146703,4.76732,49.85167,2
146704,4.76598,49.85131,2
146705,4.76732,49.85167,2
146706,4.76732,49.85167,2
146707,4.76732,49.85167,2
146708,4.76705,49.85149,2
146709,4.76705,49.85149,2
146710,4.76705,49.85149,2
146711,4.76578,49.85137,2
146712,4.7662,49.85167,2
146713,4.7662,49.85167,2
146714,4.7662,49.85167,2
146715,4.7662,49.85167,2
146716,4.7662,49.85167,2
146717,4.7662,49.85167,2
146718,4.7662,49.85167,2
146719,4.7662,49.85167,2
146720,4.7662,49.85167,2
146721,4.7662,49.85167,2
146722,4.7662,49.85167,2
146723,4.7662,49.85167,2
146724,4.7662,49.85167,2
146725,4.7662,49.85167,2
146726,4.7662,49.85167,2
146727,4.7662,49.85167,2
146728,4.7662,49.85167,2
146729,4.7662,49.85167,2
146730,4.76259,49.85219,2
146731,4.7662,49.85167,2
146732,4.7662,49.85167,2
146733,4.7662,49.85167,2
146734,4.7662,49.85167,2
146735,4.7662,49.85167,2
146736,4.7662,49.85167,2
146737,4.7662,49.85167,2
146738,4.7662,49.85167,2
146739,4.7662,49.85167,2
146740,4.7662,49.85167,2
146741,4.7662,49.85167,2
146742,4.7662,49.85167,2
146743,4.76386,49.85251,2
146744,4.76386,49.85251,2
146745,4.76562,49.85059,2
146746,4.76386,49.85251,2
146747,4.76638,49.851,2
146748,4.76386,49.85251,2
146749,4.76575,49.84939,2
146750,4.76386,49.85251,2
146751,4.76347,49.85166,2
146752,4.76598,49.85131,2
146753,4.76386,49.85251,2
146754,4.76386,49.85251,2
146755,4.76386,49.85251,2
146756,4.76646,49.85153,2
146757,4.76386,49.85251,2
146758,4.76646,49.85153,2
146759,4.76386,49.85251,2
146760,4.76609,49.85156,2
146761,4.76386,49.85251,2
146762,4.76763,49.85199,2
146763,4.76386,49.85251,2
146764,4.76714,49.85156,2
146765,4.76386,49.85251,2
146766,4.76705,49.85149,2
146767,4.76386,49.85251,2
146768,4.76646,49.85153,2
146769,4.76386,49.85251,2
146770,4.7662,49.85167,2
146771,4.76386,49.85251,2
146772,4.76386,49.85251,2
146773,4.76386,49.85251,2
146774,4.76386,49.85251,2
146775,4.76386,49.85251,2
146776,4.76317,49.85173,2
146777,4.76875,49.8522,2
146778,4.76875,49.8522,2
146779,4.76259,49.85219,2
146780,4.76317,49.85173,2
146781,4.76646,49.85153,2
146782,4.76203,49.85255,2
146783,4.76614,49.85171,2
146784,4.7662,49.85167,2
146785,4.7662,49.85167,2
146786,4.7662,49.85167,2
146787,4.7662,49.85167,2
146788,4.76386,49.85251,2
146789,4.76386,49.85251,2
146790,4.76386,49.85251,2
146791,4.76562,49.85059,2
146792,4.76527,49.85055,2
146793,4.76541,49.85061,2
146794,4.76555,49.85066,2
146795,4.76569,49.85072,2
146796,4.7661,49.85089,2
146797,4.7661,49.85089,2
146798,4.76543,49.85048,2
146799,4.76571,49.85059,2
146800,4.76599,49.8507,2
146801,4.76624,49.85094,2
146802,4.76652,49.85105,2
146803,4.76627,49.85081,2
146804,4.7674,49.85234,2
146805,4.76627,49.85081,2
146806,4.76347,49.85166,2
146807,4.7674,49.85234,2
146808,4.76654,49.85093,2
146809,4.7674,49.85234,2
146810,4.76587,49.85058,2
146811,4.76578,49.85049,2
146812,4.7674,49.85234,2
146813,4.76597,49.85054,2
146814,4.76589,49.85044,2
146815,4.766,49.85039,2
146816,4.766,49.85039,2
146817,4.76875,49.8522,2
146818,4.76617,49.85045,2
146819,4.76607,49.8505,2
146820,4.76611,49.85034,2
146821,4.76628,49.85041,2
146822,4.76628,49.85041,2
146823,4.76622,49.8503,2
146824,4.76638,49.85037,2
146825,4.70977,49.77785,2
146826,4.70977,49.77785,2
146827,4.70977,49.77785,2
146828,4.70977,49.77785,2
146829,4.70977,49.77785,2
146830,4.70977,49.77785,2
146831,4.70977,49.77785,2
146832,4.70977,49.77785,2
146833,4.70977,49.77785,2
146834,4.71105,49.77824,2
146835,4.71105,49.77824,2
146836,4.71105,49.77824,2
146837,4.71105,49.77824,2
146838,4.71105,49.77824,2
146839,4.71105,49.77824,2
146840,4.71105,49.77824,2
146841,4.71105,49.77824,2
146842,4.71105,49.77824,2
146843,4.71105,49.77824,2
146844,4.71105,49.77824,2
146845,4.71105,49.77824,2
146846,4.71105,49.77824,2
146847,4.71105,49.77824,2
146848,4.71248,49.77735,2
146849,4.71105,49.77824,2
146850,4.71105,49.77824,2
146851,4.71105,49.77824,2
146852,4.71105,49.77824,2
146853,4.71105,49.77824,2
146854,4.71105,49.77824,2
146855,4.71105,49.77824,2
146856,4.71105,49.77824,2
146857,4.71105,49.77824,2
146858,4.71105,49.77824,2
146859,4.71105,49.77824,2
146860,4.71105,49.77824,2
146861,4.71105,49.77824,2
146862,4.71105,49.77824,2
146863,4.71105,49.77824,2
146864,4.71105,49.77824,2
146865,4.71105,49.77824,2
146866,4.71105,49.77824,2
146867,4.71105,49.77824,2
146868,4.71105,49.77824,2
146869,4.71105,49.77824,2
146870,4.71105,49.77824,2
146871,4.71105,49.77824,2
146872,4.71105,49.77824,2
146873,4.71105,49.77824,2
146874,4.71105,49.77824,2
146875,4.70494,49.78076,2
146876,4.70477,49.78072,2
146877,4.70465,49.78063,2
146878,4.70452,49.78053,2
146879,4.71248,49.77735,2
146880,4.70461,49.78121,2
146881,4.7044,49.78109,2
146882,4.7042,49.78097,2
146883,4.70399,49.78086,2
146884,4.7044,49.78044,2
146885,4.70429,49.7805,2
146886,4.70417,49.78057,2
146887,4.70406,49.78063,2
146888,4.70394,49.7807,2
146889,4.70383,49.78076,2
146890,4.70413,49.78109,2
146891,4.70399,49.78101,2
146892,4.70384,49.78092,2
146893,4.70372,49.78084,2
146894,4.70363,49.78078,2
146895,4.70354,49.78071,2
146896,4.70346,49.78064,2
146897,4.70337,49.78057,2
146898,4.70384,49.78076,2
146899,4.70372,49.78067,2
146900,4.7036,49.78057,2
146901,4.70348,49.78048,2
146902,4.7034,49.78038,2
146903,4.70332,49.78027,2
146904,4.70324,49.78016,2
146905,4.70316,49.78006,2
146906,4.70308,49.77995,2
146907,4.70305,49.77983,2
146908,4.70305,49.77971,2
146909,4.70305,49.7796,2
146910,4.70305,49.77948,2
146911,4.70305,49.77936,2
146912,4.70305,49.77924,2
146913,4.70305,49.77912,2
146914,4.70305,49.779,2
146915,4.70287,49.77899,2
146916,4.70287,49.77907,2
146917,4.70287,49.77916,2
146918,4.70287,49.77925,2
146919,4.70287,49.77934,2
146920,4.70287,49.77942,2
146921,4.70287,49.77951,2
146922,4.70287,49.7796,2
146923,4.70274,49.77901,2
146924,4.71146,49.77715,2
146925,4.71146,49.77715,2
146926,4.70229,49.77902,2
146927,4.70183,49.77904,2
146928,4.70138,49.77905,2
146929,4.70094,49.77911,2
146930,4.70076,49.77903,2
146931,4.701,49.77897,2
146932,4.7013,49.77894,2
146933,4.7016,49.77893,2
146934,4.7019,49.77892,2
146935,4.7022,49.77891,2
146936,4.70251,49.7789,2
146937,4.70281,49.77889,2
146938,4.70289,49.77881,2
146939,4.70291,49.77856,2
146940,4.70288,49.77849,2
146941,4.70263,49.77848,2
146942,4.70239,49.77848,2
146943,4.70214,49.77847,2
146944,4.7019,49.77847,2
146945,4.70173,49.77838,2
146946,4.70163,49.77823,2
146947,4.70154,49.77809,2
146948,4.70045,49.7783,2
146949,4.70045,49.7783,2
146950,4.70111,49.77816,2
146951,4.70193,49.77784,2
146952,4.70174,49.77801,2
146953,4.70199,49.77795,2
146954,4.70224,49.77789,2
146955,4.70249,49.77783,2
146956,4.70275,49.77777,2
146957,4.70172,49.77806,2
146958,4.70183,49.77823,2
146959,4.702,49.77835,2
146960,4.70229,49.77836,2
146961,4.70258,49.77837,2
146962,4.70287,49.77838,2
146963,4.70296,49.77814,2
146964,4.70297,49.77793,2
146965,4.70299,49.77773,2
146966,4.70312,49.77835,2
146967,4.70309,49.77857,2
146968,4.71334,49.77721,2
146969,4.70306,49.77882,2
146970,4.70306,49.77882,2
146971,4.70328,49.7789,2
146972,4.70349,49.77892,2
146973,4.70369,49.77893,2
146974,4.70316,49.77901,2
146975,4.70357,49.77904,2
146976,4.7037,49.77907,2
146977,4.7037,49.77922,2
146978,4.7037,49.77936,2
146979,4.7037,49.77951,2
146980,4.70372,49.77966,2
146981,4.70377,49.77979,2
146982,4.70382,49.77992,2
146983,4.70386,49.78004,2
146984,4.70397,49.78015,2
146985,4.70411,49.78025,2
146986,4.70425,49.78034,2
146987,4.70439,49.78044,2
146988,4.70455,49.78038,2
146989,4.70466,49.78036,2
146990,4.70477,49.78034,2
146991,4.70487,49.78032,2
146992,4.70483,49.78018,2
146993,4.70477,49.77981,2
146994,4.70473,49.77967,2
146995,4.70456,49.77966,2
146996,4.70439,49.77966,2
146997,4.70421,49.77965,2
146998,4.70404,49.77965,2
146999,4.70387,49.77964,2
147000,4.70392,49.77969,2
147001,4.704,49.77993,2
147002,4.70419,49.78014,2
147003,4.70446,49.78032,2
147004,4.70389,49.77953,2
147005,4.7041,49.77953,2
147006,4.70431,49.77954,2
147007,4.70452,49.77955,2
147008,4.70472,49.77955,2
147009,4.70494,49.77954,2
147010,4.7052,49.77951,2
147011,4.70546,49.77948,2
147012,4.70388,49.77951,2
147013,4.70388,49.77936,2
147014,4.70388,49.77922,2
147015,4.70388,49.77907,2
147016,4.70389,49.77906,2
147017,4.70411,49.77906,2
147018,4.70434,49.77907,2
147019,4.70456,49.77908,2
147020,4.70478,49.77908,2
147021,4.70499,49.77905,2
147022,4.70511,49.77889,2
147023,4.70489,49.77896,2
147024,4.70464,49.77896,2
147025,4.7044,49.77896,2
147026,4.70391,49.77894,2
147027,4.70416,49.77895,2
147028,4.71195,49.77711,2
147029,4.71195,49.77711,2
147030,4.71195,49.77711,2
147031,4.71195,49.77711,2
147032,4.71195,49.77711,2
147033,4.71195,49.77711,2
147034,4.71195,49.77711,2
147035,4.71195,49.77711,2
147036,4.71195,49.77711,2
147037,4.71195,49.77711,2
147038,4.71195,49.77711,2
147039,4.71195,49.77711,2
147040,4.71195,49.77711,2
147041,4.71195,49.77711,2
147042,4.71195,49.77711,2
147043,4.71175,49.77718,2
147044,4.71175,49.77718,2
147045,4.71175,49.77718,2
147046,4.71175,49.77718,2
147047,4.71175,49.77718,2
147048,4.71175,49.77718,2
147049,4.71175,49.77718,2
147050,4.71175,49.77718,2
147051,4.71175,49.77718,2
147052,4.71175,49.77718,2
147053,4.71175,49.77718,2
147054,4.71175,49.77718,2
147055,4.71175,49.77718,2
147056,4.71175,49.77718,2
147057,4.71175,49.77718,2
147058,4.71261,49.77763,2
147059,4.71261,49.77763,2
147060,4.71261,49.77763,2
147061,4.71261,49.77763,2
147062,4.71261,49.77763,2
147063,4.71261,49.77763,2
147064,4.71261,49.77763,2
147065,4.71261,49.77763,2
147066,4.71261,49.77763,2
147067,4.71267,49.77772,2
147068,4.71267,49.77772,2
147069,4.71267,49.77772,2
147070,4.71267,49.77772,2
147071,4.71267,49.77772,2
147072,4.71267,49.77772,2
147073,4.71267,49.77772,2
147074,4.71267,49.77772,2
147075,4.71267,49.77772,2
147076,4.71283,49.77767,2
147077,4.71277,49.77759,2
147078,4.71244,49.77696,2
147079,4.71257,49.77692,2
147080,4.71269,49.77689,2
147081,4.71282,49.77686,2
147082,4.71294,49.77682,2
147083,4.71307,49.77679,2
147084,4.71319,49.77675,2
147085,4.71305,49.77666,2
147086,4.71305,49.77666,2
147087,4.71256,49.7768,2
147088,4.71231,49.77687,2
147089,4.71208,49.77694,2
147090,4.71187,49.77701,2
147091,4.71166,49.77708,2
147092,4.71195,49.77711,2
147093,4.71175,49.77718,2
147094,4.71146,49.77715,2
147095,4.71261,49.77763,2
147096,4.71056,49.77745,2
147097,4.71267,49.77772,2
147098,4.71025,49.77756,2
147099,4.70977,49.77785,2
147100,4.70961,49.77777,2
147101,4.71105,49.77824,2
147102,4.71105,49.77824,2
147103,4.7112,49.77737,2
147104,4.71105,49.77824,2
147105,4.71154,49.77725,2
147106,4.71073,49.77753,2
147107,4.71073,49.77753,2
147108,4.71025,49.77769,2
147109,4.71025,49.77769,2
147110,4.71025,49.77769,2
147111,4.71025,49.77769,2
147112,4.71025,49.77769,2
147113,4.71025,49.77769,2
147114,4.71025,49.77769,2
147115,4.71025,49.77769,2
147116,4.71025,49.77769,2
147117,4.71025,49.77769,2
147118,4.70977,49.77785,2
147119,4.50659,49.89817,2
147120,4.49417,49.88893,2
147121,4.49133,49.89151,2
147122,4.49417,49.88893,2
147123,4.49198,49.89028,2
147124,4.49382,49.88918,2
147125,4.4937,49.88844,2
147126,4.49361,49.88852,2
147127,4.493085,49.889752,2
147128,4.49348,49.8894,2
147129,4.49133,49.89151,2
147130,4.49302,49.88954,2
147131,4.49133,49.89151,2
147132,4.49071,49.8963,2
147133,4.49141,49.89108,2
147134,4.49123,49.89152,2
147135,4.4913,49.89181,2
147136,4.49105,49.89196,2
147137,4.49133,49.89151,2
147138,4.49133,49.89151,2
147139,4.49133,49.89151,2
147140,4.49133,49.89151,2
147141,4.49133,49.89151,2
147142,4.49314,49.89513,2
147143,4.49314,49.89513,2
147144,4.49314,49.89513,2
147145,4.49314,49.89513,2
147146,4.49087,49.89441,2
147147,4.49068,49.89458,2
147148,4.49133,49.89151,2
147149,4.49076,49.89567,2
147150,4.49314,49.89513,2
147151,4.49071,49.8963,2
147152,4.49133,49.89151,2
147153,4.49314,49.89513,2
147154,4.49056,49.89593,2
147155,4.49288,49.88702,2
147156,4.49495,49.8877,2
147157,4.49055,49.89285,2
147158,4.49055,49.89285,2
147159,4.49361,49.88852,2
147160,4.493451,49.887554,2
147161,4.49133,49.89151,2
147162,4.49314,49.89513,2
147163,4.49284,49.88707,2
147164,4.494198,49.887478,2
147165,4.4755,49.88084,2
147166,4.494198,49.887478,2
147167,4.49249,49.88694,2
147168,4.492742,49.886911,2
147169,4.49213,49.88681,2
147170,4.492742,49.886911,2
147171,4.4937,49.88844,2
147172,4.49176,49.88667,2
147173,4.491614,49.886545,2
147174,4.49152,49.88645,2
147175,4.49098,49.8862,2
147176,4.49072,49.88619,2
147177,4.49101,49.8864,2
147178,4.49043,49.88599,2
147179,4.49327,49.8871,2
147180,4.48985,49.88558,2
147181,4.49213,49.88681,2
147182,4.49288,49.88702,2
147183,4.49043,49.88599,2
147184,4.48883,49.88465,2
147185,4.49288,49.88702,2
147186,4.49014,49.88578,2
147187,4.48704,49.883,2
147188,4.4878,49.88366,2
147189,4.48749,49.88332,2
147190,4.48685,49.8827,2
147191,4.48722,49.88297,2
147192,4.48985,49.88558,2
147193,4.48915,49.88507,2
147194,4.49803,49.88772,2
147195,4.49803,49.88772,2
147196,4.4755,49.88084,2
147197,4.49803,49.88772,2
147198,4.50659,49.89817,2
147199,4.49798,49.88767,2
147200,4.49803,49.88772,2
147201,4.49803,49.88772,2
147202,4.49314,49.89513,2
147203,4.49879,49.88732,2
147204,4.497096,49.88828,2
147205,4.506933,49.889461,2
147206,4.506933,49.889461,2
147207,4.50659,49.89817,2
147208,4.50659,49.89817,2
147209,4.50659,49.89817,2
147210,4.50659,49.89817,2
147211,4.49283,49.88985,2
147212,4.489542,49.885198,2
147213,4.489542,49.885198,2
147214,4.50659,49.89817,2
147215,4.49176,49.88667,2
147216,4.49803,49.88772,2
147217,4.49314,49.89513,2
147218,4.49314,49.89513,2
147219,4.50659,49.89817,2
147220,4.49314,49.89513,2
147221,4.49258,49.88684,2
147222,4.49314,49.89513,2
147223,4.49314,49.89513,2
147224,4.49314,49.89513,2
147225,4.49082,49.89504,2
147226,4.4908,49.89284,2
147227,4.49251,49.89007,2
147228,4.49072,49.88619,2
147229,4.48633,49.88168,2
147230,4.49314,49.89513,2
147231,4.49314,49.89513,2
147232,4.50659,49.89817,2
147233,4.49527,49.88783,2
147234,4.50659,49.89817,2
147235,4.49803,49.88772,2
147236,4.49288,49.88702,2
147237,4.50659,49.89817,2
147238,4.49803,49.88772,2
147239,4.49314,49.89513,2
147240,4.49314,49.89513,2
147241,4.50659,49.89817,2
147242,4.48566,49.94197,2
147243,4.47152,49.92964,2
147244,4.47152,49.92964,2
147245,4.48547,49.94213,2
147246,4.48566,49.94197,2
147247,4.49427,49.92964,2
147248,4.47152,49.92964,2
147249,4.49967,49.94401,2
147250,4.47273,49.94139,2
147251,4.49967,49.94401,2
147252,4.51161,49.94367,2
147253,4.49427,49.92964,2
147254,4.47848,49.91647,2
147255,4.47515,49.91522,2
147256,4.47515,49.91522,2
147257,4.47515,49.91522,2
147258,4.47515,49.91522,2
147259,4.46338,49.91744,2
147260,4.453034,49.926462,2
147261,4.46793,49.92471,2
147262,4.46793,49.92471,2
147263,4.46793,49.92471,2
147264,4.46793,49.92471,2
147265,4.46793,49.92471,2
147266,4.46793,49.92471,2
147267,4.45759,49.92719,2
147268,4.47273,49.94139,2
147269,4.46793,49.92471,2
147270,4.46793,49.92471,2
147271,4.46793,49.92471,2
147272,4.46793,49.92471,2
147273,4.46793,49.92471,2
147274,4.50045,49.92906,2
147275,4.46793,49.92471,2
147276,4.47783,49.93215,2
147277,4.46793,49.92471,2
147278,4.46793,49.92471,2
147279,4.46793,49.92471,2
147280,4.46793,49.92471,2
147281,4.46793,49.92471,2
147282,4.46793,49.92471,2
147283,4.51408,49.946554,2
147284,4.46793,49.92471,2
147285,4.46793,49.92471,2
147286,4.46793,49.92471,2
147287,4.46793,49.92471,2
147288,4.47182,49.93204,2
147289,4.47273,49.94139,2
147290,4.47273,49.94139,2
147291,4.47273,49.94139,2
147292,4.47273,49.94139,2
147293,4.47273,49.94139,2
147294,4.48566,49.94197,2
147295,4.48446,49.94256,2
147296,4.48566,49.94197,2
147297,4.48566,49.94197,2
147298,4.48566,49.94197,2
147299,4.48566,49.94197,2
147300,4.48566,49.94197,2
147301,4.48566,49.94197,2
147302,4.48566,49.94197,2
147303,4.48345,49.943,2
147304,4.47011,49.9262,2
147305,4.48396,49.94278,2
147306,4.48566,49.94197,2
147307,4.48566,49.94197,2
147308,4.48566,49.94197,2
147309,4.48566,49.94197,2
147310,4.48566,49.94197,2
147311,4.48566,49.94197,2
147312,4.48566,49.94197,2
147313,4.48566,49.94197,2
147314,4.48566,49.94197,2
147315,4.48566,49.94197,2
147316,4.48566,49.94197,2
147317,4.48566,49.94197,2
147318,4.48566,49.94197,2
147319,4.48566,49.94197,2
147320,4.48566,49.94197,2
147321,4.48566,49.94197,2
147322,4.48566,49.94197,2
147323,4.48566,49.94197,2
147324,4.48566,49.94197,2
147325,4.49967,49.94401,2
147326,4.49967,49.94401,2
147327,4.49967,49.94401,2
147328,4.49967,49.94401,2
147329,4.48566,49.94197,2
147330,4.51161,49.94367,2
147331,4.51161,49.94367,2
147332,4.51161,49.94367,2
147333,4.51161,49.94367,2
147334,4.51161,49.94367,2
147335,4.51161,49.94367,2
147336,4.51161,49.94367,2
147337,4.51161,49.94367,2
147338,4.48566,49.94197,2
147339,4.48566,49.94197,2
147340,4.48566,49.94197,2
147341,4.48566,49.94197,2
147342,4.49427,49.92964,2
147343,4.48566,49.94197,2
147344,4.47152,49.92964,2
147345,4.48566,49.94197,2
147346,4.48566,49.94197,2
147347,4.48562,49.9307,2
147348,4.49427,49.92964,2
147349,4.498399,49.929347,2
147350,4.49427,49.92964,2
147351,4.49427,49.92964,2
147352,4.49427,49.92964,2
147353,4.49427,49.92964,2
147354,4.49427,49.92964,2
147355,4.49427,49.92964,2
147356,4.491159,49.92988,2
147357,4.49427,49.92964,2
147358,4.49427,49.92964,2
147359,4.49427,49.92964,2
147360,4.49427,49.92964,2
147361,4.49427,49.92964,2
147362,4.49427,49.92964,2
147363,4.49427,49.92964,2
147364,4.49427,49.92964,2
147365,4.49427,49.92964,2
147366,4.49427,49.92964,2
147367,4.49427,49.92964,2
147368,4.49427,49.92964,2
147369,4.49427,49.92964,2
147370,4.47515,49.91522,2
147371,4.512208,49.943453,2
147372,4.49427,49.92964,2
147373,4.46338,49.91744,2
147374,4.49427,49.92964,2
147375,4.452598,49.926685,2
147376,4.49427,49.92964,2
147377,4.46793,49.92471,2
147378,4.49427,49.92964,2
147379,4.46793,49.92471,2
147380,4.49427,49.92964,2
147381,4.46793,49.92471,2
147382,4.49427,49.92964,2
147383,4.46793,49.92471,2
147384,4.487382,49.930387,2
147385,4.46793,49.92471,2
147386,4.49427,49.92964,2
147387,4.46793,49.92471,2
147388,4.48562,49.9307,2
147389,4.46793,49.92471,2
147390,4.48302,49.92435,2
147391,4.46637,49.93426,2
147392,4.49427,49.92964,2
147393,4.45802,49.93254,2
147394,4.49427,49.92964,2
147395,4.47273,49.94139,2
147396,4.49427,49.92964,2
147397,4.48566,49.94197,2
147398,4.48345,49.9312,2
147399,4.48566,49.94197,2
147400,4.49427,49.92964,2
147401,4.48566,49.94197,2
147402,4.49427,49.92964,2
147403,4.49427,49.92964,2
147404,4.49427,49.92964,2
147405,4.49427,49.92964,2
147406,4.49427,49.92964,2
147407,4.46793,49.92471,2
147408,4.483299,49.931213,2
147409,4.46338,49.91744,2
147410,4.49427,49.92964,2
147411,4.46793,49.92471,2
147412,4.47152,49.92964,2
147413,4.46793,49.92471,2
147414,4.46793,49.92471,2
147415,4.46338,49.91744,2
147416,4.46338,49.91744,2
147417,4.47152,49.92964,2
147418,4.47152,49.92964,2
147419,4.49427,49.92964,2
147420,4.49427,49.92964,2
147421,4.49427,49.92964,2
147422,4.44561,49.62021,2
147423,4.44561,49.62021,2
147424,4.49574,49.64724,2
147425,4.49574,49.64724,2
147426,4.50737,49.64909,2
147427,4.50262,49.6283,2
147428,4.50011,49.6304,2
147429,4.50011,49.6304,2
147430,4.50737,49.64909,2
147431,4.50737,49.64909,2
147432,4.50737,49.64909,2
147433,4.50737,49.64909,2
147434,4.50737,49.64909,2
147435,4.50737,49.64909,2
147436,4.49574,49.65371,2
147437,4.50737,49.64909,2
147438,4.49349,49.64965,2
147439,4.50685,49.64858,2
147440,4.49574,49.64724,2
147441,4.49574,49.65371,2
147442,4.49574,49.64724,2
147443,4.49574,49.65371,2
147444,4.47606,49.64494,2
147445,4.49574,49.65371,2
147446,4.48012,49.6427,2
147447,4.49574,49.65371,2
147448,4.469698,49.644715,2
147449,4.49574,49.64724,2
147450,4.458946,49.651328,2
147451,4.49574,49.64724,2
147452,4.465665,49.643564,2
147453,4.48367,49.64447,2
147454,4.50175,49.64617,2
147455,4.485484,49.642415,2
147456,4.49574,49.64724,2
147457,4.481646,49.642609,2
147458,4.50253,49.62951,2
147459,4.48012,49.6427,2
147460,4.499815,49.630938,2
147461,4.48012,49.6427,2
147462,4.50011,49.6304,2
147463,4.48012,49.6427,2
147464,4.5053,49.62858,2
147465,4.48012,49.6427,2
147466,4.5053,49.62858,2
147467,4.480437,49.644112,2
147468,4.5053,49.62858,2
147469,4.48012,49.6427,2
147470,4.47606,49.64494,2
147471,4.50262,49.6283,2
147472,4.47061,49.64183,2
147473,4.47679,49.61925,2
147474,4.50422,49.62962,2
147475,4.47679,49.61925,2
147476,4.50413,49.62954,2
147477,4.47061,49.64183,2
147478,4.47679,49.61925,2
147479,4.50413,49.62954,2
147480,4.50422,49.62962,2
147481,4.47679,49.61925,2
147482,4.468236,49.640851,2
147483,4.50422,49.62962,2
147484,4.47904,49.62763,2
147485,4.50413,49.62954,2
147486,4.476014,49.616833,2
147487,4.50357,49.64617,2
147488,4.47679,49.61925,2
147489,4.50175,49.64617,2
147490,4.44561,49.62021,2
147491,4.505531,49.630045,2
147492,4.445571,49.620656,2
147493,4.50422,49.62962,2
147494,4.44561,49.62021,2
147495,4.50499,49.63007,2
147496,4.47904,49.62763,2
147497,4.505186,49.630069,2
147498,4.49959,49.63088,2
147499,4.50975,49.63377,2
147500,4.46953,49.640693,2
147501,4.50499,49.63007,2
147502,4.469472,49.640623,2
147503,4.50737,49.64909,2
147504,4.49574,49.64724,2
147505,4.50422,49.62959,2
147506,4.50975,49.63377,2
147507,4.50422,49.62959,2
147508,4.49574,49.64724,2
147509,4.50422,49.62959,2
147510,4.5039,49.62945,2
147511,4.504305,49.629842,2
147512,4.504305,49.629842,2
147513,4.50253,49.629398,2
147514,4.50422,49.62959,2
147515,4.50422,49.62959,2
147516,4.50422,49.62959,2
147517,4.50153,49.63063,2
147518,4.50253,49.62951,2
147519,4.502362,49.629994,2
147520,4.50253,49.62951,2
147521,4.502362,49.629994,2
147522,4.50171,49.62948,2
147523,4.50153,49.63063,2
147524,4.50153,49.63063,2
147525,4.500399,49.630362,2
147526,4.50153,49.63063,2
147527,4.500395,49.630595,2
147528,4.50422,49.62962,2
147529,4.49318,49.638909,2
147530,4.499815,49.630938,2
147531,4.50422,49.62962,2
147532,4.49959,49.63088,2
147533,4.498697,49.630994,2
147534,4.47679,49.61925,2
147535,4.50422,49.62962,2
147536,4.500399,49.630362,2
147537,4.50011,49.6304,2
147538,4.50422,49.62962,2
147539,4.50422,49.62962,2
147540,4.501298,49.630022,2
147541,4.501298,49.630022,2
147542,4.501298,49.630022,2
147543,4.50422,49.62962,2
147544,4.501298,49.630022,2
147545,4.502516,49.629389,2
147546,4.50127,49.62998,2
147547,4.50127,49.62998,2
147548,4.50127,49.62998,2
147549,4.503295,49.628854,2
147550,4.5053,49.62858,2
147551,4.50422,49.62962,2
147552,4.5053,49.62858,2
147553,4.47679,49.61925,2
147554,4.47679,49.61925,2
147555,4.47679,49.61925,2
147556,4.47679,49.61925,2
147557,4.47679,49.61925,2
147558,4.50262,49.6283,2
147559,4.50262,49.6283,2
147560,4.47679,49.61925,2
147561,4.47679,49.61925,2
147562,4.47679,49.61925,2
147563,4.47679,49.61925,2
147564,4.47679,49.61925,2
147565,4.47679,49.61925,2
147566,4.50422,49.62962,2
147567,4.47679,49.61925,2
147568,4.47679,49.61925,2
147569,4.475713,49.617567,2
147570,4.47679,49.61925,2
147571,4.476422,49.618641,2
147572,4.476254,49.617934,2
147573,4.476422,49.618641,2
147574,4.47679,49.61925,2
147575,4.47679,49.61925,2
147576,4.4755,49.61704,2
147577,4.47679,49.61925,2
147578,4.47679,49.61925,2
147579,4.47606,49.64494,2
147580,4.47679,49.61925,2
147581,4.47679,49.61925,2
147582,4.47679,49.61925,2
147583,4.47679,49.61925,2
147584,4.45932,49.61502,2
147585,4.45577,49.62004,2
147586,4.45577,49.62004,2
147587,4.45577,49.62004,2
147588,4.446004,49.620757,2
147589,4.44561,49.62021,2
147590,4.45508,49.63295,2
147591,4.45508,49.63295,2
147592,4.45508,49.63295,2
147593,4.45508,49.63295,2
147594,4.45508,49.63295,2
147595,4.49959,49.63088,2
147596,4.47904,49.62763,2
147597,4.48012,49.6427,2
147598,4.50975,49.63377,2
147599,4.50737,49.64909,2
147600,4.72959,50.08289,2
147601,4.72966,50.08286,2
147602,4.72981,50.08283,2
147603,4.72995,50.0828,2
147604,4.73445,50.08087,2
147605,4.7301,50.08277,2
147606,4.73024,50.08274,2
147607,4.73038,50.08272,2
147608,4.72909,50.08334,2
147609,4.72909,50.08334,2
147610,4.72952,50.08274,2
147611,4.72974,50.08246,2
147612,4.73576,50.08617,2
147613,4.72974,50.08246,2
147614,4.72974,50.08246,2
147615,4.72974,50.08246,2
147616,4.72982,50.08236,2
147617,4.72982,50.08236,2
147618,4.72974,50.08246,2
147619,4.72989,50.08226,2
147620,4.73337,50.08104,2
147621,4.72997,50.08217,2
147622,4.73,50.08219,2
147623,4.72992,50.08215,2
147624,4.73027,50.0816,2
147625,4.72993,50.08202,2
147626,4.72994,50.08196,2
147627,4.72995,50.08189,2
147628,4.72995,50.08189,2
147629,4.72997,50.08177,2
147630,4.72998,50.0817,2
147631,4.72775,50.08434,2
147632,4.72982,50.07515,2
147633,4.73,50.08164,2
147634,4.73004,50.08158,2
147635,4.7301,50.08153,2
147636,4.73015,50.08148,2
147637,4.73016,50.08142,2
147638,4.73014,50.08129,2
147639,4.73009,50.08103,2
147640,4.73008,50.08088,2
147641,4.73009,50.08073,2
147642,4.73009,50.08058,2
147643,4.73445,50.08087,2
147644,4.7301,50.08042,2
147645,4.73012,50.07982,2
147646,4.73011,50.08012,2
147647,4.73011,50.08012,2
147648,4.72908,50.08082,2
147649,4.73012,50.07967,2
147650,4.73013,50.07951,2
147651,4.73015,50.07933,2
147652,4.73016,50.07916,2
147653,4.73017,50.07899,2
147654,4.73019,50.07882,2
147655,4.72929,50.07962,2
147656,4.72914,50.07835,2
147657,4.72906,50.07688,2
147658,4.729,50.0776,2
147659,4.72906,50.07688,2
147660,4.72905,50.07725,2
147661,4.72746,50.08249,2
147662,4.7302,50.07806,2
147663,4.73017,50.0778,2
147664,4.73016,50.07766,2
147665,4.73015,50.07753,2
147666,4.73013,50.0774,2
147667,4.73012,50.07727,2
147668,4.7301,50.07713,2
147669,4.73249,50.0781,2
147670,4.73201,50.07811,2
147671,4.73376,50.07815,2
147672,4.73236,50.07799,2
147673,4.73165,50.078,2
147674,4.73154,50.07812,2
147675,4.73105,50.07814,2
147676,4.73056,50.07817,2
147677,4.7285,50.08393,2
147678,4.73039,50.07823,2
147679,4.73021,50.07835,2
147680,4.73019,50.07882,2
147681,4.73039,50.07846,2
147682,4.7302,50.07865,2
147683,4.72915,50.07866,2
147684,4.73038,50.07867,2
147685,4.72917,50.0789,2
147686,4.73036,50.07888,2
147687,4.73035,50.07908,2
147688,4.73031,50.07949,2
147689,4.7303,50.07968,2
147690,4.7303,50.07985,2
147691,4.73029,50.08002,2
147692,4.73028,50.08036,2
147693,4.73026,50.08087,2
147694,4.73017,50.08026,2
147695,4.73251,50.07871,2
147696,4.73079,50.0812,2
147697,4.73088,50.08107,2
147698,4.73098,50.08095,2
147699,4.73107,50.08082,2
147700,4.73126,50.08057,2
147701,4.73155,50.08019,2
147702,4.73183,50.07982,2
147703,4.73193,50.07969,2
147704,4.73212,50.07944,2
147705,4.73219,50.07931,2
147706,4.73248,50.079,2
147707,4.72909,50.08334,2
147708,4.73445,50.08087,2
147709,4.73224,50.07916,2
147710,4.73248,50.079,2
147711,4.73229,50.07901,2
147712,4.73234,50.07886,2
147713,4.73238,50.07928,2
147714,4.7324,50.07871,2
147715,4.73428,50.07535,2
147716,4.73245,50.07856,2
147717,4.7325,50.07841,2
147718,4.73256,50.07825,2
147719,4.73261,50.0781,2
147720,4.73212,50.07615,2
147721,4.73275,50.07786,2
147722,4.73212,50.07615,2
147723,4.732834,50.077553,2
147724,4.73251,50.07871,2
147725,4.73251,50.07871,2
147726,4.73257,50.07873,2
147727,4.73251,50.07871,2
147728,4.73251,50.07871,2
147729,4.73251,50.07871,2
147730,4.73251,50.07871,2
147731,4.73267,50.07846,2
147732,4.73251,50.07871,2
147733,4.73276,50.07819,2
147734,4.73251,50.07871,2
147735,4.73251,50.07871,2
147736,4.73376,50.07815,2
147737,4.73251,50.07871,2
147738,4.73251,50.07871,2
147739,4.73251,50.07871,2
147740,4.73251,50.07871,2
147741,4.73422,50.0774,2
147742,4.73251,50.07871,2
147743,4.73251,50.07871,2
147744,4.73251,50.07871,2
147745,4.73422,50.0774,2
147746,4.73457,50.07705,2
147747,4.73367,50.07858,2
147748,4.73493,50.07669,2
147749,4.73497,50.07639,2
147750,4.73251,50.07871,2
147751,4.73481,50.07702,2
147752,4.73457,50.07705,2
147753,4.735623,50.073403,2
147754,4.73453,50.07729,2
147755,4.73376,50.07815,2
147756,4.73251,50.07871,2
147757,4.73251,50.07871,2
147758,4.73251,50.07871,2
147759,4.73251,50.07871,2
147760,4.73533,50.0739,2
147761,4.73398,50.07785,2
147762,4.73426,50.07757,2
147763,4.73376,50.07815,2
147764,4.73376,50.07815,2
147765,4.73376,50.07815,2
147766,4.73332,50.07845,2
147767,4.73445,50.08087,2
147768,4.73376,50.07815,2
147769,4.73367,50.07858,2
147770,4.73386,50.07775,2
147771,4.73341,50.07895,2
147772,4.733,50.07917,2
147773,4.73254,50.07938,2
147774,4.73376,50.07815,2
147775,4.73254,50.07938,2
147776,4.73227,50.0795,2
147777,4.73215,50.07966,2
147778,4.73203,50.07982,2
147779,4.73191,50.07998,2
147780,4.73179,50.08013,2
147781,4.73167,50.08029,2
147782,4.73155,50.08045,2
147783,4.73144,50.0806,2
147784,4.73132,50.08076,2
147785,4.7312,50.08092,2
147786,4.73108,50.08108,2
147787,4.72909,50.08334,2
147788,4.73096,50.08123,2
147789,4.72909,50.08334,2
147790,4.73196,50.08115,2
147791,4.73241,50.08111,2
147792,4.72909,50.08334,2
147793,4.73287,50.08108,2
147794,4.73334,50.081,2
147795,4.72909,50.08334,2
147796,4.73367,50.08089,2
147797,4.72909,50.08334,2
147798,4.73386,50.0808,2
147799,4.72909,50.08334,2
147800,4.73405,50.0807,2
147801,4.72909,50.08334,2
147802,4.73443,50.08051,2
147803,4.72909,50.08334,2
147804,4.73337,50.08104,2
147805,4.72909,50.08334,2
147806,4.73445,50.08087,2
147807,4.72909,50.08334,2
147808,4.73416,50.08079,2
147809,4.73398,50.08119,2
147810,4.72909,50.08334,2
147811,4.73359,50.08116,2
147812,4.72909,50.08334,2
147813,4.73321,50.08117,2
147814,4.72909,50.08334,2
147815,4.73321,50.08117,2
147816,4.73305,50.08118,2
147817,4.73291,50.08119,2
147818,4.73276,50.0812,2
147819,4.73262,50.08121,2
147820,4.73248,50.08123,2
147821,4.73233,50.08124,2
147822,4.73219,50.08125,2
147823,4.72982,50.07515,2
147824,4.73205,50.08126,2
147825,4.72982,50.07515,2
147826,4.7319,50.08127,2
147827,4.72982,50.07515,2
147828,4.72982,50.07515,2
147829,4.73176,50.08128,2
147830,4.72982,50.07515,2
147831,4.73147,50.0813,2
147832,4.72982,50.07515,2
147833,4.72982,50.07515,2
147834,4.73119,50.08132,2
147835,4.72982,50.07515,2
147836,4.73104,50.08133,2
147837,4.72982,50.07515,2
147838,4.72982,50.07515,2
147839,4.73087,50.08135,2
147840,4.72982,50.07515,2
147841,4.72982,50.07515,2
147842,4.73082,50.08141,2
147843,4.72982,50.07515,2
147844,4.73077,50.08148,2
147845,4.73077,50.08148,2
147846,4.73072,50.08155,2
147847,4.73067,50.08161,2
147848,4.73104,50.08317,2
147849,4.73104,50.08317,2
147850,4.73104,50.08317,2
147851,4.73104,50.08317,2
147852,4.73104,50.08317,2
147853,4.72967,50.08255,2
147854,4.73104,50.08317,2
147855,4.72967,50.08255,2
147856,4.73104,50.08317,2
147857,4.73104,50.08317,2
147858,4.73104,50.08317,2
147859,4.73104,50.08317,2
147860,4.73104,50.08317,2
147861,4.73104,50.08317,2
147862,4.73104,50.08317,2
147863,4.73104,50.08317,2
147864,4.73107,50.08294,2
147865,4.73107,50.08294,2
147866,4.73127,50.08314,2
147867,4.73137,50.08323,2
147868,4.73145,50.08331,2
147869,4.73152,50.08338,2
147870,4.73159,50.08344,2
147871,4.73172,50.08358,2
147872,4.7338,50.08262,2
147873,4.7338,50.08262,2
147874,4.73201,50.08357,2
147875,4.73252,50.0833,2
147876,4.73302,50.083,2
147877,4.73408,50.08165,2
147878,4.73452,50.08227,2
147879,4.73532,50.08203,2
147880,4.7341,50.0825,2
147881,4.73363,50.08279,2
147882,4.7338,50.08262,2
147883,4.73445,50.08087,2
147884,4.73445,50.08087,2
147885,4.73494,50.08003,2
147886,4.73572,50.0819,2
147887,4.73445,50.08087,2
147888,4.73207,50.0845,2
147889,4.73226,50.08442,2
147890,4.73248,50.08448,2
147891,4.73267,50.08458,2
147892,4.73277,50.08467,2
147893,4.73288,50.08476,2
147894,4.73303,50.08485,2
147895,4.73352,50.08506,2
147896,4.73328,50.08495,2
147897,4.73377,50.08517,2
147898,4.73402,50.08527,2
147899,4.73452,50.08549,2
147900,4.73477,50.0856,2
147901,4.73104,50.08317,2
147902,4.73501,50.0857,2
147903,4.73526,50.08581,2
147904,4.73575,50.08603,2
147905,4.736,50.08614,2
147906,4.73625,50.08625,2
147907,4.73649,50.08636,2
147908,4.73674,50.08647,2
147909,4.73699,50.08658,2
147910,4.73646,50.08649,2
147911,4.73748,50.0868,2
147912,4.73772,50.0869,2
147913,4.73797,50.08701,2
147914,4.73764,50.08701,2
147915,4.7374,50.0869,2
147916,4.7367,50.08659,2
147917,4.73693,50.08669,2
147918,4.73717,50.0868,2
147919,4.73787,50.08711,2
147920,4.7367,50.08659,2
147921,4.73623,50.08638,2
147922,4.73599,50.08628,2
147923,4.73552,50.08607,2
147924,4.73505,50.08586,2
147925,4.73458,50.08565,2
147926,4.73435,50.08555,2
147927,4.73411,50.08545,2
147928,4.73387,50.08535,2
147929,4.73363,50.08524,2
147930,4.7334,50.08514,2
147931,4.73316,50.08504,2
147932,4.73292,50.08494,2
147933,4.73273,50.08487,2
147934,4.73257,50.08482,2
147935,4.7324,50.08477,2
147936,4.73224,50.08472,2
147937,4.73207,50.08467,2
147938,4.73001,50.0757,2
147939,4.73004,50.07589,2
147940,4.73007,50.07608,2
147941,4.73011,50.07627,2
147942,4.7341,50.0825,2
147943,4.73061,50.07598,2
147944,4.7341,50.0825,2
147945,4.73063,50.07609,2
147946,4.73065,50.0762,2
147947,4.73341,50.07895,2
147948,4.73059,50.0763,2
147949,4.73341,50.07895,2
147950,4.73048,50.07638,2
147951,4.73031,50.0764,2
147952,4.73014,50.07642,2
147953,4.73015,50.07644,2
147954,4.73018,50.07657,2
147955,4.73021,50.07671,2
147956,4.73024,50.07685,2
147957,4.73009,50.077,2
147958,4.73007,50.07688,2
147959,4.73004,50.07677,2
147960,4.73002,50.07666,2
147961,4.72999,50.07655,2
147962,4.72996,50.07644,2
147963,4.72994,50.07632,2
147964,4.72991,50.07618,2
147965,4.72989,50.07605,2
147966,4.72986,50.07592,2
147967,4.72985,50.07579,2
147968,4.72983,50.07566,2
147969,4.72981,50.07552,2
147970,4.72979,50.07539,2
147971,4.72999,50.07551,2
147972,4.72996,50.07531,2
147973,4.72994,50.07512,2
147974,4.72991,50.07493,2
147975,4.72978,50.07526,2
147976,4.72976,50.07513,2
147977,4.73445,50.08087,2
147978,4.72974,50.075,2
147979,4.72973,50.07486,2
147980,4.72971,50.07473,2
147981,4.72969,50.0746,2
147982,4.72967,50.07447,2
147983,4.72966,50.07434,2
147984,4.72982,50.07515,2
147985,4.72965,50.07418,2
147986,4.7338,50.08262,2
147987,4.72965,50.07401,2
147988,4.72965,50.07384,2
147989,4.72965,50.07367,2
147990,4.72965,50.0735,2
147991,4.72965,50.07333,2
147992,4.72965,50.07316,2
147993,4.72965,50.07299,2
147994,4.72775,50.08434,2
147995,4.72965,50.07282,2
147996,4.72776,50.08419,2
147997,4.729461,50.072644,2
147998,4.72909,50.08334,2
147999,4.72982,50.07515,2
148000,4.72815,50.08402,2
148001,4.72986,50.07122,2
148002,4.72904,50.08326,2
148003,4.73027,50.0816,2
148004,4.72983,50.07079,2
148005,4.73457,50.07705,2
148006,4.72986,50.07122,2
148007,4.72983,50.07079,2
148008,4.72983,50.07285,2
148009,4.72999,50.07551,2
148010,4.72982,50.07515,2
148011,4.73028,50.08036,2
148012,4.72983,50.07307,2
148013,4.73028,50.08036,2
148014,4.73445,50.08087,2
148015,4.72983,50.07328,2
148016,4.72983,50.0735,2
148017,4.72983,50.07372,2
148018,4.72983,50.07394,2
148019,4.72983,50.07416,2
148020,4.73107,50.08082,2
148021,4.73029,50.07377,2
148022,4.73107,50.08082,2
148023,4.72988,50.07407,2
148024,4.73057,50.07356,2
148025,4.73337,50.08104,2
148026,4.73073,50.07346,2
148027,4.73088,50.07335,2
148028,4.73104,50.07325,2
148029,4.7312,50.07314,2
148030,4.73136,50.07295,2
148031,4.7314,50.07306,2
148032,4.73147,50.07316,2
148033,4.73156,50.07328,2
148034,4.7316,50.07341,2
148035,4.73164,50.07354,2
148036,4.73168,50.07367,2
148037,4.73172,50.0738,2
148038,4.7318,50.07407,2
148039,4.73176,50.07393,2
148040,4.73184,50.0742,2
148041,4.73188,50.07433,2
148042,4.73169,50.07429,2
148043,4.73161,50.07403,2
148044,4.73153,50.07378,2
148045,4.73445,50.08087,2
148046,4.73145,50.07352,2
148047,4.73135,50.07327,2
148048,4.73127,50.07325,2
148049,4.73101,50.07343,2
148050,4.73073,50.07372,2
148051,4.73092,50.0739,2
148052,4.7311,50.07409,2
148053,4.73088,50.07407,2
148054,4.73099,50.07419,2
148055,4.73077,50.07396,2
148056,4.73065,50.07385,2
148057,4.73054,50.07374,2
148058,4.73075,50.07361,2
148059,4.73042,50.07384,2
148060,4.73001,50.07415,2
148061,4.73019,50.07793,2
148062,4.72984,50.07436,2
148063,4.72986,50.07455,2
148064,4.72989,50.07474,2
148065,4.7297,50.07252,2
148066,4.72982,50.07515,2
148067,4.72701,50.08395,2
148068,4.73017,50.08026,2
148069,4.729,50.0776,2
148070,4.72793,50.08426,2
148071,4.72784,50.0843,2
148072,4.72775,50.08434,2
148073,4.72767,50.08437,2
148074,4.72767,50.08437,2
148075,4.72756,50.08428,2
148076,4.72769,50.08422,2
148077,4.72796,50.08411,2
148078,4.72796,50.08411,2
148079,4.72803,50.08408,2
148080,4.7281,50.08406,2
148081,4.72801,50.08423,2
148082,4.7281,50.08419,2
148083,4.72819,50.08416,2
148084,4.72909,50.08334,2
148085,4.72909,50.08334,2
148086,4.72909,50.08334,2
148087,4.72829,50.0841,2
148088,4.72815,50.08402,2
148089,4.72823,50.08396,2
148090,4.72831,50.0839,2
148091,4.72839,50.08383,2
148092,4.729643,50.072353,2
148093,4.72836,50.08404,2
148094,4.72843,50.08399,2
148095,4.72857,50.08388,2
148096,4.72864,50.08382,2
148097,4.72847,50.08377,2
148098,4.72855,50.08371,2
148099,4.72863,50.08364,2
148100,4.72867,50.0836,2
148101,4.72869,50.08353,2
148102,4.72873,50.08345,2
148103,4.72873,50.08345,2
148104,4.72871,50.08377,2
148105,4.72878,50.08371,2
148106,4.72884,50.08366,2
148107,4.7296,50.08265,2
148108,4.7289,50.08361,2
148109,4.72896,50.08357,2
148110,4.72902,50.08352,2
148111,4.72907,50.08347,2
148112,4.72909,50.08334,2
148113,4.72909,50.08334,2
148114,4.72909,50.08334,2
148115,4.72921,50.08329,2
148116,4.72909,50.0832,2
148117,4.72897,50.08329,2
148118,4.72906,50.08331,2
148119,4.72887,50.08329,2
148120,4.72887,50.08329,2
148121,4.72887,50.08329,2
148122,4.72882,50.08334,2
148123,4.72914,50.08314,2
148124,4.72925,50.08303,2
148125,4.7293,50.08298,2
148126,4.72936,50.08292,2
148127,4.72941,50.08287,2
148128,4.72946,50.08281,2
148129,4.7294,50.08309,2
148130,4.7295,50.08299,2
148131,4.626251,49.415245,2
148132,4.62913,49.41584,2
148133,4.62989,49.4159,2
148134,4.62913,49.41584,2
148135,4.632268,49.417341,2
148136,4.62932,49.41589,2
148137,4.62932,49.41589,2
148138,4.63201,49.41644,2
148139,4.63244,49.41752,2
148140,4.63199,49.41623,2
148141,4.63265,49.41788,2
148142,4.63221,49.41716,2
148143,4.63206,49.41681,2
148144,4.631,49.41643,2
148145,4.63188,49.41684,2
148146,4.63056,49.41581,2
148147,4.63142,49.41603,2
148148,4.63178,49.41574,2
148149,4.63164,49.4159,2
148150,4.63404,49.41497,2
148151,4.6324,49.4155,2
148152,4.63477,49.41495,2
148153,4.63242,49.41564,2
148154,4.63257,49.41504,2
148155,4.63026,49.41553,2
148156,4.63026,49.41553,2
148157,4.63095,49.41604,2
148158,4.63112,49.41602,2
148159,4.63112,49.41665,2
148160,4.63043,49.4159,2
148161,4.6308,49.41592,2
148162,4.63035,49.4157,2
148163,4.63035,49.41541,2
148164,4.63017,49.41556,2
148165,4.63063,49.41579,2
148166,4.62989,49.41578,2
148167,4.62893,49.41587,2
148168,4.62914,49.41576,2
148169,4.63056,49.41581,2
148170,4.62711,49.4155,2
148171,4.62913,49.41584,2
148172,4.62433,49.41514,2
148173,4.63004,49.41696,2
148174,4.6298,49.41678,2
148175,4.62913,49.41584,2
148176,4.63004,49.41696,2
148177,4.62913,49.41584,2
148178,4.63101,49.41658,2
148179,4.63004,49.41696,2
148180,4.63118,49.41637,2
148181,4.63119,49.41672,2
148182,4.63102,49.41688,2
148183,4.63102,49.41688,2
148184,4.63121,49.41706,2
148185,4.63105,49.41718,2
148186,4.63228,49.41785,2
148187,4.63004,49.41696,2
148188,4.63302,49.42417,2
148189,4.63311,49.41924,2
148190,4.63302,49.42417,2
148191,4.63302,49.42417,2
148192,4.63324,49.42306,2
148193,4.6331,49.42396,2
148194,4.63292,49.42395,2
148195,4.6327,49.42451,2
148196,4.6306,49.41584,2
148197,4.63398,49.42459,2
148198,4.63348,49.42454,2
148199,4.63381,49.42454,2
148200,4.63398,49.42459,2
148201,4.63398,49.42459,2
148202,4.63398,49.42459,2
148203,4.63056,49.41581,2
148204,4.63348,49.42465,2
148205,4.63357,49.42498,2
148206,4.63359,49.42504,2
148207,4.63142,49.41603,2
148208,4.63142,49.41603,2
148209,4.63372,49.42549,2
148210,4.63372,49.42549,2
148211,4.63372,49.42549,2
148212,4.63372,49.42549,2
148213,4.63298,49.42487,2
148214,4.63265,49.42674,2
148215,4.63292,49.42614,2
148216,4.63238,49.42505,2
148217,4.63252,49.42518,2
148218,4.63134,49.42487,2
148219,4.63089,49.42453,2
148220,4.63116,49.42477,2
148221,4.63298,49.42487,2
148222,4.62875,49.42451,2
148223,4.62982,49.42445,2
148224,4.63155,49.42444,2
148225,4.62982,49.42445,2
148226,4.6327,49.42451,2
148227,4.63307,49.42487,2
148228,4.63739,49.40962,2
148229,4.63382,49.42544,2
148230,4.63362,49.41511,2
148231,4.625128,49.415069,2
148232,4.63199,49.41623,2
148233,4.63043,49.4159,2
148234,4.6287,49.415782,2
148235,4.62806,49.41572,2
148236,4.63004,49.41696,2
148237,4.63359,49.42504,2
148238,4.63097,49.42441,2
148239,4.63272,49.42734,2
148240,4.63203,49.42509,2
148241,4.63298,49.42487,2
148242,4.63302,49.42417,2
148243,4.63739,49.40962,2
148244,4.63302,49.42417,2
148245,4.63302,49.42417,2
148246,4.62913,49.41584,2
148247,4.3995,49.5013,2
148248,4.3716,49.50962,2
148249,4.3716,49.50962,2
148250,4.37549,49.51237,2
148251,4.3716,49.50962,2
148252,4.37601,49.5115,2
148253,4.37913,49.51446,2
148254,4.37896,49.51442,2
148255,4.37394,49.51279,2
148256,4.37394,49.51279,2
148257,4.37394,49.51279,2
148258,4.37394,49.51279,2
148259,4.37394,49.51279,2
148260,4.37394,49.51279,2
148261,4.37394,49.51279,2
148262,4.3716,49.50962,2
148263,4.3716,49.50962,2
148264,4.37394,49.51279,2
148265,4.37394,49.51279,2
148266,4.37394,49.51279,2
148267,4.37394,49.51279,2
148268,4.38332,49.51254,2
148269,4.37976,49.51435,2
148270,4.37394,49.51279,2
148271,4.37394,49.51279,2
148272,4.37394,49.51279,2
148273,4.37394,49.51279,2
148274,4.37394,49.51279,2
148275,4.37394,49.51279,2
148276,4.37394,49.51279,2
148277,4.37394,49.51279,2
148278,4.37394,49.51279,2
148279,4.37394,49.51279,2
148280,4.37394,49.51279,2
148281,4.37394,49.51279,2
148282,4.37394,49.51279,2
148283,4.37394,49.51279,2
148284,4.37394,49.51279,2
148285,4.37394,49.51279,2
148286,4.37394,49.51279,2
148287,4.37394,49.51279,2
148288,4.37394,49.51279,2
148289,4.37394,49.51279,2
148290,4.37394,49.51279,2
148291,4.37394,49.51279,2
148292,4.37394,49.51279,2
148293,4.37394,49.51279,2
148294,4.37394,49.51279,2
148295,4.37394,49.51279,2
148296,4.37394,49.51279,2
148297,4.37394,49.51279,2
148298,4.37394,49.51279,2
148299,4.37394,49.51279,2
148300,4.37394,49.51279,2
148301,4.37394,49.51279,2
148302,4.37394,49.51279,2
148303,4.37831,49.51417,2
148304,4.37394,49.51279,2
148305,4.37549,49.51237,2
148306,4.3716,49.50962,2
148307,4.3779,49.51438,2
148308,4.3686,49.51124,2
148309,4.36834,49.51137,2
148310,4.36834,49.51137,2
148311,4.36808,49.51151,2
148312,4.37549,49.51237,2
148313,4.37119,49.51083,2
148314,4.3778,49.5151,2
148315,4.36879,49.50939,2
148316,4.36937,49.51443,2
148317,4.36926,49.51441,2
148318,4.36916,49.51378,2
148319,4.3694,49.51379,2
148320,4.37002,49.51383,2
148321,4.36913,49.5136,2
148322,4.36911,49.51343,2
148323,4.37048,49.51675,2
148324,4.37097,49.51238,2
148325,4.37296,49.51209,2
148326,4.37315,49.51163,2
148327,4.37278,49.51136,2
148328,4.37322,49.51196,2
148329,4.37309,49.51223,2
148330,4.37318,49.51229,2
148331,4.37365,49.51229,2
148332,4.37412,49.5123,2
148333,4.37459,49.51231,2
148334,4.37506,49.51231,2
148335,4.37553,49.51232,2
148336,4.376,49.51233,2
148337,4.37647,49.51233,2
148338,4.3774,49.5123,2
148339,4.37787,49.51226,2
148340,4.37833,49.51221,2
148341,4.3788,49.51217,2
148342,4.37549,49.51237,2
148343,4.36991,49.51214,2
148344,4.36975,49.51209,2
148345,4.37059,49.51169,2
148346,4.37074,49.51177,2
148347,4.37108,49.51105,2
148348,4.37056,49.51178,2
148349,4.37056,49.51178,2
148350,4.37056,49.51178,2
148351,4.37133,49.51138,2
148352,4.37163,49.51137,2
148353,4.37339,49.51043,2
148354,4.3732,49.51056,2
148355,4.37301,49.5107,2
148356,4.37316,49.51102,2
148357,4.37334,49.51115,2
148358,4.37333,49.51097,2
148359,4.3734,49.51061,2
148360,4.37363,49.51055,2
148361,4.37394,49.51076,2
148362,4.37456,49.51091,2
148363,4.37425,49.51093,2
148364,4.37454,49.51104,2
148365,4.37527,49.5112,2
148366,4.37482,49.51115,2
148367,4.37511,49.51127,2
148368,4.3756,49.51125,2
148369,4.37579,49.51102,2
148370,4.37598,49.51104,2
148371,4.37585,49.51119,2
148372,4.37572,49.51134,2
148373,4.37569,49.51148,2
148374,4.37642,49.51152,2
148375,4.37652,49.5114,2
148376,4.37662,49.51128,2
148377,4.3766,49.51155,2
148378,4.37672,49.51165,2
148379,4.37726,49.5116,2
148380,4.37779,49.51155,2
148381,4.37795,49.51154,2
148382,4.37683,49.51152,2
148383,4.37683,49.51152,2
148384,4.37763,49.51145,2
148385,4.37824,49.51144,2
148386,4.37794,49.51169,2
148387,4.37793,49.51184,2
148388,4.37792,49.51199,2
148389,4.3781,49.51197,2
148390,4.37811,49.51177,2
148391,4.37813,49.51157,2
148392,4.37858,49.51149,2
148393,4.37893,49.51153,2
148394,4.37899,49.51171,2
148395,4.37916,49.51176,2
148396,4.37914,49.51206,2
148397,4.37897,49.5119,2
148398,4.37896,49.5121,2
148399,4.37981,49.51169,2
148400,4.37941,49.51173,2
148401,4.3801,49.51186,2
148402,4.38124,49.51184,2
148403,4.37601,49.5115,2
148404,4.38081,49.51193,2
148405,4.38153,49.51197,2
148406,4.36879,49.50939,2
148407,4.37264,49.51233,2
148408,4.37601,49.5115,2
148409,4.37601,49.5115,2
148410,4.37154,49.51032,2
148411,4.37193,49.51019,2
148412,4.37394,49.51279,2
148413,4.37255,49.51012,2
148414,4.3716,49.50962,2
148415,4.37327,49.51022,2
148416,4.37173,49.50975,2
148417,4.37215,49.50984,2
148418,4.37283,49.50948,2
148419,4.37249,49.50967,2
148420,4.37145,49.50967,2
148421,4.37142,49.50974,2
148422,4.37139,49.50981,2
148423,4.37135,49.50988,2
148424,4.37132,49.50995,2
148425,4.37129,49.51002,2
148426,4.37129,49.5101,2
148427,4.37129,49.51017,2
148428,4.37129,49.51025,2
148429,4.37129,49.51032,2
148430,4.37133,49.51138,2
148431,4.37056,49.51178,2
148432,4.37109,49.51058,2
148433,4.37088,49.51055,2
148434,4.37549,49.51237,2
148435,4.37067,49.51052,2
148436,4.37046,49.51057,2
148437,4.37026,49.51062,2
148438,4.37006,49.51067,2
148439,4.37006,49.51067,2
148440,4.36987,49.51073,2
148441,4.36968,49.5108,2
148442,4.3695,49.51088,2
148443,4.36931,49.51102,2
148444,4.3686,49.51124,2
148445,4.3686,49.51124,2
148446,4.3686,49.51124,2
148447,4.3686,49.51124,2
148448,4.3686,49.51124,2
148449,4.3686,49.51124,2
148450,4.36834,49.51137,2
148451,4.3716,49.50962,2
148452,4.36834,49.51137,2
148453,4.36834,49.51137,2
148454,4.36834,49.51137,2
148455,4.37549,49.51237,2
148456,4.36834,49.51137,2
148457,4.36834,49.51137,2
148458,4.36808,49.51151,2
148459,4.36808,49.51151,2
148460,4.36808,49.51151,2
148461,4.36808,49.51151,2
148462,4.36808,49.51151,2
148463,4.36808,49.51151,2
148464,4.36811,49.512,2
148465,4.36788,49.51189,2
148466,4.367611,49.511615,2
148467,4.367611,49.511615,2
148468,4.367611,49.511615,2
148469,4.367611,49.511615,2
148470,4.367611,49.511615,2
148471,4.367611,49.511615,2
148472,4.367611,49.511615,2
148473,4.367611,49.511615,2
148474,4.367611,49.511615,2
148475,4.36774,49.51167,2
148476,4.36745,49.5115,2
148477,4.36905,49.51118,2
148478,4.36914,49.51115,2
148479,4.36922,49.51112,2
148480,4.36931,49.51109,2
148481,4.36939,49.51106,2
148482,4.36948,49.51103,2
148483,4.36959,49.51098,2
148484,4.36969,49.51094,2
148485,4.36979,49.5109,2
148486,4.36989,49.51086,2
148487,4.36998,49.51082,2
148488,4.37009,49.51078,2
148489,4.3702,49.51076,2
148490,4.37031,49.51073,2
148491,4.37042,49.5107,2
148492,4.37053,49.51067,2
148493,4.37064,49.51065,2
148494,4.37075,49.51064,2
148495,4.37086,49.51066,2
148496,4.3716,49.50962,2
148497,4.3716,49.50962,2
148498,4.37097,49.51068,2
148499,4.36961,49.5158,2
148500,4.37109,49.5107,2
148501,4.36879,49.50939,2
148502,4.37115,49.51084,2
148503,4.37111,49.51085,2
148504,4.37107,49.51087,2
148505,4.37,49.51116,2
148506,4.37,49.51116,2
148507,4.37,49.51116,2
148508,4.3699,49.51126,2
148509,4.37,49.51116,2
148510,4.37,49.51116,2
148511,4.37,49.51116,2
148512,4.37,49.51116,2
148513,4.37,49.51116,2
148514,4.37,49.51116,2
148515,4.37,49.51116,2
148516,4.37,49.51116,2
148517,4.3703,49.51456,2
148518,4.37,49.51116,2
148519,4.37,49.51116,2
148520,4.37,49.51116,2
148521,4.37,49.51116,2
148522,4.36944,49.51144,2
148523,4.37,49.51116,2
148524,4.37,49.51116,2
148525,4.37,49.51116,2
148526,4.37,49.51116,2
148527,4.37,49.51116,2
148528,4.37,49.51116,2
148529,4.37,49.51116,2
148530,4.37,49.51116,2
148531,4.37,49.51116,2
148532,4.37,49.51116,2
148533,4.37,49.51116,2
148534,4.37,49.51116,2
148535,4.37,49.51116,2
148536,4.37,49.51116,2
148537,4.37,49.51116,2
148538,4.37,49.51116,2
148539,4.37,49.51116,2
148540,4.37,49.51116,2
148541,4.37,49.51116,2
148542,4.37,49.51116,2
148543,4.36944,49.51144,2
148544,4.37,49.51116,2
148545,4.36944,49.51144,2
148546,4.37,49.51116,2
148547,4.37,49.51116,2
148548,4.37549,49.51237,2
148549,4.37549,49.51237,2
148550,4.37549,49.51237,2
148551,4.37549,49.51237,2
148552,4.37549,49.51237,2
148553,4.37549,49.51237,2
148554,4.37549,49.51237,2
148555,4.3703,49.51456,2
148556,4.37549,49.51237,2
148557,4.37549,49.51237,2
148558,4.3703,49.51456,2
148559,4.37549,49.51237,2
148560,4.3692,49.51398,2
148561,4.37675,49.51137,2
148562,4.3716,49.50962,2
148563,4.3716,49.50962,2
148564,4.36853,49.5125,2
148565,4.37,49.51116,2
148566,4.92215,49.70335,2
148567,4.92075,49.7023,2
148568,4.92193,49.70344,2
148569,4.92076,49.70239,2
148570,4.92186,49.70345,2
148571,4.92178,49.70335,2
148572,4.92077,49.70247,2
148573,4.9217,49.70326,2
148574,4.92161,49.70317,2
148575,4.92079,49.70256,2
148576,4.92144,49.70318,2
148577,4.92128,49.70321,2
148578,4.9205,49.70268,2
148579,4.92136,49.70331,2
148580,4.92156,49.70335,2
148581,4.92059,49.70267,2
148582,4.92168,49.70349,2
148583,4.92143,49.70359,2
148584,4.92067,49.70267,2
148585,4.9207,49.70382,2
148586,4.91998,49.70406,2
148587,4.92002,49.70236,2
148588,4.92003,49.70244,2
148589,4.92004,49.70253,2
148590,4.92005,49.70261,2
148591,4.91975,49.70273,2
148592,4.91975,49.70281,2
148593,4.91975,49.7029,2
148594,4.92434,49.70142,2
148595,4.92392,49.70118,2
148596,4.92367,49.70118,2
148597,4.92342,49.70119,2
148598,4.92317,49.7012,2
148599,4.92317,49.70423,2
148600,4.92396,49.70129,2
148601,4.92718,49.70066,2
148602,4.92317,49.70423,2
148603,4.92317,49.70423,2
148604,4.92374,49.7013,2
148605,4.92317,49.70423,2
148606,4.92351,49.7013,2
148607,4.92329,49.70131,2
148608,4.92291,49.7012,2
148609,4.92266,49.70119,2
148610,4.92241,49.70119,2
148611,4.92216,49.70118,2
148612,4.92307,49.70132,2
148613,4.92285,49.70132,2
148614,4.92263,49.70131,2
148615,4.92241,49.7013,2
148616,4.92199,49.70107,2
148617,4.92181,49.70096,2
148618,4.92219,49.70129,2
148619,4.92199,49.70125,2
148620,4.92185,49.70114,2
148621,4.92168,49.70104,2
148622,4.92158,49.70104,2
148623,4.92137,49.70111,2
148624,4.92129,49.70101,2
148625,4.9215,49.70094,2
148626,4.921789,49.700868,2
148627,4.921789,49.700868,2
148628,4.921789,49.700868,2
148629,4.92246,49.7006,2
148630,4.922619,49.70058,2
148631,4.922605,49.700581,2
148632,4.922605,49.700581,2
148633,4.922619,49.70058,2
148634,4.92795,49.7048,2
148635,4.922456,49.700638,2
148636,4.922456,49.700638,2
148637,4.922442,49.700638,2
148638,4.922442,49.700638,2
148639,4.921966,49.70081,2
148640,4.921952,49.70081,2
148641,4.921831,49.701154,2
148642,4.9256,49.70092,2
148643,4.92573,49.70101,2
148644,4.92587,49.7011,2
148645,4.926,49.7012,2
148646,4.92537,49.70093,2
148647,4.92559,49.70108,2
148648,4.9258,49.70123,2
148649,4.92602,49.70138,2
148650,4.92614,49.70129,2
148651,4.92627,49.70139,2
148652,4.92649,49.70141,2
148653,4.92733,49.7004,2
148654,4.92733,49.7004,2
148655,4.92624,49.70153,2
148656,4.92613,49.70171,2
148657,4.92599,49.70183,2
148658,4.92585,49.70194,2
148659,4.92572,49.70206,2
148660,4.92552,49.70217,2
148661,4.92721,49.70061,2
148662,4.92722,49.70058,2
148663,4.92723,49.70057,2
148664,4.92724,49.70056,2
148665,4.92725,49.70054,2
148666,4.92725,49.70053,2
148667,4.92726,49.70052,2
148668,4.92727,49.7005,2
148669,4.92192,49.70433,2
148670,4.92728,49.70049,2
148671,4.92728,49.70048,2
148672,4.92729,49.70047,2
148673,4.9273,49.70045,2
148674,4.92731,49.70044,2
148675,4.92722,49.70059,2
148676,4.92641,49.70165,2
148677,4.92919,49.70342,2
148678,4.92653,49.70174,2
148679,4.92919,49.70342,2
148680,4.92666,49.70183,2
148681,4.92678,49.70192,2
148682,4.92691,49.70201,2
148683,4.92704,49.7021,2
148684,4.92716,49.70219,2
148685,4.92729,49.70228,2
148686,4.92752,49.70226,2
148687,4.92728,49.7021,2
148688,4.92317,49.70423,2
148689,4.92682,49.70177,2
148690,4.92741,49.70236,2
148691,4.92754,49.70245,2
148692,4.92767,49.70254,2
148693,4.92777,49.70243,2
148694,4.92818,49.70208,2
148695,4.92789,49.70223,2
148696,4.92801,49.70204,2
148697,4.92716,49.70068,2
148698,4.92833,49.70276,2
148699,4.92852,49.70259,2
148700,4.9287,49.70241,2
148701,4.92805,49.70353,2
148702,4.92704,49.70637,2
148703,4.92876,49.70257,2
148704,4.92851,49.7028,2
148705,4.928,49.70307,2
148706,4.92782,49.70346,2
148707,4.92757,49.7035,2
148708,4.92902,49.70296,2
148709,4.92926,49.70285,2
148710,4.9295,49.70274,2
148711,4.92936,49.70295,2
148712,4.92896,49.70312,2
148713,4.92891,49.70322,2
148714,4.92919,49.70342,2
148715,4.92948,49.70361,2
148716,4.92891,49.70339,2
148717,4.92833,49.70385,2
148718,4.92873,49.70327,2
148719,4.92833,49.7034,2
148720,4.92846,49.7032,2
148721,4.92771,49.70353,2
148722,4.92805,49.70353,2
148723,4.92805,49.70353,2
148724,4.92743,49.7038,2
148725,4.92731,49.70387,2
148726,4.92716,49.70396,2
148727,4.92701,49.70405,2
148728,4.92809,49.70174,2
148729,4.92686,49.70414,2
148730,4.92657,49.70433,2
148731,4.92642,49.70442,2
148732,4.90072,49.69382,2
148733,4.926012,49.704659,2
148734,4.92596,49.70477,2
148735,4.92582,49.70489,2
148736,4.92674,49.70406,2
148737,4.92639,49.70427,2
148738,4.92612,49.70446,2
148739,4.90072,49.69382,2
148740,4.92553,49.70513,2
148741,4.92539,49.70525,2
148742,4.92524,49.70537,2
148743,4.9251,49.70548,2
148744,4.92565,49.70484,2
148745,4.92513,49.70527,2
148746,4.92487,49.70548,2
148747,4.92467,49.70566,2
148748,4.90072,49.69382,2
148749,4.92495,49.7056,2
148750,4.92535,49.70581,2
148751,4.92563,49.70595,2
148752,4.92586,49.70607,2
148753,4.92609,49.70619,2
148754,4.92609,49.70619,2
148755,4.92609,49.70619,2
148756,4.92609,49.70619,2
148757,4.92606,49.70533,2
148758,4.92632,49.70506,2
148759,4.92576,49.70558,2
148760,4.92561,49.70571,2
148761,4.92591,49.70545,2
148762,4.92622,49.7052,2
148763,4.92659,49.70643,2
148764,4.92772,49.70702,2
148765,4.92772,49.70702,2
148766,4.92772,49.70702,2
148767,4.92772,49.70702,2
148768,4.92756,49.706,2
148769,4.92839,49.70538,2
148770,4.92487,49.70568,2
148771,4.92212,49.70432,2
148772,4.92482,49.70572,2
148773,4.90072,49.69382,2
148774,4.92243,49.70409,2
148775,4.92467,49.70587,2
148776,4.92468,49.70395,2
148777,4.92215,49.70425,2
148778,4.92468,49.70395,2
148779,4.90072,49.69382,2
148780,4.924,49.70626,2
148781,4.90072,49.69382,2
148782,4.92382,49.70642,2
148783,4.92365,49.70657,2
148784,4.92347,49.70672,2
148785,4.92388,49.70656,2
148786,4.92388,49.70656,2
148787,4.9233,49.70688,2
148788,4.92289,49.70691,2
148789,4.90072,49.69382,2
148790,4.92347,49.70672,2
148791,4.92288,49.7072,2
148792,4.90072,49.69382,2
148793,4.92288,49.7072,2
148794,4.92295,49.70732,2
148795,4.92825,49.70395,2
148796,4.92865,49.70395,2
148797,4.92865,49.70408,2
148798,4.92493,49.70161,2
148799,4.92914,49.70411,2
148800,4.9293,49.70416,2
148801,4.93005,49.70438,2
148802,4.92965,49.70443,2
148803,4.92916,49.70498,2
148804,4.92944,49.70459,2
148805,4.92923,49.70475,2
148806,4.9286,49.70522,2
148807,4.92958,49.70467,2
148808,4.92993,49.70448,2
148809,4.93054,49.70451,2
148810,4.93036,49.70439,2
148811,4.93017,49.70426,2
148812,4.92999,49.70414,2
148813,4.92981,49.70401,2
148814,4.92963,49.70389,2
148815,4.92945,49.70376,2
148816,4.92927,49.70364,2
148817,4.93033,49.7042,2
148818,4.93097,49.70413,2
148819,4.93121,49.70387,2
148820,4.93144,49.7035,2
148821,4.93115,49.70335,2
148822,4.93085,49.70321,2
148823,4.93057,49.70306,2
148824,4.93028,49.7029,2
148825,4.93,49.70275,2
148826,4.920205,49.702689,2
148827,4.920081,49.702701,2
148828,4.920081,49.702701,2
148829,4.920081,49.702701,2
148830,4.919576,49.702307,2
148831,4.919576,49.702307,2
148832,4.919576,49.702307,2
148833,4.919576,49.702307,2
148834,4.920002,49.701687,2
148835,4.920002,49.701687,2
148836,4.920002,49.701687,2
148837,4.920002,49.701687,2
148838,4.920002,49.701687,2
148839,4.919832,49.701898,2
148840,4.92415,49.70135,2
148841,4.919832,49.701898,2
148842,4.92852,49.70259,2
148843,4.919911,49.701806,2
148844,4.919911,49.701806,2
148845,4.919911,49.701806,2
148846,4.919911,49.701806,2
148847,4.919911,49.701806,2
148848,4.919911,49.701806,2
148849,4.919911,49.701806,2
148850,4.919911,49.701806,2
148851,4.919911,49.701806,2
148852,4.920349,49.701428,2
148853,4.920349,49.701428,2
148854,4.91995,49.70108,2
148855,4.920349,49.701428,2
148856,4.920349,49.701428,2
148857,4.920376,49.701419,2
148858,4.920376,49.701419,2
148859,4.920389,49.70141,2
148860,4.920946,49.701182,2
148861,4.92096,49.701182,2
148862,4.920946,49.701182,2
148863,4.920946,49.701182,2
148864,4.920946,49.701182,2
148865,4.92054,49.70083,2
148866,4.920755,49.70124,2
148867,4.920755,49.70124,2
148868,4.92144,49.70168,2
148869,4.92152,49.70168,2
148870,4.92209,49.70451,2
148871,4.92145,49.70177,2
148872,4.92218,49.70461,2
148873,4.92152,49.70168,2
148874,4.92146,49.70186,2
148875,4.92152,49.70168,2
148876,4.92146,49.70195,2
148877,4.92143,49.70124,2
148878,4.92144,49.70158,2
148879,4.92162,49.7016,2
148880,4.92147,49.70205,2
148881,4.92162,49.7016,2
148882,4.92147,49.70214,2
148883,4.92164,49.70199,2
148884,4.92146,49.70214,2
148885,4.92135,49.70216,2
148886,4.92128,49.70216,2
148887,4.9212,49.70217,2
148888,4.92113,49.70217,2
148889,4.92106,49.70218,2
148890,4.92099,49.70218,2
148891,4.92091,49.70219,2
148892,4.92083,49.70219,2
148893,4.92076,49.7022,2
148894,4.92236,49.70404,2
148895,4.92068,49.70221,2
148896,4.92235,49.70205,2
148897,4.92206,49.70415,2
148898,4.92057,49.70222,2
148899,4.92235,49.70205,2
148900,4.92165,49.70402,2
148901,4.92043,49.70223,2
148902,4.92235,49.70205,2
148903,4.92171,49.70413,2
148904,4.92028,49.70224,2
148905,4.92343,49.70044,2
148906,4.92178,49.70423,2
148907,4.92013,49.70225,2
148908,4.92326,49.70049,2
148909,4.92187,49.70431,2
148910,4.91999,49.70226,2
148911,4.92309,49.70054,2
148912,4.9217,49.70218,2
148913,4.9217,49.70218,2
148914,4.92251,49.70367,2
148915,4.92328,49.70443,2
148916,4.9236,49.70476,2
148917,4.92371,49.70487,2
148918,4.92381,49.70498,2
148919,4.92331,49.705,2
148920,4.92317,49.70489,2
148921,4.92302,49.70496,2
148922,4.92314,49.70506,2
148923,4.92326,49.70516,2
148924,4.92339,49.70525,2
148925,4.92357,49.70522,2
148926,4.92786,49.70267,2
148927,4.92374,49.70516,2
148928,4.92391,49.70509,2
148929,4.92399,49.70517,2
148930,4.92424,49.70542,2
148931,4.92448,49.70567,2
148932,4.92964,49.70256,2
148933,4.9243,49.70526,2
148934,4.92921,49.70234,2
148935,4.92411,49.70507,2
148936,4.92397,49.70492,2
148937,4.92886,49.70216,2
148938,4.92386,49.70481,2
148939,4.9286,49.70202,2
148940,4.92375,49.7047,2
148941,4.92364,49.70459,2
148942,4.92834,49.70188,2
148943,4.92389,49.70447,2
148944,4.92862,49.70188,2
148945,4.92416,49.70438,2
148946,4.92431,49.7045,2
148947,4.92881,49.70198,2
148948,4.92717,49.70067,2
148949,4.92445,49.70462,2
148950,4.92843,49.70177,2
148951,4.92459,49.70455,2
148952,4.92201,49.70442,2
148953,4.92445,49.70443,2
148954,4.92809,49.70174,2
148955,4.9243,49.70431,2
148956,4.92809,49.70174,2
148957,4.92759,49.70147,2
148958,4.92432,49.70421,2
148959,4.92784,49.70161,2
148960,4.92447,49.70401,2
148961,4.92708,49.7012,2
148962,4.92466,49.7041,2
148963,4.92483,49.70421,2
148964,4.92559,49.70048,2
148965,4.92499,49.70415,2
148966,4.92552,49.70062,2
148967,4.92489,49.70408,2
148968,4.92545,49.70076,2
148969,4.92479,49.70402,2
148970,4.92498,49.70095,2
148971,4.92468,49.70395,2
148972,4.92458,49.70388,2
148973,4.92472,49.70097,2
148974,4.92267,49.70392,2
148975,4.92498,49.70095,2
148976,4.92453,49.70382,2
148977,4.92472,49.70097,2
148978,4.92245,49.70414,2
148979,4.92449,49.70371,2
148980,4.92532,49.70186,2
148981,4.92276,49.70402,2
148982,4.92444,49.7036,2
148983,4.92624,49.70153,2
148984,4.9244,49.70348,2
148985,4.92532,49.70186,2
148986,4.92833,49.70385,2
148987,4.92436,49.70337,2
148988,4.92521,49.70195,2
148989,4.92833,49.70385,2
148990,4.92431,49.70326,2
148991,4.92891,49.70339,2
148992,4.92415,49.70332,2
148993,4.9217,49.70218,2
148994,4.92772,49.70702,2
148995,4.92421,49.70348,2
148996,4.9217,49.70218,2
148997,4.92778,49.7038,2
148998,4.92428,49.70365,2
148999,4.92898,49.70418,2
149000,4.92434,49.70382,2
149001,4.9217,49.70218,2
149002,4.92404,49.70379,2
149003,4.93062,49.7044,2
149004,4.92376,49.70376,2
149005,4.92521,49.70195,2
149006,4.92367,49.70387,2
149007,4.92809,49.70174,2
149008,4.92521,49.70195,2
149009,4.92809,49.70174,2
149010,4.92385,49.70389,2
149011,4.92402,49.70391,2
149012,4.92521,49.70195,2
149013,4.92719,49.70064,2
149014,4.92419,49.70392,2
149015,4.92521,49.70195,2
149016,4.92576,49.70003,2
149017,4.92436,49.70394,2
149018,4.92472,49.70097,2
149019,4.92291,49.70386,2
149020,4.92456,49.70186,2
149021,4.92285,49.70379,2
149022,4.92493,49.70242,2
149023,4.92278,49.70373,2
149024,4.92272,49.70367,2
149025,4.92493,49.70242,2
149026,4.92266,49.70361,2
149027,4.92447,49.70176,2
149028,4.9226,49.70354,2
149029,4.92428,49.70186,2
149030,4.92253,49.70348,2
149031,4.92247,49.70342,2
149032,4.92405,49.7019,2
149033,4.9272,49.70062,2
149034,4.92381,49.70192,2
149035,4.92436,49.70197,2
149036,4.9241,49.70201,2
149037,4.92384,49.70203,2
149038,4.92358,49.70206,2
149039,4.92332,49.70208,2
149040,4.92306,49.7021,2
149041,4.92356,49.70194,2
149042,4.94393,49.70238,2
149043,4.92332,49.70196,2
149044,4.94393,49.70238,2
149045,4.92308,49.70199,2
149046,4.92283,49.70201,2
149047,4.92259,49.70203,2
149048,4.92235,49.70205,2
149049,4.92227,49.7047,2
149050,4.92176,49.70213,2
149051,4.92235,49.70479,2
149052,4.92163,49.70213,2
149053,4.92244,49.70488,2
149054,4.92279,49.70213,2
149055,4.92253,49.70498,2
149056,4.92253,49.70215,2
149057,4.92261,49.70507,2
149058,4.92227,49.70218,2
149059,4.9227,49.70516,2
149060,4.92201,49.7022,2
149061,4.92317,49.70423,2
149062,4.92176,49.70224,2
149063,4.92163,49.70224,2
149064,4.92149,49.70229,2
149065,4.92152,49.70246,2
149066,4.92054,49.70267,2
149067,4.92056,49.70277,2
149068,4.92127,49.7026,2
149069,4.92129,49.70267,2
149070,4.9213,49.70273,2
149071,4.67455,49.42504,2
149072,4.67455,49.42504,2
149073,4.67455,49.42504,2
149074,4.67455,49.42504,2
149075,4.67455,49.42504,2
149076,4.67455,49.42504,2
149077,4.67455,49.42504,2
149078,4.67455,49.42504,2
149079,4.67455,49.42504,2
149080,4.67455,49.42504,2
149081,4.67455,49.42504,2
149082,4.67455,49.42504,2
149083,4.67455,49.42504,2
149084,4.67455,49.42504,2
149085,4.67455,49.42504,2
149086,4.67455,49.42504,2
149087,4.67455,49.42504,2
149088,4.67455,49.42504,2
149089,4.67455,49.42504,2
149090,4.67455,49.42504,2
149091,4.67455,49.42504,2
149092,4.67455,49.42504,2
149093,4.67455,49.42504,2
149094,4.67455,49.42504,2
149095,4.67455,49.42504,2
149096,4.67455,49.42504,2
149097,4.67455,49.42504,2
149098,4.67455,49.42504,2
149099,4.67455,49.42504,2
149100,4.67455,49.42504,2
149101,4.67455,49.42504,2
149102,4.67455,49.42504,2
149103,4.67455,49.42504,2
149104,4.67455,49.42504,2
149105,4.67455,49.42504,2
149106,4.67455,49.42504,2
149107,4.67455,49.42504,2
149108,4.67455,49.42504,2
149109,4.67455,49.42504,2
149110,4.67684,49.42625,2
149111,4.67684,49.42625,2
149112,4.67684,49.42625,2
149113,4.67684,49.42625,2
149114,4.67684,49.42625,2
149115,4.67684,49.42625,2
149116,4.676766,49.426505,2
149117,4.67623,49.42602,2
149118,4.67883,49.42346,2
149119,4.67623,49.42602,2
149120,4.67623,49.42602,2
149121,4.67965,49.42785,2
149122,4.67623,49.42602,2
149123,4.67623,49.42602,2
149124,4.67623,49.42602,2
149125,4.67623,49.42602,2
149126,4.67606,49.42613,2
149127,4.67606,49.42613,2
149128,4.67606,49.42613,2
149129,4.67606,49.42613,2
149130,4.67623,49.42602,2
149131,4.67455,49.42504,2
149132,4.67623,49.42602,2
149133,4.67952,49.42625,2
149134,4.67952,49.42625,2
149135,4.67952,49.42625,2
149136,4.67952,49.42625,2
149137,4.67952,49.42625,2
149138,4.67952,49.42625,2
149139,4.67952,49.42625,2
149140,4.67952,49.42625,2
149141,4.67952,49.42625,2
149142,4.67952,49.42625,2
149143,4.67965,49.42785,2
149144,4.67965,49.42785,2
149145,4.67965,49.42785,2
149146,4.67965,49.42785,2
149147,4.67965,49.42785,2
149148,4.67874,49.42794,2
149149,4.67874,49.42794,2
149150,4.67874,49.42794,2
149151,4.67896,49.42808,2
149152,4.67965,49.42785,2
149153,4.67965,49.42785,2
149154,4.67965,49.42785,2
149155,4.67952,49.42625,2
149156,4.67965,49.42785,2
149157,4.67952,49.42625,2
149158,4.67965,49.42785,2
149159,4.6803,49.42746,2
149160,4.6803,49.42746,2
149161,4.680294,49.428027,2
149162,4.67965,49.42785,2
149163,4.67965,49.42785,2
149164,4.67965,49.42785,2
149165,4.67965,49.42785,2
149166,4.67965,49.42785,2
149167,4.68099,49.42709,2
149168,4.67965,49.42785,2
149169,4.67965,49.42785,2
149170,4.67965,49.42785,2
149171,4.67965,49.42785,2
149172,4.67965,49.42785,2
149173,4.68099,49.42709,2
149174,4.67965,49.42785,2
149175,4.67965,49.42785,2
149176,4.68099,49.42709,2
149177,4.67965,49.42785,2
149178,4.68099,49.42709,2
149179,4.6803,49.42746,2
149180,4.6803,49.42746,2
149181,4.67952,49.42625,2
149182,4.67952,49.42625,2
149183,4.67729,49.42586,2
149184,4.67952,49.42625,2
149185,4.678796,49.42599,2
149186,4.67952,49.42625,2
149187,4.67952,49.42625,2
149188,4.67952,49.42625,2
149189,4.67952,49.42625,2
149190,4.67952,49.42625,2
149191,4.67952,49.42625,2
149192,4.67952,49.42625,2
149193,4.67952,49.42625,2
149194,4.67952,49.42625,2
149195,4.67952,49.42625,2
149196,4.68069,49.42571,2
149197,4.68069,49.42571,2
149198,4.68069,49.42571,2
149199,4.67952,49.42625,2
149200,4.68069,49.42571,2
149201,4.67952,49.42625,2
149202,4.67952,49.42625,2
149203,4.67952,49.42625,2
149204,4.67952,49.42625,2
149205,4.68099,49.42709,2
149206,4.68212,49.42515,2
149207,4.68099,49.42709,2
149208,4.67883,49.42346,2
149209,4.67883,49.42346,2
149210,4.67762,49.42512,2
149211,4.67883,49.42346,2
149212,4.678452,49.423902,2
149213,4.67805,49.42366,2
149214,4.678452,49.423902,2
149215,4.67805,49.42366,2
149216,4.679074,49.423028,2
149217,4.679151,49.422918,2
149218,4.67883,49.42346,2
149219,4.679721,49.422125,2
149220,4.680641,49.420849,2
149221,4.680641,49.420849,2
149222,4.67982,49.42445,2
149223,4.680879,49.438719,2
149224,4.67982,49.42445,2
149225,4.67982,49.42445,2
149226,4.67982,49.42445,2
149227,4.67982,49.42445,2
149228,4.67982,49.42445,2
149229,4.67909,49.42543,2
149230,4.67909,49.42543,2
149231,4.67909,49.42543,2
149232,4.67982,49.42445,2
149233,4.67982,49.42484,2
149234,4.687865,49.426676,2
149235,4.67982,49.42445,2
149236,4.67982,49.42445,2
149237,4.67982,49.42445,2
149238,4.67982,49.42445,2
149239,4.68069,49.42571,2
149240,4.67982,49.42445,2
149241,4.67982,49.42445,2
149242,4.67982,49.42445,2
149243,4.68004,49.42335,2
149244,4.68212,49.42515,2
149245,4.68212,49.42515,2
149246,4.68212,49.42515,2
149247,4.68934,49.42715,2
149248,4.68934,49.42715,2
149249,4.68934,49.42715,2
149250,4.68934,49.42715,2
149251,4.68934,49.42715,2
149252,4.68934,49.42715,2
149253,4.68705,49.42642,2
149254,4.68705,49.42642,2
149255,4.68705,49.42642,2
149256,4.68705,49.42642,2
149257,4.68705,49.42642,2
149258,4.68705,49.42642,2
149259,4.68705,49.42642,2
149260,4.68705,49.42642,2
149261,4.68088,49.438728,2
149262,4.67455,49.42504,2
149263,4.67965,49.42785,2
149264,4.67982,49.42445,2
149265,4.67455,49.42504,2
149266,4.67455,49.42504,2
149267,4.67952,49.42625,2
149268,4.67952,49.42625,2
149269,4.67952,49.42625,2
149270,4.68099,49.42709,2
149271,4.67952,49.42625,2
149272,4.67952,49.42625,2
149273,4.67883,49.42346,2
149274,4.67883,49.42346,2
149275,4.67909,49.42543,2
149276,4.67982,49.42445,2
149277,4.684323,49.426349,2
149278,4.68705,49.42642,2
149279,4.67952,49.42625,2
149280,4.68069,49.42571,2
149281,4.68212,49.42515,2
149282,4.76605,49.85129,2
149283,4.76605,49.85129,2
149284,4.7662,49.85167,2
149285,4.76588,49.84931,2
149286,4.76633,49.85031,2
149287,4.76588,49.84931,2
149288,4.76544,49.84902,2
149289,4.76172,49.85324,2
149290,4.76613,49.85127,2
149291,4.7662,49.85167,2
149292,4.76654,49.85093,2
149293,4.7662,49.85167,2
149294,4.7662,49.85167,2
149295,4.76622,49.85161,2
149296,4.76593,49.85204,2
149297,4.70296,49.77986,2
149298,4.70287,49.77969,2
149299,4.70335,49.77897,2
149300,4.71183,49.7771,2
149301,4.49133,49.89151,2
149302,4.49314,49.89513,2
149303,4.494198,49.887478,2
149304,4.49673,49.88822,2
149305,4.492671,49.886885,2
149306,4.4755,49.88084,2
149307,4.489226,49.884961,2
149308,4.4995,49.88655,2
149309,4.50659,49.89817,2
149310,4.49288,49.88702,2
149311,4.49673,49.88822,2
149312,4.47857,49.91661,2
149313,4.47515,49.91522,2
149314,4.46793,49.92471,2
149315,4.472902,49.923196,2
149316,4.466601,49.934156,2
149317,4.48566,49.94197,2
149318,4.48566,49.94197,2
149319,4.51161,49.94367,2
149320,4.49427,49.92964,2
149321,4.487382,49.930387,2
149322,4.46793,49.92471,2
149323,4.48562,49.9307,2
149324,4.47152,49.92964,2
149325,4.50737,49.64909,2
149326,4.49574,49.65371,2
149327,4.49349,49.64965,2
149328,4.496505,49.651113,2
149329,4.49574,49.64724,2
149330,4.48367,49.64447,2
149331,4.48012,49.6427,2
149332,4.47061,49.64183,2
149333,4.502218,49.646168,2
149334,4.50175,49.64617,2
149335,4.502052,49.62955,2
149336,4.50127,49.62998,2
149337,4.50127,49.62998,2
149338,4.50253,49.62951,2
149339,4.50253,49.62951,2
149340,4.50422,49.62962,2
149341,4.50127,49.62998,2
149342,4.50422,49.62962,2
149343,4.47679,49.61925,2
149344,4.47606,49.64494,2
149345,4.45932,49.61502,2
149346,4.45577,49.62004,2
149347,4.44561,49.62021,2
149348,4.45508,49.63295,2
149349,4.47904,49.62763,2
149350,4.50413,49.62954,2
149351,4.469373,49.62801,2
149352,4.50171,49.62948,2
149353,4.7296,50.08265,2
149354,4.7296,50.08265,2
149355,4.72967,50.08255,2
149356,4.72967,50.08255,2
149357,4.730144,50.081467,2
149358,4.73104,50.08317,2
149359,4.73017,50.08026,2
149360,4.73104,50.08317,2
149361,4.73268,50.0847,2
149362,4.73268,50.0847,2
149363,4.73268,50.0847,2
149364,4.729632,50.075074,2
149365,4.72982,50.07515,2
149366,4.72982,50.07515,2
149367,4.73017,50.08026,2
149368,4.729,50.0776,2
149369,4.72982,50.07515,2
149370,4.6306,49.41584,2
149371,4.63265,49.41788,2
149372,4.63056,49.41581,2
149373,4.631335,49.416191,2
149374,4.63302,49.42417,2
149375,4.63056,49.41581,2
149376,4.63302,49.42417,2
149377,4.36862,49.51324,2
149378,4.37549,49.51237,2
149379,4.38332,49.51254,2
149380,4.388553,49.514918,2
149381,4.36931,49.51102,2
149382,4.36811,49.512,2
149383,4.36804,49.51216,2
149384,4.36862,49.51324,2
149385,4.37108,49.51105,2
149386,4.3703,49.51456,2
149387,4.3703,49.51456,2
149388,4.3703,49.51456,2
149389,4.36862,49.51324,2
149390,4.38332,49.51254,2
149391,4.38332,49.51254,2
149392,4.37601,49.5115,2
149393,4.36944,49.51372,2
149394,4.36944,49.51372,2
149395,4.92576,49.70003,2
149396,4.92152,49.70168,2
149397,4.92671,49.70134,2
149398,4.92814,49.70341,2
149399,4.92546,49.70509,2
149400,4.92057,49.70137,2
149401,4.92429,49.70409,2
149402,4.92671,49.70134,2
149403,4.92416,49.70121,2
149404,4.92243,49.70409,2
149405,4.92814,49.70341,2
149406,4.92708,49.7012,2
149407,4.92146,49.70195,2
149408,4.67455,49.42504,2
149409,4.67455,49.42504,2
149410,4.67455,49.42504,2
149411,4.67684,49.42625,2
149412,4.67455,49.42504,2
149413,4.67952,49.42625,2
149414,4.67909,49.42543,2
149415,4.67883,49.42346,2
149416,4.67762,49.42512,2
149417,4.68934,49.42715,2
149418,4.67623,49.42602,2
149419,4.68934,49.42715,2
149420,4.67455,49.42504,2
