"ID","Longitude","Latitude","ServiceTime (min)"
157549,4.72633,49.75119,2
157550,4.72633,49.75119,2
157551,4.72001,49.76042,2
157552,4.71991,49.7605,2
157553,4.71991,49.7605,2
157554,4.72042,49.75967,2
157555,4.72068,49.75948,2
157556,4.72078,49.7594,2
157557,4.72088,49.75933,2
157558,4.71967,49.75959,2
157559,4.71967,49.75959,2
157560,4.71967,49.75959,2
157561,4.71967,49.75959,2
157562,4.71967,49.75959,2
157563,4.71967,49.75959,2
157564,4.71967,49.75959,2
157565,4.71967,49.75959,2
157566,4.71967,49.75959,2
157567,4.71967,49.75959,2
157568,4.71989,49.75927,2
157569,4.71989,49.75927,2
157570,4.71989,49.75927,2
157571,4.71989,49.75927,2
157572,4.71989,49.75927,2
157573,4.71989,49.75927,2
157574,4.71989,49.75927,2
157575,4.71989,49.75927,2
157576,4.71989,49.75927,2
157577,4.71989,49.75927,2
157578,4.71902,49.76123,2
157579,4.71992,49.7591,2
157580,4.71992,49.7591,2
157581,4.71992,49.7591,2
157582,4.71992,49.7591,2
157583,4.71992,49.7591,2
157584,4.71992,49.7591,2
157585,4.71992,49.7591,2
157586,4.71992,49.7591,2
157587,4.71992,49.7591,2
157588,4.71992,49.7591,2
157589,4.71992,49.7591,2
157590,4.71996,49.75893,2
157591,4.71996,49.75893,2
157592,4.71996,49.75893,2
157593,4.71996,49.75893,2
157594,4.71996,49.75893,2
157595,4.71996,49.75893,2
157596,4.71996,49.75893,2
157597,4.71996,49.75893,2
157598,4.71996,49.75893,2
157599,4.71996,49.75893,2
157600,4.72011,49.75875,2
157601,4.72011,49.75875,2
157602,4.72011,49.75875,2
157603,4.72011,49.75875,2
157604,4.72011,49.75875,2
157605,4.72011,49.75875,2
157606,4.72011,49.75875,2
157607,4.72011,49.75875,2
157608,4.72011,49.75875,2
157609,4.72011,49.75875,2
157610,4.72038,49.75867,2
157611,4.72038,49.75867,2
157612,4.72038,49.75867,2
157613,4.72038,49.75867,2
157614,4.72038,49.75867,2
157615,4.72038,49.75867,2
157616,4.72038,49.75867,2
157617,4.71901,49.76069,2
157618,4.72038,49.75867,2
157619,4.71901,49.76069,2
157620,4.71901,49.76069,2
157621,4.72038,49.75867,2
157622,4.71901,49.76069,2
157623,4.72038,49.75867,2
157624,4.71901,49.76069,2
157625,4.71993,49.76001,2
157626,4.71993,49.76001,2
157627,4.71993,49.76001,2
157628,4.71993,49.76001,2
157629,4.71993,49.76001,2
157630,4.71993,49.76001,2
157631,4.71993,49.76001,2
157632,4.71993,49.76001,2
157633,4.71993,49.76001,2
157634,4.71993,49.76001,2
157635,4.71971,49.75988,2
157636,4.71971,49.75988,2
157637,4.71971,49.75988,2
157638,4.71971,49.75988,2
157639,4.71971,49.75988,2
157640,4.71971,49.75988,2
157641,4.71971,49.75988,2
157642,4.71971,49.75988,2
157643,4.71971,49.75988,2
157644,4.71971,49.75988,2
157645,4.71971,49.75988,2
157646,4.71971,49.75988,2
157647,4.71971,49.75988,2
157648,4.71971,49.75988,2
157649,4.71971,49.75988,2
157650,4.71933,49.76066,2
157651,4.71979,49.76063,2
157652,4.72001,49.76042,2
157653,4.71993,49.76067,2
157654,4.72001,49.76042,2
157655,4.71995,49.76088,2
157656,4.72001,49.76042,2
157657,4.72001,49.76042,2
157658,4.72001,49.76042,2
157659,4.71991,49.7605,2
157660,4.71991,49.7605,2
157661,4.72001,49.76042,2
157662,4.72001,49.76042,2
157663,4.72102,49.75923,2
157664,4.72001,49.76042,2
157665,4.72001,49.76042,2
157666,4.72001,49.76042,2
157667,4.72001,49.76042,2
157668,4.71997,49.76005,2
157669,4.72001,49.76042,2
157670,4.72001,49.76042,2
157671,4.72293,49.75915,2
157672,4.72001,49.76042,2
157673,4.72293,49.75915,2
157674,4.72306,49.75949,2
157675,4.72001,49.76042,2
157676,4.72306,49.75949,2
157677,4.72306,49.75949,2
157678,4.72001,49.76042,2
157679,4.72306,49.75949,2
157680,4.72306,49.75949,2
157681,4.72001,49.76042,2
157682,4.7232,49.75982,2
157683,4.7233,49.76016,2
157684,4.72001,49.76042,2
157685,4.72317,49.7607,2
157686,4.72001,49.76042,2
157687,4.72317,49.7607,2
157688,4.7233,49.76079,2
157689,4.72001,49.76042,2
157690,4.7233,49.76079,2
157691,4.72326,49.76093,2
157692,4.72001,49.76042,2
157693,4.72326,49.76093,2
157694,4.72322,49.76107,2
157695,4.72001,49.76042,2
157696,4.72322,49.76107,2
157697,4.72317,49.76121,2
157698,4.72001,49.76042,2
157699,4.72317,49.76121,2
157700,4.72313,49.76135,2
157701,4.71997,49.76005,2
157702,4.72313,49.76135,2
157703,4.72313,49.76135,2
157704,4.71997,49.76005,2
157705,4.72309,49.76149,2
157706,4.72309,49.76149,2
157707,4.71997,49.76005,2
157708,4.71997,49.76005,2
157709,4.72293,49.75915,2
157710,4.72293,49.75915,2
157711,4.72293,49.75915,2
157712,4.72293,49.75915,2
157713,4.72293,49.75915,2
157714,4.72293,49.75915,2
157715,4.72293,49.75915,2
157716,4.72293,49.75915,2
157717,4.72306,49.75949,2
157718,4.72306,49.75949,2
157719,4.72306,49.75949,2
157720,4.72306,49.75949,2
157721,4.72306,49.75949,2
157722,4.72306,49.75949,2
157723,4.72306,49.75949,2
157724,4.7232,49.75982,2
157725,4.7232,49.75982,2
157726,4.7232,49.75982,2
157727,4.7232,49.75982,2
157728,4.71919,49.76079,2
157729,4.7232,49.75982,2
157730,4.7232,49.75982,2
157731,4.7232,49.75982,2
157732,4.7232,49.75982,2
157733,4.7233,49.76016,2
157734,4.7233,49.76016,2
157735,4.7233,49.76016,2
157736,4.7233,49.76016,2
157737,4.7233,49.76016,2
157738,4.7233,49.76016,2
157739,4.7233,49.76016,2
157740,4.7233,49.76016,2
157741,4.7233,49.76016,2
157742,4.7233,49.76016,2
157743,4.7233,49.76016,2
157744,4.7233,49.76016,2
157745,4.7233,49.76016,2
157746,4.72317,49.7607,2
157747,4.72317,49.7607,2
157748,4.72317,49.7607,2
157749,4.72317,49.7607,2
157750,4.72317,49.7607,2
157751,4.72317,49.7607,2
157752,4.72317,49.7607,2
157753,4.72317,49.7607,2
157754,4.72317,49.7607,2
157755,4.72317,49.7607,2
157756,4.72317,49.7607,2
157757,4.72317,49.7607,2
157758,4.72317,49.7607,2
157759,4.72317,49.7607,2
157760,4.7233,49.76079,2
157761,4.7233,49.76079,2
157762,4.7233,49.76079,2
157763,4.7233,49.76079,2
157764,4.7233,49.76079,2
157765,4.7233,49.76079,2
157766,4.7233,49.76079,2
157767,4.7233,49.76079,2
157768,4.7233,49.76079,2
157769,4.7233,49.76079,2
157770,4.7233,49.76079,2
157771,4.7233,49.76079,2
157772,4.7233,49.76079,2
157773,4.7233,49.76079,2
157774,4.72326,49.76093,2
157775,4.72326,49.76093,2
157776,4.72326,49.76093,2
157777,4.72326,49.76093,2
157778,4.72326,49.76093,2
157779,4.72326,49.76093,2
157780,4.72326,49.76093,2
157781,4.72326,49.76093,2
157782,4.72326,49.76093,2
157783,4.72326,49.76093,2
157784,4.72326,49.76093,2
157785,4.72326,49.76093,2
157786,4.72326,49.76093,2
157787,4.72326,49.76093,2
157788,4.72322,49.76107,2
157789,4.72322,49.76107,2
157790,4.72322,49.76107,2
157791,4.72322,49.76107,2
157792,4.72322,49.76107,2
157793,4.72322,49.76107,2
157794,4.72322,49.76107,2
157795,4.72322,49.76107,2
157796,4.72322,49.76107,2
157797,4.72322,49.76107,2
157798,4.72322,49.76107,2
157799,4.72322,49.76107,2
157800,4.72322,49.76107,2
157801,4.72322,49.76107,2
157802,4.72317,49.76121,2
157803,4.72317,49.76121,2
157804,4.72317,49.76121,2
157805,4.72317,49.76121,2
157806,4.72317,49.76121,2
157807,4.72317,49.76121,2
157808,4.72317,49.76121,2
157809,4.72317,49.76121,2
157810,4.72317,49.76121,2
157811,4.72317,49.76121,2
157812,4.72317,49.76121,2
157813,4.72317,49.76121,2
157814,4.72317,49.76121,2
157815,4.72313,49.76135,2
157816,4.72313,49.76135,2
157817,4.72313,49.76135,2
157818,4.72313,49.76135,2
157819,4.72313,49.76135,2
157820,4.72313,49.76135,2
157821,4.72313,49.76135,2
157822,4.72313,49.76135,2
157823,4.72313,49.76135,2
157824,4.72313,49.76135,2
157825,4.72313,49.76135,2
157826,4.72313,49.76135,2
157827,4.72313,49.76135,2
157828,4.72313,49.76135,2
157829,4.72309,49.76149,2
157830,4.72309,49.76149,2
157831,4.72309,49.76149,2
157832,4.72309,49.76149,2
157833,4.72309,49.76149,2
157834,4.72309,49.76149,2
157835,4.72309,49.76149,2
157836,4.72309,49.76149,2
157837,4.72309,49.76149,2
157838,4.72309,49.76149,2
157839,4.72309,49.76149,2
157840,4.72309,49.76149,2
157841,4.72309,49.76149,2
157842,4.72309,49.76149,2
157843,4.72256,49.76127,2
157844,4.72256,49.76127,2
157845,4.72256,49.76127,2
157846,4.72256,49.76127,2
157847,4.72256,49.76127,2
157848,4.72256,49.76127,2
157849,4.72256,49.76127,2
157850,4.72256,49.76127,2
157851,4.72256,49.76127,2
157852,4.72256,49.76127,2
157853,4.72256,49.76127,2
157854,4.72256,49.76127,2
157855,4.72256,49.76127,2
157856,4.72256,49.76127,2
157857,4.72256,49.76127,2
157858,4.72256,49.76127,2
157859,4.72256,49.76127,2
157860,4.72256,49.76127,2
157861,4.72256,49.76127,2
157862,4.72256,49.76127,2
157863,4.72256,49.76127,2
157864,4.72256,49.76127,2
157865,4.71208,49.78114,2
157866,4.71893,49.76169,2
157867,4.72256,49.76127,2
157868,4.71893,49.76169,2
157869,4.71893,49.76169,2
157870,4.72256,49.76127,2
157871,4.71893,49.76169,2
157872,4.72256,49.76127,2
157873,4.71893,49.76169,2
157874,4.72256,49.76127,2
157875,4.71893,49.76169,2
157876,4.72256,49.76127,2
157877,4.71893,49.76169,2
157878,4.72256,49.76127,2
157879,4.71904,49.76151,2
157880,4.72256,49.76127,2
157881,4.71858,49.76132,2
157882,4.71858,49.76132,2
157883,4.72256,49.76127,2
157884,4.71858,49.76132,2
157885,4.71858,49.76132,2
157886,4.72256,49.76127,2
157887,4.71903,49.76141,2
157888,4.71902,49.76132,2
157889,4.72256,49.76127,2
157890,4.71903,49.76141,2
157891,4.71902,49.76132,2
157892,4.72256,49.76127,2
157893,4.71902,49.76132,2
157894,4.72256,49.76127,2
157895,4.71902,49.76132,2
157896,4.72256,49.76127,2
157897,4.71881,49.76125,2
157898,4.72256,49.76127,2
157899,4.71903,49.76118,2
157900,4.72256,49.76127,2
157901,4.71903,49.76118,2
157902,4.71903,49.76118,2
157903,4.72256,49.76127,2
157904,4.71903,49.76118,2
157905,4.72256,49.76127,2
157906,4.71858,49.76132,2
157907,4.72256,49.76127,2
157908,4.71901,49.76101,2
157909,4.72256,49.76127,2
157910,4.71901,49.76101,2
157911,4.72256,49.76127,2
157912,4.71901,49.76101,2
157913,4.72256,49.76127,2
157914,4.71901,49.76101,2
157915,4.71901,49.76101,2
157916,4.72256,49.76127,2
157917,4.72256,49.76127,2
157918,4.71901,49.76085,2
157919,4.72256,49.76127,2
157920,4.71901,49.76085,2
157921,4.72256,49.76127,2
157922,4.71901,49.76085,2
157923,4.72256,49.76127,2
157924,4.71901,49.76085,2
157925,4.71895,49.76067,2
157926,4.72256,49.76127,2
157927,4.72256,49.76127,2
157928,4.71919,49.76103,2
157929,4.72256,49.76127,2
157930,4.71919,49.76103,2
157931,4.72256,49.76127,2
157932,4.71919,49.76103,2
157933,4.72256,49.76127,2
157934,4.71919,49.76103,2
157935,4.72256,49.76127,2
157936,4.71919,49.76103,2
157937,4.72256,49.76127,2
157938,4.71919,49.76091,2
157939,4.72256,49.76127,2
157940,4.71919,49.76079,2
157941,4.71919,49.76079,2
157942,4.72256,49.76127,2
157943,4.71919,49.76079,2
157944,4.72256,49.76127,2
157945,4.71919,49.76079,2
157946,4.72256,49.76127,2
157947,4.71933,49.76066,2
157948,4.72256,49.76127,2
157949,4.71933,49.76066,2
157950,4.72256,49.76127,2
157951,4.71933,49.76066,2
157952,4.72256,49.76127,2
157953,4.71893,49.76169,2
157954,4.71933,49.76066,2
157955,4.72256,49.76127,2
157956,4.71905,49.76169,2
157957,4.71933,49.76066,2
157958,4.72256,49.76127,2
157959,4.71933,49.76066,2
157960,4.71905,49.76169,2
157961,4.72256,49.76127,2
157962,4.71904,49.7616,2
157963,4.71933,49.76066,2
157964,4.71904,49.7616,2
157965,4.72256,49.76127,2
157966,4.71904,49.76151,2
157967,4.72256,49.76127,2
157968,4.71979,49.76063,2
157969,4.71904,49.76151,2
157970,4.71903,49.76141,2
157971,4.72256,49.76127,2
157972,4.71979,49.76063,2
157973,4.71903,49.76141,2
157974,4.72256,49.76127,2
157975,4.71979,49.76063,2
157976,4.71903,49.76141,2
157977,4.71903,49.76141,2
157978,4.72256,49.76127,2
157979,4.71979,49.76063,2
157980,4.71903,49.76141,2
157981,4.72256,49.76127,2
157982,4.71993,49.76067,2
157983,4.71902,49.76132,2
157984,4.72256,49.76127,2
157985,4.71993,49.76067,2
157986,4.72256,49.76127,2
157987,4.71993,49.76067,2
157988,4.71903,49.76118,2
157989,4.71993,49.76067,2
157990,4.71993,49.76067,2
157991,4.71901,49.76101,2
157992,4.71993,49.76067,2
157993,4.71901,49.76085,2
157994,4.71895,49.76067,2
157995,4.71993,49.76067,2
157996,4.71919,49.76067,2
157997,4.71993,49.76067,2
157998,4.71993,49.76067,2
157999,4.71993,49.76067,2
158000,4.72042,49.75967,2
158001,4.71993,49.76067,2
158002,4.72042,49.75967,2
158003,4.71993,49.76067,2
158004,4.71993,49.76067,2
158005,4.71993,49.76067,2
158006,4.71993,49.76067,2
158007,4.72038,49.75867,2
158008,4.71993,49.76001,2
158009,4.71993,49.76067,2
158010,4.71971,49.75988,2
158011,4.71995,49.76088,2
158012,4.71995,49.76088,2
158013,4.71997,49.76005,2
158014,4.72317,49.76121,2
158015,4.71995,49.76088,2
158016,4.72256,49.76127,2
158017,4.71995,49.76088,2
158018,4.72256,49.76127,2
158019,4.72256,49.76127,2
158020,4.71995,49.76088,2
158021,4.72256,49.76127,2
158022,4.71995,49.76088,2
158023,4.71995,49.76088,2
158024,4.72256,49.76127,2
158025,4.71995,49.76088,2
158026,4.71995,49.76088,2
158027,4.71995,49.76088,2
158028,4.72633,49.75119,2
158029,4.72633,49.75119,2
158030,4.73965,49.75837,2
158031,4.73972,49.75836,2
158032,4.73965,49.75837,2
158033,4.73986,49.75835,2
158034,4.73993,49.75834,2
158035,4.73993,49.75834,2
158036,4.73993,49.75834,2
158037,4.73993,49.75834,2
158038,4.73993,49.75834,2
158039,4.74,49.75833,2
158040,4.74007,49.75833,2
158041,4.74021,49.75831,2
158042,4.74021,49.75831,2
158043,4.74021,49.75831,2
158044,4.74021,49.75831,2
158045,4.74028,49.7583,2
158046,4.74035,49.75829,2
158047,4.74063,49.75825,2
158048,4.7393,49.757693,2
158049,4.74043,49.75828,2
158050,4.74043,49.75792,2
158051,4.74039,49.75781,2
158052,4.73958,49.75803,2
158053,4.73955,49.75791,2
158054,4.74011,49.75784,2
158055,4.7393,49.75765,2
158056,4.74063,49.75825,2
158057,4.7407,49.75825,2
158058,4.74076,49.75824,2
158059,4.74851,49.76059,2
158060,4.74076,49.75824,2
158061,4.74851,49.76059,2
158062,4.74851,49.76059,2
158063,4.74076,49.75824,2
158064,4.74851,49.76059,2
158065,4.74851,49.76059,2
158066,4.74083,49.75823,2
158067,4.74851,49.76059,2
158068,4.74851,49.76059,2
158069,4.74089,49.75822,2
158070,4.74851,49.76059,2
158071,4.74851,49.76059,2
158072,4.74102,49.7582,2
158073,4.74851,49.76059,2
158074,4.74851,49.76059,2
158075,4.74115,49.75819,2
158076,4.74851,49.76059,2
158077,4.74851,49.76059,2
158078,4.74129,49.75817,2
158079,4.74851,49.76059,2
158080,4.74851,49.76059,2
158081,4.74151,49.75813,2
158082,4.74851,49.76059,2
158083,4.74851,49.76059,2
158084,4.74173,49.7581,2
158085,4.74851,49.76059,2
158086,4.74851,49.76059,2
158087,4.74202,49.76229,2
158088,4.74851,49.76059,2
158089,4.74117,49.7583,2
158090,4.74851,49.76059,2
158091,4.74851,49.76059,2
158092,4.74108,49.75832,2
158093,4.74851,49.76059,2
158094,4.74089,49.75834,2
158095,4.74099,49.75833,2
158096,4.7408,49.75835,2
158097,4.74071,49.75836,2
158098,4.74062,49.75838,2
158099,4.73965,49.75837,2
158100,4.7403,49.75842,2
158101,4.74019,49.75843,2
158102,4.73993,49.75834,2
158103,4.74008,49.75844,2
158104,4.74007,49.75833,2
158105,4.73996,49.75845,2
158106,4.7393,49.75765,2
158107,4.73985,49.75847,2
158108,4.73699,49.75882,2
158109,4.74237,49.76141,2
158110,4.73963,49.75849,2
158111,4.74237,49.76141,2
158112,4.74237,49.76141,2
158113,4.73951,49.7585,2
158114,4.74082,49.7606,2
158115,4.73951,49.7585,2
158116,4.73938,49.75852,2
158117,4.73925,49.75854,2
158118,4.73906,49.75856,2
158119,4.73862,49.75862,2
158120,4.73844,49.75864,2
158121,4.73826,49.75866,2
158122,4.73808,49.75868,2
158123,4.73771,49.75873,2
158124,4.73789,49.75871,2
158125,4.73753,49.75875,2
158126,4.73735,49.75878,2
158127,4.73717,49.7588,2
158128,4.73699,49.75882,2
158129,4.73699,49.75882,2
158130,4.73699,49.75882,2
158131,4.73699,49.75882,2
158132,4.73699,49.75882,2
158133,4.73699,49.75882,2
158134,4.73681,49.75884,2
158135,4.73699,49.75882,2
158136,4.73662,49.75887,2
158137,4.73662,49.75887,2
158138,4.735978,49.758998,2
158139,4.73642,49.75891,2
158140,4.737032,49.759588,2
158141,4.737032,49.759588,2
158142,4.73621,49.75894,2
158143,4.73621,49.75894,2
158144,4.73601,49.75898,2
158145,4.73571,49.75903,2
158146,4.73571,49.75903,2
158147,4.73571,49.75903,2
158148,4.73558,49.75905,2
158149,4.73545,49.75907,2
158150,4.73545,49.75907,2
158151,4.73532,49.7591,2
158152,4.7375,49.76014,2
158153,4.73793,49.76014,2
158154,4.73793,49.76014,2
158155,4.73822,49.76014,2
158156,4.73858,49.76014,2
158157,4.73761,49.76025,2
158158,4.7379,49.76025,2
158159,4.73822,49.76025,2
158160,4.73858,49.76025,2
158161,4.74087,49.76076,2
158162,4.73599,49.75879,2
158163,4.73894,49.76025,2
158164,4.7399,49.76037,2
158165,4.7413,49.76097,2
158166,4.74237,49.76141,2
158167,4.74191,49.76129,2
158168,4.74237,49.76141,2
158169,4.74228,49.76145,2
158170,4.74228,49.76145,2
158171,4.74228,49.76145,2
158172,4.742,49.76115,2
158173,4.74223,49.76115,2
158174,4.75149,49.76252,2
158175,4.74691,49.76119,2
158176,4.73826,49.75866,2
158177,4.74566,49.76111,2
158178,4.74612,49.76207,2
158179,4.73778,49.7586,2
158180,4.74848,49.76178,2
158181,4.73778,49.7586,2
158182,4.74766,49.76145,2
158183,4.73778,49.7586,2
158184,4.74677,49.76104,2
158185,4.73778,49.7586,2
158186,4.73778,49.7586,2
158187,4.74685,49.76104,2
158188,4.74121,49.76071,2
158189,4.74152,49.76067,2
158190,4.74183,49.76063,2
158191,4.74248,49.76067,2
158192,4.74341,49.76056,2
158193,4.74238,49.76103,2
158194,4.74214,49.7606,2
158195,4.74613,49.76022,2
158196,4.74334,49.76103,2
158197,4.74245,49.76056,2
158198,4.74434,49.76045,2
158199,4.74276,49.76052,2
158200,4.74307,49.76048,2
158201,4.74338,49.76045,2
158202,4.744,49.76037,2
158203,4.74462,49.7603,2
158204,4.74369,49.76041,2
158205,4.74155,49.76078,2
158206,4.74141,49.76088,2
158207,4.74102,49.76069,2
158208,4.74162,49.76222,2
158209,4.74082,49.7606,2
158210,4.74062,49.7605,2
158211,4.74039,49.76041,2
158212,4.74016,49.76033,2
158213,4.73993,49.76024,2
158214,4.74056,49.76062,2
158215,4.74025,49.76049,2
158216,4.73967,49.76017,2
158217,4.73967,49.76017,2
158218,4.74075,49.76005,2
158219,4.74081,49.76013,2
158220,4.74086,49.76021,2
158221,4.74023,49.76016,2
158222,4.74074,49.76008,2
158223,4.74093,49.76008,2
158224,4.74113,49.76008,2
158225,4.74132,49.76007,2
158226,4.74152,49.76007,2
158227,4.74171,49.76006,2
158228,4.74191,49.76004,2
158229,4.7421,49.76001,2
158230,4.74228,49.75998,2
158231,4.74284,49.75792,2
158232,4.74247,49.75995,2
158233,4.73975,49.76017,2
158234,4.73987,49.76011,2
158235,4.74004,49.76008,2
158236,4.74004,49.76008,2
158237,4.7402,49.76005,2
158238,4.74037,49.76002,2
158239,4.74053,49.75999,2
158240,4.74079,49.75997,2
158241,4.74111,49.75996,2
158242,4.74142,49.75995,2
158243,4.74173,49.75994,2
158244,4.74204,49.7599,2
158245,4.74234,49.75985,2
158246,4.74265,49.7598,2
158247,4.74295,49.75974,2
158248,4.74266,49.75991,2
158249,4.74285,49.75988,2
158250,4.74304,49.75985,2
158251,4.74323,49.75981,2
158252,4.74342,49.75978,2
158253,4.74361,49.75976,2
158254,4.7438,49.75974,2
158255,4.73993,49.75834,2
158256,4.744,49.75973,2
158257,4.74419,49.75971,2
158258,4.74438,49.75969,2
158259,4.74458,49.75968,2
158260,4.74325,49.75969,2
158261,4.74356,49.75965,2
158262,4.74387,49.75962,2
158263,4.74418,49.75959,2
158264,4.74449,49.75957,2
158265,4.74471,49.7595,2
158266,4.74499,49.75942,2
158267,4.7453,49.75939,2
158268,4.74117,49.7583,2
158269,4.7456,49.75936,2
158270,4.74117,49.7583,2
158271,4.74591,49.75933,2
158272,4.74622,49.75928,2
158273,4.74652,49.75923,2
158274,4.74683,49.75919,2
158275,4.74713,49.75918,2
158276,4.74743,49.75923,2
158277,4.74773,49.75929,2
158278,4.74804,49.75934,2
158279,4.74834,49.75939,2
158280,4.74864,49.75944,2
158281,4.74859,49.75955,2
158282,4.74859,49.75955,2
158283,4.73987,49.75799,2
158284,4.74162,49.76222,2
158285,4.74162,49.76222,2
158286,4.74828,49.7595,2
158287,4.74797,49.75945,2
158288,4.74766,49.75939,2
158289,4.74734,49.75934,2
158290,4.74703,49.75928,2
158291,4.74672,49.75932,2
158292,4.7464,49.75937,2
158293,4.74609,49.75942,2
158294,4.74578,49.75946,2
158295,4.74546,49.75949,2
158296,4.74117,49.7583,2
158297,4.74613,49.76022,2
158298,4.74514,49.75952,2
158299,4.74484,49.75958,2
158300,4.74764,49.76006,2
158301,4.74792,49.76003,2
158302,4.74821,49.75999,2
158303,4.73958,49.75838,2
158304,4.74849,49.75995,2
158305,4.74878,49.75991,2
158306,4.74431,49.76033,2
158307,4.74855,49.75923,2
158308,4.75149,49.76252,2
158309,4.74802,49.75887,2
158310,4.74773,49.75878,2
158311,4.74818,49.75874,2
158312,4.74857,49.75879,2
158313,4.74868,49.75908,2
158314,4.7488,49.75937,2
158315,4.74431,49.76103,2
158316,4.74546,49.76022,2
158317,4.74519,49.76024,2
158318,4.74737,49.76009,2
158319,4.7471,49.76011,2
158320,4.74682,49.76012,2
158321,4.74655,49.76014,2
158322,4.74628,49.76015,2
158323,4.74573,49.7602,2
158324,4.746,49.76017,2
158325,4.74491,49.76027,2
158326,4.74503,49.76074,2
158327,4.7455,49.76071,2
158328,4.74597,49.76068,2
158329,4.74644,49.76065,2
158330,4.74691,49.76061,2
158331,4.74738,49.76058,2
158332,4.74768,49.76057,2
158333,4.74785,49.76059,2
158334,4.74803,49.7606,2
158335,4.74821,49.76062,2
158336,4.74839,49.76064,2
158337,4.74856,49.76065,2
158338,4.73964,49.76022,2
158339,4.74874,49.76067,2
158340,4.74892,49.76069,2
158341,4.7491,49.7607,2
158342,4.74927,49.76072,2
158343,4.74953,49.76074,2
158344,4.74987,49.76076,2
158345,4.73958,49.75803,2
158346,4.7502,49.76078,2
158347,4.73958,49.75803,2
158348,4.75054,49.7608,2
158349,4.75087,49.76082,2
158350,4.7512,49.76084,2
158351,4.75154,49.76086,2
158352,4.75187,49.76089,2
158353,4.75221,49.76088,2
158354,4.75216,49.76077,2
158355,4.75179,49.76076,2
158356,4.75142,49.76074,2
158357,4.75105,49.76072,2
158358,4.75068,49.76069,2
158359,4.75031,49.76067,2
158360,4.74994,49.76065,2
158361,4.74957,49.76063,2
158362,4.74928,49.7606,2
158363,4.74083,49.75823,2
158364,4.74906,49.76058,2
158365,4.74162,49.76222,2
158366,4.74883,49.76056,2
158367,4.74861,49.76054,2
158368,4.74083,49.75823,2
158369,4.74839,49.76052,2
158370,4.74083,49.75823,2
158371,4.74089,49.75822,2
158372,4.74817,49.7605,2
158373,4.74795,49.76048,2
158374,4.74773,49.76046,2
158375,4.74747,49.76033,2
158376,4.74706,49.76048,2
158377,4.74671,49.76051,2
158378,4.74636,49.76054,2
158379,4.74601,49.76056,2
158380,4.74162,49.76222,2
158381,4.74566,49.76058,2
158382,4.74531,49.76061,2
158383,4.74496,49.76063,2
158384,4.74237,49.76141,2
158385,4.74202,49.76229,2
158386,4.73533,49.75897,2
158387,4.73525,49.75899,2
158388,4.73549,49.75895,2
158389,4.73557,49.75893,2
158390,4.73565,49.75892,2
158391,4.73574,49.7589,2
158392,4.73582,49.75889,2
158393,4.73617,49.75883,2
158394,4.73617,49.75883,2
158395,4.73596,49.75887,2
158396,4.73617,49.75883,2
158397,4.73637,49.7588,2
158398,4.73658,49.75876,2
158399,4.73658,49.75876,2
158400,4.73651,49.75877,2
158401,4.73678,49.75873,2
158402,4.73718,49.75868,2
158403,4.73738,49.75865,2
158404,4.73758,49.75863,2
158405,4.74284,49.75792,2
158406,4.73778,49.7586,2
158407,4.73818,49.75855,2
158408,4.73778,49.7586,2
158409,4.73798,49.75858,2
158410,4.73838,49.75853,2
158411,4.73857,49.7585,2
158412,4.73857,49.7585,2
158413,4.73857,49.7585,2
158414,4.73857,49.7585,2
158415,4.73879,49.75848,2
158416,4.73879,49.75848,2
158417,4.73879,49.75848,2
158418,4.73921,49.75843,2
158419,4.74998,49.75698,2
158420,4.73947,49.75839,2
158421,4.73965,49.75837,2
158422,4.73965,49.75837,2
158423,4.73965,49.75837,2
158424,4.73965,49.75837,2
158425,4.73965,49.75837,2
158426,4.73972,49.75836,2
158427,4.73965,49.75837,2
158428,4.73732,49.76025,2
158429,4.73719,49.7598,2
158430,4.73719,49.7598,2
158431,4.73719,49.7598,2
158432,4.7338,49.75936,2
158433,4.7338,49.75936,2
158434,4.7338,49.75936,2
158435,4.73729,49.76014,2
158436,4.73781,49.75993,2
158437,4.73815,49.75987,2
158438,4.73832,49.75984,2
158439,4.73849,49.75981,2
158440,4.73866,49.75978,2
158441,4.73883,49.75975,2
158442,4.739,49.75972,2
158443,4.73917,49.75968,2
158444,4.73934,49.75965,2
158445,4.73951,49.75962,2
158446,4.73968,49.75959,2
158447,4.73985,49.75956,2
158448,4.74002,49.75953,2
158449,4.74019,49.7595,2
158450,4.74036,49.75947,2
158451,4.74053,49.75944,2
158452,4.74071,49.75941,2
158453,4.74088,49.75938,2
158454,4.74105,49.75935,2
158455,4.74122,49.75932,2
158456,4.74139,49.75929,2
158457,4.74173,49.75923,2
158458,4.7419,49.7592,2
158459,4.74207,49.75916,2
158460,4.74224,49.75913,2
158461,4.74241,49.7591,2
158462,4.74258,49.7589,2
158463,4.7425,49.75901,2
158464,4.74258,49.7589,2
158465,4.74258,49.7589,2
158466,4.7476,49.75814,2
158467,4.74237,49.7586,2
158468,4.74596,49.7583,2
158469,4.74701,49.75813,2
158470,4.74237,49.7586,2
158471,4.74649,49.75822,2
158472,4.74258,49.7589,2
158473,4.74279,49.75873,2
158474,4.74279,49.75873,2
158475,4.74263,49.75874,2
158476,4.74332,49.75866,2
158477,4.7449,49.75844,2
158478,4.74665,49.75831,2
158479,4.74385,49.75859,2
158480,4.7449,49.75844,2
158481,4.74438,49.75852,2
158482,4.74543,49.75837,2
158483,4.74236,49.75848,2
158484,4.74214,49.75848,2
158485,4.7413,49.75858,2
158486,4.74105,49.75862,2
158487,4.74848,49.75697,2
158488,4.7408,49.75866,2
158489,4.74195,49.75806,2
158490,4.7393,49.75891,2
158491,4.75125,49.75643,2
158492,4.74005,49.75878,2
158493,4.7403,49.75874,2
158494,4.71879,49.74706,2
158495,4.73955,49.75887,2
158496,4.74218,49.75803,2
158497,4.74055,49.75866,2
158498,4.74055,49.7587,2
158499,4.74284,49.75792,2
158500,4.74284,49.75792,2
158501,4.74284,49.75792,2
158502,4.74138,49.75827,2
158503,4.74171,49.75822,2
158504,4.74203,49.75817,2
158505,4.74235,49.75812,2
158506,4.74267,49.75807,2
158507,4.74299,49.75802,2
158508,4.74332,49.75797,2
158509,4.74328,49.75785,2
158510,4.74351,49.75782,2
158511,4.74395,49.75775,2
158512,4.74417,49.75771,2
158513,4.74439,49.75768,2
158514,4.74461,49.75764,2
158515,4.74493,49.75759,2
158516,4.74364,49.75792,2
158517,4.74396,49.75787,2
158518,4.74428,49.75781,2
158519,4.7459,49.75741,2
158520,4.74614,49.75736,2
158521,4.74481,49.75773,2
158522,4.74461,49.75776,2
158523,4.74489,49.75772,2
158524,4.74498,49.7577,2
158525,4.74637,49.75729,2
158526,4.74711,49.75717,2
158527,4.74506,49.75769,2
158528,4.74514,49.75767,2
158529,4.74736,49.75713,2
158530,4.74539,49.75763,2
158531,4.751447,49.757092,2
158532,4.7476,49.75709,2
158533,4.7191,49.76014,2
158534,4.74539,49.75763,2
158535,4.74998,49.75698,2
158536,4.74547,49.75762,2
158537,4.74555,49.7576,2
158538,4.74828,49.757,2
158539,4.74569,49.75758,2
158540,4.74608,49.75749,2
158541,4.74869,49.75694,2
158542,4.7495,49.7568,2
158543,4.74975,49.75671,2
158544,4.75,49.75662,2
158545,4.75025,49.75653,2
158546,4.74627,49.75745,2
158547,4.74646,49.7574,2
158548,4.74665,49.75736,2
158549,4.74686,49.75733,2
158550,4.748746,49.757739,2
158551,4.74707,49.7573,2
158552,4.74728,49.75726,2
158553,4.74749,49.75723,2
158554,4.74811,49.75714,2
158555,4.7477,49.7572,2
158556,4.74832,49.75711,2
158557,4.74852,49.75708,2
158558,4.74889,49.75691,2
158559,4.74848,49.75697,2
158560,4.74889,49.75691,2
158561,4.7505,49.75643,2
158562,4.75133,49.7563,2
158563,4.75189,49.75623,2
158564,4.75189,49.75623,2
158565,4.75105,49.75634,2
158566,4.75077,49.75637,2
158567,4.75133,49.7563,2
158568,4.75274,49.75612,2
158569,4.7409,49.75827,2
158570,4.75263,49.75625,2
158571,4.7524,49.75628,2
158572,4.75217,49.75631,2
158573,4.75194,49.75634,2
158574,4.75171,49.75637,2
158575,4.75148,49.7564,2
158576,4.75286,49.75622,2
158577,4.75308,49.75619,2
158578,4.7503,49.75698,2
158579,4.7191,49.76014,2
158580,4.75075,49.75711,2
158581,4.74998,49.75698,2
158582,4.74998,49.75698,2
158583,4.75126,49.75719,2
158584,4.75075,49.75711,2
158585,4.74998,49.75698,2
158586,4.74975,49.75701,2
158587,4.749103,49.757651,2
158588,4.74998,49.75698,2
158589,4.74998,49.75698,2
158590,4.749103,49.757651,2
158591,4.75075,49.75711,2
158592,4.75257,49.75694,2
158593,4.75185,49.75709,2
158594,4.75125,49.75643,2
158595,4.75186,49.757021,2
158596,4.72883,49.75917,2
158597,4.72883,49.75917,2
158598,4.72883,49.75917,2
158599,4.72883,49.75917,2
158600,4.72883,49.75917,2
158601,4.72883,49.75917,2
158602,4.72883,49.75917,2
158603,4.72883,49.75917,2
158604,4.72883,49.75917,2
158605,4.72883,49.75917,2
158606,4.72883,49.75917,2
158607,4.7191,49.76014,2
158608,4.7191,49.76014,2
158609,4.72883,49.75917,2
158610,4.7191,49.76014,2
158611,4.72883,49.75917,2
158612,4.72883,49.75917,2
158613,4.72883,49.75917,2
158614,4.72883,49.75917,2
158615,4.72872,49.75887,2
158616,4.72872,49.75887,2
158617,4.72872,49.75887,2
158618,4.72872,49.75887,2
158619,4.72872,49.75887,2
158620,4.72872,49.75887,2
158621,4.72872,49.75887,2
158622,4.72872,49.75887,2
158623,4.72864,49.75852,2
158624,4.72864,49.75852,2
158625,4.72864,49.75852,2
158626,4.72864,49.75852,2
158627,4.72864,49.75852,2
158628,4.72864,49.75852,2
158629,4.72864,49.75852,2
158630,4.72864,49.75852,2
158631,4.72879,49.75818,2
158632,4.72879,49.75818,2
158633,4.72879,49.75818,2
158634,4.72879,49.75818,2
158635,4.72879,49.75818,2
158636,4.72879,49.75818,2
158637,4.72879,49.75818,2
158638,4.72879,49.75818,2
158639,4.72893,49.75784,2
158640,4.72893,49.75784,2
158641,4.72893,49.75784,2
158642,4.72893,49.75784,2
158643,4.72893,49.75784,2
158644,4.72893,49.75784,2
158645,4.72893,49.75784,2
158646,4.72893,49.75784,2
158647,4.72904,49.75802,2
158648,4.72904,49.75802,2
158649,4.72904,49.75802,2
158650,4.72904,49.75802,2
158651,4.72904,49.75802,2
158652,4.72904,49.75802,2
158653,4.72904,49.75802,2
158654,4.72904,49.75802,2
158655,4.72882,49.75868,2
158656,4.72882,49.75868,2
158657,4.72882,49.75868,2
158658,4.72882,49.75868,2
158659,4.72882,49.75868,2
158660,4.72882,49.75868,2
158661,4.72882,49.75868,2
158662,4.72882,49.75868,2
158663,4.73366,49.76021,2
158664,4.73434,49.76031,2
158665,4.73468,49.76034,2
158666,4.73497,49.76035,2
158667,4.73524,49.76031,2
158668,4.73579,49.76023,2
158669,4.73551,49.76027,2
158670,4.7354,49.76041,2
158671,4.73634,49.76019,2
158672,4.73606,49.76021,2
158673,4.73662,49.76017,2
158674,4.7369,49.76015,2
158675,4.7369,49.76015,2
158676,4.73708,49.76014,2
158677,4.73715,49.76014,2
158678,4.73738,49.76,2
158679,4.7354,49.76041,2
158680,4.7365,49.76029,2
158681,4.7365,49.76029,2
158682,4.7365,49.76029,2
158683,4.7365,49.76029,2
158684,4.7365,49.76029,2
158685,4.7365,49.76029,2
158686,4.32977,49.65228,2
158687,4.32913,49.6497,2
158688,4.331212,49.656141,2
158689,4.332034,49.65628,2
158690,4.3341,49.65729,2
158691,4.33384,49.65729,2
158692,4.33564,49.65826,2
158693,4.335369,49.65804,2
158694,4.3341,49.65729,2
158695,4.333157,49.657025,2
158696,4.324784,49.659139,2
158697,4.33268,49.65668,2
158698,4.33384,49.65729,2
158699,4.32913,49.6497,2
158700,4.32913,49.6497,2
158701,4.33356,49.65702,2
158702,4.3341,49.65729,2
158703,4.334864,49.656808,2
158704,4.33548,49.656627,2
158705,4.33574,49.65805,2
158706,4.33601,49.656403,2
158707,4.33601,49.656403,2
158708,4.336173,49.65632,2
158709,4.33616,49.656329,2
158710,4.33384,49.65729,2
158711,4.33384,49.65729,2
158712,4.33596,49.65662,2
158713,4.3341,49.65729,2
158714,4.33596,49.65662,2
158715,4.33574,49.65805,2
158716,4.33548,49.656627,2
158717,4.33613,49.65771,2
158718,4.335826,49.658059,2
158719,4.33574,49.65805,2
158720,4.33596,49.65662,2
158721,4.33609,49.65847,2
158722,4.334653,49.659552,2
158723,4.33609,49.65847,2
158724,4.335539,49.661675,2
158725,4.33564,49.65826,2
158726,4.33384,49.65729,2
158727,4.33604,49.6585,2
158728,4.33609,49.65847,2
158729,4.335369,49.65804,2
158730,4.33609,49.65847,2
158731,4.33384,49.65729,2
158732,4.334466,49.657605,2
158733,4.3341,49.65729,2
158734,4.3341,49.65729,2
158735,4.33574,49.65805,2
158736,4.3341,49.65729,2
158737,4.334466,49.657605,2
158738,4.33609,49.65847,2
158739,4.336241,49.656274,2
158740,4.3341,49.65729,2
158741,4.33596,49.65662,2
158742,4.33596,49.65662,2
158743,4.33163,49.71488,2
158744,4.33163,49.71488,2
158745,4.333124,49.687309,2
158746,4.33274,49.687764,2
158747,4.331828,49.688884,2
158748,4.331038,49.690981,2
158749,4.330909,49.691567,2
158750,4.330659,49.692272,2
158751,4.330803,49.692063,2
158752,4.33371,49.69902,2
158753,4.33371,49.69902,2
158754,4.332251,49.688374,2
158755,4.330046,49.693953,2
158756,4.32774,49.69709,2
158757,4.32774,49.69709,2
158758,4.33021,49.69351,2
158759,4.33021,49.69351,2
158760,4.33163,49.71488,2
158761,4.333124,49.687309,2
158762,4.33274,49.687764,2
158763,4.332833,49.687655,2
158764,4.332634,49.687901,2
158765,4.331947,49.68873,2
158766,4.331553,49.689275,2
158767,4.331515,49.689383,2
158768,4.331465,49.689501,2
158769,4.332938,49.687527,2
158770,4.331362,49.689709,2
158771,4.33021,49.69354,2
158772,4.3312,49.69017,2
158773,4.331207,49.689999,2
158774,4.331038,49.69099,2
158775,4.331038,49.69099,2
158776,4.331038,49.690981,2
158777,4.33021,49.69354,2
158778,4.33021,49.69354,2
158779,4.330659,49.692272,2
158780,4.330659,49.692272,2
158781,4.330513,49.692787,2
158782,4.330253,49.693222,2
158783,4.330253,49.693222,2
158784,4.330253,49.693222,2
158785,4.330106,49.693701,2
158786,4.330253,49.693222,2
158787,4.330105,49.693683,2
158788,4.32774,49.69709,2
158789,4.32774,49.69709,2
158790,4.32804,49.6941,2
158791,4.32774,49.69709,2
158792,4.32804,49.6941,2
158793,4.32804,49.6941,2
158794,4.329869,49.694738,2
158795,4.329997,49.694116,2
158796,4.329869,49.694738,2
158797,4.329962,49.694269,2
158798,4.326923,49.700868,2
158799,4.33371,49.69902,2
158800,4.33371,49.69902,2
158801,4.33371,49.69902,2
158802,4.33371,49.69902,2
158803,4.350064,49.697278,2
158804,4.330172,49.704596,2
158805,4.330594,49.705847,2
158806,4.33163,49.71488,2
158807,4.33163,49.71488,2
158808,4.317977,49.712638,2
158809,4.318004,49.712638,2
158810,4.318609,49.71323,2
158811,4.32804,49.6941,2
158812,4.322616,49.691272,2
158813,4.32774,49.69709,2
158814,4.332436,49.688147,2
158815,4.318425,49.694243,2
158816,4.66365,49.86288,2
158817,4.66174,49.86088,2
158818,4.66174,49.86088,2
158819,4.66302,49.86172,2
158820,4.66174,49.86088,2
158821,4.65872,49.86029,2
158822,4.66167,49.86088,2
158823,4.66174,49.86088,2
158824,4.66174,49.86088,2
158825,4.66174,49.86088,2
158826,4.66174,49.86088,2
158827,4.66174,49.86088,2
158828,4.66174,49.86088,2
158829,4.66174,49.86088,2
158830,4.66174,49.86088,2
158831,4.66174,49.86088,2
158832,4.66174,49.86088,2
158833,4.66174,49.86088,2
158834,4.660576,49.860089,2
158835,4.65898,49.86169,2
158836,4.65811,49.86165,2
158837,4.65822,49.86178,2
158838,4.65803,49.8615,2
158839,4.659517,49.862759,2
158840,4.65839,49.86189,2
158841,4.65857,49.862,2
158842,4.65984,49.86291,2
158843,4.64388,49.86018,2
158844,4.651332,49.859699,2
158845,4.64792,49.86068,2
158846,4.64126,49.86128,2
158847,4.655306,49.860611,2
158848,4.64648,49.86057,2
158849,4.65707,49.86057,2
158850,4.65707,49.86057,2
158851,4.64979,49.86115,2
158852,4.66075,49.85909,2
158853,4.65716,49.85984,2
158854,4.65763,49.8597,2
158855,4.65919,49.86228,2
158856,4.65854,49.86144,2
158857,4.65754,49.86081,2
158858,4.65886,49.86179,2
158859,4.6587,49.86162,2
158860,4.65716,49.85984,2
158861,4.65701,49.86061,2
158862,4.65707,49.86057,2
158863,4.65655,49.86035,2
158864,4.65884,49.86214,2
158865,4.65673,49.85996,2
158866,4.65784,49.85938,2
158867,4.65716,49.85984,2
158868,4.6588,49.85944,2
158869,4.65898,49.85945,2
158870,4.65825,49.85942,2
158871,4.6575,49.85928,2
158872,4.65753,49.85961,2
158873,4.65879,49.85956,2
158874,4.66079,49.86375,2
158875,4.65716,49.85984,2
158876,4.6585,49.85951,2
158877,4.6459,49.86043,2
158878,4.6598,49.85993,2
158879,4.65716,49.85984,2
158880,4.65861,49.85944,2
158881,4.65707,49.86057,2
158882,4.65954,49.85925,2
158883,4.65908,49.85941,2
158884,4.65941,49.85918,2
158885,4.65957,49.85906,2
158886,4.65924,49.85929,2
158887,4.65973,49.85894,2
158888,4.65379,49.85335,2
158889,4.65463,49.85375,2
158890,4.65739,49.85601,2
158891,4.6598,49.85993,2
158892,4.65379,49.85335,2
158893,4.65379,49.85335,2
158894,4.65909,49.85812,2
158895,4.659512,49.858708,2
158896,4.66062,49.85933,2
158897,4.65379,49.85335,2
158898,4.65379,49.85335,2
158899,4.66075,49.85909,2
158900,4.64972,49.85162,2
158901,4.64972,49.85162,2
158902,4.66062,49.85925,2
158903,4.66063,49.85918,2
158904,4.66064,49.8591,2
158905,4.660269,49.858846,2
158906,4.66069,49.85887,2
158907,4.66076,49.85876,2
158908,4.66183,49.85719,2
158909,4.660983,49.858347,2
158910,4.66298,49.85863,2
158911,4.66164,49.85876,2
158912,4.66214,49.85862,2
158913,4.66113,49.85866,2
158914,4.66183,49.85719,2
158915,4.66265,49.85857,2
158916,4.66321,49.85847,2
158917,4.66086,49.8587,2
158918,4.66261,49.85895,2
158919,4.66183,49.85719,2
158920,4.66163,49.85864,2
158921,4.66183,49.85719,2
158922,4.66183,49.85719,2
158923,4.66183,49.85719,2
158924,4.66183,49.85719,2
158925,4.66183,49.85719,2
158926,4.66183,49.85719,2
158927,4.66191,49.85724,2
158928,4.66239,49.85678,2
158929,4.66183,49.85719,2
158930,4.66237,49.85658,2
158931,4.66237,49.85658,2
158932,4.66237,49.85658,2
158933,4.66237,49.85658,2
158934,4.66183,49.85719,2
158935,4.66237,49.85658,2
158936,4.66237,49.85658,2
158937,4.66183,49.85719,2
158938,4.66075,49.85909,2
158939,4.65998,49.85905,2
158940,4.66018,49.85916,2
158941,4.65902,49.85229,2
158942,4.66075,49.85909,2
158943,4.65716,49.85984,2
158944,4.6606,49.85939,2
158945,4.66075,49.85909,2
158946,4.66077,49.85969,2
158947,4.66029,49.85922,2
158948,4.66049,49.85933,2
158949,4.66075,49.85909,2
158950,4.66075,49.85909,2
158951,4.660683,49.859386,2
158952,4.66008,49.85911,2
158953,4.64972,49.85162,2
158954,4.65776,49.85663,2
158955,4.656624,49.855385,2
158956,4.6565,49.85535,2
158957,4.65502,49.85417,2
158958,4.65379,49.85335,2
158959,4.65811,49.85684,2
158960,4.65131,49.8523,2
158961,4.6523,49.85256,2
158962,4.65902,49.85229,2
158963,4.65379,49.85335,2
158964,4.65379,49.85335,2
158965,4.65379,49.85335,2
158966,4.65379,49.85335,2
158967,4.65855,49.85772,2
158968,4.66079,49.86375,2
158969,4.66183,49.85719,2
158970,4.66174,49.86088,2
158971,4.65683,49.86005,2
158972,4.6585,49.85951,2
158973,4.65707,49.86057,2
158974,4.66183,49.85719,2
158975,4.66183,49.85719,2
158976,4.66039,49.85928,2
158977,4.660619,49.859208,2
158978,4.66008,49.85911,2
158979,4.66365,49.86288,2
158980,4.66365,49.86288,2
158981,4.66075,49.85909,2
158982,4.66365,49.86288,2
158983,4.66365,49.86288,2
158984,4.66486,49.86238,2
158985,4.65902,49.85229,2
158986,4.64648,49.86057,2
158987,4.64098,49.86258,2
158988,4.65886,49.86179,2
158989,4.66075,49.85909,2
158990,4.66259,49.85596,2
158991,4.66251,49.85635,2
158992,4.66183,49.85719,2
158993,4.66224,49.85672,2
158994,4.65898,49.86169,2
158995,4.6646,49.86235,2
158996,4.66637,49.86288,2
158997,4.66304,49.85739,2
158998,4.65902,49.85229,2
158999,4.66365,49.86288,2
159000,4.65902,49.85229,2
159001,4.66637,49.86288,2
159002,4.65874,49.86142,2
159003,4.658264,49.866061,2
159004,4.66506,49.86254,2
159005,4.665486,49.862627,2
159006,4.65876,49.86483,2
159007,4.66637,49.86288,2
159008,4.659949,49.865526,2
159009,4.66079,49.86375,2
159010,4.66553,49.86273,2
159011,4.66079,49.86375,2
159012,4.66446,49.86216,2
159013,4.66637,49.86288,2
159014,4.66079,49.86375,2
159015,4.66365,49.86288,2
159016,4.66079,49.86375,2
159017,4.66079,49.86375,2
159018,4.66486,49.86238,2
159019,4.66413,49.86216,2
159020,4.66174,49.86088,2
159021,4.66079,49.86375,2
159022,4.66174,49.86088,2
159023,4.66395,49.86255,2
159024,4.66079,49.86375,2
159025,4.66174,49.86088,2
159026,4.66174,49.86088,2
159027,4.659552,49.864132,2
159028,4.66174,49.86088,2
159029,4.65984,49.86291,2
159030,4.66174,49.86088,2
159031,4.66174,49.86088,2
159032,4.66183,49.85719,2
159033,4.66174,49.86088,2
159034,4.66079,49.86375,2
159035,4.66079,49.86375,2
159036,4.66079,49.86375,2
159037,4.66446,49.86216,2
159038,4.58938,49.47529,2
159039,4.576531,49.490091,2
159040,4.58008,49.47818,2
159041,4.57924,49.47866,2
159042,4.57916,49.47788,2
159043,4.57916,49.47788,2
159044,4.58423,49.47593,2
159045,4.57916,49.47788,2
159046,4.580563,49.485775,2
159047,4.580788,49.484612,2
159048,4.58036,49.48318,2
159049,4.57704,49.4846,2
159050,4.58004,49.48557,2
159051,4.582533,49.487293,2
159052,4.581067,49.483429,2
159053,4.57661,49.48503,2
159054,4.58006,49.48326,2
159055,4.5768,49.48475,2
159056,4.5786,49.47911,2
159057,4.57825,49.47873,2
159058,4.57821,49.47858,2
159059,4.57823,49.47865,2
159060,4.57837,49.47853,2
159061,4.57837,49.47853,2
159062,4.5781,49.47831,2
159063,4.5771,49.4786,2
159064,4.5801,49.47757,2
159065,4.57994,49.47762,2
159066,4.58024,49.47739,2
159067,4.58061,49.47727,2
159068,4.58938,49.47529,2
159069,4.58938,49.47529,2
159070,4.58938,49.47529,2
159071,4.58008,49.47818,2
159072,4.579,49.47796,2
159073,4.57932,49.47781,2
159074,4.57876,49.47807,2
159075,4.57835,49.47826,2
159076,4.57843,49.47822,2
159077,4.57843,49.47822,2
159078,4.57829,49.47831,2
159079,4.5783,49.47775,2
159080,4.58261,49.4766,2
159081,4.57731,49.47832,2
159082,4.57842,49.47774,2
159083,4.5818,49.47583,2
159084,4.57834,49.47775,2
159085,4.57795,49.47795,2
159086,4.57819,49.47777,2
159087,4.57811,49.47779,2
159088,4.57956,49.47624,2
159089,4.57956,49.47624,2
159090,4.57956,49.47624,2
159091,4.581054,49.483439,2
159092,4.58078,49.484432,2
159093,4.5793,49.4836,2
159094,4.57731,49.4845,2
159095,4.58005,49.48551,2
159096,4.58005,49.48551,2
159097,4.58036,49.48318,2
159098,4.58036,49.48318,2
159099,4.58036,49.48318,2
159100,4.58036,49.48318,2
159101,4.57914,49.48353,2
159102,4.57805,49.48403,2
159103,4.57832,49.48391,2
159104,4.57777,49.48416,2
159105,4.57944,49.48343,2
159106,4.57753,49.4843,2
159107,4.57728,49.48445,2
159108,4.58148,49.47579,2
159109,4.58083,49.48287,2
159110,4.57656,49.4849,2
159111,4.57607,49.4852,2
159112,4.57631,49.48505,2
159113,4.58006,49.48182,2
159114,4.58059,49.48245,2
159115,4.58024,49.48178,2
159116,4.58037,49.48203,2
159117,4.57583,49.48535,2
159118,4.580774,49.483983,2
159119,4.57534,49.48565,2
159120,4.57558,49.4855,2
159121,4.58067,49.48309,2
159122,4.5806,49.4828,2
159123,4.57999,49.48168,2
159124,4.5801,49.48152,2
159125,4.5802,49.48172,2
159126,4.58017,49.48165,2
159127,4.5802,49.48172,2
159128,4.57996,49.48161,2
159129,4.57988,49.48147,2
159130,4.58017,49.48165,2
159131,4.57995,49.48141,2
159132,4.58014,49.48159,2
159133,4.58007,49.48146,2
159134,4.57985,49.4814,2
159135,4.57994,49.4812,2
159136,4.57995,49.48141,2
159137,4.5799,49.48114,2
159138,4.57981,49.48133,2
159139,4.57978,49.48126,2
159140,4.57974,49.48119,2
159141,4.5797,49.48112,2
159142,4.57967,49.48105,2
159143,4.57963,49.48099,2
159144,4.57973,49.48085,2
159145,4.57959,49.48093,2
159146,4.58028,49.48085,2
159147,4.57951,49.48055,2
159148,4.57939,49.48074,2
159149,4.57934,49.4803,2
159150,4.57942,49.48071,2
159151,4.57919,49.48037,2
159152,4.5796,49.48068,2
159153,4.57943,49.48043,2
159154,4.57909,49.48079,2
159155,4.5792,49.4809,2
159156,4.57987,49.48107,2
159157,4.57706,49.48167,2
159158,4.57769,49.4808,2
159159,4.57761,49.48108,2
159160,4.5769,49.48172,2
159161,4.5772,49.48145,2
159162,4.57659,49.48182,2
159163,4.57644,49.48187,2
159164,4.57628,49.48192,2
159165,4.5763,49.48179,2
159166,4.57612,49.48197,2
159167,4.57597,49.48202,2
159168,4.57581,49.48207,2
159169,4.57566,49.48199,2
159170,4.57566,49.48212,2
159171,4.57471,49.48225,2
159172,4.57418,49.48239,2
159173,4.57409,49.48254,2
159174,4.57645,49.48181,2
159175,4.57501,49.4823,2
159176,4.57523,49.48224,2
159177,4.57455,49.48242,2
159178,4.57645,49.48181,2
159179,4.57645,49.48181,2
159180,4.57645,49.48181,2
159181,4.57995,49.48141,2
159182,4.5788,49.47873,2
159183,4.5782,49.48059,2
159184,4.56646,49.48172,2
159185,4.57871,49.47941,2
159186,4.57865,49.47926,2
159187,4.5786,49.47911,2
159188,4.57846,49.47896,2
159189,4.57858,49.47893,2
159190,4.57841,49.47863,2
159191,4.57835,49.479,2
159192,4.57779,49.47869,2
159193,4.57779,49.47869,2
159194,4.57823,49.47868,2
159195,4.57818,49.47852,2
159196,4.57813,49.47838,2
159197,4.57837,49.47853,2
159198,4.57837,49.47853,2
159199,4.57837,49.47853,2
159200,4.57859,49.47814,2
159201,4.5783,49.47888,2
159202,4.58404,49.47625,2
159203,4.57859,49.47814,2
159204,4.5781,49.47831,2
159205,4.57833,49.47842,2
159206,4.57833,49.47842,2
159207,4.57833,49.47842,2
159208,4.57833,49.47842,2
159209,4.57843,49.47871,2
159210,4.58843,49.47551,2
159211,4.57843,49.47871,2
159212,4.57802,49.47806,2
159213,4.57852,49.47793,2
159214,4.57852,49.47793,2
159215,4.57903,49.47876,2
159216,4.57847,49.47886,2
159217,4.57892,49.47881,2
159218,4.57845,49.47879,2
159219,4.57882,49.47886,2
159220,4.5787,49.4789,2
159221,4.57892,49.47881,2
159222,4.57986,49.4782,2
159223,4.58002,49.47827,2
159224,4.58008,49.47825,2
159225,4.57953,49.47773,2
159226,4.58008,49.47818,2
159227,4.57976,49.47792,2
159228,4.57957,49.47759,2
159229,4.57987,49.47751,2
159230,4.57975,49.47767,2
159231,4.58026,49.47751,2
159232,4.5801,49.47757,2
159233,4.5801,49.47757,2
159234,4.5801,49.47757,2
159235,4.5801,49.47757,2
159236,4.58089,49.47731,2
159237,4.58043,49.47733,2
159238,4.58042,49.47746,2
159239,4.58057,49.47741,2
159240,4.58073,49.47736,2
159241,4.58061,49.47727,2
159242,4.58061,49.47727,2
159243,4.58061,49.47727,2
159244,4.58061,49.47727,2
159245,4.58105,49.47726,2
159246,4.58121,49.47721,2
159247,4.58121,49.47721,2
159248,4.58137,49.47715,2
159249,4.58199,49.47694,2
159250,4.58168,49.47705,2
159251,4.58184,49.47699,2
159252,4.58117,49.47709,2
159253,4.58004,49.48557,2
159254,4.5808,49.47721,2
159255,4.58098,49.47715,2
159256,4.58235,49.47682,2
159257,4.58152,49.4771,2
159258,4.58153,49.47697,2
159259,4.58189,49.47684,2
159260,4.58171,49.4769,2
159261,4.58216,49.47688,2
159262,4.58273,49.47669,2
159263,4.5831,49.47656,2
159264,4.58329,49.4765,2
159265,4.58286,49.47651,2
159266,4.58315,49.47647,2
159267,4.58348,49.47644,2
159268,4.58361,49.47626,2
159269,4.58261,49.4766,2
159270,4.58311,49.47643,2
159271,4.58385,49.47631,2
159272,4.58386,49.47618,2
159273,4.58422,49.47619,2
159274,4.57731,49.4845,2
159275,4.58336,49.47634,2
159276,4.58315,49.47647,2
159277,4.58315,49.47647,2
159278,4.58938,49.47529,2
159279,4.58938,49.47529,2
159280,4.58315,49.47647,2
159281,4.58938,49.47529,2
159282,4.58938,49.47529,2
159283,4.58078,49.483785,2
159284,4.58938,49.47529,2
159285,4.58938,49.47529,2
159286,4.58938,49.47529,2
159287,4.593348,49.47416,2
159288,4.58315,49.47647,2
159289,4.594253,49.474035,2
159290,4.58674,49.47593,2
159291,4.58674,49.47593,2
159292,4.58448,49.47696,2
159293,4.56646,49.48172,2
159294,4.58674,49.47593,2
159295,4.57827,49.47881,2
159296,4.58674,49.47593,2
159297,4.58315,49.47647,2
159298,4.57833,49.47842,2
159299,4.58315,49.47647,2
159300,4.57962,49.47799,2
159301,4.5794,49.47777,2
159302,4.57924,49.47784,2
159303,4.57924,49.47784,2
159304,4.57935,49.47852,2
159305,4.57916,49.47788,2
159306,4.57908,49.47792,2
159307,4.57884,49.47803,2
159308,4.57924,49.47784,2
159309,4.58674,49.47593,2
159310,4.57867,49.47811,2
159311,4.57859,49.47814,2
159312,4.57851,49.47818,2
159313,4.57892,49.47799,2
159314,4.579,49.47796,2
159315,4.57876,49.47807,2
159316,4.57876,49.47807,2
159317,4.57829,49.47831,2
159318,4.57829,49.47831,2
159319,4.57829,49.47831,2
159320,4.57858,49.47772,2
159321,4.5785,49.47773,2
159322,4.57854,49.47772,2
159323,4.57838,49.47774,2
159324,4.57962,49.47799,2
159325,4.57798,49.47743,2
159326,4.57822,49.47753,2
159327,4.57697,49.4781,2
159328,4.57697,49.4781,2
159329,4.57658,49.47829,2
159330,4.57658,49.47829,2
159331,4.57658,49.47829,2
159332,4.57846,49.47773,2
159333,4.57846,49.47773,2
159334,4.57834,49.47775,2
159335,4.57802,49.47781,2
159336,4.57811,49.4777,2
159337,4.57697,49.4781,2
159338,4.57811,49.47779,2
159339,4.57697,49.4781,2
159340,4.57891,49.47641,2
159341,4.57891,49.47641,2
159342,4.57891,49.47641,2
159343,4.57891,49.47641,2
159344,4.57919,49.47736,2
159345,4.57891,49.47641,2
159346,4.57902,49.47689,2
159347,4.57902,49.47689,2
159348,4.57898,49.47677,2
159349,4.57898,49.47677,2
159350,4.57932,49.47717,2
159351,4.57956,49.47624,2
159352,4.57956,49.47624,2
159353,4.57956,49.47624,2
159354,4.57956,49.47624,2
159355,4.57923,49.47695,2
159356,4.5792,49.47687,2
159357,4.57956,49.47624,2
159358,4.57956,49.47624,2
159359,4.57956,49.47624,2
159360,4.57956,49.47624,2
159361,4.57956,49.47624,2
159362,4.57956,49.47624,2
159363,4.57956,49.47624,2
159364,4.57956,49.47624,2
159365,4.57956,49.47624,2
159366,4.57956,49.47624,2
159367,4.57895,49.47621,2
159368,4.57895,49.47621,2
159369,4.57893,49.47664,2
159370,4.57889,49.47651,2
159371,4.57889,49.47651,2
159372,4.57889,49.47605,2
159373,4.57885,49.47642,2
159374,4.57885,49.47642,2
159375,4.57885,49.47642,2
159376,4.57873,49.47612,2
159377,4.58162,49.47593,2
159378,4.57879,49.47629,2
159379,4.57879,49.47629,2
159380,4.57873,49.47612,2
159381,4.57873,49.47612,2
159382,4.57912,49.47626,2
159383,4.57892,49.47613,2
159384,4.57957,49.47617,2
159385,4.58101,49.47593,2
159386,4.58423,49.47593,2
159387,4.58423,49.47593,2
159388,4.57761,49.48108,2
159389,4.58423,49.47593,2
159390,4.58423,49.47593,2
159391,4.58423,49.47593,2
159392,4.58423,49.47593,2
159393,4.58423,49.47593,2
159394,4.58423,49.47593,2
159395,4.58423,49.47593,2
159396,4.58423,49.47593,2
159397,4.58423,49.47593,2
159398,4.57779,49.47869,2
159399,4.58423,49.47593,2
159400,4.58423,49.47593,2
159401,4.58423,49.47593,2
159402,4.58423,49.47593,2
159403,4.58423,49.47593,2
159404,4.58423,49.47593,2
159405,4.58423,49.47593,2
159406,4.58423,49.47593,2
159407,4.58423,49.47593,2
159408,4.58423,49.47593,2
159409,4.58423,49.47593,2
159410,4.58423,49.47593,2
159411,4.58423,49.47593,2
159412,4.58006,49.48326,2
159413,4.58008,49.47818,2
159414,4.58008,49.47818,2
159415,4.58008,49.47818,2
159416,4.58008,49.47818,2
159417,4.57966,49.47845,2
159418,4.58008,49.47818,2
159419,4.96214,49.62092,2
159420,4.96216,49.62102,2
159421,4.96219,49.62113,2
159422,4.96222,49.62123,2
159423,4.96224,49.62134,2
159424,4.96224,49.62134,2
159425,4.96227,49.62145,2
159426,4.96233,49.62166,2
159427,4.96235,49.62177,2
159428,4.96238,49.62187,2
159429,4.962416,49.621729,2
159430,4.96244,49.62204,2
159431,4.96247,49.62212,2
159432,4.96023,49.6213,2
159433,4.96157,49.61861,2
159434,4.96023,49.6213,2
159435,4.960001,49.614287,2
159436,4.960001,49.614287,2
159437,4.96086,49.61861,2
159438,4.96096,49.619,2
159439,4.96105,49.61938,2
159440,4.96114,49.61977,2
159441,4.96147,49.6211,2
159442,4.9611,49.61928,2
159443,4.9611,49.61928,2
159444,4.9611,49.61928,2
159445,4.961434,49.619845,2
159446,4.961434,49.619845,2
159447,4.961434,49.619845,2
159448,4.961434,49.619845,2
159449,4.961434,49.619845,2
159450,4.961348,49.619775,2
159451,4.96147,49.6211,2
159452,4.961314,49.61965,2
159453,4.961314,49.61965,2
159454,4.961314,49.61965,2
159455,4.961314,49.61965,2
159456,4.961334,49.619775,2
159457,4.960301,49.61933,2
159458,4.96087,49.61847,2
159459,4.96081,49.6185,2
159460,4.96075,49.61853,2
159461,4.96069,49.61857,2
159462,4.9598,49.62037,2
159463,4.96065,49.6186,2
159464,4.96063,49.61865,2
159465,4.96061,49.6187,2
159466,4.960333,49.619941,2
159467,4.960333,49.619941,2
159468,4.960333,49.619941,2
159469,4.96054,49.61889,2
159470,4.960333,49.619941,2
159471,4.960333,49.619941,2
159472,4.960335,49.620516,2
159473,4.960335,49.620516,2
159474,4.960335,49.620516,2
159475,4.96023,49.62043,2
159476,4.9598,49.62037,2
159477,4.96023,49.6213,2
159478,4.96023,49.6213,2
159479,4.96214,49.62022,2
159480,4.96022,49.6211,2
159481,4.96046,49.62093,2
159482,4.96038,49.62118,2
159483,4.96023,49.6213,2
159484,4.96023,49.6213,2
159485,4.960262,49.621263,2
159486,4.96006,49.62173,2
159487,4.96086,49.61861,2
159488,4.96023,49.6213,2
159489,4.96024,49.62168,2
159490,4.96086,49.61861,2
159491,4.96009,49.62211,2
159492,4.96086,49.61861,2
159493,4.96024,49.62193,2
159494,4.96025,49.62206,2
159495,4.96086,49.61861,2
159496,4.96222,49.62091,2
159497,4.96086,49.61861,2
159498,4.96222,49.62091,2
159499,4.96086,49.61861,2
159500,4.96086,49.61861,2
159501,4.96086,49.61861,2
159502,4.96086,49.61861,2
159503,4.96026,49.62265,2
159504,4.96086,49.61861,2
159505,4.96086,49.61861,2
159506,4.96086,49.61861,2
159507,4.9588,49.62316,2
159508,4.96015,49.62385,2
159509,4.96199,49.62331,2
159510,4.96222,49.62091,2
159511,4.96002,49.622,2
159512,4.96408,49.62886,2
159513,4.96222,49.62091,2
159514,4.96408,49.62886,2
159515,4.96408,49.62886,2
159516,4.96408,49.62886,2
159517,4.96408,49.62886,2
159518,4.96408,49.62886,2
159519,4.96212,49.6266,2
159520,4.962065,49.626993,2
159521,4.96172,49.62584,2
159522,4.9615,49.62499,2
159523,4.96127,49.62414,2
159524,4.96162,49.62511,2
159525,4.96242,49.62437,2
159526,4.96162,49.62511,2
159527,4.96162,49.62511,2
159528,4.96088,49.62385,2
159529,4.95896,49.62292,2
159530,4.96088,49.62385,2
159531,4.96088,49.62385,2
159532,4.96088,49.62385,2
159533,4.96088,49.62385,2
159534,4.96085,49.62335,2
159535,4.96088,49.62385,2
159536,4.96049,49.62276,2
159537,4.96049,49.62276,2
159538,4.96049,49.62276,2
159539,4.96026,49.62265,2
159540,4.96079,49.6229,2
159541,4.95907,49.62282,2
159542,4.95903,49.62285,2
159543,4.95899,49.62289,2
159544,4.95905,49.62283,2
159545,4.95825,49.62269,2
159546,4.95905,49.62283,2
159547,4.95905,49.62283,2
159548,4.95901,49.62287,2
159549,4.95898,49.62291,2
159550,4.9589,49.62298,2
159551,4.95888,49.62302,2
159552,4.95885,49.62306,2
159553,4.95883,49.6231,2
159554,4.95881,49.62314,2
159555,4.95878,49.62318,2
159556,4.9566,49.62278,2
159557,4.95825,49.62269,2
159558,4.95458,49.62264,2
159559,4.958698,49.622861,2
159560,4.9566,49.62278,2
159561,4.95825,49.62269,2
159562,4.9566,49.62278,2
159563,4.95876,49.62322,2
159564,4.9595,49.62259,2
159565,4.95871,49.6233,2
159566,4.95876,49.62322,2
159567,4.95871,49.6233,2
159568,4.95869,49.62334,2
159569,4.95867,49.62338,2
159570,4.95867,49.62338,2
159571,4.95864,49.62343,2
159572,4.95882,49.62346,2
159573,4.95887,49.62337,2
159574,4.95891,49.62329,2
159575,4.95865,49.62341,2
159576,4.95868,49.62336,2
159577,4.9587,49.62332,2
159578,4.96049,49.62276,2
159579,4.96162,49.62511,2
159580,4.95872,49.62328,2
159581,4.96162,49.62511,2
159582,4.95875,49.62324,2
159583,4.9588,49.62316,2
159584,4.95882,49.62312,2
159585,4.95884,49.62308,2
159586,4.962,49.62038,2
159587,4.95887,49.62304,2
159588,4.96257,49.62506,2
159589,4.95889,49.623,2
159590,4.96257,49.62506,2
159591,4.95892,49.62296,2
159592,4.95896,49.62292,2
159593,4.95896,49.62292,2
159594,4.95896,49.62292,2
159595,4.960943,49.622138,2
159596,4.96287,49.62194,2
159597,4.96287,49.62194,2
159598,4.96287,49.62194,2
159599,4.96287,49.62194,2
159600,4.96287,49.62194,2
159601,4.96287,49.62194,2
159602,4.96287,49.62194,2
159603,4.96287,49.62194,2
159604,4.96287,49.62194,2
159605,4.96287,49.62194,2
159606,4.96287,49.62194,2
159607,4.96287,49.62194,2
159608,4.96287,49.62194,2
159609,4.9608,49.6218,2
159610,4.9608,49.6218,2
159611,4.9608,49.6218,2
159612,4.9608,49.6218,2
159613,4.96091,49.62161,2
159614,4.96083,49.62167,2
159615,4.96083,49.62167,2
159616,4.96737,49.61628,2
159617,4.96737,49.61628,2
159618,4.9608,49.6218,2
159619,4.96075,49.62174,2
159620,4.95538,49.62391,2
159621,4.95622,49.62368,2
159622,4.956379,49.623756,2
159623,4.96274,49.62502,2
159624,4.96408,49.62886,2
159625,4.956461,49.623745,2
159626,4.96274,49.62502,2
159627,4.96408,49.62886,2
159628,4.956557,49.623725,2
159629,4.96127,49.62414,2
159630,4.956351,49.623756,2
159631,4.956557,49.623725,2
159632,4.956557,49.623725,2
159633,4.956557,49.623725,2
159634,4.96266,49.62371,2
159635,4.96287,49.62194,2
159636,4.956864,49.623512,2
159637,4.9608,49.6218,2
159638,4.955364,49.623921,2
159639,4.95528,49.62311,2
159640,4.94722,49.6334,2
159641,4.9564,49.62351,2
159642,4.95305,49.6225,2
159643,4.955364,49.623921,2
159644,4.95305,49.6225,2
159645,4.95606,49.62343,2
159646,4.95621,49.62362,2
159647,4.95572,49.62335,2
159648,4.9531,49.62244,2
159649,4.94953,49.62144,2
159650,4.96218,49.62217,2
159651,4.95505,49.62318,2
159652,4.96737,49.61628,2
159653,4.95471,49.6231,2
159654,4.9623,49.62155,2
159655,4.96247,49.62212,2
159656,4.95405,49.62291,2
159657,4.95258,49.62238,2
159658,4.960312,49.619537,2
159659,4.95305,49.6225,2
159660,4.95082,49.62184,2
159661,4.95082,49.62184,2
159662,4.96019,49.6238,2
159663,4.94311,49.61931,2
159664,4.94807,49.62124,2
159665,4.95305,49.6225,2
159666,4.9412,49.61869,2
159667,4.95713,49.62359,2
159668,4.95621,49.62362,2
159669,4.95821,49.62359,2
159670,4.95621,49.62362,2
159671,4.95714,49.62348,2
159672,4.95818,49.62348,2
159673,4.95885,49.62355,2
159674,4.95916,49.62364,2
159675,4.96026,49.62265,2
159676,4.95948,49.62372,2
159677,4.960001,49.614287,2
159678,4.96035,49.62397,2
159679,4.96078,49.62454,2
159680,4.96091,49.62565,2
159681,4.96227,49.62614,2
159682,4.96253,49.62435,2
159683,4.963,49.62601,2
159684,4.96266,49.62612,2
159685,4.96274,49.62502,2
159686,4.96257,49.62506,2
159687,4.96239,49.62511,2
159688,4.96233,49.625,2
159689,4.96305,49.6222,2
159690,4.96253,49.62495,2
159691,4.96273,49.62489,2
159692,4.96206,49.62362,2
159693,4.96178,49.62239,2
159694,4.96253,49.62435,2
159695,4.96197,49.62227,2
159696,4.96205,49.62226,2
159697,4.96214,49.62225,2
159698,4.96222,49.62224,2
159699,4.9623,49.62223,2
159700,4.96238,49.62222,2
159701,4.96246,49.62221,2
159702,4.96254,49.6222,2
159703,4.96254,49.6222,2
159704,4.96254,49.6222,2
159705,4.96218,49.62217,2
159706,4.96233,49.62211,2
159707,4.96219,49.62212,2
159708,4.96204,49.62214,2
159709,4.96189,49.62216,2
159710,4.96218,49.62217,2
159711,4.96218,49.62217,2
159712,4.96218,49.62217,2
159713,4.96222,49.62091,2
159714,4.96222,49.62091,2
159715,4.96218,49.62217,2
159716,4.96218,49.62217,2
159717,4.96218,49.62217,2
159718,4.96218,49.62217,2
159719,4.96218,49.62217,2
159720,4.96218,49.62217,2
159721,4.963125,49.628246,2
159722,4.96218,49.62217,2
159723,4.96218,49.62217,2
159724,4.96218,49.62217,2
159725,4.96113,49.62221,2
159726,4.96218,49.62217,2
159727,4.96218,49.62217,2
159728,4.96218,49.62217,2
159729,4.96218,49.62217,2
159730,4.96218,49.62217,2
159731,4.96218,49.62217,2
159732,4.96218,49.62217,2
159733,4.96218,49.62217,2
159734,4.96218,49.62217,2
159735,4.96218,49.62217,2
159736,4.96189,49.62228,2
159737,4.96264,49.62207,2
159738,4.96259,49.62196,2
159739,4.96259,49.62196,2
159740,4.96088,49.62385,2
159741,4.96259,49.62196,2
159742,4.96259,49.62196,2
159743,4.96259,49.62196,2
159744,4.96259,49.62196,2
159745,4.96259,49.62196,2
159746,4.96259,49.62196,2
159747,4.96259,49.62196,2
159748,4.96259,49.62196,2
159749,4.96259,49.62196,2
159750,4.96259,49.62196,2
159751,4.96259,49.62196,2
159752,4.96259,49.62196,2
159753,4.96259,49.62196,2
159754,4.96259,49.62196,2
159755,4.96259,49.62196,2
159756,4.96259,49.62196,2
159757,4.962,49.62038,2
159758,4.96254,49.62179,2
159759,4.96249,49.62157,2
159760,4.96023,49.6213,2
159761,4.96243,49.62134,2
159762,4.96237,49.62112,2
159763,4.96231,49.6209,2
159764,4.96226,49.62067,2
159765,4.96214,49.62022,2
159766,4.96208,49.62,2
159767,4.96253,49.62435,2
159768,4.96157,49.61861,2
159769,4.96168,49.61917,2
159770,4.96181,49.61966,2
159771,4.96189,49.61996,2
159772,4.96192,49.62007,2
159773,4.96194,49.62017,2
159774,4.96194,49.62017,2
159775,4.9598,49.62037,2
159776,4.96194,49.62017,2
159777,4.96197,49.62028,2
159778,4.962,49.62038,2
159779,4.96203,49.62049,2
159780,4.96208,49.6207,2
159781,4.96211,49.62081,2
159782,4.96214,49.62092,2
159783,4.96216,49.62102,2
159784,4.96219,49.62113,2
159785,4.96222,49.62123,2
159786,4.96224,49.62134,2
159787,4.96227,49.62145,2
159788,4.9623,49.62155,2
159789,4.96233,49.62166,2
159790,4.96235,49.62177,2
159791,4.96238,49.62187,2
159792,4.96178,49.61757,2
159793,4.96244,49.62204,2
159794,4.96247,49.62212,2
159795,4.9673,49.62155,2
159796,4.96673,49.62159,2
159797,4.96616,49.62163,2
159798,4.96562,49.62174,2
159799,4.96509,49.62188,2
159800,4.96455,49.62201,2
159801,4.95305,49.6225,2
159802,4.96401,49.62212,2
159803,4.96561,49.62162,2
159804,4.96346,49.62223,2
159805,4.95894,49.62294,2
159806,4.96248,49.62209,2
159807,4.96305,49.6222,2
159808,4.96305,49.6222,2
159809,4.96248,49.62209,2
159810,4.96317,49.62223,2
159811,4.96218,49.62217,2
159812,4.96305,49.6222,2
159813,4.96259,49.62196,2
159814,4.96259,49.62196,2
159815,4.96305,49.6222,2
159816,4.96259,49.62196,2
159817,4.96305,49.6222,2
159818,4.96305,49.6222,2
159819,4.96296,49.62215,2
159820,4.96253,49.62203,2
159821,4.96284,49.62216,2
159822,4.96289,49.62216,2
159823,4.96002,49.622,2
159824,4.961348,49.619775,2
159825,4.96315,49.62194,2
159826,4.96002,49.622,2
159827,4.96002,49.622,2
159828,4.96002,49.622,2
159829,4.96002,49.622,2
159830,4.96002,49.622,2
159831,4.96002,49.622,2
159832,4.96264,49.62207,2
159833,4.96278,49.62216,2
159834,4.96271,49.62216,2
159835,4.96265,49.62216,2
159836,4.96332,49.62198,2
159837,4.96311,49.62208,2
159838,4.96026,49.62265,2
159839,4.96322,49.6218,2
159840,4.96338,49.6217,2
159841,4.96354,49.6216,2
159842,4.9637,49.62149,2
159843,4.96371,49.62135,2
159844,4.96367,49.62168,2
159845,4.96373,49.6212,2
159846,4.96389,49.62133,2
159847,4.96452,49.61911,2
159848,4.95621,49.62362,2
159849,4.96452,49.61911,2
159850,4.96357,49.62166,2
159851,4.96357,49.62166,2
159852,4.96259,49.62196,2
159853,4.96254,49.62179,2
159854,4.96249,49.62157,2
159855,4.96243,49.62134,2
159856,4.96237,49.62112,2
159857,4.96231,49.6209,2
159858,4.96226,49.62067,2
159859,4.9622,49.62045,2
159860,4.96208,49.62,2
159861,4.96215,49.620575,2
159862,4.96215,49.620575,2
159863,4.962186,49.620754,2
159864,4.96215,49.620575,2
159865,4.962152,49.62062,2
159866,4.96247,49.62212,2
159867,4.961857,49.620007,2
159868,4.96215,49.620584,2
159869,4.96215,49.620584,2
159870,4.96181,49.61966,2
159871,4.96181,49.61966,2
159872,4.96189,49.61996,2
159873,4.96192,49.62007,2
159874,4.96194,49.62017,2
159875,4.96197,49.62028,2
159876,4.962,49.62038,2
159877,4.96203,49.62049,2
159878,4.96205,49.6206,2
159879,4.96208,49.6207,2
159880,4.96211,49.62081,2
159881,4.58421,49.33937,2
159882,4.58421,49.33937,2
159883,4.58263,49.34062,2
159884,4.588745,49.335914,2
159885,4.5729,49.3455,2
159886,4.5729,49.3455,2
159887,4.58208,49.34797,2
159888,4.58375,49.34724,2
159889,4.59552,49.35075,2
159890,4.59543,49.35085,2
159891,4.594122,49.349995,2
159892,4.58256,49.34655,2
159893,4.58215,49.34586,2
159894,4.58252,49.34616,2
159895,4.58201,49.34519,2
159896,4.58178,49.34506,2
159897,4.58146,49.3448,2
159898,4.58089,49.34462,2
159899,4.58187,49.34663,2
159900,4.58273,49.34436,2
159901,4.58289,49.34487,2
159902,4.58292,49.34444,2
159903,4.58321,49.34329,2
159904,4.58336,49.34336,2
159905,4.605,49.34073,2
159906,4.605,49.34073,2
159907,4.605,49.34073,2
159908,4.58192,49.3445,2
159909,4.58263,49.34062,2
159910,4.58214,49.34393,2
159911,4.58204,49.34374,2
159912,4.58204,49.34374,2
159913,4.58216,49.34349,2
159914,4.605,49.34073,2
159915,4.58235,49.34348,2
159916,4.58186,49.34448,2
159917,4.58186,49.34448,2
159918,4.58428,49.33938,2
159919,4.58428,49.33938,2
159920,4.58428,49.33938,2
159921,4.58428,49.33938,2
159922,4.58438,49.3394,2
159923,4.58367,49.33949,2
159924,4.58428,49.33938,2
159925,4.58484,49.33913,2
159926,4.58412,49.33953,2
159927,4.58421,49.33937,2
159928,4.58656,49.33695,2
159929,4.58529,49.33773,2
159930,4.58629,49.33698,2
159931,4.5865,49.33654,2
159932,4.589076,49.336258,2
159933,4.588705,49.335951,2
159934,4.589091,49.336267,2
159935,4.58278,49.34206,2
159936,4.58263,49.34062,2
159937,4.58221,49.34081,2
159938,4.58206,49.34106,2
159939,4.58177,49.34232,2
159940,4.58194,49.34161,2
159941,4.58089,49.34201,2
159942,4.58194,49.34161,2
159943,4.58228,49.34014,2
159944,4.5809,49.33952,2
159945,4.581771,49.339963,2
159946,4.57937,49.33964,2
159947,4.580157,49.340182,2
159948,4.57918,49.33952,2
159949,4.579762,49.339632,2
159950,4.57868,49.33937,2
159951,4.57749,49.3386,2
159952,4.57673,49.33828,2
159953,4.57623,49.33781,2
159954,4.57655,49.3379,2
159955,4.57804,49.339,2
159956,4.57865,49.33917,2
159957,4.57733,49.33867,2
159958,4.586866,49.336668,2
159959,4.58155,49.3398,2
159960,4.58259,49.34065,2
159961,4.58259,49.34065,2
159962,4.5824,49.3472,2
159963,4.595072,49.35031,2
159964,4.58174,49.34449,2
159965,4.58085,49.34408,2
159966,4.58121,49.34417,2
159967,4.58189,49.34405,2
159968,4.58279,49.34389,2
159969,4.58224,49.3433,2
159970,4.58233,49.3431,2
159971,4.58186,49.34448,2
159972,4.58186,49.34448,2
159973,4.58186,49.34448,2
159974,4.58312,49.34139,2
159975,4.58318,49.34085,2
159976,4.58428,49.33938,2
159977,4.58428,49.33938,2
159978,4.58428,49.3392,2
159979,4.58593,49.33629,2
159980,4.588745,49.335914,2
159981,4.58233,49.34141,2
159982,4.58226,49.34053,2
159983,4.58193,49.34009,2
159984,4.58186,49.33989,2
159985,4.58109,49.33968,2
159986,4.581771,49.339963,2
159987,4.57994,49.3395,2
159988,4.58155,49.3398,2
159989,4.57955,49.33952,2
159990,4.57865,49.33917,2
159991,4.57273,49.32974,2
159992,4.57868,49.33937,2
159993,4.57273,49.32974,2
159994,4.57655,49.3379,2
159995,4.55028,49.31934,2
159996,4.56365,49.31122,2
159997,4.56365,49.31122,2
159998,4.58194,49.34161,2
159999,4.58428,49.33938,2
160000,4.58186,49.34448,2
160001,4.58186,49.34448,2
160002,4.5824,49.3472,2
160003,4.58306,49.34483,2
160004,4.49678,49.30893,2
160005,4.49678,49.30893,2
160006,4.49678,49.30893,2
160007,4.49008,49.30976,2
160008,4.43043,49.29932,2
160009,4.49487,49.31091,2
160010,4.49487,49.31091,2
160011,4.497574,49.308981,2
160012,4.49174,49.3101,2
160013,4.50015,49.31442,2
160014,4.49917,49.31397,2
160015,4.49867,49.31375,2
160016,4.49818,49.31352,2
160017,4.49757,49.31326,2
160018,4.49763,49.31315,2
160019,4.49585,49.31256,2
160020,4.4956,49.31246,2
160021,4.49509,49.31159,2
160022,4.4946,49.31204,2
160023,4.49436,49.3119,2
160024,4.49448,49.31181,2
160025,4.49411,49.31175,2
160026,4.4978,49.309138,2
160027,4.49432,49.31151,2
160028,4.49446,49.31108,2
160029,4.49396,49.31145,2
160030,4.49364,49.31113,2
160031,4.49349,49.31118,2
160032,4.49334,49.31104,2
160033,4.49193,49.3102,2
160034,4.49317,49.31087,2
160035,4.49236,49.31041,2
160036,4.49211,49.31034,2
160037,4.49163,49.3102,2
160038,4.49258,49.31034,2
160039,4.49131,49.30998,2
160040,4.49139,49.31013,2
160041,4.4886,49.3091,2
160042,4.49079,49.30984,2
160043,4.49016,49.30966,2
160044,4.48958,49.30944,2
160045,4.48902,49.30918,2
160046,4.49008,49.30976,2
160047,4.48948,49.30954,2
160048,4.48892,49.30928,2
160049,4.48802,49.30881,2
160050,4.49116,49.30971,2
160051,4.49172,49.30918,2
160052,4.49289,49.30752,2
160053,4.49257,49.3077,2
160054,4.49273,49.30748,2
160055,4.49275,49.30921,2
160056,4.49275,49.30921,2
160057,4.49275,49.30921,2
160058,4.49444,49.31184,2
160059,4.49275,49.30921,2
160060,4.49275,49.30921,2
160061,4.49275,49.30921,2
160062,4.49275,49.30921,2
160063,4.49274,49.30929,2
160064,4.4948,49.30976,2
160065,4.49469,49.30961,2
160066,4.49503,49.30969,2
160067,4.49602,49.30986,2
160068,4.49673,49.30904,2
160069,4.49714,49.30859,2
160070,4.49698,49.30887,2
160071,4.49724,49.3087,2
160072,4.49749,49.30852,2
160073,4.496977,49.308201,2
160074,4.49678,49.30893,2
160075,4.49479,49.31102,2
160076,4.49487,49.31091,2
160077,4.4941,49.31071,2
160078,4.49743,49.31161,2
160079,4.49807,49.31174,2
160080,4.49492,49.31155,2
160081,4.49193,49.3102,2
160082,4.49193,49.3102,2
160083,4.49193,49.3102,2
160084,4.49193,49.3102,2
160085,4.49224,49.30816,2
160086,4.49924,49.31392,2
160087,4.4978,49.309138,2
160088,4.4978,49.309138,2
160089,4.49444,49.31184,2
160090,4.4928,49.30918,2
160091,4.49444,49.31184,2
160092,4.49609,49.31266,2
160093,4.49683,49.31282,2
160094,4.49411,49.31175,2
160095,4.49363,49.31132,2
160096,4.49285,49.31062,2
160097,4.49193,49.3102,2
160098,4.4926,49.31048,2
160099,4.49174,49.3101,2
160100,4.49115,49.31006,2
160101,4.490145,49.310804,2
160102,4.486181,49.309365,2
160103,4.48762,49.30858,2
160104,4.49149,49.30951,2
160105,4.4915,49.30921,2
160106,4.49176,49.30885,2
160107,4.49192,49.30862,2
160108,4.49241,49.30793,2
160109,4.49289,49.30725,2
160110,4.49306,49.3073,2
160111,4.49645,49.30906,2
160112,4.49275,49.30921,2
160113,4.49275,49.30921,2
160114,4.49275,49.30921,2
160115,4.49207,49.30913,2
160116,4.4928,49.30918,2
160117,4.49275,49.30921,2
160118,4.49275,49.30921,2
160119,4.49782,49.31336,2
160120,4.49275,49.30921,2
160121,4.49572,49.30985,2
160122,4.49679,49.31147,2
160123,4.49813,49.31163,2
160124,4.49193,49.3102,2
160125,4.495728,49.325254,2
160126,4.495659,49.325246,2
160127,4.49193,49.3102,2
160128,4.49273,49.30775,2
160129,4.49629,49.30941,2
160130,4.49131,49.30998,2
160131,4.49131,49.30998,2
160132,4.7228,49.75881,2
160133,4.72001,49.76042,2
160134,4.71905,49.76169,2
160135,4.7194,49.764,2
160136,4.72633,49.75119,2
160137,4.71988,49.76036,2
160138,4.71989,49.75927,2
160139,4.72322,49.76107,2
160140,4.72148,49.76095,2
160141,4.72256,49.76127,2
160142,4.71902,49.76123,2
160143,4.71901,49.76101,2
160144,4.71901,49.76085,2
160145,4.71967,49.75959,2
160146,4.71989,49.75927,2
160147,4.71992,49.7591,2
160148,4.71996,49.75893,2
160149,4.72011,49.75875,2
160150,4.72011,49.75875,2
160151,4.72001,49.76042,2
160152,4.72001,49.76042,2
160153,4.71997,49.76005,2
160154,4.72256,49.76127,2
160155,4.72256,49.76127,2
160156,4.7409,49.75827,2
160157,4.73965,49.75837,2
160158,4.74851,49.76059,2
160159,4.73541,49.75896,2
160160,4.73541,49.75896,2
160161,4.7405,49.75827,2
160162,4.7393,49.75765,2
160163,4.739246,49.757721,2
160164,4.7393,49.75765,2
160165,4.7393,49.75765,2
160166,4.7405,49.75827,2
160167,4.7409,49.75827,2
160168,4.736807,49.759224,2
160169,4.736807,49.759224,2
160170,4.73964,49.76022,2
160171,4.73964,49.76022,2
160172,4.74173,49.75994,2
160173,4.74859,49.75955,2
160174,4.7191,49.76014,2
160175,4.73662,49.75887,2
160176,4.747214,49.758192,2
160177,4.75189,49.75623,2
160178,4.74998,49.75698,2
160179,4.72883,49.75917,2
160180,4.72883,49.75917,2
160181,4.72883,49.75917,2
160182,4.72864,49.75852,2
160183,4.72904,49.75802,2
160184,4.73815,49.75987,2
160185,4.74506,49.75769,2
160186,4.74522,49.75766,2
160187,4.74975,49.75701,2
160188,4.73125,49.77115,2
160189,4.33453,49.65701,2
160190,4.3341,49.65729,2
160191,4.33609,49.65847,2
160192,4.33574,49.65805,2
160193,4.3341,49.65729,2
160194,4.33202,49.656,2
160195,4.32129,49.6885,2
160196,4.330591,49.692651,2
160197,4.33024,49.693249,2
160198,4.327722,49.694009,2
160199,4.322407,49.69053,2
160200,4.32774,49.69709,2
160201,4.65874,49.86142,2
160202,4.65902,49.85229,2
160203,4.65902,49.85229,2
160204,4.66075,49.85909,2
160205,4.66075,49.85909,2
160206,4.65861,49.85944,2
160207,4.668637,49.867686,2
160208,4.66486,49.86238,2
160209,4.66174,49.86088,2
160210,4.65876,49.8616,2
160211,4.66261,49.85895,2
160212,4.660709,49.85935,2
160213,4.660983,49.858347,2
160214,4.660695,49.85935,2
160215,4.58843,49.47551,2
160216,4.57846,49.47773,2
160217,4.57852,49.47793,2
160218,4.57966,49.47845,2
160219,4.57966,49.47845,2
160220,4.58017,49.47822,2
160221,4.57731,49.4845,2
160222,4.580251,49.485574,2
160223,4.580788,49.484612,2
160224,4.580427,49.484232,2
160225,4.57645,49.48181,2
160226,4.57546,49.48217,2
160227,4.57546,49.48217,2
160228,4.57645,49.48181,2
160229,4.57645,49.48181,2
160230,4.57844,49.47897,2
160231,4.57844,49.47897,2
160232,4.57852,49.47793,2
160233,4.57852,49.47793,2
160234,4.57852,49.47793,2
160235,4.57852,49.47793,2
160236,4.58216,49.47688,2
160237,4.58938,49.47529,2
160238,4.58938,49.47529,2
160239,4.57859,49.47814,2
160240,4.57876,49.47807,2
160241,4.57956,49.47624,2
160242,4.57873,49.47612,2
160243,4.57873,49.47612,2
160244,4.58423,49.47593,2
160245,4.58423,49.47593,2
160246,4.57044,49.46916,2
160247,4.57852,49.47793,2
160248,4.58008,49.47818,2
160249,4.57966,49.47845,2
160250,4.96266,49.62612,2
160251,4.96266,49.62371,2
160252,4.96266,49.62371,2
160253,4.95894,49.62294,2
160254,4.96287,49.62194,2
160255,4.94445,49.61966,2
160256,4.96231,49.6209,2
160257,4.9611,49.61928,2
160258,4.9611,49.61928,2
160259,4.96002,49.622,2
160260,4.9615,49.62431,2
160261,4.9615,49.62431,2
160262,4.96162,49.62511,2
160263,4.96049,49.62276,2
160264,4.96287,49.62194,2
160265,4.96287,49.62194,2
160266,4.9608,49.6218,2
160267,4.9608,49.6218,2
160268,4.957157,49.623559,2
160269,4.95305,49.6225,2
160270,4.95305,49.6225,2
160271,4.96266,49.62371,2
160272,4.96253,49.62435,2
160273,4.96305,49.6222,2
160274,4.96253,49.62203,2
160275,4.96253,49.62203,2
160276,4.959943,49.614234,2
160277,4.96153,49.619825,2
160278,4.55028,49.31934,2
160279,4.58627,49.33639,2
160280,4.58263,49.34062,2
160281,4.58627,49.33639,2
160282,4.5822,49.34795,2
160283,4.55028,49.31934,2
160284,4.58281,49.34223,2
160285,4.581841,49.345345,2
160286,4.58428,49.33938,2
160287,4.58367,49.33949,2
160288,4.58263,49.34062,2
160289,4.58263,49.34062,2
160290,4.58281,49.34223,2
160291,4.49483,49.31096,2
160292,4.49275,49.30921,2
160293,4.49483,49.31096,2
160294,4.49678,49.30893,2
160295,4.494072,49.310688,2
160296,4.49358,49.30998,2
160297,4.49193,49.3102,2
160298,4.49193,49.3102,2
160299,4.49483,49.31096,2
160300,4.49678,49.30893,2
160301,4.49193,49.3102,2
160302,4.495711,49.311099,2
160303,4.49487,49.31099,2
