"ID","Longitude","Latitude","ServiceTime (min)"
15967,4.69455,49.78657,2
15968,4.69467,49.78667,2
15969,4.69467,49.7869,2
15970,4.69467,49.7869,2
15971,4.69474,49.78678,2
15972,4.69467,49.7869,2
15973,4.69467,49.7869,2
15974,4.69467,49.7869,2
15975,4.69459,49.78702,2
15976,4.69454,49.78713,2
15977,4.69457,49.78726,2
15978,4.6946,49.78739,2
15979,4.69455,49.78771,2
15980,4.69465,49.78752,2
15981,4.69465,49.78752,2
15982,4.69472,49.78768,2
15983,4.69448,49.78755,2
15984,4.69448,49.78755,2
15985,4.69448,49.78755,2
15986,4.6948,49.78784,2
15987,4.69522,49.78777,2
15988,4.69556,49.7877,2
15989,4.69589,49.78763,2
15990,4.69578,49.78778,2
15991,4.696,49.78773,2
15992,4.69544,49.78779,2
15993,4.69544,49.78779,2
15994,4.69556,49.78783,2
15995,4.69533,49.78787,2
15996,4.69511,49.78792,2
15997,4.69472,49.78527,2
15998,4.69489,49.78797,2
15999,4.69472,49.78527,2
16000,4.6947,49.78802,2
16001,4.69522,49.78902,2
16002,4.69527,49.78865,2
16003,4.69497,49.78917,2
16004,4.69622,49.78955,2
16005,4.69622,49.78955,2
16006,4.69622,49.78955,2
16007,4.69521,49.78885,2
16008,4.69566,49.78882,2
16009,4.69545,49.78861,2
16010,4.69524,49.78842,2
16011,4.69499,49.7884,2
16012,4.69588,49.78903,2
16013,4.69566,49.78882,2
16014,4.69622,49.78955,2
16015,4.6948,49.78805,2
16016,4.69431,49.7879,2
16017,4.69417,49.78794,2
16018,4.69399,49.78804,2
16019,4.69391,49.78809,2
16020,4.69382,49.78814,2
16021,4.69374,49.78819,2
16022,4.69374,49.78819,2
16023,4.69365,49.78824,2
16024,4.69421,49.78807,2
16025,4.69336,49.789,2
16026,4.69336,49.789,2
16027,4.69336,49.789,2
16028,4.69336,49.789,2
16029,4.69336,49.789,2
16030,4.69336,49.789,2
16031,4.69336,49.789,2
16032,4.69336,49.789,2
16033,4.693,49.78881,2
16034,4.69336,49.789,2
16035,4.693,49.78881,2
16036,4.69329,49.78903,2
16037,4.69368,49.78672,2
16038,4.69606,49.78525,2
16039,4.70608,49.7814,2
16040,4.70608,49.7814,2
16041,4.70608,49.7814,2
16042,4.69407,49.78632,2
16043,4.69397,49.78595,2
16044,4.69397,49.78595,2
16045,4.69437,49.78632,2
16046,4.70608,49.7814,2
16047,4.69401,49.78622,2
16048,4.69403,49.78594,2
16049,4.69397,49.78595,2
16050,4.69263,49.78536,2
16051,4.69461,49.78618,2
16052,4.69447,49.78611,2
16053,4.69492,49.78587,2
16054,4.69515,49.78574,2
16055,4.69635,49.78524,2
16056,4.69536,49.78578,2
16057,4.69511,49.78592,2
16058,4.69651,49.785,2
16059,4.6956,49.78565,2
16060,4.69585,49.78551,2
16061,4.69635,49.78524,2
16062,4.69659,49.78511,2
16063,4.69684,49.78497,2
16064,4.69674,49.78488,2
16065,4.69696,49.78476,2
16066,4.69405,49.78018,2
16067,4.69782,49.78429,2
16068,4.69405,49.78018,2
16069,4.69761,49.7844,2
16070,4.69544,49.78779,2
16071,4.69761,49.7844,2
16072,4.69804,49.78417,2
16073,4.69705,49.78486,2
16074,4.69628,49.78513,2
16075,4.69718,49.78464,2
16076,4.69753,49.7846,2
16077,4.69941,49.77711,2
16078,4.69721,49.78477,2
16079,4.69721,49.78477,2
16080,4.7004,49.77792,2
16081,4.69737,49.78468,2
16082,4.69577,49.77927,2
16083,4.6977,49.78451,2
16084,4.69427,49.78757,2
16085,4.69448,49.78755,2
16086,4.69786,49.78442,2
16087,4.69622,49.78955,2
16088,4.69786,49.78442,2
16089,4.69826,49.78405,2
16090,4.69356,49.78828,2
16091,4.69847,49.78393,2
16092,4.69392,49.78816,2
16093,4.69869,49.78381,2
16094,4.69336,49.789,2
16095,4.69891,49.78369,2
16096,4.69802,49.78433,2
16097,4.7011,49.78264,2
16098,4.69802,49.78433,2
16099,4.69818,49.78424,2
16100,4.69835,49.78415,2
16101,4.69851,49.78406,2
16102,4.69867,49.78397,2
16103,4.69883,49.78389,2
16104,4.69883,49.78389,2
16105,4.69899,49.7838,2
16106,4.69916,49.78371,2
16107,4.69932,49.78362,2
16108,4.69948,49.78353,2
16109,4.69934,49.78346,2
16110,4.69955,49.78334,2
16111,4.69977,49.78322,2
16112,4.69999,49.7831,2
16113,4.7002,49.78298,2
16114,4.70042,49.78286,2
16115,4.69997,49.78326,2
16116,4.69997,49.78326,2
16117,4.70013,49.78318,2
16118,4.70029,49.78309,2
16119,4.70045,49.783,2
16120,4.70062,49.78291,2
16121,4.70094,49.78273,2
16122,4.70147,49.7823,2
16123,4.69465,49.78752,2
16124,4.7016,49.78238,2
16125,4.70201,49.78223,2
16126,4.7018,49.7823,2
16127,4.70222,49.78217,2
16128,4.69925,49.77698,2
16129,4.70242,49.7821,2
16130,4.7005,49.77813,2
16131,4.70273,49.78203,2
16132,4.7005,49.77813,2
16133,4.70312,49.78197,2
16134,4.69941,49.77711,2
16135,4.70222,49.78217,2
16136,4.69958,49.77725,2
16137,4.7005,49.77813,2
16138,4.69974,49.77738,2
16139,4.69991,49.77751,2
16140,4.7005,49.77813,2
16141,4.7005,49.77813,2
16142,4.69398,49.7882,2
16143,4.7005,49.77813,2
16144,4.69375,49.78833,2
16145,4.69398,49.7882,2
16146,4.70046,49.77819,2
16147,4.70007,49.77765,2
16148,4.70038,49.7781,2
16149,4.70053,49.77804,2
16150,4.70062,49.77814,2
16151,4.70125,49.77887,2
16152,4.70078,49.77832,2
16153,4.70102,49.7786,2
16154,4.70096,49.77876,2
16155,4.70083,49.77861,2
16156,4.70109,49.7789,2
16157,4.70045,49.7783,2
16158,4.70036,49.77819,2
16159,4.70013,49.77835,2
16160,4.69981,49.77841,2
16161,4.69679,49.77889,2
16162,4.69949,49.77847,2
16163,4.698879,49.779868,2
16164,4.69886,49.77858,2
16165,4.69886,49.77858,2
16166,4.69911,49.78038,2
16167,4.69917,49.77852,2
16168,4.69956,49.77833,2
16169,4.69916,49.7784,2
16170,4.69894,49.77986,2
16171,4.69894,49.77986,2
16172,4.69894,49.77986,2
16173,4.69807,49.77862,2
16174,4.69851,49.77852,2
16175,4.69358,49.78926,2
16176,4.69881,49.77847,2
16177,4.69894,49.77986,2
16178,4.69895,49.78004,2
16179,4.69894,49.77986,2
16180,4.69894,49.77986,2
16181,4.69894,49.77986,2
16182,4.69894,49.77986,2
16183,4.69894,49.77986,2
16184,4.69894,49.77986,2
16185,4.69894,49.77986,2
16186,4.699327,49.780838,2
16187,4.69424,49.78624,2
16188,4.69894,49.77986,2
16189,4.69833,49.77871,2
16190,4.69841,49.77887,2
16191,4.69851,49.77869,2
16192,4.698711,49.779529,2
16193,4.698711,49.779529,2
16194,4.699031,49.780152,2
16195,4.698711,49.779529,2
16196,4.6987,49.77909,2
16197,4.69944,49.7814,2
16198,4.69861,49.77889,2
16199,4.69879,49.7793,2
16200,4.69918,49.78055,2
16201,4.69951,49.78091,2
16202,4.699031,49.780152,2
16203,4.699031,49.780152,2
16204,4.699031,49.780152,2
16205,4.69926,49.78071,2
16206,4.69945,49.78071,2
16207,4.69849,49.77904,2
16208,4.69898,49.7797,2
16209,4.699139,49.780375,2
16210,4.69742,49.77877,2
16211,4.69981,49.77835,2
16212,4.69981,49.77835,2
16213,4.69981,49.77835,2
16214,4.69981,49.77835,2
16215,4.69473,49.77975,2
16216,4.69507,49.77954,2
16217,4.69856,49.77863,2
16218,4.69473,49.77975,2
16219,4.69405,49.78018,2
16220,4.69405,49.78018,2
16221,4.6956,49.77919,2
16222,4.69582,49.77914,2
16223,4.693,49.78079,2
16224,4.69372,49.78039,2
16225,4.69653,49.77896,2
16226,4.69337,49.7806,2
16227,4.69072,49.78295,2
16228,4.69097,49.78267,2
16229,4.69022,49.78309,2
16230,4.69804,49.78417,2
16231,4.69072,49.78303,2
16232,4.69063,49.783,2
16233,4.69108,49.7842,2
16234,4.69109,49.78439,2
16235,4.6911,49.78458,2
16236,4.69111,49.78476,2
16237,4.69127,49.78492,2
16238,4.69142,49.78508,2
16239,4.69096,49.78482,2
16240,4.69072,49.78312,2
16241,4.6909,49.78419,2
16242,4.6909,49.78419,2
16243,4.6909,49.78419,2
16244,4.69091,49.78435,2
16245,4.69092,49.78451,2
16246,4.69093,49.78467,2
16247,4.69122,49.7851,2
16248,4.69135,49.78523,2
16249,4.69149,49.78537,2
16250,4.69162,49.7855,2
16251,4.69175,49.78564,2
16252,4.69173,49.7854,2
16253,4.68981,49.78317,2
16254,4.69189,49.78556,2
16255,4.69221,49.78561,2
16256,4.69196,49.78557,2
16257,4.6922,49.78547,2
16258,4.69244,49.78537,2
16259,4.69267,49.78527,2
16260,4.69291,49.78516,2
16261,4.69315,49.78506,2
16262,4.69203,49.78568,2
16263,4.69239,49.78553,2
16264,4.69257,49.78545,2
16265,4.69274,49.78537,2
16266,4.69292,49.7853,2
16267,4.69261,49.78452,2
16268,4.6931,49.78522,2
16269,4.69328,49.78514,2
16270,4.69155,49.78409,2
16271,4.69192,49.7841,2
16272,4.69229,49.78416,2
16273,4.69264,49.78422,2
16274,4.694,49.78422,2
16275,4.69376,49.78415,2
16276,4.69313,49.78427,2
16277,4.69373,49.78428,2
16278,4.69237,49.78617,2
16279,4.69321,49.78439,2
16280,4.69118,49.78408,2
16281,4.69265,49.78443,2
16282,4.69269,49.78433,2
16283,4.69188,49.78422,2
16284,4.69126,49.7842,2
16285,4.69248,49.78431,2
16286,4.69293,49.78437,2
16287,4.69347,49.78434,2
16288,4.69342,49.78494,2
16289,4.69398,49.78476,2
16290,4.69483,49.78469,2
16291,4.69352,49.78503,2
16292,4.69381,49.78493,2
16293,4.69388,49.78561,2
16294,4.69388,49.78548,2
16295,4.6943,49.78537,2
16296,4.69412,49.78485,2
16297,4.69415,49.78554,2
16298,4.69442,49.78547,2
16299,4.69472,49.78527,2
16300,4.6947,49.7854,2
16301,4.69508,49.7851,2
16302,4.69497,49.78532,2
16303,4.69405,49.78018,2
16304,4.69535,49.78487,2
16305,4.69405,49.78018,2
16306,4.69405,49.78018,2
16307,4.69518,49.7852,2
16308,4.69405,49.78018,2
16309,4.69405,49.78018,2
16310,4.69537,49.78505,2
16311,4.69405,49.78018,2
16312,4.69405,49.78018,2
16313,4.69555,49.7849,2
16314,4.69405,49.78018,2
16315,4.69405,49.78018,2
16316,4.69543,49.78475,2
16317,4.69405,49.78018,2
16318,4.69405,49.78018,2
16319,4.69511,49.78479,2
16320,4.69477,49.7848,2
16321,4.69444,49.78482,2
16322,4.69282,49.78446,2
16323,4.69158,49.78524,2
16324,4.69205,49.78595,2
16325,4.69231,49.786,2
16326,4.69237,49.78617,2
16327,4.69244,49.78614,2
16328,4.69272,49.78643,2
16329,4.69285,49.78658,2
16330,4.69237,49.78617,2
16331,4.69279,49.78709,2
16332,4.69311,49.7871,2
16333,4.69251,49.78721,2
16334,4.69233,49.78664,2
16335,4.69152,49.78611,2
16336,4.6907,49.78554,2
16337,4.69269,49.78662,2
16338,4.68911,49.78623,2
16339,4.69124,49.78584,2
16340,4.692009,49.786388,2
16341,4.69237,49.78629,2
16342,4.69221,49.78612,2
16343,4.69302,49.78645,2
16344,4.69302,49.78645,2
16345,4.69302,49.78645,2
16346,4.69302,49.78645,2
16347,4.69348,49.78727,2
16348,4.68919,49.7833,2
16349,4.69425,49.78784,2
16350,4.69826,49.78405,2
16351,4.69354,49.78733,2
16352,4.69359,49.78739,2
16353,4.69365,49.78745,2
16354,4.6937,49.7875,2
16355,4.69375,49.78756,2
16356,4.69381,49.78762,2
16357,4.69412,49.78793,2
16358,4.69386,49.78768,2
16359,4.69398,49.7882,2
16360,4.69398,49.7882,2
16361,4.69398,49.7882,2
16362,4.69398,49.7882,2
16363,4.69398,49.7882,2
16364,4.69398,49.7882,2
16365,4.69398,49.7882,2
16366,4.69398,49.7882,2
16367,4.69398,49.7882,2
16368,4.69398,49.7882,2
16369,4.69398,49.7882,2
16370,4.69398,49.7882,2
16371,4.69398,49.7882,2
16372,4.69124,49.78584,2
16373,4.69398,49.7882,2
16374,4.69375,49.78833,2
16375,4.69375,49.78833,2
16376,4.69375,49.78833,2
16377,4.69375,49.78833,2
16378,4.69375,49.78833,2
16379,4.69375,49.78833,2
16380,4.69375,49.78833,2
16381,4.69375,49.78833,2
16382,4.69375,49.78833,2
16383,4.69375,49.78833,2
16384,4.69405,49.78018,2
16385,4.69405,49.78018,2
16386,4.69375,49.78833,2
16387,4.69405,49.78018,2
16388,4.69375,49.78833,2
16389,4.69405,49.78018,2
16390,4.69375,49.78833,2
16391,4.69375,49.78833,2
16392,4.69115,49.7828,2
16393,4.69115,49.7828,2
16394,4.69115,49.7828,2
16395,4.69115,49.7828,2
16396,4.69115,49.7828,2
16397,4.69115,49.7828,2
16398,4.69348,49.78705,2
16399,4.69374,49.78732,2
16400,4.69374,49.78732,2
16401,4.69392,49.78751,2
16402,4.69409,49.78757,2
16403,4.6942,49.78752,2
16404,4.69427,49.78757,2
16405,4.69438,49.78704,2
16406,4.69438,49.78704,2
16407,4.69449,49.78688,2
16408,4.69452,49.78673,2
16409,4.69419,49.78645,2
16410,4.69443,49.78646,2
16411,4.69431,49.78636,2
16412,4.72316,49.75536,2
16413,4.72388,49.75649,2
16414,4.72286,49.75524,2
16415,4.72256,49.75454,2
16416,4.72264,49.75473,2
16417,4.7211,49.75459,2
16418,4.72203,49.75361,2
16419,4.72211,49.75351,2
16420,4.72242,49.75313,2
16421,4.7225,49.75303,2
16422,4.72498,49.74812,2
16423,4.72266,49.75284,2
16424,4.7211,49.75459,2
16425,4.7211,49.75459,2
16426,4.7211,49.75459,2
16427,4.7211,49.75459,2
16428,4.72083,49.75437,2
16429,4.7211,49.75439,2
16430,4.72137,49.7544,2
16431,4.72082,49.75415,2
16432,4.72082,49.75415,2
16433,4.72082,49.75415,2
16434,4.72082,49.75415,2
16435,4.72082,49.75415,2
16436,4.72082,49.75415,2
16437,4.72088,49.75383,2
16438,4.72088,49.75383,2
16439,4.72241,49.75541,2
16440,4.72088,49.75383,2
16441,4.72241,49.75541,2
16442,4.72088,49.75383,2
16443,4.72088,49.75383,2
16444,4.72088,49.75383,2
16445,4.72241,49.75541,2
16446,4.72094,49.75351,2
16447,4.72094,49.75351,2
16448,4.72094,49.75351,2
16449,4.72094,49.75351,2
16450,4.72273,49.75492,2
16451,4.72171,49.75399,2
16452,4.72094,49.75351,2
16453,4.72094,49.75351,2
16454,4.72105,49.7532,2
16455,4.72105,49.7532,2
16456,4.72105,49.7532,2
16457,4.72105,49.7532,2
16458,4.72105,49.7532,2
16459,4.72105,49.7532,2
16460,4.72222,49.75273,2
16461,4.72222,49.75273,2
16462,4.72222,49.75273,2
16463,4.72222,49.75273,2
16464,4.72222,49.75273,2
16465,4.72222,49.75273,2
16466,4.72257,49.75282,2
16467,4.72257,49.75282,2
16468,4.72257,49.75282,2
16469,4.72257,49.75282,2
16470,4.72257,49.75282,2
16471,4.72257,49.75282,2
16472,4.72078,49.75503,2
16473,4.72078,49.75503,2
16474,4.72084,49.75519,2
16475,4.7209,49.75535,2
16476,4.72092,49.75489,2
16477,4.721,49.75514,2
16478,4.72089,49.75549,2
16479,4.72109,49.75539,2
16480,4.72089,49.75549,2
16481,4.72241,49.75462,2
16482,4.72254,49.7549,2
16483,4.72316,49.75536,2
16484,4.72316,49.75536,2
16485,4.72388,49.75649,2
16486,4.72289,49.75533,2
16487,4.72388,49.75649,2
16488,4.72286,49.75524,2
16489,4.72282,49.75515,2
16490,4.72279,49.75506,2
16491,4.72313,49.755,2
16492,4.72273,49.75492,2
16493,4.72273,49.75492,2
16494,4.72273,49.75492,2
16495,4.72273,49.75492,2
16496,4.72273,49.75492,2
16497,4.72273,49.75492,2
16498,4.72273,49.75492,2
16499,4.72273,49.75492,2
16500,4.72273,49.75492,2
16501,4.72273,49.75492,2
16502,4.72273,49.75492,2
16503,4.72273,49.75492,2
16504,4.72273,49.75492,2
16505,4.72273,49.75492,2
16506,4.72273,49.75492,2
16507,4.72273,49.75492,2
16508,4.72273,49.75492,2
16509,4.72273,49.75492,2
16510,4.72264,49.75473,2
16511,4.72264,49.75473,2
16512,4.72264,49.75473,2
16513,4.72264,49.75473,2
16514,4.72264,49.75473,2
16515,4.72264,49.75473,2
16516,4.72256,49.75454,2
16517,4.72256,49.75454,2
16518,4.7211,49.75459,2
16519,4.7211,49.75459,2
16520,4.72148,49.75428,2
16521,4.72156,49.75419,2
16522,4.72164,49.75409,2
16523,4.72171,49.75399,2
16524,4.72171,49.75399,2
16525,4.72171,49.75399,2
16526,4.72179,49.7539,2
16527,4.72187,49.7538,2
16528,4.72195,49.75371,2
16529,4.72203,49.75361,2
16530,4.72203,49.75361,2
16531,4.72203,49.75361,2
16532,4.72203,49.75361,2
16533,4.72203,49.75361,2
16534,4.72203,49.75361,2
16535,4.72211,49.75351,2
16536,4.72211,49.75351,2
16537,4.72219,49.75342,2
16538,4.72226,49.75332,2
16539,4.72234,49.75323,2
16540,4.72242,49.75313,2
16541,4.72242,49.75313,2
16542,4.72242,49.75313,2
16543,4.72242,49.75313,2
16544,4.72242,49.75313,2
16545,4.72242,49.75313,2
16546,4.72242,49.75313,2
16547,4.72242,49.75313,2
16548,4.72242,49.75313,2
16549,4.7225,49.75303,2
16550,4.7225,49.75303,2
16551,4.7225,49.75303,2
16552,4.7225,49.75303,2
16553,4.7225,49.75303,2
16554,4.7225,49.75303,2
16555,4.7225,49.75303,2
16556,4.7225,49.75303,2
16557,4.72266,49.75284,2
16558,4.7225,49.75303,2
16559,4.72266,49.75284,2
16560,4.72266,49.75284,2
16561,4.72266,49.75284,2
16562,4.72266,49.75284,2
16563,4.72272,49.75277,2
16564,4.72276,49.75271,2
16565,4.7228,49.75265,2
16566,4.72285,49.7526,2
16567,4.72289,49.75254,2
16568,4.72293,49.75249,2
16569,4.72298,49.75242,2
16570,4.72241,49.75541,2
16571,4.7231,49.75227,2
16572,4.72316,49.7522,2
16573,4.72322,49.75213,2
16574,4.7205,49.75434,2
16575,4.72328,49.75206,2
16576,4.72203,49.75361,2
16577,4.72204,49.75556,2
16578,4.72241,49.75541,2
16579,4.72241,49.75541,2
16580,4.72241,49.75541,2
16581,4.72241,49.75541,2
16582,4.72241,49.75541,2
16583,4.72241,49.75541,2
16584,4.72241,49.75541,2
16585,4.72241,49.75541,2
16586,4.72241,49.75541,2
16587,4.72241,49.75541,2
16588,4.72241,49.75541,2
16589,4.72241,49.75541,2
16590,4.72165,49.75556,2
16591,4.72204,49.75556,2
16592,4.72153,49.75601,2
16593,4.72204,49.75556,2
16594,4.72241,49.75541,2
16595,4.72241,49.75541,2
16596,4.72241,49.75541,2
16597,4.72241,49.75541,2
16598,4.72241,49.75541,2
16599,4.72241,49.75541,2
16600,4.72241,49.75541,2
16601,4.72241,49.75541,2
16602,4.72241,49.75541,2
16603,4.72241,49.75541,2
16604,4.72241,49.75541,2
16605,4.72241,49.75541,2
16606,4.72241,49.75541,2
16607,4.72241,49.75541,2
16608,4.72241,49.75541,2
16609,4.72241,49.75541,2
16610,4.72241,49.75541,2
16611,4.72241,49.75541,2
16612,4.72204,49.75556,2
16613,4.72204,49.75556,2
16614,4.72204,49.75556,2
16615,4.72241,49.75541,2
16616,4.72111,49.75245,2
16617,4.72111,49.75245,2
16618,4.72111,49.75245,2
16619,4.72111,49.75245,2
16620,4.72111,49.75245,2
16621,4.72111,49.75245,2
16622,4.72111,49.75245,2
16623,4.72111,49.75245,2
16624,4.72111,49.75245,2
16625,4.72111,49.75245,2
16626,4.72111,49.75245,2
16627,4.72111,49.75245,2
16628,4.72168,49.75246,2
16629,4.72197,49.75253,2
16630,4.71985,49.75225,2
16631,4.71985,49.75225,2
16632,4.72028,49.75233,2
16633,4.71985,49.75225,2
16634,4.71985,49.75225,2
16635,4.71985,49.75225,2
16636,4.71985,49.75225,2
16637,4.71985,49.75225,2
16638,4.71985,49.75225,2
16639,4.71985,49.75225,2
16640,4.71985,49.75225,2
16641,4.71942,49.75216,2
16642,4.71985,49.75225,2
16643,4.71985,49.75225,2
16644,4.72043,49.75224,2
16645,4.71985,49.75225,2
16646,4.72043,49.75224,2
16647,4.72043,49.75224,2
16648,4.72043,49.75224,2
16649,4.72043,49.75224,2
16650,4.72043,49.75224,2
16651,4.72018,49.75219,2
16652,4.71993,49.75214,2
16653,4.71969,49.75209,2
16654,4.71944,49.75205,2
16655,4.71919,49.752,2
16656,4.71894,49.75195,2
16657,4.71899,49.75208,2
16658,4.71895,49.75108,2
16659,4.71888,49.75203,2
16660,4.72043,49.75224,2
16661,4.71875,49.75136,2
16662,4.71875,49.75136,2
16663,4.71875,49.75136,2
16664,4.71875,49.75136,2
16665,4.71875,49.75136,2
16666,4.71875,49.75136,2
16667,4.71875,49.75136,2
16668,4.71875,49.75136,2
16669,4.71875,49.75136,2
16670,4.71875,49.75136,2
16671,4.71875,49.75136,2
16672,4.71875,49.75136,2
16673,4.71875,49.75136,2
16674,4.71875,49.75136,2
16675,4.71875,49.75136,2
16676,4.71875,49.75136,2
16677,4.71875,49.75136,2
16678,4.72069,49.7539,2
16679,4.71876,49.75118,2
16680,4.71876,49.75118,2
16681,4.71876,49.75118,2
16682,4.71876,49.75118,2
16683,4.71876,49.75118,2
16684,4.71876,49.75118,2
16685,4.71876,49.75118,2
16686,4.71876,49.75118,2
16687,4.71876,49.75118,2
16688,4.71876,49.75118,2
16689,4.71876,49.75118,2
16690,4.71876,49.75118,2
16691,4.71876,49.75118,2
16692,4.71876,49.75118,2
16693,4.71876,49.75118,2
16694,4.71876,49.75118,2
16695,4.71876,49.75118,2
16696,4.71876,49.75118,2
16697,4.71878,49.751,2
16698,4.71878,49.751,2
16699,4.71878,49.751,2
16700,4.71878,49.751,2
16701,4.71878,49.751,2
16702,4.71878,49.751,2
16703,4.71878,49.751,2
16704,4.71878,49.751,2
16705,4.71878,49.751,2
16706,4.71878,49.751,2
16707,4.71878,49.751,2
16708,4.71878,49.751,2
16709,4.71878,49.751,2
16710,4.71878,49.751,2
16711,4.71878,49.751,2
16712,4.71878,49.751,2
16713,4.71891,49.75168,2
16714,4.71891,49.75168,2
16715,4.71891,49.75168,2
16716,4.71891,49.75168,2
16717,4.71891,49.75168,2
16718,4.71891,49.75168,2
16719,4.71891,49.75168,2
16720,4.71891,49.75168,2
16721,4.71891,49.75168,2
16722,4.72069,49.7539,2
16723,4.71891,49.75168,2
16724,4.71891,49.75168,2
16725,4.71852,49.75345,2
16726,4.7188,49.75254,2
16727,4.71895,49.75108,2
16728,4.71887,49.7541,2
16729,4.71895,49.75108,2
16730,4.72069,49.7539,2
16731,4.72071,49.75378,2
16732,4.71895,49.75108,2
16733,4.71895,49.75108,2
16734,4.72118,49.75289,2
16735,4.71895,49.75108,2
16736,4.72111,49.75245,2
16737,4.72111,49.75245,2
16738,4.71895,49.75108,2
16739,4.71985,49.75225,2
16740,4.72043,49.75224,2
16741,4.71895,49.75108,2
16742,4.71985,49.75225,2
16743,4.71895,49.75108,2
16744,4.7187,49.75203,2
16745,4.71899,49.75047,2
16746,4.71899,49.75047,2
16747,4.71899,49.75047,2
16748,4.71899,49.75047,2
16749,4.71899,49.75047,2
16750,4.71899,49.75047,2
16751,4.71899,49.75047,2
16752,4.71899,49.75047,2
16753,4.71899,49.75047,2
16754,4.71899,49.75047,2
16755,4.71879,49.75082,2
16756,4.71879,49.75082,2
16757,4.71879,49.75082,2
16758,4.71879,49.75082,2
16759,4.71879,49.75082,2
16760,4.71879,49.75082,2
16761,4.71879,49.75082,2
16762,4.71879,49.75082,2
16763,4.71879,49.75082,2
16764,4.71879,49.75082,2
16765,4.71879,49.75082,2
16766,4.71879,49.75082,2
16767,4.71879,49.75082,2
16768,4.71895,49.75108,2
16769,4.71879,49.75082,2
16770,4.71879,49.75082,2
16771,4.71879,49.75082,2
16772,4.7188,49.75065,2
16773,4.7188,49.75065,2
16774,4.7188,49.75065,2
16775,4.7188,49.75065,2
16776,4.7188,49.75065,2
16777,4.7188,49.75065,2
16778,4.71876,49.75118,2
16779,4.7188,49.75065,2
16780,4.71891,49.75168,2
16781,4.71899,49.75047,2
16782,4.7188,49.75065,2
16783,4.71879,49.75082,2
16784,4.7188,49.75065,2
16785,4.7188,49.75065,2
16786,4.71884,49.75011,2
16787,4.71881,49.75047,2
16788,4.71806,49.75134,2
16789,4.71881,49.75047,2
16790,4.71801,49.75111,2
16791,4.71881,49.75047,2
16792,4.71881,49.75047,2
16793,4.71881,49.75047,2
16794,4.71881,49.75047,2
16795,4.71881,49.75047,2
16796,4.71883,49.75237,2
16797,4.71881,49.75047,2
16798,4.71883,49.75237,2
16799,4.71881,49.75047,2
16800,4.71883,49.75029,2
16801,4.71883,49.75029,2
16802,4.71883,49.75029,2
16803,4.71883,49.75029,2
16804,4.71883,49.75029,2
16805,4.71883,49.75029,2
16806,4.71883,49.75029,2
16807,4.71883,49.75029,2
16808,4.71884,49.75011,2
16809,4.71884,49.75011,2
16810,4.71884,49.75011,2
16811,4.71884,49.75011,2
16812,4.71884,49.75011,2
16813,4.71884,49.75011,2
16814,4.71884,49.75011,2
16815,4.71884,49.75011,2
16816,4.71884,49.75011,2
16817,4.71885,49.74994,2
16818,4.71885,49.74994,2
16819,4.71885,49.74994,2
16820,4.71885,49.74994,2
16821,4.71885,49.74994,2
16822,4.71885,49.74994,2
16823,4.71885,49.74994,2
16824,4.71885,49.74994,2
16825,4.71447,49.74525,2
16826,4.71471,49.74531,2
16827,4.71486,49.74535,2
16828,4.71502,49.74539,2
16829,4.71517,49.74543,2
16830,4.71532,49.74547,2
16831,4.71548,49.74551,2
16832,4.71563,49.74556,2
16833,4.71578,49.7456,2
16834,4.71594,49.74564,2
16835,4.71609,49.74568,2
16836,4.71624,49.74572,2
16837,4.7164,49.74576,2
16838,4.71655,49.74581,2
16839,4.7167,49.74585,2
16840,4.71686,49.74589,2
16841,4.71701,49.74594,2
16842,4.71715,49.74599,2
16843,4.71729,49.74605,2
16844,4.71784,49.74602,2
16845,4.72108,49.75256,2
16846,4.71793,49.74557,2
16847,4.71738,49.74595,2
16848,4.71723,49.74589,2
16849,4.71708,49.74583,2
16850,4.71692,49.74578,2
16851,4.71676,49.74574,2
16852,4.71659,49.74569,2
16853,4.71643,49.74565,2
16854,4.71627,49.7456,2
16855,4.7161,49.74556,2
16856,4.71594,49.74551,2
16857,4.71577,49.74547,2
16858,4.71561,49.74542,2
16859,4.71545,49.74538,2
16860,4.71528,49.74534,2
16861,4.72043,49.75224,2
16862,4.71512,49.74529,2
16863,4.71496,49.74525,2
16864,4.71447,49.74513,2
16865,4.71463,49.74516,2
16866,4.71479,49.7452,2
16867,4.71806,49.75134,2
16868,4.71806,49.75134,2
16869,4.71806,49.75134,2
16870,4.71806,49.75134,2
16871,4.71806,49.75134,2
16872,4.71806,49.75134,2
16873,4.71806,49.75134,2
16874,4.71806,49.75134,2
16875,4.71806,49.75134,2
16876,4.71801,49.75111,2
16877,4.71801,49.75111,2
16878,4.71801,49.75111,2
16879,4.71801,49.75111,2
16880,4.71801,49.75111,2
16881,4.71801,49.75111,2
16882,4.71801,49.75111,2
16883,4.71801,49.75111,2
16884,4.71796,49.75089,2
16885,4.71796,49.75089,2
16886,4.71796,49.75089,2
16887,4.71796,49.75089,2
16888,4.71796,49.75089,2
16889,4.71796,49.75089,2
16890,4.71796,49.75089,2
16891,4.71796,49.75089,2
16892,4.7187,49.75203,2
16893,4.71852,49.75202,2
16894,4.7187,49.75203,2
16895,4.7187,49.75203,2
16896,4.71852,49.75202,2
16897,4.71852,49.75202,2
16898,4.71852,49.75202,2
16899,4.71852,49.75202,2
16900,4.71852,49.75202,2
16901,4.72069,49.7539,2
16902,4.7177,49.7541,2
16903,4.71696,49.7544,2
16904,4.71696,49.7544,2
16905,4.71793,49.75407,2
16906,4.71815,49.75405,2
16907,4.71831,49.75406,2
16908,4.71846,49.75407,2
16909,4.71861,49.75408,2
16910,4.71874,49.75409,2
16911,4.71847,49.75385,2
16912,4.71848,49.75377,2
16913,4.71849,49.75369,2
16914,4.7185,49.75361,2
16915,4.71851,49.75353,2
16916,4.71852,49.75345,2
16917,4.71852,49.75345,2
16918,4.71852,49.75345,2
16919,4.71852,49.75345,2
16920,4.71852,49.75337,2
16921,4.71853,49.75329,2
16922,4.71854,49.75321,2
16923,4.71855,49.75313,2
16924,4.71856,49.75305,2
16925,4.71857,49.75297,2
16926,4.71857,49.75289,2
16927,4.71857,49.75289,2
16928,4.71858,49.75281,2
16929,4.71861,49.75265,2
16930,4.71862,49.75257,2
16931,4.71863,49.75249,2
16932,4.71865,49.75233,2
16933,4.71864,49.75241,2
16934,4.71866,49.75225,2
16935,4.71868,49.75217,2
16936,4.71835,49.752,2
16937,4.71871,49.75189,2
16938,4.71872,49.75171,2
16939,4.71874,49.75153,2
16940,4.71888,49.75203,2
16941,4.71887,49.75212,2
16942,4.71885,49.7522,2
16943,4.71884,49.75229,2
16944,4.71882,49.75246,2
16945,4.7188,49.75254,2
16946,4.7188,49.75254,2
16947,4.7188,49.75254,2
16948,4.71879,49.75263,2
16949,4.71878,49.75272,2
16950,4.71877,49.7528,2
16951,4.71875,49.75289,2
16952,4.71874,49.75297,2
16953,4.71874,49.75306,2
16954,4.71873,49.75315,2
16955,4.71872,49.75323,2
16956,4.71871,49.75332,2
16957,4.7187,49.7534,2
16958,4.71869,49.75349,2
16959,4.71868,49.75358,2
16960,4.71867,49.75366,2
16961,4.71866,49.75375,2
16962,4.71866,49.75384,2
16963,4.71887,49.7541,2
16964,4.71887,49.7541,2
16965,4.71887,49.7541,2
16966,4.71887,49.7541,2
16967,4.719,49.75411,2
16968,4.71926,49.75414,2
16969,4.71926,49.75414,2
16970,4.71926,49.75414,2
16971,4.71939,49.75415,2
16972,4.7201,49.7542,2
16973,4.72034,49.75421,2
16974,4.72059,49.75423,2
16975,4.72059,49.75423,2
16976,4.72075,49.75356,2
16977,4.72081,49.75333,2
16978,4.72085,49.75322,2
16979,4.7209,49.75311,2
16980,4.72102,49.75278,2
16981,4.72102,49.75278,2
16982,4.72102,49.75278,2
16983,4.72108,49.75256,2
16984,4.72108,49.75256,2
16985,4.72108,49.75256,2
16986,4.72108,49.75256,2
16987,4.72111,49.75245,2
16988,4.72111,49.75245,2
16989,4.72111,49.75245,2
16990,4.72111,49.75245,2
16991,4.72111,49.75245,2
16992,4.72111,49.75245,2
16993,4.268137,49.883436,2
16994,4.26416,49.88058,2
16995,4.26415,49.882413,2
16996,4.266082,49.880577,2
16997,4.266082,49.880577,2
16998,4.26416,49.88058,2
16999,4.2649,49.88145,2
17000,4.26416,49.88058,2
17001,4.264697,49.880707,2
17002,4.263497,49.880573,2
17003,4.263497,49.880573,2
17004,4.263497,49.880573,2
17005,4.26416,49.88058,2
17006,4.2642,49.88128,2
17007,4.264457,49.881348,2
17008,4.26416,49.88058,2
17009,4.2649,49.88145,2
17010,4.2649,49.88145,2
17011,4.264457,49.881348,2
17012,4.264381,49.881906,2
17013,4.264166,49.882448,2
17014,4.263957,49.882083,2
17015,4.26455,49.88959,2
17016,4.26455,49.88959,2
17017,4.26416,49.88058,2
17018,4.265468,49.886002,2
17019,4.26416,49.88058,2
17020,4.265373,49.883121,2
17021,4.265764,49.882073,2
17022,4.266241,49.882927,2
17023,4.266227,49.882937,2
17024,4.26416,49.88058,2
17025,4.26668,49.882768,2
17026,4.265795,49.882153,2
17027,4.267129,49.882895,2
17028,4.26416,49.88058,2
17029,4.2642,49.88128,2
17030,4.273519,49.887518,2
17031,4.27346,49.88741,2
17032,4.274977,49.886749,2
17033,4.27346,49.88741,2
17034,4.27346,49.88741,2
17035,4.27346,49.88741,2
17036,4.27346,49.88741,2
17037,4.27346,49.88741,2
17038,4.27346,49.88741,2
17039,4.27346,49.88741,2
17040,4.27346,49.88741,2
17041,4.27346,49.88741,2
17042,4.26416,49.88058,2
17043,4.27889,49.891303,2
17044,4.28128,49.892729,2
17045,4.280436,49.892473,2
17046,4.26412,49.88061,2
17047,4.27346,49.88741,2
17048,4.27346,49.88741,2
17049,4.27346,49.88741,2
17050,4.27346,49.88741,2
17051,4.27346,49.88741,2
17052,4.281252,49.892711,2
17053,4.27346,49.88741,2
17054,4.27346,49.88741,2
17055,4.263497,49.880582,2
17056,4.260493,49.877235,2
17057,4.263788,49.881664,2
17058,4.26416,49.88058,2
17059,4.26511,49.88312,2
17060,4.26416,49.88058,2
17061,4.26416,49.88058,2
17062,4.26416,49.88058,2
17063,4.26416,49.88058,2
17064,4.282431,49.89192,2
17065,4.2649,49.88145,2
17066,4.26511,49.88312,2
17067,4.264408,49.883343,2
17068,4.70662,49.99538,2
17069,4.70671,49.99544,2
17070,4.70671,49.99544,2
17071,4.7068,49.99551,2
17072,4.7068,49.99551,2
17073,4.70828,49.99442,2
17074,4.70695,49.99565,2
17075,4.70702,49.99572,2
17076,4.70702,49.99572,2
17077,4.70709,49.99578,2
17078,4.70716,49.99585,2
17079,4.70723,49.99592,2
17080,4.7073,49.99598,2
17081,4.70737,49.99605,2
17082,4.70731,49.99605,2
17083,4.70745,49.99611,2
17084,4.70754,49.99619,2
17085,4.70763,49.99626,2
17086,4.70763,49.99626,2
17087,4.7079,49.99648,2
17088,4.70799,49.99655,2
17089,4.70808,49.99663,2
17090,4.70817,49.9967,2
17091,4.70835,49.99685,2
17092,4.70835,49.99685,2
17093,4.70703,49.99586,2
17094,4.70703,49.99586,2
17095,4.7075,49.99595,2
17096,4.70794,49.99572,2
17097,4.70813,49.99562,2
17098,4.70747,49.99611,2
17099,4.70798,49.99584,2
17100,4.70848,49.99558,2
17101,4.70882,49.9954,2
17102,4.71001,49.99592,2
17103,4.70876,49.99528,2
17104,4.7088,49.99536,2
17105,4.70878,49.99535,2
17106,4.70947,49.99571,2
17107,4.70937,49.99565,2
17108,4.70893,49.99527,2
17109,4.70911,49.99537,2
17110,4.70898,49.99545,2
17111,4.70946,49.99556,2
17112,4.70973,49.99584,2
17113,4.70969,49.99567,2
17114,4.70973,49.9957,2
17115,4.71001,49.99592,2
17116,4.71001,49.99599,2
17117,4.71023,49.99596,2
17118,4.71068,49.99619,2
17119,4.71036,49.99603,2
17120,4.71095,49.99633,2
17121,4.71099,49.99636,2
17122,4.71122,49.99647,2
17123,4.685724,49.985049,2
17124,4.71034,49.99617,2
17125,4.70193,49.99197,2
17126,4.7105,49.99625,2
17127,4.71096,49.99649,2
17128,4.71096,49.99649,2
17129,4.71111,49.99657,2
17130,4.71145,49.99675,2
17131,4.71001,49.99592,2
17132,4.71133,49.99651,2
17133,4.71152,49.99636,2
17134,4.71151,49.9962,2
17135,4.71141,49.99627,2
17136,4.71163,49.99628,2
17137,4.7118,49.99595,2
17138,4.71218,49.99572,2
17139,4.7127,49.99533,2
17140,4.71289,49.99515,2
17141,4.71239,49.99561,2
17142,4.71218,49.99572,2
17143,4.71287,49.99514,2
17144,4.71243,49.99537,2
17145,4.71274,49.99509,2
17146,4.71404,49.99378,2
17147,4.71404,49.99378,2
17148,4.71404,49.99378,2
17149,4.71404,49.99378,2
17150,4.71404,49.99378,2
17151,4.71404,49.99378,2
17152,4.71404,49.99378,2
17153,4.71404,49.99378,2
17154,4.71404,49.99378,2
17155,4.71404,49.99378,2
17156,4.71404,49.99378,2
17157,4.71404,49.99378,2
17158,4.71404,49.99378,2
17159,4.71172,49.9945,2
17160,4.71404,49.99378,2
17161,4.71404,49.99378,2
17162,4.71285,49.99505,2
17163,4.71218,49.99572,2
17164,4.71211,49.99472,2
17165,4.7116,49.99444,2
17166,4.71078,49.99413,2
17167,4.7119,49.9946,2
17168,4.71404,49.99378,2
17169,4.71404,49.99378,2
17170,4.71093,49.99389,2
17171,4.71287,49.99514,2
17172,4.71036,49.99383,2
17173,4.71404,49.99378,2
17174,4.71404,49.99378,2
17175,4.71042,49.99379,2
17176,4.71036,49.99383,2
17177,4.71036,49.99383,2
17178,4.71011,49.99335,2
17179,4.71036,49.99383,2
17180,4.71036,49.99383,2
17181,4.70811,49.99572,2
17182,4.71023,49.99378,2
17183,4.70973,49.9942,2
17184,4.70957,49.99434,2
17185,4.70941,49.99449,2
17186,4.71035,49.99387,2
17187,4.70811,49.99572,2
17188,4.70928,49.99464,2
17189,4.71001,49.99592,2
17190,4.70903,49.99495,2
17191,4.71001,49.99592,2
17192,4.71001,49.99592,2
17193,4.70878,49.99526,2
17194,4.71001,49.99592,2
17195,4.71001,49.99592,2
17196,4.7092,49.995,2
17197,4.71001,49.99592,2
17198,4.70896,49.9953,2
17199,4.71001,49.99592,2
17200,4.69206,49.98858,2
17201,4.71001,49.99592,2
17202,4.71001,49.99592,2
17203,4.6919,49.98854,2
17204,4.71001,49.99592,2
17205,4.71001,49.99592,2
17206,4.69168,49.98749,2
17207,4.71001,49.99592,2
17208,4.6918,49.98822,2
17209,4.69176,49.9881,2
17210,4.69197,49.98819,2
17211,4.70193,49.99197,2
17212,4.692506,49.987415,2
17213,4.69059,49.98793,2
17214,4.69075,49.98791,2
17215,4.71287,49.99514,2
17216,4.69087,49.98789,2
17217,4.6852,49.985167,2
17218,4.69134,49.98795,2
17219,4.6852,49.985167,2
17220,4.69133,49.98811,2
17221,4.6852,49.985167,2
17222,4.69073,49.98818,2
17223,4.6852,49.985167,2
17224,4.69066,49.98804,2
17225,4.6852,49.985167,2
17226,4.69106,49.98786,2
17227,4.6852,49.985167,2
17228,4.69122,49.98784,2
17229,4.6852,49.985167,2
17230,4.69134,49.98783,2
17231,4.6852,49.985167,2
17232,4.69128,49.9879,2
17233,4.6852,49.985167,2
17234,4.69129,49.98791,2
17235,4.6852,49.985167,2
17236,4.69136,49.98824,2
17237,4.686138,49.984672,2
17238,4.69137,49.98832,2
17239,4.686138,49.984672,2
17240,4.69144,49.98861,2
17241,4.685724,49.985049,2
17242,4.69145,49.98869,2
17243,4.685724,49.985049,2
17244,4.6909,49.98881,2
17245,4.685724,49.985049,2
17246,4.69088,49.98873,2
17247,4.685724,49.985049,2
17248,4.69007,49.98894,2
17249,4.685724,49.985049,2
17250,4.69072,49.98883,2
17251,4.685724,49.985049,2
17252,4.6907,49.98877,2
17253,4.685724,49.985049,2
17254,4.69078,49.98835,2
17255,4.685724,49.985049,2
17256,4.69003,49.9888,2
17257,4.685724,49.985049,2
17258,4.68993,49.98848,2
17259,4.685724,49.985049,2
17260,4.69065,49.98858,2
17261,4.685724,49.985049,2
17262,4.69064,49.98851,2
17263,4.685724,49.985049,2
17264,4.68989,49.98837,2
17265,4.68978,49.98804,2
17266,4.6852,49.985167,2
17267,4.69057,49.98826,2
17268,4.6852,49.985167,2
17269,4.6908,49.98843,2
17270,4.69056,49.9882,2
17271,4.6852,49.985167,2
17272,4.6907,49.98807,2
17273,4.6852,49.985167,2
17274,4.69068,49.98799,2
17275,4.68975,49.98793,2
17276,4.68964,49.98757,2
17277,4.69051,49.98801,2
17278,4.6905,49.98798,2
17279,4.68949,49.98713,2
17280,4.6896,49.98746,2
17281,4.6896,49.98744,2
17282,4.69034,49.98722,2
17283,4.68946,49.98702,2
17284,4.68942,49.98746,2
17285,4.68931,49.98714,2
17286,4.69024,49.98686,2
17287,4.69033,49.98719,2
17288,4.69029,49.98704,2
17289,4.69126,49.98714,2
17290,4.68956,49.98734,2
17291,4.68938,49.98679,2
17292,4.6902,49.98673,2
17293,4.68906,49.98637,2
17294,4.68918,49.98672,2
17295,4.69046,49.98724,2
17296,4.70948,49.99276,2
17297,4.69088,49.98718,2
17298,4.69102,49.98716,2
17299,4.69116,49.98713,2
17300,4.69022,49.98681,2
17301,4.69076,49.98662,2
17302,4.69053,49.98664,2
17303,4.69114,49.98675,2
17304,4.6903,49.98666,2
17305,4.6902,49.98672,2
17306,4.68935,49.98669,2
17307,4.69002,49.9863,2
17308,4.68997,49.98616,2
17309,4.68921,49.98626,2
17310,4.68925,49.98637,2
17311,4.68913,49.98599,2
17312,4.68986,49.98585,2
17313,4.6902,49.98627,2
17314,4.69037,49.98668,2
17315,4.69022,49.98634,2
17316,4.69111,49.98663,2
17317,4.69081,49.98626,2
17318,4.69104,49.98641,2
17319,4.69093,49.98665,2
17320,4.69075,49.98606,2
17321,4.69073,49.98598,2
17322,4.69064,49.98566,2
17323,4.69055,49.98575,2
17324,4.69001,49.98587,2
17325,4.68994,49.98589,2
17326,4.6894,49.98599,2
17327,4.69004,49.98583,2
17328,4.69082,49.98563,2
17329,4.70418,49.99375,2
17330,4.70418,49.99375,2
17331,4.71277,49.99516,2
17332,4.70418,49.99375,2
17333,4.70418,49.99375,2
17334,4.703845,49.993392,2
17335,4.70587,49.99473,2
17336,4.70703,49.99586,2
17337,4.70634,49.99486,2
17338,4.70634,49.99519,2
17339,4.70624,49.99509,2
17340,4.71001,49.99592,2
17341,4.71404,49.99378,2
17342,4.71404,49.99378,2
17343,4.71404,49.99378,2
17344,4.71036,49.99383,2
17345,4.70418,49.99375,2
17346,4.70418,49.99375,2
17347,4.70418,49.99375,2
17348,4.71287,49.99514,2
17349,4.70418,49.99375,2
17350,4.70418,49.99375,2
17351,4.70418,49.99375,2
17352,4.70418,49.99375,2
17353,4.70418,49.99375,2
17354,4.70418,49.99375,2
17355,4.70418,49.99375,2
17356,4.70418,49.99375,2
17357,4.70418,49.99375,2
17358,4.70462,49.99388,2
17359,4.70477,49.99374,2
17360,4.7049,49.9936,2
17361,4.705,49.99344,2
17362,4.705,49.99344,2
17363,4.705,49.99344,2
17364,4.705,49.99344,2
17365,4.70522,49.99334,2
17366,4.70478,49.99414,2
17367,4.70478,49.99414,2
17368,4.7046,49.99392,2
17369,4.70472,49.99401,2
17370,4.70578,49.99372,2
17371,4.70494,49.99419,2
17372,4.70578,49.99372,2
17373,4.70505,49.99428,2
17374,4.70516,49.99415,2
17375,4.70515,49.99435,2
17376,4.70525,49.9944,2
17377,4.70536,49.99446,2
17378,4.70546,49.99451,2
17379,4.70546,49.99451,2
17380,4.70556,49.99457,2
17381,4.70566,49.99462,2
17382,4.70577,49.99468,2
17383,4.70661,49.99434,2
17384,4.70664,49.994,2
17385,4.70664,49.994,2
17386,4.70626,49.99449,2
17387,4.70608,49.99465,2
17388,4.70614,49.99468,2
17389,4.7062,49.99472,2
17390,4.70626,49.99476,2
17391,4.70638,49.99483,2
17392,4.70638,49.99483,2
17393,4.70638,49.99483,2
17394,4.70643,49.99487,2
17395,4.70649,49.99491,2
17396,4.70655,49.99495,2
17397,4.70658,49.99504,2
17398,4.70634,49.99519,2
17399,4.7062,49.99488,2
17400,4.70598,49.99474,2
17401,4.70598,49.99482,2
17402,4.70608,49.99491,2
17403,4.70628,49.99509,2
17404,4.70626,49.99476,2
17405,4.62913,49.83402,2
17406,4.62937,49.83096,2
17407,4.62913,49.83402,2
17408,4.630689,49.829325,2
17409,4.63118,49.83704,2
17410,4.62909,49.83407,2
17411,4.628912,49.830885,2
17412,4.63103,49.83646,2
17413,4.63109,49.834527,2
17414,4.63096,49.83478,2
17415,4.62909,49.83407,2
17416,4.62606,49.8336,2
17417,4.631087,49.829838,2
17418,4.62913,49.83402,2
17419,4.62913,49.83402,2
17420,4.62818,49.82894,2
17421,4.62788,49.83385,2
17422,4.63007,49.82916,2
17423,4.62857,49.82919,2
17424,4.62857,49.82919,2
17425,4.62857,49.82919,2
17426,4.62857,49.82919,2
17427,4.62837,49.82922,2
17428,4.62818,49.82894,2
17429,4.62829,49.82799,2
17430,4.62857,49.82919,2
17431,4.62825,49.82732,2
17432,4.62812,49.82717,2
17433,4.62829,49.82749,2
17434,4.62834,49.82783,2
17435,4.62831,49.82766,2
17436,4.6282,49.82815,2
17437,4.62801,49.82848,2
17438,4.62811,49.82832,2
17439,4.62818,49.82894,2
17440,4.62818,49.82894,2
17441,4.62818,49.82894,2
17442,4.62883,49.82989,2
17443,4.62874,49.83123,2
17444,4.62883,49.82989,2
17445,4.62883,49.82989,2
17446,4.6286,49.83135,2
17447,4.6286,49.83135,2
17448,4.62858,49.83184,2
17449,4.62817,49.83214,2
17450,4.62858,49.83146,2
17451,4.6296,49.83092,2
17452,4.62856,49.83156,2
17453,4.62837,49.83199,2
17454,4.62796,49.83229,2
17455,4.62853,49.83167,2
17456,4.62872,49.83163,2
17457,4.63138,49.83243,2
17458,4.63138,49.83243,2
17459,4.63026,49.83139,2
17460,4.63133,49.83246,2
17461,4.63138,49.83243,2
17462,4.62877,49.83142,2
17463,4.62874,49.83123,2
17464,4.62874,49.83123,2
17465,4.62947,49.83119,2
17466,4.62897,49.83128,2
17467,4.62896,49.83134,2
17468,4.62896,49.83134,2
17469,4.62896,49.83134,2
17470,4.62904,49.83022,2
17471,4.62903,49.83018,2
17472,4.62789,49.83389,2
17473,4.62791,49.83378,2
17474,4.62847,49.83396,2
17475,4.62913,49.83402,2
17476,4.6296,49.83404,2
17477,4.6297,49.83418,2
17478,4.62913,49.83402,2
17479,4.62814,49.83396,2
17480,4.62814,49.83396,2
17481,4.63093,49.83435,2
17482,4.63033,49.83428,2
17483,4.63117,49.83211,2
17484,4.63103,49.83193,2
17485,4.63117,49.83211,2
17486,4.63073,49.83159,2
17487,4.63088,49.83174,2
17488,4.6313,49.83118,2
17489,4.63047,49.83143,2
17490,4.63034,49.83135,2
17491,4.62999,49.8313,2
17492,4.62995,49.83111,2
17493,4.62982,49.83104,2
17494,4.62971,49.83098,2
17495,4.63138,49.83243,2
17496,4.63044,49.83158,2
17497,4.62948,49.83087,2
17498,4.62937,49.83081,2
17499,4.62927,49.83074,2
17500,4.62916,49.83068,2
17501,4.62883,49.82989,2
17502,4.62912,49.8306,2
17503,4.6291,49.83042,2
17504,4.62883,49.82989,2
17505,4.629,49.8305,2
17506,4.629,49.8305,2
17507,4.628665,49.830638,2
17508,4.629,49.8305,2
17509,4.62776,49.83244,2
17510,4.62749,49.83254,2
17511,4.62643,49.83322,2
17512,4.62606,49.8336,2
17513,4.61659,49.82805,2
17514,4.62883,49.82989,2
17515,4.62883,49.82989,2
17516,4.62883,49.82997,2
17517,4.62872,49.83163,2
17518,4.631087,49.829847,2
17519,4.62913,49.83402,2
17520,4.62883,49.82989,2
17521,4.628791,49.829441,2
17522,4.62874,49.83123,2
17523,4.62937,49.83096,2
17524,4.62883,49.82989,2
17525,4.62896,49.83134,2
17526,4.61659,49.82805,2
17527,4.62818,49.82894,2
17528,4.32571,49.89513,2
17529,4.345802,49.900859,2
17530,4.345802,49.900859,2
17531,4.3258,49.86684,2
17532,4.346224,49.903071,2
17533,4.32835,49.86734,2
17534,4.34504,49.89962,2
17535,4.331579,49.870099,2
17536,4.331579,49.870099,2
17537,4.346001,49.901314,2
17538,4.331042,49.869156,2
17539,4.323191,49.86597,2
17540,4.34504,49.89962,2
17541,4.34504,49.89962,2
17542,4.34353,49.88301,2
17543,4.3258,49.86684,2
17544,4.34504,49.89962,2
17545,4.331214,49.869296,2
17546,4.331214,49.869296,2
17547,4.32904,49.87155,2
17548,4.34353,49.88301,2
17549,4.34504,49.89962,2
17550,4.34457,49.89878,2
17551,4.328756,49.867567,2
17552,4.32904,49.87155,2
17553,4.34946,49.9469,2
17554,4.32835,49.86734,2
17555,4.32835,49.86734,2
17556,4.32835,49.86734,2
17557,4.32835,49.86734,2
17558,4.32835,49.86734,2
17559,4.32835,49.86734,2
17560,4.32835,49.86734,2
17561,4.32835,49.86734,2
17562,4.326485,49.865269,2
17563,4.32835,49.86734,2
17564,4.32835,49.86734,2
17565,4.325104,49.865508,2
17566,4.32623,49.8664,2
17567,4.32835,49.86734,2
17568,4.32623,49.8664,2
17569,4.32835,49.86734,2
17570,4.32835,49.86734,2
17571,4.32835,49.86734,2
17572,4.32835,49.86734,2
17573,4.32835,49.86734,2
17574,4.32835,49.86734,2
17575,4.32835,49.86734,2
17576,4.32835,49.86734,2
17577,4.32835,49.86734,2
17578,4.32835,49.86734,2
17579,4.32835,49.86734,2
17580,4.336,49.92079,2
17581,4.32835,49.86734,2
17582,4.32835,49.86734,2
17583,4.32255,49.866268,2
17584,4.32835,49.86734,2
17585,4.32835,49.86734,2
17586,4.32835,49.86734,2
17587,4.32835,49.86734,2
17588,4.32835,49.86734,2
17589,4.32835,49.86734,2
17590,4.325179,49.86671,2
17591,4.326351,49.867185,2
17592,4.32835,49.86734,2
17593,4.32835,49.86734,2
17594,4.32835,49.86734,2
17595,4.326751,49.867466,2
17596,4.32835,49.86734,2
17597,4.3258,49.86684,2
17598,4.32835,49.86734,2
17599,4.32835,49.86734,2
17600,4.32835,49.86734,2
17601,4.32835,49.86734,2
17602,4.3258,49.86684,2
17603,4.32835,49.86734,2
17604,4.32826,49.867315,2
17605,4.32835,49.86734,2
17606,4.32904,49.87155,2
17607,4.32904,49.87155,2
17608,4.333532,49.871351,2
17609,4.33099,49.88304,2
17610,4.33099,49.88304,2
17611,4.330783,49.889116,2
17612,4.32571,49.89513,2
17613,4.32571,49.89513,2
17614,4.32571,49.89513,2
17615,4.32571,49.89513,2
17616,4.32835,49.86734,2
17617,4.34353,49.88301,2
17618,4.32835,49.86734,2
17619,4.34353,49.88301,2
17620,4.34353,49.88301,2
17621,4.34353,49.88301,2
17622,4.34353,49.88301,2
17623,4.34353,49.88301,2
17624,4.34353,49.88301,2
17625,4.327109,49.867729,2
17626,4.34353,49.88301,2
17627,4.34353,49.88301,2
17628,4.34353,49.88301,2
17629,4.34353,49.88301,2
17630,4.34353,49.88301,2
17631,4.34353,49.88301,2
17632,4.34353,49.88301,2
17633,4.34353,49.88301,2
17634,4.34353,49.88301,2
17635,4.34353,49.88301,2
17636,4.34353,49.88301,2
17637,4.34353,49.88301,2
17638,4.34353,49.88301,2
17639,4.34353,49.88301,2
17640,4.34353,49.88301,2
17641,4.32571,49.89513,2
17642,4.34353,49.88301,2
17643,4.34353,49.88301,2
17644,4.34353,49.88301,2
17645,4.34353,49.88301,2
17646,4.34353,49.88301,2
17647,4.34353,49.88301,2
17648,4.34353,49.88301,2
17649,4.34353,49.88301,2
17650,4.34457,49.89878,2
17651,4.34457,49.89878,2
17652,4.34457,49.89878,2
17653,4.34457,49.89878,2
17654,4.343646,49.898012,2
17655,4.343646,49.898012,2
17656,4.34457,49.89878,2
17657,4.34457,49.89878,2
17658,4.34504,49.89962,2
17659,4.34504,49.89962,2
17660,4.34457,49.89878,2
17661,4.326489,49.865727,2
17662,4.521136,49.827607,2
17663,4.34457,49.89878,2
17664,4.36148,49.90079,2
17665,4.362,49.8951,2
17666,4.34457,49.89878,2
17667,4.34457,49.89878,2
17668,4.34504,49.89962,2
17669,4.34457,49.89878,2
17670,4.34457,49.89878,2
17671,4.345802,49.900859,2
17672,4.336,49.92079,2
17673,4.345913,49.90119,2
17674,4.345913,49.90119,2
17675,4.32686,49.866682,2
17676,4.34946,49.9469,2
17677,4.32835,49.86734,2
17678,4.345905,49.903094,2
17679,4.32835,49.86734,2
17680,4.344869,49.903282,2
17681,4.32835,49.86734,2
17682,4.346016,49.903083,2
17683,4.32835,49.86734,2
17684,4.347242,49.903144,2
17685,4.32835,49.86734,2
17686,4.347242,49.903144,2
17687,4.32835,49.86734,2
17688,4.343923,49.903612,2
17689,4.32835,49.86734,2
17690,4.34016,49.90605,2
17691,4.33099,49.88304,2
17692,4.33518,49.90374,2
17693,4.33099,49.88304,2
17694,4.334758,49.903592,2
17695,4.32835,49.86734,2
17696,4.337264,49.910349,2
17697,4.32835,49.86734,2
17698,4.34274,49.905706,2
17699,4.34353,49.88301,2
17700,4.34461,49.93304,2
17701,4.336,49.92079,2
17702,4.34019,49.896416,2
17703,4.336,49.92079,2
17704,4.34457,49.89878,2
17705,4.336,49.92079,2
17706,4.362,49.8951,2
17707,4.360855,49.895473,2
17708,4.362,49.8951,2
17709,4.336392,49.920342,2
17710,4.336,49.92079,2
17711,4.336,49.92079,2
17712,4.328769,49.867549,2
17713,4.34457,49.89878,2
17714,4.92433,49.35186,2
17715,4.92433,49.35186,2
17716,4.92699,49.35086,2
17717,4.927299,49.351038,2
17718,4.92592,49.35085,2
17719,4.92491,49.35061,2
17720,4.9256,49.35069,2
17721,4.92656,49.35165,2
17722,4.92635,49.35175,2
17723,4.92645,49.3517,2
17724,4.92624,49.3518,2
17725,4.92613,49.35186,2
17726,4.92602,49.35191,2
17727,4.92581,49.35202,2
17728,4.92529,49.35206,2
17729,4.92697,49.35214,2
17730,4.93701,49.35288,2
17731,4.93701,49.35288,2
17732,4.93701,49.35288,2
17733,4.92629,49.35192,2
17734,4.92703,49.35225,2
17735,4.92529,49.35206,2
17736,4.92539,49.35208,2
17737,4.92513,49.35204,2
17738,4.92581,49.35202,2
17739,4.92487,49.352,2
17740,4.92565,49.352,2
17741,4.92496,49.35189,2
17742,4.92529,49.35206,2
17743,4.92464,49.35203,2
17744,4.92457,49.35254,2
17745,4.92476,49.35235,2
17746,4.92457,49.35183,2
17747,4.92457,49.35183,2
17748,4.92414,49.35178,2
17749,4.92378,49.35185,2
17750,4.92425,49.35113,2
17751,4.92182,49.35138,2
17752,4.92433,49.35186,2
17753,4.9228,49.35172,2
17754,4.9217,49.35147,2
17755,4.92108,49.35043,2
17756,4.93701,49.35288,2
17757,4.924419,49.353141,2
17758,4.92513,49.35204,2
17759,4.92513,49.35204,2
17760,4.924507,49.352977,2
17761,4.92378,49.35185,2
17762,4.92378,49.35185,2
17763,4.92433,49.35186,2
17764,4.9263,49.35078,2
17765,4.931398,49.359992,2
17766,4.92565,49.35212,2
17767,4.92515,49.35298,2
17768,4.92453,49.35195,2
17769,4.92425,49.35113,2
17770,4.92222,49.35165,2
17771,4.92137,49.35118,2
17772,4.92529,49.35206,2
17773,4.915414,49.337398,2
17774,4.97291,49.37217,2
17775,4.972667,49.373108,2
17776,4.97464,49.37353,2
17777,4.97414,49.372303,2
17778,4.97464,49.37353,2
17779,4.973671,49.372825,2
17780,4.973606,49.372359,2
17781,4.97464,49.37353,2
17782,4.97464,49.37353,2
17783,4.97464,49.37353,2
17784,4.972874,49.373121,2
17785,4.974041,49.371451,2
17786,4.97464,49.37353,2
17787,4.972379,49.373123,2
17788,4.97291,49.37217,2
17789,4.974582,49.373677,2
17790,4.97291,49.37217,2
17791,4.97291,49.37217,2
17792,4.97464,49.37353,2
17793,4.973881,49.373432,2
17794,4.97464,49.37353,2
17795,4.973881,49.373432,2
17796,4.973683,49.373068,2
17797,4.97464,49.37353,2
17798,4.974971,49.37455,2
17799,4.97464,49.37353,2
17800,4.973683,49.373068,2
17801,4.97409,49.371603,2
17802,4.97464,49.37353,2
17803,4.972874,49.373121,2
17804,4.97455,49.37288,2
17805,4.973349,49.373255,2
17806,4.973209,49.373213,2
17807,4.97464,49.37353,2
17808,4.97409,49.371603,2
17809,4.956295,49.368153,2
17810,4.973671,49.372825,2
17811,4.97464,49.37353,2
17812,4.97489,49.373787,2
17813,4.97409,49.371603,2
17814,4.37904,49.39553,2
17815,4.37965,49.39646,2
17816,4.37947,49.39651,2
17817,4.37947,49.39651,2
17818,4.37956,49.39622,2
17819,4.37832,49.3938,2
17820,4.37963,49.39364,2
17821,4.37892,49.39385,2
17822,4.37879,49.39374,2
17823,4.37785,49.39385,2
17824,4.37766,49.39394,2
17825,4.37723,49.39405,2
17826,4.37738,49.39391,2
17827,4.37692,49.39397,2
17828,4.38029,49.39732,2
17829,4.37645,49.39402,2
17830,4.37619,49.39405,2
17831,4.37612,49.39396,2
17832,4.3763,49.39395,2
17833,4.37625,49.39364,2
17834,4.37199,49.40084,2
17835,4.38942,49.39661,2
17836,4.37607,49.39365,2
17837,4.37603,49.39334,2
17838,4.37621,49.39333,2
17839,4.37555,49.39262,2
17840,4.37623,49.39323,2
17841,4.37649,49.39322,2
17842,4.37675,49.39321,2
17843,4.37668,49.3931,2
17844,4.37629,49.39311,2
17845,4.3759,49.39315,2
17846,4.37564,49.39299,2
17847,4.37547,49.39278,2
17848,4.37536,49.39256,2
17849,4.37555,49.39262,2
17850,4.37556,49.39211,2
17851,4.38294,49.39987,2
17852,4.37534,49.39232,2
17853,4.38259,49.40047,2
17854,4.37533,49.39209,2
17855,4.38259,49.40047,2
17856,4.37513,49.39191,2
17857,4.38299,49.40018,2
17858,4.37468,49.39171,2
17859,4.37424,49.3915,2
17860,4.37597,49.3923,2
17861,4.37639,49.39249,2
17862,4.3768,49.39269,2
17863,4.37721,49.39288,2
17864,4.38278,49.40037,2
17865,4.37762,49.39307,2
17866,4.37804,49.39326,2
17867,4.37884,49.39366,2
17868,4.37714,49.39276,2
17869,4.38942,49.39661,2
17870,4.38942,49.39661,2
17871,4.37199,49.40084,2
17872,4.37916,49.39465,2
17873,4.38297,49.40007,2
17874,4.38244,49.40042,2
17875,4.382786,49.392075,2
17876,4.38259,49.40047,2
17877,4.37714,49.39276,2
17878,4.382186,49.392229,2
17879,4.38277,49.39994,2
17880,4.38596,49.39343,2
17881,4.37803,49.39487,2
17882,4.38661,49.394,2
17883,4.383442,49.391956,2
17884,4.381994,49.392241,2
17885,4.38259,49.40047,2
17886,4.37915,49.39799,2
17887,4.37714,49.39276,2
17888,4.3828,49.40017,2
17889,4.38661,49.394,2
17890,4.37982,49.3983,2
17891,4.38661,49.394,2
17892,4.38661,49.394,2
17893,4.38427,49.39312,2
17894,4.37304,49.39919,2
17895,4.38022,49.39437,2
17896,4.38163,49.39337,2
17897,4.38163,49.39337,2
17898,4.38259,49.40047,2
17899,4.38259,49.40047,2
17900,4.37675,49.39321,2
17901,4.37675,49.39321,2
17902,4.38138,49.39703,2
17903,4.383442,49.391956,2
17904,4.38326,49.39366,2
17905,4.382144,49.392202,2
17906,4.38427,49.39312,2
17907,4.3835,49.39805,2
17908,4.38427,49.39312,2
17909,4.38378,49.39366,2
17910,4.37912,49.39811,2
17911,4.37764,49.39485,2
17912,4.37764,49.39485,2
17913,4.38234,49.40056,2
17914,4.37423,49.39963,2
17915,4.381792,49.392361,2
17916,4.37982,49.3983,2
17917,4.38769,49.39628,2
17918,4.382786,49.392075,2
17919,4.37779,49.39577,2
17920,4.38228,49.392173,2
17921,4.37545,49.39946,2
17922,4.38383,49.39687,2
17923,4.38383,49.39687,2
17924,4.38427,49.39312,2
17925,4.375932,49.415321,2
17926,4.38029,49.39732,2
17927,4.376012,49.395164,2
17928,4.375932,49.415321,2
17929,4.37567,49.41499,2
17930,4.38421,49.39692,2
17931,4.374235,49.398977,2
17932,4.37247,49.39951,2
17933,4.37247,49.39951,2
17934,4.373895,49.399082,2
17935,4.37247,49.39951,2
17936,4.37428,49.39937,2
17937,4.37428,49.39937,2
17938,4.38302,49.39662,2
17939,4.37428,49.39937,2
17940,4.37428,49.39937,2
17941,4.38219,49.40058,2
17942,4.37428,49.39937,2
17943,4.38259,49.40047,2
17944,4.37891,49.39867,2
17945,4.37428,49.39937,2
17946,4.37428,49.39937,2
17947,4.37428,49.39937,2
17948,4.37247,49.39951,2
17949,4.37247,49.39951,2
17950,4.37247,49.39951,2
17951,4.37247,49.39951,2
17952,4.37247,49.39951,2
17953,4.375463,49.398678,2
17954,4.375463,49.398678,2
17955,4.375531,49.398659,2
17956,4.37247,49.39951,2
17957,4.3775,49.39824,2
17958,4.3777,49.3981,2
17959,4.37777,49.39822,2
17960,4.37804,49.3982,2
17961,4.37804,49.3982,2
17962,4.37199,49.40084,2
17963,4.38427,49.39312,2
17964,4.37885,49.39813,2
17965,4.38427,49.39312,2
17966,4.37912,49.39811,2
17967,4.37915,49.39799,2
17968,4.37939,49.39809,2
17969,4.37982,49.3983,2
17970,4.37915,49.39799,2
17971,4.38216,49.39677,2
17972,4.37915,49.39799,2
17973,4.37982,49.3983,2
17974,4.38216,49.39677,2
17975,4.37982,49.3983,2
17976,4.37982,49.3983,2
17977,4.37982,49.3983,2
17978,4.37962,49.39806,2
17979,4.37962,49.39806,2
17980,4.38209,49.40047,2
17981,4.37962,49.39806,2
17982,4.37962,49.39806,2
17983,4.37962,49.39806,2
17984,4.37982,49.39804,2
17985,4.38259,49.40047,2
17986,4.38005,49.39801,2
17987,4.383442,49.391956,2
17988,4.38028,49.39798,2
17989,4.38051,49.39795,2
17990,4.38096,49.3979,2
17991,4.38137,49.39784,2
17992,4.38168,49.39773,2
17993,4.38183,49.39768,2
17994,4.38128,49.39773,2
17995,4.38203,49.4006,2
17996,4.38198,49.39763,2
17997,4.38523,49.39616,2
17998,4.38213,49.39758,2
17999,4.38141,49.39769,2
18000,4.38154,49.39765,2
18001,4.38229,49.39753,2
18002,4.38244,49.39747,2
18003,4.38134,49.39771,2
18004,4.38147,49.39767,2
18005,4.38166,49.3976,2
18006,4.38166,49.3976,2
18007,4.38179,49.39756,2
18008,4.3816,49.39763,2
18009,4.38192,49.39752,2
18010,4.38205,49.39747,2
18011,4.38185,49.39754,2
18012,4.38198,49.3975,2
18013,4.38211,49.39745,2
18014,4.3823,49.39739,2
18015,4.38243,49.39735,2
18016,4.38243,49.39735,2
18017,4.38224,49.39741,2
18018,4.38236,49.39737,2
18019,4.38249,49.39732,2
18020,4.38421,49.39692,2
18021,4.37779,49.39577,2
18022,4.38466,49.39726,2
18023,4.38488,49.39752,2
18024,4.38473,49.39724,2
18025,4.38457,49.39696,2
18026,4.3835,49.39805,2
18027,4.38457,49.39696,2
18028,4.37916,49.39465,2
18029,4.38455,49.39689,2
18030,4.38455,49.39689,2
18031,4.38259,49.40047,2
18032,4.38453,49.39677,2
18033,4.38259,49.40047,2
18034,4.38483,49.39686,2
18035,4.38481,49.39675,2
18036,4.38511,49.39684,2
18037,4.37304,49.39919,2
18038,4.38566,49.39679,2
18039,4.37338,49.39909,2
18040,4.37338,49.39909,2
18041,4.38566,49.39679,2
18042,4.38594,49.39677,2
18043,4.38217,49.39743,2
18044,4.37373,49.399,2
18045,4.38217,49.39743,2
18046,4.382559,49.3926,2
18047,4.37345,49.3992,2
18048,4.38326,49.39366,2
18049,4.38649,49.39672,2
18050,4.38326,49.39366,2
18051,4.38618,49.39663,2
18052,4.38427,49.39312,2
18053,4.38427,49.39312,2
18054,4.386733,49.397139,2
18055,4.38427,49.39312,2
18056,4.37639,49.39844,2
18057,4.38427,49.39312,2
18058,4.3839,49.39685,2
18059,4.38776,49.39628,2
18060,4.38776,49.39628,2
18061,4.38942,49.39661,2
18062,4.38942,49.39661,2
18063,4.38942,49.39661,2
18064,4.38942,49.39661,2
18065,4.38942,49.39661,2
18066,4.38942,49.39661,2
18067,4.38942,49.39661,2
18068,4.37627,49.39467,2
18069,4.38942,49.39661,2
18070,4.38942,49.39661,2
18071,4.38942,49.39661,2
18072,4.38942,49.39661,2
18073,4.38661,49.394,2
18074,4.38942,49.39661,2
18075,4.38942,49.39661,2
18076,4.38942,49.39661,2
18077,4.38689,49.3967,2
18078,4.38942,49.39661,2
18079,4.38942,49.39661,2
18080,4.38689,49.39658,2
18081,4.38745,49.39658,2
18082,4.380575,49.39532,2
18083,4.38942,49.39661,2
18084,4.38942,49.39661,2
18085,4.37962,49.39806,2
18086,4.38745,49.3967,2
18087,4.382786,49.392075,2
18088,4.38745,49.3967,2
18089,4.38661,49.394,2
18090,4.39362,49.39763,2
18091,4.39362,49.39763,2
18092,4.38166,49.3976,2
18093,4.37714,49.39276,2
18094,4.39362,49.39763,2
18095,4.38166,49.3976,2
18096,4.39362,49.39763,2
18097,4.38242,49.39669,2
18098,4.38614,49.39762,2
18099,4.38586,49.39753,2
18100,4.38514,49.39772,2
18101,4.38476,49.39778,2
18102,4.38445,49.39787,2
18103,4.38523,49.39616,2
18104,4.38413,49.39795,2
18105,4.37199,49.40084,2
18106,4.3835,49.39805,2
18107,4.38226,49.39846,2
18108,4.38264,49.39456,2
18109,4.3835,49.39805,2
18110,4.38259,49.40047,2
18111,4.3838,49.39661,2
18112,4.3835,49.39805,2
18113,4.3835,49.39805,2
18114,4.3835,49.39805,2
18115,4.3835,49.39805,2
18116,4.3835,49.39805,2
18117,4.3835,49.39805,2
18118,4.37882,49.39874,2
18119,4.379,49.39887,2
18120,4.37891,49.39867,2
18121,4.379,49.39887,2
18122,4.37891,49.39867,2
18123,4.37891,49.39867,2
18124,4.37891,49.39867,2
18125,4.37891,49.39867,2
18126,4.38564,49.39767,2
18127,4.37891,49.39867,2
18128,4.37639,49.39415,2
18129,4.37891,49.39867,2
18130,4.37891,49.39867,2
18131,4.37763,49.399,2
18132,4.37642,49.39923,2
18133,4.38029,49.39732,2
18134,4.37745,49.39782,2
18135,4.37757,49.39791,2
18136,4.38427,49.39312,2
18137,4.37796,49.39765,2
18138,4.37779,49.39577,2
18139,4.37796,49.39765,2
18140,4.37779,49.39577,2
18141,4.37806,49.39775,2
18142,4.37779,49.39577,2
18143,4.37852,49.39755,2
18144,4.37779,49.39577,2
18145,4.3786,49.39766,2
18146,4.37779,49.39577,2
18147,4.37908,49.39745,2
18148,4.37914,49.39756,2
18149,4.38025,49.39728,2
18150,4.38029,49.39739,2
18151,4.38029,49.39739,2
18152,4.38029,49.39732,2
18153,4.38029,49.39732,2
18154,4.38029,49.39732,2
18155,4.38029,49.39732,2
18156,4.38029,49.39732,2
18157,4.38029,49.39732,2
18158,4.38029,49.39732,2
18159,4.38029,49.39732,2
18160,4.38172,49.39705,2
18161,4.38302,49.39662,2
18162,4.38112,49.39711,2
18163,4.38164,49.39694,2
18164,4.3819,49.39686,2
18165,4.38242,49.39669,2
18166,4.38216,49.39677,2
18167,4.38268,49.3966,2
18168,4.38217,49.39743,2
18169,4.38294,49.39652,2
18170,4.3832,49.39644,2
18171,4.38346,49.39635,2
18172,4.37714,49.39811,2
18173,4.37714,49.39811,2
18174,4.38241,49.39416,2
18175,4.38375,49.39629,2
18176,4.38402,49.39626,2
18177,4.3843,49.39624,2
18178,4.38501,49.39627,2
18179,4.38484,49.39617,2
18180,4.38538,49.3961,2
18181,4.38565,49.39606,2
18182,4.38593,49.39602,2
18183,4.38123,49.39343,2
18184,4.38523,49.39616,2
18185,4.3862,49.39598,2
18186,4.38704,49.39585,2
18187,4.38623,49.3951,2
18188,4.38613,49.39498,2
18189,4.38607,49.39463,2
18190,4.38613,49.39557,2
18191,4.38661,49.394,2
18192,4.38605,49.39366,2
18193,4.38625,49.39382,2
18194,4.37807,49.39395,2
18195,4.38729,49.39384,2
18196,4.37619,49.39417,2
18197,4.38729,49.39384,2
18198,4.38661,49.394,2
18199,4.38661,49.394,2
18200,4.386777,49.393759,2
18201,4.38791,49.39376,2
18202,4.38661,49.394,2
18203,4.38453,49.39346,2
18204,4.38427,49.39312,2
18205,4.38427,49.39312,2
18206,4.38427,49.39312,2
18207,4.37545,49.39946,2
18208,4.38427,49.39312,2
18209,4.38453,49.39346,2
18210,4.383456,49.392306,2
18211,4.38427,49.39312,2
18212,4.38427,49.39312,2
18213,4.38427,49.39312,2
18214,4.38427,49.39312,2
18215,4.38942,49.39661,2
18216,4.38666,49.39351,2
18217,4.38632,49.39353,2
18218,4.38647,49.3934,2
18219,4.38608,49.394,2
18220,4.38596,49.39343,2
18221,4.38562,49.39342,2
18222,4.38427,49.39312,2
18223,4.38595,49.39354,2
18224,4.38558,49.39354,2
18225,4.38527,49.39342,2
18226,4.38521,49.39353,2
18227,4.38485,49.39353,2
18228,4.38448,49.39352,2
18229,4.38457,49.39341,2
18230,4.38427,49.39312,2
18231,4.38423,49.39341,2
18232,4.38391,49.3935,2
18233,4.38359,49.39358,2
18234,4.38326,49.39366,2
18235,4.38117,49.39434,2
18236,4.38344,49.39374,2
18237,4.3831,49.39383,2
18238,4.38264,49.39386,2
18239,4.38278,49.39394,2
18240,4.38237,49.39399,2
18241,4.38248,49.39408,2
18242,4.38198,49.39378,2
18243,4.3827,49.39465,2
18244,4.37943,49.39449,2
18245,4.3838,49.39661,2
18246,4.38661,49.394,2
18247,4.38264,49.39456,2
18248,4.38198,49.39378,2
18249,4.38237,49.39443,2
18250,4.38198,49.39378,2
18251,4.374618,49.398899,2
18252,4.38244,49.39454,2
18253,4.38608,49.394,2
18254,4.38296,49.39997,2
18255,4.37804,49.3982,2
18256,4.38238,49.39411,2
18257,4.38427,49.39312,2
18258,4.38251,49.39466,2
18259,4.38258,49.39446,2
18260,4.38173,49.39758,2
18261,4.38253,49.39436,2
18262,4.38256,49.3973,2
18263,4.38047,49.3953,2
18264,4.38455,49.39689,2
18265,4.38247,49.39426,2
18266,4.38521,49.39353,2
18267,4.38538,49.39682,2
18268,4.38241,49.39416,2
18269,4.37633,49.39833,2
18270,4.38241,49.39416,2
18271,4.38613,49.39498,2
18272,4.38246,49.3948,2
18273,4.38383,49.39687,2
18274,4.38206,49.3949,2
18275,4.38942,49.39661,2
18276,4.38167,49.395,2
18277,4.38661,49.394,2
18278,4.38745,49.3967,2
18279,4.38127,49.3951,2
18280,4.38661,49.394,2
18281,4.38942,49.39661,2
18282,4.3823,49.39472,2
18283,4.38942,49.39661,2
18284,4.38087,49.3952,2
18285,4.38942,49.39661,2
18286,4.37967,49.39551,2
18287,4.410062,49.411252,2
18288,4.37967,49.39551,2
18289,4.37714,49.39276,2
18290,4.38663,49.39757,2
18291,4.37967,49.39551,2
18292,4.37891,49.39867,2
18293,4.37967,49.39551,2
18294,4.383442,49.391956,2
18295,4.37891,49.39867,2
18296,4.37927,49.39561,2
18297,4.37891,49.39867,2
18298,4.3809,49.39433,2
18299,4.37891,49.39867,2
18300,4.38213,49.39407,2
18301,4.38427,49.39312,2
18302,4.37891,49.39867,2
18303,4.38186,49.39412,2
18304,4.382563,49.392698,2
18305,4.38158,49.39416,2
18306,4.38131,49.3942,2
18307,4.37995,49.39441,2
18308,4.38112,49.39711,2
18309,4.3809,49.39433,2
18310,4.37967,49.39445,2
18311,4.391499,49.392375,2
18312,4.37922,49.39369,2
18313,4.392113,49.392257,2
18314,4.37766,49.39394,2
18315,4.38412,49.39356,2
18316,4.38123,49.39343,2
18317,4.38378,49.39366,2
18318,4.38083,49.39348,2
18319,4.37967,49.39551,2
18320,4.37967,49.39551,2
18321,4.37943,49.39449,2
18322,4.38208,49.3942,2
18323,4.37944,49.39461,2
18324,4.38162,49.39427,2
18325,4.37916,49.39465,2
18326,4.38117,49.39434,2
18327,4.37888,49.39469,2
18328,4.388416,49.392752,2
18329,4.38104,49.39424,2
18330,4.37888,49.39469,2
18331,4.38072,49.39441,2
18332,4.3792,49.39452,2
18333,4.38049,49.39433,2
18334,4.37898,49.39456,2
18335,4.38026,49.39448,2
18336,4.37853,49.39463,2
18337,4.37943,49.39449,2
18338,4.3786,49.39474,2
18339,4.380615,49.395301,2
18340,4.37815,49.39471,2
18341,4.37766,49.39394,2
18342,4.37764,49.39485,2
18343,4.3835,49.39805,2
18344,4.37875,49.39459,2
18345,4.37774,49.39495,2
18346,4.37803,49.39487,2
18347,4.37745,49.39502,2
18348,4.37716,49.3951,2
18349,4.382186,49.392229,2
18350,4.37713,49.39498,2
18351,4.38378,49.39366,2
18352,4.37662,49.39511,2
18353,4.38378,49.39366,2
18354,4.37766,49.39394,2
18355,4.37766,49.39394,2
18356,4.37612,49.3944,2
18357,4.37625,49.39496,2
18358,4.37635,49.39543,2
18359,4.37642,49.39581,2
18360,4.37779,49.39577,2
18361,4.37779,49.39577,2
18362,4.37878,49.39512,2
18363,4.379319,49.396294,2
18364,5.012292,49.354544,2
18365,5.00959,49.3522,2
18366,5.01044,49.3543,2
18367,5.00959,49.3522,2
18368,5.01153,49.35341,2
18369,5.031165,49.37095,2
18370,5.040319,49.364156,2
18371,5.026917,49.336914,2
18372,5.00996,49.35413,2
18373,5.00959,49.3522,2
18374,5.01187,49.35445,2
18375,5.01153,49.35341,2
18376,5.00959,49.3522,2
18377,5.00781,49.35433,2
18378,5.01008,49.3522,2
18379,4.98308,49.34991,2
18380,4.9834,49.34983,2
18381,4.98385,49.35,2
18382,4.98414,49.34987,2
18383,4.98489,49.34964,2
18384,4.98489,49.34964,2
18385,4.98489,49.34964,2
18386,4.98575,49.34961,2
18387,4.98639,49.35016,2
18388,5.0115,49.35247,2
18389,4.98593,49.34961,2
18390,5.00959,49.3522,2
18391,5.011529,49.354166,2
18392,5.01337,49.35466,2
18393,5.0125,49.35455,2
18394,5.01159,49.35308,2
18395,5.00856,49.35436,2
18396,5.00959,49.3522,2
18397,4.98453,49.3499,2
18398,5.00959,49.3522,2
18399,5.00924,49.352751,2
18400,5.00958,49.35214,2
18401,5.0077,49.35446,2
18402,5.00959,49.35225,2
18403,5.01126,49.35425,2
18404,5.01164,49.35211,2
18405,5.01061,49.35419,2
18406,5.01108,49.35436,2
18407,5.0114,49.35439,2
18408,5.0122,49.3521,2
18409,5.01076,49.35323,2
18410,5.01145,49.35389,2
18411,5.01129,49.35329,2
18412,5.013334,49.354737,2
18413,5.01641,49.35559,2
18414,5.01254,49.35443,2
18415,5.01076,49.35433,2
18416,5.01332,49.35209,2
18417,5.00943,49.35426,2
18418,5.009,49.35431,2
18419,5.00959,49.3522,2
18420,5.01191,49.35434,2
18421,5.01163,49.35389,2
18422,5.00906,49.35431,2
18423,5.00948,49.35288,2
18424,5.00996,49.35413,2
18425,5.00959,49.3522,2
18426,5.01435,49.35502,2
18427,5.01329,49.35477,2
18428,5.01428,49.35513,2
18429,5.00959,49.3522,2
18430,5.00959,49.3522,2
18431,5.00992,49.35324,2
18432,5.0153,49.35543,2
18433,5.01098,49.35337,2
18434,5.008172,49.354438,2
18435,5.01375,49.3522,2
18436,4.98385,49.35,2
18437,4.98385,49.35,2
18438,4.98489,49.34964,2
18439,4.98489,49.34964,2
18440,4.98489,49.34964,2
18441,4.98738,49.35013,2
18442,4.988037,49.350101,2
18443,4.98489,49.34964,2
18444,4.98489,49.34964,2
18445,4.98489,49.34964,2
18446,4.98489,49.34964,2
18447,5.00959,49.3522,2
18448,5.00959,49.3522,2
18449,5.00959,49.3522,2
18450,5.01254,49.35443,2
18451,5.01254,49.35443,2
18452,5.007089,49.352125,2
18453,5.00925,49.35416,2
18454,4.98489,49.34964,2
18455,5.01109,49.35204,2
18456,5.00928,49.35267,2
18457,4.95016,49.69729,2
18458,4.95769,49.6986,2
18459,4.95231,49.69509,2
18460,4.95804,49.69898,2
18461,4.95268,49.69487,2
18462,4.95785,49.69854,2
18463,4.9525,49.69498,2
18464,4.95777,49.69821,2
18465,4.94842,49.69769,2
18466,4.95719,49.69909,2
18467,4.94811,49.69764,2
18468,4.95719,49.69909,2
18469,4.9478,49.69758,2
18470,4.95816,49.69768,2
18471,4.94826,49.69778,2
18472,4.95846,49.69744,2
18473,4.94826,49.69778,2
18474,4.95814,49.69786,2
18475,4.94826,49.69778,2
18476,4.95764,49.69709,2
18477,4.94826,49.69778,2
18478,4.95759,49.69763,2
18479,4.94826,49.69778,2
18480,4.94872,49.69786,2
18481,4.95777,49.69787,2
18482,4.95707,49.69733,2
18483,4.94872,49.69786,2
18484,4.95699,49.69767,2
18485,4.94872,49.69786,2
18486,4.95667,49.69742,2
18487,4.94749,49.69753,2
18488,4.95699,49.69767,2
18489,4.94779,49.6977,2
18490,4.95232,49.6998,2
18491,4.94756,49.69766,2
18492,4.95232,49.6998,2
18493,4.94733,49.69763,2
18494,4.95232,49.6998,2
18495,4.94705,49.69761,2
18496,4.94697,49.69778,2
18497,4.95232,49.6998,2
18498,4.9469,49.69795,2
18499,4.95232,49.6998,2
18500,4.94689,49.69816,2
18501,4.95232,49.6998,2
18502,4.94689,49.69816,2
18503,4.95254,49.69986,2
18504,4.94689,49.69816,2
18505,4.95254,49.69986,2
18506,4.95254,49.69986,2
18507,4.94689,49.69816,2
18508,4.94955,49.69792,2
18509,4.94851,49.69849,2
18510,4.95277,49.69991,2
18511,4.94689,49.69816,2
18512,4.95277,49.69991,2
18513,4.94689,49.69816,2
18514,4.95277,49.69991,2
18515,4.94689,49.69816,2
18516,4.953,49.69996,2
18517,4.94782,49.69847,2
18518,4.95322,49.70001,2
18519,4.94782,49.69847,2
18520,4.95061,49.69888,2
18521,4.95345,49.70007,2
18522,4.94782,49.69847,2
18523,4.95026,49.69882,2
18524,4.95368,49.70012,2
18525,4.95298,49.6984,2
18526,4.94782,49.69847,2
18527,4.94974,49.69883,2
18528,4.95434,49.70024,2
18529,4.94782,49.69847,2
18530,4.94934,49.69863,2
18531,4.95429,49.69982,2
18532,4.94782,49.69847,2
18533,4.94879,49.69854,2
18534,4.94782,49.69847,2
18535,4.94879,49.69854,2
18536,4.95095,49.69883,2
18537,4.94814,49.69853,2
18538,4.95095,49.69883,2
18539,4.95095,49.69883,2
18540,4.95095,49.69883,2
18541,4.94881,49.6983,2
18542,4.94892,49.69792,2
18543,4.95095,49.69883,2
18544,4.94897,49.69761,2
18545,4.95095,49.69883,2
18546,4.94897,49.69761,2
18547,4.94897,49.69761,2
18548,4.95095,49.69883,2
18549,4.95143,49.69857,2
18550,4.95213,49.6952,2
18551,4.95103,49.69829,2
18552,4.94872,49.69786,2
18553,4.9501,49.69813,2
18554,4.94722,49.69823,2
18555,4.9501,49.69813,2
18556,4.9501,49.69813,2
18557,4.94782,49.69847,2
18558,4.94782,49.69847,2
18559,4.94782,49.69847,2
18560,4.94925,49.69798,2
18561,4.94782,49.69847,2
18562,4.94897,49.69791,2
18563,4.95134,49.69867,2
18564,4.94975,49.69795,2
18565,4.95204,49.69846,2
18566,4.95056,49.69821,2
18567,4.95017,49.69802,2
18568,4.95204,49.69846,2
18569,4.95037,49.69806,2
18570,4.95058,49.69809,2
18571,4.9491,49.69782,2
18572,4.9512,49.69819,2
18573,4.95079,49.69813,2
18574,4.95097,49.69807,2
18575,4.95001,49.69695,2
18576,4.95099,49.69816,2
18577,4.95016,49.69729,2
18578,4.9512,49.69819,2
18579,4.94898,49.69747,2
18580,4.9512,49.69819,2
18581,4.9499,49.69734,2
18582,4.95072,49.69771,2
18583,4.9512,49.69819,2
18584,4.95001,49.69695,2
18585,4.9512,49.69819,2
18586,4.95174,49.69868,2
18587,4.9527,49.69888,2
18588,4.95113,49.69822,2
18589,4.95284,49.69874,2
18590,4.95097,49.69807,2
18591,4.95284,49.69874,2
18592,4.9508,49.69791,2
18593,4.95284,49.69874,2
18594,4.9508,49.69791,2
18595,4.95284,49.69874,2
18596,4.95064,49.69775,2
18597,4.95305,49.69834,2
18598,4.95237,49.69899,2
18599,4.95064,49.69775,2
18600,4.95064,49.69775,2
18601,4.95243,49.69892,2
18602,4.95064,49.69775,2
18603,4.95064,49.69775,2
18604,4.95048,49.6976,2
18605,4.95032,49.69744,2
18606,4.96136,49.69628,2
18607,4.95616,49.69482,2
18608,4.95016,49.69729,2
18609,4.95629,49.6947,2
18610,4.94953,49.69773,2
18611,4.94998,49.69711,2
18612,4.94896,49.69775,2
18613,4.95204,49.69846,2
18614,4.95204,49.69846,2
18615,4.95204,49.69846,2
18616,4.95204,49.69846,2
18617,4.95204,49.69846,2
18618,4.95271,49.69866,2
18619,4.95204,49.69846,2
18620,4.95291,49.69847,2
18621,4.95172,49.69863,2
18622,4.95305,49.69834,2
18623,4.95188,49.69855,2
18624,4.95188,49.69855,2
18625,4.95305,49.69834,2
18626,4.95188,49.69855,2
18627,4.95313,49.69847,2
18628,4.95327,49.69833,2
18629,4.95191,49.69884,2
18630,4.95327,49.69833,2
18631,4.95342,49.69819,2
18632,4.95191,49.69884,2
18633,4.95384,49.6978,2
18634,4.95361,49.6971,2
18635,4.95191,49.69884,2
18636,4.95375,49.69703,2
18637,4.95208,49.699,2
18638,4.95361,49.6971,2
18639,4.95208,49.699,2
18640,4.95208,49.699,2
18641,4.95219,49.6958,2
18642,4.95263,49.69904,2
18643,4.95208,49.699,2
18644,4.95208,49.699,2
18645,4.95208,49.699,2
18646,4.95292,49.69645,2
18647,4.95208,49.699,2
18648,4.95413,49.70021,2
18649,4.95396,49.69939,2
18650,4.95128,49.69925,2
18651,4.95255,49.69902,2
18652,4.95255,49.69902,2
18653,4.95255,49.69902,2
18654,4.95255,49.69902,2
18655,4.95255,49.69902,2
18656,4.9527,49.69888,2
18657,4.9527,49.69888,2
18658,4.9527,49.69888,2
18659,4.95284,49.69874,2
18660,4.95284,49.69874,2
18661,4.95284,49.69874,2
18662,4.95284,49.69874,2
18663,4.95284,49.69874,2
18664,4.95284,49.69874,2
18665,4.95237,49.69899,2
18666,4.95237,49.69899,2
18667,4.95237,49.69899,2
18668,4.95237,49.69899,2
18669,4.95237,49.69899,2
18670,4.95243,49.69892,2
18671,4.95237,49.69899,2
18672,4.95243,49.69892,2
18673,4.95243,49.69892,2
18674,4.95243,49.69892,2
18675,4.95243,49.69892,2
18676,4.95341,49.69921,2
18677,4.95243,49.69892,2
18678,4.95302,49.69912,2
18679,4.95243,49.69892,2
18680,4.95341,49.69921,2
18681,4.9525,49.69886,2
18682,4.95341,49.69921,2
18683,4.9525,49.69886,2
18684,4.9525,49.69886,2
18685,4.9525,49.69886,2
18686,4.9525,49.69886,2
18687,4.9525,49.69886,2
18688,4.9525,49.69886,2
18689,4.95671,49.69685,2
18690,4.95473,49.69667,2
18691,4.95473,49.69655,2
18692,4.95473,49.69655,2
18693,4.95473,49.69655,2
18694,4.95473,49.69655,2
18695,4.95439,49.69599,2
18696,4.9543,49.69585,2
18697,4.94872,49.69786,2
18698,4.95431,49.69553,2
18699,4.94872,49.69786,2
18700,4.95397,49.69551,2
18701,4.94872,49.69786,2
18702,4.95402,49.69531,2
18703,4.94872,49.69786,2
18704,4.95467,49.695,2
18705,4.95257,49.69879,2
18706,4.94872,49.69786,2
18707,4.95484,49.69486,2
18708,4.94872,49.69786,2
18709,4.955,49.69472,2
18710,4.9549,49.695,2
18711,4.95533,49.69443,2
18712,4.95608,49.69359,2
18713,4.95587,49.69348,2
18714,4.95565,49.69336,2
18715,4.95565,49.69336,2
18716,4.95638,49.69371,2
18717,4.95619,49.6935,2
18718,4.95544,49.69325,2
18719,4.9526,49.69605,2
18720,4.95289,49.69567,2
18721,4.95318,49.6953,2
18722,4.95359,49.69507,2
18723,4.95288,49.69555,2
18724,4.95288,49.69555,2
18725,4.95288,49.69555,2
18726,4.95288,49.69555,2
18727,4.95362,49.69475,2
18728,4.95362,49.69475,2
18729,4.95267,49.69452,2
18730,4.95375,49.69522,2
18731,4.95182,49.69414,2
18732,4.95182,49.69414,2
18733,4.95153,49.69399,2
18734,4.95087,49.69391,2
18735,4.95271,49.69866,2
18736,4.94963,49.69574,2
18737,4.94987,49.69535,2
18738,4.94996,49.69451,2
18739,4.95271,49.69866,2
18740,4.94979,49.69447,2
18741,4.94954,49.6955,2
18742,4.95012,49.69496,2
18743,4.95035,49.69457,2
18744,4.95486,49.69648,2
18745,4.95499,49.69632,2
18746,4.95302,49.69912,2
18747,4.95302,49.69912,2
18748,4.95506,49.69649,2
18749,4.95341,49.69921,2
18750,4.95341,49.69921,2
18751,4.95506,49.69649,2
18752,4.95568,49.69572,2
18753,4.95589,49.69546,2
18754,4.95061,49.69888,2
18755,4.95603,49.69527,2
18756,4.95512,49.69616,2
18757,4.95525,49.696,2
18758,4.95538,49.69584,2
18759,4.95551,49.69568,2
18760,4.95564,49.69552,2
18761,4.95305,49.69834,2
18762,4.95576,49.69536,2
18763,4.95539,49.69595,2
18764,4.95586,49.69522,2
18765,4.95593,49.69511,2
18766,4.95601,49.695,2
18767,4.95601,49.695,2
18768,4.9561,49.69516,2
18769,4.95617,49.69504,2
18770,4.95717,49.69538,2
18771,4.95677,49.69515,2
18772,4.9572,49.69527,2
18773,4.95763,49.69539,2
18774,4.95806,49.6955,2
18775,4.95895,49.6957,2
18776,4.95932,49.69578,2
18777,4.95962,49.69585,2
18778,4.95993,49.69591,2
18779,4.95298,49.6984,2
18780,4.9602,49.69598,2
18781,4.96047,49.69606,2
18782,4.96074,49.69615,2
18783,4.96074,49.69615,2
18784,4.96136,49.69628,2
18785,4.95616,49.69482,2
18786,4.95616,49.69482,2
18787,4.95616,49.69482,2
18788,4.95616,49.69482,2
18789,4.95204,49.69846,2
18790,4.95629,49.6947,2
18791,4.95629,49.6947,2
18792,4.95629,49.6947,2
18793,4.95642,49.69458,2
18794,4.95655,49.69446,2
18795,4.95668,49.69434,2
18796,4.95681,49.69422,2
18797,4.95694,49.6941,2
18798,4.95707,49.69398,2
18799,4.95716,49.69389,2
18800,4.95723,49.69382,2
18801,4.94896,49.69775,2
18802,4.94896,49.69775,2
18803,4.94896,49.69775,2
18804,4.94896,49.69775,2
18805,4.94896,49.69775,2
18806,4.94896,49.69775,2
18807,4.94896,49.69775,2
18808,4.94896,49.69775,2
18809,4.94896,49.69775,2
18810,4.94896,49.69775,2
18811,4.94851,49.69849,2
18812,4.94553,49.69855,2
18813,4.94851,49.69849,2
18814,4.94896,49.69775,2
18815,4.94851,49.69849,2
18816,4.95422,49.6957,2
18817,4.95422,49.6957,2
18818,4.95422,49.6957,2
18819,4.95422,49.6957,2
18820,4.95422,49.6957,2
18821,4.95422,49.6957,2
18822,4.95422,49.6957,2
18823,4.95422,49.6957,2
18824,4.95422,49.6957,2
18825,4.95422,49.6957,2
18826,4.95422,49.6957,2
18827,4.95422,49.6957,2
18828,4.95422,49.6957,2
18829,4.94905,49.69858,2
18830,4.94905,49.69858,2
18831,4.94905,49.69858,2
18832,4.94905,49.69858,2
18833,4.94905,49.69858,2
18834,4.94905,49.69858,2
18835,4.94905,49.69858,2
18836,4.94905,49.69858,2
18837,4.94905,49.69858,2
18838,4.94905,49.69858,2
18839,4.94905,49.69858,2
18840,4.94905,49.69858,2
18841,4.94905,49.69858,2
18842,4.94905,49.69858,2
18843,4.94905,49.69858,2
18844,4.94905,49.69858,2
18845,4.94892,49.69792,2
18846,4.94905,49.69858,2
18847,4.95204,49.69846,2
18848,4.94905,49.69858,2
18849,4.94905,49.69858,2
18850,4.94393,49.70238,2
18851,4.94905,49.69858,2
18852,4.94905,49.69858,2
18853,4.94393,49.70238,2
18854,4.94905,49.69858,2
18855,4.94905,49.69858,2
18856,4.94393,49.70238,2
18857,4.94905,49.69858,2
18858,4.94905,49.69858,2
18859,4.94905,49.69858,2
18860,4.94905,49.69858,2
18861,4.95204,49.69846,2
18862,4.95389,49.69931,2
18863,4.95271,49.69866,2
18864,4.95389,49.69931,2
18865,4.95271,49.69866,2
18866,4.95389,49.69931,2
18867,4.95271,49.69866,2
18868,4.95271,49.69866,2
18869,4.95271,49.69866,2
18870,4.95271,49.69866,2
18871,4.95271,49.69866,2
18872,4.95271,49.69866,2
18873,4.95271,49.69866,2
18874,4.95271,49.69866,2
18875,4.95264,49.69873,2
18876,4.95271,49.69866,2
18877,4.95292,49.69645,2
18878,4.95271,49.69866,2
18879,4.95284,49.69853,2
18880,4.95284,49.69853,2
18881,4.95284,49.69853,2
18882,4.94851,49.69849,2
18883,4.95284,49.69853,2
18884,4.95291,49.69847,2
18885,4.95291,49.69847,2
18886,4.95291,49.69847,2
18887,4.95291,49.69847,2
18888,4.95291,49.69847,2
18889,4.95291,49.69847,2
18890,4.95204,49.69846,2
18891,4.95291,49.69847,2
18892,4.95298,49.6984,2
18893,4.95298,49.6984,2
18894,4.95298,49.6984,2
18895,4.95298,49.6984,2
18896,4.95298,49.6984,2
18897,4.95305,49.69834,2
18898,4.95204,49.69846,2
18899,4.95312,49.69827,2
18900,4.95312,49.69827,2
18901,4.95312,49.69827,2
18902,4.95312,49.69827,2
18903,4.95325,49.69814,2
18904,4.95325,49.69814,2
18905,4.95325,49.69814,2
18906,4.95325,49.69814,2
18907,4.95325,49.69814,2
18908,4.95313,49.69847,2
18909,4.95313,49.69847,2
18910,4.95313,49.69847,2
18911,4.95313,49.69847,2
18912,4.95188,49.69855,2
18913,4.95313,49.69847,2
18914,4.95313,49.69847,2
18915,4.95332,49.69808,2
18916,4.95332,49.69808,2
18917,4.95332,49.69808,2
18918,4.95332,49.69808,2
18919,4.95332,49.69808,2
18920,4.95332,49.69808,2
18921,4.95332,49.69808,2
18922,4.95332,49.69808,2
18923,4.95339,49.69801,2
18924,4.95353,49.69788,2
18925,4.95353,49.69788,2
18926,4.95353,49.69788,2
18927,4.95339,49.69801,2
18928,4.95353,49.69788,2
18929,4.95353,49.69788,2
18930,4.95353,49.69788,2
18931,4.95353,49.69788,2
18932,4.95339,49.69801,2
18933,4.95339,49.69801,2
18934,4.95353,49.69788,2
18935,4.95353,49.69788,2
18936,4.95339,49.69801,2
18937,4.95327,49.69833,2
18938,4.95204,49.69846,2
18939,4.95327,49.69833,2
18940,4.95327,49.69833,2
18941,4.95327,49.69833,2
18942,4.95356,49.69806,2
18943,4.95342,49.69819,2
18944,4.95342,49.69819,2
18945,4.95342,49.69819,2
18946,4.95371,49.69792,2
18947,4.95371,49.69792,2
18948,4.95384,49.6978,2
18949,4.95384,49.6978,2
18950,4.95384,49.6978,2
18951,4.95384,49.6978,2
18952,4.95384,49.6978,2
18953,4.95384,49.6978,2
18954,4.95384,49.6978,2
18955,4.95204,49.69846,2
18956,4.95384,49.6978,2
18957,4.95384,49.6978,2
18958,4.95384,49.6978,2
18959,4.95384,49.6978,2
18960,4.95384,49.6978,2
18961,4.95384,49.6978,2
18962,4.95384,49.6978,2
18963,4.95384,49.6978,2
18964,4.95384,49.6978,2
18965,4.95384,49.6978,2
18966,4.95384,49.6978,2
18967,4.95397,49.69769,2
18968,4.9541,49.69758,2
18969,4.95384,49.6978,2
18970,4.95422,49.69747,2
18971,4.95384,49.6978,2
18972,4.94963,49.69805,2
18973,4.95384,49.6978,2
18974,4.94963,49.69805,2
18975,4.95414,49.69735,2
18976,4.94963,49.69805,2
18977,4.95384,49.6978,2
18978,4.94963,49.69805,2
18979,4.95359,49.69782,2
18980,4.95384,49.6978,2
18981,4.95359,49.69782,2
18982,4.94879,49.69854,2
18983,4.95384,49.6978,2
18984,4.95359,49.69782,2
18985,4.95384,49.6978,2
18986,4.95359,49.69782,2
18987,4.95387,49.69757,2
18988,4.95387,49.69757,2
18989,4.95061,49.69888,2
18990,4.95271,49.69866,2
18991,4.95061,49.69888,2
18992,4.95271,49.69866,2
18993,4.95387,49.69757,2
18994,4.95271,49.69866,2
18995,4.94879,49.69854,2
18996,4.9501,49.69813,2
18997,4.95387,49.69757,2
18998,4.94996,49.69799,2
18999,4.94879,49.69854,2
19000,4.95397,49.69739,2
19001,4.95397,49.69739,2
19002,4.94879,49.69854,2
19003,4.95399,49.6974,2
19004,4.95397,49.69739,2
19005,4.94879,49.69854,2
19006,4.95418,49.69729,2
19007,4.94879,49.69854,2
19008,4.9544,49.69713,2
19009,4.95001,49.69695,2
19010,4.94879,49.69854,2
19011,4.95462,49.69696,2
19012,4.94846,49.6986,2
19013,4.95519,49.69679,2
19014,4.95485,49.69687,2
19015,4.95361,49.6971,2
19016,4.94881,49.6983,2
19017,4.95361,49.6971,2
19018,4.94881,49.6983,2
19019,4.95361,49.6971,2
19020,4.94864,49.69828,2
19021,4.94881,49.6983,2
19022,4.95361,49.6971,2
19023,4.94881,49.6983,2
19024,4.95361,49.6971,2
19025,4.95232,49.6998,2
19026,4.94881,49.6983,2
19027,4.95375,49.69703,2
19028,4.94897,49.69761,2
19029,4.95426,49.69706,2
19030,4.94897,49.69761,2
19031,4.95001,49.69695,2
19032,4.95448,49.69689,2
19033,4.94897,49.69761,2
19034,4.94996,49.69799,2
19035,4.95001,49.69695,2
19036,4.94897,49.69761,2
19037,4.95461,49.69678,2
19038,4.94755,49.69829,2
19039,4.95081,49.69614,2
19040,4.95467,49.69672,2
19041,4.94879,49.69761,2
19042,4.95467,49.69672,2
19043,4.94879,49.69761,2
19044,4.94879,49.69761,2
19045,4.95001,49.69695,2
19046,4.95477,49.69868,2
19047,4.94879,49.69761,2
19048,4.95389,49.69931,2
19049,4.94822,49.6968,2
19050,4.94777,49.69641,2
19051,4.95409,49.69935,2
19052,4.94777,49.69641,2
19053,4.94822,49.6968,2
19054,4.95488,49.6995,2
19055,4.94777,49.69641,2
19056,4.94884,49.69733,2
19057,4.95439,49.6996,2
19058,4.95467,49.70017,2
19059,4.94893,49.69724,2
19060,4.95506,49.70001,2
19061,4.94904,49.69717,2
19062,4.95524,49.69979,2
19063,4.94915,49.69709,2
19064,4.95524,49.69979,2
19065,4.94927,49.69701,2
19066,4.9557,49.69956,2
19067,4.94938,49.69694,2
19068,4.95558,49.69969,2
19069,4.95601,49.69963,2
19070,4.94949,49.69686,2
19071,4.95645,49.69958,2
19072,4.94971,49.69672,2
19073,4.95645,49.69946,2
19074,4.94977,49.69669,2
19075,4.95688,49.69952,2
19076,4.94965,49.69692,2
19077,4.95813,49.69925,2
19078,4.94994,49.69494,2
19079,4.95813,49.69925,2
19080,4.95813,49.69925,2
19081,4.95014,49.69646,2
19082,4.95813,49.69925,2
19083,4.95061,49.69616,2
19084,4.95902,49.69885,2
19085,4.95084,49.69601,2
19086,4.95959,49.6988,2
19087,4.9566,49.6995,2
19088,4.95037,49.69631,2
19089,4.95108,49.69587,2
19090,4.9566,49.6995,2
19091,4.95133,49.69572,2
19092,4.95157,49.69558,2
19093,4.95742,49.69848,2
19094,4.927244,49.335768,2
19095,4.938108,49.336531,2
19096,4.93861,49.33577,2
19097,4.938288,49.335745,2
19098,4.93861,49.33577,2
19099,4.938108,49.336531,2
19100,4.937913,49.336769,2
19101,4.938108,49.336531,2
19102,4.937926,49.336751,2
19103,4.938649,49.333104,2
19104,4.93861,49.33577,2
19105,4.93766,49.33645,2
19106,4.93861,49.33577,2
19107,4.937913,49.336769,2
19108,4.93969,49.33495,2
19109,4.93861,49.33577,2
19110,4.93969,49.33495,2
19111,4.93861,49.33577,2
19112,4.93861,49.33577,2
19113,4.93861,49.33577,2
19114,4.940103,49.334924,2
19115,4.93891,49.33628,2
19116,4.93891,49.33628,2
19117,4.93874,49.33411,2
19118,4.93861,49.33577,2
19119,4.940394,49.332518,2
19120,4.93969,49.33495,2
19121,4.93861,49.33577,2
19122,4.93978,49.33555,2
19123,4.93861,49.33577,2
19124,4.93874,49.33411,2
19125,4.93861,49.33577,2
19126,4.93969,49.33495,2
19127,4.93861,49.33577,2
19128,4.93861,49.33577,2
19129,4.940138,49.335346,2
19130,4.938548,49.335991,2
19131,4.940047,49.336265,2
19132,4.93861,49.33577,2
19133,4.93861,49.33577,2
19134,4.93861,49.33577,2
19135,4.93969,49.33495,2
19136,4.93861,49.33577,2
19137,4.93861,49.33577,2
19138,4.93861,49.33577,2
19139,4.93861,49.33577,2
19140,4.93969,49.33495,2
19141,4.93861,49.33577,2
19142,4.93969,49.33495,2
19143,4.93861,49.33577,2
19144,4.93874,49.33411,2
19145,4.940289,49.333446,2
19146,4.93883,49.333145,2
19147,4.938206,49.333051,2
19148,4.940423,49.335528,2
19149,4.940345,49.332923,2
19150,4.940404,49.332724,2
19151,4.936561,49.325823,2
19152,4.936561,49.325823,2
19153,4.936492,49.326086,2
19154,4.936852,49.325862,2
19155,4.936492,49.326086,2
19156,4.931346,49.334188,2
19157,4.929413,49.334598,2
19158,4.937132,49.335456,2
19159,4.93861,49.33577,2
19160,4.938649,49.333104,2
19161,4.937914,49.336778,2
19162,4.937862,49.336851,2
19163,4.940289,49.333158,2
19164,4.93969,49.33495,2
19165,4.93861,49.33577,2
19166,4.93861,49.33577,2
19167,4.939653,49.33364,2
19168,4.938781,49.333263,2
19169,4.938345,49.333075,2
19170,4.938206,49.333051,2
19171,4.931618,49.334137,2
19172,4.69405,49.78018,2
19173,4.69405,49.78018,2
19174,4.69405,49.78018,2
19175,4.69405,49.78018,2
19176,4.69981,49.77835,2
19177,4.69392,49.78816,2
19178,4.69392,49.78816,2
19179,4.70312,49.78197,2
19180,4.69405,49.78018,2
19181,4.69981,49.77835,2
19182,4.69439,49.77996,2
19183,4.6956,49.77919,2
19184,4.69237,49.78617,2
19185,4.69456,49.788441,2
19186,4.69392,49.78816,2
19187,4.69421,49.78807,2
19188,4.69421,49.78807,2
19189,4.695131,49.785807,2
19190,4.69392,49.78816,2
19191,4.69405,49.78018,2
19192,4.69405,49.78018,2
19193,4.69622,49.78955,2
19194,4.72082,49.75415,2
19195,4.72088,49.75383,2
19196,4.72094,49.75351,2
19197,4.72105,49.7532,2
19198,4.72197,49.75253,2
19199,4.72222,49.75273,2
19200,4.72257,49.75282,2
19201,4.7177,49.7541,2
19202,4.71878,49.751,2
19203,4.71926,49.75414,2
19204,4.72099,49.75289,2
19205,4.71985,49.75225,2
19206,4.71899,49.75208,2
19207,4.72139,49.75238,2
19208,4.71899,49.75208,2
19209,4.71899,49.75208,2
19210,4.71668,49.74477,2
19211,4.71668,49.74477,2
19212,4.72069,49.7539,2
19213,4.2649,49.88145,2
19214,4.26416,49.88058,2
19215,4.26416,49.88058,2
19216,4.265764,49.882073,2
19217,4.2649,49.88145,2
19218,4.27346,49.88741,2
19219,4.264703,49.880859,2
19220,4.703818,49.993411,2
19221,4.703818,49.993411,2
19222,4.70418,49.99375,2
19223,4.70664,49.994,2
19224,4.71001,49.99592,2
19225,4.71404,49.99378,2
19226,4.71036,49.99383,2
19227,4.692506,49.987415,2
19228,4.62883,49.82989,2
19229,4.62825,49.830673,2
19230,4.63026,49.83139,2
19231,4.63026,49.83139,2
19232,4.6306,49.83424,2
19233,4.62883,49.82989,2
19234,4.629072,49.830424,2
19235,4.636458,49.832836,2
19236,4.34353,49.88301,2
19237,4.343423,49.879712,2
19238,4.346016,49.903083,2
19239,4.32835,49.86734,2
19240,4.326408,49.86722,2
19241,4.326408,49.86722,2
19242,4.32508,49.866667,2
19243,4.325179,49.86671,2
19244,4.32835,49.86734,2
19245,4.32571,49.89513,2
19246,4.34353,49.88301,2
19247,4.34353,49.88301,2
19248,4.34457,49.89878,2
19249,4.34457,49.89878,2
19250,4.32839,49.86734,2
19251,4.346016,49.903083,2
19252,4.3258,49.86684,2
19253,4.326351,49.867185,2
19254,4.34457,49.89878,2
19255,4.343646,49.898012,2
19256,4.92565,49.352,2
19257,4.92741,49.35085,2
19258,4.92529,49.35206,2
19259,4.92529,49.35206,2
19260,4.92529,49.35206,2
19261,4.92529,49.35206,2
19262,4.973195,49.373213,2
19263,4.974136,49.372231,2
19264,4.96837,49.37226,2
19265,4.97464,49.37353,2
19266,4.3716,49.399866,2
19267,4.368911,49.403587,2
19268,4.3838,49.39661,2
19269,4.37796,49.39765,2
19270,4.38137,49.39784,2
19271,4.37766,49.39394,2
19272,4.410893,49.411354,2
19273,4.37956,49.39622,2
19274,4.38942,49.39661,2
19275,4.38745,49.3967,2
19276,4.3838,49.39661,2
19277,4.374597,49.399402,2
19278,4.374597,49.399402,2
19279,4.374514,49.399413,2
19280,4.37843,49.39811,2
19281,4.3838,49.39661,2
19282,4.38466,49.39726,2
19283,4.37843,49.39811,2
19284,4.38942,49.39661,2
19285,4.39362,49.39763,2
19286,4.404639,49.409952,2
19287,4.3835,49.39805,2
19288,4.37545,49.39946,2
19289,4.37796,49.39765,2
19290,4.38112,49.39751,2
19291,4.38029,49.39732,2
19292,4.38523,49.39616,2
19293,4.38661,49.394,2
19294,4.37967,49.39551,2
19295,4.37766,49.39394,2
19296,4.37766,49.39394,2
19297,4.37766,49.39394,2
19298,4.37779,49.39577,2
19299,4.37766,49.39394,2
19300,4.38558,49.39354,2
19301,4.38259,49.40047,2
19302,4.371621,49.401798,2
19303,4.37885,49.39813,2
19304,4.38073,49.39792,2
19305,4.411196,49.411367,2
19306,4.38112,49.39751,2
19307,4.38112,49.39751,2
19308,4.38112,49.39751,2
19309,4.37658,49.39525,2
19310,4.37766,49.39394,2
19311,5.00959,49.3522,2
19312,5.00959,49.3522,2
19313,4.997648,49.360064,2
19314,5.00943,49.35228,2
19315,5.00959,49.3522,2
19316,4.997648,49.360064,2
19317,5.00959,49.3522,2
19318,4.98489,49.34964,2
19319,4.98489,49.34964,2
19320,4.94879,49.69761,2
19321,4.94689,49.69816,2
19322,4.95056,49.69821,2
19323,4.95473,49.69655,2
19324,4.95422,49.6957,2
19325,4.95422,49.6957,2
19326,4.94905,49.69858,2
19327,4.94905,49.69858,2
19328,4.94905,49.69858,2
19329,4.95444,49.69886,2
19330,4.9537,49.69927,2
19331,4.95277,49.69991,2
19332,4.95267,49.69452,2
19333,4.95344,49.69483,2
19334,4.95305,49.69844,2
19335,4.94963,49.69805,2
19336,4.9489,49.69863,2
19337,4.95186,49.69539,2
19338,4.94912,49.6979,2
19339,4.94676,49.69783,2
19340,4.94718,49.69748,2
19341,4.95128,49.69925,2
19342,4.95072,49.69771,2
19343,4.95072,49.69771,2
19344,4.9499,49.69449,2
19345,4.95526,49.69623,2
19346,4.96136,49.69628,2
19347,4.95245,49.69816,2
19348,4.95539,49.69595,2
19349,4.95764,49.69709,2
19350,4.95332,49.69668,2
19351,4.95332,49.69668,2
19352,4.95292,49.69645,2
19353,4.95292,49.69645,2
19354,4.95292,49.69645,2
19355,4.95604,49.69905,2
19356,4.93874,49.33549,2
19357,4.93861,49.33577,2
19358,4.93861,49.33577,2
19359,4.93861,49.33577,2
19360,4.93861,49.33577,2
19361,4.93861,49.33577,2
