"ID","Longitude","Latitude","ServiceTime (min)"
26059,4.71542,49.74856,2
26060,4.71542,49.74844,2
26061,4.71543,49.74832,2
26062,4.71548,49.74821,2
26063,4.71554,49.7481,2
26064,4.7156,49.74799,2
26065,4.71574,49.74791,2
26066,4.71588,49.74784,2
26067,4.71602,49.74776,2
26068,4.71616,49.74769,2
26069,4.71631,49.74762,2
26070,4.71645,49.74755,2
26071,4.71659,49.74747,2
26072,4.71684,49.74742,2
26073,4.71688,49.74726,2
26074,4.71692,49.7471,2
26075,4.71672,49.74698,2
26076,4.71663,49.74686,2
26077,4.71654,49.74675,2
26078,4.71641,49.74666,2
26079,4.71624,49.74659,2
26080,4.71607,49.74653,2
26081,4.71592,49.74649,2
26082,4.71574,49.74648,2
26083,4.71551,49.74649,2
26084,4.71528,49.7465,2
26085,4.71505,49.74651,2
26086,4.71481,49.74652,2
26087,4.71458,49.74654,2
26088,4.71435,49.74655,2
26089,4.71412,49.74656,2
26090,4.71423,49.74828,2
26091,4.7149,49.74754,2
26092,4.7146,49.74825,2
26093,4.7149,49.74754,2
26094,4.71484,49.74803,2
26095,4.7149,49.74754,2
26096,4.7148,49.74776,2
26097,4.71478,49.74765,2
26098,4.71488,49.74761,2
26099,4.7157,49.74704,2
26100,4.7152,49.74703,2
26101,4.71501,49.74715,2
26102,4.71515,49.74715,2
26103,4.71529,49.74715,2
26104,4.71543,49.74715,2
26105,4.71475,49.74687,2
26106,4.71479,49.74697,2
26107,4.71484,49.74706,2
26108,4.71488,49.74716,2
26109,4.71492,49.74728,2
26110,4.71497,49.74741,2
26111,4.7145,49.74757,2
26112,4.7149,49.74754,2
26113,4.71413,49.74758,2
26114,4.71688,49.74692,2
26115,4.71677,49.7468,2
26116,4.71667,49.74667,2
26117,4.71654,49.74657,2
26118,4.71635,49.7465,2
26119,4.71616,49.74643,2
26120,4.71596,49.74638,2
26121,4.71574,49.74637,2
26122,4.71554,49.74638,2
26123,4.71533,49.74638,2
26124,4.71512,49.74639,2
26125,4.71492,49.7464,2
26126,4.71471,49.74641,2
26127,4.7145,49.74642,2
26128,4.7143,49.74643,2
26129,4.71409,49.74644,2
26130,4.71563,49.7518,2
26131,4.71557,49.75169,2
26132,4.71552,49.75158,2
26133,4.71546,49.75147,2
26134,4.71546,49.75147,2
26135,4.7154,49.75136,2
26136,4.71534,49.75125,2
26137,4.71404,49.74639,2
26138,4.71534,49.75125,2
26139,4.71528,49.75114,2
26140,4.71522,49.75103,2
26141,4.71516,49.75092,2
26142,4.7151,49.75081,2
26143,4.71504,49.7507,2
26144,4.71496,49.75059,2
26145,4.71496,49.75059,2
26146,4.71489,49.75048,2
26147,4.7148,49.75032,2
26148,4.71468,49.7501,2
26149,4.71456,49.74988,2
26150,4.71436,49.74943,2
26151,4.71432,49.74913,2
26152,4.71426,49.74867,2
26153,4.71417,49.74837,2
26154,4.71402,49.74752,2
26155,4.714,49.74733,2
26156,4.714,49.74719,2
26157,4.71401,49.74704,2
26158,4.71412,49.74641,2
26159,4.71419,49.74622,2
26160,4.71432,49.74593,2
26161,4.71442,49.74558,2
26162,4.71448,49.74532,2
26163,4.71401,49.7462,2
26164,4.71414,49.74591,2
26165,4.71424,49.74556,2
26166,4.71422,49.74523,2
26167,4.71383,49.74521,2
26168,4.71361,49.74526,2
26169,4.71339,49.74544,2
26170,4.71332,49.74562,2
26171,4.71326,49.74585,2
26172,4.71285,49.74579,2
26173,4.71254,49.74563,2
26174,4.71222,49.74552,2
26175,4.7119,49.7454,2
26176,4.71155,49.74544,2
26177,4.71139,49.7455,2
26178,4.71128,49.74563,2
26179,4.7111,49.74571,2
26180,4.71395,49.74638,2
26181,4.7111,49.74571,2
26182,4.71395,49.74638,2
26183,4.71395,49.74638,2
26184,4.71091,49.74578,2
26185,4.71395,49.74638,2
26186,4.7107,49.74572,2
26187,4.7105,49.74567,2
26188,4.71031,49.7456,2
26189,4.71018,49.74548,2
26190,4.71005,49.74537,2
26191,4.70992,49.74525,2
26192,4.70982,49.74511,2
26193,4.70978,49.74499,2
26194,4.70973,49.74486,2
26195,4.70969,49.74473,2
26196,4.70965,49.74461,2
26197,4.7096,49.74448,2
26198,4.70957,49.74445,2
26199,4.70944,49.74439,2
26200,4.70936,49.7443,2
26201,4.70928,49.74422,2
26202,4.7092,49.74413,2
26203,4.70921,49.74403,2
26204,4.70926,49.74394,2
26205,4.70958,49.7438,2
26206,4.70987,49.74388,2
26207,4.70997,49.74395,2
26208,4.70997,49.74405,2
26209,4.70997,49.74415,2
26210,4.70997,49.74425,2
26211,4.70989,49.74433,2
26212,4.70979,49.74441,2
26213,4.70979,49.74449,2
26214,4.70985,49.74468,2
26215,4.70992,49.74487,2
26216,4.70998,49.74505,2
26217,4.71008,49.7452,2
26218,4.71023,49.74533,2
26219,4.71039,49.74547,2
26220,4.71059,49.74557,2
26221,4.71083,49.74564,2
26222,4.71106,49.74559,2
26223,4.71122,49.74546,2
26224,4.71143,49.74534,2
26225,4.71162,49.74531,2
26226,4.71182,49.74528,2
26227,4.712,49.74531,2
26228,4.71217,49.74537,2
26229,4.71235,49.74543,2
26230,4.71252,49.74549,2
26231,4.71377,49.7461,2
26232,4.7134,49.74609,2
26233,4.71317,49.74608,2
26234,4.71309,49.74608,2
26235,4.71293,49.74615,2
26236,4.71249,49.74612,2
26237,4.71214,49.74609,2
26238,4.71198,49.74605,2
26239,4.71182,49.746,2
26240,4.71184,49.74579,2
26241,4.71176,49.74587,2
26242,4.71155,49.74544,2
26243,4.71167,49.74595,2
26244,4.71155,49.74544,2
26245,4.71157,49.74606,2
26246,4.71146,49.74619,2
26247,4.71191,49.74635,2
26248,4.71204,49.74621,2
26249,4.71264,49.74624,2
26250,4.71251,49.7464,2
26251,4.71248,49.74617,2
26252,4.71248,49.74617,2
26253,4.7127,49.74556,2
26254,4.71294,49.74552,2
26255,4.71325,49.74537,2
26256,4.71347,49.74519,2
26257,4.71349,49.74514,2
26258,4.71326,49.74506,2
26259,4.71304,49.74497,2
26260,4.71282,49.74488,2
26261,4.7126,49.74479,2
26262,4.71238,49.7447,2
26263,4.71216,49.74461,2
26264,4.71193,49.74452,2
26265,4.71169,49.7445,2
26266,4.71144,49.74452,2
26267,4.71133,49.74468,2
26268,4.70418,49.73803,2
26269,4.71119,49.74482,2
26270,4.71099,49.74493,2
26271,4.71112,49.74535,2
26272,4.71093,49.74509,2
26273,4.7104,49.74507,2
26274,4.7103,49.74497,2
26275,4.71085,49.74485,2
26276,4.71099,49.74477,2
26277,4.71113,49.74469,2
26278,4.71121,49.74458,2
26279,4.71129,49.74447,2
26280,4.71144,49.7444,2
26281,4.71163,49.74439,2
26282,4.71181,49.74438,2
26283,4.71199,49.74441,2
26284,4.71215,49.74448,2
26285,4.71231,49.74454,2
26286,4.71247,49.74461,2
26287,4.71264,49.74467,2
26288,4.7128,49.74474,2
26289,4.71296,49.7448,2
26290,4.71312,49.74487,2
26291,4.71328,49.74493,2
26292,4.71345,49.74499,2
26293,4.71361,49.74505,2
26294,4.71442,49.74558,2
26295,4.71442,49.74558,2
26296,4.71776,49.74799,2
26297,4.71776,49.74799,2
26298,4.71776,49.74799,2
26299,4.71776,49.74799,2
26300,4.71776,49.74799,2
26301,4.71776,49.74799,2
26302,4.71776,49.74799,2
26303,4.71776,49.74799,2
26304,4.71776,49.74799,2
26305,4.71776,49.74799,2
26306,4.71813,49.74799,2
26307,4.71813,49.74799,2
26308,4.71813,49.74799,2
26309,4.71813,49.74799,2
26310,4.71813,49.74799,2
26311,4.71813,49.74799,2
26312,4.71813,49.74799,2
26313,4.71813,49.74799,2
26314,4.71813,49.74799,2
26315,4.71813,49.74799,2
26316,4.7185,49.748,2
26317,4.7185,49.748,2
26318,4.7185,49.748,2
26319,4.7185,49.748,2
26320,4.7185,49.748,2
26321,4.7185,49.748,2
26322,4.7185,49.748,2
26323,4.7185,49.748,2
26324,4.7185,49.748,2
26325,4.7185,49.748,2
26326,4.71887,49.74801,2
26327,4.71887,49.74801,2
26328,4.71887,49.74801,2
26329,4.71887,49.74801,2
26330,4.71887,49.74801,2
26331,4.71887,49.74801,2
26332,4.71887,49.74801,2
26333,4.71887,49.74801,2
26334,4.71887,49.74801,2
26335,4.71887,49.74801,2
26336,4.71835,49.74712,2
26337,4.74998,49.75698,2
26338,4.71808,49.74711,2
26339,4.7178,49.7471,2
26340,4.71753,49.74709,2
26341,4.71725,49.74708,2
26342,4.71698,49.74707,2
26343,4.71681,49.74752,2
26344,4.7168,49.74759,2
26345,4.71403,49.74675,2
26346,4.7168,49.74767,2
26347,4.71395,49.74638,2
26348,4.71679,49.74774,2
26349,4.71679,49.74782,2
26350,4.71679,49.74789,2
26351,4.71678,49.74796,2
26352,4.71678,49.74804,2
26353,4.71677,49.74811,2
26354,4.71677,49.74818,2
26355,4.71675,49.74826,2
26356,4.71667,49.7483,2
26357,4.71655,49.74831,2
26358,4.71644,49.74832,2
26359,4.71647,49.74819,2
26360,4.71659,49.74811,2
26361,4.7166,49.74797,2
26362,4.7166,49.74783,2
26363,4.71661,49.74769,2
26364,4.71662,49.74755,2
26365,4.71667,49.74758,2
26366,4.71647,49.74768,2
26367,4.71627,49.74778,2
26368,4.71607,49.74789,2
26369,4.71587,49.74799,2
26370,4.71572,49.74812,2
26371,4.71564,49.74827,2
26372,4.7156,49.74844,2
26373,4.7156,49.7486,2
26374,4.7156,49.74877,2
26375,4.71542,49.74879,2
26376,4.71542,49.74867,2
26377,4.72725,49.77537,2
26378,4.72388,49.77536,2
26379,4.72424,49.77497,2
26380,4.72367,49.77536,2
26381,4.72347,49.77536,2
26382,4.72248,49.77541,2
26383,4.72218,49.77543,2
26384,4.72515,49.77542,2
26385,4.72373,49.77512,2
26386,4.72373,49.77512,2
26387,4.72368,49.77502,2
26388,4.72357,49.77483,2
26389,4.72358,49.77473,2
26390,4.72697,49.774,2
26391,4.72363,49.77419,2
26392,4.72483,49.77506,2
26393,4.72209,49.77331,2
26394,4.72209,49.77331,2
26395,4.72195,49.77334,2
26396,4.72195,49.77334,2
26397,4.72166,49.7734,2
26398,4.72166,49.7734,2
26399,4.72697,49.774,2
26400,4.72697,49.774,2
26401,4.72166,49.7734,2
26402,4.72697,49.774,2
26403,4.7222,49.77252,2
26404,4.72697,49.774,2
26405,4.72697,49.774,2
26406,4.72225,49.77262,2
26407,4.7223,49.77272,2
26408,4.72239,49.77292,2
26409,4.72239,49.77292,2
26410,4.72232,49.77315,2
26411,4.72284,49.77414,2
26412,4.72284,49.77414,2
26413,4.72284,49.77414,2
26414,4.72284,49.77414,2
26415,4.72279,49.77404,2
26416,4.72268,49.77385,2
26417,4.72258,49.77365,2
26418,4.72227,49.77306,2
26419,4.72208,49.77266,2
26420,4.72203,49.77256,2
26421,4.72034,49.77242,2
26422,4.72046,49.77236,2
26423,4.72046,49.77236,2
26424,4.72076,49.77229,2
26425,4.72076,49.77229,2
26426,4.72631,49.77323,2
26427,4.72076,49.77229,2
26428,4.72091,49.77225,2
26429,4.72105,49.77222,2
26430,4.72105,49.77222,2
26431,4.72269,49.77433,2
26432,4.72135,49.77215,2
26433,4.72269,49.77433,2
26434,4.72139,49.77227,2
26435,4.72139,49.77227,2
26436,4.72269,49.77433,2
26437,4.72139,49.77227,2
26438,4.72269,49.77433,2
26439,4.72105,49.77234,2
26440,4.72122,49.7723,2
26441,4.72288,49.77424,2
26442,4.72269,49.77433,2
26443,4.72269,49.77433,2
26444,4.72088,49.77238,2
26445,4.72071,49.77242,2
26446,4.72039,49.77251,2
26447,4.72269,49.77433,2
26448,4.72071,49.77242,2
26449,4.72038,49.7725,2
26450,4.72659,49.7737,2
26451,4.72498,49.77087,2
26452,4.72659,49.7737,2
26453,4.7191,49.76014,2
26454,4.72498,49.77087,2
26455,4.72678,49.77401,2
26456,4.72699,49.77433,2
26457,4.72498,49.77087,2
26458,4.72498,49.77087,2
26459,4.72498,49.77087,2
26460,4.72722,49.7747,2
26461,4.72722,49.7747,2
26462,4.72498,49.77087,2
26463,4.72722,49.7747,2
26464,4.72604,49.77249,2
26465,4.72617,49.77269,2
26466,4.72498,49.77087,2
26467,4.72643,49.77311,2
26468,4.72656,49.77331,2
26469,4.72666,49.77348,2
26470,4.72674,49.77361,2
26471,4.72681,49.77374,2
26472,4.72689,49.77387,2
26473,4.72697,49.774,2
26474,4.72498,49.77087,2
26475,4.72705,49.77413,2
26476,4.72705,49.77413,2
26477,4.72705,49.77413,2
26478,4.7222,49.77252,2
26479,4.72498,49.77087,2
26480,4.7222,49.77252,2
26481,4.72705,49.77413,2
26482,4.72235,49.77282,2
26483,4.72725,49.77537,2
26484,4.72725,49.77537,2
26485,4.72725,49.77537,2
26486,4.72725,49.77537,2
26487,4.72725,49.77537,2
26488,4.72686,49.77538,2
26489,4.72654,49.77539,2
26490,4.72616,49.77538,2
26491,4.72616,49.77538,2
26492,4.72565,49.77536,2
26493,4.72565,49.77536,2
26494,4.72076,49.77229,2
26495,4.72388,49.77536,2
26496,4.72388,49.77536,2
26497,4.72277,49.77365,2
26498,4.72388,49.77536,2
26499,4.72388,49.77536,2
26500,4.72263,49.77375,2
26501,4.72388,49.77536,2
26502,4.72388,49.77536,2
26503,4.72388,49.77536,2
26504,4.72388,49.77536,2
26505,4.72498,49.77087,2
26506,4.72367,49.77536,2
26507,4.72347,49.77536,2
26508,4.72347,49.77536,2
26509,4.72347,49.77536,2
26510,4.72347,49.77536,2
26511,4.72347,49.77536,2
26512,4.72347,49.77536,2
26513,4.72347,49.77536,2
26514,4.72347,49.77536,2
26515,4.72347,49.77536,2
26516,4.72347,49.77536,2
26517,4.7212,49.77218,2
26518,4.72326,49.77536,2
26519,4.72326,49.77536,2
26520,4.72326,49.77536,2
26521,4.72278,49.77538,2
26522,4.72498,49.77087,2
26523,4.72278,49.77538,2
26524,4.72278,49.77538,2
26525,4.72248,49.77541,2
26526,4.72248,49.77541,2
26527,4.72248,49.77541,2
26528,4.72248,49.77541,2
26529,4.72248,49.77541,2
26530,4.72498,49.77087,2
26531,4.72248,49.77541,2
26532,4.72218,49.77543,2
26533,4.72218,49.77543,2
26534,4.72218,49.77543,2
26535,4.72218,49.77543,2
26536,4.72218,49.77543,2
26537,4.72483,49.77506,2
26538,4.72483,49.77506,2
26539,4.72483,49.77506,2
26540,4.72483,49.77506,2
26541,4.72483,49.77506,2
26542,4.72483,49.77506,2
26543,4.72483,49.77506,2
26544,4.72483,49.77506,2
26545,4.72483,49.77506,2
26546,4.72483,49.77506,2
26547,4.72483,49.77506,2
26548,4.72483,49.77506,2
26549,4.72378,49.77521,2
26550,4.72373,49.77512,2
26551,4.72135,49.77215,2
26552,4.72373,49.77512,2
26553,4.72373,49.77512,2
26554,4.72373,49.77512,2
26555,4.72368,49.77502,2
26556,4.72362,49.77492,2
26557,4.72362,49.77492,2
26558,4.72362,49.77492,2
26559,4.72368,49.77502,2
26560,4.72362,49.77492,2
26561,4.72362,49.77492,2
26562,4.72362,49.77492,2
26563,4.72362,49.77492,2
26564,4.72362,49.77492,2
26565,4.72135,49.77215,2
26566,4.72357,49.77483,2
26567,4.72357,49.77483,2
26568,4.72357,49.77483,2
26569,4.72357,49.77483,2
26570,4.72358,49.77473,2
26571,4.72358,49.77473,2
26572,4.72358,49.77473,2
26573,4.72369,49.77466,2
26574,4.72369,49.77466,2
26575,4.72363,49.77419,2
26576,4.72363,49.77419,2
26577,4.72363,49.77419,2
26578,4.72363,49.77419,2
26579,4.72363,49.77419,2
26580,4.72363,49.77419,2
26581,4.72363,49.77419,2
26582,4.72363,49.77419,2
26583,4.72373,49.77512,2
26584,4.72224,49.77328,2
26585,4.72224,49.77328,2
26586,4.72224,49.77328,2
26587,4.72209,49.77331,2
26588,4.72209,49.77331,2
26589,4.72166,49.7734,2
26590,4.72166,49.7734,2
26591,4.72166,49.7734,2
26592,4.72166,49.7734,2
26593,4.72225,49.77262,2
26594,4.72235,49.77282,2
26595,4.72235,49.77282,2
26596,4.72239,49.77292,2
26597,4.72239,49.77292,2
26598,4.72239,49.77292,2
26599,4.72244,49.77302,2
26600,4.72249,49.77312,2
26601,4.72498,49.77087,2
26602,4.72232,49.77315,2
26603,4.72249,49.77312,2
26604,4.72232,49.77315,2
26605,4.72232,49.77315,2
26606,4.72249,49.77312,2
26607,4.72232,49.77315,2
26608,4.72232,49.77315,2
26609,4.72277,49.77365,2
26610,4.72277,49.77365,2
26611,4.72277,49.77365,2
26612,4.72277,49.77365,2
26613,4.72284,49.77378,2
26614,4.72291,49.77392,2
26615,4.72298,49.77406,2
26616,4.72284,49.77414,2
26617,4.72284,49.77414,2
26618,4.72284,49.77414,2
26619,4.72284,49.77414,2
26620,4.72031,49.77239,2
26621,4.72284,49.77414,2
26622,4.72284,49.77414,2
26623,4.72284,49.77414,2
26624,4.72284,49.77414,2
26625,4.72284,49.77414,2
26626,4.72279,49.77404,2
26627,4.72498,49.77087,2
26628,4.72279,49.77404,2
26629,4.72498,49.77087,2
26630,4.72279,49.77404,2
26631,4.72498,49.77087,2
26632,4.72273,49.77394,2
26633,4.72498,49.77087,2
26634,4.72268,49.77385,2
26635,4.72268,49.77385,2
26636,4.72268,49.77385,2
26637,4.72268,49.77385,2
26638,4.72263,49.77375,2
26639,4.72263,49.77375,2
26640,4.72263,49.77375,2
26641,4.72263,49.77375,2
26642,4.72263,49.77375,2
26643,4.72263,49.77375,2
26644,4.72258,49.77365,2
26645,4.7212,49.77218,2
26646,4.72258,49.77365,2
26647,4.72258,49.77365,2
26648,4.72258,49.77365,2
26649,4.72258,49.77365,2
26650,4.72253,49.77355,2
26651,4.72253,49.77355,2
26652,4.72217,49.77286,2
26653,4.72363,49.77419,2
26654,4.72208,49.77266,2
26655,4.72363,49.77419,2
26656,4.72363,49.77419,2
26657,4.72208,49.77266,2
26658,4.72339,49.77425,2
26659,4.72339,49.77425,2
26660,4.72203,49.77256,2
26661,4.72339,49.77425,2
26662,4.72203,49.77256,2
26663,4.72339,49.77425,2
26664,4.72203,49.77256,2
26665,4.72339,49.77425,2
26666,4.72339,49.77425,2
26667,4.72198,49.77246,2
26668,4.72198,49.77246,2
26669,4.72046,49.77236,2
26670,4.72046,49.77236,2
26671,4.72046,49.77236,2
26672,4.72061,49.77232,2
26673,4.72061,49.77232,2
26674,4.72061,49.77232,2
26675,4.72388,49.77536,2
26676,4.72061,49.77232,2
26677,4.72061,49.77232,2
26678,4.72061,49.77232,2
26679,4.72076,49.77229,2
26680,4.72076,49.77229,2
26681,4.72076,49.77229,2
26682,4.72076,49.77229,2
26683,4.72076,49.77229,2
26684,4.72076,49.77229,2
26685,4.72091,49.77225,2
26686,4.72105,49.77222,2
26687,4.72105,49.77222,2
26688,4.7212,49.77218,2
26689,4.72105,49.77222,2
26690,4.7212,49.77218,2
26691,4.72034,49.77242,2
26692,4.72135,49.77215,2
26693,4.72135,49.77215,2
26694,4.72135,49.77215,2
26695,4.72135,49.77215,2
26696,4.7215,49.77212,2
26697,4.72155,49.77223,2
26698,4.72139,49.77227,2
26699,4.72139,49.77227,2
26700,4.72263,49.77375,2
26701,4.72139,49.77227,2
26702,4.72139,49.77227,2
26703,4.72139,49.77227,2
26704,4.72139,49.77227,2
26705,4.72122,49.7723,2
26706,4.72105,49.77234,2
26707,4.72088,49.77238,2
26708,4.72088,49.77238,2
26709,4.72071,49.77242,2
26710,4.72071,49.77242,2
26711,4.72071,49.77242,2
26712,4.72071,49.77242,2
26713,4.72055,49.77246,2
26714,4.72038,49.7725,2
26715,4.72038,49.7725,2
26716,4.72055,49.77246,2
26717,4.72038,49.7725,2
26718,4.72515,49.77542,2
26719,4.72498,49.77087,2
26720,4.72105,49.77222,2
26721,4.72498,49.77087,2
26722,4.72498,49.77087,2
26723,4.72498,49.77087,2
26724,4.72498,49.77087,2
26725,4.72498,49.77087,2
26726,4.72498,49.77087,2
26727,4.72498,49.77087,2
26728,4.72498,49.77087,2
26729,4.72498,49.77087,2
26730,4.72498,49.77087,2
26731,4.72269,49.77433,2
26732,4.72269,49.77433,2
26733,4.72498,49.77087,2
26734,4.72498,49.77087,2
26735,4.72135,49.77215,2
26736,4.72697,49.774,2
26737,4.72705,49.77413,2
26738,4.7268,49.77383,2
26739,4.72267,49.77319,2
26740,4.72253,49.77322,2
26741,4.72255,49.77324,2
26742,4.72253,49.77322,2
26743,4.72255,49.77324,2
26744,4.72298,49.77406,2
26745,4.72298,49.77406,2
26746,4.72298,49.77406,2
26747,4.72298,49.77406,2
26748,4.72298,49.77406,2
26749,4.72298,49.77406,2
26750,4.72298,49.77406,2
26751,4.72298,49.77406,2
26752,4.72298,49.77406,2
26753,4.7239,49.77281,2
26754,4.72298,49.77406,2
26755,4.72522,49.77262,2
26756,4.72298,49.77406,2
26757,4.72298,49.77406,2
26758,4.72298,49.77406,2
26759,4.72298,49.77406,2
26760,4.72204,49.7732,2
26761,4.72204,49.7732,2
26762,4.72219,49.77317,2
26763,4.72233,49.77315,2
26764,4.72248,49.77311,2
26765,4.72266,49.77307,2
26766,4.72266,49.77307,2
26767,4.72336,49.77291,2
26768,4.72745,49.77204,2
26769,4.72372,49.77284,2
26770,4.72408,49.77277,2
26771,4.72408,49.77277,2
26772,4.72408,49.77277,2
26773,4.72425,49.77273,2
26774,4.72576,49.77237,2
26775,4.72576,49.77237,2
26776,4.72576,49.77237,2
26777,4.72582,49.77248,2
26778,4.72562,49.77253,2
26779,4.72542,49.77257,2
26780,4.72475,49.77273,2
26781,4.72475,49.77273,2
26782,4.72475,49.77273,2
26783,4.72475,49.77273,2
26784,4.7244,49.77281,2
26785,4.7244,49.77281,2
26786,4.7244,49.77281,2
26787,4.72308,49.77309,2
26788,4.72294,49.77312,2
26789,4.72294,49.77312,2
26790,4.72281,49.77316,2
26791,4.72281,49.77316,2
26792,4.72267,49.77319,2
26793,4.72267,49.77319,2
26794,4.72253,49.77322,2
26795,4.72372,49.77284,2
26796,4.72219,49.77317,2
26797,4.72219,49.77317,2
26798,4.7246,49.77264,2
26799,4.7246,49.77264,2
26800,4.7246,49.77264,2
26801,4.7246,49.77264,2
26802,4.7246,49.77264,2
26803,4.7246,49.77264,2
26804,4.7246,49.77264,2
26805,4.72255,49.77324,2
26806,4.72175,49.77326,2
26807,4.72175,49.77326,2
26808,4.72175,49.77326,2
26809,4.72175,49.77326,2
26810,4.7219,49.77323,2
26811,4.72204,49.7732,2
26812,4.72204,49.7732,2
26813,4.72204,49.7732,2
26814,4.72219,49.77317,2
26815,4.72219,49.77317,2
26816,4.72219,49.77317,2
26817,4.72219,49.77317,2
26818,4.72233,49.77315,2
26819,4.72266,49.77307,2
26820,4.72266,49.77307,2
26821,4.72266,49.77307,2
26822,4.72266,49.77307,2
26823,4.72266,49.77307,2
26824,4.7191,49.76014,2
26825,4.72336,49.77291,2
26826,4.72336,49.77291,2
26827,4.72336,49.77291,2
26828,4.72255,49.77324,2
26829,4.72336,49.77291,2
26830,4.72336,49.77291,2
26831,4.72336,49.77291,2
26832,4.72336,49.77291,2
26833,4.72354,49.77288,2
26834,4.72354,49.77288,2
26835,4.72354,49.77288,2
26836,4.72354,49.77288,2
26837,4.72354,49.77288,2
26838,4.72354,49.77288,2
26839,4.72354,49.77288,2
26840,4.72354,49.77288,2
26841,4.72354,49.77288,2
26842,4.72354,49.77288,2
26843,4.72354,49.77288,2
26844,4.72354,49.77288,2
26845,4.72354,49.77288,2
26846,4.72372,49.77284,2
26847,4.72372,49.77284,2
26848,4.72372,49.77284,2
26849,4.72372,49.77284,2
26850,4.72372,49.77284,2
26851,4.72372,49.77284,2
26852,4.72372,49.77284,2
26853,4.72372,49.77284,2
26854,4.7239,49.77281,2
26855,4.7239,49.77281,2
26856,4.72408,49.77277,2
26857,4.72408,49.77277,2
26858,4.72408,49.77277,2
26859,4.72408,49.77277,2
26860,4.72408,49.77277,2
26861,4.72408,49.77277,2
26862,4.72408,49.77277,2
26863,4.72408,49.77277,2
26864,4.72408,49.77277,2
26865,4.72408,49.77277,2
26866,4.72408,49.77277,2
26867,4.72408,49.77277,2
26868,4.72443,49.77268,2
26869,4.72443,49.77268,2
26870,4.72443,49.77268,2
26871,4.72443,49.77268,2
26872,4.72443,49.77268,2
26873,4.72556,49.77242,2
26874,4.72576,49.77237,2
26875,4.72576,49.77237,2
26876,4.72576,49.77237,2
26877,4.72576,49.77237,2
26878,4.72582,49.77248,2
26879,4.72582,49.77248,2
26880,4.72582,49.77248,2
26881,4.72582,49.77248,2
26882,4.72562,49.77253,2
26883,4.72562,49.77253,2
26884,4.72562,49.77253,2
26885,4.72542,49.77257,2
26886,4.72542,49.77257,2
26887,4.72475,49.77273,2
26888,4.72475,49.77273,2
26889,4.72475,49.77273,2
26890,4.72475,49.77273,2
26891,4.72475,49.77273,2
26892,4.72475,49.77273,2
26893,4.7244,49.77281,2
26894,4.7244,49.77281,2
26895,4.7244,49.77281,2
26896,4.7244,49.77281,2
26897,4.7244,49.77281,2
26898,4.72308,49.77309,2
26899,4.72308,49.77309,2
26900,4.72308,49.77309,2
26901,4.72308,49.77309,2
26902,4.72308,49.77309,2
26903,4.72294,49.77312,2
26904,4.72294,49.77312,2
26905,4.72294,49.77312,2
26906,4.72281,49.77316,2
26907,4.72281,49.77316,2
26908,4.72281,49.77316,2
26909,4.72281,49.77316,2
26910,4.72281,49.77316,2
26911,4.72281,49.77316,2
26912,4.72267,49.77319,2
26913,4.72267,49.77319,2
26914,4.72267,49.77319,2
26915,4.72267,49.77319,2
26916,4.72267,49.77319,2
26917,4.72267,49.77319,2
26918,4.72475,49.77273,2
26919,4.72267,49.77319,2
26920,4.61027,49.81317,2
26921,4.60835,49.81462,2
26922,4.61027,49.81317,2
26923,4.62502,49.81273,2
26924,4.623177,49.805581,2
26925,4.62433,49.81255,2
26926,4.62502,49.81273,2
26927,4.62502,49.81273,2
26928,4.62502,49.81273,2
26929,4.62502,49.81273,2
26930,4.62502,49.81273,2
26931,4.62227,49.81166,2
26932,4.62161,49.81156,2
26933,4.62403,49.81175,2
26934,4.622499,49.811181,2
26935,4.60495,49.80203,2
26936,4.62502,49.81273,2
26937,4.62403,49.81175,2
26938,4.62403,49.81175,2
26939,4.61027,49.81317,2
26940,4.62403,49.81175,2
26941,4.61269,49.81066,2
26942,4.61269,49.81066,2
26943,4.62502,49.81273,2
26944,4.62515,49.81169,2
26945,4.62502,49.81273,2
26946,4.62502,49.81273,2
26947,4.62456,49.8124,2
26948,4.62502,49.81273,2
26949,4.62367,49.81254,2
26950,4.62502,49.81273,2
26951,4.62354,49.81288,2
26952,4.624,49.8126,2
26953,4.61269,49.81066,2
26954,4.62466,49.8125,2
26955,4.62502,49.81273,2
26956,4.612362,49.812341,2
26957,4.62493,49.81246,2
26958,4.62502,49.81273,2
26959,4.62502,49.81383,2
26960,4.625006,49.813514,2
26961,4.62565,49.8155,2
26962,4.625073,49.813773,2
26963,4.625006,49.813514,2
26964,4.62491,49.812923,2
26965,4.62526,49.81398,2
26966,4.61269,49.81066,2
26967,4.62515,49.81169,2
26968,4.62515,49.81169,2
26969,4.62502,49.81273,2
26970,4.61269,49.81066,2
26971,4.613,49.81046,2
26972,4.613,49.81046,2
26973,4.613,49.81046,2
26974,4.613,49.81046,2
26975,4.613,49.81046,2
26976,4.60495,49.80203,2
26977,4.6124,49.81009,2
26978,4.61187,49.80974,2
26979,4.61222,49.81007,2
26980,4.610914,49.81068,2
26981,4.61153,49.81032,2
26982,4.61153,49.81032,2
26983,4.61153,49.81032,2
26984,4.61269,49.81066,2
26985,4.613,49.81046,2
26986,4.613,49.81046,2
26987,4.611956,49.811648,2
26988,4.613,49.81046,2
26989,4.613,49.81046,2
26990,4.613,49.81046,2
26991,4.613,49.81046,2
26992,4.613,49.81046,2
26993,4.613,49.81046,2
26994,4.61027,49.81317,2
26995,4.613,49.81046,2
26996,4.613,49.81046,2
26997,4.613,49.81046,2
26998,4.613,49.81046,2
26999,4.613,49.81046,2
27000,4.613,49.81046,2
27001,4.613,49.81046,2
27002,4.61027,49.81317,2
27003,4.613,49.81046,2
27004,4.613,49.81046,2
27005,4.613,49.81046,2
27006,4.613,49.81046,2
27007,4.613,49.81046,2
27008,4.613,49.81046,2
27009,4.613,49.81046,2
27010,4.613,49.81046,2
27011,4.613,49.81046,2
27012,4.613,49.81046,2
27013,4.613,49.81046,2
27014,4.613,49.81046,2
27015,4.613,49.81046,2
27016,4.613,49.81046,2
27017,4.61295,49.81139,2
27018,4.61285,49.81135,2
27019,4.613,49.81046,2
27020,4.62502,49.81273,2
27021,4.613,49.81046,2
27022,4.62502,49.81273,2
27023,4.61027,49.81317,2
27024,4.62502,49.81273,2
27025,4.61027,49.81317,2
27026,4.613,49.81046,2
27027,4.61031,49.81302,2
27028,4.613,49.81046,2
27029,4.61027,49.81317,2
27030,4.613,49.81046,2
27031,4.61027,49.81317,2
27032,4.613,49.81046,2
27033,4.61027,49.81317,2
27034,4.613,49.81046,2
27035,4.60937,49.81399,2
27036,4.60967,49.81376,2
27037,4.613,49.81046,2
27038,4.60997,49.81352,2
27039,4.613,49.81046,2
27040,4.61027,49.81317,2
27041,4.61027,49.81317,2
27042,4.61027,49.81317,2
27043,4.61269,49.81066,2
27044,4.598752,49.822189,2
27045,4.62515,49.81169,2
27046,4.61027,49.81317,2
27047,4.613,49.81046,2
27048,4.613286,49.809099,2
27049,4.607586,49.794294,2
27050,4.613,49.81046,2
27051,4.61305,49.81025,2
27052,4.61126,49.81047,2
27053,4.61305,49.81025,2
27054,4.60909,49.81403,2
27055,4.613,49.81046,2
27056,4.613,49.81046,2
27057,4.613,49.81046,2
27058,4.61126,49.81047,2
27059,4.61126,49.81047,2
27060,4.62515,49.81169,2
27061,4.613,49.81046,2
27062,4.61027,49.81317,2
27063,4.61027,49.81317,2
27064,4.62502,49.81383,2
27065,4.613,49.81046,2
27066,4.613,49.81046,2
27067,4.613,49.81046,2
27068,4.613,49.81046,2
27069,4.613,49.81046,2
27070,4.613,49.81046,2
27071,4.613,49.81046,2
27072,4.62515,49.81169,2
27073,4.63288,49.94261,2
27074,4.63285,49.9427,2
27075,4.63282,49.94278,2
27076,4.6328,49.94287,2
27077,4.63277,49.94295,2
27078,4.6327,49.94303,2
27079,4.63273,49.94164,2
27080,4.6328,49.94154,2
27081,4.63286,49.94145,2
27082,4.63266,49.94173,2
27083,4.63293,49.94136,2
27084,4.63306,49.94117,2
27085,4.63313,49.94108,2
27086,4.63319,49.94099,2
27087,4.63326,49.94089,2
27088,4.63346,49.94062,2
27089,4.63352,49.94052,2
27090,4.62896,49.94135,2
27091,4.63359,49.94043,2
27092,4.626225,49.937412,2
27093,4.62668,49.93596,2
27094,4.6268,49.9367,2
27095,4.62809,49.93902,2
27096,4.62805,49.93801,2
27097,4.6286,49.93832,2
27098,4.62765,49.93758,2
27099,4.62896,49.93855,2
27100,4.6286,49.93832,2
27101,4.62896,49.93855,2
27102,4.63185,49.93886,2
27103,4.6335,49.94027,2
27104,4.62911,49.93971,2
27105,4.62894,49.93977,2
27106,4.6326,49.94153,2
27107,4.63078,49.94079,2
27108,4.62706,49.93476,2
27109,4.62682,49.93505,2
27110,4.62696,49.93388,2
27111,4.62676,49.93421,2
27112,4.62682,49.93492,2
27113,4.62695,49.93514,2
27114,4.62679,49.93456,2
27115,4.62695,49.93514,2
27116,4.6267,49.93544,2
27117,4.6267,49.93607,2
27118,4.62671,49.93614,2
27119,4.62965,49.93872,2
27120,4.62668,49.93596,2
27121,4.62668,49.93596,2
27122,4.62668,49.93596,2
27123,4.62668,49.93596,2
27124,4.62668,49.93596,2
27125,4.62668,49.93596,2
27126,4.62671,49.93619,2
27127,4.62965,49.93872,2
27128,4.62671,49.93639,2
27129,4.62653,49.93635,2
27130,4.62653,49.93643,2
27131,4.62657,49.93657,2
27132,4.62668,49.93596,2
27133,4.62661,49.93671,2
27134,4.62675,49.93657,2
27135,4.62679,49.93669,2
27136,4.62965,49.93872,2
27137,4.62965,49.93872,2
27138,4.62965,49.93872,2
27139,4.6268,49.9367,2
27140,4.6268,49.9367,2
27141,4.62724,49.93722,2
27142,4.62738,49.93738,2
27143,4.62765,49.93758,2
27144,4.62765,49.93758,2
27145,4.62792,49.93775,2
27146,4.62885,49.9383,2
27147,4.62805,49.93801,2
27148,4.62862,49.93818,2
27149,4.62872,49.93823,2
27150,4.62966,49.93877,2
27151,4.62896,49.93855,2
27152,4.62901,49.93852,2
27153,4.62908,49.93855,2
27154,4.63018,49.93883,2
27155,4.63033,49.93889,2
27156,4.63026,49.93899,2
27157,4.63025,49.93888,2
27158,4.63031,49.93884,2
27159,4.63036,49.93879,2
27160,4.63042,49.93874,2
27161,4.63047,49.9387,2
27162,4.63052,49.93865,2
27163,4.63058,49.9386,2
27164,4.63063,49.93856,2
27165,4.63069,49.93851,2
27166,4.63074,49.93846,2
27167,4.63079,49.93842,2
27168,4.63085,49.93837,2
27169,4.63099,49.93844,2
27170,4.63094,49.93849,2
27171,4.63088,49.93853,2
27172,4.63083,49.93858,2
27173,4.63078,49.93863,2
27174,4.63072,49.93867,2
27175,4.6304,49.93895,2
27176,4.63061,49.93877,2
27177,4.63056,49.93881,2
27178,4.63051,49.93886,2
27179,4.6304,49.93895,2
27180,4.63038,49.93905,2
27181,4.63045,49.93908,2
27182,4.62965,49.93872,2
27183,4.6306,49.93914,2
27184,4.63077,49.93922,2
27185,4.63101,49.93932,2
27186,4.63089,49.93927,2
27187,4.63036,49.9389,2
27188,4.63047,49.93895,2
27189,4.63053,49.93897,2
27190,4.63061,49.93901,2
27191,4.6307,49.93904,2
27192,4.63095,49.93915,2
27193,4.63188,49.93824,2
27194,4.63233,49.93877,2
27195,4.63193,49.93889,2
27196,4.63161,49.93944,2
27197,4.63183,49.93954,2
27198,4.63192,49.93958,2
27199,4.63205,49.93978,2
27200,4.63212,49.93981,2
27201,4.63234,49.9399,2
27202,4.63251,49.93998,2
27203,4.63247,49.93982,2
27204,4.63255,49.93986,2
27205,4.63271,49.94006,2
27206,4.63271,49.94006,2
27207,4.63271,49.94006,2
27208,4.63269,49.93992,2
27209,4.63278,49.93995,2
27210,4.63286,49.93999,2
27211,4.63295,49.94017,2
27212,4.63297,49.94004,2
27213,4.63311,49.9401,2
27214,4.63336,49.94201,2
27215,4.63339,49.94022,2
27216,4.63358,49.94044,2
27217,4.63358,49.94031,2
27218,4.63354,49.94037,2
27219,4.63354,49.94037,2
27220,4.63338,49.94045,2
27221,4.63332,49.94053,2
27222,4.63327,49.94061,2
27223,4.63316,49.94076,2
27224,4.63321,49.94068,2
27225,4.6331,49.94084,2
27226,4.63266,49.94146,2
27227,4.6326,49.94153,2
27228,4.63255,49.94161,2
27229,4.63249,49.94169,2
27230,4.63259,49.9417,2
27231,4.63244,49.94162,2
27232,4.63228,49.94154,2
27233,4.63112,49.9411,2
27234,4.63088,49.94083,2
27235,4.63037,49.94072,2
27236,4.63198,49.94139,2
27237,4.63136,49.94108,2
27238,4.63152,49.94131,2
27239,4.63023,49.94065,2
27240,4.62894,49.93977,2
27241,4.63176,49.94128,2
27242,4.62863,49.93939,2
27243,4.63055,49.94082,2
27244,4.63109,49.94094,2
27245,4.62911,49.93971,2
27246,4.62919,49.93977,2
27247,4.63256,49.94179,2
27248,4.62844,49.93926,2
27249,4.62915,49.93991,2
27250,4.63315,49.94195,2
27251,4.62804,49.93915,2
27252,4.62766,49.93947,2
27253,4.62896,49.93855,2
27254,4.62894,49.93977,2
27255,4.63291,49.94188,2
27256,4.62817,49.93908,2
27257,4.63239,49.94186,2
27258,4.63248,49.94179,2
27259,4.63232,49.94196,2
27260,4.63248,49.94189,2
27261,4.63276,49.94197,2
27262,4.63285,49.942,2
27263,4.63304,49.94205,2
27264,4.63319,49.94209,2
27265,4.63352,49.94218,2
27266,4.63325,49.94211,2
27267,4.63359,49.9422,2
27268,4.63444,49.94244,2
27269,4.63451,49.94233,2
27270,4.63246,49.94204,2
27271,4.62965,49.93872,2
27272,4.63237,49.94217,2
27273,4.63228,49.94229,2
27274,4.6335,49.94211,2
27275,4.63225,49.94205,2
27276,4.63219,49.94215,2
27277,4.63212,49.94224,2
27278,4.63205,49.94234,2
27279,4.6322,49.94241,2
27280,4.63211,49.94254,2
27281,4.63199,49.94243,2
27282,4.63192,49.94253,2
27283,4.63185,49.94263,2
27284,4.63199,49.94267,2
27285,4.63238,49.94286,2
27286,4.63261,49.94297,2
27287,4.63259,49.94293,2
27288,4.63264,49.94278,2
27289,4.63269,49.94262,2
27290,4.27294,49.90435,2
27291,4.2799,49.90389,2
27292,4.2735,49.90505,2
27293,4.2735,49.90505,2
27294,4.27296,49.90533,2
27295,4.2735,49.90505,2
27296,4.27233,49.90809,2
27297,4.2735,49.90505,2
27298,4.27184,49.90475,2
27299,4.27208,49.90519,2
27300,4.27136,49.90438,2
27301,4.27164,49.9046,2
27302,4.27245,49.90576,2
27303,4.27986,49.90357,2
27304,4.27235,49.90597,2
27305,4.2735,49.90505,2
27306,4.27225,49.90618,2
27307,4.27225,49.90618,2
27308,4.27225,49.90618,2
27309,4.27257,49.9059,2
27310,4.2722,49.90634,2
27311,4.27238,49.90634,2
27312,4.27043,49.90672,2
27313,4.27437,49.906,2
27314,4.27239,49.90652,2
27315,4.27239,49.90652,2
27316,4.27239,49.90652,2
27317,4.27221,49.90655,2
27318,4.27224,49.90687,2
27319,4.27241,49.90679,2
27320,4.27227,49.9072,2
27321,4.27229,49.90752,2
27322,4.27244,49.90706,2
27323,4.27246,49.90733,2
27324,4.27248,49.9076,2
27325,4.27232,49.90784,2
27326,4.2725,49.90786,2
27327,4.27233,49.90809,2
27328,4.28445,49.910505,2
27329,4.27126,49.90922,2
27330,4.27282,49.90967,2
27331,4.27206,49.90855,2
27332,4.27108,49.90917,2
27333,4.31857,49.9048,2
27334,4.27014,49.90981,2
27335,4.2735,49.90505,2
27336,4.27437,49.906,2
27337,4.27437,49.906,2
27338,4.27437,49.906,2
27339,4.27437,49.906,2
27340,4.27437,49.906,2
27341,4.275964,49.905692,2
27342,4.27437,49.906,2
27343,4.27437,49.906,2
27344,4.27612,49.90514,2
27345,4.27624,49.90475,2
27346,4.27626,49.90489,2
27347,4.27629,49.90504,2
27348,4.27631,49.90518,2
27349,4.27633,49.90532,2
27350,4.27635,49.90546,2
27351,4.27706,49.90636,2
27352,4.27662,49.9058,2
27353,4.27669,49.90615,2
27354,4.27751,49.90644,2
27355,4.27729,49.90657,2
27356,4.27742,49.90665,2
27357,4.27753,49.9065,2
27358,4.27779,49.90714,2
27359,4.27783,49.90756,2
27360,4.27763,49.90674,2
27361,4.277652,49.906555,2
27362,4.27754,49.90658,2
27363,4.27762,49.90654,2
27364,4.27762,49.90654,2
27365,4.27753,49.9065,2
27366,4.277721,49.906536,2
27367,4.27753,49.9065,2
27368,4.27753,49.9065,2
27369,4.27986,49.90357,2
27370,4.27753,49.9065,2
27371,4.27785,49.90542,2
27372,4.27801,49.90511,2
27373,4.27934,49.90605,2
27374,4.27987,49.90378,2
27375,4.27934,49.90605,2
27376,4.27934,49.90605,2
27377,4.27934,49.90605,2
27378,4.27934,49.90605,2
27379,4.27751,49.90644,2
27380,4.28259,49.90048,2
27381,4.27753,49.9065,2
27382,4.27934,49.90605,2
27383,4.27955,49.90614,2
27384,4.27905,49.90615,2
27385,4.27994,49.90623,2
27386,4.28063,49.90655,2
27387,4.28098,49.9067,2
27388,4.27992,49.90399,2
27389,4.28,49.89944,2
27390,4.27996,49.9042,2
27391,4.27996,49.9042,2
27392,4.27994,49.90409,2
27393,4.27964,49.90384,2
27394,4.27973,49.90397,2
27395,4.27973,49.90397,2
27396,4.27998,49.9043,2
27397,4.28,49.9044,2
27398,4.28003,49.90451,2
27399,4.28005,49.90461,2
27400,4.28005,49.90461,2
27401,4.28005,49.90461,2
27402,4.28005,49.90461,2
27403,4.28005,49.90461,2
27404,4.28005,49.90461,2
27405,4.28005,49.90461,2
27406,4.28005,49.90461,2
27407,4.28007,49.90471,2
27408,4.27976,49.90412,2
27409,4.27979,49.90426,2
27410,4.28129,49.90611,2
27411,4.27982,49.90441,2
27412,4.28005,49.90461,2
27413,4.27986,49.90456,2
27414,4.27989,49.90471,2
27415,4.27991,49.90483,2
27416,4.27993,49.90494,2
27417,4.27994,49.90504,2
27418,4.27996,49.90515,2
27419,4.27998,49.90525,2
27420,4.28013,49.9051,2
27421,4.283346,49.906365,2
27422,4.28016,49.90523,2
27423,4.28013,49.9051,2
27424,4.28011,49.90496,2
27425,4.28035,49.90555,2
27426,4.28004,49.90538,2
27427,4.28022,49.90537,2
27428,4.28013,49.90551,2
27429,4.28021,49.90563,2
27430,4.28483,49.90349,2
27431,4.28056,49.90585,2
27432,4.28075,49.90594,2
27433,4.28037,49.90576,2
27434,4.28093,49.90604,2
27435,4.28112,49.90613,2
27436,4.27986,49.90357,2
27437,4.2813,49.90623,2
27438,4.2815,49.90402,2
27439,4.28109,49.90597,2
27440,4.28155,49.90621,2
27441,4.28202,49.90645,2
27442,4.28149,49.90632,2
27443,4.28168,49.90642,2
27444,4.28205,49.90661,2
27445,4.28213,49.90674,2
27446,4.28186,49.90651,2
27447,4.27934,49.90605,2
27448,4.28207,49.90696,2
27449,4.28167,49.90702,2
27450,4.28132,49.90686,2
27451,4.27934,49.90605,2
27452,4.28237,49.90693,2
27453,4.28129,49.90611,2
27454,4.28129,49.90611,2
27455,4.28129,49.90611,2
27456,4.28226,49.90654,2
27457,4.28279,49.90643,2
27458,4.2823,49.90665,2
27459,4.28249,49.90649,2
27460,4.28308,49.90636,2
27461,4.2837,49.90627,2
27462,4.27986,49.90357,2
27463,4.28338,49.9063,2
27464,4.28401,49.90624,2
27465,4.27994,49.9034,2
27466,4.28354,49.906344,2
27467,4.28013,49.90339,2
27468,4.28031,49.90338,2
27469,4.2805,49.90337,2
27470,4.28068,49.90336,2
27471,4.28068,49.90336,2
27472,4.28086,49.90335,2
27473,4.28105,49.90334,2
27474,4.28123,49.90333,2
27475,4.28024,49.9035,2
27476,4.28097,49.90346,2
27477,4.28483,49.90349,2
27478,4.28159,49.90399,2
27479,4.2815,49.90402,2
27480,4.2815,49.90402,2
27481,4.28203,49.90342,2
27482,4.28146,49.90332,2
27483,4.28171,49.90331,2
27484,4.28249,49.90342,2
27485,4.28197,49.90331,2
27486,4.28222,49.9033,2
27487,4.28295,49.90342,2
27488,4.28299,49.9033,2
27489,4.2834,49.90347,2
27490,4.27986,49.90357,2
27491,4.2834,49.90347,2
27492,4.28324,49.90333,2
27493,4.28248,49.9033,2
27494,4.28374,49.90339,2
27495,4.27998,49.9043,2
27496,4.28399,49.90342,2
27497,4.28557,49.90249,2
27498,4.28386,49.90352,2
27499,4.28386,49.90352,2
27500,4.28484,49.90354,2
27501,4.2864,49.90379,2
27502,4.28349,49.90336,2
27503,4.28557,49.90249,2
27504,4.28557,49.90249,2
27505,4.28557,49.90249,2
27506,4.28557,49.90249,2
27507,4.28557,49.90249,2
27508,4.28557,49.90249,2
27509,4.28557,49.90249,2
27510,4.28648,49.90369,2
27511,4.28557,49.90249,2
27512,4.28557,49.90249,2
27513,4.28557,49.90249,2
27514,4.28557,49.90249,2
27515,4.284225,49.902462,2
27516,4.282042,49.902452,2
27517,4.284904,49.902406,2
27518,4.27986,49.90357,2
27519,4.281457,49.902435,2
27520,4.281346,49.902427,2
27521,4.28259,49.90048,2
27522,4.282378,49.901782,2
27523,4.281052,49.902396,2
27524,4.281596,49.902432,2
27525,4.28202,49.90204,2
27526,4.28259,49.90048,2
27527,4.28259,49.90048,2
27528,4.28259,49.90048,2
27529,4.28202,49.90204,2
27530,4.28259,49.90048,2
27531,4.28259,49.90048,2
27532,4.28259,49.90048,2
27533,4.27973,49.90397,2
27534,4.28362,49.90238,2
27535,4.27996,49.9042,2
27536,4.28349,49.90336,2
27537,4.28349,49.90336,2
27538,4.27437,49.906,2
27539,4.27437,49.906,2
27540,4.27994,49.90409,2
27541,4.28228,49.90658,2
27542,4.27987,49.90378,2
27543,4.63241,49.38614,2
27544,4.63234,49.38625,2
27545,4.63046,49.38574,2
27546,4.62956,49.38536,2
27547,4.62932,49.385305,2
27548,4.63046,49.38574,2
27549,4.63082,49.38411,2
27550,4.63082,49.38411,2
27551,4.63082,49.38411,2
27552,4.63431,49.3868,2
27553,4.63237,49.3862,2
27554,4.63237,49.3862,2
27555,4.62956,49.38536,2
27556,4.63237,49.3862,2
27557,4.63318,49.38648,2
27558,4.63066,49.38567,2
27559,4.632878,49.386666,2
27560,4.63096,49.38588,2
27561,4.63071,49.38581,2
27562,4.63071,49.38581,2
27563,4.6286,49.38522,2
27564,4.63082,49.38411,2
27565,4.63054,49.38504,2
27566,4.63082,49.38411,2
27567,4.63082,49.38411,2
27568,4.63082,49.38411,2
27569,4.63082,49.38411,2
27570,4.63082,49.38411,2
27571,4.63082,49.38411,2
27572,4.63259,49.38625,2
27573,4.63082,49.38411,2
27574,4.63082,49.38411,2
27575,4.63082,49.38411,2
27576,4.632777,49.385033,2
27577,4.633286,49.385634,2
27578,4.63082,49.38411,2
27579,4.63082,49.38411,2
27580,4.63082,49.38411,2
27581,4.63259,49.38625,2
27582,4.63082,49.38411,2
27583,4.630201,49.384057,2
27584,4.63082,49.38411,2
27585,4.629903,49.386939,2
27586,4.61417,49.35719,2
27587,4.639821,49.361316,2
27588,4.62578,49.36255,2
27589,4.62662,49.36179,2
27590,4.62571,49.36164,2
27591,4.63039,49.36415,2
27592,4.63039,49.36415,2
27593,4.623444,49.362176,2
27594,4.62437,49.36089,2
27595,4.62398,49.36054,2
27596,4.623775,49.359717,2
27597,4.62568,49.36266,2
27598,4.63039,49.36415,2
27599,4.62463,49.36173,2
27600,4.62443,49.36175,2
27601,4.62474,49.36179,2
27602,4.62293,49.36248,2
27603,4.62522,49.36202,2
27604,4.62355,49.36043,2
27605,4.62581,49.3617,2
27606,4.62499,49.36159,2
27607,4.62607,49.36282,2
27608,4.62509,49.36171,2
27609,4.62493,49.36176,2
27610,4.62423,49.36177,2
27611,4.62394,49.36178,2
27612,4.62429,49.36194,2
27613,4.62354,49.36202,2
27614,4.6244,49.36164,2
27615,4.6244,49.36164,2
27616,4.62314,49.36142,2
27617,4.62292,49.36135,2
27618,4.62241,49.36084,2
27619,4.62311,49.36154,2
27620,4.62257,49.36136,2
27621,4.62271,49.36127,2
27622,4.62447,49.36079,2
27623,4.6239,49.35978,2
27624,4.62519,49.36054,2
27625,4.62519,49.36054,2
27626,4.62519,49.36054,2
27627,4.62519,49.36054,2
27628,4.62358,49.36062,2
27629,4.62325,49.36036,2
27630,4.62387,49.36063,2
27631,4.6229,49.36023,2
27632,4.62267,49.36002,2
27633,4.62204,49.35993,2
27634,4.62354,49.36096,2
27635,4.62325,49.36246,2
27636,4.62335,49.36149,2
27637,4.62468,49.36133,2
27638,4.62507,49.55742,2
27639,4.624841,49.557431,2
27640,4.62507,49.55742,2
27641,4.62507,49.55742,2
27642,4.62507,49.55742,2
27643,4.62507,49.55742,2
27644,4.62507,49.55742,2
27645,4.614092,49.557967,2
27646,4.6165,49.55288,2
27647,4.6165,49.55288,2
27648,4.62507,49.55742,2
27649,4.62507,49.55742,2
27650,4.62507,49.55742,2
27651,4.62507,49.55742,2
27652,4.616093,49.544307,2
27653,4.62507,49.55742,2
27654,4.616507,49.5443,2
27655,4.616507,49.5443,2
27656,4.616507,49.5443,2
27657,4.623579,49.542486,2
27658,4.623349,49.542894,2
27659,4.61304,49.54589,2
27660,4.61304,49.54589,2
27661,4.60824,49.55675,2
27662,4.60824,49.55675,2
27663,4.607791,49.556064,2
27664,4.60824,49.55675,2
27665,4.60824,49.55675,2
27666,4.62952,49.56379,2
27667,4.62952,49.56379,2
27668,4.62507,49.55742,2
27669,4.62507,49.55742,2
27670,4.62507,49.55742,2
27671,4.6165,49.55288,2
27672,4.6165,49.55288,2
27673,4.62507,49.55742,2
27674,4.616611,49.544163,2
27675,4.60677,49.55504,2
27676,4.60824,49.55675,2
27677,4.60824,49.55675,2
27678,4.60824,49.55675,2
27679,4.60824,49.55675,2
27680,4.627652,49.56374,2
27681,4.62952,49.56379,2
27682,4.62952,49.56379,2
27683,4.62654,49.56309,2
27684,4.62654,49.56309,2
27685,4.62654,49.56309,2
27686,4.62654,49.56309,2
27687,4.62654,49.56309,2
27688,4.62654,49.56309,2
27689,4.62654,49.56309,2
27690,4.62654,49.56309,2
27691,4.62952,49.56379,2
27692,4.628476,49.558701,2
27693,4.62952,49.56379,2
27694,4.62507,49.55742,2
27695,4.62507,49.55742,2
27696,4.625996,49.557302,2
27697,4.62507,49.55742,2
27698,4.626809,49.556945,2
27699,4.62507,49.55742,2
27700,4.626809,49.556945,2
27701,4.63307,49.55153,2
27702,4.64107,49.3978,2
27703,4.64202,49.39715,2
27704,4.64202,49.39715,2
27705,4.6412,49.39656,2
27706,4.6412,49.39656,2
27707,4.64187,49.39716,2
27708,4.64028,49.39684,2
27709,4.64115,49.39729,2
27710,4.64056,49.39687,2
27711,4.64116,49.39748,2
27712,4.63869,49.39592,2
27713,4.63938,49.39625,2
27714,4.63938,49.39625,2
27715,4.64202,49.39715,2
27716,4.6412,49.39656,2
27717,4.63926,49.39626,2
27718,4.63985,49.39658,2
27719,4.6386,49.39602,2
27720,4.64202,49.39715,2
27721,4.63997,49.39649,2
27722,4.638311,49.409578,2
27723,4.640875,49.396759,2
27724,4.63847,49.39511,2
27725,4.64202,49.39715,2
27726,4.64053,49.39813,2
27727,4.6412,49.39656,2
27728,4.63938,49.39625,2
27729,4.64059,49.39816,2
27730,4.95016,49.69972,2
27731,4.95065,49.69968,2
27732,4.95104,49.70066,2
27733,4.95104,49.70066,2
27734,4.95104,49.70066,2
27735,4.95104,49.70066,2
27736,4.95104,49.70066,2
27737,4.95066,49.70062,2
27738,4.95066,49.70062,2
27739,4.95066,49.70062,2
27740,4.95051,49.70056,2
27741,4.95051,49.70056,2
27742,4.95051,49.70056,2
27743,4.95138,49.7008,2
27744,4.95097,49.70114,2
27745,4.9516,49.70082,2
27746,4.95205,49.70087,2
27747,4.95228,49.70089,2
27748,4.95106,49.70069,2
27749,4.95106,49.70069,2
27750,4.95106,49.70069,2
27751,4.95106,49.70069,2
27752,4.95106,49.70069,2
27753,4.95162,49.70051,2
27754,4.95162,49.70051,2
27755,4.95162,49.70051,2
27756,4.95162,49.70051,2
27757,4.9518,49.70034,2
27758,4.9518,49.70034,2
27759,4.9518,49.70034,2
27760,4.9518,49.70034,2
27761,4.95144,49.70048,2
27762,4.95198,49.70017,2
27763,4.95036,49.69973,2
27764,4.95221,49.70013,2
27765,4.95128,49.69925,2
27766,4.95128,49.69925,2
27767,4.95128,49.69925,2
27768,4.95128,49.69925,2
27769,4.95016,49.69972,2
27770,4.95016,49.69972,2
27771,4.95022,49.69898,2
27772,4.95016,49.69972,2
27773,4.95016,49.69972,2
27774,4.95016,49.69972,2
27775,4.95016,49.69972,2
27776,4.95016,49.69972,2
27777,4.95016,49.69972,2
27778,4.95115,49.69947,2
27779,4.95115,49.69947,2
27780,4.95115,49.69947,2
27781,4.95115,49.69947,2
27782,4.95115,49.69947,2
27783,4.95115,49.69947,2
27784,4.95115,49.69947,2
27785,4.95016,49.69972,2
27786,4.95016,49.69972,2
27787,4.95115,49.69947,2
27788,4.95115,49.69947,2
27789,4.95115,49.69947,2
27790,4.95115,49.69947,2
27791,4.95115,49.69947,2
27792,4.95115,49.69947,2
27793,4.95115,49.69947,2
27794,4.95083,49.69967,2
27795,4.95115,49.69947,2
27796,4.95083,49.69967,2
27797,4.95089,49.69983,2
27798,4.95089,49.69983,2
27799,4.95089,49.69983,2
27800,4.95089,49.69983,2
27801,4.95089,49.69983,2
27802,4.95089,49.69983,2
27803,4.95089,49.69983,2
27804,4.95089,49.69983,2
27805,4.95083,49.69967,2
27806,4.95083,49.69967,2
27807,4.95104,49.69972,2
27808,4.95104,49.69972,2
27809,4.95104,49.69972,2
27810,4.95104,49.69972,2
27811,4.95104,49.69972,2
27812,4.95104,49.69972,2
27813,4.95104,49.69972,2
27814,4.95128,49.69925,2
27815,4.95104,49.69972,2
27816,4.95104,49.69972,2
27817,4.95104,49.69972,2
27818,4.95104,49.69972,2
27819,4.95128,49.69925,2
27820,4.95104,49.69972,2
27821,4.95104,49.69972,2
27822,4.95016,49.69972,2
27823,4.95104,49.69972,2
27824,4.95094,49.69998,2
27825,4.95058,49.70019,2
27826,4.95058,49.70019,2
27827,4.95058,49.70019,2
27828,4.95089,49.69983,2
27829,4.95058,49.70019,2
27830,4.95089,49.69983,2
27831,4.95016,49.69972,2
27832,4.95076,49.70008,2
27833,4.95076,49.70008,2
27834,4.95076,49.70008,2
27835,4.95076,49.70008,2
27836,4.95076,49.70008,2
27837,4.95005,49.6998,2
27838,4.95005,49.6998,2
27839,4.95005,49.6998,2
27840,4.95005,49.6998,2
27841,4.95005,49.6998,2
27842,4.95005,49.6998,2
27843,4.95005,49.6998,2
27844,4.95017,49.69978,2
27845,4.95017,49.69978,2
27846,4.95017,49.69978,2
27847,4.95017,49.69978,2
27848,4.95026,49.69975,2
27849,4.95017,49.69978,2
27850,4.95026,49.69975,2
27851,4.95026,49.69975,2
27852,4.95036,49.69973,2
27853,4.95065,49.69968,2
27854,4.95065,49.69968,2
27855,4.95065,49.69968,2
27856,4.95065,49.69968,2
27857,4.95065,49.69968,2
27858,4.95065,49.69968,2
27859,4.95036,49.69973,2
27860,4.95036,49.69973,2
27861,4.9512,49.69958,2
27862,4.9512,49.69958,2
27863,4.95016,49.69972,2
27864,4.95016,49.69972,2
27865,4.95016,49.69972,2
27866,4.95016,49.69972,2
27867,4.95016,49.69972,2
27868,4.95016,49.69972,2
27869,4.95016,49.69972,2
27870,4.95016,49.69972,2
27871,4.95016,49.69972,2
27872,4.95016,49.69972,2
27873,4.95016,49.69972,2
27874,4.95016,49.69972,2
27875,4.95016,49.69972,2
27876,4.95083,49.69953,2
27877,4.95083,49.69953,2
27878,4.95083,49.69953,2
27879,4.95083,49.69953,2
27880,4.95083,49.69953,2
27881,4.95083,49.69953,2
27882,4.95074,49.69955,2
27883,4.95027,49.69963,2
27884,4.95104,49.70066,2
27885,4.95051,49.70056,2
27886,4.95041,49.6995,2
27887,4.95138,49.7008,2
27888,4.95162,49.70051,2
27889,4.95033,49.69929,2
27890,4.95016,49.69972,2
27891,4.95033,49.69929,2
27892,4.95016,49.69972,2
27893,4.95033,49.69929,2
27894,4.95033,49.69929,2
27895,4.95104,49.69972,2
27896,4.95033,49.69929,2
27897,4.95076,49.70008,2
27898,4.95033,49.69929,2
27899,4.95005,49.6998,2
27900,4.95033,49.69929,2
27901,4.95007,49.6998,2
27902,4.95023,49.69953,2
27903,4.95017,49.69978,2
27904,4.95023,49.69953,2
27905,4.95036,49.69973,2
27906,4.95023,49.69953,2
27907,4.95065,49.69968,2
27908,4.95065,49.69968,2
27909,4.95023,49.69953,2
27910,4.9512,49.69958,2
27911,4.95023,49.69953,2
27912,4.95016,49.69972,2
27913,4.95023,49.69953,2
27914,4.95016,49.69972,2
27915,4.95083,49.69953,2
27916,4.95023,49.69953,2
27917,4.95083,49.69953,2
27918,4.95074,49.69955,2
27919,4.95023,49.69953,2
27920,4.95065,49.69956,2
27921,4.9502,49.69942,2
27922,4.95057,49.69957,2
27923,4.95048,49.69959,2
27924,4.9502,49.69942,2
27925,4.9502,49.69942,2
27926,4.95039,49.6996,2
27927,4.95016,49.69932,2
27928,4.95016,49.69932,2
27929,4.95033,49.69929,2
27930,4.95016,49.69932,2
27931,4.95023,49.69953,2
27932,4.95016,49.69932,2
27933,4.9503,49.69919,2
27934,4.9503,49.69919,2
27935,4.95057,49.699,2
27936,4.9503,49.69919,2
27937,4.95159,49.70033,2
27938,4.9503,49.69919,2
27939,4.95057,49.699,2
27940,4.9503,49.69919,2
27941,4.95224,49.70043,2
27942,4.95022,49.69898,2
27943,4.9525,49.70094,2
27944,4.95239,49.70136,2
27945,4.95022,49.69898,2
27946,4.95445,49.70264,2
27947,4.95022,49.69898,2
27948,4.95022,49.69898,2
27949,4.95142,49.70278,2
27950,4.95142,49.70278,2
27951,4.95022,49.69898,2
27952,4.95089,49.69983,2
27953,4.95022,49.69898,2
27954,4.95022,49.69898,2
27955,4.95022,49.69898,2
27956,4.95022,49.69898,2
27957,4.95018,49.69887,2
27958,4.9512,49.69958,2
27959,4.95018,49.69887,2
27960,4.9512,49.69958,2
27961,4.95018,49.69887,2
27962,4.95018,49.69887,2
27963,4.95057,49.699,2
27964,4.95057,49.699,2
27965,4.95057,49.699,2
27966,4.95057,49.699,2
27967,4.95112,49.69913,2
27968,4.95112,49.69913,2
27969,4.95112,49.69913,2
27970,4.95112,49.69913,2
27971,4.95112,49.69913,2
27972,4.95239,49.70012,2
27973,4.95239,49.70012,2
27974,4.95239,49.70012,2
27975,4.95379,49.70066,2
27976,4.95379,49.70066,2
27977,4.95394,49.70057,2
27978,4.95421,49.70074,2
27979,4.95464,49.70081,2
27980,4.95227,49.7006,2
27981,4.9523,49.70076,2
27982,4.95243,49.70046,2
27983,4.95247,49.70071,2
27984,4.95262,49.70084,2
27985,4.95298,49.70096,2
27986,4.95333,49.70107,2
27987,4.95368,49.70118,2
27988,4.95403,49.70129,2
27989,4.95476,49.70111,2
27990,4.95521,49.701,2
27991,4.9549,49.70118,2
27992,4.95479,49.70154,2
27993,4.95524,49.70171,2
27994,4.95569,49.70187,2
27995,4.9561,49.70218,2
27996,4.95435,49.70152,2
27997,4.95382,49.70135,2
27998,4.95356,49.70127,2
27999,4.95356,49.70127,2
28000,4.95329,49.70119,2
28001,4.95303,49.7011,2
28002,4.9525,49.70094,2
28003,4.9525,49.70094,2
28004,4.9525,49.70094,2
28005,4.9525,49.70094,2
28006,4.9525,49.70094,2
28007,4.9525,49.70094,2
28008,4.95256,49.7013,2
28009,4.95236,49.70115,2
28010,4.95239,49.70136,2
28011,4.95239,49.70136,2
28012,4.95239,49.70136,2
28013,4.95242,49.7019,2
28014,4.95242,49.7019,2
28015,4.95409,49.70144,2
28016,4.95422,49.70199,2
28017,4.95275,49.70161,2
28018,4.95448,49.70208,2
28019,4.95106,49.70069,2
28020,4.95366,49.70188,2
28021,4.95456,49.70224,2
28022,4.9548,49.70246,2
28023,4.95455,49.70276,2
28024,4.95411,49.70273,2
28025,4.95363,49.70257,2
28026,4.9526,49.70191,2
28027,4.95245,49.70225,2
28028,4.95224,49.70242,2
28029,4.95201,49.70254,2
28030,4.95195,49.70263,2
28031,4.9523,49.70266,2
28032,4.95219,49.70275,2
28033,4.95242,49.70288,2
28034,4.95266,49.70301,2
28035,4.95278,49.70292,2
28036,4.95301,49.70304,2
28037,4.9502,49.69942,2
28038,4.9502,49.69942,2
28039,4.9529,49.70313,2
28040,4.9502,49.69942,2
28041,4.9502,49.69942,2
28042,4.95314,49.70326,2
28043,4.9502,49.69942,2
28044,4.9502,49.69942,2
28045,4.95325,49.70317,2
28046,4.9502,49.69942,2
28047,4.95338,49.70338,2
28048,4.95338,49.70338,2
28049,4.95349,49.70329,2
28050,4.95349,49.70329,2
28051,4.95362,49.7035,2
28052,4.95374,49.70341,2
28053,4.95016,49.69972,2
28054,4.95422,49.70366,2
28055,4.95387,49.70363,2
28056,4.95411,49.70375,2
28057,4.95456,49.70378,2
28058,4.95499,49.70348,2
28059,4.95554,49.7031,2
28060,4.95581,49.7029,2
28061,4.95608,49.70271,2
28062,4.95608,49.70271,2
28063,4.95608,49.70271,2
28064,4.95608,49.70271,2
28065,4.95608,49.70271,2
28066,4.95608,49.70271,2
28067,4.95608,49.70271,2
28068,4.9548,49.70379,2
28069,4.95286,49.70413,2
28070,4.95314,49.70433,2
28071,4.95259,49.70393,2
28072,4.95231,49.70373,2
28073,4.95218,49.70381,2
28074,4.95301,49.70441,2
28075,4.95204,49.70353,2
28076,4.95176,49.70333,2
28077,4.95813,49.70438,2
28078,4.95176,49.70333,2
28079,4.95148,49.70313,2
28080,4.95142,49.70278,2
28081,4.95142,49.70278,2
28082,4.95142,49.70278,2
28083,4.95113,49.70289,2
28084,4.95142,49.70278,2
28085,4.95096,49.70298,2
28086,4.95142,49.70278,2
28087,4.95075,49.70313,2
28088,4.95804,49.70464,2
28089,4.95909,49.70479,2
28090,4.95053,49.70335,2
28091,4.95909,49.70479,2
28092,4.96192,49.70504,2
28093,4.95142,49.70278,2
28094,4.95867,49.70474,2
28095,4.95825,49.7047,2
28096,4.95042,49.70359,2
28097,4.9503,49.70384,2
28098,4.95142,49.70278,2
28099,4.95581,49.70308,2
28100,4.95526,49.70346,2
28101,4.95499,49.70427,2
28102,4.95012,49.69922,2
28103,4.95012,49.69922,2
28104,4.95551,49.70444,2
28105,4.95012,49.69922,2
28106,4.9552,49.70441,2
28107,4.95012,49.69922,2
28108,4.95588,49.70468,2
28109,4.95012,49.69922,2
28110,4.95541,49.70454,2
28111,4.95033,49.69929,2
28112,4.95012,49.69922,2
28113,4.95562,49.70468,2
28114,4.95033,49.69929,2
28115,4.95583,49.70481,2
28116,4.95033,49.69929,2
28117,4.95012,49.69922,2
28118,4.95622,49.70478,2
28119,4.95033,49.69929,2
28120,4.95628,49.70456,2
28121,4.95033,49.69929,2
28122,4.95654,49.70435,2
28123,4.95033,49.69929,2
28124,4.95681,49.70414,2
28125,4.95033,49.69929,2
28126,4.95708,49.70411,2
28127,4.95731,49.70393,2
28128,4.95734,49.70372,2
28129,4.95033,49.69929,2
28130,4.95734,49.70372,2
28131,4.95754,49.70375,2
28132,4.95803,49.70371,2
28133,4.95653,49.70342,2
28134,4.95574,49.70396,2
28135,4.95626,49.70353,2
28136,4.95527,49.7038,2
28137,4.95565,49.70411,2
28138,4.95584,49.70428,2
28139,4.95603,49.70444,2
28140,4.95638,49.70409,2
28141,4.95667,49.70386,2
28142,4.95635,49.70393,2
28143,4.95754,49.70375,2
28144,4.95741,49.70334,2
28145,4.95709,49.70315,2
28146,4.95765,49.70344,2
28147,4.95805,49.70397,2
28148,4.95801,49.70396,2
28149,4.95801,49.70396,2
28150,4.95792,49.70402,2
28151,4.95775,49.70413,2
28152,4.95112,49.69913,2
28153,4.95797,49.70431,2
28154,4.95786,49.70462,2
28155,4.95112,49.69913,2
28156,4.95808,49.70451,2
28157,4.95812,49.7048,2
28158,4.95854,49.70485,2
28159,4.95875,49.70487,2
28160,4.95951,49.70484,2
28161,4.95812,49.70515,2
28162,4.95812,49.70515,2
28163,4.95794,49.70501,2
28164,4.95899,49.70706,2
28165,4.95089,49.69983,2
28166,4.95818,49.70543,2
28167,4.96018,49.7062,2
28168,4.96092,49.70627,2
28169,4.96049,49.70628,2
28170,4.58778,49.55282,2
28171,4.61607,49.57465,2
28172,4.61607,49.57465,2
28173,4.616536,49.576862,2
28174,4.58951,49.54971,2
28175,4.58951,49.54971,2
28176,4.60556,49.5547,2
28177,4.61624,49.57456,2
28178,4.61624,49.57456,2
28179,4.61624,49.57456,2
28180,4.61624,49.57456,2
28181,4.61624,49.57456,2
28182,4.61624,49.57456,2
28183,4.615064,49.576081,2
28184,4.617275,49.575761,2
28185,4.60426,49.55271,2
28186,4.60426,49.55271,2
28187,4.60426,49.55271,2
28188,4.60426,49.55271,2
28189,4.60426,49.55271,2
28190,4.60426,49.55271,2
28191,4.58778,49.55282,2
28192,4.58778,49.55282,2
28193,4.58778,49.55282,2
28194,4.58778,49.55282,2
28195,4.58778,49.55282,2
28196,4.58415,49.55529,2
28197,4.58778,49.55282,2
28198,4.64241,49.57684,2
28199,4.58778,49.55282,2
28200,4.58951,49.54971,2
28201,4.60556,49.5547,2
28202,4.614583,49.577375,2
28203,4.61624,49.57456,2
28204,4.614596,49.577357,2
28205,4.614797,49.576275,2
28206,4.61624,49.57456,2
28207,4.615118,49.576359,2
28208,4.61624,49.57456,2
28209,4.616041,49.576593,2
28210,4.616313,49.576812,2
28211,4.616313,49.576812,2
28212,4.616313,49.576812,2
28213,4.616867,49.577143,2
28214,4.61624,49.57456,2
28215,4.616313,49.576812,2
28216,4.61624,49.57456,2
28217,4.616866,49.577134,2
28218,4.61624,49.57456,2
28219,4.616313,49.576812,2
28220,4.61624,49.57456,2
28221,4.58778,49.55282,2
28222,4.616954,49.575704,2
28223,4.616954,49.575704,2
28224,4.616954,49.575704,2
28225,4.61624,49.57456,2
28226,4.616954,49.575704,2
28227,4.61624,49.57456,2
28228,4.60426,49.55271,2
28229,4.615116,49.57599,2
28230,4.61624,49.57456,2
28231,4.61624,49.57456,2
28232,4.616608,49.574435,2
28233,4.61624,49.57456,2
28234,4.61624,49.57456,2
28235,4.617205,49.573875,2
28236,4.61624,49.57456,2
28237,4.61767,49.57083,2
28238,4.61767,49.57083,2
28239,4.61767,49.57083,2
28240,4.61624,49.57456,2
28241,4.61624,49.57456,2
28242,4.617433,49.575902,2
28243,4.61624,49.57456,2
28244,4.617281,49.571259,2
28245,4.61767,49.57083,2
28246,4.61624,49.57456,2
28247,4.617652,49.570902,2
28248,4.61624,49.57456,2
28249,4.61624,49.57456,2
28250,4.617427,49.571122,2
28251,4.61633,49.56545,2
28252,4.61633,49.56545,2
28253,4.61633,49.56545,2
28254,4.61633,49.56545,2
28255,4.61633,49.56545,2
28256,4.61633,49.56545,2
28257,4.66728,49.37217,2
28258,4.66849,49.37181,2
28259,4.66686,49.37161,2
28260,4.66763,49.37093,2
28261,4.66752,49.37094,2
28262,4.66849,49.37181,2
28263,4.66798,49.37181,2
28264,4.6673,49.37189,2
28265,4.66728,49.37212,2
28266,4.66815,49.37243,2
28267,4.66849,49.37181,2
28268,4.66728,49.37217,2
28269,4.66769,49.37096,2
28270,4.67162,49.36748,2
28271,4.66849,49.37181,2
28272,4.66762,49.37175,2
28273,4.66766,49.37164,2
28274,4.66728,49.37217,2
28275,4.66803,49.37169,2
28276,4.66899,49.37191,2
28277,4.66784,49.37244,2
28278,4.669,49.37205,2
28279,4.66897,49.37245,2
28280,4.6688,49.37198,2
28281,4.66728,49.37217,2
28282,4.66883,49.37236,2
28283,4.66783,49.37231,2
28284,4.6675,49.37183,2
28285,4.6676,49.37201,2
28286,4.66802,49.37189,2
28287,4.66728,49.37217,2
28288,4.66739,49.37213,2
28289,4.66728,49.37212,2
28290,4.66734,49.37173,2
28291,4.66725,49.37203,2
28292,4.66718,49.37217,2
28293,4.66728,49.37212,2
28294,4.66728,49.37212,2
28295,4.66728,49.37212,2
28296,4.66728,49.37212,2
28297,4.667188,49.372499,2
28298,4.66728,49.37212,2
28299,4.66676,49.37384,2
28300,4.66728,49.37212,2
28301,4.66728,49.37212,2
28302,4.654846,49.364946,2
28303,4.63938,49.54123,2
28304,4.63981,49.54205,2
28305,4.63981,49.54205,2
28306,4.63981,49.54205,2
28307,4.63981,49.54205,2
28308,4.63981,49.54205,2
28309,4.63981,49.54205,2
28310,4.63981,49.54205,2
28311,4.63938,49.54123,2
28312,4.63938,49.54123,2
28313,4.63938,49.54123,2
28314,4.63938,49.54123,2
28315,4.63938,49.54123,2
28316,4.63757,49.53991,2
28317,4.637774,49.541246,2
28318,4.63778,49.54165,2
28319,4.637774,49.541246,2
28320,4.63834,49.54202,2
28321,4.63834,49.54202,2
28322,4.63834,49.54202,2
28323,4.63834,49.54202,2
28324,4.63778,49.54165,2
28325,4.63778,49.54165,2
28326,4.63739,49.54014,2
28327,4.63757,49.53991,2
28328,4.63757,49.53991,2
28329,4.63757,49.53991,2
28330,4.63757,49.53991,2
28331,4.63757,49.53991,2
28332,4.63757,49.53991,2
28333,4.63757,49.53991,2
28334,4.63741,49.53975,2
28335,4.63757,49.53991,2
28336,4.63738,49.538935,2
28337,4.63757,49.53991,2
28338,4.63757,49.53991,2
28339,4.63737,49.53957,2
28340,4.63735,49.53939,2
28341,4.63757,49.53991,2
28342,4.63749,49.53886,2
28343,4.63761,49.53869,2
28344,4.63773,49.53853,2
28345,4.63784,49.53836,2
28346,4.63796,49.5382,2
28347,4.63757,49.53991,2
28348,4.63904,49.53697,2
28349,4.63757,49.53991,2
28350,4.63757,49.53991,2
28351,4.637693,49.538524,2
28352,4.63757,49.53991,2
28353,4.63757,49.53991,2
28354,4.63807,49.53803,2
28355,4.63757,49.53991,2
28356,4.63757,49.53991,2
28357,4.63757,49.53991,2
28358,4.63757,49.53991,2
28359,4.63757,49.53991,2
28360,4.63804,49.53781,2
28361,4.63804,49.53781,2
28362,4.63804,49.53781,2
28363,4.63804,49.53781,2
28364,4.63804,49.53781,2
28365,4.63804,49.53781,2
28366,4.63804,49.53781,2
28367,4.63804,49.53781,2
28368,4.63804,49.53781,2
28369,4.63904,49.53697,2
28370,4.63904,49.53697,2
28371,4.63904,49.53697,2
28372,4.63904,49.53697,2
28373,4.63904,49.53697,2
28374,4.63904,49.53697,2
28375,4.63757,49.53991,2
28376,4.63904,49.53697,2
28377,4.63904,49.53697,2
28378,4.63774,49.53862,2
28379,4.63904,49.53697,2
28380,4.63904,49.53697,2
28381,4.63904,49.53697,2
28382,4.63904,49.53697,2
28383,4.63904,49.53697,2
28384,4.64189,49.53292,2
28385,4.63904,49.53697,2
28386,4.64189,49.53292,2
28387,4.64189,49.53292,2
28388,4.64189,49.53292,2
28389,4.63774,49.53727,2
28390,4.63904,49.53697,2
28391,4.61672,49.5441,2
28392,4.63981,49.54205,2
28393,4.63981,49.54205,2
28394,4.610634,49.532082,2
28395,4.610634,49.532082,2
28396,4.64189,49.53292,2
28397,4.63739,49.54014,2
28398,4.63804,49.53781,2
28399,4.63938,49.54123,2
28400,4.63834,49.54202,2
28401,4.63834,49.54202,2
28402,4.63757,49.53991,2
28403,4.63739,49.53921,2
28404,4.64189,49.53292,2
28405,4.63949,49.5351,2
28406,4.64189,49.53292,2
28407,4.63757,49.53991,2
28408,4.63981,49.54205,2
28409,4.63904,49.53697,2
28410,4.63757,49.53991,2
28411,4.655693,49.388566,2
28412,4.655693,49.388566,2
28413,4.655693,49.388566,2
28414,4.655641,49.388639,2
28415,4.65655,49.38938,2
28416,4.65655,49.38938,2
28417,4.65603,49.38915,2
28418,4.65474,49.392,2
28419,4.655641,49.388639,2
28420,4.65474,49.392,2
28421,4.65387,49.39201,2
28422,4.65521,49.3922,2
28423,4.65525,49.3914,2
28424,4.65547,49.39083,2
28425,4.65789,49.38986,2
28426,4.65474,49.392,2
28427,4.65573,49.39234,2
28428,4.65573,49.39234,2
28429,4.65716,49.39256,2
28430,4.65788,49.39266,2
28431,4.65629,49.39233,2
28432,4.65424,49.39297,2
28433,4.6544,49.39241,2
28434,4.654,49.39124,2
28435,4.65561,49.39096,2
28436,4.6558,49.39101,2
28437,4.65576,49.39069,2
28438,4.65564,49.39058,2
28439,4.65604,49.39027,2
28440,4.6559,49.39048,2
28441,4.65617,49.39005,2
28442,4.6563,49.38957,2
28443,4.65645,49.38937,2
28444,4.65661,49.38912,2
28445,4.65557,49.3879,2
28446,4.656,49.38921,2
28447,4.65607,49.3891,2
28448,4.65679,49.38882,2
28449,4.65698,49.38852,2
28450,4.65677,49.38917,2
28451,4.65716,49.38825,2
28452,4.65696,49.38887,2
28453,4.65715,49.38857,2
28454,4.6575,49.38806,2
28455,4.65655,49.38938,2
28456,4.65672,49.3896,2
28457,4.65941,49.3903,2
28458,4.65886,49.39018,2
28459,4.6581,49.38985,2
28460,4.6581,49.38985,2
28461,4.65645,49.38963,2
28462,4.65779,49.38989,2
28463,4.65726,49.38975,2
28464,4.65474,49.392,2
28465,4.71395,49.74638,2
28466,4.71404,49.74639,2
28467,4.71248,49.74617,2
28468,4.71887,49.74801,2
28469,4.71813,49.74799,2
28470,4.71887,49.74801,2
28471,4.71594,49.74645,2
28472,4.71402,49.74689,2
28473,4.71213,49.74544,2
28474,4.72269,49.77433,2
28475,4.72269,49.77433,2
28476,4.72498,49.77087,2
28477,4.727358,49.775357,2
28478,4.725916,49.775386,2
28479,4.72269,49.77433,2
28480,4.722072,49.775641,2
28481,4.72224,49.77328,2
28482,4.72224,49.77328,2
28483,4.72091,49.77232,2
28484,4.72235,49.77282,2
28485,4.72284,49.77414,2
28486,4.72284,49.77414,2
28487,4.72198,49.77246,2
28488,4.72198,49.77246,2
28489,4.72105,49.77234,2
28490,4.725932,49.77366,2
28491,4.72268,49.77385,2
28492,4.72091,49.77232,2
28493,4.72498,49.77087,2
28494,4.72757,49.77526,2
28495,4.72369,49.77297,2
28496,4.72369,49.77297,2
28497,4.72294,49.77312,2
28498,4.72475,49.77273,2
28499,4.72562,49.77253,2
28500,4.72294,49.77312,2
28501,4.623177,49.805581,2
28502,4.62502,49.81273,2
28503,4.613667,49.809236,2
28504,4.61269,49.81066,2
28505,4.612346,49.810114,2
28506,4.61269,49.81066,2
28507,4.613,49.81046,2
28508,4.613,49.81046,2
28509,4.61269,49.81066,2
28510,4.598172,49.822883,2
28511,4.613,49.81046,2
28512,4.61269,49.81066,2
28513,4.62502,49.81273,2
28514,4.613,49.81046,2
28515,4.61269,49.81066,2
28516,4.613,49.81046,2
28517,4.62805,49.93801,2
28518,4.62965,49.93872,2
28519,4.62896,49.93855,2
28520,4.63228,49.93974,2
28521,4.6335,49.94211,2
28522,4.62965,49.93872,2
28523,4.62965,49.93872,2
28524,4.63295,49.94017,2
28525,4.63372,49.94047,2
28526,4.63233,49.93877,2
28527,4.2735,49.90505,2
28528,4.27623,49.90508,2
28529,4.28129,49.90611,2
28530,4.27973,49.90397,2
28531,4.28129,49.90611,2
28532,4.2815,49.90402,2
28533,4.281886,49.904924,2
28534,4.281182,49.90613,2
28535,4.297862,49.917852,2
28536,4.28607,49.913937,2
28537,4.28031,49.90338,2
28538,4.28171,49.904676,2
28539,4.281349,49.903613,2
28540,4.28207,49.900638,2
28541,4.297518,49.917588,2
28542,4.284407,49.91047,2
28543,4.28445,49.910505,2
28544,4.63259,49.38625,2
28545,4.63082,49.38411,2
28546,4.63259,49.38625,2
28547,4.63082,49.38411,2
28548,4.63082,49.38411,2
28549,4.62571,49.36164,2
28550,4.62355,49.36136,2
28551,4.62355,49.36043,2
28552,4.62507,49.55742,2
28553,4.62952,49.56379,2
28554,4.626652,49.557757,2
28555,4.62507,49.55742,2
28556,4.62507,49.55742,2
28557,4.62507,49.55742,2
28558,4.6165,49.55288,2
28559,4.61304,49.54589,2
28560,4.60824,49.55675,2
28561,4.61304,49.54589,2
28562,4.6165,49.55288,2
28563,4.62528,49.5574,2
28564,4.616065,49.544299,2
28565,4.64202,49.39715,2
28566,4.641443,49.396532,2
28567,4.64202,49.39715,2
28568,4.642838,49.396622,2
28569,4.95102,49.70098,2
28570,4.95102,49.70098,2
28571,4.95016,49.69972,2
28572,4.95098,49.70006,2
28573,4.95154,49.70266,2
28574,4.95083,49.69967,2
28575,4.61607,49.57465,2
28576,4.61607,49.57465,2
28577,4.60426,49.55271,2
28578,4.58778,49.55282,2
28579,4.61624,49.57456,2
28580,4.615001,49.576514,2
28581,4.61624,49.57456,2
28582,4.616041,49.576593,2
28583,4.61624,49.57456,2
28584,4.61624,49.57456,2
28585,4.61624,49.57456,2
28586,4.61633,49.56545,2
28587,4.61624,49.57456,2
28588,4.61624,49.57456,2
28589,4.616286,49.576516,2
28590,4.66849,49.37181,2
28591,4.66849,49.37181,2
28592,4.66763,49.37093,2
28593,4.66728,49.37217,2
28594,4.66849,49.37181,2
28595,4.656303,49.36552,2
28596,4.63739,49.54014,2
28597,4.63739,49.54014,2
28598,4.63757,49.53991,2
28599,4.638057,49.538032,2
28600,4.63804,49.53781,2
28601,4.610873,49.532194,2
28602,4.63804,49.53781,2
28603,4.65474,49.392,2
28604,4.65474,49.392,2
28605,4.65655,49.38938,2
28606,4.65474,49.392,2
28607,4.65789,49.38986,2
