"ID","Longitude","Latitude","ServiceTime (min)"
99390,4.22669,49.75516,2
99391,4.232791,49.759452,2
99392,4.22684,49.75509,2
99393,4.229088,49.756456,2
99394,4.229116,49.756465,2
99395,4.229116,49.756465,2
99396,4.23001,49.757008,2
99397,4.230369,49.757343,2
99398,4.230312,49.75729,2
99399,4.23258,49.75919,2
99400,4.231332,49.758253,2
99401,4.23281,49.75944,2
99402,4.234317,49.760587,2
99403,4.232748,49.759417,2
99404,4.23189,49.758721,2
99405,4.23302,49.759646,2
99406,4.234317,49.760587,2
99407,4.22599,49.76809,2
99408,4.22705,49.76746,2
99409,4.22502,49.76363,2
99410,4.22696,49.76748,2
99411,4.22696,49.76627,2
99412,4.22705,49.76746,2
99413,4.22652,49.76523,2
99414,4.225577,49.764218,2
99415,4.225577,49.764218,2
99416,4.22502,49.76363,2
99417,4.22705,49.76746,2
99418,4.22338,49.76342,2
99419,4.22502,49.76363,2
99420,4.224915,49.76394,2
99421,4.2236,49.7635,2
99422,4.22382,49.76357,2
99423,4.22403,49.76365,2
99424,4.22268,49.76299,2
99425,4.22272,49.76293,2
99426,4.2245,49.76367,2
99427,4.22502,49.76363,2
99428,4.22514,49.76352,2
99429,4.22502,49.76363,2
99430,4.22572,49.7633,2
99431,4.22502,49.76363,2
99432,4.22666,49.7626,2
99433,4.226419,49.762992,2
99434,4.22689,49.76246,2
99435,4.22701,49.76397,2
99436,4.22502,49.76363,2
99437,4.22822,49.76215,2
99438,4.22673,49.76289,2
99439,4.22777,49.7645,2
99440,4.2285,49.76433,2
99441,4.233903,49.760288,2
99442,4.23258,49.75919,2
99443,4.231976,49.758791,2
99444,4.226727,49.755226,2
99445,4.233519,49.760007,2
99446,4.23258,49.75919,2
99447,4.22502,49.76363,2
99448,4.22272,49.76293,2
99449,4.21563,49.76771,2
99450,4.73592,49.85856,2
99451,4.73669,49.85979,2
99452,4.74046,49.86513,2
99453,4.74044,49.86496,2
99454,4.74066,49.86712,2
99455,4.73941,49.86372,2
99456,4.73973,49.86415,2
99457,4.74023,49.86485,2
99458,4.73973,49.86415,2
99459,4.73973,49.86415,2
99460,4.73666,49.85996,2
99461,4.73973,49.86415,2
99462,4.73912,49.86338,2
99463,4.73992,49.86415,2
99464,4.73981,49.86399,2
99465,4.73992,49.86415,2
99466,4.73879,49.86305,2
99467,4.73861,49.8629,2
99468,4.73992,49.86415,2
99469,4.7397,49.86383,2
99470,4.73842,49.86275,2
99471,4.73824,49.86259,2
99472,4.73914,49.86316,2
99473,4.73888,49.86294,2
99474,4.73863,49.86273,2
99475,4.73811,49.8623,2
99476,4.73787,49.86208,2
99477,4.73837,49.86252,2
99478,4.73737,49.8618,2
99479,4.73724,49.86163,2
99480,4.73737,49.8618,2
99481,4.73709,49.86126,2
99482,4.73709,49.86126,2
99483,4.73709,49.86126,2
99484,4.73709,49.86126,2
99485,4.73709,49.86126,2
99486,4.73709,49.86126,2
99487,4.73709,49.86126,2
99488,4.73717,49.86144,2
99489,4.73709,49.86126,2
99490,4.73709,49.86126,2
99491,4.73709,49.86126,2
99492,4.73709,49.86126,2
99493,4.73702,49.86107,2
99494,4.73709,49.86126,2
99495,4.73709,49.86126,2
99496,4.73695,49.86088,2
99497,4.73709,49.86126,2
99498,4.73709,49.86126,2
99499,4.73709,49.86126,2
99500,4.73764,49.86186,2
99501,4.73742,49.86163,2
99502,4.73732,49.86137,2
99503,4.73722,49.86111,2
99504,4.73712,49.86085,2
99505,4.73702,49.86058,2
99506,4.73702,49.86058,2
99507,4.73693,49.86032,2
99508,4.73684,49.86011,2
99509,4.73677,49.85995,2
99510,4.73665,49.85946,2
99511,4.73667,49.86014,2
99512,4.73667,49.86014,2
99513,4.73652,49.85983,2
99514,4.74046,49.86513,2
99515,4.74046,49.86513,2
99516,4.73647,49.85947,2
99517,4.74046,49.86513,2
99518,4.73661,49.85895,2
99519,4.74046,49.86513,2
99520,4.7367,49.85868,2
99521,4.74046,49.86513,2
99522,4.73683,49.85884,2
99523,4.74046,49.86513,2
99524,4.73695,49.8585,2
99525,4.74046,49.86513,2
99526,4.73695,49.8585,2
99527,4.73705,49.85821,2
99528,4.73908,49.85748,2
99529,4.73705,49.85821,2
99530,4.73695,49.8585,2
99531,4.73678,49.85845,2
99532,4.73716,49.85793,2
99533,4.73701,49.85783,2
99534,4.73712,49.85764,2
99535,4.73711,49.85807,2
99536,4.73736,49.85758,2
99537,4.73746,49.85754,2
99538,4.73746,49.85754,2
99539,4.73746,49.85754,2
99540,4.73765,49.85746,2
99541,4.73789,49.85745,2
99542,4.73891,49.85734,2
99543,4.73884,49.85747,2
99544,4.73854,49.8573,2
99545,4.73884,49.85747,2
99546,4.73884,49.85747,2
99547,4.73908,49.85748,2
99548,4.73891,49.85734,2
99549,4.73854,49.8573,2
99550,4.73854,49.8573,2
99551,4.73666,49.85996,2
99552,4.73803,49.85729,2
99553,4.73803,49.85729,2
99554,4.73777,49.85732,2
99555,4.73746,49.8574,2
99556,4.73746,49.8574,2
99557,4.73726,49.85749,2
99558,4.73666,49.85996,2
99559,4.73709,49.85756,2
99560,4.73701,49.85774,2
99561,4.73685,49.85766,2
99562,4.73663,49.85778,2
99563,4.73644,49.85792,2
99564,4.73593,49.85836,2
99565,4.73575,49.85872,2
99566,4.73566,49.85889,2
99567,4.73557,49.85907,2
99568,4.73562,49.85925,2
99569,4.73566,49.85944,2
99570,4.73584,49.8589,2
99571,4.73643,49.85979,2
99572,4.73621,49.85965,2
99573,4.73657,49.85876,2
99574,4.73657,49.85876,2
99575,4.73657,49.85876,2
99576,4.73657,49.85876,2
99577,4.73657,49.85876,2
99578,4.73657,49.85876,2
99579,4.73657,49.85876,2
99580,4.73657,49.85876,2
99581,4.73657,49.85876,2
99582,4.73657,49.85876,2
99583,4.73657,49.85876,2
99584,4.73607,49.8582,2
99585,4.73657,49.85876,2
99586,4.73657,49.85876,2
99587,4.73657,49.85876,2
99588,4.73657,49.85876,2
99589,4.73657,49.85876,2
99590,4.73657,49.85876,2
99591,4.73657,49.85876,2
99592,4.73657,49.85876,2
99593,4.73657,49.85876,2
99594,4.73657,49.85876,2
99595,4.73657,49.85876,2
99596,4.73657,49.85876,2
99597,4.73657,49.85876,2
99598,4.73657,49.85876,2
99599,4.73657,49.85876,2
99600,4.73657,49.85876,2
99601,4.73657,49.85876,2
99602,4.73657,49.85876,2
99603,4.73657,49.85876,2
99604,4.73628,49.85891,2
99605,4.73628,49.85891,2
99606,4.73628,49.85891,2
99607,4.73628,49.85891,2
99608,4.73628,49.85891,2
99609,4.73628,49.85891,2
99610,4.73666,49.85996,2
99611,4.73973,49.86415,2
99612,4.73657,49.85876,2
99613,4.73657,49.85876,2
99614,4.73657,49.85876,2
99615,4.73657,49.85876,2
99616,4.73657,49.85876,2
99617,4.73628,49.85891,2
99618,4.73731,49.85765,2
99619,4.74046,49.86513,2
99620,4.73926,49.86355,2
99621,4.73954,49.86363,2
99622,4.73805,49.86244,2
99623,4.73737,49.8618,2
99624,4.73709,49.86126,2
99625,4.73709,49.86126,2
99626,4.73709,49.86126,2
99627,4.73674,49.86031,2
99628,4.73756,49.8575,2
99629,4.73765,49.85746,2
99630,4.73836,49.85745,2
99631,4.73607,49.8582,2
99632,4.73562,49.85925,2
99633,4.73659,49.85999,2
99634,4.73657,49.85876,2
99635,4.73731,49.85765,2
99636,4.18042,49.77045,2
99637,4.17925,49.76824,2
99638,4.17925,49.76824,2
99639,4.17925,49.76824,2
99640,4.17925,49.76824,2
99641,4.17925,49.76824,2
99642,4.17925,49.76824,2
99643,4.17925,49.76824,2
99644,4.17925,49.76824,2
99645,4.17882,49.76755,2
99646,4.17848,49.76755,2
99647,4.17871,49.76743,2
99648,4.17815,49.76743,2
99649,4.17759,49.76745,2
99650,4.1783,49.76749,2
99651,4.17908,49.768,2
99652,4.17835,49.76777,2
99653,4.17835,49.76777,2
99654,4.17696,49.76919,2
99655,4.18152,49.77013,2
99656,4.18869,49.77657,2
99657,4.18869,49.77657,2
99658,4.18613,49.77403,2
99659,4.18149,49.76315,2
99660,4.17973,49.76981,2
99661,4.18149,49.76315,2
99662,4.1828,49.76869,2
99663,4.18105,49.76906,2
99664,4.1799,49.77942,2
99665,4.18414,49.77503,2
99666,4.1799,49.77942,2
99667,4.18613,49.77403,2
99668,4.1732,49.76347,2
99669,4.1828,49.76869,2
99670,4.18042,49.77045,2
99671,4.18888,49.77669,2
99672,4.18613,49.77403,2
99673,4.18784,49.77586,2
99674,4.18645,49.77498,2
99675,4.1854,49.77431,2
99676,4.18564,49.77446,2
99677,4.18491,49.77399,2
99678,4.18515,49.77415,2
99679,4.18443,49.77367,2
99680,4.18467,49.77383,2
99681,4.18869,49.77657,2
99682,4.18633,49.77507,2
99683,4.17817,49.76984,2
99684,4.18478,49.77407,2
99685,4.18613,49.77403,2
99686,4.18363,49.7733,2
99687,4.18384,49.77344,2
99688,4.18384,49.77327,2
99689,4.18341,49.77316,2
99690,4.18336,49.77296,2
99691,4.18609,49.77391,2
99692,4.18259,49.77225,2
99693,4.18319,49.77302,2
99694,4.18953,49.77694,2
99695,4.183,49.77287,2
99696,4.18267,49.77254,2
99697,4.18283,49.77271,2
99698,4.1818,49.7714,2
99699,4.18211,49.77196,2
99700,4.18257,49.77145,2
99701,4.18233,49.77221,2
99702,4.1825,49.77238,2
99703,4.18257,49.7716,2
99704,4.18251,49.77184,2
99705,4.18214,49.77139,2
99706,4.18171,49.77119,2
99707,4.18135,49.77102,2
99708,4.1813,49.77086,2
99709,4.18072,49.77061,2
99710,4.18192,49.77114,2
99711,4.18201,49.77065,2
99712,4.18106,49.7709,2
99713,4.18077,49.77077,2
99714,4.18181,49.77078,2
99715,4.18034,49.76984,2
99716,4.18189,49.77083,2
99717,4.18189,49.77083,2
99718,4.18189,49.77083,2
99719,4.18189,49.77083,2
99720,4.18189,49.77083,2
99721,4.18189,49.77083,2
99722,4.18189,49.77083,2
99723,4.18189,49.77083,2
99724,4.18219,49.77134,2
99725,4.18326,49.76924,2
99726,4.1806,49.77036,2
99727,4.18072,49.77019,2
99728,4.18084,49.77003,2
99729,4.18072,49.76984,2
99730,4.18079,49.7697,2
99731,4.18083,49.76956,2
99732,4.18086,49.76928,2
99733,4.18085,49.7694,2
99734,4.18103,49.76943,2
99735,4.18096,49.76972,2
99736,4.18096,49.76972,2
99737,4.18102,49.7699,2
99738,4.18139,49.76998,2
99739,4.18152,49.77013,2
99740,4.18213,49.77013,2
99741,4.18242,49.77008,2
99742,4.19018,49.77034,2
99743,4.18266,49.7702,2
99744,4.18521,49.77035,2
99745,4.18747,49.77035,2
99746,4.19286,49.77009,2
99747,4.19017,49.77022,2
99748,4.19538,49.76999,2
99749,4.18334,49.77024,2
99750,4.18311,49.76981,2
99751,4.18236,49.76932,2
99752,4.18237,49.76925,2
99753,4.18302,49.76975,2
99754,4.1906,49.77778,2
99755,4.18326,49.76924,2
99756,4.1833,49.76903,2
99757,4.18334,49.76883,2
99758,4.1828,49.76869,2
99759,4.1828,49.76869,2
99760,4.1828,49.76869,2
99761,4.1828,49.76869,2
99762,4.18448,49.76864,2
99763,4.1828,49.76869,2
99764,4.18283,49.76863,2
99765,4.1828,49.76869,2
99766,4.18217,49.7686,2
99767,4.18252,49.76976,2
99768,4.1825,49.76933,2
99769,4.18234,49.76974,2
99770,4.18221,49.76931,2
99771,4.18156,49.76936,2
99772,4.18202,49.7692,2
99773,4.18178,49.76922,2
99774,4.18153,49.76925,2
99775,4.18129,49.76927,2
99776,4.18105,49.76929,2
99777,4.18104,49.76926,2
99778,4.18087,49.76913,2
99779,4.18085,49.76946,2
99780,4.18088,49.76897,2
99781,4.18111,49.76791,2
99782,4.18107,49.76885,2
99783,4.18089,49.76882,2
99784,4.18111,49.76791,2
99785,4.18119,49.76858,2
99786,4.18182,49.7686,2
99787,4.18133,49.76656,2
99788,4.18151,49.76859,2
99789,4.18118,49.76791,2
99790,4.18111,49.76791,2
99791,4.18111,49.76791,2
99792,4.18111,49.76791,2
99793,4.18181,49.77078,2
99794,4.18042,49.77045,2
99795,4.18111,49.76791,2
99796,4.18072,49.77019,2
99797,4.18111,49.76791,2
99798,4.18111,49.76791,2
99799,4.18155,49.76427,2
99800,4.18111,49.76791,2
99801,4.18111,49.76791,2
99802,4.18111,49.76791,2
99803,4.18111,49.76791,2
99804,4.181392,49.763685,2
99805,4.18149,49.76315,2
99806,4.18896,49.77657,2
99807,4.18149,49.76315,2
99808,4.18111,49.76791,2
99809,4.18149,49.76315,2
99810,4.18137,49.76426,2
99811,4.18125,49.76537,2
99812,4.18118,49.76613,2
99813,4.18125,49.76537,2
99814,4.18115,49.76655,2
99815,4.18112,49.76696,2
99816,4.181,49.7679,2
99817,4.18096,49.76839,2
99818,4.18026,49.76884,2
99819,4.17883,49.7667,2
99820,4.17925,49.76849,2
99821,4.18396,49.77027,2
99822,4.17925,49.76824,2
99823,4.1732,49.76347,2
99824,4.1732,49.76347,2
99825,4.1732,49.76347,2
99826,4.17813,49.76755,2
99827,4.17779,49.76755,2
99828,4.17868,49.7687,2
99829,4.17897,49.76868,2
99830,4.17838,49.76872,2
99831,4.17749,49.76876,2
99832,4.17939,49.76881,2
99833,4.17925,49.76824,2
99834,4.17925,49.76824,2
99835,4.17925,49.76824,2
99836,4.17925,49.76824,2
99837,4.17925,49.76824,2
99838,4.1732,49.76347,2
99839,4.17925,49.76824,2
99840,4.17925,49.76824,2
99841,4.18072,49.77019,2
99842,4.1732,49.76347,2
99843,4.18,49.76972,2
99844,4.17925,49.76824,2
99845,4.17973,49.76981,2
99846,4.18034,49.76984,2
99847,4.17985,49.76993,2
99848,4.1885,49.77645,2
99849,4.17985,49.76993,2
99850,4.18771,49.77595,2
99851,4.17953,49.77013,2
99852,4.18613,49.77403,2
99853,4.17817,49.76984,2
99854,4.18867,49.77639,2
99855,4.18609,49.77391,2
99856,4.17965,49.77025,2
99857,4.17817,49.76984,2
99858,4.178109,49.769896,2
99859,4.1805,49.7705,2
99860,4.17746,49.77035,2
99861,4.18072,49.76984,2
99862,4.17918,49.77035,2
99863,4.18048,49.7698,2
99864,4.17812,49.7699,2
99865,4.18096,49.76972,2
99866,4.17812,49.7699,2
99867,4.18217,49.7686,2
99868,4.17817,49.76984,2
99869,4.17817,49.76984,2
99870,4.18111,49.76791,2
99871,4.17817,49.76984,2
99872,4.18111,49.76791,2
99873,4.17817,49.76984,2
99874,4.18111,49.76791,2
99875,4.17817,49.76984,2
99876,4.18105,49.76742,2
99877,4.17817,49.76984,2
99878,4.180962,49.767868,2
99879,4.18046,49.77084,2
99880,4.18038,49.76877,2
99881,4.18058,49.7709,2
99882,4.1732,49.76347,2
99883,4.18069,49.77097,2
99884,4.1799,49.77942,2
99885,4.178525,49.768749,2
99886,4.1799,49.77942,2
99887,4.179595,49.7692,2
99888,4.1799,49.77942,2
99889,4.17925,49.76824,2
99890,4.1799,49.77942,2
99891,4.18034,49.76984,2
99892,4.1799,49.77942,2
99893,4.17963,49.76997,2
99894,4.18062,49.771448,2
99895,4.17684,49.76928,2
99896,4.18062,49.771448,2
99897,4.17986,49.7706,2
99898,4.1799,49.77942,2
99899,4.17817,49.76984,2
99900,4.1799,49.77942,2
99901,4.1799,49.77942,2
99902,4.1799,49.77942,2
99903,4.179329,49.783692,2
99904,4.1799,49.77942,2
99905,4.1799,49.77942,2
99906,4.19162,49.75799,2
99907,4.1799,49.77942,2
99908,4.19179,49.75794,2
99909,4.17808,49.76873,2
99910,4.200865,49.767959,2
99911,4.1799,49.77942,2
99912,4.1799,49.77942,2
99913,4.18042,49.77045,2
99914,4.1799,49.77942,2
99915,4.18058,49.77221,2
99916,4.1799,49.77942,2
99917,4.18069,49.7712,2
99918,4.180386,49.773805,2
99919,4.18037,49.77424,2
99920,4.18034,49.77475,2
99921,4.180284,49.774821,2
99922,4.180284,49.774821,2
99923,4.18042,49.77558,2
99924,4.1806,49.77379,2
99925,4.18042,49.77045,2
99926,4.18086,49.77136,2
99927,4.1799,49.77942,2
99928,4.1799,49.77942,2
99929,4.1799,49.77942,2
99930,4.1799,49.77942,2
99931,4.1799,49.77942,2
99932,4.1799,49.77942,2
99933,4.1799,49.77942,2
99934,4.180507,49.772554,2
99935,4.180507,49.772554,2
99936,4.180581,49.771907,2
99937,4.1799,49.77942,2
99938,4.180622,49.77152,2
99939,4.1799,49.77942,2
99940,4.18183,49.77163,2
99941,4.19162,49.75799,2
99942,4.19257,49.75902,2
99943,4.18105,49.76906,2
99944,4.19275,49.75902,2
99945,4.69205,49.76145,2
99946,4.69205,49.76145,2
99947,4.69205,49.76145,2
99948,4.69205,49.76145,2
99949,4.69205,49.76145,2
99950,4.69205,49.76145,2
99951,4.69205,49.76145,2
99952,4.69213,49.76165,2
99953,4.69213,49.76165,2
99954,4.69213,49.76165,2
99955,4.69213,49.76165,2
99956,4.69213,49.76165,2
99957,4.69073,49.76399,2
99958,4.69213,49.76165,2
99959,4.69073,49.76399,2
99960,4.69213,49.76165,2
99961,4.69073,49.76399,2
99962,4.69213,49.76165,2
99963,4.69073,49.76399,2
99964,4.69213,49.76165,2
99965,4.69073,49.76399,2
99966,4.69213,49.76165,2
99967,4.69073,49.76399,2
99968,4.69225,49.76183,2
99969,4.69073,49.76399,2
99970,4.69225,49.76183,2
99971,4.69073,49.76399,2
99972,4.69225,49.76183,2
99973,4.69073,49.76399,2
99974,4.69225,49.76183,2
99975,4.69073,49.76399,2
99976,4.69225,49.76183,2
99977,4.69073,49.76399,2
99978,4.69225,49.76183,2
99979,4.69073,49.76399,2
99980,4.69225,49.76183,2
99981,4.69073,49.76399,2
99982,4.69225,49.76183,2
99983,4.69073,49.76399,2
99984,4.69225,49.76183,2
99985,4.69073,49.76399,2
99986,4.69225,49.76183,2
99987,4.69073,49.76399,2
99988,4.69237,49.76201,2
99989,4.69073,49.76399,2
99990,4.69248,49.7622,2
99991,4.69073,49.76399,2
99992,4.69261,49.76239,2
99993,4.69073,49.76399,2
99994,4.69261,49.76239,2
99995,4.69055,49.76371,2
99996,4.69261,49.76239,2
99997,4.69055,49.76371,2
99998,4.69261,49.76239,2
99999,4.69055,49.76371,2
100000,4.69261,49.76239,2
100001,4.69055,49.76371,2
100002,4.69261,49.76239,2
100003,4.69055,49.76371,2
100004,4.69261,49.76239,2
100005,4.69055,49.76371,2
100006,4.69261,49.76239,2
100007,4.69055,49.76371,2
100008,4.69274,49.76259,2
100009,4.69055,49.76371,2
100010,4.69274,49.76259,2
100011,4.69055,49.76371,2
100012,4.69274,49.76259,2
100013,4.69055,49.76371,2
100014,4.69274,49.76259,2
100015,4.69055,49.76371,2
100016,4.69274,49.76259,2
100017,4.69055,49.76371,2
100018,4.69274,49.76259,2
100019,4.69055,49.76371,2
100020,4.69274,49.76259,2
100021,4.69055,49.76371,2
100022,4.69274,49.76259,2
100023,4.69055,49.76371,2
100024,4.69287,49.7628,2
100025,4.69055,49.76371,2
100026,4.69287,49.7628,2
100027,4.69055,49.76371,2
100028,4.69287,49.7628,2
100029,4.69055,49.76371,2
100030,4.69287,49.7628,2
100031,4.69033,49.76339,2
100032,4.69287,49.7628,2
100033,4.69033,49.76339,2
100034,4.69287,49.7628,2
100035,4.69033,49.76339,2
100036,4.69287,49.7628,2
100037,4.69033,49.76339,2
100038,4.69287,49.7628,2
100039,4.69033,49.76339,2
100040,4.6931,49.76321,2
100041,4.69033,49.76339,2
100042,4.69347,49.76381,2
100043,4.69033,49.76339,2
100044,4.69379,49.7643,2
100045,4.69033,49.76339,2
100046,4.69387,49.76443,2
100047,4.69033,49.76339,2
100048,4.69395,49.76456,2
100049,4.69033,49.76339,2
100050,4.69438,49.76492,2
100051,4.69033,49.76339,2
100052,4.69336,49.76067,2
100053,4.69412,49.76452,2
100054,4.69336,49.76067,2
100055,4.69412,49.76452,2
100056,4.69033,49.76339,2
100057,4.69336,49.76067,2
100058,4.69336,49.76067,2
100059,4.69412,49.76452,2
100060,4.69033,49.76339,2
100061,4.69336,49.76067,2
100062,4.69364,49.76376,2
100063,4.69336,49.76067,2
100064,4.69033,49.76339,2
100065,4.69336,49.76067,2
100066,4.69336,49.76332,2
100067,4.69336,49.76067,2
100068,4.69033,49.76339,2
100069,4.69336,49.76067,2
100070,4.69319,49.76301,2
100071,4.69336,49.76067,2
100072,4.69033,49.76339,2
100073,4.69336,49.76067,2
100074,4.69276,49.76232,2
100075,4.69336,49.76067,2
100076,4.69033,49.76339,2
100077,4.69336,49.76067,2
100078,4.69273,49.76227,2
100079,4.69336,49.76067,2
100080,4.69033,49.76339,2
100081,4.69336,49.76067,2
100082,4.69247,49.76188,2
100083,4.69336,49.76067,2
100084,4.69033,49.76339,2
100085,4.69336,49.76067,2
100086,4.69238,49.76173,2
100087,4.69013,49.76308,2
100088,4.68978,49.76223,2
100089,4.69013,49.76308,2
100090,4.68978,49.76223,2
100091,4.69013,49.76308,2
100092,4.68978,49.76223,2
100093,4.69013,49.76308,2
100094,4.68978,49.76223,2
100095,4.69013,49.76308,2
100096,4.68978,49.76223,2
100097,4.69013,49.76308,2
100098,4.68978,49.76223,2
100099,4.69013,49.76308,2
100100,4.68978,49.76223,2
100101,4.69013,49.76308,2
100102,4.68978,49.76223,2
100103,4.69013,49.76308,2
100104,4.68978,49.76223,2
100105,4.69013,49.76308,2
100106,4.68978,49.76223,2
100107,4.69013,49.76308,2
100108,4.68978,49.76223,2
100109,4.69013,49.76308,2
100110,4.68978,49.76223,2
100111,4.69013,49.76308,2
100112,4.68978,49.76223,2
100113,4.69013,49.76308,2
100114,4.68978,49.76223,2
100115,4.69013,49.76308,2
100116,4.68978,49.76223,2
100117,4.69013,49.76308,2
100118,4.68978,49.76223,2
100119,4.69013,49.76308,2
100120,4.68978,49.76223,2
100121,4.69013,49.76308,2
100122,4.68978,49.76223,2
100123,4.68989,49.7627,2
100124,4.68978,49.76223,2
100125,4.68989,49.7627,2
100126,4.68978,49.76223,2
100127,4.68989,49.7627,2
100128,4.68978,49.76223,2
100129,4.68989,49.7627,2
100130,4.68949,49.76179,2
100131,4.68989,49.7627,2
100132,4.68949,49.76179,2
100133,4.68989,49.7627,2
100134,4.68949,49.76179,2
100135,4.68989,49.7627,2
100136,4.68949,49.76179,2
100137,4.68989,49.7627,2
100138,4.68949,49.76179,2
100139,4.68989,49.7627,2
100140,4.68949,49.76179,2
100141,4.68989,49.7627,2
100142,4.68949,49.76179,2
100143,4.68989,49.7627,2
100144,4.68949,49.76179,2
100145,4.68989,49.7627,2
100146,4.68949,49.76179,2
100147,4.68989,49.7627,2
100148,4.68949,49.76179,2
100149,4.68989,49.7627,2
100150,4.68949,49.76179,2
100151,4.68989,49.7627,2
100152,4.68949,49.76179,2
100153,4.69386,49.76131,2
100154,4.68949,49.76179,2
100155,4.69386,49.76131,2
100156,4.68949,49.76179,2
100157,4.69386,49.76131,2
100158,4.68949,49.76179,2
100159,4.69386,49.76131,2
100160,4.68949,49.76179,2
100161,4.69386,49.76131,2
100162,4.68949,49.76179,2
100163,4.69386,49.76131,2
100164,4.68949,49.76179,2
100165,4.69386,49.76131,2
100166,4.68949,49.76179,2
100167,4.69386,49.76131,2
100168,4.68949,49.76179,2
100169,4.69386,49.76131,2
100170,4.68996,49.76129,2
100171,4.68996,49.76129,2
100172,4.69386,49.76131,2
100173,4.68996,49.76129,2
100174,4.69386,49.76131,2
100175,4.68996,49.76129,2
100176,4.69386,49.76131,2
100177,4.68996,49.76129,2
100178,4.69386,49.76131,2
100179,4.68996,49.76129,2
100180,4.69386,49.76131,2
100181,4.68996,49.76129,2
100182,4.69386,49.76131,2
100183,4.68996,49.76129,2
100184,4.69386,49.76131,2
100185,4.68996,49.76129,2
100186,4.69386,49.76131,2
100187,4.68996,49.76129,2
100188,4.69386,49.76131,2
100189,4.68996,49.76129,2
100190,4.69386,49.76131,2
100191,4.68996,49.76129,2
100192,4.69386,49.76131,2
100193,4.68996,49.76129,2
100194,4.69271,49.76142,2
100195,4.68996,49.76129,2
100196,4.69271,49.76142,2
100197,4.68996,49.76129,2
100198,4.69271,49.76142,2
100199,4.68996,49.76129,2
100200,4.69271,49.76142,2
100201,4.68996,49.76129,2
100202,4.69271,49.76142,2
100203,4.68996,49.76129,2
100204,4.69271,49.76142,2
100205,4.68996,49.76129,2
100206,4.69271,49.76142,2
100207,4.68996,49.76129,2
100208,4.69271,49.76142,2
100209,4.68996,49.76129,2
100210,4.69271,49.76142,2
100211,4.69271,49.76142,2
100212,4.69109,49.76065,2
100213,4.69109,49.76065,2
100214,4.69271,49.76142,2
100215,4.69109,49.76065,2
100216,4.69271,49.76142,2
100217,4.69109,49.76065,2
100218,4.69271,49.76142,2
100219,4.69109,49.76065,2
100220,4.69271,49.76142,2
100221,4.69109,49.76065,2
100222,4.69271,49.76142,2
100223,4.69109,49.76065,2
100224,4.69271,49.76142,2
100225,4.69109,49.76065,2
100226,4.69271,49.76142,2
100227,4.69109,49.76065,2
100228,4.69271,49.76142,2
100229,4.69109,49.76065,2
100230,4.69271,49.76142,2
100231,4.69109,49.76065,2
100232,4.69271,49.76142,2
100233,4.69109,49.76065,2
100234,4.69331,49.76148,2
100235,4.69109,49.76065,2
100236,4.69331,49.76148,2
100237,4.69109,49.76065,2
100238,4.69331,49.76148,2
100239,4.69331,49.76148,2
100240,4.69109,49.76065,2
100241,4.69331,49.76148,2
100242,4.69109,49.76065,2
100243,4.69331,49.76148,2
100244,4.69109,49.76065,2
100245,4.69331,49.76148,2
100246,4.69109,49.76065,2
100247,4.69331,49.76148,2
100248,4.69109,49.76065,2
100249,4.69331,49.76148,2
100250,4.69331,49.76148,2
100251,4.69109,49.76065,2
100252,4.69331,49.76148,2
100253,4.69109,49.76065,2
100254,4.69331,49.76148,2
100255,4.6896,49.76225,2
100256,4.69331,49.76148,2
100257,4.6896,49.76225,2
100258,4.69331,49.76148,2
100259,4.6896,49.76225,2
100260,4.69331,49.76148,2
100261,4.6896,49.76225,2
100262,4.69331,49.76148,2
100263,4.6896,49.76225,2
100264,4.69331,49.76148,2
100265,4.6896,49.76225,2
100266,4.69331,49.76148,2
100267,4.6896,49.76225,2
100268,4.69331,49.76148,2
100269,4.6896,49.76225,2
100270,4.69331,49.76148,2
100271,4.68931,49.7618,2
100272,4.68931,49.7618,2
100273,4.69222,49.7614,2
100274,4.68931,49.7618,2
100275,4.69222,49.7614,2
100276,4.68931,49.7618,2
100277,4.69222,49.7614,2
100278,4.69222,49.7614,2
100279,4.68931,49.7618,2
100280,4.69222,49.7614,2
100281,4.68931,49.7618,2
100282,4.69222,49.7614,2
100283,4.68931,49.7618,2
100284,4.69222,49.7614,2
100285,4.68931,49.7618,2
100286,4.69222,49.7614,2
100287,4.68931,49.7618,2
100288,4.69222,49.7614,2
100289,4.68984,49.7612,2
100290,4.69222,49.7614,2
100291,4.68984,49.7612,2
100292,4.69222,49.7614,2
100293,4.68984,49.7612,2
100294,4.69222,49.7614,2
100295,4.68984,49.7612,2
100296,4.69222,49.7614,2
100297,4.68984,49.7612,2
100298,4.69222,49.7614,2
100299,4.68984,49.7612,2
100300,4.69222,49.7614,2
100301,4.68984,49.7612,2
100302,4.69222,49.7614,2
100303,4.68984,49.7612,2
100304,4.69222,49.7614,2
100305,4.68984,49.7612,2
100306,4.69222,49.7614,2
100307,4.68984,49.7612,2
100308,4.69222,49.7614,2
100309,4.68984,49.7612,2
100310,4.69222,49.7614,2
100311,4.68984,49.7612,2
100312,4.69222,49.7614,2
100313,4.69097,49.76056,2
100314,4.69197,49.76238,2
100315,4.69097,49.76056,2
100316,4.69197,49.76238,2
100317,4.69097,49.76056,2
100318,4.69197,49.76238,2
100319,4.69097,49.76056,2
100320,4.69197,49.76238,2
100321,4.69097,49.76056,2
100322,4.69197,49.76238,2
100323,4.69097,49.76056,2
100324,4.69197,49.76238,2
100325,4.69097,49.76056,2
100326,4.69197,49.76238,2
100327,4.69097,49.76056,2
100328,4.69197,49.76238,2
100329,4.69097,49.76056,2
100330,4.69197,49.76238,2
100331,4.69097,49.76056,2
100332,4.69197,49.76238,2
100333,4.69097,49.76056,2
100334,4.69197,49.76238,2
100335,4.69097,49.76056,2
100336,4.69197,49.76238,2
100337,4.69097,49.76056,2
100338,4.69197,49.76238,2
100339,4.69097,49.76056,2
100340,4.69197,49.76238,2
100341,4.69097,49.76056,2
100342,4.69197,49.76238,2
100343,4.69097,49.76056,2
100344,4.69197,49.76238,2
100345,4.69051,49.76355,2
100346,4.69197,49.76238,2
100347,4.69051,49.76355,2
100348,4.69197,49.76238,2
100349,4.69051,49.76355,2
100350,4.69197,49.76238,2
100351,4.69051,49.76355,2
100352,4.69197,49.76238,2
100353,4.69051,49.76355,2
100354,4.69051,49.76355,2
100355,4.69197,49.76238,2
100356,4.69051,49.76355,2
100357,4.69197,49.76238,2
100358,4.69051,49.76355,2
100359,4.69197,49.76238,2
100360,4.69051,49.76355,2
100361,4.69197,49.76238,2
100362,4.69051,49.76355,2
100363,4.69197,49.76238,2
100364,4.69051,49.76355,2
100365,4.69197,49.76238,2
100366,4.69051,49.76355,2
100367,4.69197,49.76238,2
100368,4.69051,49.76355,2
100369,4.69197,49.76238,2
100370,4.69051,49.76355,2
100371,4.69197,49.76238,2
100372,4.69051,49.76355,2
100373,4.69197,49.76238,2
100374,4.69051,49.76355,2
100375,4.69197,49.76238,2
100376,4.69051,49.76355,2
100377,4.69197,49.76238,2
100378,4.69051,49.76355,2
100379,4.69197,49.76238,2
100380,4.69051,49.76355,2
100381,4.69197,49.76238,2
100382,4.69051,49.76355,2
100383,4.69197,49.76238,2
100384,4.69051,49.76355,2
100385,4.69197,49.76238,2
100386,4.69051,49.76355,2
100387,4.69197,49.76238,2
100388,4.69051,49.76355,2
100389,4.69197,49.76238,2
100390,4.69051,49.76355,2
100391,4.69197,49.76238,2
100392,4.69051,49.76355,2
100393,4.69197,49.76238,2
100394,4.69051,49.76355,2
100395,4.69197,49.76238,2
100396,4.69051,49.76355,2
100397,4.69197,49.76238,2
100398,4.69051,49.76355,2
100399,4.69197,49.76238,2
100400,4.69051,49.76355,2
100401,4.69197,49.76238,2
100402,4.69051,49.76355,2
100403,4.69197,49.76238,2
100404,4.69051,49.76355,2
100405,4.69197,49.76238,2
100406,4.69051,49.76355,2
100407,4.69197,49.76238,2
100408,4.69051,49.76355,2
100409,4.69197,49.76238,2
100410,4.69051,49.76355,2
100411,4.69197,49.76238,2
100412,4.69051,49.76355,2
100413,4.69197,49.76238,2
100414,4.69051,49.76355,2
100415,4.69197,49.76238,2
100416,4.69051,49.76355,2
100417,4.69197,49.76238,2
100418,4.69051,49.76355,2
100419,4.69197,49.76238,2
100420,4.69051,49.76355,2
100421,4.69197,49.76238,2
100422,4.69051,49.76355,2
100423,4.69197,49.76238,2
100424,4.69051,49.76355,2
100425,4.69197,49.76238,2
100426,4.69051,49.76355,2
100427,4.69197,49.76238,2
100428,4.69051,49.76355,2
100429,4.69051,49.76355,2
100430,4.69197,49.76238,2
100431,4.69051,49.76355,2
100432,4.69197,49.76238,2
100433,4.69197,49.76238,2
100434,4.69197,49.76238,2
100435,4.69197,49.76238,2
100436,4.69197,49.76238,2
100437,4.69197,49.76238,2
100438,4.69197,49.76238,2
100439,4.69197,49.76238,2
100440,4.69197,49.76238,2
100441,4.69197,49.76238,2
100442,4.69072,49.7627,2
100443,4.69072,49.7627,2
100444,4.69072,49.7627,2
100445,4.69072,49.7627,2
100446,4.69006,49.76267,2
100447,4.69006,49.76267,2
100448,4.69006,49.76267,2
100449,4.69006,49.76267,2
100450,4.69006,49.76267,2
100451,4.69006,49.76267,2
100452,4.69006,49.76267,2
100453,4.69006,49.76267,2
100454,4.69006,49.76267,2
100455,4.69006,49.76267,2
100456,4.69006,49.76267,2
100457,4.69006,49.76267,2
100458,4.69006,49.76267,2
100459,4.69006,49.76267,2
100460,4.69006,49.76267,2
100461,4.69006,49.76267,2
100462,4.69006,49.76267,2
100463,4.69006,49.76267,2
100464,4.69006,49.76267,2
100465,4.69006,49.76267,2
100466,4.69006,49.76267,2
100467,4.69217,49.76114,2
100468,4.69217,49.76114,2
100469,4.69217,49.76114,2
100470,4.69217,49.76114,2
100471,4.69217,49.76114,2
100472,4.69217,49.76114,2
100473,4.69212,49.76089,2
100474,4.69212,49.76089,2
100475,4.69212,49.76089,2
100476,4.69212,49.76089,2
100477,4.69212,49.76089,2
100478,4.69212,49.76089,2
100479,4.69208,49.76063,2
100480,4.69208,49.76063,2
100481,4.69208,49.76063,2
100482,4.69208,49.76063,2
100483,4.69208,49.76063,2
100484,4.692006,49.760552,2
100485,4.69196,49.76038,2
100486,4.69196,49.76038,2
100487,4.69196,49.76038,2
100488,4.69196,49.76038,2
100489,4.69196,49.76038,2
100490,4.69196,49.76038,2
100491,4.69177,49.76039,2
100492,4.69177,49.76039,2
100493,4.69177,49.76039,2
100494,4.69177,49.76039,2
100495,4.69177,49.76039,2
100496,4.69177,49.76039,2
100497,4.69177,49.76039,2
100498,4.69177,49.76039,2
100499,4.69177,49.76039,2
100500,4.69177,49.76039,2
100501,4.69186,49.76056,2
100502,4.69073,49.76399,2
100503,4.69055,49.76371,2
100504,4.69186,49.76056,2
100505,4.69033,49.76339,2
100506,4.69013,49.76308,2
100507,4.69186,49.76056,2
100508,4.68989,49.7627,2
100509,4.69386,49.76131,2
100510,4.69186,49.76056,2
100511,4.69271,49.76142,2
100512,4.69331,49.76148,2
100513,4.691736,49.760701,2
100514,4.69222,49.7614,2
100515,4.69197,49.76238,2
100516,4.69186,49.76056,2
100517,4.69197,49.76238,2
100518,4.69186,49.76056,2
100519,4.69197,49.76238,2
100520,4.69197,49.76238,2
100521,4.69186,49.76056,2
100522,4.69186,49.76056,2
100523,4.69186,49.76056,2
100524,4.69006,49.76267,2
100525,4.69006,49.76267,2
100526,4.69191,49.76073,2
100527,4.69217,49.76114,2
100528,4.69217,49.76114,2
100529,4.69191,49.76073,2
100530,4.69212,49.76089,2
100531,4.69208,49.76063,2
100532,4.69191,49.76073,2
100533,4.69196,49.76038,2
100534,4.69195,49.76091,2
100535,4.691772,49.760889,2
100536,4.69198,49.76109,2
100537,4.69201,49.76127,2
100538,4.69191,49.76073,2
100539,4.69205,49.76145,2
100540,4.69213,49.76165,2
100541,4.691786,49.760888,2
100542,4.69213,49.76165,2
100543,4.69225,49.76183,2
100544,4.69191,49.76073,2
100545,4.69274,49.76259,2
100546,4.69274,49.76259,2
100547,4.69191,49.76073,2
100548,4.68978,49.76223,2
100549,4.69191,49.76073,2
100550,4.68978,49.76223,2
100551,4.69191,49.76073,2
100552,4.68949,49.76179,2
100553,4.68949,49.76179,2
100554,4.69195,49.76091,2
100555,4.68996,49.76129,2
100556,4.68996,49.76129,2
100557,4.69195,49.76091,2
100558,4.69109,49.76065,2
100559,4.69109,49.76065,2
100560,4.69195,49.76091,2
100561,4.68931,49.7618,2
100562,4.69097,49.76056,2
100563,4.69195,49.76091,2
100564,4.69051,49.76355,2
100565,4.69195,49.76091,2
100566,4.69195,49.76091,2
100567,4.69051,49.76355,2
100568,4.69051,49.76355,2
100569,4.69195,49.76091,2
100570,4.69195,49.76091,2
100571,4.69195,49.76091,2
100572,4.69195,49.76091,2
100573,4.69198,49.76109,2
100574,4.69198,49.76109,2
100575,4.69198,49.76109,2
100576,4.69198,49.76109,2
100577,4.69198,49.76109,2
100578,4.69198,49.76109,2
100579,4.69198,49.76109,2
100580,4.69198,49.76109,2
100581,4.69222,49.7614,2
100582,4.69198,49.76109,2
100583,4.69198,49.76109,2
100584,4.69334,49.76361,2
100585,4.69201,49.76127,2
100586,4.69412,49.76452,2
100587,4.68949,49.76179,2
100588,4.69201,49.76127,2
100589,4.69336,49.76067,2
100590,4.69201,49.76127,2
100591,4.69201,49.76127,2
100592,4.69201,49.76127,2
100593,4.69201,49.76127,2
100594,4.69201,49.76127,2
100595,4.691674,49.761465,2
100596,4.69201,49.76127,2
100597,4.69201,49.76127,2
100598,4.69205,49.76145,2
100599,4.69205,49.76145,2
100600,4.69205,49.76145,2
100601,4.64343,49.92609,2
100602,4.64258,49.92753,2
100603,4.6429,49.92716,2
100604,4.6427,49.92747,2
100605,4.6426,49.92762,2
100606,4.6425,49.92776,2
100607,4.64242,49.92788,2
100608,4.64237,49.92806,2
100609,4.64234,49.92821,2
100610,4.64231,49.92834,2
100611,4.64226,49.92852,2
100612,4.64223,49.92868,2
100613,4.64219,49.92883,2
100614,4.64215,49.92899,2
100615,4.64212,49.92911,2
100616,4.64207,49.92935,2
100617,4.64204,49.92947,2
100618,4.64203,49.92953,2
100619,4.64203,49.92953,2
100620,4.64205,49.9296,2
100621,4.64213,49.92983,2
100622,4.6422,49.92999,2
100623,4.64233,49.93022,2
100624,4.64239,49.93033,2
100625,4.6425,49.93051,2
100626,4.64141,49.93055,2
100627,4.64133,49.93085,2
100628,4.64114,49.93087,2
100629,4.64103,49.93119,2
100630,4.64103,49.93119,2
100631,4.64124,49.9312,2
100632,4.63603,49.92845,2
100633,4.64123,49.93054,2
100634,4.64119,49.9305,2
100635,4.64114,49.93045,2
100636,4.6411,49.93041,2
100637,4.64106,49.93036,2
100638,4.64097,49.93028,2
100639,4.64093,49.93023,2
100640,4.64088,49.93019,2
100641,4.64016,49.92939,2
100642,4.6408,49.9301,2
100643,4.64016,49.92939,2
100644,4.64016,49.92939,2
100645,4.64016,49.92939,2
100646,4.64062,49.92992,2
100647,4.64016,49.92939,2
100648,4.64058,49.92988,2
100649,4.64011,49.92958,2
100650,4.64011,49.92958,2
100651,4.64011,49.92958,2
100652,4.64011,49.92958,2
100653,4.64011,49.92958,2
100654,4.64011,49.92958,2
100655,4.64,49.92926,2
100656,4.63999,49.92923,2
100657,4.64105,49.93099,2
100658,4.64086,49.93074,2
100659,4.64083,49.93071,2
100660,4.64083,49.93071,2
100661,4.64083,49.93071,2
100662,4.64083,49.93071,2
100663,4.64038,49.93029,2
100664,4.6403,49.93025,2
100665,4.63975,49.93006,2
100666,4.63959,49.93001,2
100667,4.63942,49.92995,2
100668,4.63879,49.92904,2
100669,4.63921,49.92995,2
100670,4.63913,49.92986,2
100671,4.63921,49.92995,2
100672,4.63913,49.92986,2
100673,4.63781,49.92949,2
100674,4.63839,49.92978,2
100675,4.6392,49.93,2
100676,4.63929,49.93002,2
100677,4.63938,49.93007,2
100678,4.63953,49.93012,2
100679,4.63964,49.93016,2
100680,4.63972,49.93018,2
100681,4.63979,49.93021,2
100682,4.63992,49.93025,2
100683,4.64,49.93028,2
100684,4.64013,49.93032,2
100685,4.64024,49.93036,2
100686,4.64024,49.93036,2
100687,4.6405,49.93057,2
100688,4.64067,49.93076,2
100689,4.63706,49.9294,2
100690,4.63776,49.92876,2
100691,4.63776,49.92876,2
100692,4.63776,49.92876,2
100693,4.63776,49.92876,2
100694,4.63776,49.92876,2
100695,4.63776,49.92876,2
100696,4.63776,49.92876,2
100697,4.63776,49.92876,2
100698,4.63776,49.92876,2
100699,4.63776,49.92876,2
100700,4.63776,49.92876,2
100701,4.63776,49.92876,2
100702,4.63776,49.92876,2
100703,4.63776,49.92876,2
100704,4.63776,49.92876,2
100705,4.63776,49.92876,2
100706,4.63776,49.92876,2
100707,4.63776,49.92876,2
100708,4.63776,49.92876,2
100709,4.63776,49.92876,2
100710,4.63776,49.92876,2
100711,4.63776,49.92876,2
100712,4.63609,49.92866,2
100713,4.63776,49.92876,2
100714,4.63609,49.92866,2
100715,4.63776,49.92876,2
100716,4.63677,49.92859,2
100717,4.63921,49.92995,2
100718,4.64125,49.92944,2
100719,4.64103,49.92941,2
100720,4.64129,49.93033,2
100721,4.64129,49.93033,2
100722,4.64165,49.92973,2
100723,4.64167,49.92965,2
100724,4.64171,49.92953,2
100725,4.64171,49.92953,2
100726,4.64171,49.92953,2
100727,4.64016,49.92939,2
100728,4.64017,49.92922,2
100729,4.64,49.92926,2
100730,4.6402,49.9293,2
100731,4.64002,49.9293,2
100732,4.63709,49.92931,2
100733,4.64012,49.92914,2
100734,4.63951,49.92915,2
100735,4.63879,49.92904,2
100736,4.63879,49.92904,2
100737,4.638852,49.929252,2
100738,4.63879,49.92904,2
100739,4.63861,49.92903,2
100740,4.63822,49.92912,2
100741,4.63798,49.92917,2
100742,4.63716,49.9293,2
100743,4.63701,49.92926,2
100744,4.63727,49.92933,2
100745,4.63746,49.92939,2
100746,4.63759,49.92943,2
100747,4.63776,49.92947,2
100748,4.63619,49.92948,2
100749,4.63645,49.92934,2
100750,4.63615,49.92937,2
100751,4.63603,49.92969,2
100752,4.63709,49.92931,2
100753,4.63451,49.93009,2
100754,4.63589,49.92939,2
100755,4.63584,49.92939,2
100756,4.63566,49.92942,2
100757,4.63537,49.92946,2
100758,4.63504,49.9295,2
100759,4.63482,49.92953,2
100760,4.63457,49.92957,2
100761,4.63428,49.92961,2
100762,4.63424,49.92961,2
100763,4.63342,49.92982,2
100764,4.63351,49.92969,2
100765,4.6314,49.93,2
100766,4.63347,49.9297,2
100767,4.6317,49.92985,2
100768,4.63423,49.92953,2
100769,4.63423,49.92953,2
100770,4.63429,49.9289,2
100771,4.63456,49.92884,2
100772,4.63402,49.92896,2
100773,4.63375,49.92902,2
100774,4.63545,49.92863,2
100775,4.63485,49.92877,2
100776,4.63515,49.9287,2
100777,4.63445,49.92922,2
100778,4.63476,49.92917,2
100779,4.63458,49.92932,2
100780,4.63507,49.92911,2
100781,4.63504,49.92924,2
100782,4.63538,49.92906,2
100783,4.63551,49.92915,2
100784,4.63569,49.929,2
100785,4.63607,49.92895,2
100786,4.63624,49.92891,2
100787,4.63618,49.92892,2
100788,4.636,49.92895,2
100789,4.63618,49.92892,2
100790,4.63609,49.92866,2
100791,4.63622,49.9288,2
100792,4.63648,49.92875,2
100793,4.63634,49.92905,2
100794,4.63672,49.92882,2
100795,4.63696,49.9289,2
100796,4.63674,49.92889,2
100797,4.6367,49.92929,2
100798,4.63715,49.92901,2
100799,4.63717,49.92922,2
100800,4.64149,49.93025,2
100801,4.63772,49.9291,2
100802,4.64141,49.92988,2
100803,4.63855,49.92892,2
100804,4.63627,49.9285,2
100805,4.64047,49.9292,2
100806,4.63903,49.92895,2
100807,4.63952,49.92904,2
100808,4.64001,49.92912,2
100809,4.63351,49.92969,2
100810,4.64128,49.92933,2
100811,4.63709,49.92931,2
100812,4.63709,49.92931,2
100813,4.63953,49.93012,2
100814,4.63709,49.92931,2
100815,4.640779,49.928784,2
100816,4.64154,49.9295,2
100817,4.640779,49.928784,2
100818,4.640779,49.928784,2
100819,4.63709,49.92931,2
100820,4.63709,49.92931,2
100821,4.641343,49.928656,2
100822,4.63709,49.92931,2
100823,4.64167,49.92965,2
100824,4.63739,49.94061,2
100825,4.641343,49.928656,2
100826,4.63739,49.94061,2
100827,4.63709,49.92931,2
100828,4.63709,49.92931,2
100829,4.63383,49.92943,2
100830,4.641188,49.928911,2
100831,4.64011,49.92958,2
100832,4.641201,49.929207,2
100833,4.64083,49.93071,2
100834,4.63709,49.92931,2
100835,4.64278,49.92736,2
100836,4.64361,49.92611,2
100837,4.64253,49.92743,2
100838,4.788,49.75332,2
100839,4.788,49.75332,2
100840,4.78912,49.75331,2
100841,4.78912,49.75331,2
100842,4.79012,49.7536,2
100843,4.78675,49.75307,2
100844,4.78843,49.75406,2
100845,4.787,49.75351,2
100846,4.787,49.75351,2
100847,4.787,49.75351,2
100848,4.787,49.75351,2
100849,4.78705,49.75338,2
100850,4.78723,49.75348,2
100851,4.78742,49.75334,2
100852,4.78745,49.75345,2
100853,4.7878,49.75329,2
100854,4.78768,49.75342,2
100855,4.78817,49.75324,2
100856,4.7879,49.75339,2
100857,4.78637,49.75418,2
100858,4.788,49.75332,2
100859,4.78649,49.75401,2
100860,4.788,49.75332,2
100861,4.77965,49.75246,2
100862,4.78661,49.75383,2
100863,4.78626,49.75405,2
100864,4.78673,49.75366,2
100865,4.7865,49.7537,2
100866,4.77965,49.75246,2
100867,4.788,49.75332,2
100868,4.788,49.75332,2
100869,4.788,49.75332,2
100870,4.788,49.75332,2
100871,4.788,49.75332,2
100872,4.788,49.75332,2
100873,4.788,49.75332,2
100874,4.788,49.75332,2
100875,4.788,49.75332,2
100876,4.788,49.75332,2
100877,4.788,49.75332,2
100878,4.788,49.75332,2
100879,4.788,49.75332,2
100880,4.788,49.75332,2
100881,4.788,49.75332,2
100882,4.788,49.75332,2
100883,4.788,49.75332,2
100884,4.788,49.75332,2
100885,4.788,49.75332,2
100886,4.78626,49.75405,2
100887,4.7865,49.7537,2
100888,4.78705,49.75338,2
100889,4.78675,49.75307,2
100890,4.78685,49.75306,2
100891,4.78676,49.75279,2
100892,4.7878,49.75329,2
100893,4.78917,49.7531,2
100894,4.788,49.75332,2
100895,4.78952,49.753,2
100896,4.78935,49.75305,2
100897,4.78986,49.75289,2
100898,4.79004,49.75284,2
100899,4.79021,49.75279,2
100900,4.788,49.75332,2
100901,4.788,49.75332,2
100902,4.788,49.75332,2
100903,4.788,49.75332,2
100904,4.788,49.75332,2
100905,4.788,49.75332,2
100906,4.79012,49.7536,2
100907,4.788,49.75332,2
100908,4.788,49.75332,2
100909,4.788,49.75332,2
100910,4.788,49.75332,2
100911,4.788,49.75332,2
100912,4.788,49.75332,2
100913,4.788,49.75332,2
100914,4.788,49.75332,2
100915,4.788,49.75332,2
100916,4.788,49.75332,2
100917,4.788,49.75332,2
100918,4.788,49.75332,2
100919,4.788,49.75332,2
100920,4.788,49.75332,2
100921,4.788,49.75332,2
100922,4.788,49.75332,2
100923,4.788,49.75332,2
100924,4.788,49.75332,2
100925,4.788,49.75332,2
100926,4.788,49.75332,2
100927,4.788,49.75332,2
100928,4.79054,49.75294,2
100929,4.79054,49.75294,2
100930,4.7908,49.75323,2
100931,4.79051,49.75314,2
100932,4.7906,49.7531,2
100933,4.79027,49.7529,2
100934,4.79006,49.75296,2
100935,4.79006,49.75296,2
100936,4.78986,49.75302,2
100937,4.78966,49.75308,2
100938,4.78946,49.75314,2
100939,4.788,49.75332,2
100940,4.788,49.75332,2
100941,4.78903,49.75325,2
100942,4.7888,49.75328,2
100943,4.78858,49.75331,2
100944,4.78813,49.75337,2
100945,4.7879,49.75339,2
100946,4.78768,49.75342,2
100947,4.78928,49.75326,2
100948,4.78942,49.75345,2
100949,4.78942,49.75386,2
100950,4.78957,49.75365,2
100951,4.78942,49.75386,2
100952,4.7894,49.7537,2
100953,4.78745,49.75345,2
100954,4.78723,49.75348,2
100955,4.787,49.75351,2
100956,4.78673,49.75366,2
100957,4.78649,49.75401,2
100958,4.78637,49.75418,2
100959,4.78952,49.753,2
100960,4.79107,49.75338,2
100961,4.786634,49.754302,2
100962,4.78641,49.75429,2
100963,4.78641,49.75429,2
100964,4.78641,49.75429,2
100965,4.78641,49.75429,2
100966,4.78641,49.75418,2
100967,4.78709,49.75425,2
100968,4.78709,49.75425,2
100969,4.78744,49.75423,2
100970,4.7881,49.75412,2
100971,4.7881,49.75412,2
100972,4.7881,49.75412,2
100973,4.78744,49.75423,2
100974,4.79012,49.7536,2
100975,4.78876,49.75399,2
100976,4.78935,49.75375,2
100977,4.78863,49.7539,2
100978,4.78942,49.75386,2
100979,4.79109,49.75344,2
100980,4.79107,49.75338,2
100981,4.79095,49.75334,2
100982,4.79237,49.75315,2
100983,4.79237,49.75315,2
100984,4.79237,49.75315,2
100985,4.79237,49.75315,2
100986,4.79244,49.75319,2
100987,4.79244,49.75319,2
100988,4.7933,49.75251,2
100989,4.78675,49.75307,2
100990,4.79333,49.75237,2
100991,4.79336,49.75223,2
100992,4.79317,49.75228,2
100993,4.79334,49.75194,2
100994,4.7938,49.75195,2
100995,4.79474,49.75184,2
100996,4.79381,49.75207,2
100997,4.79476,49.75196,2
100998,4.80353,49.75159,2
100999,4.804091,49.752277,2
101000,4.80353,49.75159,2
101001,4.80353,49.75159,2
101002,4.78629,49.75488,2
101003,4.78634,49.75486,2
101004,4.7864,49.75483,2
101005,4.78645,49.75481,2
101006,4.7865,49.75479,2
101007,4.78656,49.75476,2
101008,4.78661,49.75474,2
101009,4.78667,49.75471,2
101010,4.78653,49.75483,2
101011,4.78653,49.75483,2
101012,4.78626,49.755,2
101013,4.78623,49.75511,2
101014,4.7863,49.75504,2
101015,4.78623,49.75511,2
101016,4.78635,49.75507,2
101017,4.78623,49.75511,2
101018,4.78639,49.75511,2
101019,4.78623,49.75511,2
101020,4.78643,49.75515,2
101021,4.7863,49.75518,2
101022,4.78623,49.75511,2
101023,4.78649,49.75501,2
101024,4.78675,49.75523,2
101025,4.788,49.75332,2
101026,4.77965,49.75246,2
101027,4.78768,49.75342,2
101028,4.77965,49.75246,2
101029,4.77965,49.75246,2
101030,4.77965,49.75246,2
101031,4.77965,49.75246,2
101032,4.77965,49.75246,2
101033,4.77965,49.75246,2
101034,4.77965,49.75246,2
101035,4.784193,49.753723,2
101036,4.784193,49.753723,2
101037,4.78336,49.753991,2
101038,4.78336,49.753991,2
101039,4.783912,49.753935,2
101040,4.783912,49.753935,2
101041,4.784457,49.754014,2
101042,4.784457,49.754014,2
101043,4.79012,49.7536,2
101044,4.784457,49.754014,2
101045,4.785029,49.754101,2
101046,4.785029,49.754101,2
101047,4.785248,49.754043,2
101048,4.785248,49.754043,2
101049,4.785248,49.754043,2
101050,4.785015,49.754101,2
101051,4.784429,49.754014,2
101052,4.804087,49.752188,2
101053,4.77965,49.75246,2
101054,4.77965,49.75246,2
101055,4.78666,49.75534,2
101056,4.78706,49.75568,2
101057,4.77965,49.75246,2
101058,4.77965,49.75246,2
101059,4.77965,49.75246,2
101060,4.77965,49.75246,2
101061,4.77965,49.75246,2
101062,4.78038,49.75288,2
101063,4.77965,49.75246,2
101064,4.77906,49.7522,2
101065,4.78705,49.75548,2
101066,4.78736,49.75573,2
101067,4.78817,49.75592,2
101068,4.78817,49.75592,2
101069,4.78747,49.75601,2
101070,4.78766,49.75598,2
101071,4.78778,49.75624,2
101072,4.78797,49.75636,2
101073,4.78799,49.75621,2
101074,4.78807,49.75587,2
101075,4.78816,49.75564,2
101076,4.7883,49.75589,2
101077,4.78797,49.75609,2
101078,4.78678,49.75415,2
101079,4.79012,49.7536,2
101080,4.802374,49.762932,2
101081,4.77965,49.75246,2
101082,4.788,49.75332,2
101083,4.77965,49.75246,2
101084,4.77965,49.75246,2
101085,4.80353,49.75159,2
101086,4.77965,49.75246,2
101087,4.77965,49.75246,2
101088,4.788,49.75332,2
101089,4.78667,49.75308,2
101090,4.784154,49.753481,2
101091,4.77906,49.7522,2
101092,4.77906,49.7522,2
101093,4.78892,49.75315,2
101094,5.29413,49.618189,2
101095,5.29095,49.61875,2
101096,5.289948,49.621221,2
101097,5.290669,49.619576,2
101098,5.29095,49.61875,2
101099,5.29095,49.61875,2
101100,5.292631,49.619052,2
101101,5.30205,49.604738,2
101102,5.30129,49.60429,2
101103,5.294118,49.618207,2
101104,5.29095,49.61875,2
101105,5.29095,49.61875,2
101106,5.29095,49.61875,2
101107,5.291017,49.619361,2
101108,5.290656,49.619586,2
101109,5.29095,49.61875,2
101110,5.29082,49.61953,2
101111,5.29082,49.61953,2
101112,5.290905,49.619337,2
101113,5.290669,49.619576,2
101114,5.29099,49.6188,2
101115,5.290669,49.619576,2
101116,5.29099,49.6188,2
101117,5.29099,49.6188,2
101118,5.29099,49.6188,2
101119,5.29095,49.61875,2
101120,5.29099,49.6188,2
101121,5.29099,49.6188,2
101122,5.29099,49.6188,2
101123,5.29095,49.61875,2
101124,5.29095,49.61875,2
101125,5.29099,49.6188,2
101126,5.29108,49.61879,2
101127,5.29095,49.61875,2
101128,5.288329,49.617387,2
101129,5.288329,49.617387,2
101130,5.29095,49.61875,2
101131,5.289,49.61679,2
101132,5.288662,49.61692,2
101133,5.288729,49.616874,2
101134,5.288663,49.616929,2
101135,5.29095,49.61875,2
101136,5.28892,49.61684,2
101137,5.291551,49.618081,2
101138,5.29095,49.61875,2
101139,5.29095,49.61875,2
101140,5.29095,49.61875,2
101141,5.288329,49.617387,2
101142,5.29095,49.61875,2
101143,5.290347,49.618074,2
101144,5.290905,49.619337,2
101145,5.29099,49.6188,2
101146,5.29099,49.6188,2
101147,5.290538,49.619697,2
101148,5.292631,49.619052,2
101149,5.29099,49.6188,2
101150,5.29099,49.6188,2
101151,5.288357,49.617152,2
101152,5.025086,49.211553,2
101153,5.03714,49.20817,2
101154,5.04225,49.19683,2
101155,5.04172,49.19787,2
101156,5.04342,49.19669,2
101157,5.04327,49.19548,2
101158,5.04332,49.19942,2
101159,5.04332,49.19942,2
101160,5.04986,49.19631,2
101161,5.04531,49.19644,2
101162,5.05323,49.193865,2
101163,5.045115,49.191621,2
101164,5.04332,49.19942,2
101165,5.04241,49.2014,2
101166,5.026052,49.211658,2
101167,5.03731,49.2082,2
101168,5.03767,49.2069,2
101169,5.03804,49.20601,2
101170,5.03803,49.20649,2
101171,5.037182,49.205663,2
101172,5.038263,49.205351,2
101173,5.03992,49.20139,2
101174,5.04172,49.19787,2
101175,5.04311,49.19558,2
101176,5.04172,49.19787,2
101177,5.04075,49.19942,2
101178,5.03994,49.20135,2
101179,5.04009,49.20143,2
101180,5.04172,49.19787,2
101181,5.03999,49.20128,2
101182,5.03996,49.20132,2
101183,5.04012,49.20138,2
101184,5.04013,49.20092,2
101185,5.04015,49.20133,2
101186,5.04041,49.20021,2
101187,5.04172,49.19787,2
101188,5.04075,49.19942,2
101189,5.04172,49.19787,2
101190,5.04122,49.19855,2
101191,5.04173,49.19769,2
101192,5.04225,49.19683,2
101193,5.04225,49.19683,2
101194,5.04165,49.19816,2
101195,5.04172,49.19787,2
101196,5.04318,49.19625,2
101197,5.04203,49.19612,2
101198,5.044,49.19646,2
101199,5.04249,49.19596,2
101200,5.04203,49.19612,2
101201,5.04155,49.19603,2
101202,5.04289,49.19577,2
101203,5.04348,49.19658,2
101204,5.0433,49.19514,2
101205,5.03924,49.20352,2
101206,5.04418,49.19398,2
101207,5.04468,49.19317,2
101208,5.04519,49.19236,2
101209,5.0438,49.19462,2
101210,5.04395,49.19404,2
101211,5.04363,49.19458,2
101212,5.04433,49.19343,2
101213,5.04508,49.19221,2
101214,5.04471,49.19282,2
101215,5.03924,49.20352,2
101216,5.030265,49.190931,2
101217,5.029498,49.195686,2
101218,5.04453,49.1967,2
101219,5.04431,49.1971,2
101220,5.04352,49.199,2
101221,5.04395,49.19777,2
101222,5.04354,49.198193,2
101223,5.04437,49.19694,2
101224,5.04986,49.19631,2
101225,5.04531,49.19644,2
101226,5.04986,49.19631,2
101227,5.0431,49.20022,2
101228,5.04172,49.19787,2
101229,5.042813,49.200546,2
101230,5.05565,49.23081,2
101231,5.0551,49.23074,2
101232,5.0551,49.23074,2
101233,5.05557,49.23091,2
101234,5.0582,49.22929,2
101235,5.05918,49.22942,2
101236,5.058891,49.229068,2
101237,5.05796,49.23319,2
101238,5.05549,49.23273,2
101239,5.08909,49.22587,2
101240,5.05007,49.23197,2
101241,5.05806,49.23309,2
101242,5.05616,49.23267,2
101243,5.057072,49.230763,2
101244,5.051447,49.229785,2
101245,5.05461,49.23087,2
101246,5.05007,49.23197,2
101247,5.05007,49.23197,2
101248,5.056899,49.226182,2
101249,5.051443,49.230738,2
101250,5.051059,49.229712,2
101251,5.05851,49.23121,2
101252,5.04803,49.22934,2
101253,5.0489,49.22933,2
101254,5.0497,49.22955,2
101255,5.05398,49.23022,2
101256,5.05461,49.23087,2
101257,5.05427,49.23032,2
101258,5.05412,49.2304,2
101259,5.05387,49.23031,2
101260,5.053956,49.23024,2
101261,5.05457,49.23042,2
101262,5.05486,49.23052,2
101263,5.054348,49.230384,2
101264,5.05516,49.23063,2
101265,5.05461,49.23057,2
101266,5.05851,49.23121,2
101267,5.05557,49.23091,2
101268,5.05632,49.23112,2
101269,5.05851,49.23121,2
101270,5.05673,49.23124,2
101271,5.05639,49.23101,2
101272,5.05182,49.22988,2
101273,5.05713,49.23169,2
101274,5.05851,49.23121,2
101275,5.05671,49.23161,2
101276,5.05663,49.23178,2
101277,5.05461,49.23087,2
101278,5.05461,49.23087,2
101279,5.05895,49.22966,2
101280,5.05732,49.23147,2
101281,5.05693,49.23137,2
101282,5.05772,49.23181,2
101283,5.05007,49.23197,2
101284,5.05719,49.23155,2
101285,5.05782,49.23171,2
101286,5.05844,49.23195,2
101287,5.05886,49.23221,2
101288,5.05851,49.23121,2
101289,5.05857,49.23114,2
101290,5.05865,49.23082,2
101291,5.05872,49.2305,2
101292,5.05886,49.22985,2
101293,5.05847,49.2308,2
101294,5.05692,49.22792,2
101295,5.059139,49.229098,2
101296,5.059139,49.229098,2
101297,5.05984,49.22919,2
101298,5.059708,49.229211,2
101299,5.05851,49.23121,2
101300,5.05832,49.23177,2
101301,5.05879,49.23018,2
101302,5.06043,49.22927,2
101303,5.0547,49.22364,2
101304,5.04912,49.23912,2
101305,5.059845,49.229208,2
101306,5.05673,49.22669,2
101307,5.05836,49.23205,2
101308,5.05894,49.23355,2
101309,5.05894,49.23355,2
101310,5.05786,49.23236,2
101311,5.05851,49.23121,2
101312,5.05806,49.23309,2
101313,5.05711,49.23276,2
101314,5.05664,49.23272,2
101315,5.05556,49.23348,2
101316,5.05574,49.23295,2
101317,5.05616,49.23267,2
101318,5.05468,49.23266,2
101319,5.05571,49.23263,2
101320,5.05446,49.23254,2
101321,5.05488,49.23256,2
101322,5.0553,49.23259,2
101323,5.072496,49.216199,2
101324,5.05196,49.229881,2
101325,5.051443,49.230738,2
101326,5.251052,49.59487,2
101327,5.25046,49.59532,2
101328,5.2544,49.59296,2
101329,5.250352,49.597628,2
101330,5.25046,49.59532,2
101331,5.25073,49.59675,2
101332,5.25046,49.59532,2
101333,5.25046,49.59532,2
101334,5.2544,49.59296,2
101335,5.24865,49.59703,2
101336,5.24865,49.59703,2
101337,5.24865,49.59703,2
101338,5.24865,49.59703,2
101339,5.24865,49.59703,2
101340,5.24865,49.59703,2
101341,5.25046,49.59532,2
101342,5.24865,49.59703,2
101343,5.24865,49.59703,2
101344,5.24865,49.59703,2
101345,5.24865,49.59703,2
101346,5.24865,49.59703,2
101347,5.24865,49.59703,2
101348,5.25206,49.59781,2
101349,5.25046,49.59532,2
101350,5.25206,49.59781,2
101351,5.25206,49.59781,2
101352,5.25046,49.59532,2
101353,5.25046,49.59532,2
101354,5.25206,49.59781,2
101355,5.25068,49.5968,2
101356,5.252245,49.597843,2
101357,5.25068,49.5968,2
101358,5.25068,49.5968,2
101359,5.25219,49.5975,2
101360,5.252562,49.597593,2
101361,5.25219,49.5975,2
101362,5.25192,49.597249,2
101363,5.25046,49.59532,2
101364,5.25046,49.59532,2
101365,5.25068,49.5968,2
101366,5.25046,49.59532,2
101367,5.25046,49.59532,2
101368,5.24865,49.59703,2
101369,5.254553,49.596861,2
101370,5.24865,49.59703,2
101371,5.24865,49.59703,2
101372,5.24865,49.59703,2
101373,5.24865,49.59703,2
101374,5.24865,49.59703,2
101375,5.24865,49.59703,2
101376,5.24865,49.59703,2
101377,5.34151,49.60224,2
101378,5.34147,49.60106,2
101379,5.34052,49.60238,2
101380,5.34151,49.60224,2
101381,5.34052,49.60238,2
101382,5.33918,49.60291,2
101383,5.340914,49.602916,2
101384,5.34251,49.60235,2
101385,5.341953,49.603411,2
101386,5.342721,49.60377,2
101387,5.334981,49.601724,2
101388,5.34251,49.60235,2
101389,5.335913,49.602051,2
101390,5.336654,49.602429,2
101391,5.336839,49.602523,2
101392,5.337095,49.602642,2
101393,5.337109,49.602642,2
101394,5.338059,49.602807,2
101395,5.337542,49.602712,2
101396,5.337891,49.602775,2
101397,5.338284,49.602864,2
101398,5.338284,49.602864,2
101399,5.34082,49.60331,2
101400,5.34082,49.60331,2
101401,5.34082,49.60331,2
101402,5.34251,49.60235,2
101403,5.34052,49.60238,2
101404,5.34052,49.60238,2
101405,5.33931,49.60291,2
101406,5.34082,49.60331,2
101407,5.34052,49.60238,2
101408,5.34052,49.60238,2
101409,5.34082,49.60331,2
101410,5.34082,49.60331,2
101411,5.34082,49.60331,2
101412,5.34082,49.60331,2
101413,5.34082,49.60331,2
101414,5.34082,49.60331,2
101415,5.34151,49.60224,2
101416,5.34082,49.60331,2
101417,5.34082,49.60331,2
101418,5.34082,49.60331,2
101419,5.34082,49.60331,2
101420,5.341953,49.603411,2
101421,5.341967,49.60342,2
101422,5.341953,49.603411,2
101423,5.342735,49.603769,2
101424,5.337908,49.602352,2
101425,5.338524,49.602247,2
101426,5.338524,49.602247,2
101427,5.338524,49.602247,2
101428,5.338497,49.602257,2
101429,5.339301,49.602048,2
101430,5.338524,49.602247,2
101431,5.338511,49.602257,2
101432,5.339301,49.602048,2
101433,5.339642,49.601968,2
101434,5.338524,49.602247,2
101435,5.340235,49.601944,2
101436,5.34169,49.60182,2
101437,5.34169,49.60182,2
101438,5.33931,49.60291,2
101439,5.34169,49.60182,2
101440,5.34169,49.60182,2
101441,5.34169,49.60182,2
101442,5.34169,49.60182,2
101443,5.34169,49.60182,2
101444,5.34169,49.60182,2
101445,5.34251,49.60235,2
101446,5.34251,49.60235,2
101447,5.34251,49.60235,2
101448,5.34057,49.60297,2
101449,5.34052,49.60238,2
101450,5.34151,49.60224,2
101451,5.33931,49.60291,2
101452,5.34029,49.60292,2
101453,5.34047,49.60297,2
101454,5.34068,49.60297,2
101455,5.3483,49.60779,2
101456,5.34207,49.61687,2
101457,5.34869,49.61502,2
101458,5.348082,49.614476,2
101459,5.355089,49.611344,2
101460,5.35083,49.614164,2
101461,5.35106,49.613377,2
101462,5.3522,49.61505,2
101463,5.34938,49.61474,2
101464,5.35175,49.61324,2
101465,5.3522,49.61505,2
101466,5.3522,49.61505,2
101467,5.3522,49.61505,2
101468,5.3522,49.61505,2
101469,5.3522,49.61505,2
101470,5.355528,49.615018,2
101471,5.35423,49.61687,2
101472,5.359224,49.615069,2
101473,5.3522,49.61505,2
101474,5.3522,49.61505,2
101475,5.3522,49.61505,2
101476,5.3522,49.61505,2
101477,5.3522,49.61505,2
101478,5.34938,49.61474,2
101479,5.3503,49.61493,2
101480,5.34207,49.61687,2
101481,5.35081,49.61452,2
101482,5.35081,49.61452,2
101483,5.34869,49.61502,2
101484,5.35423,49.61687,2
101485,5.35423,49.61687,2
101486,5.35122,49.61376,2
101487,5.34869,49.61502,2
101488,5.35423,49.61687,2
101489,5.34869,49.61502,2
101490,5.35423,49.61687,2
101491,5.323914,49.614895,2
101492,5.325482,49.615692,2
101493,5.325482,49.615692,2
101494,5.34938,49.61474,2
101495,5.329523,49.616671,2
101496,5.34207,49.61687,2
101497,5.34207,49.61687,2
101498,5.34207,49.61687,2
101499,5.34207,49.61687,2
101500,5.34869,49.61502,2
101501,5.34577,49.61581,2
101502,5.34573,49.6157,2
101503,5.34869,49.61502,2
101504,5.34664,49.61566,2
101505,5.34882,49.61569,2
101506,5.34882,49.61569,2
101507,5.34882,49.61569,2
101508,5.34659,49.61555,2
101509,5.34983,49.6148,2
101510,5.35423,49.61687,2
101511,5.34982,49.61468,2
101512,5.34949,49.61468,2
101513,5.34917,49.61472,2
101514,5.34888,49.61483,2
101515,5.34952,49.6148,2
101516,5.34923,49.61483,2
101517,5.34896,49.61494,2
101518,5.350502,49.61446,2
101519,5.350647,49.614349,2
101520,5.350647,49.614349,2
101521,5.350829,49.614156,2
101522,5.35095,49.61414,2
101523,5.35098,49.61401,2
101524,5.35104,49.61376,2
101525,5.35107,49.61363,2
101526,5.35106,49.613377,2
101527,5.35114,49.61337,2
101528,5.35142,49.61323,2
101529,5.35122,49.61376,2
101530,5.3522,49.61505,2
101531,5.3522,49.61505,2
101532,5.3522,49.61505,2
101533,5.3522,49.61505,2
101534,5.3522,49.61505,2
101535,5.3522,49.61505,2
101536,5.3522,49.61505,2
101537,5.3522,49.61505,2
101538,5.35172,49.61483,2
101539,5.3522,49.61505,2
101540,5.3522,49.61505,2
101541,5.3522,49.61505,2
101542,5.3522,49.61505,2
101543,5.35423,49.61687,2
101544,5.35423,49.61687,2
101545,5.35423,49.61687,2
101546,5.35423,49.61687,2
101547,5.35423,49.61687,2
101548,5.35423,49.61687,2
101549,5.35423,49.61687,2
101550,5.353649,49.615991,2
101551,5.3522,49.61505,2
101552,5.3522,49.61505,2
101553,5.3522,49.61505,2
101554,5.3522,49.61505,2
101555,5.3522,49.61505,2
101556,5.35232,49.61532,2
101557,5.35204,49.61524,2
101558,5.35172,49.61483,2
101559,5.35176,49.61516,2
101560,5.35146,49.61513,2
101561,5.35116,49.6151,2
101562,5.35086,49.61507,2
101563,5.34938,49.61474,2
101564,5.35081,49.61452,2
101565,5.35039,49.61483,2
101566,5.35081,49.61452,2
101567,5.35081,49.61452,2
101568,5.35081,49.61452,2
101569,5.27559,49.59215,2
101570,5.272698,49.591407,2
101571,5.273332,49.592326,2
101572,5.27559,49.59215,2
101573,5.273724,49.591688,2
101574,5.27417,49.59139,2
101575,5.274065,49.591617,2
101576,5.274065,49.591617,2
101577,5.27451,49.59187,2
101578,5.27559,49.59215,2
101579,5.274401,49.591914,2
101580,5.274401,49.591914,2
101581,5.274401,49.591914,2
101582,5.274401,49.591914,2
101583,5.27642,49.59184,2
101584,5.27642,49.59184,2
101585,5.27523,49.59219,2
101586,5.27529,49.5923,2
101587,5.27559,49.59215,2
101588,5.27559,49.59215,2
101589,5.275237,49.59228,2
101590,5.27581,49.59265,2
101591,5.275237,49.59228,2
101592,5.27559,49.59215,2
101593,5.275559,49.592101,2
101594,5.27546,49.59234,2
101595,5.27559,49.59215,2
101596,5.275559,49.592101,2
101597,5.27559,49.59215,2
101598,5.27559,49.59215,2
101599,5.27559,49.59215,2
101600,5.27559,49.59215,2
101601,5.277112,49.59219,2
101602,5.27451,49.59187,2
101603,5.277112,49.59219,2
101604,5.277112,49.59219,2
101605,5.27559,49.59215,2
101606,5.276799,49.592269,2
101607,5.27559,49.59215,2
101608,5.277487,49.592207,2
101609,5.277487,49.592207,2
101610,5.277487,49.592207,2
101611,5.278487,49.592525,2
101612,5.27559,49.59215,2
101613,5.278458,49.592507,2
101614,5.27559,49.59215,2
101615,5.278458,49.592507,2
101616,5.278458,49.592507,2
101617,5.278458,49.592507,2
101618,5.27559,49.59215,2
101619,5.279121,49.592734,2
101620,5.279121,49.592734,2
101621,5.279667,49.592855,2
101622,5.267994,49.58123,2
101623,5.276605,49.592265,2
101624,5.27559,49.59215,2
101625,5.27559,49.59215,2
101626,5.280421,49.59299,2
101627,5.281615,49.593078,2
101628,5.292317,49.59571,2
101629,5.272698,49.591407,2
101630,5.26931,49.589934,2
101631,5.273402,49.592585,2
101632,5.27417,49.59139,2
101633,5.277141,49.592198,2
101634,5.27559,49.59215,2
101635,5.281615,49.593078,2
101636,5.27559,49.59215,2
101637,5.27546,49.59234,2
101638,5.269752,49.590175,2
101639,5.27564,49.59218,2
101640,5.27564,49.59218,2
101641,5.270369,49.590565,2
101642,5.27417,49.59139,2
101643,5.26931,49.589934,2
101644,5.272698,49.591407,2
101645,5.26931,49.589934,2
101646,5.270996,49.590891,2
101647,5.270996,49.590891,2
101648,5.270427,49.590608,2
101649,5.269695,49.59015,2
101650,5.269695,49.59015,2
101651,5.26971,49.590158,2
101652,5.272698,49.591407,2
101653,5.272698,49.591407,2
101654,5.272698,49.591407,2
101655,5.272698,49.591407,2
101656,5.27559,49.59215,2
101657,4.36285,49.50793,2
101658,4.36283,49.50811,2
101659,4.36283,49.50811,2
101660,4.36283,49.50811,2
101661,4.36283,49.50811,2
101662,4.35206,49.50791,2
101663,4.36283,49.50811,2
101664,4.36283,49.50811,2
101665,4.3521,49.50775,2
101666,4.35287,49.51004,2
101667,4.36283,49.50811,2
101668,4.36283,49.50811,2
101669,4.36338,49.50742,2
101670,4.36285,49.50793,2
101671,4.35188,49.5079,2
101672,4.3543,49.50976,2
101673,4.3543,49.50976,2
101674,4.3543,49.50976,2
101675,4.36272,49.50584,2
101676,4.36272,49.50584,2
101677,4.36272,49.50584,2
101678,4.36286,49.50601,2
101679,4.36286,49.50601,2
101680,4.36286,49.50601,2
101681,4.36286,49.50601,2
101682,4.36294,49.50609,2
101683,4.36301,49.50618,2
101684,4.36308,49.50626,2
101685,4.36315,49.50635,2
101686,4.36315,49.50635,2
101687,4.36279,49.50593,2
101688,4.36315,49.50635,2
101689,4.36286,49.50601,2
101690,4.36315,49.50635,2
101691,4.3543,49.50976,2
101692,4.36286,49.50601,2
101693,4.36294,49.50609,2
101694,4.36315,49.50635,2
101695,4.36301,49.50618,2
101696,4.36315,49.50635,2
101697,4.36315,49.50635,2
101698,4.36315,49.50635,2
101699,4.36323,49.50643,2
101700,4.3633,49.50652,2
101701,4.36337,49.5066,2
101702,4.36337,49.5066,2
101703,4.36337,49.5066,2
101704,4.36337,49.5066,2
101705,4.36344,49.50668,2
101706,4.36344,49.50668,2
101707,4.36344,49.50668,2
101708,4.36344,49.50668,2
101709,4.36365,49.5069,2
101710,4.36365,49.5069,2
101711,4.36344,49.50668,2
101712,4.36349,49.50696,2
101713,4.36356,49.50701,2
101714,4.36365,49.5069,2
101715,4.36104,49.5078,2
101716,4.36365,49.5069,2
101717,4.36365,49.5069,2
101718,4.3628,49.50829,2
101719,4.36349,49.50696,2
101720,4.36263,49.50823,2
101721,4.3543,49.50976,2
101722,4.36349,49.50696,2
101723,4.36349,49.50696,2
101724,4.36333,49.50701,2
101725,4.36308,49.5071,2
101726,4.36297,49.50711,2
101727,4.36297,49.50711,2
101728,4.36073,49.5079,2
101729,4.36042,49.50799,2
101730,4.36048,49.50805,2
101731,4.36048,49.50805,2
101732,4.35976,49.5082,2
101733,4.35962,49.50768,2
101734,4.35952,49.50769,2
101735,4.35962,49.50768,2
101736,4.35907,49.50684,2
101737,4.35937,49.50725,2
101738,4.35947,49.50685,2
101739,4.35988,49.50688,2
101740,4.35901,49.50733,2
101741,4.35881,49.50774,2
101742,4.3586,49.50803,2
101743,4.3587,49.50802,2
101744,4.35874,49.50807,2
101745,4.35878,49.50812,2
101746,4.35883,49.50817,2
101747,4.35887,49.50822,2
101748,4.35891,49.50827,2
101749,4.35896,49.50832,2
101750,4.359,49.50837,2
101751,4.35909,49.50847,2
101752,4.35924,49.50841,2
101753,4.3592,49.50836,2
101754,4.35916,49.50831,2
101755,4.35907,49.50821,2
101756,4.35903,49.50816,2
101757,4.35898,49.50811,2
101758,4.35894,49.50806,2
101759,4.3589,49.50801,2
101760,4.35885,49.50796,2
101761,4.35835,49.50872,2
101762,4.35876,49.5087,2
101763,4.35934,49.50882,2
101764,4.35933,49.50848,2
101765,4.35935,49.50835,2
101766,4.35287,49.51004,2
101767,4.36053,49.50737,2
101768,4.35974,49.50834,2
101769,4.3543,49.50976,2
101770,4.35995,49.50827,2
101771,4.35962,49.50768,2
101772,4.35962,49.50768,2
101773,4.35962,49.50768,2
101774,4.35962,49.50768,2
101775,4.3602,49.50819,2
101776,4.35166,49.50737,2
101777,4.3605,49.5081,2
101778,4.35166,49.50737,2
101779,4.3608,49.50801,2
101780,4.3609,49.50801,2
101781,4.35166,49.50737,2
101782,4.36102,49.50816,2
101783,4.36125,49.50847,2
101784,4.35166,49.50737,2
101785,4.36113,49.50832,2
101786,4.36113,49.5079,2
101787,4.35166,49.50737,2
101788,4.36147,49.50778,2
101789,4.35166,49.50737,2
101790,4.36248,49.50743,2
101791,4.35166,49.50737,2
101792,4.3633,49.50722,2
101793,4.35166,49.50737,2
101794,4.35166,49.50737,2
101795,4.35166,49.50737,2
101796,4.35166,49.50737,2
101797,4.36295,49.50752,2
101798,4.35166,49.50737,2
101799,4.36274,49.50769,2
101800,4.35166,49.50737,2
101801,4.36268,49.50782,2
101802,4.35287,49.51004,2
101803,4.36267,49.50796,2
101804,4.35287,49.51004,2
101805,4.36265,49.50809,2
101806,4.36267,49.50796,2
101807,4.35287,49.51004,2
101808,4.36269,49.50847,2
101809,4.35287,49.51004,2
101810,4.35287,49.51004,2
101811,4.36269,49.50847,2
101812,4.36263,49.50823,2
101813,4.35287,49.51004,2
101814,4.36261,49.50836,2
101815,4.35287,49.51004,2
101816,4.36263,49.50823,2
101817,4.36263,49.50823,2
101818,4.3626,49.5085,2
101819,4.3628,49.50829,2
101820,4.36278,49.50847,2
101821,4.36258,49.50863,2
101822,4.36276,49.50865,2
101823,4.36273,49.50882,2
101824,4.35287,49.51004,2
101825,4.36267,49.509,2
101826,4.3626,49.50917,2
101827,4.36256,49.50877,2
101828,4.36263,49.50952,2
101829,4.36252,49.5089,2
101830,4.36247,49.50903,2
101831,4.36242,49.50916,2
101832,4.36242,49.50943,2
101833,4.36246,49.50956,2
101834,4.36048,49.50579,2
101835,4.36048,49.50579,2
101836,4.35949,49.5064,2
101837,4.35884,49.50702,2
101838,4.35822,49.50788,2
101839,4.35547,49.51035,2
101840,4.35789,49.50835,2
101841,4.35778,49.50851,2
101842,4.35547,49.51035,2
101843,4.35547,49.51035,2
101844,4.35744,49.50971,2
101845,4.35774,49.50828,2
101846,4.35748,49.50863,2
101847,4.35707,49.50909,2
101848,4.35844,49.50882,2
101849,4.35704,49.51006,2
101850,4.35644,49.51018,2
101851,4.3558,49.51024,2
101852,4.35517,49.51033,2
101853,4.35711,49.51018,2
101854,4.35637,49.5103,2
101855,4.35559,49.51038,2
101856,4.35461,49.51054,2
101857,4.35406,49.51075,2
101858,4.35547,49.51035,2
101859,4.35488,49.51057,2
101860,4.35421,49.51083,2
101861,4.35373,49.51096,2
101862,4.35361,49.51087,2
101863,4.35166,49.50737,2
101864,4.35379,49.51083,2
101865,4.35372,49.51077,2
101866,4.35166,49.50737,2
101867,4.35364,49.51071,2
101868,4.3535,49.51078,2
101869,4.3543,49.50976,2
101870,4.35338,49.51069,2
101871,4.35357,49.51065,2
101872,4.3535,49.51059,2
101873,4.35338,49.51068,2
101874,4.35326,49.51073,2
101875,4.35314,49.51078,2
101876,4.35302,49.51083,2
101877,4.3529,49.51089,2
101878,4.35278,49.51094,2
101879,4.35266,49.51099,2
101880,4.35254,49.51104,2
101881,4.35242,49.5111,2
101882,4.35232,49.511,2
101883,4.35246,49.51094,2
101884,4.35259,49.51088,2
101885,4.35273,49.51082,2
101886,4.35286,49.51076,2
101887,4.353,49.5107,2
101888,4.35314,49.51064,2
101889,4.35327,49.51058,2
101890,4.35328,49.5106,2
101891,4.3532,49.51053,2
101892,4.35313,49.51046,2
101893,4.35305,49.51039,2
101894,4.3531,49.51025,2
101895,4.35321,49.51033,2
101896,4.35336,49.51027,2
101897,4.35322,49.51019,2
101898,4.35334,49.51013,2
101899,4.35351,49.5102,2
101900,4.35366,49.51013,2
101901,4.35347,49.51008,2
101902,4.35359,49.51002,2
101903,4.3538,49.51007,2
101904,4.3538,49.51006,2
101905,4.3539,49.51014,2
101906,4.35399,49.51022,2
101907,4.35409,49.5103,2
101908,4.35418,49.51037,2
101909,4.35433,49.51031,2
101910,4.35425,49.51024,2
101911,4.35417,49.51018,2
101912,4.35409,49.51011,2
101913,4.35401,49.51005,2
101914,4.35393,49.50998,2
101915,4.35371,49.50996,2
101916,4.35385,49.5099,2
101917,4.35401,49.50982,2
101918,4.35417,49.50974,2
101919,4.35432,49.50966,2
101920,4.35412,49.50991,2
101921,4.35459,49.50967,2
101922,4.35448,49.50958,2
101923,4.35464,49.5095,2
101924,4.35476,49.5096,2
101925,4.35487,49.50971,2
101926,4.35499,49.50982,2
101927,4.35287,49.51004,2
101928,4.35515,49.50977,2
101929,4.35507,49.50968,2
101930,4.35498,49.5096,2
101931,4.35489,49.50952,2
101932,4.35474,49.5094,2
101933,4.35501,49.50926,2
101934,4.3551,49.50908,2
101935,4.35484,49.50921,2
101936,4.35494,49.50903,2
101937,4.35506,49.5089,2
101938,4.35495,49.50873,2
101939,4.35479,49.50858,2
101940,4.35454,49.50848,2
101941,4.3543,49.50838,2
101942,4.35484,49.50885,2
101943,4.35471,49.50869,2
101944,4.35446,49.50858,2
101945,4.35421,49.50848,2
101946,4.3543,49.50976,2
101947,4.35395,49.50861,2
101948,4.35395,49.50861,2
101949,4.35394,49.50849,2
101950,4.3538,49.50867,2
101951,4.35221,49.50744,2
101952,4.35395,49.50861,2
101953,4.35387,49.50858,2
101954,4.35233,49.5073,2
101955,4.35401,49.5084,2
101956,4.35296,49.51029,2
101957,4.35287,49.51018,2
101958,4.35277,49.51007,2
101959,4.35268,49.50996,2
101960,4.35258,49.50984,2
101961,4.35287,49.51004,2
101962,4.3527,49.50979,2
101963,4.35278,49.50976,2
101964,4.35287,49.50972,2
101965,4.35295,49.50969,2
101966,4.35303,49.50965,2
101967,4.35311,49.50962,2
101968,4.35319,49.50959,2
101969,4.35327,49.50955,2
101970,4.35336,49.50952,2
101971,4.35325,49.50942,2
101972,4.35314,49.50947,2
101973,4.35304,49.50951,2
101974,4.35293,49.50956,2
101975,4.35283,49.5096,2
101976,4.35272,49.50964,2
101977,4.35262,49.50969,2
101978,4.35263,49.50964,2
101979,4.3525,49.50945,2
101980,4.35237,49.50927,2
101981,4.35224,49.50908,2
101982,4.35211,49.50889,2
101983,4.35198,49.50871,2
101984,4.35287,49.51004,2
101985,4.35195,49.50865,2
101986,4.35206,49.50858,2
101987,4.35216,49.50852,2
101988,4.35227,49.50846,2
101989,4.35226,49.50846,2
101990,4.35237,49.50852,2
101991,4.35248,49.50859,2
101992,4.35258,49.50866,2
101993,4.35269,49.50872,2
101994,4.3528,49.50879,2
101995,4.35294,49.50871,2
101996,4.35287,49.50867,2
101997,4.3528,49.50862,2
101998,4.35272,49.50858,2
101999,4.35265,49.50854,2
102000,4.35258,49.50849,2
102001,4.35251,49.50845,2
102002,4.35244,49.50841,2
102003,4.35236,49.50836,2
102004,4.35247,49.50833,2
102005,4.35279,49.5082,2
102006,4.35319,49.50817,2
102007,4.35355,49.50825,2
102008,4.35391,49.50837,2
102009,4.35188,49.50854,2
102010,4.35193,49.50838,2
102011,4.35197,49.50823,2
102012,4.35201,49.50807,2
102013,4.35166,49.50737,2
102014,4.3543,49.50976,2
102015,4.35287,49.51004,2
102016,4.35215,49.5076,2
102017,4.3629,49.50776,2
102018,4.35547,49.51035,2
102019,4.3629,49.50776,2
102020,4.3629,49.50776,2
102021,4.3629,49.50776,2
102022,4.3629,49.50776,2
102023,4.3629,49.50776,2
102024,4.3629,49.50776,2
102025,4.3629,49.50776,2
102026,4.36308,49.5076,2
102027,4.36308,49.5076,2
102028,4.36308,49.5076,2
102029,4.36308,49.5076,2
102030,4.36308,49.5076,2
102031,4.36308,49.5076,2
102032,4.36308,49.5076,2
102033,4.36308,49.5076,2
102034,4.36338,49.50742,2
102035,4.36338,49.50742,2
102036,4.36285,49.50793,2
102037,4.36285,49.50793,2
102038,4.36285,49.50793,2
102039,4.36285,49.50793,2
102040,4.36285,49.50793,2
102041,4.36285,49.50793,2
102042,4.35314,49.50947,2
102043,4.36285,49.50793,2
102044,4.35314,49.50947,2
102045,5.31781,49.59927,2
102046,5.31508,49.59935,2
102047,5.31508,49.59935,2
102048,5.31751,49.60017,2
102049,5.31751,49.60017,2
102050,5.3179,49.59932,2
102051,5.3179,49.59932,2
102052,5.318135,49.599543,2
102053,5.3179,49.59932,2
102054,5.3179,49.59932,2
102055,5.31041,49.60098,2
102056,5.30747,49.60308,2
102057,5.299762,49.593668,2
102058,5.3179,49.59932,2
102059,5.31955,49.600344,2
102060,5.31781,49.59927,2
102061,5.31781,49.59927,2
102062,5.3188,49.59832,2
102063,5.31882,49.59825,2
102064,5.32296,49.59641,2
102065,5.321303,49.596966,2
102066,5.32296,49.59641,2
102067,5.3179,49.59932,2
102068,5.3188,49.59832,2
102069,5.3188,49.59832,2
102070,5.3188,49.59832,2
102071,5.3179,49.59932,2
102072,5.31751,49.60017,2
102073,5.3179,49.59932,2
102074,5.31751,49.60017,2
102075,5.3188,49.59832,2
102076,5.3179,49.59932,2
102077,5.3179,49.59932,2
102078,5.32296,49.59641,2
102079,5.31911,49.598009,2
102080,5.32296,49.59641,2
102081,5.32296,49.59641,2
102082,5.3179,49.59932,2
102083,5.317975,49.599421,2
102084,5.318401,49.599851,2
102085,5.318401,49.599851,2
102086,5.318401,49.599851,2
102087,5.318401,49.599851,2
102088,5.319327,49.600305,2
102089,5.318401,49.599851,2
102090,5.3179,49.59932,2
102091,5.319327,49.600305,2
102092,5.318401,49.599851,2
102093,5.3179,49.59932,2
102094,5.31751,49.60017,2
102095,5.31751,49.60017,2
102096,5.31751,49.60017,2
102097,5.31751,49.60017,2
102098,5.31751,49.60017,2
102099,5.31751,49.60017,2
102100,5.3179,49.59932,2
102101,5.3179,49.59932,2
102102,5.316647,49.600353,2
102103,5.31751,49.60017,2
102104,5.3179,49.59932,2
102105,5.31751,49.60017,2
102106,5.31751,49.60017,2
102107,5.31751,49.60017,2
102108,5.31751,49.60017,2
102109,5.31508,49.59935,2
102110,5.31508,49.59935,2
102111,5.3179,49.59932,2
102112,5.318135,49.599552,2
102113,5.318135,49.599552,2
102114,5.3179,49.59932,2
102115,5.318164,49.599578,2
102116,5.318164,49.599578,2
102117,5.31781,49.5984,2
102118,5.31781,49.5984,2
102119,5.3179,49.59932,2
102120,5.31781,49.5984,2
102121,5.31781,49.5984,2
102122,5.31781,49.5984,2
102123,5.31781,49.5984,2
102124,5.31781,49.5984,2
102125,5.31781,49.5984,2
102126,5.31781,49.5984,2
102127,5.31781,49.5984,2
102128,5.31781,49.5984,2
102129,5.31781,49.5984,2
102130,5.3179,49.59932,2
102131,5.317806,49.597233,2
102132,5.31768,49.59717,2
102133,5.3179,49.59932,2
102134,5.318135,49.599543,2
102135,5.318343,49.59979,2
102136,5.318135,49.599543,2
102137,5.3179,49.59932,2
102138,5.31041,49.60098,2
102139,5.31041,49.60098,2
102140,5.30829,49.60238,2
102141,5.30829,49.60238,2
102142,5.31041,49.60098,2
102143,5.307088,49.600525,2
102144,5.31751,49.60017,2
102145,5.31751,49.60017,2
102146,5.0755,49.20414,2
102147,5.092302,49.204445,2
102148,5.082794,49.206254,2
102149,5.07321,49.2038,2
102150,5.07304,49.20239,2
102151,5.0755,49.20414,2
102152,5.07304,49.20239,2
102153,5.07304,49.20239,2
102154,5.07304,49.20377,2
102155,5.0755,49.20414,2
102156,5.07304,49.20377,2
102157,5.07304,49.20239,2
102158,5.06763,49.20276,2
102159,5.07304,49.20239,2
102160,5.07321,49.2038,2
102161,5.07304,49.20377,2
102162,5.07304,49.20377,2
102163,5.0755,49.20414,2
102164,5.092302,49.204445,2
102165,4.23258,49.75919,2
102166,4.22502,49.76363,2
102167,4.22502,49.76363,2
102168,4.22272,49.76293,2
102169,4.22502,49.76363,2
102170,4.73666,49.85996,2
102171,4.73914,49.86316,2
102172,4.73702,49.86107,2
102173,4.73695,49.8585,2
102174,4.737,49.85836,2
102175,4.73891,49.85734,2
102176,4.73666,49.85996,2
102177,4.73755,49.85736,2
102178,4.73621,49.85965,2
102179,4.1828,49.76869,2
102180,4.17925,49.76824,2
102181,4.1799,49.77942,2
102182,4.17925,49.76824,2
102183,4.18613,49.77403,2
102184,4.18613,49.77403,2
102185,4.18181,49.77078,2
102186,4.18034,49.76984,2
102187,4.18034,49.76984,2
102188,4.18267,49.77025,2
102189,4.18267,49.77025,2
102190,4.18034,49.76984,2
102191,4.18111,49.76791,2
102192,4.18111,49.76791,2
102193,4.166406,49.771483,2
102194,4.17817,49.76984,2
102195,4.17817,49.76984,2
102196,4.18034,49.76984,2
102197,4.18034,49.76984,2
102198,4.180122,49.770737,2
102199,4.19188,49.75816,2
102200,4.17925,49.76824,2
102201,4.18613,49.77403,2
102202,4.18181,49.77078,2
102203,4.180284,49.774821,2
102204,4.17925,49.76824,2
102205,4.69197,49.76238,2
102206,4.69072,49.7627,2
102207,4.69072,49.7627,2
102208,4.6925,49.76442,2
102209,4.68949,49.76179,2
102210,4.69097,49.76056,2
102211,4.69051,49.76355,2
102212,4.69197,49.76238,2
102213,4.69197,49.76238,2
102214,4.63635,49.92858,2
102215,4.640765,49.932161,2
102216,4.63383,49.92943,2
102217,4.63383,49.92943,2
102218,4.63383,49.92943,2
102219,4.63383,49.92943,2
102220,4.63383,49.92943,2
102221,4.63383,49.92943,2
102222,4.63383,49.92943,2
102223,4.63709,49.92931,2
102224,4.63709,49.92931,2
102225,4.63776,49.92876,2
102226,4.63709,49.92931,2
102227,4.63383,49.92943,2
102228,4.63383,49.92943,2
102229,4.63383,49.92943,2
102230,4.63618,49.92892,2
102231,4.63635,49.92858,2
102232,4.78641,49.75429,2
102233,4.795092,49.756018,2
102234,4.79107,49.75338,2
102235,4.79107,49.75338,2
102236,4.79107,49.75338,2
102237,4.788,49.75332,2
102238,4.7906,49.7531,2
102239,4.78926,49.7532,2
102240,4.78926,49.7532,2
102241,4.78934,49.75349,2
102242,4.788,49.75332,2
102243,4.78742,49.75334,2
102244,4.79012,49.7536,2
102245,4.79107,49.75338,2
102246,5.288649,49.61693,2
102247,5.29346,49.61799,2
102248,5.29181,49.61794,2
102249,5.290669,49.619576,2
102250,5.29095,49.61875,2
102251,5.293278,49.617796,2
102252,5.29095,49.61875,2
102253,5.04172,49.19787,2
102254,5.04172,49.19787,2
102255,5.04986,49.19631,2
102256,5.042544,49.195941,2
102257,5.04172,49.19787,2
102258,5.0589,49.22963,2
102259,5.05851,49.23121,2
102260,5.05894,49.23355,2
102261,5.056843,49.23111,2
102262,5.05851,49.23121,2
102263,5.05851,49.23121,2
102264,5.24865,49.59703,2
102265,5.249769,49.596132,2
102266,5.25046,49.59532,2
102267,5.2544,49.59296,2
102268,5.34013,49.60328,2
102269,5.33931,49.60291,2
102270,5.33931,49.60291,2
102271,5.34036,49.60297,2
102272,5.33931,49.60291,2
102273,5.33931,49.60291,2
102274,5.343482,49.608236,2
102275,5.324957,49.615463,2
102276,5.34207,49.61687,2
102277,5.34938,49.61474,2
102278,5.34938,49.61474,2
102279,5.34938,49.61474,2
102280,5.34938,49.61474,2
102281,5.3522,49.61505,2
102282,5.34938,49.61474,2
102283,5.3522,49.61505,2
102284,5.270996,49.590891,2
102285,5.275394,49.592357,2
102286,5.27559,49.59215,2
102287,5.275394,49.592357,2
102288,5.277487,49.592207,2
102289,5.27559,49.59215,2
102290,4.3633,49.50722,2
102291,4.3633,49.50722,2
102292,4.36269,49.50847,2
102293,4.36338,49.50742,2
102294,4.36338,49.50742,2
102295,4.35547,49.51035,2
102296,4.35547,49.51035,2
102297,4.35287,49.51004,2
102298,4.36337,49.5066,2
102299,4.36286,49.50698,2
102300,4.36269,49.50847,2
102301,4.36269,49.50847,2
102302,5.323985,49.601933,2
102303,5.324018,49.602022,2
102304,5.323985,49.601933,2
102305,5.3179,49.59932,2
102306,5.3179,49.59932,2
102307,5.3179,49.59932,2
102308,5.318164,49.599578,2
102309,5.31041,49.60098,2
102310,5.307841,49.600633,2
102311,5.3179,49.59932,2
102312,5.3179,49.59932,2
102313,5.07304,49.20377,2
102314,5.07304,49.20377,2
102315,5.07304,49.20377,2
102316,5.07321,49.2038,2
102317,5.07304,49.20239,2
102318,5.07304,49.20377,2
102319,5.092314,49.204427,2
