"ID","Longitude","Latitude","ServiceTime (min)"
79174,4.73983,49.85658,2
79175,4.74012,49.85667,2
79176,4.7404,49.85677,2
79177,4.74069,49.85687,2
79178,4.74097,49.85698,2
79179,4.74097,49.85698,2
79180,4.74026,49.85621,2
79181,4.74039,49.85621,2
79182,4.74052,49.85622,2
79183,4.74052,49.85622,2
79184,4.74072,49.85694,2
79185,4.74014,49.85621,2
79186,4.74001,49.8562,2
79187,4.73988,49.8562,2
79188,4.73988,49.8562,2
79189,4.74065,49.85623,2
79190,4.74214,49.85184,2
79191,4.74078,49.85625,2
79192,4.7385,49.85608,2
79193,4.7382,49.85607,2
79194,4.73796,49.85588,2
79195,4.734002,49.860451,2
79196,4.73796,49.85588,2
79197,4.73834,49.856,2
79198,4.73975,49.85619,2
79199,4.7381,49.85581,2
79200,4.7381,49.85581,2
79201,4.73791,49.85566,2
79202,4.73776,49.85579,2
79203,4.73747,49.8557,2
79204,4.73717,49.85562,2
79205,4.73659,49.85545,2
79206,4.73659,49.85545,2
79207,4.73659,49.85545,2
79208,4.73659,49.85545,2
79209,4.73285,49.85485,2
79210,4.73285,49.85485,2
79211,4.7363,49.85537,2
79212,4.73601,49.85528,2
79213,4.73663,49.85534,2
79214,4.73572,49.8552,2
79215,4.73543,49.85511,2
79216,4.73543,49.85511,2
79217,4.73424,49.85495,2
79218,4.73424,49.85495,2
79219,4.74271,49.87207,2
79220,4.74263,49.87219,2
79221,4.74286,49.87289,2
79222,4.74286,49.87289,2
79223,4.74257,49.87124,2
79224,4.74263,49.87219,2
79225,4.74263,49.87219,2
79226,4.74263,49.87219,2
79227,4.74263,49.87219,2
79228,4.742591,49.873117,2
79229,4.74263,49.87219,2
79230,4.74263,49.87219,2
79231,4.73936,49.85608,2
79232,4.74263,49.87219,2
79233,4.74136,49.85625,2
79234,4.742587,49.873028,2
79235,4.74263,49.87219,2
79236,4.74364,49.85853,2
79237,4.74299,49.8557,2
79238,4.74275,49.87411,2
79239,4.74275,49.87403,2
79240,4.74826,49.85918,2
79241,4.74274,49.87395,2
79242,4.74274,49.87387,2
79243,4.74202,49.85351,2
79244,4.74273,49.87379,2
79245,4.73887,49.85639,2
79246,4.74273,49.87371,2
79247,4.73852,49.85619,2
79248,4.742557,49.872687,2
79249,4.73893,49.85608,2
79250,4.741424,49.874012,2
79251,4.742234,49.872325,2
79252,4.7427,49.873,2
79253,4.74271,49.87332,2
79254,4.742529,49.872382,2
79255,4.74271,49.87324,2
79256,4.742512,49.872319,2
79257,4.742303,49.872009,2
79258,4.74267,49.87284,2
79259,4.7426,49.87245,2
79260,4.74271,49.87308,2
79261,4.741968,49.871692,2
79262,4.74259,49.87237,2
79263,4.7424,49.87127,2
79264,4.74246,49.87166,2
79265,4.74256,49.87221,2
79266,4.74256,49.8564,2
79267,4.74244,49.8715,2
79268,4.74201,49.871692,2
79269,4.74178,49.85151,2
79270,4.74178,49.85151,2
79271,4.742235,49.872334,2
79272,4.742235,49.872334,2
79273,4.74252,49.87198,2
79274,4.741887,49.872035,2
79275,4.74248,49.87174,2
79276,4.74233,49.87087,2
79277,4.74241,49.87135,2
79278,4.74234,49.87095,2
79279,4.74237,49.87111,2
79280,4.73988,49.8562,2
79281,4.74211,49.86826,2
79282,4.74211,49.86826,2
79283,4.74195,49.86812,2
79284,4.74214,49.86815,2
79285,4.741926,49.869349,2
79286,4.74265,49.87276,2
79287,4.7409,49.85615,2
79288,4.74418,49.85747,2
79289,4.74072,49.85694,2
79290,4.74097,49.85698,2
79291,4.73915,49.85608,2
79292,4.73958,49.85608,2
79293,4.73973,49.85608,2
79294,4.73979,49.85608,2
79295,4.73986,49.85608,2
79296,4.74,49.85609,2
79297,4.74014,49.85609,2
79298,4.74021,49.85609,2
79299,4.74028,49.8561,2
79300,4.74035,49.8561,2
79301,4.74042,49.8561,2
79302,4.74049,49.8561,2
79303,4.74056,49.8561,2
79304,4.7407,49.85612,2
79305,4.74063,49.85611,2
79306,4.74076,49.85613,2
79307,4.74083,49.85614,2
79308,4.7409,49.85615,2
79309,4.74097,49.85616,2
79310,4.74103,49.85617,2
79311,4.7409,49.85615,2
79312,4.7418,49.85636,2
79313,4.74223,49.85647,2
79314,4.74418,49.85747,2
79315,4.74418,49.85747,2
79316,4.74173,49.85647,2
79317,4.74259,49.85669,2
79318,4.74072,49.85694,2
79319,4.74203,49.85753,2
79320,4.74235,49.85773,2
79321,4.74299,49.85813,2
79322,4.74331,49.85833,2
79323,4.74288,49.85632,2
79324,4.74319,49.85554,2
79325,4.74319,49.85554,2
79326,4.74345,49.8546,2
79327,4.74283,49.85607,2
79328,4.74303,49.85532,2
79329,4.74218,49.85143,2
79330,4.74218,49.85143,2
79331,4.74231,49.85149,2
79332,4.74243,49.85168,2
79333,4.74251,49.8522,2
79334,4.74253,49.85246,2
79335,4.74246,49.85303,2
79336,4.74241,49.85332,2
79337,4.74176,49.85066,2
79338,4.74214,49.85184,2
79339,4.74158,49.8506,2
79340,4.74185,49.85126,2
79341,4.742,49.85195,2
79342,4.74164,49.85106,2
79343,4.74178,49.85151,2
79344,4.74178,49.85151,2
79345,4.74211,49.85224,2
79346,4.74212,49.85242,2
79347,4.74213,49.8526,2
79348,4.74214,49.85278,2
79349,4.74211,49.85295,2
79350,4.74206,49.85313,2
79351,4.75863,49.85906,2
79352,4.74189,49.85365,2
79353,4.74202,49.85351,2
79354,4.74215,49.85155,2
79355,4.74231,49.85257,2
79356,4.74182,49.85383,2
79357,4.74172,49.85399,2
79358,4.74152,49.85487,2
79359,4.74215,49.85341,2
79360,4.74178,49.85422,2
79361,4.74235,49.85017,2
79362,4.74135,49.85469,2
79363,4.74139,49.85424,2
79364,4.74142,49.8545,2
79365,4.74152,49.85433,2
79366,4.74162,49.85416,2
79367,4.74152,49.85487,2
79368,4.74236,49.85361,2
79369,4.74224,49.85323,2
79370,4.7418,49.8545,2
79371,4.7423,49.8539,2
79372,4.74218,49.85418,2
79373,4.74134,49.85488,2
79374,4.74145,49.85506,2
79375,4.74202,49.85445,2
79376,4.74187,49.85472,2
79377,4.74171,49.855,2
79378,4.74148,49.85522,2
79379,4.74145,49.85541,2
79380,4.7413,49.85578,2
79381,4.74141,49.8556,2
79382,4.7413,49.85578,2
79383,4.74119,49.85596,2
79384,4.74108,49.85614,2
79385,4.74285,49.85681,2
79386,4.74302,49.85586,2
79387,4.74289,49.85667,2
79388,4.74308,49.8568,2
79389,4.74327,49.85692,2
79390,4.74346,49.85705,2
79391,4.74364,49.85718,2
79392,4.74384,49.8573,2
79393,4.74408,49.85738,2
79394,4.74408,49.85738,2
79395,4.74408,49.85738,2
79396,4.74432,49.85747,2
79397,4.74432,49.85747,2
79398,4.7354,49.85477,2
79399,4.74307,49.85696,2
79400,4.74329,49.85711,2
79401,4.74329,49.85711,2
79402,4.74307,49.85696,2
79403,4.74351,49.85726,2
79404,4.74375,49.8574,2
79405,4.74456,49.85755,2
79406,4.74403,49.8575,2
79407,4.7448,49.85763,2
79408,4.74504,49.85772,2
79409,4.74432,49.8576,2
79410,4.7446,49.8577,2
79411,4.74488,49.85779,2
79412,4.74504,49.85772,2
79413,4.74517,49.85789,2
79414,4.74541,49.85797,2
79415,4.74559,49.85803,2
79416,4.74577,49.85808,2
79417,4.74596,49.85814,2
79418,4.74624,49.85826,2
79419,4.74528,49.8578,2
79420,4.74655,49.85828,2
79421,4.74744,49.85872,2
79422,4.74665,49.85847,2
79423,4.74699,49.85864,2
79424,4.74704,49.85867,2
79425,4.74709,49.8587,2
79426,4.74715,49.85872,2
79427,4.74725,49.85878,2
79428,4.75863,49.85906,2
79429,4.7473,49.8588,2
79430,4.74736,49.85883,2
79431,4.74741,49.85886,2
79432,4.74746,49.85888,2
79433,4.74752,49.85891,2
79434,4.74757,49.85893,2
79435,4.74762,49.85896,2
79436,4.74767,49.85899,2
79437,4.74302,49.85586,2
79438,4.74778,49.85904,2
79439,4.7479,49.85938,2
79440,4.74776,49.85888,2
79441,4.74826,49.85918,2
79442,4.74814,49.85927,2
79443,4.74826,49.85918,2
79444,4.74418,49.85747,2
79445,4.74852,49.85883,2
79446,4.7476,49.85781,2
79447,4.74818,49.85867,2
79448,4.74783,49.85852,2
79449,4.74783,49.85852,2
79450,4.74783,49.85852,2
79451,4.74783,49.85852,2
79452,4.74743,49.85842,2
79453,4.742235,49.872334,2
79454,4.74749,49.85837,2
79455,4.74836,49.85859,2
79456,4.74801,49.85827,2
79457,4.74765,49.85796,2
79458,4.74729,49.85764,2
79459,4.74693,49.85733,2
79460,4.7471,49.85827,2
79461,4.74741,49.85847,2
79462,4.74671,49.85819,2
79463,4.74631,49.8581,2
79464,4.73783,49.8563,2
79465,4.73783,49.8563,2
79466,4.73783,49.8563,2
79467,4.73783,49.8563,2
79468,4.73783,49.8563,2
79469,4.73783,49.8563,2
79470,4.73784,49.85635,2
79471,4.73951,49.8565,2
79472,4.73951,49.8565,2
79473,4.73878,49.85619,2
79474,4.73878,49.85619,2
79475,4.73871,49.85608,2
79476,4.7393,49.85619,2
79477,4.73956,49.85619,2
79478,4.74072,49.85694,2
79479,4.74072,49.85694,2
79480,4.74072,49.85694,2
79481,4.74072,49.85694,2
79482,4.73957,49.85635,2
79483,4.74224,49.85374,2
79484,4.74072,49.85694,2
79485,4.74072,49.85694,2
79486,4.74072,49.85694,2
79487,4.76386,49.85251,2
79488,4.76386,49.85251,2
79489,4.76386,49.85251,2
79490,4.76386,49.85251,2
79491,4.74072,49.85694,2
79492,4.76585,49.85201,2
79493,4.76585,49.85201,2
79494,4.76585,49.85201,2
79495,4.76585,49.85201,2
79496,4.76565,49.85143,2
79497,4.76446,49.852,2
79498,4.75989,49.85442,2
79499,4.76386,49.85251,2
79500,4.76386,49.85251,2
79501,4.76386,49.85251,2
79502,4.76386,49.85251,2
79503,4.76386,49.85251,2
79504,4.76386,49.85251,2
79505,4.76386,49.85251,2
79506,4.76386,49.85251,2
79507,4.76386,49.85251,2
79508,4.76386,49.85251,2
79509,4.76386,49.85251,2
79510,4.76386,49.85251,2
79511,4.76386,49.85251,2
79512,4.76386,49.85251,2
79513,4.76386,49.85251,2
79514,4.76386,49.85251,2
79515,4.76386,49.85251,2
79516,4.76386,49.85251,2
79517,4.76386,49.85251,2
79518,4.76386,49.85251,2
79519,4.76386,49.85251,2
79520,4.76386,49.85251,2
79521,4.76386,49.85251,2
79522,4.76386,49.85251,2
79523,4.76386,49.85251,2
79524,4.76386,49.85251,2
79525,4.76386,49.85251,2
79526,4.76386,49.85251,2
79527,4.76386,49.85251,2
79528,4.76386,49.85251,2
79529,4.7655,49.8515,2
79530,4.76532,49.85158,2
79531,4.76515,49.85167,2
79532,4.76515,49.85167,2
79533,4.76498,49.85175,2
79534,4.76463,49.85192,2
79535,4.76386,49.85251,2
79536,4.76446,49.852,2
79537,4.76446,49.852,2
79538,4.76446,49.852,2
79539,4.76364,49.85243,2
79540,4.76386,49.85251,2
79541,4.76393,49.85226,2
79542,4.76428,49.85209,2
79543,4.76424,49.85224,2
79544,4.76418,49.85227,2
79545,4.76412,49.85231,2
79546,4.76399,49.85238,2
79547,4.76393,49.85242,2
79548,4.76387,49.85245,2
79549,4.76387,49.85245,2
79550,4.76393,49.85242,2
79551,4.76399,49.85238,2
79552,4.76412,49.85231,2
79553,4.76405,49.85234,2
79554,4.76405,49.85234,2
79555,4.76424,49.85224,2
79556,4.76418,49.85227,2
79557,4.76412,49.85231,2
79558,4.76399,49.85238,2
79559,4.76393,49.85242,2
79560,4.76387,49.85245,2
79561,4.7635,49.85252,2
79562,4.76336,49.8526,2
79563,4.76366,49.85258,2
79564,4.76378,49.8525,2
79565,4.76355,49.85265,2
79566,4.76343,49.85272,2
79567,4.76331,49.85279,2
79568,4.7632,49.85286,2
79569,4.76308,49.85294,2
79570,4.76308,49.85294,2
79571,4.76322,49.85269,2
79572,4.76265,49.85304,2
79573,4.76279,49.85295,2
79574,4.76293,49.85287,2
79575,4.76251,49.85313,2
79576,4.76222,49.8533,2
79577,4.76208,49.85339,2
79578,4.76285,49.85308,2
79579,4.76273,49.85315,2
79580,4.76261,49.85323,2
79581,4.76249,49.8533,2
79582,4.76238,49.85337,2
79583,4.76226,49.85344,2
79584,4.76214,49.85351,2
79585,4.7618,49.85357,2
79586,4.76386,49.85251,2
79587,4.76203,49.85359,2
79588,4.76191,49.85366,2
79589,4.76164,49.85366,2
79590,4.76145,49.85377,2
79591,4.76177,49.85374,2
79592,4.76148,49.85391,2
79593,4.76133,49.85399,2
79594,4.76083,49.8543,2
79595,4.7591,49.85543,2
79596,4.76025,49.85468,2
79597,4.7591,49.85543,2
79598,4.76109,49.85398,2
79599,4.76085,49.85418,2
79600,4.76068,49.8541,2
79601,4.75999,49.85427,2
79602,4.7593,49.85444,2
79603,4.76037,49.8543,2
79604,4.75863,49.85433,2
79605,4.75798,49.85411,2
79606,4.76085,49.85418,2
79607,4.75894,49.85456,2
79608,4.75849,49.8544,2
79609,4.75758,49.8541,2
79610,4.75803,49.85425,2
79611,4.75735,49.85387,2
79612,4.75679,49.85378,2
79613,4.75695,49.85424,2
79614,4.75716,49.85392,2
79615,4.75701,49.85397,2
79616,4.7551,49.85421,2
79617,4.75484,49.85402,2
79618,4.75975,49.85484,2
79619,4.76074,49.85419,2
79620,4.75852,49.85581,2
79621,4.76025,49.85451,2
79622,4.75975,49.85484,2
79623,4.75778,49.85613,2
79624,4.76175,49.85269,2
79625,4.75795,49.85618,2
79626,4.75968,49.85505,2
79627,4.7614,49.85198,2
79628,4.76317,49.85173,2
79629,4.7614,49.85198,2
79630,4.76151,49.85161,2
79631,4.74072,49.85694,2
79632,4.76585,49.85201,2
79633,4.76585,49.85201,2
79634,4.76585,49.85201,2
79635,4.76585,49.85201,2
79636,4.76585,49.85201,2
79637,4.76585,49.85201,2
79638,4.76585,49.85201,2
79639,4.76585,49.85201,2
79640,4.76585,49.85201,2
79641,4.76585,49.85201,2
79642,4.76585,49.85201,2
79643,4.76585,49.85201,2
79644,4.76585,49.85201,2
79645,4.76585,49.85201,2
79646,4.76585,49.85201,2
79647,4.76585,49.85201,2
79648,4.76585,49.85201,2
79649,4.76585,49.85201,2
79650,4.76585,49.85201,2
79651,4.76585,49.85201,2
79652,4.76585,49.85201,2
79653,4.76585,49.85201,2
79654,4.76585,49.85201,2
79655,4.76585,49.85201,2
79656,4.76585,49.85201,2
79657,4.76585,49.85201,2
79658,4.76585,49.85201,2
79659,4.76585,49.85201,2
79660,4.76585,49.85201,2
79661,4.76585,49.85201,2
79662,4.76585,49.85201,2
79663,4.76585,49.85201,2
79664,4.76585,49.85201,2
79665,4.76585,49.85201,2
79666,4.76585,49.85201,2
79667,4.76585,49.85201,2
79668,4.76585,49.85201,2
79669,4.76585,49.85201,2
79670,4.76585,49.85201,2
79671,4.76585,49.85201,2
79672,4.76585,49.85201,2
79673,4.76585,49.85201,2
79674,4.76585,49.85201,2
79675,4.76585,49.85201,2
79676,4.76585,49.85201,2
79677,4.76585,49.85201,2
79678,4.76163,49.85382,2
79679,4.76585,49.85201,2
79680,4.76585,49.85201,2
79681,4.76585,49.85201,2
79682,4.76585,49.85201,2
79683,4.76585,49.85201,2
79684,4.76585,49.85201,2
79685,4.76463,49.85192,2
79686,4.76585,49.85201,2
79687,4.76585,49.85201,2
79688,4.76585,49.85201,2
79689,4.76585,49.85201,2
79690,4.76585,49.85201,2
79691,4.76585,49.85201,2
79692,4.76585,49.85201,2
79693,4.76585,49.85201,2
79694,4.76585,49.85201,2
79695,4.76585,49.85201,2
79696,4.76585,49.85201,2
79697,4.76585,49.85201,2
79698,4.76585,49.85201,2
79699,4.76585,49.85201,2
79700,4.76585,49.85201,2
79701,4.76585,49.85201,2
79702,4.76585,49.85201,2
79703,4.76585,49.85201,2
79704,4.76163,49.85382,2
79705,4.69535,49.76472,2
79706,4.69108,49.76344,2
79707,4.69535,49.76472,2
79708,4.69535,49.76472,2
79709,4.69108,49.76344,2
79710,4.70037,49.76338,2
79711,4.69108,49.76344,2
79712,4.70037,49.76338,2
79713,4.69108,49.76344,2
79714,4.70037,49.76338,2
79715,4.69108,49.76344,2
79716,4.70037,49.76338,2
79717,4.69108,49.76344,2
79718,4.70037,49.76338,2
79719,4.69108,49.76344,2
79720,4.70037,49.76338,2
79721,4.69072,49.76353,2
79722,4.70037,49.76338,2
79723,4.69072,49.76353,2
79724,4.70037,49.76338,2
79725,4.69072,49.76353,2
79726,4.70037,49.76338,2
79727,4.69072,49.76353,2
79728,4.70037,49.76338,2
79729,4.69072,49.76353,2
79730,4.70037,49.76338,2
79731,4.69072,49.76353,2
79732,4.700074,49.763171,2
79733,4.69072,49.76353,2
79734,4.70037,49.76338,2
79735,4.69072,49.76353,2
79736,4.70037,49.76338,2
79737,4.70037,49.76338,2
79738,4.69163,49.7656,2
79739,4.69163,49.7656,2
79740,4.70018,49.76342,2
79741,4.69163,49.7656,2
79742,4.70018,49.76342,2
79743,4.69163,49.7656,2
79744,4.70018,49.76342,2
79745,4.70018,49.76342,2
79746,4.69163,49.7656,2
79747,4.70018,49.76342,2
79748,4.69163,49.7656,2
79749,4.70018,49.76342,2
79750,4.69163,49.7656,2
79751,4.70018,49.76342,2
79752,4.69163,49.7656,2
79753,4.70018,49.76342,2
79754,4.69163,49.7656,2
79755,4.70018,49.76342,2
79756,4.69152,49.76542,2
79757,4.70018,49.76342,2
79758,4.69152,49.76542,2
79759,4.70018,49.76342,2
79760,4.69152,49.76542,2
79761,4.70018,49.76342,2
79762,4.69152,49.76542,2
79763,4.70018,49.76342,2
79764,4.69152,49.76542,2
79765,4.70018,49.76342,2
79766,4.69152,49.76542,2
79767,4.6904,49.76319,2
79768,4.6904,49.76319,2
79769,4.70018,49.76342,2
79770,4.69152,49.76542,2
79771,4.69105,49.76274,2
79772,4.69069,49.76283,2
79773,4.69152,49.76542,2
79774,4.69166,49.76316,2
79775,4.69186,49.76311,2
79776,4.69121,49.76486,2
79777,4.69228,49.76305,2
79778,4.69207,49.76306,2
79779,4.69121,49.76486,2
79780,4.69227,49.76301,2
79781,4.69121,49.76486,2
79782,4.69144,49.76334,2
79783,4.69108,49.76344,2
79784,4.69072,49.76353,2
79785,4.69163,49.7656,2
79786,4.69109,49.76463,2
79787,4.69152,49.76542,2
79788,4.69109,49.76463,2
79789,4.69109,49.76463,2
79790,4.69103,49.76417,2
79791,4.69109,49.76463,2
79792,4.69103,49.76417,2
79793,4.69708,49.76421,2
79794,4.69109,49.76463,2
79795,4.69697,49.76424,2
79796,4.69697,49.76424,2
79797,4.69094,49.76436,2
79798,4.69903,49.76282,2
79799,4.69094,49.76436,2
79800,4.69913,49.76301,2
79801,4.69783,49.76298,2
79802,4.69094,49.76436,2
79803,4.69725,49.76372,2
79804,4.69089,49.76426,2
79805,4.69725,49.76372,2
79806,4.69089,49.76426,2
79807,4.69084,49.76417,2
79808,4.69084,49.76417,2
79809,4.702992,49.762701,2
79810,4.69084,49.76417,2
79811,4.69172,49.76542,2
79812,4.69166,49.76533,2
79813,4.69161,49.76524,2
79814,4.69146,49.76496,2
79815,4.6914,49.76487,2
79816,4.69604,49.76447,2
79817,4.6912,49.76449,2
79818,4.69604,49.76447,2
79819,4.69111,49.76433,2
79820,4.69535,49.76472,2
79821,4.69103,49.76417,2
79822,4.69535,49.76472,2
79823,4.69121,49.76486,2
79824,4.70037,49.76338,2
79825,4.69103,49.76417,2
79826,4.70037,49.76338,2
79827,4.70018,49.76342,2
79828,4.69103,49.76417,2
79829,4.69109,49.76463,2
79830,4.70018,49.76342,2
79831,4.69103,49.76417,2
79832,4.69094,49.76436,2
79833,4.69103,49.76417,2
79834,4.69103,49.76417,2
79835,4.69103,49.76417,2
79836,4.69103,49.76417,2
79837,4.69104,49.76454,2
79838,4.69103,49.76417,2
79839,4.69089,49.76426,2
79840,4.69103,49.76417,2
79841,4.69084,49.76417,2
79842,4.69084,49.76417,2
79843,4.69103,49.76417,2
79844,4.69084,49.76417,2
79845,4.69121,49.76486,2
79846,4.69103,49.76417,2
79847,4.69156,49.76515,2
79848,4.69103,49.76417,2
79849,4.69835,49.76297,2
79850,4.69731,49.76415,2
79851,4.69725,49.76372,2
79852,4.69731,49.76415,2
79853,4.70652,49.76197,2
79854,4.69731,49.76415,2
79855,4.70652,49.76197,2
79856,4.69731,49.76415,2
79857,4.70622,49.76205,2
79858,4.69731,49.76415,2
79859,4.70622,49.76205,2
79860,4.69731,49.76415,2
79861,4.7063,49.7619,2
79862,4.70567,49.76206,2
79863,4.69731,49.76415,2
79864,4.70534,49.76226,2
79865,4.70505,49.76233,2
79866,4.69731,49.76415,2
79867,4.70418,49.76254,2
79868,4.69731,49.76415,2
79869,4.70343,49.76259,2
79870,4.70073,49.76328,2
79871,4.69708,49.76421,2
79872,4.70208,49.76294,2
79873,4.69708,49.76421,2
79874,4.69819,49.76392,2
79875,4.69708,49.76421,2
79876,4.69671,49.76442,2
79877,4.69708,49.76421,2
79878,4.69708,49.76421,2
79879,4.69708,49.76421,2
79880,4.69535,49.76472,2
79881,4.69708,49.76421,2
79882,4.69708,49.76421,2
79883,4.69708,49.76421,2
79884,4.69697,49.76424,2
79885,4.69697,49.76424,2
79886,4.69697,49.76424,2
79887,4.69697,49.76424,2
79888,4.69697,49.76424,2
79889,4.69697,49.76424,2
79890,4.69697,49.76424,2
79891,4.69697,49.76424,2
79892,4.69697,49.76424,2
79893,4.69697,49.76424,2
79894,4.69686,49.76426,2
79895,4.69686,49.76426,2
79896,4.69686,49.76426,2
79897,4.69686,49.76426,2
79898,4.69686,49.76426,2
79899,4.69686,49.76426,2
79900,4.69686,49.76426,2
79901,4.69686,49.76426,2
79902,4.69686,49.76426,2
79903,4.69934,49.76304,2
79904,4.69945,49.76327,2
79905,4.69903,49.76282,2
79906,4.69903,49.76282,2
79907,4.69094,49.76436,2
79908,4.69903,49.76282,2
79909,4.69903,49.76282,2
79910,4.69903,49.76282,2
79911,4.69903,49.76282,2
79912,4.69903,49.76282,2
79913,4.69903,49.76282,2
79914,4.69903,49.76282,2
79915,4.70563,49.7622,2
79916,4.69903,49.76282,2
79917,4.69913,49.76301,2
79918,4.69913,49.76301,2
79919,4.69913,49.76301,2
79920,4.69913,49.76301,2
79921,4.69913,49.76301,2
79922,4.69913,49.76301,2
79923,4.69913,49.76301,2
79924,4.69913,49.76301,2
79925,4.69913,49.76301,2
79926,4.69913,49.76301,2
79927,4.69922,49.76319,2
79928,4.69922,49.76319,2
79929,4.69922,49.76319,2
79930,4.69922,49.76319,2
79931,4.69922,49.76319,2
79932,4.69922,49.76319,2
79933,4.69922,49.76319,2
79934,4.70197,49.76196,2
79935,4.7191,49.76014,2
79936,4.7191,49.76014,2
79937,4.7191,49.76014,2
79938,4.7191,49.76014,2
79939,4.7191,49.76014,2
79940,4.69072,49.76586,2
79941,4.7191,49.76014,2
79942,4.7191,49.76014,2
79943,4.7191,49.76014,2
79944,4.7191,49.76014,2
79945,4.7191,49.76014,2
79946,4.7191,49.76014,2
79947,4.7191,49.76014,2
79948,4.7191,49.76014,2
79949,4.7191,49.76014,2
79950,4.7191,49.76014,2
79951,4.7191,49.76014,2
79952,4.7191,49.76014,2
79953,4.7191,49.76014,2
79954,4.7191,49.76014,2
79955,4.7191,49.76014,2
79956,4.7191,49.76014,2
79957,4.7191,49.76014,2
79958,4.69725,49.76372,2
79959,4.69725,49.76372,2
79960,4.69725,49.76372,2
79961,4.69725,49.76372,2
79962,4.69725,49.76372,2
79963,4.69725,49.76372,2
79964,4.69725,49.76372,2
79965,4.69725,49.76372,2
79966,4.69725,49.76372,2
79967,4.69725,49.76372,2
79968,4.69725,49.76372,2
79969,4.69725,49.76372,2
79970,4.69725,49.76372,2
79971,4.69725,49.76372,2
79972,4.69725,49.76372,2
79973,4.69725,49.76372,2
79974,4.69725,49.76372,2
79975,4.69725,49.76372,2
79976,4.69725,49.76372,2
79977,4.69725,49.76372,2
79978,4.69535,49.76472,2
79979,4.69725,49.76372,2
79980,4.69725,49.76372,2
79981,4.69725,49.76372,2
79982,4.69725,49.76372,2
79983,4.69725,49.76372,2
79984,4.69725,49.76372,2
79985,4.6929,49.76541,2
79986,4.69725,49.76372,2
79987,4.69715,49.76374,2
79988,4.69725,49.76372,2
79989,4.7063,49.7619,2
79990,4.70667,49.76204,2
79991,4.70667,49.76204,2
79992,4.70667,49.76204,2
79993,4.70667,49.76204,2
79994,4.70667,49.76204,2
79995,4.70667,49.76204,2
79996,4.70622,49.76205,2
79997,4.70622,49.76205,2
79998,4.70652,49.76197,2
79999,4.70622,49.76205,2
80000,4.70652,49.76197,2
80001,4.70592,49.76213,2
80002,4.70563,49.7622,2
80003,4.70563,49.7622,2
80004,4.70563,49.7622,2
80005,4.70563,49.7622,2
80006,4.7063,49.7619,2
80007,4.70567,49.76206,2
80008,4.7063,49.7619,2
80009,4.70567,49.76206,2
80010,4.70567,49.76206,2
80011,4.70567,49.76206,2
80012,4.70567,49.76206,2
80013,4.70567,49.76206,2
80014,4.70567,49.76206,2
80015,4.70567,49.76206,2
80016,4.70567,49.76206,2
80017,4.70567,49.76206,2
80018,4.70534,49.76226,2
80019,4.70534,49.76226,2
80020,4.70534,49.76226,2
80021,4.70534,49.76226,2
80022,4.70505,49.76233,2
80023,4.70505,49.76233,2
80024,4.70431,49.76238,2
80025,4.70499,49.76222,2
80026,4.70499,49.76222,2
80027,4.70499,49.76222,2
80028,4.70476,49.7624,2
80029,4.70476,49.7624,2
80030,4.70476,49.7624,2
80031,4.70418,49.76254,2
80032,4.70418,49.76254,2
80033,4.70391,49.76247,2
80034,4.70431,49.76238,2
80035,4.70391,49.76247,2
80036,4.70375,49.76251,2
80037,4.69535,49.76472,2
80038,4.70323,49.76265,2
80039,4.70199,49.76288,2
80040,4.69535,49.76472,2
80041,4.70208,49.76294,2
80042,4.69985,49.7635,2
80043,4.69971,49.76354,2
80044,4.69941,49.76361,2
80045,4.69901,49.76371,2
80046,4.6988,49.76376,2
80047,4.6986,49.76382,2
80048,4.6984,49.76387,2
80049,4.69819,49.76392,2
80050,4.69799,49.76398,2
80051,4.69758,49.76408,2
80052,4.69779,49.76403,2
80053,4.69915,49.7638,2
80054,4.69885,49.76388,2
80055,4.69856,49.76395,2
80056,4.69827,49.76403,2
80057,4.69798,49.7641,2
80058,4.6971,49.76433,2
80059,4.69717,49.76439,2
80060,4.69652,49.76447,2
80061,4.69625,49.76454,2
80062,4.69664,49.76432,2
80063,4.69652,49.76435,2
80064,4.69652,49.76435,2
80065,4.70358,49.76255,2
80066,4.69625,49.76442,2
80067,4.69625,49.76454,2
80068,4.69691,49.76438,2
80069,4.69584,49.76453,2
80070,4.69584,49.76453,2
80071,4.69563,49.76459,2
80072,4.69542,49.76464,2
80073,4.69521,49.7647,2
80074,4.69501,49.76475,2
80075,4.69591,49.76464,2
80076,4.69556,49.76473,2
80077,4.70199,49.76288,2
80078,4.69521,49.76482,2
80079,4.70199,49.76288,2
80080,4.69521,49.76482,2
80081,4.69487,49.76492,2
80082,4.69133,49.764,2
80083,4.69452,49.76501,2
80084,4.69405,49.76513,2
80085,4.69386,49.76518,2
80086,4.69366,49.76523,2
80087,4.68184,49.76846,2
80088,4.6948,49.76481,2
80089,4.69459,49.76486,2
80090,4.69363,49.76511,2
80091,4.69339,49.76517,2
80092,4.69315,49.76523,2
80093,4.69347,49.76527,2
80094,4.69328,49.76532,2
80095,4.69309,49.76536,2
80096,4.6929,49.76541,2
80097,4.69271,49.76545,2
80098,4.6929,49.76567,2
80099,4.69412,49.76699,2
80100,4.69841,49.76761,2
80101,4.69256,49.7655,2
80102,4.69291,49.76528,2
80103,4.69291,49.76528,2
80104,4.69267,49.76534,2
80105,4.69267,49.76534,2
80106,4.69248,49.76539,2
80107,4.69238,49.76544,2
80108,4.6904,49.76319,2
80109,4.6904,49.76319,2
80110,4.69228,49.76548,2
80111,4.6904,49.76319,2
80112,4.69218,49.76552,2
80113,4.69198,49.7656,2
80114,4.6904,49.76319,2
80115,4.69186,49.76597,2
80116,4.6904,49.76319,2
80117,4.69551,49.77029,2
80118,4.6904,49.76319,2
80119,4.6911,49.76576,2
80120,4.6904,49.76319,2
80121,4.6904,49.76319,2
80122,4.69053,49.76591,2
80123,4.69034,49.76596,2
80124,4.6904,49.76319,2
80125,4.69015,49.76601,2
80126,4.6904,49.76319,2
80127,4.68947,49.76631,2
80128,4.6904,49.76319,2
80129,4.68943,49.76639,2
80130,4.6904,49.76319,2
80131,4.68946,49.76669,2
80132,4.6904,49.76319,2
80133,4.68931,49.76635,2
80134,4.6904,49.76319,2
80135,4.68915,49.76639,2
80136,4.6904,49.76319,2
80137,4.68899,49.76643,2
80138,4.6904,49.76319,2
80139,4.68883,49.76647,2
80140,4.6904,49.76319,2
80141,4.68867,49.76652,2
80142,4.6904,49.76319,2
80143,4.68833,49.76659,2
80144,4.6904,49.76319,2
80145,4.68813,49.76665,2
80146,4.6904,49.76319,2
80147,4.68813,49.76677,2
80148,4.6904,49.76319,2
80149,4.68813,49.76689,2
80150,4.69105,49.76274,2
80151,4.68813,49.76701,2
80152,4.69105,49.76274,2
80153,4.70307,49.76269,2
80154,4.688,49.76706,2
80155,4.69105,49.76274,2
80156,4.70282,49.76275,2
80157,4.68783,49.76697,2
80158,4.69105,49.76274,2
80159,4.68773,49.76688,2
80160,4.69105,49.76274,2
80161,4.68744,49.76986,2
80162,4.69105,49.76274,2
80163,4.68763,49.76679,2
80164,4.69069,49.76283,2
80165,4.68756,49.76679,2
80166,4.69069,49.76283,2
80167,4.68732,49.76685,2
80168,4.69069,49.76283,2
80169,4.68707,49.76691,2
80170,4.69069,49.76283,2
80171,4.68683,49.76697,2
80172,4.69069,49.76283,2
80173,4.68658,49.76703,2
80174,4.69069,49.76283,2
80175,4.68634,49.76709,2
80176,4.69166,49.76316,2
80177,4.69166,49.76316,2
80178,4.68602,49.76718,2
80179,4.68615,49.76714,2
80180,4.69166,49.76316,2
80181,4.68561,49.76728,2
80182,4.69166,49.76316,2
80183,4.68543,49.76733,2
80184,4.69166,49.76316,2
80185,4.68223,49.76844,2
80186,4.69166,49.76316,2
80187,4.68213,49.76848,2
80188,4.69166,49.76316,2
80189,4.68203,49.76852,2
80190,4.69166,49.76316,2
80191,4.68193,49.76856,2
80192,4.69166,49.76316,2
80193,4.68193,49.76856,2
80194,4.68912,49.76627,2
80195,4.69186,49.76311,2
80196,4.68912,49.76627,2
80197,4.69186,49.76311,2
80198,4.68888,49.76633,2
80199,4.69186,49.76311,2
80200,4.68865,49.7664,2
80201,4.69186,49.76311,2
80202,4.6885,49.76643,2
80203,4.69186,49.76311,2
80204,4.6885,49.76643,2
80205,4.69186,49.76311,2
80206,4.6885,49.76643,2
80207,4.69186,49.76311,2
80208,4.68811,49.76652,2
80209,4.68805,49.76653,2
80210,4.69186,49.76311,2
80211,4.68771,49.76663,2
80212,4.69207,49.76306,2
80213,4.68214,49.76834,2
80214,4.69207,49.76306,2
80215,4.6821,49.76836,2
80216,4.69207,49.76306,2
80217,4.68196,49.76841,2
80218,4.69207,49.76306,2
80219,4.68194,49.76842,2
80220,4.69207,49.76306,2
80221,4.68189,49.76844,2
80222,4.69207,49.76306,2
80223,4.68744,49.76986,2
80224,4.68187,49.76845,2
80225,4.69207,49.76306,2
80226,4.68184,49.76846,2
80227,4.69207,49.76306,2
80228,4.68182,49.76847,2
80229,4.69207,49.76306,2
80230,4.68208,49.7676,2
80231,4.69207,49.76306,2
80232,4.68294,49.76754,2
80233,4.69227,49.76301,2
80234,4.69227,49.76301,2
80235,4.68272,49.76758,2
80236,4.69227,49.76301,2
80237,4.68424,49.76744,2
80238,4.69227,49.76301,2
80239,4.70199,49.76288,2
80240,4.68315,49.76751,2
80241,4.69227,49.76301,2
80242,4.68237,49.76776,2
80243,4.69227,49.76301,2
80244,4.68331,49.7676,2
80245,4.68337,49.76747,2
80246,4.69227,49.76301,2
80247,4.68358,49.76743,2
80248,4.69227,49.76301,2
80249,4.68532,49.76717,2
80250,4.69227,49.76301,2
80251,4.68651,49.76774,2
80252,4.69227,49.76301,2
80253,4.69227,49.76301,2
80254,4.69604,49.76447,2
80255,4.69604,49.76447,2
80256,4.69144,49.76334,2
80257,4.69604,49.76447,2
80258,4.69604,49.76447,2
80259,4.69144,49.76334,2
80260,4.69604,49.76447,2
80261,4.69604,49.76447,2
80262,4.69144,49.76334,2
80263,4.69604,49.76447,2
80264,4.69604,49.76447,2
80265,4.69144,49.76334,2
80266,4.69604,49.76447,2
80267,4.69535,49.76472,2
80268,4.69144,49.76334,2
80269,4.69535,49.76472,2
80270,4.69144,49.76334,2
80271,4.69535,49.76472,2
80272,4.69144,49.76334,2
80273,4.69535,49.76472,2
80274,4.69144,49.76334,2
80275,4.69535,49.76472,2
80276,4.69144,49.76334,2
80277,4.69535,49.76472,2
80278,4.69144,49.76334,2
80279,4.69535,49.76472,2
80280,4.69108,49.76344,2
80281,4.69108,49.76344,2
80282,4.39535,49.88602,2
80283,4.39501,49.88616,2
80284,4.38112,49.87866,2
80285,4.39764,49.88697,2
80286,4.39677,49.87857,2
80287,4.40309,49.89466,2
80288,4.41119,49.87926,2
80289,4.39535,49.88602,2
80290,4.39535,49.88602,2
80291,4.40491,49.88255,2
80292,4.39958,49.88511,2
80293,4.40114,49.88495,2
80294,4.39732,49.88568,2
80295,4.39822,49.88557,2
80296,4.39535,49.88602,2
80297,4.3976,49.88634,2
80298,4.39764,49.88697,2
80299,4.39728,49.88763,2
80300,4.39774,49.88702,2
80301,4.39764,49.88697,2
80302,4.39535,49.88602,2
80303,4.39535,49.88602,2
80304,4.39806,49.88438,2
80305,4.39778,49.88524,2
80306,4.39501,49.88604,2
80307,4.39535,49.88602,2
80308,4.39535,49.88602,2
80309,4.39535,49.88602,2
80310,4.39252,49.88649,2
80311,4.39246,49.88646,2
80312,4.3924,49.88643,2
80313,4.38925,49.88613,2
80314,4.38925,49.88613,2
80315,4.38925,49.88613,2
80316,4.40309,49.89466,2
80317,4.38925,49.88613,2
80318,4.39115,49.88633,2
80319,4.3915,49.88624,2
80320,4.39138,49.88624,2
80321,4.3913,49.88623,2
80322,4.39076,49.88532,2
80323,4.39076,49.88532,2
80324,4.39076,49.88532,2
80325,4.39076,49.88532,2
80326,4.39122,49.88622,2
80327,4.39105,49.88621,2
80328,4.39097,49.8862,2
80329,4.39088,49.8862,2
80330,4.39072,49.88618,2
80331,4.3908,49.88619,2
80332,4.38925,49.88613,2
80333,4.39017,49.88624,2
80334,4.39065,49.88629,2
80335,4.39064,49.88617,2
80336,4.39055,49.88617,2
80337,4.38674,49.88577,2
80338,4.39047,49.88616,2
80339,4.38995,49.88611,2
80340,4.39348,49.88715,2
80341,4.3897,49.88622,2
80342,4.38925,49.88613,2
80343,4.39764,49.88697,2
80344,4.39361,49.88724,2
80345,4.38948,49.88609,2
80346,4.39354,49.8872,2
80347,4.38924,49.88607,2
80348,4.38869,49.88541,2
80349,4.3886,49.88539,2
80350,4.38899,49.88605,2
80351,4.38869,49.88541,2
80352,4.38865,49.88614,2
80353,4.38878,49.88615,2
80354,4.38843,49.88611,2
80355,4.38813,49.88607,2
80356,4.39037,49.88619,2
80357,4.38925,49.88613,2
80358,4.38925,49.88613,2
80359,4.39501,49.88604,2
80360,4.38925,49.88613,2
80361,4.39501,49.88604,2
80362,4.38925,49.88613,2
80363,4.3856,49.88483,2
80364,4.38925,49.88613,2
80365,4.38925,49.88613,2
80366,4.38925,49.88613,2
80367,4.38925,49.88613,2
80368,4.38925,49.88613,2
80369,4.386717,49.88587,2
80370,4.38925,49.88613,2
80371,4.39535,49.88602,2
80372,4.38925,49.88613,2
80373,4.39037,49.88619,2
80374,4.39764,49.88697,2
80375,4.38925,49.88613,2
80376,4.38925,49.88613,2
80377,4.38925,49.88613,2
80378,4.38925,49.88613,2
80379,4.38925,49.88613,2
80380,4.3899,49.89338,2
80381,4.3899,49.89338,2
80382,4.3899,49.89338,2
80383,4.3899,49.89338,2
80384,4.3899,49.89338,2
80385,4.3899,49.89338,2
80386,4.3899,49.89338,2
80387,4.3899,49.89338,2
80388,4.3899,49.89338,2
80389,4.3899,49.89338,2
80390,4.3899,49.89338,2
80391,4.3899,49.89338,2
80392,4.3899,49.89338,2
80393,4.3899,49.89338,2
80394,4.3899,49.89338,2
80395,4.3899,49.89338,2
80396,4.38993,49.88623,2
80397,4.3899,49.89338,2
80398,4.38924,49.88607,2
80399,4.3899,49.89338,2
80400,4.3899,49.89338,2
80401,4.38925,49.88613,2
80402,4.3899,49.89338,2
80403,4.38925,49.88613,2
80404,4.3899,49.89338,2
80405,4.38847,49.89059,2
80406,4.3899,49.89338,2
80407,4.37921,49.88819,2
80408,4.3899,49.89338,2
80409,4.378988,49.888281,2
80410,4.3899,49.89338,2
80411,4.3899,49.89338,2
80412,4.39764,49.88697,2
80413,4.3899,49.89338,2
80414,4.3899,49.89338,2
80415,4.41252,49.89335,2
80416,4.3899,49.89338,2
80417,4.4085,49.8917,2
80418,4.3899,49.89338,2
80419,4.4085,49.8917,2
80420,4.3899,49.89338,2
80421,4.381702,49.880089,2
80422,4.3899,49.89338,2
80423,4.39764,49.88697,2
80424,4.3899,49.89338,2
80425,4.3899,49.89338,2
80426,4.3899,49.89338,2
80427,4.3899,49.89338,2
80428,4.3934,49.89117,2
80429,4.39711,49.89424,2
80430,4.39686,49.89441,2
80431,4.39708,49.89382,2
80432,4.39702,49.89336,2
80433,4.39444,49.89182,2
80434,4.39381,49.89139,2
80435,4.39312,49.89091,2
80436,4.39244,49.89045,2
80437,4.39611,49.8929,2
80438,4.39669,49.89333,2
80439,4.39333,49.89123,2
80440,4.3934,49.89117,2
80441,4.39178,49.89002,2
80442,4.39126,49.88953,2
80443,4.3934,49.89117,2
80444,4.39062,49.88906,2
80445,4.39037,49.88848,2
80446,4.39022,49.8879,2
80447,4.39027,49.8873,2
80448,4.38878,49.8854,2
80449,4.3934,49.89117,2
80450,4.3904,49.88661,2
80451,4.39497,49.88799,2
80452,4.39523,49.88812,2
80453,4.39575,49.88839,2
80454,4.38925,49.88613,2
80455,4.39471,49.88785,2
80456,4.38925,49.88613,2
80457,4.39445,49.88772,2
80458,4.39886,49.89092,2
80459,4.40309,49.89466,2
80460,4.39645,49.88828,2
80461,4.3966,49.88833,2
80462,4.39427,49.88762,2
80463,4.3966,49.88833,2
80464,4.39764,49.88697,2
80465,4.39549,49.88825,2
80466,4.39417,49.88757,2
80467,4.3966,49.88833,2
80468,4.39407,49.88751,2
80469,4.39397,49.88746,2
80470,4.398085,49.889908,2
80471,4.39388,49.8874,2
80472,4.39368,49.88729,2
80473,4.39378,49.88734,2
80474,4.39769,49.88969,2
80475,4.40309,49.89466,2
80476,4.38674,49.88577,2
80477,4.38112,49.87866,2
80478,4.41252,49.89335,2
80479,4.4085,49.8917,2
80480,4.4085,49.8917,2
80481,4.39876,49.89031,2
80482,4.408054,49.885508,2
80483,4.39916,49.88531,2
80484,4.411934,49.880116,2
80485,4.406659,49.883349,2
80486,4.412457,49.87964,2
80487,4.41274,49.879096,2
80488,4.407566,49.886495,2
80489,4.38112,49.87866,2
80490,4.38112,49.87866,2
80491,4.38925,49.88613,2
80492,4.38112,49.87866,2
80493,4.38112,49.87866,2
80494,4.38112,49.87866,2
80495,4.38112,49.87866,2
80496,4.38329,49.88154,2
80497,4.38112,49.87866,2
80498,4.381344,49.879484,2
80499,4.38047,49.87732,2
80500,4.38925,49.88613,2
80501,4.40309,49.89466,2
80502,4.39764,49.88697,2
80503,4.38843,49.88611,2
80504,4.40309,49.89466,2
80505,4.39535,49.88602,2
80506,4.38869,49.88541,2
80507,4.39764,49.88697,2
80508,4.40309,49.89466,2
80509,4.4085,49.8917,2
80510,4.40309,49.89466,2
80511,4.38925,49.88613,2
80512,4.39764,49.88697,2
80513,4.38813,49.88607,2
80514,4.38925,49.88613,2
80515,4.3934,49.89117,2
80516,4.39064,49.88617,2
80517,4.39064,49.88617,2
80518,4.3934,49.89117,2
80519,4.3976,49.88634,2
80520,4.40309,49.89466,2
80521,4.39764,49.88697,2
80522,4.40309,49.89466,2
80523,4.3899,49.89338,2
80524,4.38869,49.88541,2
80525,4.39819,49.88351,2
80526,4.39755,49.88976,2
80527,4.39764,49.88697,2
80528,4.40309,49.89466,2
80529,4.38925,49.88613,2
80530,4.39764,49.88697,2
80531,4.38869,49.88541,2
80532,4.38925,49.88613,2
80533,4.85972,50.12103,2
80534,4.85931,50.12118,2
80535,4.85888,50.12106,2
80536,4.85892,50.12122,2
80537,4.85968,50.12119,2
80538,4.86093,50.11599,2
80539,4.85746,50.1203,2
80540,4.85827,50.12131,2
80541,4.85833,50.12129,2
80542,4.85833,50.12129,2
80543,4.85825,50.12105,2
80544,4.85848,50.12154,2
80545,4.85755,50.12086,2
80546,4.85861,50.12145,2
80547,4.85911,50.12187,2
80548,4.85924,50.12196,2
80549,4.85746,50.12106,2
80550,4.85727,50.12071,2
80551,4.85719,50.12054,2
80552,4.85695,50.12012,2
80553,4.85764,50.12179,2
80554,4.85704,50.12026,2
80555,4.85706,50.12,2
80556,4.85695,50.11983,2
80557,4.85678,50.11986,2
80558,4.85667,50.11943,2
80559,4.85664,50.11929,2
80560,4.85666,50.11915,2
80561,4.85671,50.11887,2
80562,4.85673,50.11872,2
80563,4.85676,50.11858,2
80564,4.85697,50.11815,2
80565,4.85727,50.11795,2
80566,4.85684,50.11838,2
80567,4.8574,50.11772,2
80568,4.85768,50.12483,2
80569,4.85775,50.11725,2
80570,4.85807,50.1168,2
80571,4.85723,50.11768,2
80572,4.85749,50.11732,2
80573,4.85762,50.11716,2
80574,4.85774,50.117,2
80575,4.85785,50.11684,2
80576,4.85806,50.11652,2
80577,4.85822,50.11638,2
80578,4.85839,50.11625,2
80579,4.85856,50.11611,2
80580,4.85901,50.11598,2
80581,4.85918,50.11599,2
80582,4.85935,50.116,2
80583,4.85969,50.11602,2
80584,4.85986,50.11603,2
80585,4.86003,50.11604,2
80586,4.86019,50.11606,2
80587,4.86053,50.11608,2
80588,4.8607,50.11609,2
80589,4.86104,50.11611,2
80590,4.86304,50.11541,2
80591,4.86138,50.11613,2
80592,4.8617,50.11608,2
80593,4.86218,50.11597,2
80594,4.8625,50.1159,2
80595,4.86266,50.11586,2
80596,4.86317,50.11546,2
80597,4.86287,50.11528,2
80598,4.86296,50.11558,2
80599,4.86293,50.11482,2
80600,4.86304,50.11541,2
80601,4.84879,50.10619,2
80602,4.86335,50.11465,2
80603,4.86267,50.11573,2
80604,4.86233,50.11581,2
80605,4.86165,50.11597,2
80606,4.86021,50.11594,2
80607,4.85985,50.11592,2
80608,4.85754,50.12161,2
80609,4.85949,50.11589,2
80610,4.85754,50.12161,2
80611,4.85906,50.11588,2
80612,4.85689,50.11966,2
80613,4.85686,50.11904,2
80614,4.85689,50.11884,2
80615,4.85924,50.11476,2
80616,4.85938,50.11437,2
80617,4.8595,50.11418,2
80618,4.85895,50.11519,2
80619,4.85895,50.11519,2
80620,4.85895,50.11519,2
80621,4.85895,50.11519,2
80622,4.85955,50.1134,2
80623,4.85961,50.11177,2
80624,4.85915,50.11475,2
80625,4.86196,50.11372,2
80626,4.85889,50.11566,2
80627,4.85875,50.11564,2
80628,4.85631,50.11478,2
80629,4.85654,50.11493,2
80630,4.85641,50.11508,2
80631,4.85619,50.11515,2
80632,4.85652,50.11517,2
80633,4.85625,50.11525,2
80634,4.85413,50.11067,2
80635,4.85413,50.11067,2
80636,4.85531,50.11402,2
80637,4.85509,50.11379,2
80638,4.85486,50.11353,2
80639,4.85471,50.11335,2
80640,4.85471,50.11335,2
80641,4.8546,50.11316,2
80642,4.85458,50.11285,2
80643,4.85456,50.11264,2
80644,4.85454,50.11254,2
80645,4.85451,50.11244,2
80646,4.85449,50.11234,2
80647,4.85436,50.11208,2
80648,4.8553,50.1165,2
80649,4.85397,50.11121,2
80650,4.85313,50.11202,2
80651,4.84981,50.12878,2
80652,4.85548,50.11422,2
80653,4.85062,50.11161,2
80654,4.84639,50.11147,2
80655,4.84432,50.11123,2
80656,4.84437,50.11112,2
80657,4.84644,50.11135,2
80658,4.85959,50.12181,2
80659,4.84855,50.1114,2
80660,4.85959,50.12181,2
80661,4.8599,50.12143,2
80662,4.84855,50.1114,2
80663,4.85176,50.11166,2
80664,4.85397,50.11121,2
80665,4.85381,50.11023,2
80666,4.85413,50.11067,2
80667,4.85198,50.10855,2
80668,4.8506,50.10746,2
80669,4.8485,50.10603,2
80670,4.84981,50.12878,2
80671,4.84879,50.10619,2
80672,4.84877,50.10602,2
80673,4.85454,50.11205,2
80674,4.85463,50.11223,2
80675,4.8531,50.12285,2
80676,4.85467,50.11234,2
80677,4.85703,50.12534,2
80678,4.85473,50.1126,2
80679,4.8547,50.11247,2
80680,4.85713,50.12537,2
80681,4.85475,50.11273,2
80682,4.8618,50.12553,2
80683,4.85476,50.11286,2
80684,4.85477,50.11299,2
80685,4.85754,50.12409,2
80686,4.85478,50.11312,2
80687,4.85669,50.11957,2
80688,4.85482,50.11325,2
80689,4.85708,50.11603,2
80690,4.8591,50.11565,2
80691,4.85505,50.11352,2
80692,4.8552,50.11368,2
80693,4.85535,50.11384,2
80694,4.85959,50.12181,2
80695,4.85959,50.12181,2
80696,4.85959,50.12181,2
80697,4.85959,50.12181,2
80698,4.85959,50.12181,2
80699,4.85959,50.12181,2
80700,4.85959,50.12181,2
80701,4.85978,50.12163,2
80702,4.85978,50.12163,2
80703,4.8531,50.12285,2
80704,4.85978,50.12163,2
80705,4.85978,50.12163,2
80706,4.85978,50.12163,2
80707,4.85978,50.12163,2
80708,4.8599,50.12143,2
80709,4.8599,50.12143,2
80710,4.8599,50.12143,2
80711,4.8599,50.12143,2
80712,4.8599,50.12143,2
80713,4.8599,50.12143,2
80714,4.85998,50.12122,2
80715,4.85998,50.12122,2
80716,4.85998,50.12122,2
80717,4.85998,50.12122,2
80718,4.85998,50.12122,2
80719,4.85998,50.12122,2
80720,4.84981,50.12878,2
80721,4.84838,50.12911,2
80722,4.84982,50.1299,2
80723,4.85049,50.12954,2
80724,4.85092,50.1293,2
80725,4.85892,50.12245,2
80726,4.8511,50.1292,2
80727,4.85128,50.1291,2
80728,4.85146,50.12901,2
80729,4.85164,50.12891,2
80730,4.85182,50.12881,2
80731,4.85202,50.12871,2
80732,4.85223,50.1286,2
80733,4.85244,50.12849,2
80734,4.85265,50.12838,2
80735,4.85286,50.12827,2
80736,4.85306,50.12815,2
80737,4.85332,50.12801,2
80738,4.85353,50.12789,2
80739,4.85363,50.12783,2
80740,4.85379,50.12773,2
80741,4.85386,50.12768,2
80742,4.85405,50.12756,2
80743,4.85432,50.12735,2
80744,4.85432,50.12735,2
80745,4.85415,50.12709,2
80746,4.85429,50.12701,2
80747,4.85482,50.12695,2
80748,4.85497,50.12681,2
80749,4.85501,50.12677,2
80750,4.85503,50.12672,2
80751,4.85507,50.12662,2
80752,4.85511,50.12648,2
80753,4.85518,50.12635,2
80754,4.85918,50.11599,2
80755,4.85526,50.12622,2
80756,4.85918,50.11599,2
80757,4.85511,50.12689,2
80758,4.85501,50.12698,2
80759,4.85491,50.12708,2
80760,4.85479,50.12718,2
80761,4.85466,50.12727,2
80762,4.8551,50.1272,2
80763,4.85519,50.12714,2
80764,4.85524,50.12711,2
80765,4.85528,50.12708,2
80766,4.85533,50.12704,2
80767,4.85535,50.127,2
80768,4.85536,50.12696,2
80769,4.85537,50.12692,2
80770,4.8554,50.12683,2
80771,4.85542,50.12675,2
80772,4.85543,50.12671,2
80773,4.85544,50.12664,2
80774,4.85501,50.12698,2
80775,4.85544,50.12656,2
80776,4.85544,50.12656,2
80777,4.85544,50.12648,2
80778,4.85544,50.12641,2
80779,4.85547,50.12622,2
80780,4.8559,50.1259,2
80781,4.856,50.12584,2
80782,4.85609,50.12578,2
80783,4.85618,50.12571,2
80784,4.85627,50.12565,2
80785,4.85202,50.12871,2
80786,4.85636,50.12558,2
80787,4.85202,50.12871,2
80788,4.85596,50.1257,2
80789,4.85617,50.12555,2
80790,4.85641,50.12539,2
80791,4.85641,50.12539,2
80792,4.85527,50.12505,2
80793,4.8531,50.12285,2
80794,4.85341,50.12379,2
80795,4.85335,50.12319,2
80796,4.85274,50.12274,2
80797,4.85708,50.11603,2
80798,4.85274,50.12274,2
80799,4.85284,50.12276,2
80800,4.85294,50.12278,2
80801,4.85305,50.1228,2
80802,4.85315,50.12281,2
80803,4.85325,50.12283,2
80804,4.85335,50.12285,2
80805,4.85408,50.12123,2
80806,4.85353,50.1232,2
80807,4.85349,50.12364,2
80808,4.85455,50.12445,2
80809,4.85583,50.12512,2
80810,4.85658,50.12527,2
80811,4.85667,50.1252,2
80812,4.85676,50.12513,2
80813,4.85685,50.12506,2
80814,4.85694,50.12499,2
80815,4.85703,50.12492,2
80816,4.85712,50.12485,2
80817,4.85718,50.12476,2
80818,4.86412,50.12697,2
80819,4.85729,50.12459,2
80820,4.85734,50.12451,2
80821,4.85734,50.12451,2
80822,4.8574,50.12442,2
80823,4.85723,50.12494,2
80824,4.86383,50.12683,2
80825,4.86383,50.12683,2
80826,4.8578,50.12449,2
80827,4.85778,50.12456,2
80828,4.85776,50.1246,2
80829,4.85775,50.12464,2
80830,4.85774,50.12468,2
80831,4.85772,50.12472,2
80832,4.85771,50.12476,2
80833,4.85769,50.1248,2
80834,4.85766,50.12487,2
80835,4.85766,50.12487,2
80836,4.85761,50.12494,2
80837,4.85758,50.12498,2
80838,4.85738,50.12516,2
80839,4.85729,50.12522,2
80840,4.85729,50.12522,2
80841,4.85742,50.12529,2
80842,4.85748,50.12549,2
80843,4.85747,50.12549,2
80844,4.85789,50.12555,2
80845,4.85787,50.12567,2
80846,4.85734,50.12532,2
80847,4.85721,50.12533,2
80848,4.85713,50.12537,2
80849,4.85713,50.12537,2
80850,4.85713,50.12537,2
80851,4.85713,50.12537,2
80852,4.85706,50.12545,2
80853,4.85833,50.12129,2
80854,4.85687,50.12551,2
80855,4.85678,50.12552,2
80856,4.85674,50.12559,2
80857,4.85668,50.12565,2
80858,4.85668,50.12565,2
80859,4.85657,50.12563,2
80860,4.85657,50.12563,2
80861,4.85646,50.12561,2
80862,4.85636,50.12558,2
80863,4.85778,50.12346,2
80864,4.85636,50.12558,2
80865,4.85781,50.12441,2
80866,4.85796,50.12442,2
80867,4.85831,50.12437,2
80868,4.85923,50.12422,2
80869,4.85948,50.12423,2
80870,4.85971,50.1243,2
80871,4.86024,50.12449,2
80872,4.86085,50.12484,2
80873,4.86134,50.12518,2
80874,4.86158,50.12535,2
80875,4.8618,50.12553,2
80876,4.86202,50.12572,2
80877,4.86594,50.1288,2
80878,4.86562,50.12775,2
80879,4.85482,50.12695,2
80880,4.85482,50.12695,2
80881,4.85928,50.12429,2
80882,4.86269,50.12626,2
80883,4.86326,50.12654,2
80884,4.85739,50.12057,2
80885,4.86457,50.12734,2
80886,4.86426,50.12719,2
80887,4.8595,50.12436,2
80888,4.86395,50.12703,2
80889,4.86365,50.12688,2
80890,4.86334,50.12673,2
80891,4.86303,50.12658,2
80892,4.86273,50.12643,2
80893,4.86242,50.12627,2
80894,4.86219,50.12607,2
80895,4.86197,50.12587,2
80896,4.86174,50.12567,2
80897,4.86151,50.12547,2
80898,4.86073,50.12492,2
80899,4.8606,50.12493,2
80900,4.85928,50.12429,2
80901,4.85889,50.12481,2
80902,4.85898,50.12178,2
80903,4.85917,50.12435,2
80904,4.86125,50.12529,2
80905,4.85902,50.1251,2
80906,4.85881,50.12508,2
80907,4.85863,50.12462,2
80908,4.85874,50.1243,2
80909,4.86469,50.12725,2
80910,4.8644,50.12711,2
80911,4.86383,50.12683,2
80912,4.85847,50.1228,2
80913,4.85854,50.12428,2
80914,4.859,50.12383,2
80915,4.86167,50.12199,2
80916,4.85928,50.12429,2
80917,4.85962,50.12323,2
80918,4.85978,50.12308,2
80919,4.86001,50.1229,2
80920,4.86037,50.12242,2
80921,4.86077,50.12163,2
80922,4.86109,50.12155,2
80923,4.86129,50.1217,2
80924,4.86148,50.12184,2
80925,4.86096,50.12162,2
80926,4.86087,50.1218,2
80927,4.86078,50.12198,2
80928,4.86069,50.12216,2
80929,4.86042,50.1227,2
80930,4.8606,50.12234,2
80931,4.86029,50.12287,2
80932,4.8601,50.12301,2
80933,4.85984,50.12323,2
80934,4.8595,50.12356,2
80935,4.85917,50.12388,2
80936,4.85917,50.12388,2
80937,4.86014,50.1243,2
80938,4.86052,50.12405,2
80939,4.86089,50.12381,2
80940,4.86088,50.12366,2
80941,4.86048,50.12343,2
80942,4.86007,50.1232,2
80943,4.86019,50.12311,2
80944,4.8606,50.12335,2
80945,4.861,50.12358,2
80946,4.86124,50.1236,2
80947,4.86156,50.12343,2
80948,4.86188,50.12325,2
80949,4.862,50.12314,2
80950,4.86198,50.12299,2
80951,4.86197,50.12284,2
80952,4.86214,50.12282,2
80953,4.86216,50.12293,2
80954,4.86217,50.12304,2
80955,4.86218,50.12315,2
80956,4.86162,50.12349,2
80957,4.86162,50.12349,2
80958,4.86203,50.12332,2
80959,4.86179,50.12345,2
80960,4.86156,50.12358,2
80961,4.86132,50.12371,2
80962,4.86109,50.12385,2
80963,4.86087,50.12399,2
80964,4.86064,50.12414,2
80965,4.86042,50.12428,2
80966,4.86019,50.12442,2
80967,4.85744,50.12434,2
80968,4.85747,50.12426,2
80969,4.85751,50.12418,2
80970,4.85758,50.12401,2
80971,4.85761,50.12393,2
80972,4.85765,50.12384,2
80973,4.85768,50.12376,2
80974,4.85772,50.12368,2
80975,4.85775,50.1236,2
80976,4.85777,50.12353,2
80977,4.85777,50.124,2
80978,4.85787,50.12376,2
80979,4.85792,50.12364,2
80980,4.85779,50.12332,2
80981,4.85795,50.12353,2
80982,4.85833,50.12129,2
80983,4.85796,50.12345,2
80984,4.85797,50.12336,2
80985,4.85798,50.1232,2
80986,4.8578,50.12318,2
80987,4.85773,50.12289,2
80988,4.85768,50.12271,2
80989,4.85763,50.12253,2
80990,4.85759,50.12235,2
80991,4.85756,50.12198,2
80992,4.85755,50.12179,2
80993,4.85754,50.12161,2
80994,4.85753,50.12142,2
80995,4.85773,50.12177,2
80996,4.85775,50.12208,2
80997,4.85777,50.12239,2
80998,4.85794,50.12299,2
80999,4.85804,50.12313,2
81000,4.85833,50.12291,2
81001,4.85847,50.1228,2
81002,4.85794,50.12303,2
81003,4.85862,50.12269,2
81004,4.85837,50.1227,2
81005,4.85859,50.12253,2
81006,4.85878,50.12227,2
81007,4.85877,50.12189,2
81008,4.85961,50.12158,2
81009,4.85907,50.1223,2
81010,4.86038,50.12136,2
81011,4.86023,50.1206,2
81012,4.86073,50.12136,2
81013,4.86004,50.12106,2
81014,4.86008,50.12093,2
81015,4.86074,50.12022,2
81016,4.86115,50.11987,2
81017,4.85892,50.12245,2
81018,4.86146,50.11947,2
81019,4.86178,50.11908,2
81020,4.86221,50.11873,2
81021,4.86282,50.11854,2
81022,4.86415,50.11852,2
81023,4.86482,50.11861,2
81024,4.86551,50.11861,2
81025,4.8662,50.11858,2
81026,4.86678,50.1188,2
81027,4.86023,50.1206,2
81028,4.86312,50.11834,2
81029,4.85991,50.12091,2
81030,4.68109,49.98871,2
81031,4.68225,49.99311,2
81032,4.68216,49.99269,2
81033,4.694948,49.992891,2
81034,4.6878,49.99243,2
81035,4.69116,49.99153,2
81036,4.70232,49.99219,2
81037,4.69313,49.99115,2
81038,4.68865,49.99188,2
81039,4.68598,49.99218,2
81040,4.683964,49.986753,2
81041,4.68627,49.98669,2
81042,4.69416,49.99032,2
81043,4.68203,49.99228,2
81044,4.69198,49.98955,2
81045,4.70135,49.99127,2
81046,4.70164,49.99143,2
81047,4.70168,49.99148,2
81048,4.70185,49.99166,2
81049,4.70188,49.99197,2
81050,4.70188,49.99197,2
81051,4.70188,49.99197,2
81052,4.70196,49.99206,2
81053,4.70232,49.99219,2
81054,4.69903,49.98997,2
81055,4.69903,49.98997,2
81056,4.70222,49.99148,2
81057,4.69903,49.98997,2
81058,4.69903,49.98997,2
81059,4.70232,49.98986,2
81060,4.69509,49.99061,2
81061,4.70168,49.99148,2
81062,4.70032,49.99132,2
81063,4.70022,49.9913,2
81064,4.70012,49.99127,2
81065,4.70006,49.99126,2
81066,4.69999,49.99124,2
81067,4.70039,49.99122,2
81068,4.69993,49.99122,2
81069,4.69986,49.99121,2
81070,4.69977,49.99118,2
81071,4.69954,49.99112,2
81072,4.69945,49.99109,2
81073,4.69942,49.99105,2
81074,4.69945,49.99099,2
81075,4.69948,49.99095,2
81076,4.69957,49.99113,2
81077,4.69985,49.99091,2
81078,4.69925,49.99062,2
81079,4.69844,49.99045,2
81080,4.69736,49.99061,2
81081,4.6972,49.99067,2
81082,4.69985,49.99091,2
81083,4.70159,49.9916,2
81084,4.697794,49.99059,2
81085,4.69985,49.99091,2
81086,4.69985,49.99091,2
81087,4.69985,49.99091,2
81088,4.699361,49.99074,2
81089,4.69985,49.99091,2
81090,4.6995,49.99087,2
81091,4.699,49.99065,2
81092,4.69847,49.99057,2
81093,4.6973,49.99076,2
81094,4.69116,49.99153,2
81095,4.69116,49.99153,2
81096,4.69537,49.99111,2
81097,4.69116,49.99153,2
81098,4.69623,49.99114,2
81099,4.69457,49.99111,2
81100,4.69459,49.99111,2
81101,4.69453,49.991,2
81102,4.69388,49.99118,2
81103,4.69418,49.99115,2
81104,4.69392,49.99106,2
81105,4.69392,49.99106,2
81106,4.69392,49.99106,2
81107,4.69392,49.99106,2
81108,4.69392,49.99106,2
81109,4.701,49.99043,2
81110,4.69374,49.99108,2
81111,4.69283,49.9912,2
81112,4.69271,49.99122,2
81113,4.69253,49.99124,2
81114,4.69229,49.99128,2
81115,4.69229,49.99128,2
81116,4.69212,49.99131,2
81117,4.69122,49.99146,2
81118,4.69062,49.99155,2
81119,4.69015,49.99163,2
81120,4.68985,49.99168,2
81121,4.68955,49.99173,2
81122,4.69116,49.99153,2
81123,4.6924,49.99139,2
81124,4.70168,49.99148,2
81125,4.6921,49.99143,2
81126,4.69187,49.99147,2
81127,4.69172,49.99149,2
81128,4.69004,49.99177,2
81129,4.69151,49.99153,2
81130,4.69133,49.99156,2
81131,4.69116,49.99158,2
81132,4.69098,49.99161,2
81133,4.6908,49.99164,2
81134,4.69063,49.99167,2
81135,4.69045,49.9917,2
81136,4.69027,49.99173,2
81137,4.68901,49.99194,2
81138,4.69151,49.99153,2
81139,4.6896,49.99184,2
81140,4.68939,49.99188,2
81141,4.68868,49.992,2
81142,4.68924,49.9919,2
81143,4.68901,49.99194,2
81144,4.688,49.99248,2
81145,4.6887,49.99199,2
81146,4.68774,49.98154,2
81147,4.6884,49.99224,2
81148,4.68843,49.99203,2
81149,4.68695,49.99317,2
81150,4.68796,49.9925,2
81151,4.68846,49.99219,2
81152,4.68748,49.99264,2
81153,4.68856,49.99192,2
81154,4.68748,49.99264,2
81155,4.6878,49.99243,2
81156,4.68759,49.99252,2
81157,4.68748,49.99264,2
81158,4.68743,49.99331,2
81159,4.68742,49.99274,2
81160,4.6871,49.99302,2
81161,4.68725,49.99288,2
81162,4.68688,49.99323,2
81163,4.68766,49.99249,2
81164,4.68755,49.99254,2
81165,4.68718,49.99274,2
81166,4.68751,49.99256,2
81167,4.68733,49.99331,2
81168,4.68738,49.99331,2
81169,4.68748,49.99264,2
81170,4.68675,49.99314,2
81171,4.68698,49.99345,2
81172,4.68751,49.99342,2
81173,4.68708,49.99283,2
81174,4.68683,49.99339,2
81175,4.68693,49.99297,2
81176,4.6868,49.99337,2
81177,4.68677,49.99221,2
81178,4.68684,49.9922,2
81179,4.68681,49.99221,2
81180,4.68861,49.99189,2
81181,4.68822,49.99193,2
81182,4.68791,49.99197,2
81183,4.68636,49.99214,2
81184,4.68572,49.99233,2
81185,4.68539,49.99237,2
81186,4.68523,49.99238,2
81187,4.68473,49.99243,2
81188,4.6844,49.99245,2
81189,4.68244,49.99239,2
81190,4.68244,49.99239,2
81191,4.68246,49.99227,2
81192,4.68481,49.99231,2
81193,4.68228,49.99223,2
81194,4.68213,49.99231,2
81195,4.68234,49.9927,2
81196,4.68016,49.98891,2
81197,4.68171,49.98857,2
81198,4.68285,49.9882,2
81199,4.68329,49.98793,2
81200,4.68627,49.98669,2
81201,4.69116,49.99153,2
81202,4.69116,49.99153,2
81203,4.69116,49.99153,2
81204,4.69116,49.99153,2
81205,4.69116,49.99153,2
81206,4.696,49.99091,2
81207,4.69548,49.99074,2
81208,4.69574,49.99082,2
81209,4.69535,49.9907,2
81210,4.69509,49.99061,2
81211,4.69501,49.99059,2
81212,4.69483,49.99053,2
81213,4.6947,49.99049,2
81214,4.6947,49.99049,2
81215,4.69462,49.99046,2
81216,4.69451,49.99043,2
81217,4.69433,49.99037,2
81218,4.69397,49.99025,2
81219,4.69417,49.99032,2
81220,4.69345,49.99009,2
81221,4.69293,49.98991,2
81222,4.69288,49.98989,2
81223,4.69243,49.98972,2
81224,4.69231,49.98967,2
81225,4.69206,49.98958,2
81226,4.69206,49.98858,2
81227,4.69129,49.98972,2
81228,4.69129,49.98972,2
81229,4.69113,49.98969,2
81230,4.69212,49.9896,2
81231,4.69129,49.98972,2
81232,4.69985,49.99091,2
81233,4.69179,49.98922,2
81234,4.70067,49.99103,2
81235,4.70055,49.99099,2
81236,4.70052,49.99099,2
81237,4.70035,49.99096,2
81238,4.70035,49.99096,2
81239,4.70025,49.99094,2
81240,4.70015,49.99092,2
81241,4.70007,49.9909,2
81242,4.69992,49.99086,2
81243,4.69986,49.99085,2
81244,4.69977,49.99083,2
81245,4.69977,49.99083,2
81246,4.69968,49.99081,2
81247,4.69962,49.99092,2
81248,4.69968,49.99093,2
81249,4.69983,49.99096,2
81250,4.69983,49.99096,2
81251,4.69989,49.99098,2
81252,4.7,49.99101,2
81253,4.70006,49.99102,2
81254,4.70014,49.99103,2
81255,4.70025,49.99106,2
81256,4.70035,49.99108,2
81257,4.7005,49.9911,2
81258,4.70052,49.99111,2
81259,4.70063,49.99115,2
81260,4.70075,49.99119,2
81261,4.70079,49.9912,2
81262,4.7009,49.99124,2
81263,4.70117,49.99134,2
81264,4.7011,49.99131,2
81265,4.70121,49.99122,2
81266,4.7013,49.99125,2
81267,4.70133,49.99126,2
81268,4.70133,49.99126,2
81269,4.70157,49.99135,2
81270,4.70157,49.99158,2
81271,4.70168,49.9917,2
81272,4.70179,49.99182,2
81273,4.70179,49.99182,2
81274,4.70179,49.99182,2
81275,4.70181,49.99161,2
81276,4.7019,49.9917,2
81277,4.70195,49.99177,2
81278,4.70188,49.99197,2
81279,4.70188,49.99197,2
81280,4.70188,49.99197,2
81281,4.70188,49.99197,2
81282,4.70188,49.99197,2
81283,4.70188,49.99197,2
81284,4.70232,49.99219,2
81285,4.70338,49.99259,2
81286,4.69903,49.98997,2
81287,4.69903,49.98997,2
81288,4.69903,49.98997,2
81289,4.69903,49.98997,2
81290,4.70188,49.99197,2
81291,4.69903,49.98997,2
81292,4.70239,49.99144,2
81293,4.69903,49.98997,2
81294,4.69903,49.98997,2
81295,4.69903,49.98997,2
81296,4.70227,49.99127,2
81297,4.70227,49.99127,2
81298,4.69903,49.98997,2
81299,4.69903,49.98997,2
81300,4.69903,49.98997,2
81301,4.69903,49.98997,2
81302,4.69903,49.98997,2
81303,4.69903,49.98997,2
81304,4.69903,49.98997,2
81305,4.69903,49.98997,2
81306,4.69903,49.98997,2
81307,4.69903,49.98997,2
81308,4.69903,49.98997,2
81309,4.69903,49.98997,2
81310,4.69903,49.98997,2
81311,4.70132,49.9907,2
81312,4.70132,49.9907,2
81313,4.70132,49.9907,2
81314,4.701,49.99043,2
81315,4.7013,49.99055,2
81316,4.69903,49.98997,2
81317,4.70163,49.99065,2
81318,4.70163,49.99065,2
81319,4.70163,49.99065,2
81320,4.70232,49.98986,2
81321,4.70163,49.99065,2
81322,4.70176,49.99052,2
81323,4.70176,49.99052,2
81324,4.70207,49.99022,2
81325,4.70176,49.99052,2
81326,4.7018,49.99026,2
81327,4.70232,49.98986,2
81328,4.70165,49.99042,2
81329,4.70186,49.99021,2
81330,4.39358,49.90342,2
81331,4.39436,49.90349,2
81332,4.39151,49.90303,2
81333,4.39287,49.90304,2
81334,4.39123,49.90294,2
81335,4.39734,49.90421,2
81336,4.39734,49.90421,2
81337,4.400503,49.90324,2
81338,4.399442,49.904848,2
81339,4.399317,49.905182,2
81340,4.398799,49.907849,2
81341,4.39721,49.90416,2
81342,4.3984,49.910694,2
81343,4.399076,49.911581,2
81344,4.400162,49.912281,2
81345,4.400221,49.913061,2
81346,4.400221,49.913061,2
81347,4.405684,49.907517,2
81348,4.422055,49.908935,2
81349,4.39734,49.90421,2
81350,4.427206,49.93509,2
81351,4.39436,49.90349,2
81352,4.39843,49.910065,2
81353,4.400221,49.913061,2
81354,4.39913,49.90484,2
81355,4.39934,49.90478,2
81356,4.39734,49.90421,2
81357,4.39734,49.90421,2
81358,4.39828,49.90461,2
81359,4.39565,49.90385,2
81360,4.39878,49.90462,2
81361,4.48354,49.48726,2
81362,4.4867,49.4863,2
81363,4.4867,49.4863,2
81364,4.48298,49.48903,2
81365,4.4867,49.4863,2
81366,4.4851,49.48863,2
81367,4.4918,49.48515,2
81368,4.4851,49.48863,2
81369,4.4851,49.48863,2
81370,4.4851,49.48863,2
81371,4.4849,49.48858,2
81372,4.4867,49.4863,2
81373,4.4867,49.4863,2
81374,4.4867,49.4863,2
81375,4.4867,49.4863,2
81376,4.4867,49.4863,2
81377,4.4867,49.4863,2
81378,4.4867,49.4863,2
81379,4.4867,49.4863,2
81380,4.48371,49.48709,2
81381,4.48371,49.48709,2
81382,4.4867,49.4863,2
81383,4.48371,49.48709,2
81384,4.48371,49.48709,2
81385,4.48371,49.48709,2
81386,4.48419,49.48689,2
81387,4.48419,49.48689,2
81388,4.48419,49.48689,2
81389,4.4867,49.4863,2
81390,4.48428,49.4856,2
81391,4.48428,49.4856,2
81392,4.48372,49.48606,2
81393,4.48285,49.48557,2
81394,4.48285,49.48557,2
81395,4.48286,49.48551,2
81396,4.48285,49.48557,2
81397,4.48284,49.48562,2
81398,4.48428,49.4856,2
81399,4.48397,49.48448,2
81400,4.48397,49.48448,2
81401,4.48397,49.48448,2
81402,4.48397,49.48448,2
81403,4.48397,49.48448,2
81404,4.48397,49.48448,2
81405,4.48397,49.48448,2
81406,4.48397,49.48448,2
81407,4.4867,49.4863,2
81408,4.4867,49.4863,2
81409,4.4867,49.4863,2
81410,4.4867,49.4863,2
81411,4.4867,49.4863,2
81412,4.4867,49.4863,2
81413,4.4867,49.4863,2
81414,4.4867,49.4863,2
81415,4.4867,49.4863,2
81416,4.4867,49.4863,2
81417,4.4867,49.4863,2
81418,4.4867,49.4863,2
81419,4.4835,49.48723,2
81420,4.4867,49.4863,2
81421,4.4867,49.4863,2
81422,4.48886,49.48768,2
81423,4.48886,49.48768,2
81424,4.491158,49.485778,2
81425,4.483702,49.483602,2
81426,4.49786,49.48914,2
81427,4.4918,49.48515,2
81428,4.4918,49.48515,2
81429,4.493939,49.48696,2
81430,4.496661,49.488385,2
81431,4.496661,49.488385,2
81432,4.49725,49.488617,2
81433,4.49786,49.48914,2
81434,4.49786,49.48914,2
81435,4.49786,49.48914,2
81436,4.49786,49.48914,2
81437,4.49786,49.48914,2
81438,4.49786,49.48914,2
81439,4.49916,49.488771,2
81440,4.485651,49.484358,2
81441,4.48419,49.48689,2
81442,4.48354,49.48606,2
81443,4.48428,49.4856,2
81444,4.484487,49.483893,2
81445,4.490843,49.485829,2
81446,4.4918,49.48515,2
81447,4.497629,49.488763,2
81448,4.498525,49.488747,2
81449,4.499763,49.488679,2
81450,4.50439,49.48844,2
81451,4.4918,49.48515,2
81452,4.483926,49.483679,2
81453,4.48298,49.48903,2
81454,4.48428,49.4856,2
81455,4.49795,49.48925,2
81456,4.82887,49.44653,2
81457,4.82887,49.44653,2
81458,4.82887,49.44653,2
81459,4.82887,49.44653,2
81460,4.82887,49.44653,2
81461,4.82637,49.44388,2
81462,4.82887,49.44653,2
81463,4.82637,49.44388,2
81464,4.82887,49.44653,2
81465,4.82887,49.44653,2
81466,4.82887,49.44653,2
81467,4.82887,49.44653,2
81468,4.82887,49.44653,2
81469,4.82887,49.44653,2
81470,4.81417,49.49069,2
81471,4.82887,49.44653,2
81472,4.82887,49.44653,2
81473,4.82887,49.44653,2
81474,4.82887,49.44653,2
81475,4.82887,49.44653,2
81476,4.82887,49.44653,2
81477,4.82887,49.44653,2
81478,4.82887,49.44653,2
81479,4.82887,49.44653,2
81480,4.82887,49.44653,2
81481,4.829232,49.446599,2
81482,4.829232,49.446599,2
81483,4.82887,49.44653,2
81484,4.84561,49.44504,2
81485,4.82887,49.44653,2
81486,4.82887,49.44653,2
81487,4.82887,49.44653,2
81488,4.82887,49.44653,2
81489,4.81417,49.49069,2
81490,4.82887,49.44653,2
81491,4.82849,49.44689,2
81492,4.82849,49.44689,2
81493,4.82849,49.44689,2
81494,4.82849,49.44689,2
81495,4.829431,49.451825,2
81496,4.829229,49.452207,2
81497,4.829229,49.452207,2
81498,4.829229,49.452207,2
81499,4.829229,49.452207,2
81500,4.829229,49.452207,2
81501,4.829229,49.452207,2
81502,4.829229,49.452207,2
81503,4.829229,49.452207,2
81504,4.829229,49.452207,2
81505,4.829229,49.452207,2
81506,4.82849,49.44689,2
81507,4.829958,49.451032,2
81508,4.829958,49.451032,2
81509,4.829958,49.451032,2
81510,4.829958,49.451032,2
81511,4.829958,49.451032,2
81512,4.829958,49.451032,2
81513,4.829958,49.451032,2
81514,4.829431,49.451825,2
81515,4.828182,49.452498,2
81516,4.830066,49.451848,2
81517,4.828182,49.452498,2
81518,4.829229,49.452207,2
81519,4.828182,49.452498,2
81520,4.829229,49.452207,2
81521,4.828182,49.452498,2
81522,4.829229,49.452207,2
81523,4.828182,49.452498,2
81524,4.829229,49.452207,2
81525,4.828182,49.452498,2
81526,4.829229,49.452207,2
81527,4.828182,49.452498,2
81528,4.829431,49.451825,2
81529,4.828182,49.452498,2
81530,4.82927,49.452197,2
81531,4.828182,49.452498,2
81532,4.82927,49.452197,2
81533,4.828182,49.452498,2
81534,4.82927,49.452197,2
81535,4.828182,49.452498,2
81536,4.82927,49.452197,2
81537,4.828182,49.452498,2
81538,4.82927,49.452197,2
81539,4.828182,49.452498,2
81540,4.82927,49.452197,2
81541,4.828182,49.452498,2
81542,4.82927,49.452197,2
81543,4.828182,49.452498,2
81544,4.828182,49.452498,2
81545,4.828182,49.452498,2
81546,4.828182,49.452498,2
81547,4.828182,49.452498,2
81548,4.828182,49.452498,2
81549,4.828182,49.452498,2
81550,4.828182,49.452498,2
81551,4.828182,49.452498,2
81552,4.829958,49.451032,2
81553,4.828182,49.452498,2
81554,4.829958,49.451032,2
81555,4.828182,49.452498,2
81556,4.829958,49.451032,2
81557,4.828182,49.452498,2
81558,4.829958,49.451032,2
81559,4.830189,49.450408,2
81560,4.830189,49.450408,2
81561,4.830189,49.450408,2
81562,4.830189,49.450408,2
81563,4.830189,49.450408,2
81564,4.83034,49.450108,2
81565,4.83034,49.450108,2
81566,4.83034,49.450108,2
81567,4.83034,49.450108,2
81568,4.82887,49.44653,2
81569,4.82887,49.44653,2
81570,4.82887,49.44653,2
81571,4.82887,49.44653,2
81572,4.82887,49.44653,2
81573,4.829376,49.447009,2
81574,4.82887,49.44653,2
81575,4.84561,49.44504,2
81576,4.81417,49.49069,2
81577,4.82849,49.44689,2
81578,4.81417,49.49069,2
81579,4.830376,49.449154,2
81580,4.82887,49.44653,2
81581,4.82911,49.446637,2
81582,4.82286,49.4693,2
81583,4.82308,49.46882,2
81584,4.81417,49.49069,2
81585,4.82386,49.47017,2
81586,4.82464,49.46941,2
81587,4.8255,49.46801,2
81588,4.8255,49.46801,2
81589,4.82464,49.46941,2
81590,4.8255,49.46801,2
81591,4.82464,49.46941,2
81592,4.82464,49.46941,2
81593,4.82308,49.46882,2
81594,4.82308,49.46882,2
81595,4.82308,49.46882,2
81596,4.82308,49.46882,2
81597,4.82308,49.46882,2
81598,4.82351,49.47138,2
81599,4.82286,49.4693,2
81600,4.82286,49.4693,2
81601,4.82286,49.4693,2
81602,4.82278,49.46958,2
81603,4.82286,49.4693,2
81604,4.82351,49.47138,2
81605,4.82278,49.46958,2
81606,4.81417,49.49069,2
81607,4.82278,49.46958,2
81608,4.81417,49.49069,2
81609,4.82278,49.46958,2
81610,4.79933,49.48049,2
81611,4.82464,49.46941,2
81612,4.82464,49.46941,2
81613,4.82351,49.47138,2
81614,4.82351,49.47138,2
81615,4.82351,49.47138,2
81616,4.823685,49.471176,2
81617,4.82351,49.47138,2
81618,4.82351,49.47138,2
81619,4.82351,49.47138,2
81620,4.82351,49.47138,2
81621,4.82351,49.47138,2
81622,4.82351,49.47138,2
81623,4.82351,49.47138,2
81624,4.8271,49.47191,2
81625,4.8271,49.47191,2
81626,4.82308,49.46882,2
81627,4.82351,49.47138,2
81628,4.8271,49.47191,2
81629,4.8271,49.47191,2
81630,4.8271,49.47191,2
81631,4.8271,49.47191,2
81632,4.8271,49.47191,2
81633,4.8271,49.47191,2
81634,4.8271,49.47191,2
81635,4.8271,49.47191,2
81636,4.8271,49.47191,2
81637,4.82351,49.47138,2
81638,4.82351,49.47138,2
81639,4.82351,49.47138,2
81640,4.81417,49.49069,2
81641,4.82286,49.4693,2
81642,4.815044,49.490667,2
81643,4.79933,49.48049,2
81644,4.82308,49.46882,2
81645,4.82464,49.46941,2
81646,4.87235,49.69443,2
81647,4.87235,49.69443,2
81648,4.87235,49.69443,2
81649,4.87235,49.69443,2
81650,4.87226,49.69422,2
81651,4.87226,49.69422,2
81652,4.87226,49.69422,2
81653,4.87226,49.69422,2
81654,4.87226,49.69422,2
81655,4.87226,49.69422,2
81656,4.87226,49.69422,2
81657,4.87226,49.69422,2
81658,4.87221,49.69405,2
81659,4.87294,49.69475,2
81660,4.87468,49.69894,2
81661,4.87294,49.69475,2
81662,4.87294,49.69475,2
81663,4.87095,49.70041,2
81664,4.87294,49.69475,2
81665,4.87294,49.69475,2
81666,4.87294,49.69475,2
81667,4.87294,49.69475,2
81668,4.87294,49.69475,2
81669,4.87323,49.69474,2
81670,4.87323,49.69474,2
81671,4.87323,49.69474,2
81672,4.87323,49.69474,2
81673,4.87323,49.69474,2
81674,4.87323,49.69474,2
81675,4.87323,49.69474,2
81676,4.87323,49.69474,2
81677,4.87239,49.69504,2
81678,4.87239,49.69504,2
81679,4.87239,49.69504,2
81680,4.87239,49.69504,2
81681,4.87239,49.69504,2
81682,4.87239,49.69504,2
81683,4.87239,49.69504,2
81684,4.87239,49.69504,2
81685,4.87239,49.69504,2
81686,4.87237,49.69519,2
81687,4.86972,49.70168,2
81688,4.86971,49.70175,2
81689,4.87237,49.69519,2
81690,4.86971,49.70181,2
81691,4.86943,49.70149,2
81692,4.87239,49.69504,2
81693,4.86922,49.7015,2
81694,4.87237,49.69519,2
81695,4.87507,49.69807,2
81696,4.87239,49.69504,2
81697,4.87237,49.69519,2
81698,4.87237,49.69519,2
81699,4.87237,49.69519,2
81700,4.87237,49.69519,2
81701,4.87237,49.69519,2
81702,4.87237,49.69519,2
81703,4.87237,49.69519,2
81704,4.87237,49.69519,2
81705,4.87237,49.69519,2
81706,4.87237,49.69519,2
81707,4.87122,49.70148,2
81708,4.87122,49.70148,2
81709,4.87122,49.70148,2
81710,4.87122,49.70148,2
81711,4.87122,49.70148,2
81712,4.87122,49.70148,2
81713,4.87122,49.70148,2
81714,4.87168,49.70145,2
81715,4.87225,49.69769,2
81716,4.87155,49.70145,2
81717,4.87142,49.70145,2
81718,4.87129,49.70144,2
81719,4.87116,49.70144,2
81720,4.87103,49.70144,2
81721,4.8709,49.70143,2
81722,4.87077,49.70143,2
81723,4.8706,49.70142,2
81724,4.87135,49.70106,2
81725,4.87135,49.70106,2
81726,4.87135,49.70106,2
81727,4.87135,49.70106,2
81728,4.87143,49.70081,2
81729,4.87069,49.7011,2
81730,4.8706,49.70142,2
81731,4.87038,49.70142,2
81732,4.87016,49.70141,2
81733,4.86995,49.7014,2
81734,4.86993,49.70138,2
81735,4.86995,49.70121,2
81736,4.86996,49.70104,2
81737,4.87009,49.70089,2
81738,4.87023,49.70074,2
81739,4.87039,49.70062,2
81740,4.87065,49.70058,2
81741,4.8709,49.70054,2
81742,4.87116,49.7005,2
81743,4.87135,49.70106,2
81744,4.87135,49.70106,2
81745,4.87135,49.70106,2
81746,4.87135,49.70106,2
81747,4.87079,49.70137,2
81748,4.8709,49.70115,2
81749,4.861315,49.700471,2
81750,4.87127,49.70114,2
81751,4.87163,49.70112,2
81752,4.87164,49.7009,2
81753,4.87156,49.70067,2
81754,4.87146,49.70044,2
81755,4.87135,49.70106,2
81756,4.87114,49.70038,2
81757,4.87076,49.70045,2
81758,4.87057,49.70048,2
81759,4.87037,49.70051,2
81760,4.87019,49.70056,2
81761,4.87009,49.70067,2
81762,4.86999,49.70078,2
81763,4.86988,49.70089,2
81764,4.86979,49.701,2
81765,4.86978,49.70113,2
81766,4.86976,49.70126,2
81767,4.86975,49.70139,2
81768,4.86974,49.70149,2
81769,4.86973,49.70155,2
81770,4.86973,49.70162,2
81771,4.86989,49.70175,2
81772,4.86991,49.70156,2
81773,4.86994,49.70152,2
81774,4.87016,49.70153,2
81775,4.87037,49.70153,2
81776,4.87059,49.70154,2
81777,4.8706,49.70153,2
81778,4.87058,49.70164,2
81779,4.87122,49.70148,2
81780,4.87122,49.70148,2
81781,4.87122,49.70148,2
81782,4.87122,49.70148,2
81783,4.87122,49.70148,2
81784,4.87122,49.70148,2
81785,4.87122,49.70148,2
81786,4.87122,49.70148,2
81787,4.87122,49.70148,2
81788,4.87122,49.70148,2
81789,4.87122,49.70148,2
81790,4.87507,49.69807,2
81791,4.87122,49.70148,2
81792,4.87386,49.6949,2
81793,4.87386,49.6949,2
81794,4.87215,49.70128,2
81795,4.87386,49.6949,2
81796,4.87175,49.70195,2
81797,4.87641,49.69617,2
81798,4.8764,49.69647,2
81799,4.8717,49.70211,2
81800,4.87638,49.69639,2
81801,4.87635,49.69622,2
81802,4.87164,49.70228,2
81803,4.87635,49.69622,2
81804,4.87159,49.70244,2
81805,4.87621,49.6956,2
81806,4.87621,49.6956,2
81807,4.87158,49.70261,2
81808,4.873936,49.696039,2
81809,4.87291,49.69435,2
81810,4.87161,49.70277,2
81811,4.87294,49.69475,2
81812,4.86683,49.69733,2
81813,4.87077,49.70143,2
81814,4.87481,49.69726,2
81815,4.87004,49.70256,2
81816,4.87514,49.69811,2
81817,4.87122,49.70148,2
81818,4.87491,49.69751,2
81819,4.87002,49.70265,2
81820,4.87235,49.70014,2
81821,4.87621,49.6956,2
81822,4.87,49.70274,2
81823,4.87621,49.6956,2
81824,4.87642,49.69585,2
81825,4.86999,49.70283,2
81826,4.87239,49.69504,2
81827,4.86997,49.70291,2
81828,4.8723,49.69636,2
81829,4.87239,49.69504,2
81830,4.86995,49.703,2
81831,4.87095,49.70041,2
81832,4.86993,49.70309,2
81833,4.87729,49.69783,2
81834,4.86991,49.70318,2
81835,4.88117,49.69779,2
81836,4.86988,49.70327,2
81837,4.86806,49.70792,2
81838,4.86806,49.70792,2
81839,4.86985,49.70336,2
81840,4.87003,49.70337,2
81841,4.8531,49.70481,2
81842,4.85366,49.70327,2
81843,4.87007,49.70326,2
81844,4.87468,49.69894,2
81845,4.87732,49.69788,2
81846,4.8701,49.70315,2
81847,4.87896,49.69961,2
81848,4.87012,49.70304,2
81849,4.89047,49.72766,2
81850,4.87015,49.70292,2
81851,4.8706,49.70337,2
81852,4.88153,49.704981,2
81853,4.87017,49.70281,2
81854,4.8706,49.70337,2
81855,4.89047,49.72766,2
81856,4.86543,49.69813,2
81857,4.87019,49.7027,2
81858,4.86553,49.69834,2
81859,4.87022,49.70258,2
81860,4.872845,49.702513,2
81861,4.86562,49.69855,2
81862,4.87056,49.70175,2
81863,4.872797,49.702379,2
81864,4.86572,49.69876,2
81865,4.87044,49.70213,2
81866,4.87232,49.70088,2
81867,4.86559,49.69895,2
81868,4.87054,49.70186,2
81869,4.87226,49.69982,2
81870,4.86538,49.69898,2
81871,4.87202,49.6991,2
81872,4.87044,49.70213,2
81873,4.86516,49.699,2
81874,4.87049,49.70196,2
81875,4.86495,49.69903,2
81876,4.87044,49.70213,2
81877,4.86473,49.69905,2
81878,4.87041,49.70206,2
81879,4.86452,49.69908,2
81880,4.87044,49.70213,2
81881,4.8643,49.69911,2
81882,4.86907,49.70158,2
81883,4.87033,49.70215,2
81884,4.86409,49.69913,2
81885,4.87044,49.70213,2
81886,4.86387,49.69916,2
81887,4.87026,49.70225,2
81888,4.86366,49.69918,2
81889,4.87044,49.70213,2
81890,4.86344,49.69921,2
81891,4.87018,49.70235,2
81892,4.86323,49.69923,2
81893,4.87044,49.70213,2
81894,4.86302,49.69923,2
81895,4.8701,49.70244,2
81896,4.86293,49.6991,2
81897,4.87044,49.70213,2
81898,4.86283,49.69897,2
81899,4.86302,49.69895,2
81900,4.87003,49.70257,2
81901,4.86315,49.69912,2
81902,4.86981,49.70257,2
81903,4.86345,49.69908,2
81904,4.86959,49.70256,2
81905,4.87732,49.69788,2
81906,4.86374,49.69905,2
81907,4.86938,49.70255,2
81908,4.86404,49.69901,2
81909,4.86919,49.70249,2
81910,4.86434,49.69898,2
81911,4.86901,49.7024,2
81912,4.8742,49.70162,2
81913,4.86463,49.69895,2
81914,4.86884,49.70232,2
81915,4.86493,49.69891,2
81916,4.86866,49.70224,2
81917,4.86522,49.69888,2
81918,4.86849,49.70216,2
81919,4.86552,49.69884,2
81920,4.86861,49.70207,2
81921,4.8655,49.69869,2
81922,4.86882,49.70217,2
81923,4.8653,49.69827,2
81924,4.86904,49.70227,2
81925,4.8651,49.69819,2
81926,4.86925,49.70237,2
81927,4.86463,49.69837,2
81928,4.86948,49.70244,2
81929,4.86416,49.69855,2
81930,4.86975,49.70245,2
81931,4.86366,49.69871,2
81932,4.87001,49.70246,2
81933,4.86316,49.69886,2
81934,4.86845,49.70217,2
81935,4.86767,49.69706,2
81936,4.8683,49.70231,2
81937,4.86767,49.69706,2
81938,4.86346,49.69864,2
81939,4.86815,49.70244,2
81940,4.86466,49.69822,2
81941,4.87468,49.69894,2
81942,4.86799,49.70257,2
81943,4.86466,49.69822,2
81944,4.86683,49.69733,2
81945,4.87161,49.70331,2
81946,4.86767,49.69706,2
81947,4.86602,49.69767,2
81948,4.8706,49.70337,2
81949,4.86602,49.69767,2
81950,4.86654,49.69716,2
81951,4.87094,49.70335,2
81952,4.86691,49.69729,2
81953,4.87127,49.70333,2
81954,4.86701,49.69724,2
81955,4.87162,49.70343,2
81956,4.87129,49.70345,2
81957,4.8671,49.6972,2
81958,4.87095,49.70347,2
81959,4.86721,49.69716,2
81960,4.87062,49.70349,2
81961,4.86731,49.69713,2
81962,4.8703,49.70349,2
81963,4.86466,49.69822,2
81964,4.86742,49.69709,2
81965,4.86466,49.69822,2
81966,4.87004,49.70348,2
81967,4.86975,49.70346,2
81968,4.86763,49.69701,2
81969,4.86942,49.70344,2
81970,4.86779,49.69651,2
81971,4.86805,49.69686,2
81972,4.86912,49.70334,2
81973,4.86784,49.69694,2
81974,4.86795,49.6969,2
81975,4.86974,49.70335,2
81976,4.86905,49.70318,2
81977,4.87145,49.69788,2
81978,4.86938,49.7033,2
81979,4.87155,49.69771,2
81980,4.87198,49.69762,2
81981,4.86884,49.70323,2
81982,4.87207,49.69778,2
81983,4.87205,49.69831,2
81984,4.86858,49.70309,2
81985,4.87222,49.6984,2
81986,4.86875,49.70303,2
81987,4.87224,49.69805,2
81988,4.87018,49.70344,2
81989,4.87468,49.69894,2
81990,4.86834,49.70294,2
81991,4.87242,49.69757,2
81992,4.87018,49.70344,2
81993,4.87209,49.69742,2
81994,4.86927,49.704,2
81995,4.87321,49.69701,2
81996,4.86812,49.70288,2
81997,4.87225,49.69769,2
81998,4.86796,49.70305,2
81999,4.87237,49.69745,2
82000,4.86823,49.70299,2
82001,4.87277,49.69745,2
82002,4.86927,49.704,2
82003,4.87292,49.69757,2
82004,4.86797,49.70324,2
82005,4.87391,49.69757,2
82006,4.86807,49.70343,2
82007,4.87341,49.69757,2
82008,4.87095,49.70041,2
82009,4.87341,49.69757,2
82010,4.86817,49.70361,2
82011,4.87317,49.69745,2
82012,4.86832,49.70355,2
82013,4.87356,49.69745,2
82014,4.86895,49.7017,2
82015,4.86883,49.70182,2
82016,4.86993,49.70398,2
82017,4.8686,49.70376,2
82018,4.87391,49.69757,2
82019,4.86871,49.70193,2
82020,4.86831,49.70378,2
82021,4.86859,49.70205,2
82022,4.87396,49.69745,2
82023,4.86857,49.70388,2
82024,4.86883,49.70399,2
82025,4.87396,49.69745,2
82026,4.86927,49.704,2
82027,4.87427,49.69755,2
82028,4.86911,49.70406,2
82029,4.87481,49.69726,2
82030,4.87431,49.69743,2
82031,4.86946,49.70396,2
82032,4.87255,49.69695,2
82033,4.86942,49.70408,2
82034,4.87323,49.69694,2
82035,4.86972,49.70409,2
82036,4.87321,49.69701,2
82037,4.87003,49.7041,2
82038,4.87391,49.69693,2
82039,4.87033,49.70359,2
82040,4.87321,49.69701,2
82041,4.86927,49.704,2
82042,4.87481,49.69726,2
82043,4.87052,49.70355,2
82044,4.87444,49.69753,2
82045,4.87049,49.70374,2
82046,4.87472,49.69782,2
82047,4.87514,49.69811,2
82048,4.87044,49.70394,2
82049,4.87514,49.69811,2
82050,4.87514,49.69811,2
82051,4.87731,49.69794,2
82052,4.87729,49.69783,2
82053,4.87514,49.69811,2
82054,4.87729,49.69783,2
82055,4.87514,49.69811,2
82056,4.87729,49.69783,2
82057,4.87507,49.69807,2
82058,4.87729,49.69783,2
82059,4.87491,49.69751,2
82060,4.87729,49.69783,2
82061,4.87535,49.69763,2
82062,4.87729,49.69783,2
82063,4.87729,49.69783,2
82064,4.8754,49.69745,2
82065,4.87917,49.69772,2
82066,4.87981,49.69775,2
82067,4.87732,49.69788,2
82068,4.87386,49.6949,2
82069,4.87947,49.69785,2
82070,4.87438,49.69891,2
82071,4.88115,49.69785,2
82072,4.87386,49.6949,2
82073,4.88055,49.69775,2
82074,4.88174,49.69772,2
82075,4.87386,49.6949,2
82076,4.88117,49.69779,2
82077,4.88117,49.69779,2
82078,4.87386,49.6949,2
82079,4.88117,49.69779,2
82080,4.86806,49.70792,2
82081,4.87386,49.6949,2
82082,4.87064,49.70463,2
82083,4.85974,49.7118,2
82084,4.87386,49.6949,2
82085,4.87184,49.70299,2
82086,4.87169,49.70327,2
82087,4.87386,49.6949,2
82088,4.87168,49.70311,2
82089,4.87386,49.6949,2
82090,4.87183,49.70225,2
82091,4.87386,49.6949,2
82092,4.868322,49.700146,2
82093,4.87386,49.6949,2
82094,4.87732,49.69788,2
82095,4.8531,49.70481,2
82096,4.8531,49.70481,2
82097,4.87386,49.6949,2
82098,4.87234,49.69916,2
82099,4.87386,49.6949,2
82100,4.87259,49.69909,2
82101,4.87386,49.6949,2
82102,4.87574,49.69943,2
82103,4.87386,49.6949,2
82104,4.87863,49.69838,2
82105,4.87386,49.6949,2
82106,4.87904,49.69834,2
82107,4.86683,49.69733,2
82108,4.87946,49.69836,2
82109,4.87386,49.6949,2
82110,4.87989,49.69838,2
82111,4.88031,49.6984,2
82112,4.87386,49.6949,2
82113,4.88074,49.69843,2
82114,4.88115,49.69848,2
82115,4.87386,49.6949,2
82116,4.88157,49.69855,2
82117,4.87386,49.6949,2
82118,4.88198,49.69862,2
82119,4.87386,49.6949,2
82120,4.87853,49.69884,2
82121,4.87237,49.69519,2
82122,4.87641,49.69617,2
82123,4.87831,49.69887,2
82124,4.87848,49.69873,2
82125,4.87641,49.69617,2
82126,4.87825,49.69876,2
82127,4.87641,49.69617,2
82128,4.87779,49.69881,2
82129,4.87641,49.69617,2
82130,4.8781,49.69889,2
82131,4.87641,49.69617,2
82132,4.87789,49.69892,2
82133,4.87641,49.69617,2
82134,4.87768,49.69894,2
82135,4.87756,49.69884,2
82136,4.87641,49.69617,2
82137,4.87733,49.69887,2
82138,4.87641,49.69617,2
82139,4.87747,49.69897,2
82140,4.8764,49.69647,2
82141,4.87726,49.69899,2
82142,4.8764,49.69647,2
82143,4.8771,49.6989,2
82144,4.8764,49.69647,2
82145,4.87705,49.69902,2
82146,4.8764,49.69647,2
82147,4.87687,49.69893,2
82148,4.8764,49.69647,2
82149,4.87683,49.69905,2
82150,4.8764,49.69647,2
82151,4.87662,49.69907,2
82152,4.8764,49.69647,2
82153,4.87641,49.69898,2
82154,4.8764,49.69647,2
82155,4.87641,49.6991,2
82156,4.87638,49.69639,2
82157,4.8762,49.69912,2
82158,4.87638,49.69639,2
82159,4.87599,49.69912,2
82160,4.87638,49.69639,2
82161,4.87584,49.69902,2
82162,4.87568,49.69893,2
82163,4.87638,49.69639,2
82164,4.87638,49.69639,2
82165,4.87618,49.69901,2
82166,4.87638,49.69639,2
82167,4.87599,49.69896,2
82168,4.87638,49.69639,2
82169,4.87552,49.69883,2
82170,4.87638,49.69639,2
82171,4.87582,49.69886,2
82172,4.87644,49.69862,2
82173,4.87638,49.69639,2
82174,4.87565,49.69875,2
82175,4.87638,49.69639,2
82176,4.87859,49.69856,2
82177,4.87638,49.69639,2
82178,4.87599,49.69896,2
82179,4.87842,49.69859,2
82180,4.87621,49.6956,2
82181,4.87638,49.69639,2
82182,4.87877,49.69891,2
82183,4.8789,49.69923,2
82184,4.87637,49.6963,2
82185,4.87907,49.69961,2
82186,4.87637,49.6963,2
82187,4.87859,49.69894,2
82188,4.87637,49.6963,2
82189,4.86832,49.70355,2
82190,4.87884,49.69908,2
82191,4.87637,49.6963,2
82192,4.86832,49.70355,2
82193,4.87637,49.6963,2
82194,4.87885,49.69912,2
82195,4.87637,49.6963,2
82196,4.87887,49.69916,2
82197,4.87637,49.6963,2
82198,4.87896,49.69961,2
82199,4.87637,49.6963,2
82200,4.87896,49.69961,2
82201,4.87637,49.6963,2
82202,4.87896,49.69961,2
82203,4.87896,49.69961,2
82204,4.87637,49.6963,2
82205,4.87896,49.69961,2
82206,4.87896,49.69961,2
82207,4.87637,49.6963,2
82208,4.87896,49.69961,2
82209,4.87637,49.6963,2
82210,4.87896,49.69961,2
82211,4.87896,49.69961,2
82212,4.87637,49.6963,2
82213,4.87896,49.69961,2
82214,4.8792,49.7003,2
82215,4.87635,49.69622,2
82216,4.87937,49.70026,2
82217,4.87635,49.69622,2
82218,4.88943,49.73208,2
82219,4.87635,49.69622,2
82220,4.88943,49.73208,2
82221,4.88943,49.73208,2
82222,4.87635,49.69622,2
82223,4.88943,49.73208,2
82224,4.88255,49.71027,2
82225,4.87635,49.69622,2
82226,4.871697,49.703103,2
82227,4.87635,49.69622,2
82228,4.87635,49.69622,2
82229,4.87635,49.69622,2
82230,4.87635,49.69622,2
82231,4.87633,49.69614,2
82232,4.87633,49.69614,2
82233,4.87633,49.69614,2
82234,4.87633,49.69614,2
82235,4.87633,49.69614,2
82236,4.87633,49.69614,2
82237,4.87633,49.69614,2
82238,4.87633,49.69614,2
82239,4.87633,49.69614,2
82240,4.87633,49.69614,2
82241,4.87633,49.69614,2
82242,4.87633,49.69614,2
82243,4.87633,49.69614,2
82244,4.87633,49.69614,2
82245,4.87621,49.6956,2
82246,4.87621,49.6956,2
82247,4.87621,49.6956,2
82248,4.87621,49.6956,2
82249,4.87621,49.6956,2
82250,4.87621,49.6956,2
82251,4.87621,49.6956,2
82252,4.87621,49.6956,2
82253,4.87621,49.6956,2
82254,4.87621,49.6956,2
82255,4.87621,49.6956,2
82256,4.87621,49.6956,2
82257,4.87621,49.6956,2
82258,4.87621,49.6956,2
82259,4.87642,49.69585,2
82260,4.87645,49.69592,2
82261,4.88943,49.73208,2
82262,4.87647,49.69599,2
82263,4.8765,49.69605,2
82264,4.87651,49.69612,2
82265,4.87653,49.69619,2
82266,4.87654,49.69626,2
82267,4.87655,49.69633,2
82268,4.87657,49.6964,2
82269,4.87658,49.69646,2
82270,4.87235,49.69443,2
82271,4.87235,49.69443,2
82272,4.87235,49.69443,2
82273,4.87235,49.69443,2
82274,4.87235,49.69443,2
82275,4.5334,49.49087,2
82276,4.53921,49.48914,2
82277,4.5325,49.4913,2
82278,4.5325,49.4913,2
82279,4.53298,49.49062,2
82280,4.53301,49.49081,2
82281,4.5325,49.4913,2
82282,4.5325,49.4913,2
82283,4.5325,49.4913,2
82284,4.5325,49.4913,2
82285,4.5325,49.4913,2
82286,4.5325,49.4913,2
82287,4.53247,49.49137,2
82288,4.53143,49.4916,2
82289,4.53145,49.49175,2
82290,4.531544,49.49223,2
82291,4.531544,49.49223,2
82292,4.531548,49.492005,2
82293,4.53126,49.49165,2
82294,4.53109,49.49139,2
82295,4.53107,49.49154,2
82296,4.53089,49.49143,2
82297,4.53454,49.49001,2
82298,4.5206,49.4907,2
82299,4.531705,49.490843,2
82300,4.53197,49.49072,2
82301,4.53209,49.48972,2
82302,4.53245,49.4904,2
82303,4.5405,49.48969,2
82304,4.5405,49.48969,2
82305,4.530829,49.491326,2
82306,4.53813,49.4895,2
82307,4.53999,49.49018,2
82308,4.5413,49.48895,2
82309,4.54115,49.489,2
82310,4.526429,49.491011,2
82311,4.54115,49.489,2
82312,4.52982,49.49119,2
82313,4.530279,49.491992,2
82314,4.544281,49.485303,2
82315,4.53968,49.49031,2
82316,4.53803,49.49025,2
82317,4.53553,49.49046,2
82318,4.53746,49.48983,2
82319,4.53529,49.49024,2
82320,4.53418,49.49004,2
82321,4.53368,49.49016,2
82322,4.53454,49.49001,2
82323,4.53377,49.4905,2
82324,4.53238,49.49127,2
82325,4.53765,49.48894,2
82326,4.5308,49.491291,2
82327,4.53454,49.49001,2
82328,4.53462,49.4888,2
82329,4.54153,49.48717,2
82330,4.53921,49.48914,2
82331,4.5389,49.48894,2
82332,4.53957,49.48913,2
82333,4.53999,49.49018,2
82334,4.53876,49.48957,2
82335,4.53865,49.48947,2
82336,4.53765,49.48894,2
82337,4.53921,49.48914,2
82338,4.53795,49.4895,2
82339,4.53765,49.48894,2
82340,4.53813,49.4895,2
82341,4.53787,49.48907,2
82342,4.53454,49.49001,2
82343,4.53769,49.48909,2
82344,4.53754,49.48866,2
82345,4.53736,49.48869,2
82346,4.53224,49.49026,2
82347,4.53819,49.49013,2
82348,4.53797,49.48984,2
82349,4.538,49.49004,2
82350,4.53806,49.49045,2
82351,4.53796,49.49077,2
82352,4.5375,49.49081,2
82353,4.53705,49.49086,2
82354,4.53659,49.49091,2
82355,4.53999,49.49018,2
82356,4.53999,49.49018,2
82357,4.5401,49.48999,2
82358,4.53969,49.49048,2
82359,4.54029,49.49002,2
82360,4.53999,49.49025,2
82361,4.5405,49.48969,2
82362,4.54064,49.48977,2
82363,4.54115,49.489,2
82364,4.541,49.48968,2
82365,4.54121,49.48985,2
82366,4.5411,49.48976,2
82367,4.54089,49.48959,2
82368,4.54083,49.48923,2
82369,4.53984,49.48897,2
82370,4.53778,49.48962,2
82371,4.53791,49.48969,2
82372,4.53726,49.48967,2
82373,4.538,49.48979,2
82374,4.53789,49.48981,2
82375,4.53745,49.48972,2
82376,4.52982,49.49119,2
82377,4.53772,49.48982,2
82378,4.52982,49.49119,2
82379,4.53672,49.48973,2
82380,4.53672,49.48985,2
82381,4.52982,49.49119,2
82382,4.53576,49.48983,2
82383,4.53605,49.48993,2
82384,4.53578,49.48998,2
82385,4.53549,49.48956,2
82386,4.53549,49.48956,2
82387,4.53549,49.48956,2
82388,4.53454,49.49001,2
82389,4.53454,49.49001,2
82390,4.53454,49.49001,2
82391,4.53584,49.49104,2
82392,4.53477,49.48985,2
82393,4.53494,49.48993,2
82394,4.53455,49.49005,2
82395,4.53416,49.49017,2
82396,4.53373,49.49027,2
82397,4.53321,49.49023,2
82398,4.53328,49.49034,2
82399,4.53283,49.49041,2
82400,4.53275,49.4903,2
82401,4.53269,49.49059,2
82402,4.5326,49.49049,2
82403,4.53254,49.49038,2
82404,4.5325,49.49039,2
82405,4.53255,49.4905,2
82406,4.53251,49.49051,2
82407,4.53361,49.49045,2
82408,4.5338,49.49093,2
82409,4.47991,49.46879,2
82410,4.47991,49.46879,2
82411,4.47991,49.46879,2
82412,4.47991,49.46879,2
82413,4.47991,49.46879,2
82414,4.479386,49.468798,2
82415,4.47991,49.46879,2
82416,4.48021,49.46691,2
82417,4.47991,49.46879,2
82418,4.47991,49.46879,2
82419,4.47991,49.46879,2
82420,4.48285,49.47014,2
82421,4.48285,49.47014,2
82422,4.48285,49.47014,2
82423,4.47956,49.46806,2
82424,4.48167,49.4697,2
82425,4.48134,49.46953,2
82426,4.48277,49.47007,2
82427,4.48285,49.47014,2
82428,4.482,49.46986,2
82429,4.48239,49.46996,2
82430,4.48172,49.46987,2
82431,4.48316,49.47017,2
82432,4.48354,49.47028,2
82433,4.48392,49.47038,2
82434,4.4822,49.47004,2
82435,4.48433,49.47042,2
82436,4.48322,49.47031,2
82437,4.48373,49.47045,2
82438,4.48426,49.47054,2
82439,4.48134,49.46953,2
82440,4.47991,49.46879,2
82441,4.479373,49.468799,2
82442,4.47991,49.46879,2
82443,4.47991,49.46879,2
82444,4.47991,49.46879,2
82445,4.48021,49.46691,2
82446,4.48285,49.47014,2
82447,4.48128,49.46965,2
82448,4.48285,49.47014,2
82449,4.48271,49.47018,2
82450,4.48285,49.47014,2
82451,4.48285,49.47014,2
82452,4.48128,49.46965,2
82453,4.47991,49.46879,2
82454,4.79734,49.4594,2
82455,4.7963,49.45859,2
82456,4.79734,49.4594,2
82457,4.79734,49.4594,2
82458,4.79734,49.4594,2
82459,4.79648,49.45929,2
82460,4.7963,49.45859,2
82461,4.7963,49.45859,2
82462,4.79617,49.4594,2
82463,4.79617,49.4594,2
82464,4.79579,49.45935,2
82465,4.79579,49.45935,2
82466,4.79617,49.4594,2
82467,4.79548,49.46056,2
82468,4.79548,49.46056,2
82469,4.7963,49.45859,2
82470,4.798265,49.460194,2
82471,4.79734,49.4594,2
82472,4.79734,49.4594,2
82473,4.79734,49.4594,2
82474,4.79617,49.4594,2
82475,4.79548,49.46056,2
82476,4.796726,49.459714,2
82477,4.797185,49.459803,2
82478,4.79579,49.45935,2
82479,4.79734,49.4594,2
82480,4.74202,49.85351,2
82481,4.74202,49.85351,2
82482,4.74224,49.85374,2
82483,4.74224,49.85374,2
82484,4.74517,49.85789,2
82485,4.74624,49.85826,2
82486,4.74596,49.85814,2
82487,4.74072,49.85694,2
82488,4.73784,49.85635,2
82489,4.7354,49.85477,2
82490,4.74418,49.85747,2
82491,4.74276,49.87284,2
82492,4.73856,49.853111,2
82493,4.76386,49.85251,2
82494,4.76386,49.85251,2
82495,4.76386,49.85251,2
82496,4.76386,49.85251,2
82497,4.76296,49.85301,2
82498,4.76317,49.85173,2
82499,4.76386,49.85251,2
82500,4.75863,49.85906,2
82501,4.69055,49.76495,2
82502,4.69133,49.764,2
82503,4.70706,49.76184,2
82504,4.69535,49.76472,2
82505,4.70263,49.76293,2
82506,4.69405,49.76701,2
82507,4.69535,49.76472,2
82508,4.69389,49.76505,2
82509,4.69405,49.76701,2
82510,4.69535,49.76472,2
82511,4.68744,49.76986,2
82512,4.68744,49.76986,2
82513,4.69604,49.76447,2
82514,4.69604,49.76447,2
82515,4.69121,49.76486,2
82516,4.69113,49.76472,2
82517,4.69094,49.76436,2
82518,4.69089,49.76426,2
82519,4.69103,49.76417,2
82520,4.70622,49.76205,2
82521,4.70499,49.76222,2
82522,4.69415,49.76498,2
82523,4.69389,49.76505,2
82524,4.69091,49.76581,2
82525,4.69133,49.764,2
82526,4.69604,49.76447,2
82527,4.70018,49.76342,2
82528,4.70447,49.76247,2
82529,4.69103,49.76417,2
82530,4.69535,49.76472,2
82531,4.69715,49.76374,2
82532,4.39076,49.88532,2
82533,4.39535,49.88602,2
82534,4.38925,49.88613,2
82535,4.39037,49.88619,2
82536,4.390396,49.886445,2
82537,4.38925,49.88613,2
82538,4.38925,49.88613,2
82539,4.390704,49.88547,2
82540,4.39037,49.88619,2
82541,4.38925,49.88613,2
82542,4.38925,49.88613,2
82543,4.37921,49.88819,2
82544,4.3899,49.89338,2
82545,4.3899,49.89338,2
82546,4.38674,49.88577,2
82547,4.39037,49.88619,2
82548,4.38925,49.88613,2
82549,4.38847,49.89059,2
82550,4.40309,49.89466,2
82551,4.38674,49.88577,2
82552,4.38897,49.88617,2
82553,4.40045,49.89622,2
82554,4.38925,49.88613,2
82555,4.39076,49.88532,2
82556,4.39076,49.88532,2
82557,4.39076,49.88532,2
82558,4.39076,49.88532,2
82559,4.38925,49.88613,2
82560,4.40309,49.89466,2
82561,4.38925,49.88613,2
82562,4.85426,50.12751,2
82563,4.85426,50.12751,2
82564,4.8563,50.12534,2
82565,4.85575,50.12523,2
82566,4.8531,50.12285,2
82567,4.85723,50.12468,2
82568,4.85729,50.12459,2
82569,4.85703,50.12534,2
82570,4.85928,50.12429,2
82571,4.86162,50.12349,2
82572,4.86162,50.12349,2
82573,4.8578,50.12325,2
82574,4.85764,50.12179,2
82575,4.86162,50.12349,2
82576,4.86023,50.1206,2
82577,4.85923,50.12215,2
82578,4.86023,50.1206,2
82579,4.85923,50.12215,2
82580,4.85941,50.12199,2
82581,4.85941,50.12199,2
82582,4.85941,50.12199,2
82583,4.85941,50.12199,2
82584,4.85708,50.11603,2
82585,4.86196,50.11372,2
82586,4.86196,50.11372,2
82587,4.85693,50.11863,2
82588,4.85708,50.11603,2
82589,4.85413,50.11067,2
82590,4.85413,50.11067,2
82591,4.85794,50.12303,2
82592,4.85426,50.12751,2
82593,4.8531,50.12285,2
82594,4.85703,50.12534,2
82595,4.85708,50.11603,2
82596,4.85413,50.11067,2
82597,4.85978,50.12163,2
82598,4.8531,50.12285,2
82599,4.84938,50.12695,2
82600,4.85426,50.12751,2
82601,4.69985,49.99091,2
82602,4.68774,49.98154,2
82603,4.6871,49.99302,2
82604,4.7005,49.99189,2
82605,4.68627,49.98669,2
82606,4.68627,49.98669,2
82607,4.68627,49.98669,2
82608,4.70188,49.99197,2
82609,4.70188,49.99197,2
82610,4.69116,49.99153,2
82611,4.70193,49.99197,2
82612,4.69116,49.99153,2
82613,4.69411,49.9903,2
82614,4.69411,49.9903,2
82615,4.70193,49.99197,2
82616,4.69206,49.98858,2
82617,4.69116,49.99153,2
82618,4.39721,49.90416,2
82619,4.39721,49.90416,2
82620,4.39721,49.90416,2
82621,4.4867,49.4863,2
82622,4.48371,49.48709,2
82623,4.48371,49.48709,2
82624,4.4867,49.4863,2
82625,4.491158,49.485778,2
82626,4.483926,49.483679,2
82627,4.4835,49.48723,2
82628,4.488187,49.485957,2
82629,4.491685,49.485841,2
82630,4.498525,49.488747,2
82631,4.485468,49.48428,2
82632,4.82887,49.44653,2
82633,4.829232,49.446599,2
82634,4.82849,49.44689,2
82635,4.82849,49.44689,2
82636,4.82887,49.44653,2
82637,4.830066,49.451848,2
82638,4.82637,49.44388,2
82639,4.82464,49.46941,2
82640,4.82351,49.47138,2
82641,4.86767,49.69706,2
82642,4.86547,49.69846,2
82643,4.86767,49.69706,2
82644,4.86654,49.69716,2
82645,4.86767,49.69706,2
82646,4.87633,49.69614,2
82647,4.86767,49.69706,2
82648,4.87135,49.70106,2
82649,4.87732,49.69788,2
82650,4.87165,49.70294,2
82651,4.89047,49.72766,2
82652,4.87896,49.69961,2
82653,4.87732,49.69788,2
82654,4.88117,49.69779,2
82655,4.869588,49.699418,2
82656,4.869588,49.699418,2
82657,4.87556,49.69945,2
82658,4.89047,49.72766,2
82659,4.89047,49.72766,2
82660,4.87235,49.70078,2
82661,4.869203,49.700585,2
82662,4.8742,49.70162,2
82663,4.87165,49.70294,2
82664,4.87638,49.69639,2
82665,4.87638,49.69639,2
82666,4.53826,49.49055,2
82667,4.53921,49.48914,2
82668,4.53454,49.49001,2
82669,4.53672,49.48985,2
82670,4.53553,49.49046,2
82671,4.531548,49.492005,2
82672,4.53999,49.49018,2
82673,4.536,49.48971,2
82674,4.53454,49.49001,2
82675,4.536,49.48971,2
82676,4.47991,49.46879,2
82677,4.47991,49.46879,2
82678,4.47956,49.46806,2
82679,4.47991,49.46879,2
82680,4.48285,49.47014,2
82681,4.48285,49.47014,2
82682,4.79734,49.4594,2
82683,4.79648,49.45929,2
82684,4.7963,49.45859,2
