"ID","Longitude","Latitude","ServiceTime (min)"
91011,4.71099,49.76128,2
91012,4.71144,49.76136,2
91013,4.71165,49.76134,2
91014,4.71185,49.76132,2
91015,4.71205,49.76131,2
91016,4.71226,49.76129,2
91017,4.71226,49.76129,2
91018,4.71226,49.76129,2
91019,4.71267,49.76126,2
91020,4.71284,49.76125,2
91021,4.71298,49.76124,2
91022,4.71311,49.76123,2
91023,4.70699,49.76221,2
91024,4.70678,49.76192,2
91025,4.7071,49.76236,2
91026,4.70688,49.76234,2
91027,4.70703,49.76254,2
91028,4.70711,49.76265,2
91029,4.70719,49.76276,2
91030,4.70727,49.76287,2
91031,4.70735,49.76299,2
91032,4.70735,49.76299,2
91033,4.70743,49.7631,2
91034,4.70751,49.76322,2
91035,4.70751,49.76322,2
91036,4.70761,49.76336,2
91037,4.7077,49.76349,2
91038,4.7078,49.76363,2
91039,4.70789,49.76376,2
91040,4.70798,49.7639,2
91041,4.70729,49.76279,2
91042,4.70798,49.7639,2
91043,4.71097,49.76198,2
91044,4.71097,49.76198,2
91045,4.71097,49.76198,2
91046,4.71097,49.76198,2
91047,4.71097,49.76198,2
91048,4.71097,49.76198,2
91049,4.71142,49.76242,2
91050,4.71107,49.76229,2
91051,4.71107,49.76229,2
91052,4.71142,49.76242,2
91053,4.71142,49.76242,2
91054,4.71142,49.76242,2
91055,4.7119,49.76242,2
91056,4.71569,49.76215,2
91057,4.7167,49.76208,2
91058,4.7167,49.76208,2
91059,4.7167,49.76208,2
91060,4.7167,49.76208,2
91061,4.7167,49.76208,2
91062,4.71645,49.76368,2
91063,4.71611,49.76377,2
91064,4.71611,49.76377,2
91065,4.71577,49.76379,2
91066,4.71773,49.76179,2
91067,4.720282,49.75876,2
91068,4.71654,49.76145,2
91069,4.71621,49.76149,2
91070,4.71621,49.76149,2
91071,4.71621,49.76149,2
91072,4.71621,49.76149,2
91073,4.7156,49.76184,2
91074,4.71619,49.76178,2
91075,4.71675,49.76167,2
91076,4.7163,49.7613,2
91077,4.7163,49.7613,2
91078,4.7163,49.7613,2
91079,4.7163,49.7613,2
91080,4.7163,49.7613,2
91081,4.7163,49.7613,2
91082,4.71595,49.76135,2
91083,4.71595,49.76135,2
91084,4.71595,49.76135,2
91085,4.71595,49.76135,2
91086,4.71595,49.76135,2
91087,4.71468,49.76172,2
91088,4.71578,49.76138,2
91089,4.71578,49.76138,2
91090,4.71578,49.76138,2
91091,4.71578,49.76138,2
91092,4.71578,49.76138,2
91093,4.71578,49.76138,2
91094,4.71578,49.76138,2
91095,4.71578,49.76138,2
91096,4.71578,49.76138,2
91097,4.7156,49.7614,2
91098,4.7156,49.7614,2
91099,4.71543,49.76143,2
91100,4.71543,49.76143,2
91101,4.71543,49.76143,2
91102,4.71543,49.76143,2
91103,4.71543,49.76143,2
91104,4.71543,49.76143,2
91105,4.71543,49.76143,2
91106,4.71543,49.76143,2
91107,4.71578,49.76138,2
91108,4.71578,49.76138,2
91109,4.7096,49.76162,2
91110,4.7096,49.76162,2
91111,4.71097,49.76162,2
91112,4.70924,49.76153,2
91113,4.7102,49.76158,2
91114,4.71097,49.76162,2
91115,4.71226,49.76129,2
91116,4.71311,49.76123,2
91117,4.7119,49.76242,2
91118,4.71265,49.76238,2
91119,4.71735,49.76188,2
91120,4.71621,49.76149,2
91121,4.7163,49.7613,2
91122,4.7156,49.7614,2
91123,4.71543,49.76143,2
91124,4.70921,49.76164,2
91125,4.70941,49.76163,2
91126,4.70941,49.76163,2
91127,4.70941,49.76163,2
91128,4.7096,49.76162,2
91129,4.7098,49.7616,2
91130,4.70999,49.76159,2
91131,4.70924,49.76153,2
91132,4.70924,49.76153,2
91133,4.70953,49.7615,2
91134,4.70953,49.7615,2
91135,4.70953,49.7615,2
91136,4.70953,49.7615,2
91137,4.70953,49.7615,2
91138,4.70953,49.7615,2
91139,4.70983,49.76148,2
91140,4.70983,49.76148,2
91141,4.70983,49.76148,2
91142,4.71097,49.76162,2
91143,4.71019,49.76157,2
91144,4.71023,49.76171,2
91145,4.7102,49.76158,2
91146,4.7102,49.76158,2
91147,4.7102,49.76158,2
91148,4.7102,49.76158,2
91149,4.71025,49.76198,2
91150,4.71026,49.76184,2
91151,4.71026,49.76184,2
91152,4.71105,49.76163,2
91153,4.71167,49.76146,2
91154,4.71207,49.76142,2
91155,4.71248,49.76139,2
91156,4.70594,49.78069,2
91157,4.70576,49.7807,2
91158,4.70573,49.78058,2
91159,4.70571,49.78046,2
91160,4.70568,49.78033,2
91161,4.70566,49.78021,2
91162,4.70563,49.78009,2
91163,4.7056,49.77997,2
91164,4.70558,49.77984,2
91165,4.70555,49.77972,2
91166,4.71406,49.78049,2
91167,4.70553,49.7796,2
91168,4.71406,49.78049,2
91169,4.70549,49.7796,2
91170,4.71406,49.78049,2
91171,4.70523,49.77963,2
91172,4.71406,49.78049,2
91173,4.70497,49.77965,2
91174,4.71406,49.78049,2
91175,4.70492,49.77966,2
91176,4.71406,49.78049,2
91177,4.70494,49.77977,2
91178,4.71406,49.78049,2
91179,4.70496,49.77987,2
91180,4.71406,49.78049,2
91181,4.70498,49.77998,2
91182,4.71406,49.78049,2
91183,4.705,49.78009,2
91184,4.71406,49.78049,2
91185,4.70502,49.7802,2
91186,4.71406,49.78049,2
91187,4.70503,49.78031,2
91188,4.71406,49.78049,2
91189,4.70506,49.78041,2
91190,4.71406,49.78049,2
91191,4.70509,49.78052,2
91192,4.71406,49.78049,2
91193,4.70511,49.78064,2
91194,4.70517,49.78074,2
91195,4.70528,49.78088,2
91196,4.71197,49.78007,2
91197,4.70676,49.78047,2
91198,4.71197,49.78007,2
91199,4.70619,49.78063,2
91200,4.70567,49.78076,2
91201,4.70536,49.78087,2
91202,4.70516,49.78094,2
91203,4.70504,49.78098,2
91204,4.70491,49.78101,2
91205,4.70479,49.78105,2
91206,4.70467,49.78108,2
91207,4.70457,49.78113,2
91208,4.70454,49.78121,2
91209,4.71467,49.78004,2
91210,4.71467,49.78004,2
91211,4.71467,49.78004,2
91212,4.71467,49.78004,2
91213,4.71467,49.78004,2
91214,4.71467,49.78004,2
91215,4.71467,49.78004,2
91216,4.71467,49.78004,2
91217,4.71467,49.78004,2
91218,4.71467,49.78004,2
91219,4.71467,49.78004,2
91220,4.71467,49.78004,2
91221,4.71467,49.78004,2
91222,4.71467,49.78004,2
91223,4.71395,49.78067,2
91224,4.71395,49.78067,2
91225,4.71395,49.78067,2
91226,4.71395,49.78067,2
91227,4.71395,49.78067,2
91228,4.71395,49.78067,2
91229,4.71395,49.78067,2
91230,4.71395,49.78067,2
91231,4.71395,49.78067,2
91232,4.71395,49.78067,2
91233,4.71395,49.78067,2
91234,4.71395,49.78067,2
91235,4.71395,49.78067,2
91236,4.71395,49.78067,2
91237,4.71141,49.78076,2
91238,4.71141,49.78076,2
91239,4.71141,49.78076,2
91240,4.71141,49.78076,2
91241,4.71141,49.78076,2
91242,4.71141,49.78076,2
91243,4.71141,49.78076,2
91244,4.71141,49.78076,2
91245,4.71141,49.78076,2
91246,4.71141,49.78076,2
91247,4.71141,49.78076,2
91248,4.71141,49.78076,2
91249,4.71141,49.78076,2
91250,4.71141,49.78076,2
91251,4.71141,49.78076,2
91252,4.71141,49.78076,2
91253,4.71141,49.78076,2
91254,4.71141,49.78076,2
91255,4.71141,49.78076,2
91256,4.71141,49.78076,2
91257,4.71141,49.78076,2
91258,4.71141,49.78076,2
91259,4.71141,49.78076,2
91260,4.71141,49.78076,2
91261,4.71141,49.78076,2
91262,4.71141,49.78076,2
91263,4.71141,49.78076,2
91264,4.71141,49.78076,2
91265,4.71141,49.78076,2
91266,4.71463,49.77826,2
91267,4.71141,49.78076,2
91268,4.71141,49.78076,2
91269,4.71346,49.77902,2
91270,4.71141,49.78076,2
91271,4.71336,49.7792,2
91272,4.71141,49.78076,2
91273,4.71141,49.78076,2
91274,4.71336,49.7792,2
91275,4.71141,49.78076,2
91276,4.71326,49.77938,2
91277,4.71141,49.78076,2
91278,4.71326,49.77938,2
91279,4.71141,49.78076,2
91280,4.71316,49.77956,2
91281,4.71302,49.77973,2
91282,4.71141,49.78076,2
91283,4.7125,49.77991,2
91284,4.71141,49.78076,2
91285,4.71224,49.78,2
91286,4.71141,49.78076,2
91287,4.71141,49.78076,2
91288,4.71313,49.77928,2
91289,4.71197,49.78007,2
91290,4.71197,49.78007,2
91291,4.71197,49.78007,2
91292,4.71197,49.78007,2
91293,4.71197,49.78007,2
91294,4.71197,49.78007,2
91295,4.71197,49.78007,2
91296,4.71197,49.78007,2
91297,4.71197,49.78007,2
91298,4.71197,49.78007,2
91299,4.71197,49.78007,2
91300,4.71197,49.78007,2
91301,4.71197,49.78007,2
91302,4.71197,49.78007,2
91303,4.71197,49.78007,2
91304,4.71197,49.78007,2
91305,4.71197,49.78007,2
91306,4.71197,49.78007,2
91307,4.71197,49.78007,2
91308,4.71197,49.78007,2
91309,4.71197,49.78007,2
91310,4.71169,49.78014,2
91311,4.71169,49.78014,2
91312,4.71169,49.78014,2
91313,4.71169,49.78014,2
91314,4.71169,49.78014,2
91315,4.71169,49.78014,2
91316,4.71169,49.78014,2
91317,4.71169,49.78014,2
91318,4.71113,49.78015,2
91319,4.71113,49.78015,2
91320,4.71169,49.78014,2
91321,4.71113,49.78015,2
91322,4.710934,49.779839,2
91323,4.71169,49.78014,2
91324,4.71113,49.78015,2
91325,4.71169,49.78014,2
91326,4.71169,49.78014,2
91327,4.71169,49.78014,2
91328,4.71467,49.78004,2
91329,4.71169,49.78014,2
91330,4.71395,49.78067,2
91331,4.71141,49.78076,2
91332,4.71169,49.78014,2
91333,4.71141,49.78076,2
91334,4.71141,49.78076,2
91335,4.71169,49.78014,2
91336,4.71169,49.78014,2
91337,4.71169,49.78014,2
91338,4.70534,49.77902,2
91339,4.71169,49.78014,2
91340,4.70603,49.7791,2
91341,4.70686,49.78,2
91342,4.71169,49.78014,2
91343,4.70646,49.77943,2
91344,4.7062,49.77873,2
91345,4.71141,49.78021,2
91346,4.70296,49.77986,2
91347,4.71141,49.78021,2
91348,4.71141,49.78021,2
91349,4.71141,49.78021,2
91350,4.71141,49.78021,2
91351,4.71141,49.78021,2
91352,4.71141,49.78021,2
91353,4.71114,49.78027,2
91354,4.71153,49.78005,2
91355,4.71193,49.77996,2
91356,4.71232,49.77985,2
91357,4.71269,49.77971,2
91358,4.71298,49.77954,2
91359,4.71313,49.77928,2
91360,4.71313,49.77928,2
91361,4.71298,49.77954,2
91362,4.71313,49.77928,2
91363,4.71327,49.77902,2
91364,4.71339,49.77884,2
91365,4.71346,49.77873,2
91366,4.71395,49.77838,2
91367,4.71408,49.7783,2
91368,4.71423,49.77823,2
91369,4.71441,49.77819,2
91370,4.71461,49.78076,2
91371,4.71458,49.77815,2
91372,4.71475,49.77811,2
91373,4.71493,49.77807,2
91374,4.71511,49.77809,2
91375,4.71529,49.7781,2
91376,4.71548,49.77812,2
91377,4.70729,49.78143,2
91378,4.7126,49.7787,2
91379,4.71237,49.77863,2
91380,4.71306,49.77884,2
91381,4.71215,49.77856,2
91382,4.70534,49.77902,2
91383,4.71257,49.77856,2
91384,4.70534,49.77902,2
91385,4.71192,49.77849,2
91386,4.70534,49.77902,2
91387,4.71192,49.77849,2
91388,4.70534,49.77902,2
91389,4.71231,49.77848,2
91390,4.70534,49.77902,2
91391,4.71205,49.7784,2
91392,4.71668,49.77861,2
91393,4.70534,49.77902,2
91394,4.71668,49.77861,2
91395,4.70534,49.77902,2
91396,4.71578,49.77988,2
91397,4.70534,49.77902,2
91398,4.71578,49.77988,2
91399,4.70549,49.77941,2
91400,4.71578,49.77988,2
91401,4.70549,49.77941,2
91402,4.71578,49.77988,2
91403,4.70549,49.77941,2
91404,4.71578,49.77988,2
91405,4.70549,49.77941,2
91406,4.7157,49.78002,2
91407,4.70549,49.77941,2
91408,4.71336,49.7792,2
91409,4.7157,49.78002,2
91410,4.70549,49.77941,2
91411,4.7157,49.78002,2
91412,4.71197,49.78007,2
91413,4.7157,49.78002,2
91414,4.70549,49.77941,2
91415,4.7157,49.78002,2
91416,4.71197,49.78007,2
91417,4.71169,49.78014,2
91418,4.70549,49.77941,2
91419,4.7157,49.78002,2
91420,4.71169,49.78014,2
91421,4.71141,49.78021,2
91422,4.70549,49.77941,2
91423,4.71561,49.78015,2
91424,4.71141,49.78021,2
91425,4.71141,49.78021,2
91426,4.70603,49.7791,2
91427,4.71555,49.7803,2
91428,4.71368,49.77854,2
91429,4.70603,49.7791,2
91430,4.71555,49.7803,2
91431,4.71578,49.77988,2
91432,4.71543,49.78058,2
91433,4.7157,49.78002,2
91434,4.70608,49.77886,2
91435,4.71561,49.78015,2
91436,4.71536,49.78073,2
91437,4.71113,49.78015,2
91438,4.70603,49.7791,2
91439,4.70603,49.7791,2
91440,4.71543,49.78112,2
91441,4.71113,49.78015,2
91442,4.70533,49.78163,2
91443,4.70603,49.7791,2
91444,4.70455,49.7818,2
91445,4.71113,49.78015,2
91446,4.70481,49.78175,2
91447,4.70603,49.7791,2
91448,4.71113,49.78015,2
91449,4.7061,49.7792,2
91450,4.710934,49.779839,2
91451,4.7061,49.7792,2
91452,4.70549,49.77941,2
91453,4.71113,49.78015,2
91454,4.70608,49.77886,2
91455,4.7061,49.7792,2
91456,4.71113,49.78015,2
91457,4.70603,49.7791,2
91458,4.7061,49.7792,2
91459,4.71113,49.78015,2
91460,4.70608,49.77886,2
91461,4.7061,49.7792,2
91462,4.70617,49.7793,2
91463,4.71113,49.78015,2
91464,4.70617,49.7793,2
91465,4.7061,49.7792,2
91466,4.70608,49.77886,2
91467,4.71113,49.78015,2
91468,4.7061,49.7792,2
91469,4.70619,49.77885,2
91470,4.71113,49.78015,2
91471,4.7061,49.7792,2
91472,4.70619,49.77885,2
91473,4.71113,49.78015,2
91474,4.70619,49.77885,2
91475,4.7061,49.7792,2
91476,4.71113,49.78015,2
91477,4.7062,49.77873,2
91478,4.7061,49.7792,2
91479,4.71113,49.78015,2
91480,4.7061,49.7792,2
91481,4.71113,49.78015,2
91482,4.70617,49.7793,2
91483,4.71113,49.78015,2
91484,4.70617,49.7793,2
91485,4.71113,49.78015,2
91486,4.70617,49.7793,2
91487,4.71113,49.78015,2
91488,4.70617,49.7793,2
91489,4.71113,49.78015,2
91490,4.70617,49.7793,2
91491,4.71113,49.78015,2
91492,4.70617,49.7793,2
91493,4.71113,49.78015,2
91494,4.70617,49.7793,2
91495,4.71113,49.78015,2
91496,4.70617,49.7793,2
91497,4.71113,49.78015,2
91498,4.71141,49.78021,2
91499,4.70617,49.7793,2
91500,4.71113,49.78015,2
91501,4.70625,49.7794,2
91502,4.71113,49.78015,2
91503,4.70625,49.7794,2
91504,4.71113,49.78015,2
91505,4.70625,49.7794,2
91506,4.71113,49.78015,2
91507,4.70625,49.7794,2
91508,4.71113,49.78015,2
91509,4.70625,49.7794,2
91510,4.71113,49.78015,2
91511,4.71113,49.78015,2
91512,4.70625,49.7794,2
91513,4.71113,49.78015,2
91514,4.70625,49.7794,2
91515,4.71113,49.78015,2
91516,4.70625,49.7794,2
91517,4.71113,49.78015,2
91518,4.70625,49.7794,2
91519,4.71113,49.78015,2
91520,4.70625,49.7794,2
91521,4.71113,49.78015,2
91522,4.70686,49.78,2
91523,4.71113,49.78015,2
91524,4.70686,49.78,2
91525,4.71113,49.78015,2
91526,4.70686,49.78,2
91527,4.71113,49.78015,2
91528,4.70686,49.78,2
91529,4.71113,49.78015,2
91530,4.70686,49.78,2
91531,4.71113,49.78015,2
91532,4.70686,49.78,2
91533,4.71113,49.78015,2
91534,4.70686,49.78,2
91535,4.71113,49.78015,2
91536,4.70686,49.78,2
91537,4.71113,49.78015,2
91538,4.70686,49.78,2
91539,4.71113,49.78015,2
91540,4.71113,49.78015,2
91541,4.70686,49.78,2
91542,4.71113,49.78015,2
91543,4.70666,49.77971,2
91544,4.71113,49.78015,2
91545,4.70666,49.77971,2
91546,4.71113,49.78015,2
91547,4.70666,49.77971,2
91548,4.71113,49.78015,2
91549,4.70666,49.77971,2
91550,4.71113,49.78015,2
91551,4.70666,49.77971,2
91552,4.71113,49.78015,2
91553,4.70666,49.77971,2
91554,4.71113,49.78015,2
91555,4.70666,49.77971,2
91556,4.71113,49.78015,2
91557,4.70666,49.77971,2
91558,4.71113,49.78015,2
91559,4.70666,49.77971,2
91560,4.71113,49.78015,2
91561,4.70666,49.77971,2
91562,4.71009,49.78052,2
91563,4.70646,49.77943,2
91564,4.70975,49.7806,2
91565,4.70646,49.77943,2
91566,4.70941,49.78069,2
91567,4.70646,49.77943,2
91568,4.70941,49.78069,2
91569,4.70646,49.77943,2
91570,4.70907,49.78077,2
91571,4.70646,49.77943,2
91572,4.70873,49.78085,2
91573,4.70646,49.77943,2
91574,4.70839,49.78094,2
91575,4.70646,49.77943,2
91576,4.70805,49.78102,2
91577,4.70646,49.77943,2
91578,4.7074,49.78117,2
91579,4.70646,49.77943,2
91580,4.70714,49.78123,2
91581,4.70646,49.77943,2
91582,4.70662,49.78134,2
91583,4.70626,49.77914,2
91584,4.70637,49.7814,2
91585,4.70626,49.77914,2
91586,4.70611,49.78146,2
91587,4.70626,49.77914,2
91588,4.70585,49.78152,2
91589,4.70559,49.78158,2
91590,4.70626,49.77914,2
91591,4.70507,49.78169,2
91592,4.70626,49.77914,2
91593,4.70481,49.78175,2
91594,4.71406,49.78049,2
91595,4.70626,49.77914,2
91596,4.70455,49.7818,2
91597,4.70481,49.78175,2
91598,4.70626,49.77914,2
91599,4.70455,49.7818,2
91600,4.70455,49.7818,2
91601,4.70626,49.77914,2
91602,4.70422,49.78184,2
91603,4.70626,49.77914,2
91604,4.70428,49.78172,2
91605,4.70619,49.77885,2
91606,4.7041,49.78174,2
91607,4.70392,49.78176,2
91608,4.70619,49.77885,2
91609,4.70373,49.78178,2
91610,4.70619,49.77885,2
91611,4.70355,49.7818,2
91612,4.70336,49.78182,2
91613,4.70619,49.77885,2
91614,4.70318,49.78184,2
91615,4.703,49.78186,2
91616,4.70619,49.77885,2
91617,4.70268,49.78192,2
91618,4.70619,49.77885,2
91619,4.70237,49.78199,2
91620,4.70222,49.78204,2
91621,4.70619,49.77885,2
91622,4.70206,49.78209,2
91623,4.70191,49.78213,2
91624,4.70619,49.77885,2
91625,4.70176,49.78218,2
91626,4.70619,49.77885,2
91627,4.70161,49.78223,2
91628,4.7062,49.77873,2
91629,4.7074,49.78105,2
91630,4.7062,49.77873,2
91631,4.70723,49.78109,2
91632,4.7062,49.77873,2
91633,4.70707,49.78112,2
91634,4.7062,49.77873,2
91635,4.7069,49.78116,2
91636,4.7062,49.77873,2
91637,4.70674,49.7812,2
91638,4.7062,49.77873,2
91639,4.70658,49.78123,2
91640,4.7062,49.77873,2
91641,4.70642,49.78127,2
91642,4.7062,49.77873,2
91643,4.70625,49.7813,2
91644,4.70609,49.78134,2
91645,4.7062,49.77873,2
91646,4.70593,49.78138,2
91647,4.70622,49.77855,2
91648,4.70576,49.78141,2
91649,4.70676,49.77846,2
91650,4.7056,49.78145,2
91651,4.70544,49.78149,2
91652,4.7068,49.7783,2
91653,4.70527,49.78152,2
91654,4.70511,49.78156,2
91655,4.70495,49.7816,2
91656,4.70479,49.78163,2
91657,4.70462,49.78167,2
91658,4.70445,49.78169,2
91659,4.70453,49.78163,2
91660,4.70457,49.78154,2
91661,4.7046,49.78144,2
91662,4.70463,49.78135,2
91663,4.70433,49.78167,2
91664,4.70439,49.78151,2
91665,4.70445,49.78135,2
91666,4.70442,49.78125,2
91667,4.70427,49.78117,2
91668,4.70469,49.78127,2
91669,4.70479,49.78117,2
91670,4.70499,49.78111,2
91671,4.70519,49.78106,2
91672,4.70536,49.78101,2
91673,4.70548,49.78096,2
91674,4.7056,49.78092,2
91675,4.70573,49.78087,2
91676,4.70585,49.78083,2
91677,4.70589,49.78084,2
91678,4.70612,49.78079,2
91679,4.70634,49.78072,2
91680,4.70656,49.78066,2
91681,4.70678,49.7806,2
91682,4.707,49.78053,2
91683,4.70703,49.78053,2
91684,4.7071,49.78063,2
91685,4.70717,49.78074,2
91686,4.70724,49.78085,2
91687,4.70732,49.78095,2
91688,4.70739,49.78106,2
91689,4.70696,49.78042,2
91690,4.70688,49.78032,2
91691,4.70688,49.78032,2
91692,4.70681,49.78022,2
91693,4.70674,49.78012,2
91694,4.70667,49.78002,2
91695,4.7066,49.77991,2
91696,4.70653,49.77981,2
91697,4.70646,49.77971,2
91698,4.70639,49.77961,2
91699,4.70632,49.77951,2
91700,4.70573,49.77969,2
91701,4.70575,49.7798,2
91702,4.70577,49.77991,2
91703,4.7058,49.78002,2
91704,4.70582,49.78013,2
91705,4.70585,49.78025,2
91706,4.70587,49.78036,2
91707,4.70589,49.78047,2
91708,4.70592,49.78058,2
91709,4.19993,49.6758,2
91710,4.19984,49.67594,2
91711,4.200855,49.676409,2
91712,4.19984,49.67594,2
91713,4.200855,49.676409,2
91714,4.19989,49.67485,2
91715,4.19872,49.6751,2
91716,4.19984,49.67594,2
91717,4.19984,49.67594,2
91718,4.2466,49.64928,2
91719,4.19984,49.67594,2
91720,4.20192,49.6761,2
91721,4.20213,49.6761,2
91722,4.20215,49.67596,2
91723,4.19993,49.6758,2
91724,4.19984,49.67594,2
91725,4.19984,49.67594,2
91726,4.19984,49.67594,2
91727,4.20101,49.67533,2
91728,4.19984,49.67594,2
91729,4.19984,49.67594,2
91730,4.200385,49.674907,2
91731,4.20063,49.67452,2
91732,4.19984,49.67594,2
91733,4.19989,49.67485,2
91734,4.19984,49.67594,2
91735,4.19984,49.67594,2
91736,4.19872,49.6751,2
91737,4.19984,49.67594,2
91738,4.19984,49.67594,2
91739,4.19993,49.6758,2
91740,4.19984,49.67594,2
91741,4.19984,49.67594,2
91742,4.19945,49.67756,2
91743,4.19984,49.67594,2
91744,4.19984,49.67594,2
91745,4.19984,49.67594,2
91746,4.19984,49.67594,2
91747,4.1978,49.6782,2
91748,4.19814,49.6789,2
91749,4.19984,49.67594,2
91750,4.199224,49.675706,2
91751,4.82602,50.14291,2
91752,4.82593,50.1428,2
91753,4.82544,50.14284,2
91754,4.82593,50.1378,2
91755,4.82593,50.1378,2
91756,4.82593,50.1378,2
91757,4.82593,50.1378,2
91758,4.82593,50.1378,2
91759,4.82593,50.1378,2
91760,4.82593,50.1378,2
91761,4.82593,50.1378,2
91762,4.82593,50.1378,2
91763,4.82593,50.1378,2
91764,4.82568,50.13788,2
91765,4.82568,50.13788,2
91766,4.82568,50.13788,2
91767,4.82568,50.13788,2
91768,4.82568,50.13788,2
91769,4.82568,50.13788,2
91770,4.82568,50.13788,2
91771,4.82568,50.13788,2
91772,4.82568,50.13788,2
91773,4.82568,50.13788,2
91774,4.82543,50.13796,2
91775,4.82543,50.13796,2
91776,4.82543,50.13796,2
91777,4.82543,50.13796,2
91778,4.82543,50.13796,2
91779,4.82543,50.13796,2
91780,4.82543,50.13796,2
91781,4.82543,50.13796,2
91782,4.82543,50.13796,2
91783,4.82543,50.13796,2
91784,4.82518,50.13804,2
91785,4.82518,50.13804,2
91786,4.82518,50.13804,2
91787,4.82518,50.13804,2
91788,4.82518,50.13804,2
91789,4.82518,50.13804,2
91790,4.82518,50.13804,2
91791,4.82518,50.13804,2
91792,4.82518,50.13804,2
91793,4.82492,50.13811,2
91794,4.82492,50.13811,2
91795,4.82492,50.13811,2
91796,4.82492,50.13811,2
91797,4.82492,50.13811,2
91798,4.82492,50.13811,2
91799,4.82492,50.13811,2
91800,4.82492,50.13811,2
91801,4.82492,50.13811,2
91802,4.82492,50.13811,2
91803,4.82467,50.13819,2
91804,4.82467,50.13819,2
91805,4.82467,50.13819,2
91806,4.82467,50.13819,2
91807,4.82467,50.13819,2
91808,4.82467,50.13819,2
91809,4.82467,50.13819,2
91810,4.82467,50.13819,2
91811,4.82467,50.13819,2
91812,4.82467,50.13819,2
91813,4.82474,50.13833,2
91814,4.82474,50.13833,2
91815,4.82474,50.13833,2
91816,4.82474,50.13833,2
91817,4.82474,50.13833,2
91818,4.82474,50.13833,2
91819,4.82474,50.13833,2
91820,4.82474,50.13833,2
91821,4.82474,50.13833,2
91822,4.82474,50.13833,2
91823,4.82504,50.13869,2
91824,4.82504,50.13869,2
91825,4.82504,50.13869,2
91826,4.82504,50.13869,2
91827,4.82504,50.13869,2
91828,4.82504,50.13869,2
91829,4.82504,50.13869,2
91830,4.82504,50.13869,2
91831,4.82504,50.13869,2
91832,4.82504,50.13869,2
91833,4.82523,50.1388,2
91834,4.82523,50.1388,2
91835,4.82523,50.1388,2
91836,4.82523,50.1388,2
91837,4.82523,50.1388,2
91838,4.82523,50.1388,2
91839,4.82523,50.1388,2
91840,4.82523,50.1388,2
91841,4.82523,50.1388,2
91842,4.82523,50.1388,2
91843,4.82523,50.1388,2
91844,4.82523,50.1388,2
91845,4.82523,50.1388,2
91846,4.82523,50.1388,2
91847,4.82523,50.1388,2
91848,4.82554,50.1387,2
91849,4.82554,50.1387,2
91850,4.82554,50.1387,2
91851,4.82554,50.1387,2
91852,4.82554,50.1387,2
91853,4.82554,50.1387,2
91854,4.82554,50.1387,2
91855,4.82554,50.1387,2
91856,4.82554,50.1387,2
91857,4.82554,50.1387,2
91858,4.82585,50.1386,2
91859,4.82585,50.1386,2
91860,4.82585,50.1386,2
91861,4.82585,50.1386,2
91862,4.82585,50.1386,2
91863,4.82585,50.1386,2
91864,4.82585,50.1386,2
91865,4.82585,50.1386,2
91866,4.82585,50.1386,2
91867,4.82585,50.1386,2
91868,4.82616,50.1385,2
91869,4.82616,50.1385,2
91870,4.82616,50.1385,2
91871,4.82616,50.1385,2
91872,4.82616,50.1385,2
91873,4.82616,50.1385,2
91874,4.82616,50.1385,2
91875,4.82616,50.1385,2
91876,4.82616,50.1385,2
91877,4.82616,50.1385,2
91878,4.82647,50.1384,2
91879,4.82647,50.1384,2
91880,4.82647,50.1384,2
91881,4.82647,50.1384,2
91882,4.82647,50.1384,2
91883,4.82647,50.1384,2
91884,4.82647,50.1384,2
91885,4.82647,50.1384,2
91886,4.82647,50.1384,2
91887,4.82647,50.1384,2
91888,4.82602,50.14212,2
91889,4.82602,50.14212,2
91890,4.82582,50.14147,2
91891,4.82474,50.13833,2
91892,4.82554,50.1387,2
91893,4.82616,50.1385,2
91894,4.82602,50.14212,2
91895,4.82602,50.14212,2
91896,4.82582,50.14147,2
91897,4.82602,50.14212,2
91898,4.82602,50.14212,2
91899,4.82582,50.14147,2
91900,4.82582,50.14147,2
91901,4.82582,50.14147,2
91902,4.82582,50.14147,2
91903,4.82582,50.14147,2
91904,4.82582,50.14147,2
91905,4.82582,50.14147,2
91906,4.82582,50.14147,2
91907,4.82582,50.14147,2
91908,4.82582,50.14147,2
91909,4.82582,50.14147,2
91910,4.82582,50.14147,2
91911,4.82582,50.14147,2
91912,4.82582,50.14147,2
91913,4.82582,50.14147,2
91914,4.82582,50.14147,2
91915,4.82582,50.14147,2
91916,4.82582,50.14147,2
91917,4.82582,50.14147,2
91918,4.82582,50.14147,2
91919,4.82582,50.14147,2
91920,4.82582,50.14147,2
91921,4.82582,50.14147,2
91922,4.82582,50.14147,2
91923,4.82582,50.14147,2
91924,4.82582,50.14147,2
91925,4.82587,50.14165,2
91926,4.82591,50.14183,2
91927,4.82595,50.14202,2
91928,4.82598,50.1422,2
91929,4.82602,50.14239,2
91930,4.82605,50.14257,2
91931,4.82609,50.14275,2
91932,4.82602,50.14212,2
91933,4.80363,50.14513,2
91934,4.81624,50.1414,2
91935,4.81624,50.1414,2
91936,4.80067,50.14503,2
91937,4.80067,50.14503,2
91938,4.82304,50.13821,2
91939,4.82304,50.13821,2
91940,4.82217,50.1379,2
91941,4.82267,50.13805,2
91942,4.82231,50.1379,2
91943,4.82139,50.13635,2
91944,4.82196,50.13776,2
91945,4.8216,50.13781,2
91946,4.8216,50.13781,2
91947,4.80067,50.14503,2
91948,4.8216,50.13781,2
91949,4.80067,50.14503,2
91950,4.82196,50.13739,2
91951,4.82196,50.13739,2
91952,4.82199,50.1373,2
91953,4.82202,50.13721,2
91954,4.82198,50.13722,2
91955,4.82173,50.13719,2
91956,4.82148,50.13715,2
91957,4.82123,50.13712,2
91958,4.82098,50.13708,2
91959,4.82122,50.13699,2
91960,4.82142,50.13702,2
91961,4.82163,50.13705,2
91962,4.82184,50.13708,2
91963,4.82175,50.13667,2
91964,4.821417,50.135674,2
91965,4.82168,50.13678,2
91966,4.82175,50.13667,2
91967,4.82226,50.13699,2
91968,4.82211,50.13706,2
91969,4.82235,50.13667,2
91970,4.82235,50.13667,2
91971,4.8213,50.13631,2
91972,4.82295,50.13635,2
91973,4.82139,50.13635,2
91974,4.821407,50.135189,2
91975,4.82195,50.13674,2
91976,4.814423,50.140351,2
91977,4.821395,50.1358,2
91978,4.821417,50.135683,2
91979,4.821417,50.135683,2
91980,4.821417,50.135683,2
91981,4.821417,50.135683,2
91982,4.821417,50.135683,2
91983,4.821417,50.135683,2
91984,4.821417,50.135683,2
91985,4.821417,50.135683,2
91986,4.821417,50.135683,2
91987,4.821417,50.135674,2
91988,4.821417,50.135674,2
91989,4.820539,50.134866,2
91990,4.820539,50.134866,2
91991,4.819097,50.136799,2
91992,4.819807,50.136452,2
91993,4.81982,50.136443,2
91994,4.820379,50.135309,2
91995,4.820274,50.136021,2
91996,4.819834,50.136443,2
91997,4.819834,50.136443,2
91998,4.81874,50.13689,2
91999,4.818099,50.136954,2
92000,4.81826,50.1369,2
92001,4.8178,50.13698,2
92002,4.80067,50.14503,2
92003,4.81826,50.1369,2
92004,4.81828,50.13702,2
92005,4.81873,50.13701,2
92006,4.816801,50.138121,2
92007,4.816801,50.138121,2
92008,4.8149,50.13901,2
92009,4.80067,50.14503,2
92010,4.81251,50.14028,2
92011,4.815753,50.138699,2
92012,4.80854,50.14236,2
92013,4.81619,50.13833,2
92014,4.80067,50.14503,2
92015,4.81645,50.1382,2
92016,4.81582,50.13852,2
92017,4.81543,50.13873,2
92018,4.81423,50.13937,2
92019,4.81362,50.1397,2
92020,4.81195,50.14057,2
92021,4.80924,50.142,2
92022,4.808,50.14265,2
92023,4.80763,50.14286,2
92024,4.80067,50.14503,2
92025,4.80161,50.1462,2
92026,4.80047,50.14681,2
92027,4.79933,50.14741,2
92028,4.79893,50.14747,2
92029,4.79738,50.14844,2
92030,4.79726,50.14835,2
92031,4.80363,50.14513,2
92032,4.80161,50.1462,2
92033,4.80067,50.14503,2
92034,4.80178,50.14596,2
92035,4.80067,50.14503,2
92036,4.80067,50.14503,2
92037,4.80067,50.14503,2
92038,4.80067,50.14503,2
92039,4.80067,50.14503,2
92040,4.79988,50.14697,2
92041,4.8114,50.14087,2
92042,4.8265,50.13607,2
92043,4.8103,50.14113,2
92044,4.81041,50.1414,2
92045,4.81041,50.1414,2
92046,4.81251,50.14028,2
92047,4.82304,50.13821,2
92048,4.82217,50.1379,2
92049,4.82217,50.1379,2
92050,4.82235,50.13667,2
92051,4.81195,50.14057,2
92052,4.80274,50.14546,2
92053,4.81638,50.138372,2
92054,4.814909,50.140287,2
92055,4.82304,50.13821,2
92056,4.82155,50.13523,2
92057,4.8265,50.13607,2
92058,4.8265,50.13607,2
92059,4.8216,50.13781,2
92060,4.52129,49.920379,2
92061,4.52129,49.920379,2
92062,4.52129,49.920379,2
92063,4.521354,49.920243,2
92064,4.521354,49.920243,2
92065,4.521354,49.920243,2
92066,4.521354,49.920243,2
92067,4.521354,49.920243,2
92068,4.521354,49.920243,2
92069,4.521354,49.920243,2
92070,4.52129,49.920379,2
92071,4.52129,49.920379,2
92072,4.52129,49.920379,2
92073,4.52129,49.920379,2
92074,4.52129,49.920379,2
92075,4.52129,49.920379,2
92076,4.52129,49.920379,2
92077,4.521604,49.920239,2
92078,4.521604,49.920239,2
92079,4.521604,49.920239,2
92080,4.521604,49.920239,2
92081,4.521604,49.920239,2
92082,4.521604,49.920239,2
92083,4.521604,49.920239,2
92084,4.52129,49.920379,2
92085,4.51731,49.93925,2
92086,4.52129,49.920379,2
92087,4.52129,49.920379,2
92088,4.62299,49.92931,2
92089,4.622495,49.92938,2
92090,4.624059,49.929809,2
92091,4.51858,49.92176,2
92092,4.51961,49.92093,2
92093,4.51706,49.93702,2
92094,4.51706,49.93702,2
92095,4.51706,49.93702,2
92096,4.52257,49.92844,2
92097,4.51706,49.93702,2
92098,4.51922,49.92138,2
92099,4.51922,49.92138,2
92100,4.51897,49.9216,2
92101,4.508091,49.922053,2
92102,4.521354,49.920243,2
92103,4.521354,49.920243,2
92104,4.52169,49.92051,2
92105,4.52169,49.92051,2
92106,4.51706,49.93702,2
92107,4.516814,49.922067,2
92108,4.52359,49.92654,2
92109,4.52454,49.92673,2
92110,4.52488,49.92683,2
92111,4.525,49.92698,2
92112,4.52493,49.92718,2
92113,4.51711,49.93903,2
92114,4.52493,49.92718,2
92115,4.51706,49.93702,2
92116,4.51706,49.93702,2
92117,4.52484,49.92746,2
92118,4.52484,49.92746,2
92119,4.52484,49.92746,2
92120,4.52478,49.92775,2
92121,4.52484,49.92746,2
92122,4.52484,49.92746,2
92123,4.52257,49.92844,2
92124,4.52257,49.92844,2
92125,4.52478,49.92775,2
92126,4.52478,49.92775,2
92127,4.52478,49.92775,2
92128,4.52257,49.92844,2
92129,4.52257,49.92844,2
92130,4.52257,49.92844,2
92131,4.52257,49.92844,2
92132,4.52477,49.92858,2
92133,4.51706,49.93702,2
92134,4.52406,49.92663,2
92135,4.52496,49.92776,2
92136,4.51706,49.93702,2
92137,4.51706,49.93702,2
92138,4.52412,49.92652,2
92139,4.52459,49.92662,2
92140,4.51883,49.92153,2
92141,4.52491,49.92668,2
92142,4.52509,49.9267,2
92143,4.52534,49.92663,2
92144,4.50939,49.92753,2
92145,4.52848,49.92959,2
92146,4.52581,49.92634,2
92147,4.52554,49.92663,2
92148,4.52575,49.92605,2
92149,4.52559,49.92589,2
92150,4.52552,49.92645,2
92151,4.52564,49.92626,2
92152,4.5256,49.92611,2
92153,4.52544,49.92596,2
92154,4.52516,49.92546,2
92155,4.52543,49.92573,2
92156,4.52528,49.9258,2
92157,4.52514,49.92565,2
92158,4.525,49.92551,2
92159,4.5249,49.92537,2
92160,4.52477,49.92538,2
92161,4.52437,49.9255,2
92162,4.52418,49.92543,2
92163,4.52394,49.92555,2
92164,4.52365,49.92591,2
92165,4.52378,49.92572,2
92166,4.52384,49.92592,2
92167,4.52404,49.92566,2
92168,4.52364,49.92643,2
92169,4.52357,49.92612,2
92170,4.52344,49.92604,2
92171,4.52446,49.92534,2
92172,4.52475,49.92526,2
92173,4.52489,49.92519,2
92174,4.52497,49.92509,2
92175,4.52505,49.92498,2
92176,4.52513,49.92487,2
92177,4.5252,49.92477,2
92178,4.5253,49.92467,2
92179,4.52538,49.9246,2
92180,4.52546,49.92452,2
92181,4.52556,49.92441,2
92182,4.52565,49.92429,2
92183,4.52574,49.92418,2
92184,4.52583,49.92407,2
92185,4.52591,49.92395,2
92186,4.526,49.92384,2
92187,4.52615,49.92374,2
92188,4.52595,49.92372,2
92189,4.52585,49.92362,2
92190,4.52567,49.92357,2
92191,4.52549,49.92352,2
92192,4.52531,49.92347,2
92193,4.51706,49.93702,2
92194,4.52513,49.92342,2
92195,4.52494,49.92337,2
92196,4.52477,49.92332,2
92197,4.52463,49.92327,2
92198,4.52448,49.92322,2
92199,4.52433,49.92317,2
92200,4.52419,49.92312,2
92201,4.52402,49.92302,2
92202,4.52371,49.92322,2
92203,4.52389,49.92292,2
92204,4.52375,49.92281,2
92205,4.52362,49.92271,2
92206,4.51706,49.93702,2
92207,4.52321,49.92239,2
92208,4.52308,49.92229,2
92209,4.52294,49.92218,2
92210,4.52288,49.92219,2
92211,4.52348,49.9226,2
92212,4.52335,49.9225,2
92213,4.52265,49.92228,2
92214,4.52356,49.92312,2
92215,4.52242,49.92238,2
92216,4.52203,49.92231,2
92217,4.52173,49.92209,2
92218,4.52207,49.92216,2
92219,4.52223,49.92228,2
92220,4.52238,49.92226,2
92221,4.52272,49.92212,2
92222,4.52251,49.92177,2
92223,4.52231,49.92186,2
92224,4.52211,49.92195,2
92225,4.52191,49.92205,2
92226,4.52195,49.92189,2
92227,4.52232,49.92172,2
92228,4.52341,49.92301,2
92229,4.52326,49.9229,2
92230,4.52927,49.923819,2
92231,4.52312,49.92279,2
92232,4.53098,49.92316,2
92233,4.54133,49.920252,2
92234,4.530518,49.923402,2
92235,4.53236,49.92293,2
92236,4.53445,49.92088,2
92237,4.52554,49.92647,2
92238,4.53499,49.92288,2
92239,4.53948,49.91958,2
92240,4.52554,49.92647,2
92241,4.535197,49.920623,2
92242,4.545572,49.919285,2
92243,4.54701,49.918765,2
92244,4.54794,49.91862,2
92245,4.54763,49.91857,2
92246,4.547665,49.918143,2
92247,4.539,49.92172,2
92248,4.53895,49.92168,2
92249,4.53895,49.92168,2
92250,4.52082,49.92959,2
92251,4.52083,49.92945,2
92252,4.52066,49.92967,2
92253,4.52036,49.93025,2
92254,4.52041,49.9302,2
92255,4.52025,49.93014,2
92256,4.52554,49.92647,2
92257,4.52013,49.93028,2
92258,4.52554,49.92647,2
92259,4.51971,49.93059,2
92260,4.52554,49.92647,2
92261,4.51956,49.9306,2
92262,4.52554,49.92647,2
92263,4.5195,49.93069,2
92264,4.52554,49.92647,2
92265,4.5195,49.93079,2
92266,4.52554,49.92647,2
92267,4.51958,49.93091,2
92268,4.52554,49.92647,2
92269,4.51922,49.93145,2
92270,4.52554,49.92647,2
92271,4.51911,49.93134,2
92272,4.52554,49.92647,2
92273,4.51899,49.93143,2
92274,4.52554,49.92647,2
92275,4.51893,49.93156,2
92276,4.52554,49.92647,2
92277,4.51876,49.93173,2
92278,4.52554,49.92647,2
92279,4.51891,49.93179,2
92280,4.52554,49.92647,2
92281,4.51908,49.93162,2
92282,4.52554,49.92647,2
92283,4.51952,49.9316,2
92284,4.52554,49.92647,2
92285,4.51984,49.93148,2
92286,4.5199,49.9311,2
92287,4.52554,49.92647,2
92288,4.52554,49.92647,2
92289,4.52024,49.93104,2
92290,4.52554,49.92647,2
92291,4.52061,49.93066,2
92292,4.52554,49.92647,2
92293,4.52554,49.92647,2
92294,4.52052,49.93043,2
92295,4.52077,49.93039,2
92296,4.52046,49.93027,2
92297,4.52082,49.92972,2
92298,4.52099,49.9295,2
92299,4.52082,49.92959,2
92300,4.51907,49.92131,2
92301,4.51907,49.92131,2
92302,4.51922,49.92138,2
92303,4.51922,49.92138,2
92304,4.51922,49.92138,2
92305,4.51922,49.92138,2
92306,4.51922,49.92138,2
92307,4.51922,49.92138,2
92308,4.51922,49.92138,2
92309,4.51922,49.92138,2
92310,4.51922,49.92138,2
92311,4.51922,49.92138,2
92312,4.51922,49.92138,2
92313,4.51922,49.92138,2
92314,4.51922,49.92138,2
92315,4.51922,49.92138,2
92316,4.51922,49.92138,2
92317,4.51922,49.92138,2
92318,4.51922,49.92138,2
92319,4.51897,49.9216,2
92320,4.51897,49.9216,2
92321,4.51897,49.9216,2
92322,4.51897,49.9216,2
92323,4.51897,49.9216,2
92324,4.51897,49.9216,2
92325,4.51897,49.9216,2
92326,4.51897,49.9216,2
92327,4.51897,49.9216,2
92328,4.51897,49.9216,2
92329,4.51897,49.9216,2
92330,4.51897,49.9216,2
92331,4.51897,49.9216,2
92332,4.51897,49.9216,2
92333,4.51897,49.9216,2
92334,4.51897,49.9216,2
92335,4.51897,49.9216,2
92336,4.51937,49.92104,2
92337,4.51858,49.92176,2
92338,4.51706,49.93702,2
92339,4.51873,49.92182,2
92340,4.51848,49.92205,2
92341,4.51824,49.92227,2
92342,4.51834,49.92198,2
92343,4.51785,49.92242,2
92344,4.51809,49.9222,2
92345,4.51788,49.9226,2
92346,4.51797,49.92286,2
92347,4.51706,49.93702,2
92348,4.51702,49.92288,2
92349,4.50076,49.92872,2
92350,4.51687,49.92293,2
92351,4.51644,49.92314,2
92352,4.51586,49.92341,2
92353,4.516,49.92334,2
92354,4.50076,49.92872,2
92355,4.51514,49.92375,2
92356,4.50926,49.9274,2
92357,4.50083,49.92876,2
92358,4.51806,49.92302,2
92359,4.52129,49.920379,2
92360,4.52129,49.920379,2
92361,4.52129,49.920379,2
92362,4.52129,49.920379,2
92363,4.1857,49.6915,2
92364,4.19534,49.68579,2
92365,4.196554,49.682224,2
92366,4.1857,49.6915,2
92367,4.19582,49.6824,2
92368,4.19582,49.6824,2
92369,4.19582,49.6824,2
92370,4.1857,49.6915,2
92371,4.1857,49.6915,2
92372,4.1857,49.6915,2
92373,4.18556,49.69151,2
92374,4.1857,49.6915,2
92375,4.1857,49.6915,2
92376,4.1857,49.6915,2
92377,4.19461,49.68565,2
92378,4.19534,49.68579,2
92379,4.19461,49.68565,2
92380,4.19461,49.68565,2
92381,4.19461,49.68565,2
92382,4.19461,49.68565,2
92383,4.1857,49.6915,2
92384,4.18496,49.69171,2
92385,4.18393,49.69145,2
92386,4.1857,49.6915,2
92387,4.19461,49.68565,2
92388,4.19461,49.68565,2
92389,4.18473,49.69176,2
92390,4.19331,49.68612,2
92391,4.19331,49.68612,2
92392,4.19331,49.68612,2
92393,4.19331,49.68612,2
92394,4.19331,49.68612,2
92395,4.19534,49.68579,2
92396,4.19461,49.68565,2
92397,4.19461,49.68565,2
92398,4.19461,49.68565,2
92399,4.19331,49.68612,2
92400,4.19331,49.68612,2
92401,4.19331,49.68612,2
92402,4.19331,49.68612,2
92403,4.19331,49.68612,2
92404,4.19331,49.68612,2
92405,4.21143,49.69029,2
92406,4.21143,49.69029,2
92407,4.21143,49.69029,2
92408,4.21143,49.69029,2
92409,4.2254,49.68576,2
92410,4.2254,49.68576,2
92411,4.2254,49.68576,2
92412,4.2254,49.68576,2
92413,4.19582,49.6824,2
92414,4.1857,49.6915,2
92415,4.1857,49.6915,2
92416,4.19582,49.6824,2
92417,4.1857,49.6915,2
92418,4.18389,49.6913,2
92419,4.19331,49.68612,2
92420,4.21143,49.69029,2
92421,4.21143,49.69029,2
92422,4.2254,49.68576,2
92423,4.194155,49.686294,2
92424,4.1857,49.6915,2
92425,4.18731,49.69166,2
92426,4.18812,49.69223,2
92427,4.18349,49.68805,2
92428,4.19016,49.69332,2
92429,4.19071,49.69342,2
92430,4.19061,49.69352,2
92431,4.18688,49.6916,2
92432,4.18556,49.69151,2
92433,4.18354,49.69846,2
92434,4.18496,49.69171,2
92435,4.18443,49.6915,2
92436,4.18473,49.69176,2
92437,4.18315,49.69174,2
92438,4.18389,49.6913,2
92439,4.18332,49.69179,2
92440,4.17408,49.69444,2
92441,4.18382,49.69081,2
92442,4.18388,49.69085,2
92443,4.18388,49.69085,2
92444,4.18388,49.69085,2
92445,4.18388,49.69085,2
92446,4.18388,49.69085,2
92447,4.18483,49.69055,2
92448,4.18595,49.69091,2
92449,4.18388,49.69085,2
92450,4.18349,49.68805,2
92451,4.18932,49.69289,2
92452,4.18388,49.69085,2
92453,4.180303,49.693,2
92454,4.18398,49.69087,2
92455,4.18388,49.69085,2
92456,4.18388,49.69085,2
92457,4.18332,49.69179,2
92458,4.18332,49.69179,2
92459,4.619064,49.928897,2
92460,4.62299,49.92931,2
92461,4.625237,49.930326,2
92462,4.625237,49.930326,2
92463,4.625237,49.930326,2
92464,4.624407,49.930117,2
92465,4.624563,49.930194,2
92466,4.624635,49.930247,2
92467,4.624535,49.930186,2
92468,4.62299,49.92931,2
92469,4.622383,49.929373,2
92470,4.622313,49.929365,2
92471,4.62223,49.929358,2
92472,4.622174,49.92935,2
92473,4.622118,49.929351,2
92474,4.62195,49.929327,2
92475,4.621881,49.929329,2
92476,4.621797,49.929321,2
92477,4.621615,49.929298,2
92478,4.621545,49.929299,2
92479,4.621461,49.929283,2
92480,4.621112,49.929253,2
92481,4.621322,49.929276,2
92482,4.621266,49.929268,2
92483,4.52554,49.92647,2
92484,4.621126,49.929253,2
92485,4.52554,49.92647,2
92486,4.620972,49.929238,2
92487,4.620763,49.929224,2
92488,4.620679,49.929217,2
92489,4.620497,49.929193,2
92490,4.620385,49.929186,2
92491,4.620315,49.929178,2
92492,4.620274,49.929179,2
92493,4.620189,49.929163,2
92494,4.620134,49.929164,2
92495,4.619994,49.92914,2
92496,4.619994,49.92914,2
92497,4.619994,49.92914,2
92498,4.620008,49.929139,2
92499,4.619656,49.929056,2
92500,4.619656,49.929056,2
92501,4.619276,49.928955,2
92502,4.619473,49.929006,2
92503,4.619079,49.928905,2
92504,4.619374,49.928981,2
92505,4.619261,49.928947,2
92506,4.619177,49.92893,2
92507,4.62299,49.92931,2
92508,4.52554,49.92647,2
92509,4.52554,49.92647,2
92510,4.62079,49.929223,2
92511,4.52554,49.92647,2
92512,4.620651,49.929208,2
92513,4.620888,49.929231,2
92514,4.620833,49.929232,2
92515,4.621028,49.929246,2
92516,4.618431,49.928729,2
92517,4.618952,49.928872,2
92518,4.618557,49.928762,2
92519,4.618047,49.928547,2
92520,4.618047,49.928547,2
92521,4.618047,49.928547,2
92522,4.618047,49.928547,2
92523,4.618047,49.928547,2
92524,4.618047,49.928547,2
92525,4.618047,49.928547,2
92526,4.618047,49.928547,2
92527,4.618047,49.928547,2
92528,4.618047,49.928547,2
92529,4.62299,49.92931,2
92530,4.624161,49.929915,2
92531,4.623541,49.929441,2
92532,4.62367,49.92952,2
92533,4.62299,49.92931,2
92534,4.62299,49.92931,2
92535,4.624392,49.930099,2
92536,4.84817,49.42082,2
92537,4.83822,49.43193,2
92538,4.837876,49.432516,2
92539,4.83277,49.43246,2
92540,4.84817,49.42082,2
92541,4.83467,49.43218,2
92542,4.83277,49.43246,2
92543,4.84817,49.42082,2
92544,4.837699,49.430013,2
92545,4.83246,49.43283,2
92546,4.83467,49.43218,2
92547,4.844327,49.430864,2
92548,4.84323,49.43002,2
92549,4.843347,49.430551,2
92550,4.84323,49.43002,2
92551,4.84323,49.43002,2
92552,4.839112,49.43072,2
92553,4.83822,49.43193,2
92554,4.83822,49.43193,2
92555,4.84323,49.43002,2
92556,4.83571,49.4316,2
92557,4.842514,49.430973,2
92558,4.84228,49.43109,2
92559,4.84228,49.43109,2
92560,4.83246,49.43283,2
92561,4.84506,49.430624,2
92562,4.84506,49.430624,2
92563,4.84506,49.430624,2
92564,4.842867,49.431146,2
92565,4.842898,49.431226,2
92566,4.843347,49.430551,2
92567,4.84228,49.43109,2
92568,4.842898,49.431226,2
92569,4.84349,49.43052,2
92570,4.84228,49.43109,2
92571,4.84349,49.43052,2
92572,4.843347,49.430551,2
92573,4.84349,49.43052,2
92574,4.84323,49.43002,2
92575,4.84349,49.43052,2
92576,4.84349,49.43052,2
92577,4.84228,49.43109,2
92578,4.842898,49.431226,2
92579,4.843157,49.430888,2
92580,4.84293,49.43131,2
92581,4.84285,49.43131,2
92582,4.842865,49.43111,2
92583,4.843184,49.430878,2
92584,4.84349,49.43052,2
92585,4.84349,49.43052,2
92586,4.84349,49.43052,2
92587,4.84349,49.43052,2
92588,4.84323,49.43002,2
92589,4.84323,49.43002,2
92590,4.84323,49.43002,2
92591,4.839313,49.431453,2
92592,4.8399,49.431351,2
92593,4.8399,49.431351,2
92594,4.839326,49.431444,2
92595,4.839354,49.431443,2
92596,4.839025,49.431486,2
92597,4.838916,49.431506,2
92598,4.83822,49.43193,2
92599,4.83822,49.43193,2
92600,4.837739,49.431675,2
92601,4.83822,49.43193,2
92602,4.83822,49.43193,2
92603,4.83822,49.43193,2
92604,4.838464,49.43157,2
92605,4.838464,49.43157,2
92606,4.83822,49.43193,2
92607,4.837985,49.431633,2
92608,4.837602,49.431686,2
92609,4.837602,49.431686,2
92610,4.83467,49.43218,2
92611,4.83467,49.43218,2
92612,4.8435,49.43045,2
92613,4.83467,49.43218,2
92614,4.83467,49.43218,2
92615,4.842897,49.431199,2
92616,4.83467,49.43218,2
92617,4.83467,49.43218,2
92618,4.83467,49.43218,2
92619,4.83467,49.43218,2
92620,4.83467,49.43218,2
92621,4.83277,49.43246,2
92622,4.83246,49.43283,2
92623,4.83246,49.43283,2
92624,4.83731,49.43103,2
92625,4.83731,49.43103,2
92626,4.83731,49.43103,2
92627,4.83731,49.43103,2
92628,4.83731,49.43103,2
92629,4.83731,49.43103,2
92630,4.83731,49.43103,2
92631,4.838955,49.430616,2
92632,4.837713,49.430021,2
92633,4.837699,49.430013,2
92634,4.835188,49.43108,2
92635,4.835695,49.431591,2
92636,4.28756,49.54314,2
92637,4.28756,49.54314,2
92638,4.28673,49.54322,2
92639,4.28763,49.54389,2
92640,4.28756,49.54314,2
92641,4.28723,49.5427,2
92642,4.28788,49.54206,2
92643,4.28769,49.54247,2
92644,4.28722,49.54303,2
92645,4.28741,49.54305,2
92646,4.28721,49.54315,2
92647,4.2886,49.54294,2
92648,4.28806,49.54316,2
92649,4.28795,49.54325,2
92650,4.28845,49.54335,2
92651,4.28828,49.54341,2
92652,4.28853,49.54353,2
92653,4.28912,49.54401,2
92654,4.28866,49.5436,2
92655,4.28929,49.54367,2
92656,4.28926,49.54379,2
92657,4.28938,49.54369,2
92658,4.2892,49.54369,2
92659,4.289328,49.542664,2
92660,4.28929,49.5437,2
92661,4.28921,49.54291,2
92662,4.28948,49.54238,2
92663,4.28948,49.54238,2
92664,4.2896,49.54217,2
92665,4.28932,49.54232,2
92666,4.28949,49.54201,2
92667,4.29035,49.54073,2
92668,4.28982,49.54177,2
92669,4.28986,49.54171,2
92670,4.28989,49.54166,2
92671,4.28993,49.5416,2
92672,4.29013,49.54128,2
92673,4.29041,49.5409,2
92674,4.29057,49.54071,2
92675,4.29126,49.54019,2
92676,4.29362,49.53904,2
92677,4.29362,49.53904,2
92678,4.29362,49.53904,2
92679,4.29362,49.53904,2
92680,4.295405,49.538388,2
92681,4.28937,49.54366,2
92682,4.29249,49.5455,2
92683,4.29134,49.54475,2
92684,4.28927,49.54376,2
92685,4.28965,49.54385,2
92686,4.2899,49.54397,2
92687,4.29014,49.54418,2
92688,4.29043,49.54453,2
92689,4.29051,49.54463,2
92690,4.29057,49.54466,2
92691,4.29184,49.54499,2
92692,4.29249,49.5455,2
92693,4.28936,49.54377,2
92694,4.2889,49.54437,2
92695,4.28883,49.54429,2
92696,4.28962,49.54533,2
92697,4.28882,49.5445,2
92698,4.28992,49.54628,2
92699,4.29094,49.54569,2
92700,4.29089,49.54581,2
92701,4.28835,49.54483,2
92702,4.28912,49.54401,2
92703,4.28827,49.5449,2
92704,4.28812,49.54503,2
92705,4.28804,49.54509,2
92706,4.288221,49.545108,2
92707,4.28784,49.54526,2
92708,4.28784,49.54526,2
92709,4.28784,49.54526,2
92710,4.28872,49.54433,2
92711,4.28792,49.54501,2
92712,4.28743,49.5456,2
92713,4.28741,49.54568,2
92714,4.28739,49.54575,2
92715,4.28722,49.54572,2
92716,4.2869,49.5456,2
92717,4.28622,49.54505,2
92718,4.28622,49.54505,2
92719,4.29821,49.56408,2
92720,4.28756,49.54314,2
92721,4.28752,49.54376,2
92722,4.28756,49.54314,2
92723,4.286,49.543733,2
92724,4.29028,49.54252,2
92725,4.28756,49.54314,2
92726,4.28942,49.54519,2
92727,4.28933,49.54347,2
92728,4.28903,49.54289,2
92729,4.29362,49.53904,2
92730,4.29158,49.5454,2
92731,4.29243,49.54561,2
92732,4.29218,49.54662,2
92733,4.29249,49.5455,2
92734,4.290149,49.546074,2
92735,4.28912,49.54401,2
92736,4.29158,49.5454,2
92737,4.28912,49.54401,2
92738,4.29158,49.5454,2
92739,4.28725,49.54625,2
92740,4.28622,49.54505,2
92741,4.28526,49.54426,2
92742,4.29714,49.56403,2
92743,4.306286,49.551697,2
92744,4.28942,49.54519,2
92745,4.295652,49.53833,2
92746,4.295652,49.53833,2
92747,4.295652,49.53833,2
92748,4.295652,49.53833,2
92749,4.29089,49.54581,2
92750,4.28912,49.54401,2
92751,4.87449,49.43629,2
92752,4.87585,49.43666,2
92753,4.87585,49.43666,2
92754,4.8729,49.43576,2
92755,4.87782,49.43711,2
92756,4.8761,49.43667,2
92757,4.8761,49.43667,2
92758,4.873268,49.435947,2
92759,4.8772,49.43707,2
92760,4.87642,49.4369,2
92761,4.87453,49.43618,2
92762,4.87423,49.43621,2
92763,4.8741,49.43617,2
92764,4.87397,49.43612,2
92765,4.87384,49.43608,2
92766,4.87391,49.43597,2
92767,4.87315,49.43585,2
92768,4.87585,49.43666,2
92769,4.87585,49.43666,2
92770,4.87585,49.43666,2
92771,4.8786,49.43709,2
92772,4.87821,49.4371,2
92773,4.88212,49.43626,2
92774,4.87371,49.43604,2
92775,4.87568,49.43667,2
92776,4.87691,49.437137,2
92777,4.87493,49.43643,2
92778,4.87432,49.43611,2
92779,4.877504,49.43717,2
92780,4.9095,49.71013,2
92781,4.9095,49.71013,2
92782,4.9095,49.71013,2
92783,4.9095,49.71013,2
92784,4.9095,49.71013,2
92785,4.9095,49.71013,2
92786,4.9095,49.71013,2
92787,4.9076,49.72794,2
92788,4.9095,49.71013,2
92789,4.9095,49.71013,2
92790,4.9095,49.71013,2
92791,4.9095,49.71013,2
92792,4.9095,49.71013,2
92793,4.9095,49.71013,2
92794,4.90089,49.71614,2
92795,4.90132,49.70923,2
92796,4.90089,49.71614,2
92797,4.90089,49.71614,2
92798,4.90089,49.71614,2
92799,4.90089,49.71614,2
92800,4.90089,49.71614,2
92801,4.90743,49.73041,2
92802,4.90089,49.71614,2
92803,4.90089,49.71614,2
92804,4.90089,49.71614,2
92805,4.90089,49.71614,2
92806,4.90089,49.71614,2
92807,4.90089,49.71614,2
92808,4.90089,49.71614,2
92809,4.9149,49.71069,2
92810,4.91186,49.71022,2
92811,4.91186,49.71022,2
92812,4.90984,49.7252,2
92813,4.90697,49.72723,2
92814,4.9076,49.72794,2
92815,4.90836,49.72439,2
92816,4.90806,49.72465,2
92817,4.90806,49.72465,2
92818,4.90835,49.72459,2
92819,4.90686,49.72732,2
92820,4.90089,49.71614,2
92821,4.90089,49.71614,2
92822,4.90619,49.727,2
92823,4.90686,49.72732,2
92824,4.9073,49.72767,2
92825,4.90764,49.72808,2
92826,4.90764,49.72808,2
92827,4.90756,49.72809,2
92828,4.90756,49.72809,2
92829,4.90781,49.72851,2
92830,4.90695,49.72897,2
92831,4.90695,49.72903,2
92832,4.90827,49.72914,2
92833,4.90838,49.72943,2
92834,4.90821,49.72945,2
92835,4.91335,49.71164,2
92836,4.90844,49.72957,2
92837,4.90849,49.72971,2
92838,4.90855,49.72986,2
92839,4.90859,49.73,2
92840,4.90861,49.73014,2
92841,4.90862,49.73029,2
92842,4.90742,49.73046,2
92843,4.90742,49.73046,2
92844,4.90742,49.73046,2
92845,4.90742,49.73046,2
92846,4.90866,49.73067,2
92847,4.9087,49.73099,2
92848,4.9085,49.73084,2
92849,4.90857,49.73144,2
92850,4.90857,49.73144,2
92851,4.90861,49.732,2
92852,4.90865,49.73235,2
92853,4.91066,49.73241,2
92854,4.9105,49.73234,2
92855,4.90908,49.73247,2
92856,4.9088,49.73209,2
92857,4.90878,49.73171,2
92858,4.90874,49.73134,2
92859,4.90941,49.73124,2
92860,4.91028,49.73121,2
92861,4.90798,49.72909,2
92862,4.90772,49.72805,2
92863,4.89924,49.70876,2
92864,4.90012,49.70873,2
92865,4.90033,49.70957,2
92866,4.90094,49.70864,2
92867,4.89851,49.70891,2
92868,4.89866,49.70924,2
92869,4.90033,49.70957,2
92870,4.90033,49.70964,2
92871,4.90089,49.71614,2
92872,4.90089,49.71614,2
92873,4.90105,49.71096,2
92874,4.90095,49.71096,2
92875,4.90084,49.71096,2
92876,4.90073,49.71096,2
92877,4.90044,49.71097,2
92878,4.90024,49.71091,2
92879,4.90005,49.71084,2
92880,4.89998,49.7107,2
92881,4.89986,49.71082,2
92882,4.90004,49.71097,2
92883,4.90032,49.71106,2
92884,4.90028,49.71124,2
92885,4.90033,49.71115,2
92886,4.90039,49.71107,2
92887,4.90063,49.71105,2
92888,4.90054,49.71114,2
92889,4.90045,49.71126,2
92890,4.90868,49.71044,2
92891,4.90868,49.71044,2
92892,4.9095,49.71013,2
92893,4.9095,49.71013,2
92894,4.9095,49.71013,2
92895,4.9095,49.71013,2
92896,4.91328,49.71131,2
92897,4.9095,49.71013,2
92898,4.9095,49.71013,2
92899,4.9095,49.71013,2
92900,4.9095,49.71013,2
92901,4.9095,49.71013,2
92902,4.9095,49.71013,2
92903,4.9095,49.71013,2
92904,4.9095,49.71013,2
92905,4.9095,49.71013,2
92906,4.9095,49.71013,2
92907,4.9095,49.71013,2
92908,4.9095,49.71013,2
92909,4.9095,49.71013,2
92910,4.9095,49.71013,2
92911,4.9095,49.71013,2
92912,4.91173,49.71032,2
92913,4.9095,49.71013,2
92914,4.9095,49.71013,2
92915,4.90904,49.71051,2
92916,4.90941,49.71064,2
92917,4.90979,49.71077,2
92918,4.91301,49.71159,2
92919,4.91301,49.71159,2
92920,4.91274,49.71175,2
92921,4.91246,49.71191,2
92922,4.91058,49.7119,2
92923,4.91111,49.71209,2
92924,4.91165,49.71227,2
92925,4.91145,49.71284,2
92926,4.9115,49.71303,2
92927,4.91172,49.71276,2
92928,4.91194,49.71248,2
92929,4.91286,49.71299,2
92930,4.91292,49.71304,2
92931,4.91292,49.71304,2
92932,4.91119,49.71344,2
92933,4.91119,49.71344,2
92934,4.91119,49.71344,2
92935,4.91119,49.71344,2
92936,4.91098,49.71461,2
92937,4.91045,49.7157,2
92938,4.91045,49.7157,2
92939,4.91066,49.71621,2
92940,4.91066,49.71737,2
92941,4.91052,49.71775,2
92942,4.91022,49.71827,2
92943,4.90985,49.71882,2
92944,4.91609,49.70941,2
92945,4.91378,49.70915,2
92946,4.91593,49.7094,2
92947,4.91378,49.70915,2
92948,4.90695,49.72903,2
92949,4.91549,49.70935,2
92950,4.91378,49.70915,2
92951,4.9152,49.70933,2
92952,4.91378,49.70915,2
92953,4.91495,49.70934,2
92954,4.91378,49.70915,2
92955,4.9147,49.70932,2
92956,4.91418,49.70927,2
92957,4.91378,49.70915,2
92958,4.91388,49.70923,2
92959,4.91378,49.70915,2
92960,4.91359,49.70919,2
92961,4.91378,49.70915,2
92962,4.91334,49.7091,2
92963,4.91378,49.70915,2
92964,4.9131,49.70898,2
92965,4.91378,49.70915,2
92966,4.91292,49.70885,2
92967,4.91378,49.70915,2
92968,4.91283,49.70874,2
92969,4.91378,49.70915,2
92970,4.91279,49.70862,2
92971,4.91378,49.70915,2
92972,4.91281,49.7085,2
92973,4.91281,49.70849,2
92974,4.91265,49.70846,2
92975,4.91249,49.70842,2
92976,4.91233,49.70839,2
92977,4.91217,49.70836,2
92978,4.91202,49.70833,2
92979,4.91206,49.70821,2
92980,4.9122,49.70824,2
92981,4.91233,49.70827,2
92982,4.91247,49.7083,2
92983,4.9126,49.70832,2
92984,4.91274,49.70835,2
92985,4.91287,49.70838,2
92986,4.91288,49.70838,2
92987,4.91297,49.70829,2
92988,4.91306,49.70821,2
92989,4.91317,49.70811,2
92990,4.9133,49.708,2
92991,4.91343,49.70788,2
92992,4.9136,49.70793,2
92993,4.91352,49.708,2
92994,4.91344,49.70807,2
92995,4.91336,49.70813,2
92996,4.91329,49.7082,2
92997,4.9143,49.71189,2
92998,4.91322,49.70826,2
92999,4.91317,49.70831,2
93000,4.91312,49.70836,2
93001,4.91307,49.70841,2
93002,4.91302,49.70846,2
93003,4.90132,49.70923,2
93004,4.91298,49.70856,2
93005,4.91378,49.70915,2
93006,4.91066,49.71621,2
93007,4.91304,49.70875,2
93008,4.91066,49.71621,2
93009,4.91337,49.70897,2
93010,4.91378,49.70915,2
93011,4.91402,49.70913,2
93012,4.91404,49.70968,2
93013,4.91377,49.71028,2
93014,4.91421,49.70971,2
93015,4.91293,49.71055,2
93016,4.90063,49.71105,2
93017,4.918558,49.709562,2
93018,4.918558,49.709562,2
93019,4.918558,49.709562,2
93020,4.919465,49.709138,2
93021,4.919465,49.709138,2
93022,4.919465,49.709138,2
93023,4.919465,49.709138,2
93024,4.920466,49.708668,2
93025,4.920453,49.708677,2
93026,4.920466,49.708668,2
93027,4.920521,49.708649,2
93028,4.910609,49.708536,2
93029,4.921294,49.708327,2
93030,4.9084,49.704576,2
93031,4.921294,49.708327,2
93032,4.921294,49.708327,2
93033,4.921294,49.708327,2
93034,4.921294,49.708327,2
93035,4.921294,49.708327,2
93036,4.921994,49.707916,2
93037,4.921994,49.707916,2
93038,4.921994,49.707916,2
93039,4.921994,49.707916,2
93040,4.921994,49.707916,2
93041,4.921994,49.707916,2
93042,4.921994,49.707916,2
93043,4.923231,49.707998,2
93044,4.922652,49.707777,2
93045,4.922034,49.707898,2
93046,4.92204,49.70744,2
93047,4.92204,49.70744,2
93048,4.921994,49.707916,2
93049,4.921841,49.707354,2
93050,4.921294,49.708327,2
93051,4.921294,49.708327,2
93052,4.921294,49.708327,2
93053,4.921294,49.708327,2
93054,4.92067,49.708592,2
93055,4.90063,49.71105,2
93056,4.920453,49.708677,2
93057,4.920453,49.708677,2
93058,4.920074,49.708847,2
93059,4.919762,49.708997,2
93060,4.919465,49.709138,2
93061,4.919465,49.709138,2
93062,4.919465,49.709138,2
93063,4.918558,49.709562,2
93064,4.918736,49.709522,2
93065,4.91328,49.71131,2
93066,4.91328,49.71131,2
93067,4.91328,49.71131,2
93068,4.91328,49.71131,2
93069,4.91342,49.71124,2
93070,4.91342,49.71124,2
93071,4.9137,49.7111,2
93072,4.91384,49.71103,2
93073,4.91397,49.71097,2
93074,4.91397,49.71097,2
93075,4.91397,49.71097,2
93076,4.90868,49.71044,2
93077,4.91397,49.71097,2
93078,4.91397,49.71097,2
93079,4.91397,49.71097,2
93080,4.9141,49.71092,2
93081,4.91423,49.71086,2
93082,4.91441,49.71078,2
93083,4.91466,49.71066,2
93084,4.91466,49.71066,2
93085,4.91466,49.71066,2
93086,4.90772,49.72805,2
93087,4.91466,49.71066,2
93088,4.90833,49.72929,2
93089,4.9149,49.71054,2
93090,4.90838,49.72943,2
93091,4.90843,49.73016,2
93092,4.9151,49.71039,2
93093,4.90897,49.73256,2
93094,4.91527,49.71023,2
93095,4.90001,49.70857,2
93096,4.89901,49.7097,2
93097,4.91546,49.71007,2
93098,4.8986,49.70926,2
93099,4.91099,49.71489,2
93100,4.91564,49.70991,2
93101,4.91064,49.71515,2
93102,4.91582,49.70975,2
93103,4.91074,49.71636,2
93104,4.90742,49.70825,2
93105,4.91081,49.71696,2
93106,4.91568,49.71007,2
93107,4.919843,49.708951,2
93108,4.9149,49.71069,2
93109,4.91315,49.71137,2
93110,4.9149,49.71069,2
93111,4.91315,49.71137,2
93112,4.91328,49.71131,2
93113,4.9149,49.71069,2
93114,4.91397,49.71097,2
93115,4.91426,49.71099,2
93116,4.914,49.7111,2
93117,4.9149,49.71069,2
93118,4.90756,49.72809,2
93119,4.9136,49.71129,2
93120,4.91325,49.71146,2
93121,4.90742,49.70825,2
93122,4.91338,49.7115,2
93123,4.91374,49.71171,2
93124,4.90742,49.70825,2
93125,4.90742,49.70825,2
93126,4.91402,49.71169,2
93127,4.90742,49.70825,2
93128,4.9127,49.71116,2
93129,4.91396,49.71199,2
93130,4.91036,49.70795,2
93131,4.91478,49.71158,2
93132,4.914,49.70652,2
93133,4.91353,49.71175,2
93134,4.91445,49.71142,2
93135,4.90742,49.70825,2
93136,4.91469,49.71143,2
93137,4.909745,49.707342,2
93138,4.91471,49.71119,2
93139,4.91471,49.71119,2
93140,4.91471,49.71119,2
93141,4.91471,49.71119,2
93142,4.91471,49.71119,2
93143,4.91486,49.71139,2
93144,4.91495,49.71154,2
93145,4.91495,49.71154,2
93146,4.91495,49.71154,2
93147,4.91495,49.71154,2
93148,4.91495,49.71154,2
93149,4.91478,49.71178,2
93150,4.91478,49.71178,2
93151,4.91441,49.71198,2
93152,4.91466,49.71169,2
93153,4.91436,49.71207,2
93154,4.91449,49.71233,2
93155,4.91424,49.71215,2
93156,4.91424,49.71215,2
93157,4.91424,49.71215,2
93158,4.91335,49.71164,2
93159,4.91259,49.71125,2
93160,4.91219,49.71108,2
93161,4.91184,49.71086,2
93162,4.91184,49.71086,2
93163,4.911279,49.710831,2
93164,4.90801,49.71011,2
93165,4.90675,49.70976,2
93166,4.90684,49.70966,2
93167,4.90567,49.70921,2
93168,4.90567,49.70921,2
93169,4.91062,49.70861,2
93170,4.91117,49.70946,2
93171,4.91192,49.7106,2
93172,4.9127,49.71116,2
93173,4.9127,49.71116,2
93174,4.91315,49.71137,2
93175,4.91257,49.71106,2
93176,4.91234,49.71085,2
93177,4.91211,49.7106,2
93178,4.91198,49.71041,2
93179,4.91186,49.71022,2
93180,4.91167,49.70996,2
93181,4.91145,49.7096,2
93182,4.91122,49.70924,2
93183,4.91099,49.70889,2
93184,4.91078,49.70856,2
93185,4.91059,49.70827,2
93186,4.91044,49.70806,2
93187,4.91006,49.7075,2
93188,4.908403,49.704639,2
93189,4.90314,49.69813,2
93190,4.90314,49.69813,2
93191,4.90314,49.69813,2
93192,4.902563,49.696514,2
93193,4.90314,49.69813,2
93194,4.90314,49.69813,2
93195,4.90314,49.69813,2
93196,4.90314,49.69813,2
93197,4.9095,49.71013,2
93198,4.9095,49.71013,2
93199,4.9095,49.71013,2
93200,4.9095,49.71013,2
93201,4.9095,49.71013,2
93202,4.9095,49.71013,2
93203,4.9095,49.71013,2
93204,4.9095,49.71013,2
93205,4.9095,49.71013,2
93206,4.9095,49.71013,2
93207,4.9076,49.72794,2
93208,4.9095,49.71013,2
93209,4.9095,49.71013,2
93210,4.9095,49.71013,2
93211,4.31429,49.55799,2
93212,4.31351,49.55801,2
93213,4.31163,49.55699,2
93214,4.31184,49.55727,2
93215,4.31228,49.55783,2
93216,4.31429,49.55799,2
93217,4.31222,49.55797,2
93218,4.31195,49.55741,2
93219,4.31217,49.55769,2
93220,4.31429,49.55799,2
93221,4.31429,49.55799,2
93222,4.31429,49.55799,2
93223,4.31429,49.55799,2
93224,4.31453,49.55814,2
93225,4.31429,49.55799,2
93226,4.31593,49.55843,2
93227,4.31668,49.55859,2
93228,4.31722,49.5587,2
93229,4.31818,49.5572,2
93230,4.31373,49.55807,2
93231,4.31667,49.55897,2
93232,4.31567,49.559,2
93233,4.31567,49.559,2
93234,4.31567,49.559,2
93235,4.31221,49.55695,2
93236,4.31343,49.55958,2
93237,4.31394,49.55855,2
93238,4.31273,49.55874,2
93239,4.31249,49.56001,2
93240,4.31213,49.55947,2
93241,4.311891,49.558802,2
93242,4.31204,49.55846,2
93243,4.31185,49.55862,2
93244,4.31184,49.55898,2
93245,4.31196,49.55828,2
93246,4.31394,49.55855,2
93247,4.31343,49.55958,2
93248,4.31368,49.55717,2
93249,4.31343,49.55958,2
93250,4.31327,49.556964,2
93251,4.31429,49.55799,2
93252,4.31481,49.55819,2
93253,4.31429,49.55799,2
93254,4.31429,49.55799,2
93255,4.31567,49.559,2
93256,4.31273,49.55874,2
93257,4.31273,49.55874,2
93258,4.31221,49.55944,2
93259,4.31273,49.55874,2
93260,4.31567,49.559,2
93261,4.31394,49.55855,2
93262,4.31221,49.55944,2
93263,4.94137,49.70238,2
93264,4.94148,49.70311,2
93265,4.94183,49.70304,2
93266,4.94183,49.70304,2
93267,4.94183,49.70304,2
93268,4.94202,49.70263,2
93269,4.94202,49.70263,2
93270,4.94202,49.70263,2
93271,4.94202,49.70263,2
93272,4.94202,49.70263,2
93273,4.94202,49.70263,2
93274,4.94202,49.70263,2
93275,4.94202,49.70263,2
93276,4.94202,49.70263,2
93277,4.94202,49.70263,2
93278,4.94202,49.70263,2
93279,4.94202,49.70263,2
93280,4.94202,49.70263,2
93281,4.9419,49.70249,2
93282,4.9419,49.70249,2
93283,4.9419,49.70249,2
93284,4.9419,49.70249,2
93285,4.9419,49.70249,2
93286,4.94165,49.70239,2
93287,4.94165,49.70239,2
93288,4.94393,49.70238,2
93289,4.94165,49.70239,2
93290,4.94165,49.70239,2
93291,4.94165,49.70239,2
93292,4.94165,49.70239,2
93293,4.94165,49.70239,2
93294,4.94137,49.70238,2
93295,4.94137,49.70238,2
93296,4.94137,49.70238,2
93297,4.94137,49.70238,2
93298,4.94137,49.70238,2
93299,4.94137,49.70238,2
93300,4.94137,49.70238,2
93301,4.94127,49.70258,2
93302,4.94127,49.70258,2
93303,4.94127,49.70258,2
93304,4.94127,49.70258,2
93305,4.94092,49.7029,2
93306,4.94127,49.70258,2
93307,4.94127,49.70258,2
93308,4.94127,49.70258,2
93309,4.94127,49.70258,2
93310,4.94127,49.70258,2
93311,4.94127,49.70258,2
93312,4.94127,49.70258,2
93313,4.94127,49.70258,2
93314,4.94118,49.70278,2
93315,4.94118,49.70278,2
93316,4.94118,49.70278,2
93317,4.94118,49.70278,2
93318,4.94118,49.70278,2
93319,4.94118,49.70278,2
93320,4.94118,49.70278,2
93321,4.94118,49.70278,2
93322,4.94118,49.70278,2
93323,4.94118,49.70278,2
93324,4.94118,49.70278,2
93325,4.94118,49.70278,2
93326,4.94118,49.70278,2
93327,4.94118,49.70278,2
93328,4.94108,49.70297,2
93329,4.94108,49.70297,2
93330,4.94108,49.70297,2
93331,4.94108,49.70297,2
93332,4.94105,49.70264,2
93333,4.94105,49.70264,2
93334,4.94105,49.70264,2
93335,4.94105,49.70264,2
93336,4.94092,49.7029,2
93337,4.94092,49.7029,2
93338,4.94092,49.7029,2
93339,4.94092,49.7029,2
93340,4.94092,49.7029,2
93341,4.94092,49.7029,2
93342,4.94092,49.7029,2
93343,4.94092,49.7029,2
93344,4.94092,49.7029,2
93345,4.94059,49.70304,2
93346,4.93982,49.7028,2
93347,4.94059,49.70304,2
93348,4.94059,49.70304,2
93349,4.94015,49.70294,2
93350,4.94015,49.70294,2
93351,4.94015,49.70294,2
93352,4.94015,49.70294,2
93353,4.94015,49.70294,2
93354,4.94015,49.70294,2
93355,4.94015,49.70294,2
93356,4.94015,49.70294,2
93357,4.94015,49.70294,2
93358,4.94015,49.70294,2
93359,4.94015,49.70294,2
93360,4.94015,49.70294,2
93361,4.94015,49.70294,2
93362,4.94015,49.70294,2
93363,4.94015,49.70294,2
93364,4.94015,49.70294,2
93365,4.94015,49.70294,2
93366,4.94015,49.70294,2
93367,4.94015,49.70294,2
93368,4.94015,49.70294,2
93369,4.94015,49.70294,2
93370,4.94015,49.70294,2
93371,4.94015,49.70294,2
93372,4.94015,49.70294,2
93373,4.93992,49.70288,2
93374,4.93911,49.70302,2
93375,4.93911,49.70302,2
93376,4.93857,49.70369,2
93377,4.93857,49.70369,2
93378,4.93857,49.70369,2
93379,4.93857,49.70369,2
93380,4.93839,49.70389,2
93381,4.93839,49.70389,2
93382,4.93839,49.70389,2
93383,4.93839,49.70389,2
93384,4.93839,49.70389,2
93385,4.93839,49.70389,2
93386,4.93839,49.70389,2
93387,4.93973,49.70355,2
93388,4.93973,49.70355,2
93389,4.93973,49.70355,2
93390,4.93973,49.70355,2
93391,4.93973,49.70355,2
93392,4.93973,49.70355,2
93393,4.93857,49.70318,2
93394,4.93857,49.70318,2
93395,4.93857,49.70318,2
93396,4.93857,49.70318,2
93397,4.93857,49.70318,2
93398,4.93857,49.70318,2
93399,4.93858,49.70293,2
93400,4.93858,49.70293,2
93401,4.93858,49.70293,2
93402,4.93858,49.70293,2
93403,4.93863,49.70235,2
93404,4.93919,49.7026,2
93405,4.93919,49.7026,2
93406,4.93919,49.7026,2
93407,4.93919,49.7026,2
93408,4.93919,49.7026,2
93409,4.93919,49.7026,2
93410,4.93919,49.7026,2
93411,4.93938,49.70248,2
93412,4.94026,49.7028,2
93413,4.94026,49.7028,2
93414,4.94026,49.7028,2
93415,4.94026,49.7028,2
93416,4.94036,49.7026,2
93417,4.94036,49.7026,2
93418,4.94036,49.7026,2
93419,4.94036,49.7026,2
93420,4.94045,49.7024,2
93421,4.94045,49.7024,2
93422,4.94045,49.7024,2
93423,4.94045,49.7024,2
93424,4.94045,49.7024,2
93425,4.94055,49.70221,2
93426,4.94055,49.70221,2
93427,4.94055,49.70221,2
93428,4.94055,49.70221,2
93429,4.94055,49.70221,2
93430,4.9397,49.70214,2
93431,4.9397,49.70214,2
93432,4.93991,49.70204,2
93433,4.9397,49.70214,2
93434,4.94045,49.7024,2
93435,4.9392,49.7035,2
93436,4.94202,49.70263,2
93437,4.94202,49.70263,2
93438,4.94202,49.70263,2
93439,4.94202,49.70263,2
93440,4.94202,49.70263,2
93441,4.94202,49.70263,2
93442,4.94202,49.70263,2
93443,4.94202,49.70263,2
93444,4.94202,49.70263,2
93445,4.94202,49.70263,2
93446,4.94202,49.70263,2
93447,4.94092,49.7029,2
93448,4.94202,49.70263,2
93449,4.94188,49.70244,2
93450,4.94165,49.70239,2
93451,4.94165,49.70239,2
93452,4.94165,49.70239,2
93453,4.94142,49.70235,2
93454,4.94137,49.70238,2
93455,4.94127,49.70258,2
93456,4.94118,49.70278,2
93457,4.94108,49.70297,2
93458,4.94105,49.70264,2
93459,4.94092,49.7029,2
93460,4.9392,49.7035,2
93461,4.93857,49.70369,2
93462,4.93911,49.70302,2
93463,4.93973,49.70355,2
93464,4.93973,49.70355,2
93465,4.93973,49.70355,2
93466,4.93857,49.70318,2
93467,4.93858,49.70293,2
93468,4.93919,49.7026,2
93469,4.93919,49.7026,2
93470,4.94041,49.70213,2
93471,4.93991,49.70204,2
93472,4.93991,49.70204,2
93473,4.93991,49.70204,2
93474,4.94092,49.7029,2
93475,4.93919,49.7026,2
93476,4.93919,49.7026,2
93477,4.94092,49.7029,2
93478,4.70967,49.76154,2
93479,4.71099,49.76128,2
93480,4.71269,49.76138,2
93481,4.71269,49.76138,2
93482,4.71265,49.76369,2
93483,4.71269,49.76138,2
93484,4.71269,49.76138,2
93485,4.70688,49.76234,2
93486,4.715316,49.76051,2
93487,4.71107,49.76229,2
93488,4.71265,49.76238,2
93489,4.71265,49.76238,2
93490,4.71265,49.76238,2
93491,4.71265,49.76238,2
93492,4.71265,49.76238,2
93493,4.71663,49.76361,2
93494,4.71577,49.76379,2
93495,4.71663,49.76361,2
93496,4.71853,49.76172,2
93497,4.71142,49.76242,2
93498,4.71265,49.76238,2
93499,4.71613,49.76133,2
93500,4.71578,49.76138,2
93501,4.71141,49.78076,2
93502,4.70608,49.7814,2
93503,4.71009,49.78052,2
93504,4.707267,49.780944,2
93505,4.704977,49.780333,2
93506,4.70655,49.77975,2
93507,4.70676,49.77846,2
93508,4.70676,49.77846,2
93509,4.71007,49.7804,2
93510,4.70729,49.78143,2
93511,4.71141,49.78076,2
93512,4.71141,49.78076,2
93513,4.71484,49.7809,2
93514,4.19984,49.67594,2
93515,4.19984,49.67594,2
93516,4.198484,49.671738,2
93517,4.199757,49.675905,2
93518,4.82602,50.14212,2
93519,4.82587,50.14165,2
93520,4.82602,50.14212,2
93521,4.82602,50.14212,2
93522,4.82602,50.14212,2
93523,4.82518,50.13804,2
93524,4.82602,50.14212,2
93525,4.83095,50.13704,2
93526,4.82502,50.13585,2
93527,4.82602,50.14212,2
93528,4.80067,50.14503,2
93529,4.80067,50.14503,2
93530,4.80067,50.14503,2
93531,4.80067,50.14503,2
93532,4.80067,50.14503,2
93533,4.80067,50.14503,2
93534,4.80067,50.14503,2
93535,4.80067,50.14503,2
93536,4.82227,50.1367,2
93537,4.82256,50.13637,2
93538,4.80067,50.14503,2
93539,4.80067,50.14503,2
93540,4.80067,50.14503,2
93541,4.80067,50.14503,2
93542,4.80067,50.14503,2
93543,4.80067,50.14503,2
93544,4.814451,50.14035,2
93545,4.81624,50.1414,2
93546,4.82139,50.13635,2
93547,4.82932,50.13541,2
93548,4.821417,50.135674,2
93549,4.816088,50.141826,2
93550,4.82227,50.1367,2
93551,4.51799,49.92249,2
93552,4.5181,49.92293,2
93553,4.52257,49.92844,2
93554,4.52595,49.92372,2
93555,4.5444,49.91962,2
93556,4.52061,49.93066,2
93557,4.50076,49.92872,2
93558,4.51799,49.92249,2
93559,4.52554,49.92647,2
93560,4.50076,49.92872,2
93561,4.51706,49.93702,2
93562,4.195811,49.685379,2
93563,4.1857,49.6915,2
93564,4.19331,49.68612,2
93565,4.224853,49.688595,2
93566,4.18553,49.69161,2
93567,4.186717,49.691169,2
93568,4.186717,49.691169,2
93569,4.18557,49.69155,2
93570,4.18557,49.69155,2
93571,4.622477,49.929291,2
93572,4.62299,49.92931,2
93573,4.62299,49.92931,2
93574,4.84228,49.43109,2
93575,4.84293,49.43131,2
93576,4.83467,49.43218,2
93577,4.84285,49.431083,2
93578,4.84228,49.43109,2
93579,4.835478,49.43138,2
93580,4.839135,49.431475,2
93581,4.84228,49.43109,2
93582,4.838558,49.43039,2
93583,4.28929,49.5437,2
93584,4.28929,49.5437,2
93585,4.28912,49.54401,2
93586,4.29177,49.5449,2
93587,4.288807,49.544182,2
93588,4.28929,49.5437,2
93589,4.28784,49.54526,2
93590,4.28929,49.5437,2
93591,4.87567,49.43663,2
93592,4.87585,49.43666,2
93593,4.8761,49.43667,2
93594,4.87567,49.43663,2
93595,4.8761,49.43667,2
93596,4.914,49.70652,2
93597,4.914,49.70652,2
93598,4.91335,49.71164,2
93599,4.91287,49.71136,2
93600,4.906626,49.700714,2
93601,4.908528,49.705472,2
93602,4.9076,49.72794,2
93603,4.90764,49.72808,2
93604,4.90863,49.73044,2
93605,4.90865,49.73235,2
93606,4.90003,49.70873,2
93607,4.90033,49.70957,2
93608,4.90063,49.71105,2
93609,4.91229,49.713289,2
93610,4.91292,49.71304,2
93611,4.91101,49.71471,2
93612,4.91101,49.71471,2
93613,4.91378,49.70915,2
93614,4.91378,49.70915,2
93615,4.91284,49.71043,2
93616,4.91284,49.71043,2
93617,4.91228,49.71055,2
93618,4.921294,49.708327,2
93619,4.921994,49.707916,2
93620,4.923071,49.711389,2
93621,4.9143,49.71161,2
93622,4.91452,49.71097,2
93623,4.91223,49.71097,2
93624,4.90132,49.70923,2
93625,4.910131,49.707854,2
93626,4.91123,49.70943,2
93627,4.913644,49.71185,2
93628,4.91408,49.7119,2
93629,4.91353,49.71175,2
93630,4.909074,49.731103,2
93631,4.90764,49.72808,2
93632,4.91466,49.71066,2
93633,4.91352,49.71125,2
93634,4.91471,49.71119,2
93635,4.91471,49.71119,2
93636,4.91495,49.71154,2
93637,4.90742,49.70825,2
93638,4.90742,49.70825,2
93639,4.914,49.70652,2
93640,4.914,49.71195,2
93641,4.906457,49.700673,2
93642,4.90314,49.69813,2
93643,4.31429,49.55799,2
93644,4.31429,49.55799,2
93645,4.31567,49.559,2
93646,4.31373,49.55807,2
93647,4.93982,49.7028,2
93648,4.9419,49.70249,2
93649,4.94118,49.70278,2
93650,4.94092,49.7029,2
93651,4.94015,49.70294,2
93652,4.94015,49.70294,2
93653,4.94015,49.70294,2
93654,4.93893,49.70267,2
93655,4.94026,49.7028,2
93656,4.94026,49.7028,2
93657,4.94045,49.7024,2
93658,4.94055,49.70221,2
