"ID","Longitude","Latitude","ServiceTime (min)"
64661,4.71617,49.7712,2
64662,4.70819,49.77297,2
64663,4.716,49.77123,2
64664,4.70819,49.77297,2
64665,4.70819,49.77297,2
64666,4.716,49.77123,2
64667,4.70819,49.77297,2
64668,4.71583,49.77127,2
64669,4.71583,49.77127,2
64670,4.7081,49.7728,2
64671,4.7081,49.7728,2
64672,4.71565,49.77131,2
64673,4.7081,49.7728,2
64674,4.71354,49.77192,2
64675,4.7081,49.7728,2
64676,4.71354,49.77192,2
64677,4.70779,49.77261,2
64678,4.71354,49.77192,2
64679,4.70771,49.77247,2
64680,4.70787,49.77307,2
64681,4.71354,49.77192,2
64682,4.71629,49.77256,2
64683,4.7077,49.77311,2
64684,4.71354,49.77192,2
64685,4.7077,49.77311,2
64686,4.71354,49.77192,2
64687,4.7077,49.77311,2
64688,4.71354,49.77192,2
64689,4.7077,49.77311,2
64690,4.71354,49.77192,2
64691,4.70753,49.77315,2
64692,4.71354,49.77192,2
64693,4.70753,49.77315,2
64694,4.71354,49.77192,2
64695,4.70753,49.77315,2
64696,4.71354,49.77192,2
64697,4.70736,49.77318,2
64698,4.71354,49.77192,2
64699,4.70736,49.77318,2
64700,4.71354,49.77192,2
64701,4.70753,49.77315,2
64702,4.70719,49.77322,2
64703,4.71929,49.77192,2
64704,4.71929,49.77192,2
64705,4.70702,49.77325,2
64706,4.71929,49.77192,2
64707,4.70685,49.77329,2
64708,4.71929,49.77192,2
64709,4.71918,49.77195,2
64710,4.70668,49.77333,2
64711,4.71918,49.77195,2
64712,4.70651,49.77336,2
64713,4.71918,49.77195,2
64714,4.70634,49.7734,2
64715,4.71918,49.77195,2
64716,4.71912,49.77196,2
64717,4.70617,49.77343,2
64718,4.71912,49.77196,2
64719,4.706,49.77347,2
64720,4.71924,49.77193,2
64721,4.71912,49.77196,2
64722,4.71924,49.77193,2
64723,4.71752,49.77226,2
64724,4.70634,49.77352,2
64725,4.71912,49.77196,2
64726,4.71924,49.77193,2
64727,4.70656,49.77347,2
64728,4.71912,49.77196,2
64729,4.70699,49.77338,2
64730,4.71912,49.77196,2
64731,4.70721,49.77334,2
64732,4.71912,49.77196,2
64733,4.70786,49.7732,2
64734,4.71906,49.77198,2
64735,4.70807,49.77315,2
64736,4.71906,49.77198,2
64737,4.70807,49.77315,2
64738,4.71906,49.77198,2
64739,4.71015,49.77261,2
64740,4.71906,49.77198,2
64741,4.71015,49.77261,2
64742,4.71906,49.77198,2
64743,4.71015,49.77261,2
64744,4.71692,49.77253,2
64745,4.71906,49.77198,2
64746,4.71015,49.77261,2
64747,4.71692,49.77253,2
64748,4.71906,49.77198,2
64749,4.71015,49.77261,2
64750,4.719,49.77199,2
64751,4.71692,49.77253,2
64752,4.719,49.77199,2
64753,4.71012,49.77243,2
64754,4.71692,49.77253,2
64755,4.719,49.77199,2
64756,4.71006,49.77235,2
64757,4.719,49.77199,2
64758,4.719,49.77199,2
64759,4.71006,49.77235,2
64760,4.719,49.77199,2
64761,4.71006,49.77235,2
64762,4.719,49.77199,2
64763,4.71001,49.77226,2
64764,4.719,49.77199,2
64765,4.71171,49.77222,2
64766,4.70996,49.77218,2
64767,4.71171,49.77222,2
64768,4.71171,49.77222,2
64769,4.70985,49.77201,2
64770,4.71171,49.77222,2
64771,4.71894,49.772,2
64772,4.70985,49.77201,2
64773,4.70969,49.77176,2
64774,4.71894,49.772,2
64775,4.71383,49.77185,2
64776,4.70964,49.77167,2
64777,4.71867,49.77208,2
64778,4.70964,49.77167,2
64779,4.71867,49.77208,2
64780,4.70964,49.77167,2
64781,4.70958,49.77159,2
64782,4.71894,49.772,2
64783,4.71867,49.77208,2
64784,4.70953,49.7715,2
64785,4.71785,49.77234,2
64786,4.70953,49.7715,2
64787,4.71785,49.77234,2
64788,4.70953,49.7715,2
64789,4.71785,49.77234,2
64790,4.70953,49.7715,2
64791,4.71817,49.77222,2
64792,4.70936,49.77154,2
64793,4.71779,49.77232,2
64794,4.70941,49.77163,2
64795,4.70941,49.77163,2
64796,4.71779,49.77232,2
64797,4.70941,49.77163,2
64798,4.71779,49.77232,2
64799,4.70941,49.77163,2
64800,4.71779,49.77232,2
64801,4.70941,49.77163,2
64802,4.71779,49.77232,2
64803,4.70941,49.77163,2
64804,4.71779,49.77232,2
64805,4.70946,49.77171,2
64806,4.71779,49.77232,2
64807,4.70952,49.77179,2
64808,4.71779,49.77232,2
64809,4.71912,49.77196,2
64810,4.71779,49.77232,2
64811,4.70957,49.77187,2
64812,4.71779,49.77232,2
64813,4.71779,49.77232,2
64814,4.70962,49.77195,2
64815,4.71779,49.77232,2
64816,4.70967,49.77203,2
64817,4.7177,49.77234,2
64818,4.70967,49.77203,2
64819,4.71744,49.77241,2
64820,4.71744,49.77241,2
64821,4.70967,49.77203,2
64822,4.71727,49.77245,2
64823,4.70972,49.77211,2
64824,4.71736,49.77243,2
64825,4.71686,49.77242,2
64826,4.70978,49.7722,2
64827,4.71736,49.77243,2
64828,4.70835,49.77297,2
64829,4.70983,49.77228,2
64830,4.71736,49.77243,2
64831,4.70988,49.77236,2
64832,4.71727,49.77245,2
64833,4.70952,49.77419,2
64834,4.71727,49.77245,2
64835,4.70948,49.77412,2
64836,4.71727,49.77245,2
64837,4.70944,49.77405,2
64838,4.71727,49.77245,2
64839,4.71727,49.77245,2
64840,4.7094,49.77397,2
64841,4.71727,49.77245,2
64842,4.71727,49.77245,2
64843,4.7094,49.77397,2
64844,4.71718,49.77247,2
64845,4.7171,49.77249,2
64846,4.7094,49.77397,2
64847,4.7171,49.77249,2
64848,4.7171,49.77249,2
64849,4.70936,49.7739,2
64850,4.7171,49.77249,2
64851,4.70932,49.77382,2
64852,4.71701,49.77251,2
64853,4.70928,49.77375,2
64854,4.71701,49.77251,2
64855,4.70924,49.77368,2
64856,4.70818,49.7748,2
64857,4.71383,49.77313,2
64858,4.7092,49.7736,2
64859,4.71675,49.77257,2
64860,4.71383,49.77313,2
64861,4.70916,49.77353,2
64862,4.71675,49.77257,2
64863,4.71715,49.77109,2
64864,4.70912,49.77346,2
64865,4.71675,49.77257,2
64866,4.71715,49.77109,2
64867,4.70908,49.77338,2
64868,4.71675,49.77257,2
64869,4.71665,49.7712,2
64870,4.71675,49.77257,2
64871,4.70904,49.77329,2
64872,4.71632,49.77267,2
64873,4.71624,49.7713,2
64874,4.709,49.77321,2
64875,4.7164,49.77265,2
64876,4.7158,49.7714,2
64877,4.709,49.77321,2
64878,4.71632,49.77267,2
64879,4.71623,49.77269,2
64880,4.70895,49.77313,2
64881,4.71623,49.77269,2
64882,4.71495,49.77159,2
64883,4.71623,49.77269,2
64884,4.70891,49.77304,2
64885,4.71623,49.77269,2
64886,4.71495,49.77159,2
64887,4.71623,49.77269,2
64888,4.71495,49.77159,2
64889,4.70891,49.77304,2
64890,4.71623,49.77269,2
64891,4.71623,49.77269,2
64892,4.716,49.77123,2
64893,4.70887,49.77296,2
64894,4.71623,49.77269,2
64895,4.71632,49.77267,2
64896,4.70887,49.77296,2
64897,4.71354,49.77192,2
64898,4.71632,49.77267,2
64899,4.71929,49.77192,2
64900,4.70869,49.77263,2
64901,4.71632,49.77267,2
64902,4.71929,49.77192,2
64903,4.71924,49.77193,2
64904,4.70869,49.77263,2
64905,4.71632,49.77267,2
64906,4.71918,49.77195,2
64907,4.70865,49.77255,2
64908,4.71918,49.77195,2
64909,4.7164,49.77265,2
64910,4.71665,49.7712,2
64911,4.71918,49.77195,2
64912,4.71521,49.77293,2
64913,4.71912,49.77196,2
64914,4.71912,49.77196,2
64915,4.71912,49.77196,2
64916,4.71692,49.77253,2
64917,4.71384,49.77326,2
64918,4.71906,49.77198,2
64919,4.71384,49.77326,2
64920,4.71906,49.77198,2
64921,4.71384,49.77326,2
64922,4.719,49.77199,2
64923,4.71594,49.77137,2
64924,4.71384,49.77326,2
64925,4.71283,49.77243,2
64926,4.719,49.77199,2
64927,4.71404,49.77308,2
64928,4.719,49.77199,2
64929,4.71404,49.77308,2
64930,4.71894,49.772,2
64931,4.71404,49.77308,2
64932,4.71894,49.772,2
64933,4.71425,49.77302,2
64934,4.71785,49.77234,2
64935,4.71425,49.77302,2
64936,4.71817,49.77222,2
64937,4.71785,49.77234,2
64938,4.71425,49.77302,2
64939,4.71779,49.77232,2
64940,4.71444,49.77297,2
64941,4.71779,49.77232,2
64942,4.71444,49.77297,2
64943,4.71779,49.77232,2
64944,4.7177,49.77234,2
64945,4.71444,49.77297,2
64946,4.71727,49.77245,2
64947,4.71444,49.77297,2
64948,4.71736,49.77243,2
64949,4.71444,49.77297,2
64950,4.71718,49.77247,2
64951,4.71444,49.77297,2
64952,4.7171,49.77249,2
64953,4.71444,49.77297,2
64954,4.7171,49.77249,2
64955,4.71444,49.77297,2
64956,4.71701,49.77251,2
64957,4.71444,49.77297,2
64958,4.7146,49.77294,2
64959,4.71632,49.77267,2
64960,4.7164,49.77265,2
64961,4.71476,49.77291,2
64962,4.71597,49.77276,2
64963,4.71597,49.77276,2
64964,4.71492,49.77287,2
64965,4.71492,49.77287,2
64966,4.71492,49.77287,2
64967,4.71492,49.77287,2
64968,4.71522,49.7728,2
64969,4.71492,49.77287,2
64970,4.71536,49.77277,2
64971,4.71492,49.77287,2
64972,4.7161,49.7726,2
64973,4.71492,49.77287,2
64974,4.7162,49.77258,2
64975,4.71492,49.77287,2
64976,4.7162,49.77258,2
64977,4.71492,49.77287,2
64978,4.7162,49.77258,2
64979,4.71629,49.77256,2
64980,4.71536,49.77277,2
64981,4.71629,49.77256,2
64982,4.71536,49.77277,2
64983,4.71536,49.77277,2
64984,4.71629,49.77256,2
64985,4.71536,49.77277,2
64986,4.71648,49.77251,2
64987,4.71536,49.77277,2
64988,4.71677,49.77244,2
64989,4.71551,49.77274,2
64990,4.71677,49.77244,2
64991,4.71551,49.77274,2
64992,4.71743,49.77228,2
64993,4.71551,49.77274,2
64994,4.71743,49.77228,2
64995,4.71551,49.77274,2
64996,4.71752,49.77226,2
64997,4.71762,49.77224,2
64998,4.71551,49.77274,2
64999,4.7181,49.77211,2
65000,4.71736,49.77243,2
65001,4.7186,49.77197,2
65002,4.70678,49.77343,2
65003,4.71551,49.77274,2
65004,4.71888,49.7719,2
65005,4.71551,49.77274,2
65006,4.71888,49.7719,2
65007,4.71548,49.77134,2
65008,4.71551,49.77274,2
65009,4.71548,49.77134,2
65010,4.71548,49.77134,2
65011,4.7158,49.77267,2
65012,4.71531,49.77138,2
65013,4.71531,49.77138,2
65014,4.7161,49.7726,2
65015,4.71498,49.77146,2
65016,4.7161,49.7726,2
65017,4.71467,49.77153,2
65018,4.7161,49.7726,2
65019,4.71436,49.7716,2
65020,4.71405,49.77167,2
65021,4.7161,49.7726,2
65022,4.71282,49.7721,2
65023,4.7162,49.77258,2
65024,4.7162,49.77258,2
65025,4.7162,49.77258,2
65026,4.7109,49.77266,2
65027,4.7162,49.77258,2
65028,4.71068,49.77256,2
65029,4.7162,49.77258,2
65030,4.71055,49.77259,2
65031,4.71178,49.77115,2
65032,4.7162,49.77258,2
65033,4.70908,49.77293,2
65034,4.71343,49.77182,2
65035,4.7162,49.77258,2
65036,4.71265,49.77202,2
65037,4.7162,49.77258,2
65038,4.7162,49.77258,2
65039,4.71265,49.77202,2
65040,4.7162,49.77258,2
65041,4.7125,49.77206,2
65042,4.71629,49.77256,2
65043,4.71629,49.77256,2
65044,4.71134,49.77242,2
65045,4.71639,49.77253,2
65046,4.71134,49.77242,2
65047,4.71123,49.77232,2
65048,4.71639,49.77253,2
65049,4.71092,49.77238,2
65050,4.71639,49.77253,2
65051,4.71059,49.77246,2
65052,4.71011,49.77258,2
65053,4.71639,49.77253,2
65054,4.71648,49.77251,2
65055,4.70804,49.77304,2
65056,4.71658,49.77249,2
65057,4.70819,49.77297,2
65058,4.7077,49.77311,2
65059,4.71648,49.77251,2
65060,4.71667,49.77247,2
65061,4.70678,49.77343,2
65062,4.71667,49.77247,2
65063,4.70678,49.77343,2
65064,4.71677,49.77244,2
65065,4.70807,49.77315,2
65066,4.71677,49.77244,2
65067,4.71015,49.77261,2
65068,4.71677,49.77244,2
65069,4.71006,49.77235,2
65070,4.71677,49.77244,2
65071,4.70964,49.77167,2
65072,4.71677,49.77244,2
65073,4.71677,49.77244,2
65074,4.70941,49.77163,2
65075,4.70967,49.77203,2
65076,4.71677,49.77244,2
65077,4.70952,49.77419,2
65078,4.7094,49.77397,2
65079,4.71686,49.77242,2
65080,4.709,49.77321,2
65081,4.70887,49.77296,2
65082,4.71743,49.77228,2
65083,4.71743,49.77228,2
65084,4.71743,49.77228,2
65085,4.71743,49.77228,2
65086,4.71743,49.77228,2
65087,4.71743,49.77228,2
65088,4.71762,49.77224,2
65089,4.71762,49.77224,2
65090,4.71771,49.77222,2
65091,4.71781,49.77219,2
65092,4.7186,49.77197,2
65093,4.7186,49.77197,2
65094,4.7186,49.77197,2
65095,4.71888,49.7719,2
65096,4.71888,49.7719,2
65097,4.71888,49.7719,2
65098,4.71888,49.7719,2
65099,4.71888,49.7719,2
65100,4.71888,49.7719,2
65101,4.71629,49.77256,2
65102,4.71888,49.7719,2
65103,4.71629,49.77256,2
65104,4.71888,49.7719,2
65105,4.71888,49.7719,2
65106,4.71888,49.7719,2
65107,4.71677,49.77244,2
65108,4.71548,49.77134,2
65109,4.71548,49.77134,2
65110,4.71548,49.77134,2
65111,4.71548,49.77134,2
65112,4.71548,49.77134,2
65113,4.71548,49.77134,2
65114,4.71548,49.77134,2
65115,4.71548,49.77134,2
65116,4.71531,49.77138,2
65117,4.71531,49.77138,2
65118,4.71531,49.77138,2
65119,4.71531,49.77138,2
65120,4.71648,49.77251,2
65121,4.71514,49.77142,2
65122,4.71498,49.77146,2
65123,4.71483,49.77149,2
65124,4.71498,49.77146,2
65125,4.71498,49.77146,2
65126,4.71483,49.77149,2
65127,4.71483,49.77149,2
65128,4.71483,49.77149,2
65129,4.71483,49.77149,2
65130,4.71467,49.77153,2
65131,4.71467,49.77153,2
65132,4.71467,49.77153,2
65133,4.71467,49.77153,2
65134,4.71467,49.77153,2
65135,4.71467,49.77153,2
65136,4.71452,49.77156,2
65137,4.71436,49.7716,2
65138,4.71436,49.7716,2
65139,4.71436,49.7716,2
65140,4.71421,49.77164,2
65141,4.71389,49.77171,2
65142,4.71282,49.7721,2
65143,4.71282,49.7721,2
65144,4.71282,49.7721,2
65145,4.71282,49.7721,2
65146,4.71643,49.77126,2
65147,4.71255,49.77217,2
65148,4.71643,49.77126,2
65149,4.71643,49.77126,2
65150,4.71238,49.77221,2
65151,4.71643,49.77126,2
65152,4.71643,49.77126,2
65153,4.7122,49.77224,2
65154,4.71643,49.77126,2
65155,4.7122,49.77224,2
65156,4.7122,49.77224,2
65157,4.7122,49.77224,2
65158,4.7122,49.77224,2
65159,4.71701,49.77251,2
65160,4.7122,49.77224,2
65161,4.71203,49.77228,2
65162,4.71203,49.77228,2
65163,4.71186,49.77231,2
65164,4.71169,49.77235,2
65165,4.71151,49.77238,2
65166,4.71117,49.77246,2
65167,4.71099,49.77249,2
65168,4.7109,49.77266,2
65169,4.7109,49.77266,2
65170,4.7109,49.77266,2
65171,4.7109,49.77266,2
65172,4.7109,49.77266,2
65173,4.7109,49.77266,2
65174,4.71068,49.77256,2
65175,4.71701,49.77251,2
65176,4.71055,49.77259,2
65177,4.71055,49.77259,2
65178,4.71055,49.77259,2
65179,4.71055,49.77259,2
65180,4.71042,49.77263,2
65181,4.71029,49.77266,2
65182,4.71029,49.77266,2
65183,4.71016,49.77269,2
65184,4.71016,49.77269,2
65185,4.71016,49.77269,2
65186,4.71002,49.77273,2
65187,4.71002,49.77273,2
65188,4.71002,49.77273,2
65189,4.71692,49.77253,2
65190,4.71002,49.77273,2
65191,4.71002,49.77273,2
65192,4.70807,49.77315,2
65193,4.71002,49.77273,2
65194,4.71002,49.77273,2
65195,4.70989,49.77275,2
65196,4.70976,49.77278,2
65197,4.70963,49.77281,2
65198,4.70963,49.77281,2
65199,4.70963,49.77281,2
65200,4.71675,49.77257,2
65201,4.70928,49.77289,2
65202,4.71692,49.77253,2
65203,4.70908,49.77293,2
65204,4.70908,49.77293,2
65205,4.70908,49.77293,2
65206,4.70908,49.77293,2
65207,4.71343,49.77182,2
65208,4.71343,49.77182,2
65209,4.71327,49.77186,2
65210,4.71343,49.77182,2
65211,4.71343,49.77182,2
65212,4.71311,49.7719,2
65213,4.71265,49.77202,2
65214,4.71265,49.77202,2
65215,4.71265,49.77202,2
65216,4.71265,49.77202,2
65217,4.71265,49.77202,2
65218,4.70835,49.7746,2
65219,4.71265,49.77202,2
65220,4.70822,49.77465,2
65221,4.71265,49.77202,2
65222,4.70796,49.77475,2
65223,4.71265,49.77202,2
65224,4.70783,49.7748,2
65225,4.71265,49.77202,2
65226,4.71265,49.77202,2
65227,4.7077,49.77484,2
65228,4.7125,49.77206,2
65229,4.70805,49.77485,2
65230,4.7125,49.77206,2
65231,4.70805,49.77485,2
65232,4.70818,49.7748,2
65233,4.7125,49.77206,2
65234,4.7171,49.77249,2
65235,4.70818,49.7748,2
65236,4.7125,49.77206,2
65237,4.70818,49.7748,2
65238,4.7125,49.77206,2
65239,4.70818,49.7748,2
65240,4.7125,49.77206,2
65241,4.70928,49.77375,2
65242,4.70818,49.7748,2
65243,4.7125,49.77206,2
65244,4.70831,49.77475,2
65245,4.7125,49.77206,2
65246,4.70844,49.7747,2
65247,4.71234,49.77209,2
65248,4.71219,49.77212,2
65249,4.70857,49.77465,2
65250,4.71203,49.77216,2
65251,4.70884,49.77455,2
65252,4.70884,49.77455,2
65253,4.71187,49.77219,2
65254,4.70898,49.77449,2
65255,4.71187,49.77219,2
65256,4.71171,49.77222,2
65257,4.70928,49.77438,2
65258,4.70955,49.77428,2
65259,4.71171,49.77222,2
65260,4.70965,49.77425,2
65261,4.71171,49.77222,2
65262,4.70986,49.77418,2
65263,4.70997,49.77414,2
65264,4.71155,49.77225,2
65265,4.71155,49.77225,2
65266,4.71007,49.7741,2
65267,4.71155,49.77225,2
65268,4.71018,49.77407,2
65269,4.71155,49.77225,2
65270,4.71053,49.77394,2
65271,4.71155,49.77225,2
65272,4.71072,49.77386,2
65273,4.71551,49.77274,2
65274,4.71134,49.77242,2
65275,4.71318,49.77201,2
65276,4.71134,49.77242,2
65277,4.71091,49.77379,2
65278,4.71134,49.77242,2
65279,4.71134,49.77242,2
65280,4.7113,49.77364,2
65281,4.71134,49.77242,2
65282,4.71002,49.77273,2
65283,4.71134,49.77242,2
65284,4.71146,49.77358,2
65285,4.71134,49.77242,2
65286,4.71134,49.77242,2
65287,4.71146,49.77358,2
65288,4.71134,49.77242,2
65289,4.71134,49.77242,2
65290,4.71158,49.77354,2
65291,4.71134,49.77242,2
65292,4.71134,49.77242,2
65293,4.71171,49.7735,2
65294,4.71134,49.77242,2
65295,4.71134,49.77242,2
65296,4.71196,49.77341,2
65297,4.71134,49.77242,2
65298,4.71134,49.77242,2
65299,4.71209,49.77337,2
65300,4.71134,49.77242,2
65301,4.71134,49.77242,2
65302,4.71209,49.77337,2
65303,4.71134,49.77242,2
65304,4.71139,49.77229,2
65305,4.71209,49.77337,2
65306,4.71209,49.77337,2
65307,4.71123,49.77232,2
65308,4.71209,49.77337,2
65309,4.71123,49.77232,2
65310,4.71209,49.77337,2
65311,4.71123,49.77232,2
65312,4.71221,49.77333,2
65313,4.71123,49.77232,2
65314,4.71234,49.77329,2
65315,4.71743,49.77228,2
65316,4.71234,49.77329,2
65317,4.71123,49.77232,2
65318,4.71234,49.77329,2
65319,4.71108,49.77235,2
65320,4.71234,49.77329,2
65321,4.71743,49.77228,2
65322,4.71246,49.77325,2
65323,4.71743,49.77228,2
65324,4.71092,49.77238,2
65325,4.71743,49.77228,2
65326,4.71743,49.77228,2
65327,4.71092,49.77238,2
65328,4.71259,49.7732,2
65329,4.71259,49.7732,2
65330,4.71092,49.77238,2
65331,4.71259,49.7732,2
65332,4.71092,49.77238,2
65333,4.7128,49.77313,2
65334,4.71076,49.77242,2
65335,4.71076,49.77242,2
65336,4.71368,49.7733,2
65337,4.71643,49.77126,2
65338,4.71059,49.77246,2
65339,4.71715,49.77109,2
65340,4.71715,49.77109,2
65341,4.71043,49.7725,2
65342,4.71715,49.77109,2
65343,4.71043,49.7725,2
65344,4.71027,49.77254,2
65345,4.71715,49.77109,2
65346,4.70994,49.77262,2
65347,4.7169,49.77115,2
65348,4.70977,49.77266,2
65349,4.71715,49.77109,2
65350,4.7096,49.77269,2
65351,4.71643,49.77126,2
65352,4.70928,49.77276,2
65353,4.71624,49.7713,2
65354,4.70912,49.7728,2
65355,4.71609,49.77133,2
65356,4.70897,49.77283,2
65357,4.71609,49.77133,2
65358,4.70881,49.77286,2
65359,4.71609,49.77133,2
65360,4.71624,49.7713,2
65361,4.7085,49.77293,2
65362,4.71609,49.77133,2
65363,4.7082,49.773,2
65364,4.71594,49.77137,2
65365,4.70804,49.77304,2
65366,4.71594,49.77137,2
65367,4.70804,49.77304,2
65368,4.7158,49.7714,2
65369,4.70804,49.77304,2
65370,4.7158,49.7714,2
65371,4.70804,49.77304,2
65372,4.7158,49.7714,2
65373,4.70804,49.77304,2
65374,4.7158,49.7714,2
65375,4.70804,49.77304,2
65376,4.7158,49.7714,2
65377,4.70804,49.77304,2
65378,4.71495,49.77159,2
65379,4.70804,49.77304,2
65380,4.71495,49.77159,2
65381,4.70804,49.77304,2
65382,4.71495,49.77159,2
65383,4.70791,49.77247,2
65384,4.71495,49.77159,2
65385,4.70781,49.7723,2
65386,4.71495,49.77159,2
65387,4.70803,49.77303,2
65388,4.71495,49.77159,2
65389,4.70795,49.77289,2
65390,4.71495,49.77159,2
65391,4.70819,49.77297,2
65392,4.71495,49.77159,2
65393,4.70819,49.77297,2
65394,4.71495,49.77159,2
65395,4.70819,49.77297,2
65396,4.71383,49.77185,2
65397,4.70819,49.77297,2
65398,4.82762,50.08698,2
65399,4.83348,50.09227,2
65400,4.83189,50.09074,2
65401,4.8339,50.09263,2
65402,4.8338,50.09273,2
65403,4.83188,50.09093,2
65404,4.83112,50.09039,2
65405,4.83073,50.09012,2
65406,4.83251,50.09142,2
65407,4.83219,50.09123,2
65408,4.831141,50.090403,2
65409,4.83151,50.09065,2
65410,4.8314,50.09041,2
65411,4.82996,50.0895,2
65412,4.83229,50.09112,2
65413,4.83091,50.09007,2
65414,4.83,50.08953,2
65415,4.83117,50.08984,2
65416,4.83117,50.08984,2
65417,4.82996,50.0895,2
65418,4.8311,50.08981,2
65419,4.82999,50.08942,2
65420,4.829572,50.089725,2
65421,4.82988,50.08951,2
65422,4.82923,50.08896,2
65423,4.83,50.08953,2
65424,4.828538,50.087429,2
65425,4.82898,50.08805,2
65426,4.82892,50.08782,2
65427,4.827715,50.087168,2
65428,4.827715,50.087168,2
65429,4.827715,50.087168,2
65430,4.82868,50.08759,2
65431,4.82762,50.08698,2
65432,4.82896,50.08883,2
65433,4.82835,50.08739,2
65434,4.82896,50.08883,2
65435,4.82762,50.08698,2
65436,4.82801,50.08719,2
65437,4.827715,50.087168,2
65438,4.82769,50.08699,2
65439,4.827326,50.086619,2
65440,4.82758,50.0867,2
65441,4.82762,50.08698,2
65442,4.827326,50.086619,2
65443,4.827181,50.086245,2
65444,4.82736,50.08614,2
65445,4.82762,50.08698,2
65446,4.82724,50.08586,2
65447,4.82762,50.08698,2
65448,4.82598,50.08431,2
65449,4.82598,50.08431,2
65450,4.82874,50.08784,2
65451,4.8288,50.08804,2
65452,4.82969,50.08987,2
65453,4.82886,50.08844,2
65454,4.82969,50.08987,2
65455,4.8289,50.08864,2
65456,4.82896,50.08883,2
65457,4.82908,50.08902,2
65458,4.82934,50.08916,2
65459,4.82969,50.08987,2
65460,4.829283,50.089803,2
65461,4.829283,50.089803,2
65462,4.82922,50.089364,2
65463,4.82922,50.089364,2
65464,4.82946,50.08983,2
65465,4.82959,50.09,2
65466,4.82996,50.0895,2
65467,4.82996,50.0895,2
65468,4.82996,50.0895,2
65469,4.828225,50.087319,2
65470,4.82598,50.08431,2
65471,4.82883,50.08824,2
65472,4.828132,50.086549,2
65473,4.82598,50.08431,2
65474,4.42913,49.87119,2
65475,4.42917,49.88145,2
65476,4.434838,49.865586,2
65477,4.43151,49.86308,2
65478,4.43151,49.86308,2
65479,4.42917,49.88145,2
65480,4.43151,49.86308,2
65481,4.43151,49.86308,2
65482,4.43038,49.86598,2
65483,4.42917,49.88145,2
65484,4.42848,49.87914,2
65485,4.43099,49.88412,2
65486,4.435931,49.864139,2
65487,4.42917,49.88145,2
65488,4.42689,49.86931,2
65489,4.42917,49.88145,2
65490,4.42917,49.88145,2
65491,4.43151,49.86308,2
65492,4.43302,49.86704,2
65493,4.43019,49.86846,2
65494,4.43008,49.86844,2
65495,4.43031,49.86848,2
65496,4.43053,49.86853,2
65497,4.43186,49.86856,2
65498,4.43159,49.86857,2
65499,4.43103,49.86896,2
65500,4.43097,49.86932,2
65501,4.43071,49.87002,2
65502,4.43151,49.86308,2
65503,4.43088,49.87004,2
65504,4.42938,49.86643,2
65505,4.43049,49.8703,2
65506,4.42956,49.87172,2
65507,4.42956,49.87172,2
65508,4.428895,49.872784,2
65509,4.428895,49.872784,2
65510,4.43492,49.86559,2
65511,4.428893,49.872748,2
65512,4.42949,49.87163,2
65513,4.43492,49.86559,2
65514,4.43492,49.86559,2
65515,4.42807,49.86985,2
65516,4.42913,49.87119,2
65517,4.42913,49.87119,2
65518,4.42972,49.87043,2
65519,4.42917,49.8707,2
65520,4.42848,49.87104,2
65521,4.42825,49.87116,2
65522,4.42802,49.87127,2
65523,4.42778,49.87139,2
65524,4.42755,49.8715,2
65525,4.42978,49.87047,2
65526,4.42737,49.87192,2
65527,4.42913,49.87119,2
65528,4.42737,49.87192,2
65529,4.42755,49.8715,2
65530,4.42732,49.87162,2
65531,4.42978,49.87047,2
65532,4.42861,49.87027,2
65533,4.42894,49.87081,2
65534,4.42871,49.87093,2
65535,4.4272,49.87176,2
65536,4.43151,49.86308,2
65537,4.42977,49.86738,2
65538,4.42913,49.87119,2
65539,4.42977,49.86738,2
65540,4.43492,49.86559,2
65541,4.42977,49.86738,2
65542,4.42861,49.87027,2
65543,4.42977,49.86738,2
65544,4.41261,49.87047,2
65545,4.42662,49.86967,2
65546,4.42547,49.86864,2
65547,4.42582,49.86885,2
65548,4.42593,49.86906,2
65549,4.42576,49.86972,2
65550,4.42541,49.86974,2
65551,4.4283,49.86788,2
65552,4.42689,49.86931,2
65553,4.42913,49.87119,2
65554,4.43018,49.87002,2
65555,4.42861,49.87027,2
65556,4.42913,49.87119,2
65557,4.43441,49.86583,2
65558,4.42961,49.86971,2
65559,4.42861,49.87027,2
65560,4.42887,49.86961,2
65561,4.42813,49.86951,2
65562,4.42761,49.86947,2
65563,4.42913,49.87119,2
65564,4.42768,49.86944,2
65565,4.42776,49.86936,2
65566,4.42779,49.86931,2
65567,4.41261,49.87047,2
65568,4.427757,49.869444,2
65569,4.42785,49.86922,2
65570,4.42769,49.86917,2
65571,4.43652,49.87239,2
65572,4.42788,49.86917,2
65573,4.42861,49.87027,2
65574,4.4279,49.86912,2
65575,4.42861,49.87027,2
65576,4.42913,49.86815,2
65577,4.42793,49.86907,2
65578,4.42978,49.87047,2
65579,4.42799,49.86898,2
65580,4.42796,49.86902,2
65581,4.42637,49.86957,2
65582,4.42796,49.86902,2
65583,4.42616,49.8697,2
65584,4.42806,49.86871,2
65585,4.42808,49.86864,2
65586,4.42809,49.86857,2
65587,4.42806,49.86871,2
65588,4.42815,49.86835,2
65589,4.42817,49.86828,2
65590,4.42817,49.86828,2
65591,4.42766,49.86893,2
65592,4.42813,49.86842,2
65593,4.43492,49.86559,2
65594,4.42811,49.8685,2
65595,4.42813,49.86734,2
65596,4.42789,49.86867,2
65597,4.42792,49.86854,2
65598,4.42779,49.86735,2
65599,4.42792,49.86854,2
65600,4.4277,49.86735,2
65601,4.42795,49.86841,2
65602,4.42845,49.86744,2
65603,4.42779,49.86801,2
65604,4.42883,49.86578,2
65605,4.42798,49.86829,2
65606,4.42779,49.86801,2
65607,4.42883,49.86578,2
65608,4.42779,49.86801,2
65609,4.42883,49.86578,2
65610,4.42779,49.86801,2
65611,4.42932,49.8674,2
65612,4.42883,49.86578,2
65613,4.42938,49.86643,2
65614,4.42823,49.86811,2
65615,4.42808,49.86801,2
65616,4.43441,49.86583,2
65617,4.42825,49.86805,2
65618,4.43441,49.86583,2
65619,4.42828,49.86794,2
65620,4.4283,49.86788,2
65621,4.42813,49.86734,2
65622,4.4281,49.86794,2
65623,4.4298,49.86758,2
65624,4.4298,49.86758,2
65625,4.4298,49.86758,2
65626,4.42835,49.86787,2
65627,4.42835,49.86787,2
65628,4.42813,49.86734,2
65629,4.42835,49.86787,2
65630,4.42835,49.86787,2
65631,4.42815,49.86778,2
65632,4.42813,49.86734,2
65633,4.43492,49.86559,2
65634,4.42917,49.88145,2
65635,4.42883,49.86578,2
65636,4.42947,49.86798,2
65637,4.42766,49.86779,2
65638,4.42766,49.86779,2
65639,4.42813,49.86734,2
65640,4.4277,49.86742,2
65641,4.42844,49.86879,2
65642,4.428129,49.868019,2
65643,4.42774,49.86723,2
65644,4.42917,49.88145,2
65645,4.42841,49.86756,2
65646,4.42813,49.86734,2
65647,4.42913,49.86815,2
65648,4.42883,49.86578,2
65649,4.42836,49.86768,2
65650,4.42813,49.86727,2
65651,4.4276,49.86722,2
65652,4.42883,49.86578,2
65653,4.42883,49.86578,2
65654,4.42774,49.86729,2
65655,4.42883,49.86578,2
65656,4.42883,49.86578,2
65657,4.42883,49.86578,2
65658,4.42875,49.86734,2
65659,4.42832,49.8678,2
65660,4.42883,49.86578,2
65661,4.42883,49.86578,2
65662,4.42883,49.86578,2
65663,4.42883,49.86578,2
65664,4.42883,49.86578,2
65665,4.42883,49.86578,2
65666,4.42883,49.86578,2
65667,4.42883,49.86578,2
65668,4.42883,49.86578,2
65669,4.42883,49.86578,2
65670,4.42883,49.86578,2
65671,4.42883,49.86578,2
65672,4.42883,49.86578,2
65673,4.42883,49.86578,2
65674,4.42883,49.86578,2
65675,4.42883,49.86578,2
65676,4.42883,49.86578,2
65677,4.42883,49.86578,2
65678,4.42883,49.86578,2
65679,4.42883,49.86578,2
65680,4.42883,49.86578,2
65681,4.42883,49.86578,2
65682,4.42883,49.86578,2
65683,4.42883,49.86578,2
65684,4.42883,49.86578,2
65685,4.42883,49.86578,2
65686,4.42883,49.86578,2
65687,4.43492,49.86559,2
65688,4.42883,49.86578,2
65689,4.42883,49.86578,2
65690,4.42883,49.86578,2
65691,4.42883,49.86578,2
65692,4.42883,49.86578,2
65693,4.42883,49.86578,2
65694,4.42894,49.86563,2
65695,4.42902,49.86522,2
65696,4.42883,49.86526,2
65697,4.42662,49.86793,2
65698,4.42917,49.88145,2
65699,4.42883,49.86578,2
65700,4.42662,49.86793,2
65701,4.42934,49.86511,2
65702,4.42934,49.86511,2
65703,4.43066,49.8651,2
65704,4.43108,49.86493,2
65705,4.42898,49.86543,2
65706,4.43093,49.86516,2
65707,4.42812,49.86787,2
65708,4.42877,49.86557,2
65709,4.42883,49.86578,2
65710,4.42883,49.86578,2
65711,4.42883,49.86578,2
65712,4.42883,49.86578,2
65713,4.4294,49.86617,2
65714,4.42938,49.86636,2
65715,4.42938,49.8665,2
65716,4.42939,49.86629,2
65717,4.42958,49.86623,2
65718,4.42934,49.86511,2
65719,4.42911,49.86728,2
65720,4.4294,49.88178,2
65721,4.42913,49.86815,2
65722,4.42913,49.87119,2
65723,4.435945,49.864139,2
65724,4.43151,49.86308,2
65725,4.43151,49.86308,2
65726,4.43151,49.86308,2
65727,4.43151,49.86308,2
65728,4.43151,49.86308,2
65729,4.42917,49.88145,2
65730,4.43151,49.86308,2
65731,4.43151,49.86308,2
65732,4.43151,49.86308,2
65733,4.43151,49.86308,2
65734,4.43151,49.86308,2
65735,4.43151,49.86308,2
65736,4.43355,49.86616,2
65737,4.43151,49.86308,2
65738,4.43151,49.86308,2
65739,4.43151,49.86308,2
65740,4.4293,49.86722,2
65741,4.43142,49.8669,2
65742,4.4293,49.86722,2
65743,4.42913,49.86737,2
65744,4.42939,49.86679,2
65745,4.42938,49.86643,2
65746,4.4289,49.86747,2
65747,4.42913,49.86749,2
65748,4.42855,49.86744,2
65749,4.42913,49.86749,2
65750,4.429185,49.867668,2
65751,4.42932,49.86751,2
65752,4.42823,49.86811,2
65753,4.42934,49.86752,2
65754,4.42951,49.86739,2
65755,4.42931,49.86763,2
65756,4.42883,49.86578,2
65757,4.42997,49.86759,2
65758,4.43142,49.8669,2
65759,4.42965,49.8675,2
65760,4.42965,49.8675,2
65761,4.43142,49.8669,2
65762,4.43652,49.87239,2
65763,4.43652,49.87239,2
65764,4.43055,49.86587,2
65765,4.43055,49.86587,2
65766,4.43031,49.86739,2
65767,4.43053,49.86732,2
65768,4.43312,49.86633,2
65769,4.43018,49.8673,2
65770,4.43029,49.86727,2
65771,4.42917,49.88145,2
65772,4.43083,49.86708,2
65773,4.43332,49.8674,2
65774,4.4337,49.86783,2
65775,4.4304,49.86723,2
65776,4.4305,49.8672,2
65777,4.43201,49.86675,2
65778,4.43292,49.86627,2
65779,4.4324,49.8666,2
65780,4.43268,49.86648,2
65781,4.43192,49.86665,2
65782,4.42883,49.86578,2
65783,4.43461,49.86563,2
65784,4.43468,49.86561,2
65785,4.42883,49.86578,2
65786,4.43472,49.8656,2
65787,4.43476,49.86558,2
65788,4.43479,49.86557,2
65789,4.43483,49.86555,2
65790,4.43487,49.86554,2
65791,4.43491,49.86552,2
65792,4.43467,49.86574,2
65793,4.43499,49.86549,2
65794,4.43137,49.86686,2
65795,4.43106,49.86825,2
65796,4.42913,49.87119,2
65797,4.43143,49.86846,2
65798,4.43068,49.86805,2
65799,4.42998,49.86781,2
65800,4.43492,49.86559,2
65801,4.42994,49.86781,2
65802,4.43112,49.86821,2
65803,4.428435,49.873762,2
65804,4.42917,49.88145,2
65805,4.42662,49.86793,2
65806,4.429002,49.872342,2
65807,4.43151,49.86308,2
65808,4.42917,49.88145,2
65809,4.42861,49.87027,2
65810,4.431098,49.87059,2
65811,4.429915,49.87123,2
65812,4.42977,49.86738,2
65813,4.43492,49.86559,2
65814,4.434,49.86585,2
65815,4.43492,49.86559,2
65816,4.42806,49.86808,2
65817,4.42917,49.86699,2
65818,4.43151,49.86308,2
65819,4.81639,50.12527,2
65820,4.81359,50.12022,2
65821,4.81372,50.11992,2
65822,4.81386,50.11962,2
65823,4.81407,50.11934,2
65824,4.81458,50.1188,2
65825,4.81432,50.11907,2
65826,4.81482,50.11853,2
65827,4.81507,50.11826,2
65828,4.81531,50.11799,2
65829,4.81549,50.11802,2
65830,4.81529,50.11824,2
65831,4.81407,50.11956,2
65832,4.81509,50.11847,2
65833,4.81489,50.11869,2
65834,4.81469,50.11891,2
65835,4.81448,50.11913,2
65836,4.81385,50.12006,2
65837,4.81374,50.1203,2
65838,4.81396,50.11981,2
65839,4.81427,50.11934,2
65840,4.81711,50.12496,2
65841,4.81711,50.12496,2
65842,4.81794,50.12458,2
65843,4.81778,50.12427,2
65844,4.8168,50.12326,2
65845,4.81767,50.12404,2
65846,4.81699,50.12302,2
65847,4.81767,50.12404,2
65848,4.8173,50.12315,2
65849,4.81767,50.12404,2
65850,4.81748,50.12343,2
65851,4.81739,50.12355,2
65852,4.81754,50.12374,2
65853,4.81769,50.12392,2
65854,4.81799,50.1243,2
65855,4.81814,50.12448,2
65856,4.81809,50.12482,2
65857,4.81628,50.12583,2
65858,4.81625,50.12556,2
65859,4.81621,50.12529,2
65860,4.81617,50.12508,2
65861,4.81609,50.12492,2
65862,4.816,50.12477,2
65863,4.8159,50.12462,2
65864,4.8158,50.12446,2
65865,4.81571,50.12431,2
65866,4.81561,50.12416,2
65867,4.81522,50.12354,2
65868,4.81642,50.12551,2
65869,4.81645,50.12575,2
65870,4.81648,50.12599,2
65871,4.81648,50.12599,2
65872,4.81639,50.1272,2
65873,4.81642,50.12695,2
65874,4.81469,50.11891,2
65875,4.81645,50.12671,2
65876,4.81469,50.11891,2
65877,4.81648,50.12647,2
65878,4.81456,50.12227,2
65879,4.81456,50.12227,2
65880,4.81456,50.12227,2
65881,4.81456,50.12227,2
65882,4.81643,50.12736,2
65883,4.81652,50.12735,2
65884,4.81661,50.12734,2
65885,4.81669,50.12733,2
65886,4.81456,50.12227,2
65887,4.8165,50.12623,2
65888,4.81631,50.12637,2
65889,4.81456,50.12227,2
65890,4.81456,50.12227,2
65891,4.81456,50.12227,2
65892,4.81456,50.12227,2
65893,4.81456,50.12227,2
65894,4.81456,50.12227,2
65895,4.81456,50.12227,2
65896,4.81456,50.12227,2
65897,4.81456,50.12227,2
65898,4.81456,50.12227,2
65899,4.82113,50.13164,2
65900,4.8214,50.13185,2
65901,4.82118,50.13219,2
65902,4.82118,50.13219,2
65903,4.82118,50.13219,2
65904,4.82118,50.13219,2
65905,4.82118,50.13219,2
65906,4.82118,50.13219,2
65907,4.82118,50.13219,2
65908,4.81945,50.11467,2
65909,4.82065,50.13219,2
65910,4.81859,50.13164,2
65911,4.8192,50.1316,2
65912,4.81975,50.13174,2
65913,4.82029,50.13188,2
65914,4.82076,50.13211,2
65915,4.82061,50.13169,2
65916,4.8199,50.13138,2
65917,4.82024,50.13155,2
65918,4.82125,50.13207,2
65919,4.8197,50.1313,2
65920,4.81935,50.13129,2
65921,4.81945,50.13122,2
65922,4.8183,50.13114,2
65923,4.818,50.13112,2
65924,4.81785,50.13112,2
65925,4.8177,50.13111,2
65926,4.81757,50.13106,2
65927,4.81733,50.13094,2
65928,4.81744,50.13085,2
65929,4.81678,50.12732,2
65930,4.8177,50.13098,2
65931,4.81784,50.13101,2
65932,4.81949,50.13108,2
65933,4.818,50.13101,2
65934,4.81832,50.13103,2
65935,4.81846,50.13099,2
65936,4.81859,50.13093,2
65937,4.81845,50.13113,2
65938,4.818,50.13101,2
65939,4.81858,50.13108,2
65940,4.818,50.13101,2
65941,4.8187,50.13102,2
65942,4.81945,50.13122,2
65943,4.8187,50.12667,2
65944,4.81873,50.13088,2
65945,4.81456,50.12227,2
65946,4.81866,50.13085,2
65947,4.81859,50.13082,2
65948,4.81852,50.13079,2
65949,4.81499,50.12199,2
65950,4.81845,50.13075,2
65951,4.81499,50.12199,2
65952,4.81838,50.13072,2
65953,4.81831,50.13069,2
65954,4.81817,50.13063,2
65955,4.81945,50.11467,2
65956,4.8173,50.12726,2
65957,4.8181,50.13059,2
65958,4.81803,50.13056,2
65959,4.81796,50.13053,2
65960,4.81789,50.1305,2
65961,4.820873,50.132282,2
65962,4.81175,50.13183,2
65963,4.81849,50.13258,2
65964,4.81849,50.13258,2
65965,4.81902,50.13266,2
65966,4.81849,50.13258,2
65967,4.81849,50.13258,2
65968,4.81945,50.11467,2
65969,4.81744,50.13242,2
65970,4.81336,50.13199,2
65971,4.81806,50.12687,2
65972,4.81133,50.13174,2
65973,4.81175,50.13183,2
65974,4.81184,50.13181,2
65975,4.80885,50.13131,2
65976,4.80933,50.13142,2
65977,4.81175,50.13183,2
65978,4.81175,50.13183,2
65979,4.81175,50.13183,2
65980,4.81175,50.13183,2
65981,4.80739,50.13097,2
65982,4.81949,50.13108,2
65983,4.81175,50.13183,2
65984,4.81456,50.12227,2
65985,4.81175,50.13183,2
65986,4.81741,50.11661,2
65987,4.81807,50.12468,2
65988,4.81745,50.131,2
65989,4.82061,50.13169,2
65990,4.81456,50.12227,2
65991,4.82018,50.11516,2
65992,4.81499,50.12199,2
65993,4.81967,50.13185,2
65994,4.81764,50.12691,2
65995,4.82024,50.13155,2
65996,4.82024,50.13155,2
65997,4.81695,50.1273,2
65998,4.81575,50.11776,2
65999,4.81759,50.11694,2
66000,4.82113,50.13164,2
66001,4.82118,50.13219,2
66002,4.82118,50.13219,2
66003,4.81489,50.13213,2
66004,4.81175,50.13183,2
66005,4.81175,50.13183,2
66006,4.8202,50.13198,2
66007,4.81806,50.12687,2
66008,4.81806,50.12687,2
66009,4.81609,50.12492,2
66010,4.81609,50.12492,2
66011,4.81806,50.12687,2
66012,4.81824,50.125,2
66013,4.81712,50.12357,2
66014,4.82507,50.11099,2
66015,4.82398,50.11113,2
66016,4.82048,50.11318,2
66017,4.82295,50.11137,2
66018,4.82195,50.11181,2
66019,4.82121,50.1124,2
66020,4.81955,50.11595,2
66021,4.81968,50.11575,2
66022,4.81806,50.12687,2
66023,4.81981,50.11554,2
66024,4.81994,50.11534,2
66025,4.82004,50.11528,2
66026,4.82027,50.11502,2
66027,4.82035,50.11487,2
66028,4.82022,50.1147,2
66029,4.82004,50.11475,2
66030,4.82208,50.11189,2
66031,4.82064,50.11323,2
66032,4.81996,50.11489,2
66033,4.81998,50.1141,2
66034,4.81988,50.11502,2
66035,4.81953,50.1147,2
66036,4.81956,50.11508,2
66037,4.81979,50.11521,2
66038,4.81824,50.13066,2
66039,4.81977,50.1153,2
66040,4.81964,50.1155,2
66041,4.81951,50.1157,2
66042,4.81938,50.1159,2
66043,4.81559,50.1177,2
66044,4.81603,50.11746,2
66045,4.81618,50.11753,2
66046,4.81648,50.11721,2
66047,4.81618,50.11753,2
66048,4.81661,50.1173,2
66049,4.81674,50.11707,2
66050,4.81654,50.11706,2
66051,4.81673,50.11704,2
66052,4.81689,50.11713,2
66053,4.81702,50.11715,2
66054,4.81723,50.11713,2
66055,4.81763,50.12477,2
66056,4.81685,50.11716,2
66057,4.81729,50.11724,2
66058,4.81759,50.11717,2
66059,4.81785,50.11707,2
66060,4.81753,50.11698,2
66061,4.81802,50.11714,2
66062,4.81862,50.11699,2
66063,4.81936,50.11675,2
66064,4.81913,50.11679,2
66065,4.81948,50.11664,2
66066,4.81924,50.11688,2
66067,4.81936,50.11675,2
66068,4.81958,50.11673,2
66069,4.81958,50.11673,2
66070,4.82003,50.11656,2
66071,4.8207,50.1164,2
66072,4.81994,50.11646,2
66073,4.82066,50.11629,2
66074,4.82179,50.11612,2
66075,4.82325,50.11604,2
66076,4.82463,50.11636,2
66077,4.82713,50.11698,2
66078,4.82197,50.11621,2
66079,4.81945,50.11467,2
66080,4.82877,50.11721,2
66081,4.83193,50.11625,2
66082,4.84133,50.11566,2
66083,4.83277,50.11617,2
66084,4.82681,50.1169,2
66085,4.81871,50.11709,2
66086,4.81936,50.11675,2
66087,4.82876,50.11735,2
66088,4.83508,50.11553,2
66089,4.83508,50.11553,2
66090,4.81819,50.11633,2
66091,4.818598,50.116118,2
66092,4.81902,50.11533,2
66093,4.81982,50.11404,2
66094,4.81945,50.11467,2
66095,4.81915,50.11499,2
66096,4.81904,50.11523,2
66097,4.81869,50.11586,2
66098,4.8184,50.11619,2
66099,4.81831,50.11624,2
66100,4.81822,50.11627,2
66101,4.81809,50.11631,2
66102,4.81787,50.11652,2
66103,4.81755,50.11664,2
66104,4.81846,50.11631,2
66105,4.8179,50.11638,2
66106,4.81766,50.11646,2
66107,4.81669,50.12733,2
66108,4.81744,50.11655,2
66109,4.81603,50.11746,2
66110,4.81806,50.12687,2
66111,4.8173,50.11661,2
66112,4.8174,50.11668,2
66113,4.81751,50.11675,2
66114,4.81769,50.11693,2
66115,4.81717,50.11667,2
66116,4.81697,50.11642,2
66117,4.81714,50.11652,2
66118,4.81724,50.11672,2
66119,4.81724,50.11672,2
66120,4.81692,50.11688,2
66121,4.82404,50.11124,2
66122,4.80768,50.12606,2
66123,4.80768,50.12606,2
66124,4.80768,50.12606,2
66125,4.80768,50.12606,2
66126,4.81865,50.11617,2
66127,4.81166,50.12543,2
66128,4.80256,50.12583,2
66129,4.81463,50.12255,2
66130,4.81501,50.12318,2
66131,4.81513,50.12339,2
66132,4.81476,50.12276,2
66133,4.81489,50.12296,2
66134,4.81518,50.12315,2
66135,4.81505,50.12292,2
66136,4.81492,50.12271,2
66137,4.81479,50.12251,2
66138,4.81469,50.12233,2
66139,4.81513,50.12195,2
66140,4.81499,50.12199,2
66141,4.81694,50.12343,2
66142,4.81464,50.12212,2
66143,4.81784,50.12411,2
66144,4.81464,50.12212,2
66145,4.81519,50.12177,2
66146,4.8146,50.12216,2
66147,4.81447,50.12194,2
66148,4.81431,50.12165,2
66149,4.818963,50.132078,2
66150,4.81414,50.12137,2
66151,4.81398,50.12109,2
66152,4.81382,50.12081,2
66153,4.81374,50.12056,2
66154,4.81452,50.12237,2
66155,4.81914,50.13171,2
66156,4.81443,50.1222,2
66157,4.81418,50.12177,2
66158,4.81377,50.12106,2
66159,4.81356,50.12053,2
66160,4.81326,50.12101,2
66161,4.81757,50.13091,2
66162,4.81324,50.12189,2
66163,4.81348,50.12087,2
66164,4.81337,50.12128,2
66165,4.81339,50.12169,2
66166,4.81816,50.13102,2
66167,4.81345,50.12211,2
66168,4.81372,50.12225,2
66169,4.80768,50.12606,2
66170,4.81438,50.12228,2
66171,4.81532,50.12339,2
66172,4.81547,50.12362,2
66173,4.81561,50.12385,2
66174,4.81576,50.12408,2
66175,4.8159,50.12432,2
66176,4.81605,50.12455,2
66177,4.8162,50.12478,2
66178,4.81634,50.12501,2
66179,4.81653,50.12503,2
66180,4.81708,50.1249,2
66181,4.81711,50.12496,2
66182,4.81769,50.12488,2
66183,4.81714,50.12501,2
66184,4.81659,50.12514,2
66185,4.63739,49.94335,2
66186,4.63739,49.9432,2
66187,4.63764,49.94235,2
66188,4.63764,49.94235,2
66189,4.63748,49.943,2
66190,4.63819,49.94126,2
66191,4.63838,49.94143,2
66192,4.63748,49.943,2
66193,4.63745,49.94238,2
66194,4.63745,49.94238,2
66195,4.63745,49.94238,2
66196,4.63745,49.94238,2
66197,4.63745,49.94238,2
66198,4.63745,49.94238,2
66199,4.634,49.94054,2
66200,4.63411,49.94057,2
66201,4.63411,49.94057,2
66202,4.63411,49.94057,2
66203,4.63419,49.94059,2
66204,4.63411,49.94057,2
66205,4.63427,49.94061,2
66206,4.63531,49.94086,2
66207,4.63747,49.94231,2
66208,4.63458,49.94069,2
66209,4.63458,49.94069,2
66210,4.6354,49.94088,2
66211,4.63532,49.94086,2
66212,4.6357,49.94094,2
66213,4.63571,49.94094,2
66214,4.63571,49.94094,2
66215,4.63583,49.94095,2
66216,4.63591,49.94084,2
66217,4.63591,49.94084,2
66218,4.63591,49.94084,2
66219,4.63591,49.94084,2
66220,4.63601,49.94085,2
66221,4.63601,49.94085,2
66222,4.63601,49.94085,2
66223,4.63601,49.94085,2
66224,4.63602,49.94096,2
66225,4.63602,49.94096,2
66226,4.63627,49.94098,2
66227,4.6363,49.94086,2
66228,4.63614,49.94097,2
66229,4.6362,49.94097,2
66230,4.63633,49.94098,2
66231,4.63627,49.94098,2
66232,4.63633,49.94098,2
66233,4.63639,49.94098,2
66234,4.6368,49.94088,2
66235,4.63645,49.94098,2
66236,4.63651,49.94098,2
66237,4.63662,49.94099,2
66238,4.63658,49.94099,2
66239,4.6367,49.94099,2
66240,4.6369,49.94088,2
66241,4.63682,49.94099,2
66242,4.63689,49.941,2
66243,4.63695,49.941,2
66244,4.63701,49.941,2
66245,4.63695,49.941,2
66246,4.63748,49.943,2
66247,4.63748,49.943,2
66248,4.63748,49.943,2
66249,4.63748,49.943,2
66250,4.63748,49.943,2
66251,4.63748,49.943,2
66252,4.63748,49.943,2
66253,4.63748,49.943,2
66254,4.63748,49.943,2
66255,4.63748,49.943,2
66256,4.63748,49.943,2
66257,4.63748,49.943,2
66258,4.63748,49.943,2
66259,4.63748,49.943,2
66260,4.63748,49.943,2
66261,4.63748,49.943,2
66262,4.63748,49.943,2
66263,4.63748,49.943,2
66264,4.63748,49.943,2
66265,4.63748,49.943,2
66266,4.63748,49.943,2
66267,4.63748,49.943,2
66268,4.63748,49.943,2
66269,4.63748,49.943,2
66270,4.63748,49.943,2
66271,4.63702,49.94226,2
66272,4.63748,49.943,2
66273,4.63743,49.94223,2
66274,4.63735,49.94224,2
66275,4.63727,49.94224,2
66276,4.63719,49.94225,2
66277,4.6371,49.94225,2
66278,4.63702,49.94226,2
66279,4.63741,49.94235,2
66280,4.63686,49.94227,2
66281,4.63719,49.94236,2
66282,4.63677,49.94227,2
66283,4.63669,49.94228,2
66284,4.63708,49.94237,2
66285,4.63697,49.94238,2
66286,4.63661,49.94228,2
66287,4.63686,49.94238,2
66288,4.63653,49.94229,2
66289,4.63644,49.94229,2
66290,4.63636,49.9423,2
66291,4.63628,49.9423,2
66292,4.63611,49.94232,2
66293,4.63664,49.9424,2
66294,4.63653,49.9424,2
66295,4.6339,49.94052,2
66296,4.6361,49.94243,2
66297,4.6344,49.94064,2
66298,4.63599,49.94244,2
66299,4.63469,49.94071,2
66300,4.63603,49.94232,2
66301,4.63469,49.94071,2
66302,4.63469,49.94071,2
66303,4.63603,49.94232,2
66304,4.63601,49.94085,2
66305,4.63592,49.94245,2
66306,4.63608,49.94097,2
66307,4.63582,49.94247,2
66308,4.63572,49.94249,2
66309,4.63765,49.94118,2
66310,4.63748,49.943,2
66311,4.63567,49.9425,2
66312,4.63748,49.943,2
66313,4.63562,49.9425,2
66314,4.63542,49.94254,2
66315,4.63748,49.943,2
66316,4.636,49.94232,2
66317,4.63748,49.943,2
66318,4.636,49.94228,2
66319,4.63748,49.943,2
66320,4.636,49.94224,2
66321,4.63748,49.943,2
66322,4.63599,49.94219,2
66323,4.63748,49.943,2
66324,4.63748,49.943,2
66325,4.63599,49.94215,2
66326,4.63621,49.94242,2
66327,4.63598,49.94207,2
66328,4.63621,49.94242,2
66329,4.63597,49.94202,2
66330,4.63747,49.94231,2
66331,4.63583,49.94191,2
66332,4.63774,49.94172,2
66333,4.63576,49.9419,2
66334,4.6357,49.94189,2
66335,4.63563,49.94188,2
66336,4.63862,49.94239,2
66337,4.63933,49.94245,2
66338,4.6355,49.94186,2
66339,4.63965,49.94245,2
66340,4.6355,49.94186,2
66341,4.63789,49.94111,2
66342,4.63789,49.94111,2
66343,4.63543,49.94185,2
66344,4.63537,49.94184,2
66345,4.63798,49.94117,2
66346,4.63739,49.94342,2
66347,4.63783,49.94124,2
66348,4.63792,49.94131,2
66349,4.63757,49.94343,2
66350,4.63814,49.94137,2
66351,4.63739,49.94335,2
66352,4.63807,49.94124,2
66353,4.63739,49.94335,2
66354,4.63832,49.94129,2
66355,4.63774,49.94172,2
66356,4.63757,49.94269,2
66357,4.63774,49.94172,2
66358,4.63757,49.94338,2
66359,4.63757,49.94334,2
66360,4.63757,49.9433,2
66361,4.63757,49.94325,2
66362,4.63739,49.9432,2
66363,4.63739,49.9432,2
66364,4.63739,49.9432,2
66365,4.63739,49.9432,2
66366,4.63757,49.94321,2
66367,4.63739,49.94312,2
66368,4.63675,49.94239,2
66369,4.63757,49.94317,2
66370,4.63757,49.94308,2
66371,4.63757,49.943,2
66372,4.63757,49.943,2
66373,4.63757,49.94295,2
66374,4.63757,49.94287,2
66375,4.63757,49.94287,2
66376,4.63739,49.9429,2
66377,4.63739,49.94283,2
66378,4.63758,49.94265,2
66379,4.63757,49.94269,2
66380,4.63739,49.94275,2
66381,4.63739,49.94268,2
66382,4.63741,49.9426,2
66383,4.63742,49.94253,2
66384,4.63547,49.94369,2
66385,4.63745,49.94238,2
66386,4.6376,49.94257,2
66387,4.63761,49.94248,2
66388,4.63762,49.94244,2
66389,4.63763,49.94239,2
66390,4.63774,49.94172,2
66391,4.63748,49.943,2
66392,4.63748,49.943,2
66393,4.63748,49.943,2
66394,4.63748,49.943,2
66395,4.63748,49.943,2
66396,4.63748,49.943,2
66397,4.63748,49.943,2
66398,4.63748,49.943,2
66399,4.63748,49.943,2
66400,4.63748,49.943,2
66401,4.63748,49.943,2
66402,4.63748,49.943,2
66403,4.63748,49.943,2
66404,4.63748,49.943,2
66405,4.63838,49.94236,2
66406,4.63862,49.94239,2
66407,4.63862,49.94239,2
66408,4.639,49.94245,2
66409,4.63911,49.94245,2
66410,4.63922,49.94245,2
66411,4.63954,49.94245,2
66412,4.63965,49.94245,2
66413,4.63965,49.94245,2
66414,4.63965,49.94245,2
66415,4.63976,49.94245,2
66416,4.63943,49.94233,2
66417,4.63951,49.94233,2
66418,4.63934,49.94233,2
66419,4.63925,49.94233,2
66420,4.63917,49.94233,2
66421,4.63908,49.94233,2
66422,4.63899,49.94233,2
66423,4.63702,49.94226,2
66424,4.63938,49.94239,2
66425,4.63938,49.94239,2
66426,4.63748,49.943,2
66427,4.63748,49.943,2
66428,4.63748,49.943,2
66429,4.63748,49.943,2
66430,4.63748,49.943,2
66431,4.63748,49.943,2
66432,4.63748,49.943,2
66433,4.63775,49.94118,2
66434,4.63789,49.94111,2
66435,4.63789,49.94111,2
66436,4.63789,49.94111,2
66437,4.63798,49.94117,2
66438,4.63792,49.94131,2
66439,4.637925,49.941323,2
66440,4.637925,49.941323,2
66441,4.63814,49.94137,2
66442,4.637925,49.941323,2
66443,4.637925,49.941323,2
66444,4.63807,49.94124,2
66445,4.63798,49.9411,2
66446,4.63807,49.94124,2
66447,4.63807,49.94124,2
66448,4.63838,49.94143,2
66449,4.63748,49.943,2
66450,4.63427,49.94061,2
66451,4.63427,49.94061,2
66452,4.133533,49.425892,2
66453,4.12519,49.42512,2
66454,4.12519,49.42512,2
66455,4.10918,49.42369,2
66456,4.10918,49.42369,2
66457,4.1204,49.4246,2
66458,4.12074,49.42465,2
66459,4.12109,49.42469,2
66460,4.12144,49.42474,2
66461,4.12179,49.42479,2
66462,4.12028,49.4247,2
66463,4.12138,49.42485,2
66464,4.12248,49.42488,2
66465,4.1232,49.42509,2
66466,4.12562,49.42521,2
66467,4.12298,49.42487,2
66468,4.12298,49.42487,2
66469,4.12298,49.42487,2
66470,4.12396,49.42508,2
66471,4.12428,49.42513,2
66472,4.12459,49.42518,2
66473,4.12377,49.42517,2
66474,4.12519,49.42512,2
66475,4.12519,49.42512,2
66476,4.12519,49.42512,2
66477,4.12527,49.42535,2
66478,4.12484,49.42529,2
66479,4.12562,49.42521,2
66480,4.12484,49.42529,2
66481,4.12484,49.42529,2
66482,4.12484,49.42529,2
66483,4.12484,49.42529,2
66484,4.12484,49.42529,2
66485,4.12484,49.42529,2
66486,4.12484,49.42529,2
66487,4.12755,49.4253,2
66488,4.12773,49.42543,2
66489,4.12794,49.42533,2
66490,4.12851,49.42549,2
66491,4.12833,49.42536,2
66492,4.12872,49.42539,2
66493,4.12872,49.42539,2
66494,4.12484,49.42529,2
66495,4.12484,49.42529,2
66496,4.12484,49.42529,2
66497,4.13002,49.42552,2
66498,4.12484,49.42529,2
66499,4.12484,49.42529,2
66500,4.12484,49.42529,2
66501,4.12484,49.42529,2
66502,4.12484,49.42529,2
66503,4.12709,49.42619,2
66504,4.12709,49.42619,2
66505,4.12709,49.42619,2
66506,4.12709,49.42619,2
66507,4.12709,49.42619,2
66508,4.12709,49.42619,2
66509,4.12028,49.4247,2
66510,4.12005,49.42455,2
66511,4.12244,49.425,2
66512,4.12364,49.42503,2
66513,4.12442,49.42528,2
66514,4.12562,49.42521,2
66515,4.12484,49.42529,2
66516,4.1232,49.42509,2
66517,4.10918,49.42369,2
66518,4.133464,49.425893,2
66519,4.71374,49.31503,2
66520,4.71374,49.31503,2
66521,4.71196,49.32391,2
66522,4.718189,49.321368,2
66523,4.70928,49.31251,2
66524,4.707556,49.311736,2
66525,4.70798,49.30888,2
66526,4.70935,49.31173,2
66527,4.70824,49.31108,2
66528,4.71196,49.32391,2
66529,4.70928,49.31528,2
66530,4.70888,49.30962,2
66531,4.70888,49.30962,2
66532,4.70929,49.3155,2
66533,4.70701,49.31113,2
66534,4.70681,49.31262,2
66535,4.70681,49.31262,2
66536,4.70701,49.31113,2
66537,4.70798,49.30888,2
66538,4.70935,49.31173,2
66539,4.70935,49.31173,2
66540,4.71092,49.31139,2
66541,4.71356,49.31535,2
66542,4.70618,49.31267,2
66543,4.71202,49.32467,2
66544,4.71196,49.32391,2
66545,4.71196,49.32391,2
66546,4.70974,49.31667,2
66547,4.71063,49.31852,2
66548,4.71,49.31689,2
66549,4.70998,49.31732,2
66550,4.71023,49.31798,2
66551,4.71049,49.31863,2
66552,4.70974,49.31667,2
66553,4.70949,49.31601,2
66554,4.70969,49.31607,2
66555,4.711856,49.316424,2
66556,4.711856,49.316424,2
66557,4.711856,49.316424,2
66558,4.711856,49.316424,2
66559,4.711856,49.316424,2
66560,4.71458,49.3179,2
66561,4.70911,49.31232,2
66562,4.71129,49.3164,2
66563,4.71382,49.31728,2
66564,4.7124,49.31677,2
66565,4.70901,49.31476,2
66566,4.70893,49.31375,2
66567,4.71186,49.32262,2
66568,4.70909,49.31394,2
66569,4.71244,49.31672,2
66570,4.70918,49.31471,2
66571,4.70914,49.31512,2
66572,4.70929,49.31373,2
66573,4.70939,49.3144,2
66574,4.70928,49.31251,2
66575,4.70912,49.31355,2
66576,4.709185,49.311884,2
66577,4.70915,49.31316,2
66578,4.70909,49.31197,2
66579,4.70951,49.31318,2
66580,4.70971,49.3116,2
66581,4.70928,49.31263,2
66582,4.70953,49.31087,2
66583,4.70898,49.31307,2
66584,4.709667,49.310715,2
66585,4.709,49.31274,2
66586,4.70745,49.30857,2
66587,4.707,49.30838,2
66588,4.70928,49.31251,2
66589,4.7065,49.30753,2
66590,4.70928,49.31251,2
66591,4.709384,49.310235,2
66592,4.709151,49.312037,2
66593,4.70757,49.30836,2
66594,4.70923,49.31214,2
66595,4.71079,49.31184,2
66596,4.70923,49.31224,2
66597,4.7122,49.31282,2
66598,4.71127,49.31271,2
66599,4.70926,49.31203,2
66600,4.71127,49.31271,2
66601,4.7093,49.31188,2
66602,4.713198,49.313333,2
66603,4.71319,49.31347,2
66604,4.70574,49.30678,2
66605,4.71207,49.31215,2
66606,4.71127,49.31271,2
66607,4.70935,49.31173,2
66608,4.708479,49.312671,2
66609,4.709185,49.311884,2
66610,4.70687,49.3125,2
66611,4.70923,49.31154,2
66612,4.70586,49.3126,2
66613,4.70943,49.31159,2
66614,4.70492,49.3129,2
66615,4.7094,49.31157,2
66616,4.70449,49.31287,2
66617,4.70948,49.3114,2
66618,4.70262,49.31336,2
66619,4.70955,49.31123,2
66620,4.70881,49.31202,2
66621,4.70938,49.3112,2
66622,4.70871,49.31201,2
66623,4.70961,49.31072,2
66624,4.719435,49.294865,2
66625,4.70946,49.31103,2
66626,4.70963,49.31106,2
66627,4.71011,49.31102,2
66628,4.70832,49.31102,2
66629,4.71005,49.31113,2
66630,4.70978,49.31076,2
66631,4.70699,49.30831,2
66632,4.707,49.30838,2
66633,4.7065,49.30753,2
66634,4.70573,49.30656,2
66635,4.71046,49.30943,2
66636,4.71,49.31031,2
66637,4.70893,49.30987,2
66638,4.70945,49.3113,2
66639,4.70965,49.31031,2
66640,4.70944,49.31034,2
66641,4.70701,49.31113,2
66642,4.70809,49.3092,2
66643,4.7078,49.30957,2
66644,4.70786,49.30976,2
66645,4.70766,49.30975,2
66646,4.7074,49.31013,2
66647,4.70752,49.30994,2
66648,4.70758,49.31017,2
66649,4.70729,49.31033,2
66650,4.70718,49.31052,2
66651,4.70817,49.30936,2
66652,4.70723,49.31104,2
66653,4.70842,49.3094,2
66654,4.70791,49.30891,2
66655,4.70795,49.30938,2
66656,4.70806,49.30884,2
66657,4.70935,49.31173,2
66658,4.70757,49.30836,2
66659,4.70727,49.30828,2
66660,4.70619,49.30701,2
66661,4.71092,49.31139,2
66662,4.71092,49.31139,2
66663,4.71092,49.31139,2
66664,4.71092,49.31139,2
66665,4.71158,49.31235,2
66666,4.71092,49.31139,2
66667,4.71242,49.31261,2
66668,4.71144,49.31184,2
66669,4.71082,49.3118,2
66670,4.71078,49.31108,2
66671,4.71126,49.31096,2
66672,4.71053,49.31169,2
66673,4.71026,49.31163,2
66674,4.70911,49.31232,2
66675,4.70994,49.31173,2
66676,4.71246,49.313,2
66677,4.71258,49.31304,2
66678,4.70928,49.31528,2
66679,4.71092,49.31139,2
66680,4.71236,49.31285,2
66681,4.70798,49.30888,2
66682,4.71127,49.31271,2
66683,4.71127,49.31271,2
66684,4.71252,49.31289,2
66685,4.71092,49.31139,2
66686,4.7123,49.31296,2
66687,4.71214,49.31293,2
66688,4.7117,49.31273,2
66689,4.71088,49.31261,2
66690,4.71062,49.3122,2
66691,4.71125,49.31278,2
66692,4.7102,49.31253,2
66693,4.70852,49.31263,2
66694,4.708479,49.312671,2
66695,4.7082,49.31263,2
66696,4.70795,49.31262,2
66697,4.7077,49.31261,2
66698,4.707591,49.3125,2
66699,4.70745,49.3126,2
66700,4.70726,49.3126,2
66701,4.70711,49.31261,2
66702,4.70696,49.31261,2
66703,4.70681,49.31262,2
66704,4.70666,49.31262,2
66705,4.7065,49.31263,2
66706,4.70563,49.31275,2
66707,4.70523,49.31263,2
66708,4.70524,49.31282,2
66709,4.70487,49.31279,2
66710,4.70417,49.31307,2
66711,4.70379,49.31316,2
66712,4.70411,49.31296,2
66713,4.70374,49.31305,2
66714,4.70341,49.31325,2
66715,4.70301,49.31331,2
66716,4.70297,49.31319,2
66717,4.70591,49.31266,2
66718,4.70258,49.31325,2
66719,4.70336,49.31314,2
66720,4.70517,49.3124,2
66721,4.70544,49.31227,2
66722,4.70552,49.31229,2
66723,4.70575,49.31215,2
66724,4.70552,49.31229,2
66725,4.7069,49.31141,2
66726,4.70609,49.31196,2
66727,4.70659,49.3117,2
66728,4.70634,49.31204,2
66729,4.70552,49.31229,2
66730,4.70733,49.31059,2
66731,4.70785,49.31151,2
66732,4.70826,49.31153,2
66733,4.70725,49.31158,2
66734,4.70901,49.31203,2
66735,4.70891,49.31202,2
66736,4.70911,49.31203,2
66737,4.71193,49.31223,2
66738,4.70861,49.31201,2
66739,4.70851,49.31201,2
66740,4.70803,49.31198,2
66741,4.70717,49.31198,2
66742,4.71372,49.31541,2
66743,4.71391,49.31472,2
66744,4.71335,49.31565,2
66745,4.71397,49.31496,2
66746,4.71384,49.31518,2
66747,4.71349,49.31547,2
66748,4.71321,49.31583,2
66749,4.70937,49.31387,2
66750,4.71374,49.31503,2
66751,4.71295,49.31641,2
66752,4.71278,49.31636,2
66753,4.71293,49.31618,2
66754,4.71307,49.31601,2
66755,4.71313,49.31619,2
66756,4.71347,49.31575,2
66757,4.71364,49.31553,2
66758,4.7133,49.31597,2
66759,4.719435,49.294865,2
66760,4.70798,49.30888,2
66761,4.70837,49.31226,2
66762,4.10222,49.42194,2
66763,4.10222,49.42194,2
66764,4.106922,49.421973,2
66765,4.106757,49.421966,2
66766,4.106715,49.421958,2
66767,4.09975,49.42394,2
66768,4.10622,49.4236,2
66769,4.09975,49.42394,2
66770,4.09975,49.42394,2
66771,4.09639,49.4234,2
66772,4.0982,49.4234,2
66773,4.09822,49.42326,2
66774,4.0984,49.42333,2
66775,4.09879,49.42321,2
66776,4.09993,49.42279,2
66777,4.10222,49.42194,2
66778,4.106273,49.421928,2
66779,4.09975,49.42394,2
66780,4.09975,49.42394,2
66781,4.09972,49.42401,2
66782,4.101454,49.421568,2
66783,4.107074,49.421979,2
66784,4.106716,49.421967,2
66785,4.10278,49.42306,2
66786,4.10368,49.42389,2
66787,4.10302,49.42394,2
66788,4.10325,49.42393,2
66789,4.10346,49.42391,2
66790,4.09975,49.42394,2
66791,4.09975,49.42394,2
66792,4.1039,49.42388,2
66793,4.09975,49.42394,2
66794,4.09379,49.42329,2
66795,4.09975,49.42394,2
66796,4.09802,49.42324,2
66797,4.09859,49.42327,2
66798,4.09879,49.42321,2
66799,4.099,49.42301,2
66800,4.09898,49.42314,2
66801,4.09918,49.42308,2
66802,4.09939,49.42288,2
66803,4.09989,49.42273,2
66804,4.09957,49.42295,2
66805,4.09981,49.42288,2
66806,4.10071,49.42253,2
66807,4.10011,49.4228,2
66808,4.10059,49.42266,2
66809,4.1004,49.42271,2
66810,4.10091,49.42262,2
66811,4.10118,49.42246,2
66812,4.10106,49.42259,2
66813,4.10122,49.42257,2
66814,4.10138,49.42255,2
66815,4.10178,49.42249,2
66816,4.10207,49.42234,2
66817,4.10243,49.42241,2
66818,4.326725,49.597856,2
66819,4.104826,49.4223,2
66820,4.105351,49.421951,2
66821,4.107033,49.42198,2
66822,4.105351,49.421951,2
66823,4.105351,49.421951,2
66824,4.09889,49.4231,2
66825,4.106936,49.421972,2
66826,4.10622,49.4236,2
66827,4.10742,49.422037,2
66828,4.10742,49.422037,2
66829,4.10287,49.42307,2
66830,4.10287,49.42307,2
66831,4.10287,49.42307,2
66832,4.10287,49.42307,2
66833,4.10287,49.42307,2
66834,4.10525,49.4236,2
66835,4.10376,49.42377,2
66836,4.09975,49.42394,2
66837,4.10055,49.42392,2
66838,4.09899,49.42372,2
66839,4.09975,49.42394,2
66840,4.09975,49.42394,2
66841,4.09975,49.42394,2
66842,4.09975,49.42394,2
66843,4.09975,49.42394,2
66844,4.09975,49.42394,2
66845,4.09975,49.42394,2
66846,4.09975,49.42394,2
66847,4.09975,49.42394,2
66848,4.09975,49.42394,2
66849,4.09975,49.42394,2
66850,4.09975,49.42394,2
66851,4.09975,49.42394,2
66852,4.09975,49.42394,2
66853,4.10144,49.42155,2
66854,4.92472,49.6986,2
66855,4.92472,49.6986,2
66856,4.92472,49.6986,2
66857,4.92472,49.6986,2
66858,4.92472,49.6986,2
66859,4.92472,49.6986,2
66860,4.92472,49.6986,2
66861,4.92472,49.6986,2
66862,4.92472,49.6986,2
66863,4.92472,49.6986,2
66864,4.92472,49.6986,2
66865,4.92472,49.6986,2
66866,4.92472,49.6986,2
66867,4.92472,49.6986,2
66868,4.92472,49.6986,2
66869,4.92363,49.69571,2
66870,4.92202,49.69775,2
66871,4.92363,49.69571,2
66872,4.91975,49.69737,2
66873,4.92472,49.6986,2
66874,4.92259,49.69749,2
66875,4.92726,49.69292,2
66876,4.92259,49.69749,2
66877,4.92811,49.69192,2
66878,4.92259,49.69749,2
66879,4.92821,49.69188,2
66880,4.92259,49.69749,2
66881,4.92302,49.69716,2
66882,4.92302,49.69716,2
66883,4.92684,49.69443,2
66884,4.92344,49.69686,2
66885,4.92386,49.69659,2
66886,4.92455,49.69614,2
66887,4.92398,49.69634,2
66888,4.92467,49.69606,2
66889,4.91841,49.69281,2
66890,4.92479,49.69598,2
66891,4.91841,49.69281,2
66892,4.91841,49.69281,2
66893,4.92423,49.69618,2
66894,4.9249,49.69589,2
66895,4.92428,49.69632,2
66896,4.92502,49.69581,2
66897,4.92514,49.69572,2
66898,4.92727,49.69294,2
66899,4.92727,49.69294,2
66900,4.92684,49.69443,2
66901,4.92526,49.69564,2
66902,4.92538,49.69555,2
66903,4.92549,49.69547,2
66904,4.92561,49.69538,2
66905,4.92573,49.6953,2
66906,4.92585,49.69522,2
66907,4.92597,49.69513,2
66908,4.92608,49.69505,2
66909,4.9262,49.69496,2
66910,4.92634,49.69487,2
66911,4.9265,49.69475,2
66912,4.92667,49.69464,2
66913,4.92683,49.69453,2
66914,4.92699,49.69442,2
66915,4.92715,49.69431,2
66916,4.92731,49.69419,2
66917,4.92748,49.69408,2
66918,4.92762,49.69398,2
66919,4.92774,49.6939,2
66920,4.92786,49.69382,2
66921,4.92797,49.69373,2
66922,4.92813,49.69363,2
66923,4.92834,49.69349,2
66924,4.92854,49.69336,2
66925,4.92874,49.69323,2
66926,4.92897,49.69311,2
66927,4.9201,49.69883,2
66928,4.92919,49.693,2
66929,4.92941,49.69288,2
66930,4.92963,49.69276,2
66931,4.92985,49.69264,2
66932,4.93008,49.69252,2
66933,4.9303,49.6924,2
66934,4.93053,49.69228,2
66935,4.93076,49.69216,2
66936,4.93094,49.69207,2
66937,4.93107,49.692,2
66938,4.9307,49.69205,2
66939,4.93056,49.69212,2
66940,4.93042,49.69219,2
66941,4.93028,49.69227,2
66942,4.92993,49.69245,2
66943,4.92965,49.6926,2
66944,4.92938,49.69275,2
66945,4.9291,49.6929,2
66946,4.91261,49.68797,2
66947,4.92882,49.69304,2
66948,4.92854,49.6932,2
66949,4.92829,49.69336,2
66950,4.92803,49.69353,2
66951,4.92798,49.69354,2
66952,4.92784,49.69336,2
66953,4.9277,49.69319,2
66954,4.92756,49.69301,2
66955,4.92729,49.69272,2
66956,4.92702,49.69247,2
66957,4.91776,49.69499,2
66958,4.92702,49.69247,2
66959,4.91776,49.69499,2
66960,4.91776,49.69499,2
66961,4.92705,49.69244,2
66962,4.91776,49.69499,2
66963,4.91776,49.69499,2
66964,4.92728,49.69233,2
66965,4.91776,49.69499,2
66966,4.91776,49.69499,2
66967,4.92751,49.69221,2
66968,4.91776,49.69499,2
66969,4.91776,49.69499,2
66970,4.92774,49.6921,2
66971,4.91776,49.69499,2
66972,4.91776,49.69499,2
66973,4.91776,49.69499,2
66974,4.91776,49.69499,2
66975,4.91773,49.69495,2
66976,4.91776,49.69499,2
66977,4.91776,49.69499,2
66978,4.92525,49.69885,2
66979,4.91776,49.69499,2
66980,4.91776,49.69499,2
66981,4.91776,49.69499,2
66982,4.91776,49.69499,2
66983,4.91776,49.69499,2
66984,4.91776,49.69499,2
66985,4.91776,49.69499,2
66986,4.91776,49.69499,2
66987,4.92763,49.69201,2
66988,4.9274,49.69212,2
66989,4.92717,49.69223,2
66990,4.92695,49.69235,2
66991,4.91958,49.69606,2
66992,4.92654,49.69207,2
66993,4.91958,49.69606,2
66994,4.9264,49.69195,2
66995,4.91958,49.69606,2
66996,4.92626,49.69184,2
66997,4.92723,49.69276,2
66998,4.91958,49.69606,2
66999,4.9264,49.69214,2
67000,4.91958,49.69606,2
67001,4.92688,49.69254,2
67002,4.91958,49.69606,2
67003,4.92688,49.69254,2
67004,4.92692,49.69258,2
67005,4.91958,49.69606,2
67006,4.92714,49.69279,2
67007,4.91958,49.69606,2
67008,4.92727,49.69294,2
67009,4.91958,49.69606,2
67010,4.92668,49.69339,2
67011,4.91958,49.69606,2
67012,4.92683,49.69331,2
67013,4.92779,49.69356,2
67014,4.91958,49.69606,2
67015,4.92723,49.69276,2
67016,4.92742,49.69309,2
67017,4.91846,49.69511,2
67018,4.92723,49.69276,2
67019,4.92726,49.69292,2
67020,4.91866,49.69555,2
67021,4.92742,49.69309,2
67022,4.91886,49.69599,2
67023,4.92761,49.69333,2
67024,4.92754,49.69386,2
67025,4.91901,49.6963,2
67026,4.92726,49.69406,2
67027,4.92684,49.69443,2
67028,4.91908,49.69648,2
67029,4.92598,49.69486,2
67030,4.92726,49.69406,2
67031,4.92684,49.69443,2
67032,4.92684,49.69443,2
67033,4.91915,49.69665,2
67034,4.92726,49.69406,2
67035,4.92684,49.69443,2
67036,4.92684,49.69443,2
67037,4.92726,49.69406,2
67038,4.92684,49.69443,2
67039,4.92684,49.69443,2
67040,4.92726,49.69406,2
67041,4.92684,49.69443,2
67042,4.92684,49.69443,2
67043,4.92726,49.69406,2
67044,4.92684,49.69443,2
67045,4.92726,49.69406,2
67046,4.92562,49.69457,2
67047,4.91891,49.69727,2
67048,4.92563,49.69463,2
67049,4.92726,49.69292,2
67050,4.92508,49.69415,2
67051,4.92496,49.69404,2
67052,4.92484,49.69394,2
67053,4.92472,49.69383,2
67054,4.9246,49.69373,2
67055,4.92537,49.69456,2
67056,4.92406,49.69583,2
67057,4.92378,49.69565,2
67058,4.92378,49.69565,2
67059,4.9235,49.69546,2
67060,4.92388,49.69513,2
67061,4.92388,49.69513,2
67062,4.92326,49.6953,2
67063,4.92305,49.69516,2
67064,4.92284,49.69501,2
67065,4.92113,49.69398,2
67066,4.92113,49.69398,2
67067,4.92089,49.69387,2
67068,4.92065,49.69377,2
67069,4.92047,49.69368,2
67070,4.92032,49.69361,2
67071,4.92017,49.69353,2
67072,4.92002,49.69346,2
67073,4.91988,49.69339,2
67074,4.91973,49.6933,2
67075,4.91938,49.69307,2
67076,4.92055,49.69386,2
67077,4.91919,49.69293,2
67078,4.92171,49.69439,2
67079,4.9216,49.69419,2
67080,4.92189,49.69453,2
67081,4.92209,49.69466,2
67082,4.92185,49.6948,2
67083,4.92694,49.69428,2
67084,4.92662,49.69451,2
67085,4.92137,49.69478,2
67086,4.92629,49.69473,2
67087,4.92096,49.69471,2
67088,4.92598,49.69495,2
67089,4.92105,49.69477,2
67090,4.92122,49.69465,2
67091,4.92122,49.69453,2
67092,4.91755,49.69561,2
67093,4.92105,49.6944,2
67094,4.92108,49.69466,2
67095,4.92096,49.69466,2
67096,4.9258,49.69979,2
67097,4.92085,49.69466,2
67098,4.9207,49.69466,2
67099,4.92087,49.69477,2
67100,4.92049,49.69478,2
67101,4.92029,49.69479,2
67102,4.92009,49.69479,2
67103,4.92063,49.69466,2
67104,4.92033,49.69467,2
67105,4.92002,49.69468,2
67106,4.91972,49.69469,2
67107,4.91959,49.69472,2
67108,4.91929,49.69474,2
67109,4.91898,49.69476,2
67110,4.919,49.69487,2
67111,4.9193,49.69486,2
67112,4.91961,49.69484,2
67113,4.9199,49.6948,2
67114,4.91966,49.69494,2
67115,4.91966,49.69505,2
67116,4.91984,49.69491,2
67117,4.91984,49.69519,2
67118,4.92,49.69527,2
67119,4.91966,49.69516,2
67120,4.91966,49.69527,2
67121,4.91985,49.69539,2
67122,4.92005,49.69539,2
67123,4.92005,49.69539,2
67124,4.92026,49.69539,2
67125,4.92046,49.69539,2
67126,4.92051,49.69527,2
67127,4.92065,49.69535,2
67128,4.92082,49.69529,2
67129,4.92095,49.69511,2
67130,4.921,49.69522,2
67131,4.92117,49.69516,2
67132,4.92135,49.69509,2
67133,4.92859,49.69165,2
67134,4.92152,49.69502,2
67135,4.9217,49.69496,2
67136,4.92187,49.69489,2
67137,4.92232,49.69482,2
67138,4.92284,49.69518,2
67139,4.9231,49.69536,2
67140,4.9201,49.69883,2
67141,4.92331,49.69551,2
67142,4.92347,49.69561,2
67143,4.9238,49.69582,2
67144,4.92396,49.69592,2
67145,4.92412,49.69603,2
67146,4.92046,49.69386,2
67147,4.92006,49.69406,2
67148,4.91956,49.69415,2
67149,4.91906,49.69423,2
67150,4.91874,49.69417,2
67151,4.91912,49.6941,2
67152,4.9195,49.69404,2
67153,4.91988,49.69397,2
67154,4.91949,49.6941,2
67155,4.92035,49.69377,2
67156,4.92007,49.69394,2
67157,4.91969,49.694,2
67158,4.92258,49.695,2
67159,4.91893,49.69413,2
67160,4.91882,49.69427,2
67161,4.91931,49.69407,2
67162,4.91981,49.6941,2
67163,4.9174,49.69518,2
67164,4.92028,49.69398,2
67165,4.92079,49.69397,2
67166,4.92597,49.69902,2
67167,4.92102,49.69407,2
67168,4.92125,49.69418,2
67169,4.91955,49.69319,2
67170,4.92849,49.69171,2
67171,4.92149,49.69428,2
67172,4.92839,49.69161,2
67173,4.91975,49.69737,2
67174,4.92816,49.69175,2
67175,4.92098,49.69744,2
67176,4.92166,49.69731,2
67177,4.92254,49.69701,2
67178,4.92068,49.69738,2
67179,4.92034,49.69727,2
67180,4.91992,49.69651,2
67181,4.91971,49.69613,2
67182,4.91949,49.69575,2
67183,4.91896,49.69518,2
67184,4.91936,49.69585,2
67185,4.91974,49.69653,2
67186,4.92525,49.69885,2
67187,4.91956,49.69727,2
67188,4.91896,49.69664,2
67189,4.91885,49.69637,2
67190,4.91864,49.69592,2
67191,4.91858,49.69555,2
67192,4.91854,49.69622,2
67193,4.91832,49.69626,2
67194,4.918,49.69616,2
67195,4.91789,49.69602,2
67196,4.91791,49.6958,2
67197,4.91774,49.69559,2
67198,4.91772,49.69572,2
67199,4.91722,49.6952,2
67200,4.91848,49.69705,2
67201,4.91832,49.69701,2
67202,4.91817,49.69697,2
67203,4.92373,49.69651,2
67204,4.91801,49.69693,2
67205,4.91785,49.69689,2
67206,4.91769,49.69684,2
67207,4.91769,49.69684,2
67208,4.91769,49.69684,2
67209,4.91769,49.69684,2
67210,4.91769,49.69684,2
67211,4.91769,49.69684,2
67212,4.91754,49.6968,2
67213,4.91738,49.69676,2
67214,4.91738,49.69676,2
67215,4.92525,49.69885,2
67216,4.91738,49.69676,2
67217,4.91722,49.69672,2
67218,4.91722,49.69672,2
67219,4.91722,49.69672,2
67220,4.91722,49.69672,2
67221,4.91722,49.69672,2
67222,4.91722,49.69672,2
67223,4.9283,49.69182,2
67224,4.91705,49.69669,2
67225,4.9284,49.69176,2
67226,4.91705,49.69669,2
67227,4.91678,49.69662,2
67228,4.91632,49.69663,2
67229,4.92421,49.69847,2
67230,4.9172,49.69684,2
67231,4.92404,49.69842,2
67232,4.91745,49.69691,2
67233,4.92472,49.6986,2
67234,4.9177,49.69697,2
67235,4.92489,49.69864,2
67236,4.91794,49.69703,2
67237,4.91975,49.69737,2
67238,4.91844,49.69716,2
67239,4.92726,49.69406,2
67240,4.91844,49.69716,2
67241,4.91844,49.69716,2
67242,4.91261,49.68797,2
67243,4.91868,49.69723,2
67244,4.91868,49.69723,2
67245,4.92347,49.69561,2
67246,4.92111,49.69766,2
67247,4.91868,49.69723,2
67248,4.91975,49.69737,2
67249,4.91914,49.69732,2
67250,4.92023,49.69752,2
67251,4.92036,49.69753,2
67252,4.91639,49.69652,2
67253,4.92036,49.69753,2
67254,4.92036,49.69753,2
67255,4.92075,49.69767,2
67256,4.9188,49.69713,2
67257,4.91819,49.6971,2
67258,4.91891,49.69727,2
67259,4.92117,49.69801,2
67260,4.91914,49.69732,2
67261,4.92117,49.69801,2
67262,4.91994,49.69747,2
67263,4.92117,49.69801,2
67264,4.92117,49.69801,2
67265,4.92084,49.69827,2
67266,4.92084,49.69827,2
67267,4.92065,49.6984,2
67268,4.92045,49.69853,2
67269,4.91933,49.69929,2
67270,4.91891,49.69955,2
67271,4.91891,49.69955,2
67272,4.91806,49.70005,2
67273,4.91806,49.70005,2
67274,4.9176,49.69991,2
67275,4.91738,49.69963,2
67276,4.91738,49.69963,2
67277,4.91738,49.69963,2
67278,4.91738,49.69963,2
67279,4.91846,49.69939,2
67280,4.91889,49.69915,2
67281,4.91889,49.69915,2
67282,4.91889,49.69915,2
67283,4.92451,49.696,2
67284,4.92451,49.696,2
67285,4.9248,49.69579,2
67286,4.9248,49.69579,2
67287,4.9248,49.69579,2
67288,4.9248,49.69579,2
67289,4.9248,49.69579,2
67290,4.9248,49.69579,2
67291,4.9251,49.69558,2
67292,4.9251,49.69558,2
67293,4.9251,49.69558,2
67294,4.9251,49.69558,2
67295,4.9251,49.69558,2
67296,4.9251,49.69558,2
67297,4.92566,49.69472,2
67298,4.92566,49.69472,2
67299,4.91776,49.69499,2
67300,4.91776,49.69499,2
67301,4.91664,49.69527,2
67302,4.91776,49.69499,2
67303,4.91361,49.69371,2
67304,4.91361,49.69371,2
67305,4.91361,49.69371,2
67306,4.92188,49.69678,2
67307,4.91361,49.69371,2
67308,4.92181,49.69665,2
67309,4.91361,49.69371,2
67310,4.92175,49.69652,2
67311,4.91361,49.69371,2
67312,4.92168,49.69639,2
67313,4.91361,49.69371,2
67314,4.92162,49.69625,2
67315,4.91361,49.69371,2
67316,4.92156,49.69612,2
67317,4.91361,49.69371,2
67318,4.92151,49.69599,2
67319,4.91368,49.69369,2
67320,4.92146,49.69586,2
67321,4.92143,49.69569,2
67322,4.92139,49.69557,2
67323,4.92121,49.69565,2
67324,4.91745,49.69691,2
67325,4.92122,49.69577,2
67326,4.91745,49.69691,2
67327,4.92124,49.69577,2
67328,4.91745,49.69691,2
67329,4.92107,49.69581,2
67330,4.91745,49.69691,2
67331,4.92091,49.69584,2
67332,4.92074,49.69588,2
67333,4.92057,49.69592,2
67334,4.92041,49.69596,2
67335,4.92048,49.69606,2
67336,4.92068,49.69602,2
67337,4.92088,49.69597,2
67338,4.92108,49.69593,2
67339,4.92128,49.69588,2
67340,4.92146,49.6963,2
67341,4.9213,49.69633,2
67342,4.92114,49.69636,2
67343,4.92098,49.6964,2
67344,4.92083,49.69643,2
67345,4.92067,49.69646,2
67346,4.92076,49.69656,2
67347,4.921,49.69651,2
67348,4.92124,49.69647,2
67349,4.92147,49.69642,2
67350,4.92177,49.69682,2
67351,4.92164,49.69684,2
67352,4.92151,49.69687,2
67353,4.92138,49.69689,2
67354,4.92125,49.69692,2
67355,4.92112,49.69694,2
67356,4.92099,49.69697,2
67357,4.92086,49.69699,2
67358,4.9217,49.69683,2
67359,4.92723,49.69276,2
67360,4.92525,49.69885,2
67361,4.92806,49.69177,2
67362,4.92785,49.69174,2
67363,4.92668,49.69339,2
67364,4.9277,49.69186,2
67365,4.92668,49.69339,2
67366,4.92765,49.69199,2
67367,4.92421,49.69847,2
67368,4.92421,49.69847,2
67369,4.92421,49.69847,2
67370,4.92421,49.69847,2
67371,4.92421,49.69847,2
67372,4.92421,49.69847,2
67373,4.92404,49.69842,2
67374,4.92404,49.69842,2
67375,4.92404,49.69842,2
67376,4.92404,49.69842,2
67377,4.92794,49.692,2
67378,4.92404,49.69842,2
67379,4.92805,49.69195,2
67380,4.92404,49.69842,2
67381,4.92472,49.6986,2
67382,4.92472,49.6986,2
67383,4.92472,49.6986,2
67384,4.92472,49.6986,2
67385,4.09794,49.45791,2
67386,4.10265,49.45623,2
67387,4.10265,49.45623,2
67388,4.10624,49.45977,2
67389,4.10856,49.46222,2
67390,4.103846,49.454993,2
67391,4.103941,49.454955,2
67392,4.103941,49.454955,2
67393,4.104837,49.454565,2
67394,4.104995,49.454742,2
67395,4.104347,49.454752,2
67396,4.104995,49.454742,2
67397,4.105109,49.454866,2
67398,4.104995,49.454742,2
67399,4.104937,49.45468,2
67400,4.104837,49.454565,2
67401,4.10496,49.454527,2
67402,4.104347,49.454752,2
67403,4.104937,49.45468,2
67404,4.103371,49.45482,2
67405,4.104837,49.454565,2
67406,4.10395,49.45676,2
67407,4.10856,49.46222,2
67408,4.101909,49.457204,2
67409,4.10866,49.46249,2
67410,4.10466,49.45772,2
67411,4.10466,49.45772,2
67412,4.10453,49.45752,2
67413,4.10856,49.46222,2
67414,4.10481,49.45718,2
67415,4.10624,49.45977,2
67416,4.10304,49.45781,2
67417,4.102404,49.457565,2
67418,4.09794,49.45791,2
67419,4.09848,49.45799,2
67420,4.10185,49.45767,2
67421,4.10284,49.45856,2
67422,4.10301,49.45872,2
67423,4.10337,49.45874,2
67424,4.10875,49.46223,2
67425,4.10368,49.45859,2
67426,4.10909,49.46206,2
67427,4.10342,49.45857,2
67428,4.10912,49.46193,2
67429,4.1089,49.4617,2
67430,4.10876,49.46255,2
67431,4.10874,49.46255,2
67432,4.10867,49.46146,2
67433,4.10845,49.46123,2
67434,4.10823,49.46099,2
67435,4.10801,49.46076,2
67436,4.10779,49.46052,2
67437,4.10757,49.46028,2
67438,4.10873,49.46254,2
67439,4.1083,49.46197,2
67440,4.10802,49.46166,2
67441,4.10775,49.46134,2
67442,4.10624,49.45977,2
67443,4.10747,49.46103,2
67444,4.10871,49.46252,2
67445,4.10869,49.46251,2
67446,4.10719,49.46071,2
67447,4.10866,49.46249,2
67448,4.10692,49.4604,2
67449,4.10664,49.46008,2
67450,4.10609,49.45945,2
67451,4.10861,49.46245,2
67452,4.10581,49.45913,2
67453,4.10554,49.45882,2
67454,4.10857,49.46241,2
67455,4.10526,49.4585,2
67456,4.10499,49.45818,2
67457,4.10471,49.45814,2
67458,4.10624,49.45977,2
67459,4.10479,49.45793,2
67460,4.10459,49.45792,2
67461,4.10453,49.45752,2
67462,4.10475,49.45713,2
67463,4.10481,49.45718,2
67464,4.10481,49.45718,2
67465,4.10481,49.45718,2
67466,4.10481,49.45718,2
67467,4.10674,49.4561,2
67468,4.10624,49.45977,2
67469,4.10624,49.45977,2
67470,4.10624,49.45977,2
67471,4.10624,49.45977,2
67472,4.10624,49.45977,2
67473,4.10624,49.45977,2
67474,4.10624,49.45977,2
67475,4.10624,49.45977,2
67476,4.10624,49.45977,2
67477,4.10624,49.45977,2
67478,4.10624,49.45977,2
67479,4.1044,49.45761,2
67480,4.10308,49.45786,2
67481,4.10339,49.45769,2
67482,4.10339,49.45769,2
67483,4.10356,49.45831,2
67484,4.10308,49.45786,2
67485,4.10272,49.45794,2
67486,4.10239,49.457557,2
67487,4.102058,49.45793,2
67488,4.101796,49.457116,2
67489,4.101811,49.457134,2
67490,4.11928,49.472367,2
67491,4.101343,49.456754,2
67492,4.101343,49.456754,2
67493,4.101112,49.45647,2
67494,4.101112,49.45647,2
67495,4.101134,49.45629,2
67496,4.101152,49.45602,2
67497,4.101152,49.45602,2
67498,4.101187,49.455849,2
67499,4.10134,49.455065,2
67500,4.10184,49.45515,2
67501,4.10265,49.45623,2
67502,4.10239,49.45566,2
67503,4.10276,49.45623,2
67504,4.10212,49.45559,2
67505,4.10313,49.45681,2
67506,4.10212,49.45559,2
67507,4.1035,49.45738,2
67508,4.10306,49.457,2
67509,4.10162,49.45748,2
67510,4.09794,49.45791,2
67511,4.10096,49.45776,2
67512,4.09794,49.45791,2
67513,4.09794,49.45791,2
67514,4.09794,49.45791,2
67515,4.09926,49.4581,2
67516,4.09794,49.45791,2
67517,4.10207,49.45787,2
67518,4.1023,49.45807,2
67519,4.10249,49.45825,2
67520,4.10272,49.45826,2
67521,4.10267,49.45841,2
67522,4.10307,49.45857,2
67523,4.10425,49.45822,2
67524,4.10425,49.45822,2
67525,4.10446,49.45809,2
67526,4.10395,49.45831,2
67527,4.10395,49.45831,2
67528,4.10392,49.45847,2
67529,4.10411,49.45838,2
67530,4.10429,49.45828,2
67531,4.1045,49.45821,2
67532,4.85209,49.75195,2
67533,4.85313,49.75068,2
67534,4.85188,49.75196,2
67535,4.85276,49.75085,2
67536,4.85382,49.74982,2
67537,4.85515,49.74895,2
67538,4.85661,49.74818,2
67539,4.8583,49.7476,2
67540,4.85931,49.74663,2
67541,4.85941,49.74539,2
67542,4.85917,49.74463,2
67543,4.85895,49.74415,2
67544,4.85852,49.74352,2
67545,4.85791,49.74289,2
67546,4.85713,49.74223,2
67547,4.85636,49.74158,2
67548,4.8561,49.74127,2
67549,4.85574,49.7416,2
67550,4.85487,49.74238,2
67551,4.85475,49.7423,2
67552,4.85523,49.74047,2
67553,4.85588,49.74117,2
67554,4.85555,49.74082,2
67555,4.85571,49.74099,2
67556,4.85539,49.74064,2
67557,4.85523,49.74047,2
67558,4.85513,49.73778,2
67559,4.85491,49.74012,2
67560,4.85513,49.73778,2
67561,4.85474,49.73994,2
67562,4.85411,49.73985,2
67563,4.85411,49.73985,2
67564,4.85513,49.73778,2
67565,4.85335,49.73688,2
67566,4.85411,49.73985,2
67567,4.85513,49.73778,2
67568,4.85479,49.7396,2
67569,4.85513,49.73778,2
67570,4.85513,49.73778,2
67571,4.85517,49.73898,2
67572,4.8551,49.73891,2
67573,4.85513,49.73778,2
67574,4.85503,49.73883,2
67575,4.85513,49.73778,2
67576,4.85497,49.73876,2
67577,4.85491,49.73868,2
67578,4.85491,49.73868,2
67579,4.85491,49.73868,2
67580,4.85491,49.73868,2
67581,4.85492,49.73859,2
67582,4.85494,49.73851,2
67583,4.85495,49.73842,2
67584,4.85499,49.73825,2
67585,4.855,49.73816,2
67586,4.85502,49.73807,2
67587,4.85502,49.73807,2
67588,4.85503,49.73799,2
67589,4.85504,49.73781,2
67590,4.85504,49.73772,2
67591,4.85504,49.73772,2
67592,4.85504,49.73747,2
67593,4.85504,49.7374,2
67594,4.85504,49.7374,2
67595,4.85504,49.7374,2
67596,4.85504,49.7374,2
67597,4.85504,49.7374,2
67598,4.85393,49.73721,2
67599,4.85393,49.73721,2
67600,4.85369,49.73712,2
67601,4.85369,49.73712,2
67602,4.85335,49.73688,2
67603,4.85335,49.73688,2
67604,4.85302,49.7368,2
67605,4.85345,49.73704,2
67606,4.8532,49.73697,2
67607,4.85244,49.73677,2
67608,4.85269,49.73684,2
67609,4.85269,49.73684,2
67610,4.85295,49.7369,2
67611,4.8527,49.73671,2
67612,4.85237,49.73663,2
67613,4.85612,49.73711,2
67614,4.85204,49.73654,2
67615,4.85244,49.73677,2
67616,4.85194,49.73664,2
67617,4.852629,49.736672,2
67618,4.85153,49.7366,2
67619,4.85098,49.73652,2
67620,4.85098,49.73658,2
67621,4.85115,49.73647,2
67622,4.85098,49.73647,2
67623,4.8508,49.73647,2
67624,4.85539,49.74052,2
67625,4.85593,49.74122,2
67626,4.85479,49.7396,2
67627,4.85513,49.73778,2
67628,4.85513,49.73778,2
67629,4.85513,49.73778,2
67630,4.85513,49.73778,2
67631,4.85504,49.73763,2
67632,4.85504,49.73763,2
67633,4.85513,49.73778,2
67634,4.85504,49.73763,2
67635,4.85504,49.73763,2
67636,4.85538,49.73899,2
67637,4.85539,49.74052,2
67638,4.85539,49.74181,2
67639,4.85502,49.73807,2
67640,4.85534,49.73919,2
67641,4.85484,49.73982,2
67642,4.84445,49.73267,2
67643,4.85504,49.73755,2
67644,4.85504,49.73755,2
67645,4.85393,49.73721,2
67646,4.85393,49.73721,2
67647,4.85098,49.73652,2
67648,4.85538,49.73899,2
67649,4.85538,49.73899,2
67650,4.8551,49.73858,2
67651,4.8551,49.73858,2
67652,4.85511,49.73869,2
67653,4.8552,49.73879,2
67654,4.85529,49.73889,2
67655,4.85538,49.73899,2
67656,4.85538,49.73899,2
67657,4.85507,49.73948,2
67658,4.8549,49.73972,2
67659,4.8549,49.73972,2
67660,4.8549,49.73972,2
67661,4.8549,49.73972,2
67662,4.85487,49.73977,2
67663,4.85494,49.73967,2
67664,4.85484,49.73982,2
67665,4.85484,49.73982,2
67666,4.85484,49.73982,2
67667,4.85484,49.73982,2
67668,4.85484,49.73982,2
67669,4.85501,49.74,2
67670,4.85514,49.74014,2
67671,4.85522,49.73742,2
67672,4.8554,49.74042,2
67673,4.85522,49.73742,2
67674,4.85553,49.74056,2
67675,4.85522,49.73742,2
67676,4.85565,49.7407,2
67677,4.85578,49.74084,2
67678,4.85565,49.7407,2
67679,4.8564,49.74143,2
67680,4.85698,49.74192,2
67681,4.85757,49.74241,2
67682,4.85861,49.74336,2
67683,4.85891,49.74379,2
67684,4.85917,49.74422,2
67685,4.8579,49.74782,2
67686,4.85539,49.74052,2
67687,4.85612,49.74865,2
67688,4.85442,49.74952,2
67689,4.850977,49.752635,2
67690,4.850496,49.752708,2
67691,4.850496,49.752708,2
67692,4.70953,49.7715,2
67693,4.71624,49.7713,2
67694,4.71517,49.77154,2
67695,4.71617,49.7712,2
67696,4.716,49.77123,2
67697,4.71929,49.77192,2
67698,4.71623,49.77269,2
67699,4.71498,49.77298,2
67700,4.71551,49.77274,2
67701,4.7122,49.77224,2
67702,4.71565,49.77143,2
67703,4.7155,49.77146,2
67704,4.71283,49.77243,2
67705,4.71166,49.77229,2
67706,4.8339,50.09263,2
67707,4.82762,50.08698,2
67708,4.829573,50.089734,2
67709,4.829375,50.089684,2
67710,4.827715,50.087168,2
67711,4.82996,50.0895,2
67712,4.825134,50.084059,2
67713,4.82996,50.0895,2
67714,4.82996,50.0895,2
67715,4.82996,50.0895,2
67716,4.83,50.08953,2
67717,4.42943,49.8684,2
67718,4.42913,49.87119,2
67719,4.42913,49.87119,2
67720,4.42766,49.86893,2
67721,4.43652,49.87239,2
67722,4.42917,49.88145,2
67723,4.42826,49.868,2
67724,4.4298,49.86758,2
67725,4.42828,49.86742,2
67726,4.42883,49.86578,2
67727,4.42835,49.86787,2
67728,4.43652,49.87239,2
67729,4.42861,49.87027,2
67730,4.42978,49.87047,2
67731,4.42978,49.87047,2
67732,4.42913,49.86815,2
67733,4.42835,49.86787,2
67734,4.42835,49.86787,2
67735,4.42835,49.86787,2
67736,4.42835,49.86787,2
67737,4.41261,49.87047,2
67738,4.42813,49.86734,2
67739,4.43492,49.86559,2
67740,4.43652,49.87239,2
67741,4.42982,49.86656,2
67742,4.43151,49.86308,2
67743,4.43038,49.86598,2
67744,4.42737,49.87192,2
67745,4.43142,49.8669,2
67746,4.43529,49.865102,2
67747,4.43142,49.8669,2
67748,4.42766,49.86893,2
67749,4.81945,50.11467,2
67750,4.81806,50.12687,2
67751,4.82118,50.13219,2
67752,4.82118,50.13219,2
67753,4.81456,50.12227,2
67754,4.80768,50.12606,2
67755,4.81945,50.11467,2
67756,4.81698,50.11719,2
67757,4.81945,50.11467,2
67758,4.816259,50.117127,2
67759,4.81698,50.11719,2
67760,4.81936,50.11675,2
67761,4.81936,50.11675,2
67762,4.81846,50.11631,2
67763,4.81787,50.11652,2
67764,4.80768,50.12606,2
67765,4.81936,50.11675,2
67766,4.81456,50.12227,2
67767,4.81767,50.12404,2
67768,4.81767,50.12404,2
67769,4.81456,50.12227,2
67770,4.81175,50.13183,2
67771,4.820487,50.132397,2
67772,4.81966,50.13178,2
67773,4.81945,50.13122,2
67774,4.81175,50.13183,2
67775,4.63674,49.94234,2
67776,4.63748,49.943,2
67777,4.63748,49.943,2
67778,4.63938,49.94239,2
67779,4.637,49.94089,2
67780,4.63748,49.943,2
67781,4.63748,49.943,2
67782,4.63775,49.94118,2
67783,4.63838,49.94143,2
67784,4.63748,49.943,2
67785,4.63748,49.943,2
67786,4.63748,49.943,2
67787,4.10918,49.42369,2
67788,4.12519,49.42512,2
67789,4.12562,49.42521,2
67790,4.12562,49.42521,2
67791,4.12484,49.42529,2
67792,4.132186,49.425966,2
67793,4.12709,49.42619,2
67794,4.71382,49.31553,2
67795,4.71196,49.32391,2
67796,4.70928,49.31528,2
67797,4.711869,49.316424,2
67798,4.71004,49.31595,2
67799,4.71382,49.31553,2
67800,4.70937,49.31387,2
67801,4.709481,49.312642,2
67802,4.70928,49.31251,2
67803,4.71079,49.31184,2
67804,4.70945,49.3113,2
67805,4.71079,49.31184,2
67806,4.71127,49.31271,2
67807,4.70837,49.31226,2
67808,4.707562,49.312455,2
67809,4.70837,49.31226,2
67810,4.70911,49.31232,2
67811,4.70911,49.31232,2
67812,4.71092,49.31139,2
67813,4.70783,49.3125,2
67814,4.711856,49.316424,2
67815,4.709119,49.312541,2
67816,4.70928,49.31251,2
67817,4.70928,49.31528,2
67818,4.70837,49.31226,2
67819,4.09993,49.42279,2
67820,4.10118,49.42246,2
67821,4.09993,49.42279,2
67822,4.09993,49.42279,2
67823,4.10118,49.42246,2
67824,4.10376,49.42377,2
67825,4.92472,49.6986,2
67826,4.92259,49.69749,2
67827,4.92684,49.69443,2
67828,4.92684,49.69443,2
67829,4.92684,49.69443,2
67830,4.91261,49.68797,2
67831,4.91958,49.69606,2
67832,4.92525,49.69885,2
67833,4.94393,49.70238,2
67834,4.92146,49.6963,2
67835,4.91261,49.68797,2
67836,4.91632,49.69663,2
67837,4.916,49.69642,2
67838,4.92629,49.69473,2
67839,4.91261,49.68797,2
67840,4.91891,49.69715,2
67841,4.91632,49.69663,2
67842,4.91945,49.69804,2
67843,4.92126,49.69732,2
67844,4.9201,49.69883,2
67845,4.9177,49.69697,2
67846,4.10267,49.45841,2
67847,4.10395,49.45676,2
67848,4.104751,49.458061,2
67849,4.10481,49.45718,2
67850,4.10312,49.45791,2
67851,4.10312,49.45791,2
67852,4.10395,49.45676,2
67853,4.10265,49.45623,2
67854,4.10265,49.45623,2
67855,4.10249,49.45825,2
67856,4.10425,49.45822,2
67857,4.10308,49.45786,2
67858,4.10395,49.45676,2
67859,4.85625,49.73837,2
67860,4.85612,49.73711,2
67861,4.85539,49.74052,2
67862,4.851832,49.736527,2
67863,4.85098,49.73652,2
67864,4.85098,49.73652,2
67865,4.85513,49.73778,2
67866,4.85523,49.73906,2
67867,4.85522,49.73742,2
67868,4.85962,49.74547,2
67869,4.85591,49.74098,2
67870,4.85539,49.74052,2
67871,4.85295,49.7369,2
67872,4.85098,49.73652,2
67873,4.84038,49.73504,2
