"ID","Longitude","Latitude","ServiceTime (min)"
88530,4.71338,49.78073,2
88531,4.71338,49.78073,2
88532,4.71338,49.78073,2
88533,4.713587,49.780793,2
88534,4.71338,49.78073,2
88535,4.71338,49.78073,2
88536,4.71338,49.78073,2
88537,4.71338,49.78073,2
88538,4.71338,49.78073,2
88539,4.70771,49.7811,2
88540,4.70771,49.7811,2
88541,4.70771,49.7811,2
88542,4.70771,49.7811,2
88543,4.70771,49.7811,2
88544,4.70771,49.7811,2
88545,4.70771,49.7811,2
88546,4.70771,49.7811,2
88547,4.70771,49.7811,2
88548,4.70771,49.7811,2
88549,4.70771,49.7811,2
88550,4.70771,49.7811,2
88551,4.70771,49.7811,2
88552,4.70771,49.7811,2
88553,4.70771,49.7811,2
88554,4.70771,49.7811,2
88555,4.70771,49.7811,2
88556,4.70771,49.7811,2
88557,4.70771,49.7811,2
88558,4.70771,49.7811,2
88559,4.70771,49.7811,2
88560,4.70771,49.7811,2
88561,4.70771,49.7811,2
88562,4.70771,49.7811,2
88563,4.70771,49.7811,2
88564,4.70771,49.7811,2
88565,4.70771,49.7811,2
88566,4.70771,49.7811,2
88567,4.70248,49.7825,2
88568,4.70248,49.7825,2
88569,4.70248,49.7825,2
88570,4.69649,49.78609,2
88571,4.70248,49.7825,2
88572,4.70248,49.7825,2
88573,4.70248,49.7825,2
88574,4.70248,49.7825,2
88575,4.70248,49.7825,2
88576,4.70248,49.7825,2
88577,4.70248,49.7825,2
88578,4.70227,49.78252,2
88579,4.70227,49.78252,2
88580,4.70227,49.78252,2
88581,4.70227,49.78252,2
88582,4.70227,49.78252,2
88583,4.70227,49.78252,2
88584,4.70227,49.78252,2
88585,4.70227,49.78252,2
88586,4.70227,49.78252,2
88587,4.70227,49.78252,2
88588,4.70206,49.78255,2
88589,4.70206,49.78255,2
88590,4.70206,49.78255,2
88591,4.70206,49.78255,2
88592,4.70206,49.78255,2
88593,4.70206,49.78255,2
88594,4.70206,49.78255,2
88595,4.70206,49.78255,2
88596,4.70206,49.78255,2
88597,4.70206,49.78255,2
88598,4.70185,49.78256,2
88599,4.70185,49.78256,2
88600,4.70185,49.78256,2
88601,4.70185,49.78256,2
88602,4.70185,49.78256,2
88603,4.70185,49.78256,2
88604,4.70185,49.78256,2
88605,4.70185,49.78256,2
88606,4.70185,49.78256,2
88607,4.70185,49.78256,2
88608,4.70185,49.78256,2
88609,4.70185,49.78256,2
88610,4.70185,49.78256,2
88611,4.70185,49.78256,2
88612,4.70185,49.78256,2
88613,4.70185,49.78256,2
88614,4.70185,49.78256,2
88615,4.70185,49.78256,2
88616,4.70185,49.78256,2
88617,4.70185,49.78256,2
88618,4.70269,49.78247,2
88619,4.70269,49.78247,2
88620,4.70269,49.78247,2
88621,4.70269,49.78247,2
88622,4.70269,49.78247,2
88623,4.70269,49.78247,2
88624,4.70269,49.78247,2
88625,4.70269,49.78247,2
88626,4.70269,49.78247,2
88627,4.70269,49.78247,2
88628,4.70269,49.78247,2
88629,4.70269,49.78247,2
88630,4.70269,49.78247,2
88631,4.70269,49.78247,2
88632,4.70269,49.78247,2
88633,4.70269,49.78247,2
88634,4.70269,49.78247,2
88635,4.70269,49.78247,2
88636,4.70269,49.78247,2
88637,4.70269,49.78247,2
88638,4.70269,49.78247,2
88639,4.70289,49.78244,2
88640,4.70289,49.78244,2
88641,4.70289,49.78244,2
88642,4.70289,49.78244,2
88643,4.70289,49.78244,2
88644,4.70289,49.78244,2
88645,4.70289,49.78244,2
88646,4.70289,49.78244,2
88647,4.70289,49.78244,2
88648,4.70289,49.78244,2
88649,4.70289,49.78244,2
88650,4.70289,49.78244,2
88651,4.70289,49.78244,2
88652,4.70289,49.78244,2
88653,4.70289,49.78244,2
88654,4.70289,49.78244,2
88655,4.70289,49.78244,2
88656,4.70289,49.78244,2
88657,4.70289,49.78244,2
88658,4.70289,49.78244,2
88659,4.70289,49.78244,2
88660,4.7031,49.78242,2
88661,4.7031,49.78242,2
88662,4.70771,49.7811,2
88663,4.7031,49.78242,2
88664,4.70771,49.7811,2
88665,4.70771,49.7811,2
88666,4.7031,49.78242,2
88667,4.7031,49.78242,2
88668,4.7031,49.78242,2
88669,4.7031,49.78242,2
88670,4.7031,49.78242,2
88671,4.7031,49.78242,2
88672,4.7031,49.78242,2
88673,4.7031,49.78242,2
88674,4.7031,49.78242,2
88675,4.7031,49.78242,2
88676,4.7031,49.78242,2
88677,4.7031,49.78242,2
88678,4.7031,49.78242,2
88679,4.7031,49.78242,2
88680,4.7031,49.78242,2
88681,4.7031,49.78242,2
88682,4.7031,49.78242,2
88683,4.7031,49.78242,2
88684,4.7031,49.78242,2
88685,4.7034,49.7828,2
88686,4.70357,49.78333,2
88687,4.70374,49.7833,2
88688,4.69795,49.78508,2
88689,4.69715,49.78492,2
88690,4.69872,49.78565,2
88691,4.69835,49.78499,2
88692,4.69817,49.78506,2
88693,4.69853,49.78492,2
88694,4.69872,49.78485,2
88695,4.6989,49.78478,2
88696,4.69908,49.78472,2
88697,4.69927,49.78467,2
88698,4.69943,49.78476,2
88699,4.69958,49.78486,2
88700,4.69938,49.7849,2
88701,4.69905,49.78487,2
88702,4.6987,49.785,2
88703,4.69834,49.78513,2
88704,4.69824,49.78513,2
88705,4.69835,49.7852,2
88706,4.69847,49.78527,2
88707,4.6976,49.78545,2
88708,4.69858,49.78534,2
88709,4.6987,49.78541,2
88710,4.69882,49.78548,2
88711,4.69947,49.7854,2
88712,4.69949,49.78526,2
88713,4.69967,49.78525,2
88714,4.69966,49.78534,2
88715,4.69964,49.78544,2
88716,4.69966,49.78547,2
88717,4.69977,49.78554,2
88718,4.69988,49.78561,2
88719,4.69994,49.78569,2
88720,4.69994,49.78579,2
88721,4.69976,49.78579,2
88722,4.69976,49.78569,2
88723,4.69965,49.78562,2
88724,4.69954,49.78555,2
88725,4.6992,49.78558,2
88726,4.6989,49.78565,2
88727,4.6989,49.78583,2
88728,4.69882,49.78603,2
88729,4.69864,49.78618,2
88730,4.69839,49.78628,2
88731,4.69813,49.78637,2
88732,4.69788,49.78647,2
88733,4.69762,49.78656,2
88734,4.6975,49.78673,2
88735,4.6974,49.7869,2
88736,4.6973,49.78708,2
88737,4.69713,49.78706,2
88738,4.69721,49.78691,2
88739,4.69729,49.78676,2
88740,4.69737,49.78662,2
88741,4.69749,49.78648,2
88742,4.6977,49.7864,2
88743,4.69791,49.78632,2
88744,4.69708,49.78584,2
88745,4.69708,49.78584,2
88746,4.69708,49.78584,2
88747,4.69708,49.78584,2
88748,4.69642,49.78628,2
88749,4.69708,49.78584,2
88750,4.69708,49.78584,2
88751,4.69708,49.78584,2
88752,4.69708,49.78584,2
88753,4.69708,49.78584,2
88754,4.69633,49.78603,2
88755,4.69688,49.78582,2
88756,4.69708,49.78584,2
88757,4.69708,49.78584,2
88758,4.70771,49.7811,2
88759,4.69663,49.78601,2
88760,4.69683,49.78596,2
88761,4.69702,49.78591,2
88762,4.69722,49.78586,2
88763,4.6974,49.78579,2
88764,4.69758,49.78571,2
88765,4.69773,49.78562,2
88766,4.69777,49.78549,2
88767,4.69781,49.78535,2
88768,4.69784,49.78522,2
88769,4.69725,49.78512,2
88770,4.69766,49.78524,2
88771,4.69872,49.78583,2
88772,4.69747,49.78563,2
88773,4.69719,49.78574,2
88774,4.69688,49.78582,2
88775,4.69812,49.78625,2
88776,4.69833,49.78617,2
88777,4.69854,49.78609,2
88778,4.69867,49.78596,2
88779,4.69872,49.78565,2
88780,4.7124,49.78146,2
88781,4.7124,49.78146,2
88782,4.7124,49.78146,2
88783,4.7124,49.78146,2
88784,4.7124,49.78146,2
88785,4.7124,49.78146,2
88786,4.7124,49.78146,2
88787,4.7124,49.78146,2
88788,4.7124,49.78146,2
88789,4.7124,49.78146,2
88790,4.7124,49.78146,2
88791,4.71208,49.78114,2
88792,4.71208,49.78114,2
88793,4.71208,49.78114,2
88794,4.71208,49.78114,2
88795,4.71208,49.78114,2
88796,4.71208,49.78114,2
88797,4.71208,49.78114,2
88798,4.71208,49.78114,2
88799,4.71208,49.78114,2
88800,4.71208,49.78114,2
88801,4.71208,49.78114,2
88802,4.71197,49.78081,2
88803,4.7124,49.78146,2
88804,4.71197,49.78081,2
88805,4.71208,49.78114,2
88806,4.71197,49.78081,2
88807,4.71197,49.78081,2
88808,4.71214,49.78068,2
88809,4.71235,49.78069,2
88810,4.71197,49.78081,2
88811,4.71276,49.78071,2
88812,4.71297,49.78072,2
88813,4.71197,49.78081,2
88814,4.71317,49.78073,2
88815,4.71197,49.78081,2
88816,4.71338,49.78073,2
88817,4.71197,49.78081,2
88818,4.70771,49.7811,2
88819,4.70771,49.7811,2
88820,4.71197,49.78081,2
88821,4.70227,49.78252,2
88822,4.70206,49.78255,2
88823,4.71197,49.78081,2
88824,4.70185,49.78256,2
88825,4.71197,49.78081,2
88826,4.70185,49.78256,2
88827,4.70185,49.78256,2
88828,4.71197,49.78081,2
88829,4.70269,49.78247,2
88830,4.70269,49.78247,2
88831,4.71214,49.78068,2
88832,4.70289,49.78244,2
88833,4.70289,49.78244,2
88834,4.71214,49.78068,2
88835,4.7031,49.78242,2
88836,4.71214,49.78068,2
88837,4.7031,49.78242,2
88838,4.71214,49.78068,2
88839,4.71214,49.78068,2
88840,4.71214,49.78068,2
88841,4.71214,49.78068,2
88842,4.71214,49.78068,2
88843,4.71214,49.78068,2
88844,4.71214,49.78068,2
88845,4.71214,49.78068,2
88846,4.71214,49.78068,2
88847,4.71214,49.78068,2
88848,4.71214,49.78068,2
88849,4.71235,49.78069,2
88850,4.71235,49.78069,2
88851,4.71235,49.78069,2
88852,4.712354,49.780844,2
88853,4.71235,49.78069,2
88854,4.71235,49.78069,2
88855,4.71235,49.78069,2
88856,4.712354,49.780844,2
88857,4.71235,49.78069,2
88858,4.71235,49.78069,2
88859,4.71235,49.78069,2
88860,4.71235,49.78069,2
88861,4.71235,49.78069,2
88862,4.71235,49.78069,2
88863,4.71276,49.78071,2
88864,4.71276,49.78071,2
88865,4.71276,49.78071,2
88866,4.71276,49.78071,2
88867,4.71276,49.78071,2
88868,4.71276,49.78071,2
88869,4.71276,49.78071,2
88870,4.71276,49.78071,2
88871,4.71276,49.78071,2
88872,4.71276,49.78071,2
88873,4.71276,49.78071,2
88874,4.71276,49.78071,2
88875,4.70771,49.7811,2
88876,4.71276,49.78071,2
88877,4.71276,49.78071,2
88878,4.71297,49.78072,2
88879,4.71297,49.78072,2
88880,4.71297,49.78072,2
88881,4.71297,49.78072,2
88882,4.71297,49.78072,2
88883,4.71297,49.78072,2
88884,4.71297,49.78072,2
88885,4.71297,49.78072,2
88886,4.71297,49.78072,2
88887,4.71297,49.78072,2
88888,4.71297,49.78072,2
88889,4.71297,49.78072,2
88890,4.71297,49.78072,2
88891,4.71297,49.78072,2
88892,4.71317,49.78073,2
88893,4.71317,49.78073,2
88894,4.71317,49.78073,2
88895,4.71317,49.78073,2
88896,4.71317,49.78073,2
88897,4.71317,49.78073,2
88898,4.71317,49.78073,2
88899,4.71317,49.78073,2
88900,4.71317,49.78073,2
88901,4.71317,49.78073,2
88902,4.71317,49.78073,2
88903,4.71317,49.78073,2
88904,4.71317,49.78073,2
88905,4.71317,49.78073,2
88906,4.71338,49.78073,2
88907,4.71338,49.78073,2
88908,4.71338,49.78073,2
88909,4.71338,49.78073,2
88910,4.71338,49.78073,2
88911,4.71684,49.77833,2
88912,4.72282,49.78578,2
88913,4.71717,49.78277,2
88914,4.71717,49.78277,2
88915,4.71637,49.77855,2
88916,4.71651,49.77848,2
88917,4.71673,49.77838,2
88918,4.71684,49.77833,2
88919,4.71696,49.77828,2
88920,4.71677,49.77685,2
88921,4.71645,49.78125,2
88922,4.71645,49.78125,2
88923,4.71645,49.78125,2
88924,4.71696,49.77828,2
88925,4.71659,49.78262,2
88926,4.71659,49.78262,2
88927,4.7235,49.78615,2
88928,4.72314,49.78617,2
88929,4.72282,49.78578,2
88930,4.72282,49.78578,2
88931,4.722,49.78544,2
88932,4.72282,49.78578,2
88933,4.72358,49.78605,2
88934,4.7232,49.78591,2
88935,4.72282,49.78578,2
88936,4.72282,49.78578,2
88937,4.72282,49.78578,2
88938,4.7231,49.78575,2
88939,4.72259,49.78557,2
88940,4.72211,49.78534,2
88941,4.72259,49.78557,2
88942,4.722,49.78544,2
88943,4.7215,49.7852,2
88944,4.72158,49.7851,2
88945,4.72098,49.7849,2
88946,4.72038,49.78472,2
88947,4.71659,49.78262,2
88948,4.71659,49.78262,2
88949,4.71717,49.78277,2
88950,4.71717,49.78277,2
88951,4.71717,49.78277,2
88952,4.71717,49.78277,2
88953,4.71717,49.78277,2
88954,4.71717,49.78277,2
88955,4.71717,49.78277,2
88956,4.71717,49.78277,2
88957,4.71717,49.78277,2
88958,4.71717,49.78277,2
88959,4.71717,49.78277,2
88960,4.71717,49.78277,2
88961,4.71717,49.78277,2
88962,4.71803,49.78325,2
88963,4.7213,49.78431,2
88964,4.7213,49.78431,2
88965,4.71627,49.77842,2
88966,4.71627,49.77842,2
88967,4.71627,49.77842,2
88968,4.71627,49.77842,2
88969,4.71642,49.77852,2
88970,4.71637,49.77855,2
88971,4.71637,49.77855,2
88972,4.71637,49.77855,2
88973,4.71637,49.77855,2
88974,4.71637,49.77855,2
88975,4.71637,49.77855,2
88976,4.71668,49.77861,2
88977,4.71651,49.77848,2
88978,4.71651,49.77848,2
88979,4.71651,49.77848,2
88980,4.71651,49.77848,2
88981,4.71651,49.77848,2
88982,4.71651,49.77848,2
88983,4.71651,49.77848,2
88984,4.71651,49.77848,2
88985,4.71668,49.77861,2
88986,4.71668,49.77861,2
88987,4.71684,49.77833,2
88988,4.71684,49.77833,2
88989,4.71684,49.77833,2
88990,4.71684,49.77833,2
88991,4.71684,49.77833,2
88992,4.71668,49.77861,2
88993,4.71696,49.77828,2
88994,4.71668,49.77861,2
88995,4.71696,49.77828,2
88996,4.71696,49.77828,2
88997,4.71696,49.77828,2
88998,4.71724,49.77805,2
88999,4.71696,49.77828,2
89000,4.71732,49.77795,2
89001,4.71735,49.77784,2
89002,4.71737,49.77773,2
89003,4.7174,49.77762,2
89004,4.71743,49.77765,2
89005,4.71723,49.77769,2
89006,4.71723,49.77769,2
89007,4.71704,49.77772,2
89008,4.71684,49.77776,2
89009,4.71665,49.7778,2
89010,4.71645,49.77784,2
89011,4.71606,49.77792,2
89012,4.71699,49.77707,2
89013,4.71688,49.77696,2
89014,4.71677,49.77685,2
89015,4.71677,49.77685,2
89016,4.71677,49.77685,2
89017,4.71677,49.77685,2
89018,4.71677,49.77685,2
89019,4.71677,49.77685,2
89020,4.71666,49.77674,2
89021,4.71666,49.77674,2
89022,4.71624,49.77662,2
89023,4.71624,49.77662,2
89024,4.71585,49.7764,2
89025,4.71585,49.7764,2
89026,4.71674,49.77656,2
89027,4.71645,49.78125,2
89028,4.71645,49.78125,2
89029,4.71645,49.78125,2
89030,4.71645,49.78125,2
89031,4.71645,49.78125,2
89032,4.71645,49.78125,2
89033,4.71645,49.78125,2
89034,4.71645,49.78125,2
89035,4.71645,49.78125,2
89036,4.71645,49.78125,2
89037,4.71645,49.78125,2
89038,4.71645,49.78125,2
89039,4.71645,49.78125,2
89040,4.71645,49.78125,2
89041,4.71645,49.78125,2
89042,4.71645,49.78125,2
89043,4.71645,49.78125,2
89044,4.71645,49.78125,2
89045,4.71645,49.78125,2
89046,4.71645,49.78125,2
89047,4.71645,49.78125,2
89048,4.71645,49.78125,2
89049,4.71645,49.78125,2
89050,4.71645,49.78125,2
89051,4.71645,49.78125,2
89052,4.71645,49.78125,2
89053,4.71645,49.78125,2
89054,4.71645,49.78125,2
89055,4.71645,49.78125,2
89056,4.71645,49.78125,2
89057,4.71645,49.78125,2
89058,4.71645,49.78125,2
89059,4.71645,49.78125,2
89060,4.71645,49.78125,2
89061,4.71645,49.78125,2
89062,4.71645,49.78125,2
89063,4.71645,49.78125,2
89064,4.71645,49.78125,2
89065,4.71645,49.78125,2
89066,4.71645,49.78125,2
89067,4.71645,49.78125,2
89068,4.71645,49.78125,2
89069,4.71645,49.78125,2
89070,4.71645,49.78125,2
89071,4.71645,49.78125,2
89072,4.71645,49.78125,2
89073,4.71645,49.78125,2
89074,4.71645,49.78125,2
89075,4.71645,49.78125,2
89076,4.71645,49.78125,2
89077,4.758948,49.669309,2
89078,4.758595,49.668885,2
89079,4.758595,49.668885,2
89080,4.758042,49.668599,2
89081,4.758042,49.668599,2
89082,4.758534,49.668769,2
89083,4.75797,49.66682,2
89084,4.758042,49.668599,2
89085,4.758042,49.668599,2
89086,4.758042,49.668599,2
89087,4.75807,49.668617,2
89088,4.75847,49.66845,2
89089,4.75781,49.66575,2
89090,4.75752,49.66505,2
89091,4.75739,49.6649,2
89092,4.75822,49.6677,2
89093,4.75694,49.66463,2
89094,4.75557,49.66391,2
89095,4.75523,49.66374,2
89096,4.75527,49.6635,2
89097,4.75529,49.66338,2
89098,4.75517,49.66323,2
89099,4.75517,49.66323,2
89100,4.75599,49.66314,2
89101,4.75608,49.66276,2
89102,4.75976,49.66969,2
89103,4.75854,49.66835,2
89104,4.755245,49.663632,2
89105,4.75632,49.66313,2
89106,4.75982,49.66983,2
89107,4.76071,49.67232,2
89108,4.76074,49.67281,2
89109,4.76057,49.67134,2
89110,4.76033,49.67088,2
89111,4.7597,49.66955,2
89112,4.75963,49.66941,2
89113,4.75958,49.66885,2
89114,4.75949,49.66913,2
89115,4.75939,49.67007,2
89116,4.75886,49.6691,2
89117,4.75991,49.67093,2
89118,4.82402,50.13561,2
89119,4.816,50.13384,2
89120,4.8127,50.1335,2
89121,4.8127,50.1335,2
89122,4.8127,50.1335,2
89123,4.8127,50.1335,2
89124,4.8127,50.1335,2
89125,4.8127,50.1335,2
89126,4.8127,50.1335,2
89127,4.8127,50.1335,2
89128,4.8127,50.1335,2
89129,4.8127,50.1335,2
89130,4.8127,50.1335,2
89131,4.8127,50.1335,2
89132,4.8127,50.1335,2
89133,4.82398,50.13566,2
89134,4.8127,50.1335,2
89135,4.81824,50.13398,2
89136,4.81839,50.13401,2
89137,4.81865,50.13409,2
89138,4.81878,50.13413,2
89139,4.81891,50.13417,2
89140,4.81917,50.13424,2
89141,4.81943,50.13432,2
89142,4.81956,50.13436,2
89143,4.81956,50.13436,2
89144,4.8127,50.1335,2
89145,4.8127,50.1335,2
89146,4.8127,50.1335,2
89147,4.8127,50.1335,2
89148,4.8127,50.1335,2
89149,4.8127,50.1335,2
89150,4.8127,50.1335,2
89151,4.82206,50.13505,2
89152,4.82221,50.13507,2
89153,4.82285,50.13517,2
89154,4.82355,50.13541,2
89155,4.82327,50.13532,2
89156,4.82327,50.13532,2
89157,4.82327,50.13532,2
89158,4.82327,50.13532,2
89159,4.82341,50.13543,2
89160,4.82337,50.13545,2
89161,4.82355,50.13541,2
89162,4.82337,50.13545,2
89163,4.820539,50.134866,2
89164,4.8243,50.13557,2
89165,4.82358,50.13549,2
89166,4.82358,50.13549,2
89167,4.82364,50.13573,2
89168,4.82363,50.13578,2
89169,4.82522,50.13636,2
89170,4.82362,50.13584,2
89171,4.82361,50.1359,2
89172,4.82394,50.13566,2
89173,4.82389,50.1357,2
89174,4.82384,50.13574,2
89175,4.82389,50.1357,2
89176,4.82385,50.13566,2
89177,4.82384,50.13574,2
89178,4.82381,50.13579,2
89179,4.8238,50.13584,2
89180,4.8236,50.13596,2
89181,4.82378,50.13594,2
89182,4.82379,50.13599,2
89183,4.8236,50.13601,2
89184,4.8236,50.13601,2
89185,4.82365,50.13606,2
89186,4.82365,50.13606,2
89187,4.82365,50.13606,2
89188,4.82365,50.13606,2
89189,4.82369,50.13611,2
89190,4.82369,50.13611,2
89191,4.82369,50.13611,2
89192,4.82369,50.13611,2
89193,4.82369,50.13611,2
89194,4.82369,50.13611,2
89195,4.82369,50.13611,2
89196,4.82374,50.13616,2
89197,4.82383,50.13604,2
89198,4.82387,50.13608,2
89199,4.82396,50.13617,2
89200,4.824,50.13622,2
89201,4.82444,50.13597,2
89202,4.82379,50.13621,2
89203,4.82379,50.13621,2
89204,4.82379,50.13621,2
89205,4.82383,50.13626,2
89206,4.82388,50.13631,2
89207,4.82393,50.13636,2
89208,4.82404,50.13626,2
89209,4.82409,50.13631,2
89210,4.82394,50.13573,2
89211,4.82398,50.13577,2
89212,4.82402,50.1358,2
89213,4.82402,50.1358,2
89214,4.82402,50.1358,2
89215,4.82402,50.1358,2
89216,4.82398,50.13566,2
89217,4.82402,50.1358,2
89218,4.82407,50.13584,2
89219,4.82407,50.13584,2
89220,4.82411,50.13588,2
89221,4.82411,50.13588,2
89222,4.82411,50.13588,2
89223,4.82442,50.13613,2
89224,4.82455,50.13623,2
89225,4.82455,50.13623,2
89226,4.82411,50.13633,2
89227,4.82421,50.13643,2
89228,4.82406,50.13659,2
89229,4.82388,50.13658,2
89230,4.82388,50.13658,2
89231,4.82388,50.13658,2
89232,4.82394,50.13647,2
89233,4.82394,50.13647,2
89234,4.825,50.13645,2
89235,4.82469,50.13641,2
89236,4.82507,50.13642,2
89237,4.82513,50.13648,2
89238,4.82522,50.13636,2
89239,4.82514,50.13628,2
89240,4.82524,50.13613,2
89241,4.82534,50.13601,2
89242,4.82513,50.13613,2
89243,4.82524,50.13607,2
89244,4.82502,50.13619,2
89245,4.82502,50.13619,2
89246,4.82525,50.13622,2
89247,4.82525,50.13622,2
89248,4.82525,50.13622,2
89249,4.82525,50.13622,2
89250,4.82525,50.13622,2
89251,4.82503,50.13611,2
89252,4.82503,50.13611,2
89253,4.82503,50.13611,2
89254,4.82503,50.13611,2
89255,4.82465,50.13584,2
89256,4.82495,50.13564,2
89257,4.82503,50.13561,2
89258,4.82543,50.13594,2
89259,4.82516,50.136,2
89260,4.82455,50.13565,2
89261,4.82556,50.13601,2
89262,4.82482,50.13576,2
89263,4.82556,50.13601,2
89264,4.82561,50.13605,2
89265,4.82567,50.1361,2
89266,4.82541,50.13607,2
89267,4.82398,50.13566,2
89268,4.82402,50.13561,2
89269,4.82429,50.13569,2
89270,4.82444,50.13597,2
89271,4.82444,50.13597,2
89272,4.82465,50.13584,2
89273,4.8127,50.1335,2
89274,4.8127,50.1335,2
89275,4.8219,50.13503,2
89276,4.82269,50.13514,2
89277,4.82237,50.1351,2
89278,4.82369,50.13551,2
89279,4.82514,50.13628,2
89280,4.82386,50.13541,2
89281,4.82376,50.13556,2
89282,4.82369,50.13611,2
89283,4.82394,50.13573,2
89284,4.82402,50.1358,2
89285,4.82411,50.13588,2
89286,4.82415,50.13591,2
89287,4.8242,50.13595,2
89288,4.82424,50.13599,2
89289,4.82428,50.13602,2
89290,4.82428,50.13602,2
89291,4.82442,50.13613,2
89292,4.82469,50.13641,2
89293,4.82426,50.13629,2
89294,4.82411,50.13633,2
89295,4.82441,50.13638,2
89296,4.82421,50.13643,2
89297,4.82388,50.13658,2
89298,4.82397,50.13641,2
89299,4.82513,50.13648,2
89300,4.82514,50.13628,2
89301,4.82507,50.1362,2
89302,4.82507,50.1362,2
89303,4.82525,50.13622,2
89304,4.825,50.13613,2
89305,4.82503,50.13611,2
89306,4.82444,50.13597,2
89307,4.82482,50.13576,2
89308,4.82503,50.13611,2
89309,4.82015,50.1346,2
89310,4.82015,50.1346,2
89311,4.8127,50.1335,2
89312,4.8127,50.1335,2
89313,4.8127,50.1335,2
89314,4.8127,50.1335,2
89315,4.8127,50.1335,2
89316,4.8127,50.1335,2
89317,4.8127,50.1335,2
89318,4.82465,50.13584,2
89319,4.82465,50.13584,2
89320,4.82465,50.13584,2
89321,4.82465,50.13584,2
89322,4.82465,50.13584,2
89323,4.82465,50.13584,2
89324,4.82465,50.13584,2
89325,4.82465,50.13584,2
89326,4.82465,50.13584,2
89327,4.82285,50.13517,2
89328,4.8265,50.13607,2
89329,4.698571,49.643484,2
89330,4.6992,49.64256,2
89331,4.69924,49.64486,2
89332,4.70197,49.64228,2
89333,4.70171,49.64225,2
89334,4.70197,49.64228,2
89335,4.70171,49.64225,2
89336,4.70171,49.64225,2
89337,4.70171,49.64225,2
89338,4.70197,49.64228,2
89339,4.70171,49.64225,2
89340,4.70171,49.64225,2
89341,4.69894,49.64066,2
89342,4.70171,49.64225,2
89343,4.69894,49.64066,2
89344,4.699369,49.641582,2
89345,4.69894,49.64066,2
89346,4.69894,49.64066,2
89347,4.69894,49.64066,2
89348,4.70171,49.64225,2
89349,4.699369,49.641582,2
89350,4.69963,49.64164,2
89351,4.70197,49.64228,2
89352,4.69924,49.64486,2
89353,4.698848,49.643173,2
89354,4.69924,49.64486,2
89355,4.69924,49.64486,2
89356,4.6992,49.64256,2
89357,4.6992,49.64256,2
89358,4.6992,49.64256,2
89359,4.6992,49.64256,2
89360,4.70171,49.64225,2
89361,4.70171,49.64225,2
89362,4.69963,49.64164,2
89363,4.70171,49.64225,2
89364,4.70197,49.64228,2
89365,4.70197,49.64228,2
89366,4.70197,49.64228,2
89367,4.70171,49.64225,2
89368,4.70171,49.64225,2
89369,4.70171,49.64225,2
89370,4.70171,49.64225,2
89371,4.70171,49.64225,2
89372,4.70197,49.64228,2
89373,4.70171,49.64225,2
89374,4.69924,49.64486,2
89375,4.70197,49.64228,2
89376,4.70197,49.64228,2
89377,4.703942,49.642328,2
89378,4.70197,49.64228,2
89379,4.703043,49.642939,2
89380,4.70171,49.64225,2
89381,4.703449,49.643641,2
89382,4.70171,49.64225,2
89383,4.70171,49.64225,2
89384,4.705146,49.642053,2
89385,4.705159,49.642026,2
89386,4.69894,49.64066,2
89387,4.70171,49.64225,2
89388,4.69924,49.64486,2
89389,4.70171,49.64225,2
89390,4.70171,49.64225,2
89391,4.70171,49.64225,2
89392,4.70171,49.64225,2
89393,4.70171,49.64225,2
89394,4.70937,49.63601,2
89395,4.70937,49.63601,2
89396,4.70197,49.64228,2
89397,4.698678,49.643401,2
89398,4.70171,49.64225,2
89399,4.696304,49.640824,2
89400,4.69894,49.64066,2
89401,4.69894,49.64066,2
89402,4.72909,49.63539,2
89403,4.72498,49.63399,2
89404,4.72524,49.62629,2
89405,4.72778,49.630484,2
89406,4.72744,49.63031,2
89407,4.72623,49.63353,2
89408,4.72524,49.62629,2
89409,4.72524,49.62629,2
89410,4.72498,49.63399,2
89411,4.72498,49.63399,2
89412,4.72498,49.63399,2
89413,4.72498,49.63399,2
89414,4.72498,49.63399,2
89415,4.72516,49.63422,2
89416,4.725839,49.634539,2
89417,4.72904,49.63545,2
89418,4.725839,49.634539,2
89419,4.72783,49.63615,2
89420,4.72783,49.63615,2
89421,4.72783,49.63615,2
89422,4.72783,49.63615,2
89423,4.72783,49.63615,2
89424,4.72783,49.63615,2
89425,4.72783,49.63615,2
89426,4.72783,49.63615,2
89427,4.72783,49.63615,2
89428,4.72783,49.63615,2
89429,4.72783,49.63615,2
89430,4.72783,49.63615,2
89431,4.72783,49.63615,2
89432,4.72783,49.63615,2
89433,4.72783,49.63615,2
89434,4.72783,49.63615,2
89435,4.72783,49.63615,2
89436,4.72783,49.63615,2
89437,4.72783,49.63615,2
89438,4.73028,49.63623,2
89439,4.72783,49.63615,2
89440,4.72783,49.63615,2
89441,4.73006,49.63599,2
89442,4.72783,49.63615,2
89443,4.72909,49.63539,2
89444,4.72952,49.6365,2
89445,4.72922,49.63514,2
89446,4.72861,49.63655,2
89447,4.72889,49.63657,2
89448,4.72917,49.63659,2
89449,4.72945,49.63661,2
89450,4.72973,49.63663,2
89451,4.72909,49.63539,2
89452,4.73016,49.63589,2
89453,4.72993,49.63651,2
89454,4.73011,49.63637,2
89455,4.72914,49.63536,2
89456,4.73022,49.63608,2
89457,4.72909,49.63539,2
89458,4.73028,49.63623,2
89459,4.72922,49.63514,2
89460,4.72922,49.63514,2
89461,4.72922,49.63514,2
89462,4.72922,49.63514,2
89463,4.72909,49.63539,2
89464,4.72999,49.63594,2
89465,4.72991,49.63589,2
89466,4.72976,49.63579,2
89467,4.72909,49.63539,2
89468,4.726037,49.634032,2
89469,4.72615,49.63343,2
89470,4.725316,49.634001,2
89471,4.72909,49.63539,2
89472,4.72524,49.62629,2
89473,4.72524,49.62629,2
89474,4.726037,49.634032,2
89475,4.72524,49.62629,2
89476,4.72524,49.62629,2
89477,4.72524,49.62629,2
89478,4.72524,49.62629,2
89479,4.72524,49.62629,2
89480,4.72524,49.62629,2
89481,4.72672,49.6328,2
89482,4.72717,49.63221,2
89483,4.72524,49.62629,2
89484,4.72524,49.62629,2
89485,4.72524,49.62629,2
89486,4.72524,49.62629,2
89487,4.72524,49.62629,2
89488,4.72498,49.63399,2
89489,4.72524,49.62629,2
89490,4.72783,49.63615,2
89491,4.72524,49.62629,2
89492,4.72909,49.63539,2
89493,4.72524,49.62629,2
89494,4.72909,49.63539,2
89495,4.72909,49.63539,2
89496,4.72909,49.63539,2
89497,4.710492,49.617464,2
89498,4.710504,49.617437,2
89499,4.7066,49.616435,2
89500,4.710428,49.617573,2
89501,4.73938,49.62869,2
89502,4.70963,49.61763,2
89503,4.727514,49.63102,2
89504,4.7275,49.63048,2
89505,4.7275,49.63048,2
89506,4.72744,49.63031,2
89507,4.72739,49.63014,2
89508,4.72763,49.63034,2
89509,4.7277,49.63054,2
89510,4.72799,49.63137,2
89511,4.72783,49.63615,2
89512,4.72739,49.63014,2
89513,4.72672,49.6328,2
89514,4.74159,49.62864,2
89515,4.72909,49.63539,2
89516,4.72606,49.63351,2
89517,4.74159,49.62864,2
89518,4.73011,49.63637,2
89519,4.67943,49.66412,2
89520,4.67961,49.6646,2
89521,4.61793,49.64685,2
89522,4.67913,49.66365,2
89523,4.67913,49.66365,2
89524,4.679766,49.663032,2
89525,4.67887,49.66396,2
89526,4.6801,49.662469,2
89527,4.67943,49.66412,2
89528,4.67887,49.66396,2
89529,4.67887,49.66396,2
89530,4.67887,49.66396,2
89531,4.679014,49.659624,2
89532,4.67943,49.66412,2
89533,4.67887,49.66396,2
89534,4.67771,49.663467,2
89535,4.67783,49.66351,2
89536,4.67887,49.66396,2
89537,4.67913,49.66365,2
89538,4.679543,49.663001,2
89539,4.680089,49.663134,2
89540,4.67913,49.66365,2
89541,4.68008,49.66328,2
89542,4.6806,49.66387,2
89543,4.67943,49.66412,2
89544,4.67887,49.66396,2
89545,4.67887,49.66396,2
89546,4.67887,49.66396,2
89547,4.678482,49.664009,2
89548,4.61793,49.64685,2
89549,4.6787,49.66423,2
89550,4.61793,49.64685,2
89551,4.68008,49.66328,2
89552,4.68008,49.66328,2
89553,4.68008,49.66328,2
89554,4.680338,49.664324,2
89555,4.67887,49.66396,2
89556,4.67887,49.66396,2
89557,4.680572,49.663403,2
89558,4.67956,49.66477,2
89559,4.67887,49.66396,2
89560,4.61793,49.64685,2
89561,4.67887,49.66396,2
89562,4.67887,49.66396,2
89563,4.67887,49.66396,2
89564,4.67943,49.66412,2
89565,4.67887,49.66396,2
89566,4.67887,49.66396,2
89567,4.67887,49.66396,2
89568,4.67887,49.66396,2
89569,4.67956,49.66477,2
89570,4.67913,49.66365,2
89571,4.67956,49.66477,2
89572,4.65807,49.67714,2
89573,4.65945,49.68002,2
89574,4.657561,49.678158,2
89575,4.6576,49.67784,2
89576,4.662072,49.673553,2
89577,4.65802,49.67829,2
89578,4.65867,49.67759,2
89579,4.657652,49.676522,2
89580,4.65867,49.67759,2
89581,4.65815,49.68016,2
89582,4.65867,49.67759,2
89583,4.65867,49.67759,2
89584,4.65867,49.67759,2
89585,4.65945,49.68002,2
89586,4.66115,49.67964,2
89587,4.65945,49.68002,2
89588,4.65945,49.68002,2
89589,4.66053,49.67973,2
89590,4.65945,49.68002,2
89591,4.65889,49.68013,2
89592,4.65976,49.67989,2
89593,4.65945,49.68002,2
89594,4.65802,49.67829,2
89595,4.65802,49.67829,2
89596,4.65802,49.67829,2
89597,4.65802,49.67829,2
89598,4.65802,49.67829,2
89599,4.65802,49.67829,2
89600,4.65802,49.67829,2
89601,4.65794,49.67924,2
89602,4.65794,49.67924,2
89603,4.65794,49.67924,2
89604,4.65794,49.67924,2
89605,4.65794,49.67924,2
89606,4.65794,49.67924,2
89607,4.65802,49.67829,2
89608,4.65786,49.6782,2
89609,4.65771,49.67826,2
89610,4.65776,49.67789,2
89611,4.65758,49.67814,2
89612,4.65741,49.67818,2
89613,4.6582,49.67762,2
89614,4.65794,49.67784,2
89615,4.65816,49.67805,2
89616,4.6582,49.67762,2
89617,4.65807,49.67806,2
89618,4.65807,49.67806,2
89619,4.65807,49.67806,2
89620,4.65807,49.67806,2
89621,4.65798,49.67808,2
89622,4.65802,49.67829,2
89623,4.65835,49.67777,2
89624,4.6582,49.67762,2
89625,4.65794,49.67784,2
89626,4.65755,49.67697,2
89627,4.657595,49.676487,2
89628,4.65807,49.67714,2
89629,4.65807,49.67714,2
89630,4.65867,49.67759,2
89631,4.65798,49.67808,2
89632,4.65812,49.67695,2
89633,4.65838,49.6773,2
89634,4.65867,49.67759,2
89635,4.65867,49.67759,2
89636,4.655269,49.674043,2
89637,4.65815,49.68016,2
89638,4.654924,49.673771,2
89639,4.65873,49.67781,2
89640,4.65918,49.67839,2
89641,4.659,49.67816,2
89642,4.65891,49.67804,2
89643,4.65882,49.67793,2
89644,4.65909,49.67827,2
89645,4.65928,49.67851,2
89646,4.65937,49.67862,2
89647,4.66089,49.6795,2
89648,4.36752,49.4924,2
89649,4.36745,49.49227,2
89650,4.36748,49.49228,2
89651,4.36739,49.49224,2
89652,4.36752,49.49216,2
89653,4.36731,49.49206,2
89654,4.36729,49.4922,2
89655,4.36709,49.49195,2
89656,4.36712,49.49188,2
89657,4.3672,49.49215,2
89658,4.36711,49.49211,2
89659,4.36702,49.49206,2
89660,4.36692,49.49202,2
89661,4.36684,49.49189,2
89662,4.36692,49.49178,2
89663,4.36711,49.49176,2
89664,4.36731,49.49175,2
89665,4.36751,49.49173,2
89666,4.36748,49.49186,2
89667,4.36784,49.49183,2
89668,4.3677,49.49172,2
89669,4.3679,49.4917,2
89670,4.36828,49.49139,2
89671,4.36852,49.49135,2
89672,4.36843,49.49145,2
89673,4.36835,49.49154,2
89674,4.36825,49.49164,2
89675,4.36814,49.49174,2
89676,4.36802,49.49187,2
89677,4.367761,49.492088,2
89678,4.36773,49.4922,2
89679,4.36771,49.49224,2
89680,4.36764,49.49235,2
89681,4.36786,49.49244,2
89682,4.36787,49.4923,2
89683,4.36803,49.49237,2
89684,4.36807,49.49252,2
89685,4.36835,49.49264,2
89686,4.36819,49.49243,2
89687,4.36836,49.49251,2
89688,4.36849,49.49243,2
89689,4.368636,49.492244,2
89690,4.36844,49.4923,2
89691,4.36862,49.49234,2
89692,4.36875,49.49225,2
89693,4.36888,49.49217,2
89694,4.36862,49.49218,2
89695,4.36881,49.49206,2
89696,4.36901,49.49208,2
89697,4.36903,49.49197,2
89698,4.369,49.49185,2
89699,4.36896,49.49173,2
89700,4.36893,49.49162,2
89701,4.36884,49.49192,2
89702,4.36879,49.49175,2
89703,4.36874,49.49159,2
89704,4.36868,49.49143,2
89705,4.36889,49.4915,2
89706,4.36885,49.49138,2
89707,4.36899,49.49144,2
89708,4.36953,49.49154,2
89709,4.36977,49.49146,2
89710,4.36962,49.49143,2
89711,4.36931,49.49137,2
89712,4.36916,49.49135,2
89713,4.369,49.49132,2
89714,4.36885,49.49129,2
89715,4.36864,49.49125,2
89716,4.36779,49.49201,2
89717,4.36754,49.49083,2
89718,4.36754,49.49083,2
89719,4.36686,49.49091,2
89720,4.36487,49.4928,2
89721,4.36326,49.49275,2
89722,4.36283,49.49281,2
89723,4.36377,49.49276,2
89724,4.36333,49.49285,2
89725,4.36249,49.49266,2
89726,4.36238,49.49239,2
89727,4.3629,49.49298,2
89728,4.36244,49.49281,2
89729,4.364382,49.499081,2
89730,4.36224,49.4925,2
89731,4.36226,49.49218,2
89732,4.364382,49.499081,2
89733,4.36356,49.49274,2
89734,4.36248,49.49212,2
89735,4.364396,49.499072,2
89736,4.3625,49.49185,2
89737,4.36231,49.49185,2
89738,4.364396,49.499072,2
89739,4.36225,49.49169,2
89740,4.36188,49.49156,2
89741,4.364396,49.499072,2
89742,4.36187,49.49142,2
89743,4.36206,49.49149,2
89744,4.364396,49.499072,2
89745,4.36224,49.49155,2
89746,4.36242,49.49161,2
89747,4.364396,49.499072,2
89748,4.36259,49.49167,2
89749,4.36273,49.49172,2
89750,4.364396,49.499072,2
89751,4.363,49.49182,2
89752,4.36314,49.49187,2
89753,4.364396,49.499072,2
89754,4.36325,49.49191,2
89755,4.36336,49.49195,2
89756,4.364396,49.499072,2
89757,4.36349,49.492,2
89758,4.36362,49.49204,2
89759,4.364396,49.499072,2
89760,4.36388,49.49197,2
89761,4.36305,49.49197,2
89762,4.364396,49.499072,2
89763,4.36299,49.49206,2
89764,4.36293,49.49215,2
89765,4.364396,49.499072,2
89766,4.36293,49.49224,2
89767,4.36306,49.49229,2
89768,4.364396,49.499072,2
89769,4.36319,49.49234,2
89770,4.36338,49.49234,2
89771,4.364396,49.499072,2
89772,4.36344,49.49231,2
89773,4.3635,49.49228,2
89774,4.363818,49.498426,2
89775,4.36356,49.49224,2
89776,4.36361,49.49221,2
89777,4.363817,49.49839,2
89778,4.36367,49.49218,2
89779,4.36378,49.49214,2
89780,4.363818,49.498417,2
89781,4.36397,49.49207,2
89782,4.36415,49.49201,2
89783,4.365231,49.499265,2
89784,4.36459,49.49206,2
89785,4.36459,49.49206,2
89786,4.365231,49.499265,2
89787,4.365231,49.499265,2
89788,4.365231,49.499265,2
89789,4.365231,49.499265,2
89790,4.365231,49.499265,2
89791,4.365231,49.499265,2
89792,4.365231,49.499265,2
89793,4.365231,49.499265,2
89794,4.365231,49.499256,2
89795,4.365231,49.499256,2
89796,4.365231,49.499265,2
89797,4.365231,49.499265,2
89798,4.365231,49.499265,2
89799,4.365231,49.499265,2
89800,4.365231,49.499265,2
89801,4.365231,49.499265,2
89802,4.365231,49.499265,2
89803,4.36519,49.49635,2
89804,4.36514,49.49614,2
89805,4.36512,49.49605,2
89806,4.36509,49.49593,2
89807,4.36505,49.49575,2
89808,4.36503,49.49569,2
89809,4.36458,49.49628,2
89810,4.36454,49.49613,2
89811,4.36451,49.49599,2
89812,4.36447,49.49584,2
89813,4.36443,49.4957,2
89814,4.3644,49.49555,2
89815,4.36422,49.49557,2
89816,4.36426,49.49572,2
89817,4.36429,49.49586,2
89818,4.36433,49.49601,2
89819,4.36436,49.49615,2
89820,4.3644,49.4963,2
89821,4.36631,49.4939,2
89822,4.36629,49.49375,2
89823,4.36626,49.49361,2
89824,4.36623,49.49347,2
89825,4.36621,49.49333,2
89826,4.36618,49.49319,2
89827,4.36615,49.49305,2
89828,4.36612,49.49291,2
89829,4.36837,49.49612,2
89830,4.36835,49.49601,2
89831,4.36827,49.49603,2
89832,4.36827,49.49594,2
89833,4.36822,49.49562,2
89834,4.36801,49.49545,2
89835,4.36819,49.49553,2
89836,4.36775,49.49548,2
89837,4.36759,49.49547,2
89838,4.36743,49.49545,2
89839,4.3674,49.4953,2
89840,4.36741,49.49562,2
89841,4.36723,49.49588,2
89842,4.36741,49.49588,2
89843,4.36721,49.49511,2
89844,4.36225,49.4963,2
89845,4.36723,49.49562,2
89846,4.36779,49.4957,2
89847,4.36809,49.49594,2
89848,4.36779,49.49611,2
89849,4.36736,49.49621,2
89850,4.36738,49.49492,2
89851,4.36372,49.49712,2
89852,4.36295,49.49642,2
89853,4.36295,49.49642,2
89854,4.36225,49.4963,2
89855,4.36295,49.49642,2
89856,4.36295,49.49642,2
89857,4.36295,49.49642,2
89858,4.36295,49.49642,2
89859,4.36295,49.49642,2
89860,4.36059,49.4963,2
89861,4.36059,49.4963,2
89862,4.36059,49.4963,2
89863,4.36295,49.49636,2
89864,4.36059,49.4963,2
89865,4.36059,49.4963,2
89866,4.36059,49.4963,2
89867,4.36059,49.4963,2
89868,4.36295,49.49636,2
89869,4.36295,49.49636,2
89870,4.36295,49.49636,2
89871,4.36295,49.49636,2
89872,4.36295,49.49636,2
89873,4.36295,49.49636,2
89874,4.36295,49.49636,2
89875,4.36295,49.49636,2
89876,4.36081,49.4963,2
89877,4.36081,49.4963,2
89878,4.36081,49.4963,2
89879,4.36081,49.4963,2
89880,4.36081,49.4963,2
89881,4.36081,49.4963,2
89882,4.36081,49.4963,2
89883,4.36081,49.4963,2
89884,4.36081,49.4963,2
89885,4.36081,49.4963,2
89886,4.36081,49.4963,2
89887,4.36081,49.4963,2
89888,4.36081,49.4963,2
89889,4.36081,49.4963,2
89890,4.36081,49.4963,2
89891,4.36081,49.4963,2
89892,4.36225,49.4963,2
89893,4.36442,49.49791,2
89894,4.36442,49.49791,2
89895,4.36225,49.4963,2
89896,4.36225,49.4963,2
89897,4.36225,49.4963,2
89898,4.36225,49.4963,2
89899,4.36225,49.4963,2
89900,4.36225,49.4963,2
89901,4.36345,49.49642,2
89902,4.36345,49.49642,2
89903,4.36345,49.49642,2
89904,4.36345,49.49642,2
89905,4.36345,49.49642,2
89906,4.36345,49.49642,2
89907,4.36345,49.49642,2
89908,4.36345,49.49642,2
89909,4.36136,49.4963,2
89910,4.36136,49.4963,2
89911,4.36136,49.4963,2
89912,4.36136,49.4963,2
89913,4.36136,49.4963,2
89914,4.36136,49.4963,2
89915,4.36136,49.4963,2
89916,4.36136,49.4963,2
89917,4.36295,49.49636,2
89918,4.36295,49.49636,2
89919,4.36295,49.49636,2
89920,4.36295,49.49636,2
89921,4.36295,49.49636,2
89922,4.36295,49.49636,2
89923,4.36295,49.49636,2
89924,4.36295,49.49636,2
89925,4.36271,49.49497,2
89926,4.36271,49.49497,2
89927,4.36271,49.49497,2
89928,4.36271,49.49497,2
89929,4.36377,49.49276,2
89930,4.36377,49.49276,2
89931,4.36271,49.49497,2
89932,4.36271,49.49497,2
89933,4.36271,49.49497,2
89934,4.36271,49.49497,2
89935,4.36271,49.49497,2
89936,4.36271,49.49497,2
89937,4.36271,49.49497,2
89938,4.36271,49.49497,2
89939,4.36271,49.49497,2
89940,4.36271,49.49497,2
89941,4.36271,49.49497,2
89942,4.36271,49.49497,2
89943,4.36271,49.49497,2
89944,4.36271,49.49497,2
89945,4.36271,49.49497,2
89946,4.36325,49.49591,2
89947,4.36271,49.49497,2
89948,4.36325,49.49591,2
89949,4.36251,49.49493,2
89950,4.36325,49.49591,2
89951,4.36251,49.49493,2
89952,4.36251,49.49493,2
89953,4.36325,49.49591,2
89954,4.36325,49.49591,2
89955,4.36251,49.49493,2
89956,4.36325,49.49591,2
89957,4.36251,49.49493,2
89958,4.36857,49.49107,2
89959,4.36751,49.49078,2
89960,4.36251,49.49493,2
89961,4.36251,49.49493,2
89962,4.36251,49.49493,2
89963,4.36251,49.49493,2
89964,4.36251,49.49493,2
89965,4.36251,49.49493,2
89966,4.36251,49.49493,2
89967,4.36251,49.49493,2
89968,4.36251,49.49493,2
89969,4.36251,49.49493,2
89970,4.36251,49.49493,2
89971,4.36251,49.49493,2
89972,4.36251,49.49493,2
89973,4.36251,49.49493,2
89974,4.36251,49.49493,2
89975,4.36221,49.49522,2
89976,4.36221,49.49522,2
89977,4.36221,49.49522,2
89978,4.36221,49.49522,2
89979,4.36221,49.49522,2
89980,4.36221,49.49522,2
89981,4.36221,49.49522,2
89982,4.36221,49.49522,2
89983,4.36221,49.49522,2
89984,4.36221,49.49522,2
89985,4.36221,49.49522,2
89986,4.36221,49.49522,2
89987,4.36221,49.49522,2
89988,4.36221,49.49522,2
89989,4.36221,49.49522,2
89990,4.366781,49.491026,2
89991,4.36221,49.49522,2
89992,4.36141,49.49548,2
89993,4.36141,49.49548,2
89994,4.36141,49.49548,2
89995,4.36141,49.49548,2
89996,4.36141,49.49548,2
89997,4.36141,49.49548,2
89998,4.36141,49.49548,2
89999,4.36141,49.49548,2
90000,4.36141,49.49548,2
90001,4.36141,49.49548,2
90002,4.36222,49.49518,2
90003,4.36141,49.49548,2
90004,4.36141,49.49548,2
90005,4.366861,49.491321,2
90006,4.36141,49.49548,2
90007,4.36686,49.49091,2
90008,4.36141,49.49548,2
90009,4.36141,49.49548,2
90010,4.36141,49.49548,2
90011,4.36141,49.49548,2
90012,4.36141,49.49548,2
90013,4.36141,49.49548,2
90014,4.36325,49.49591,2
90015,4.36325,49.49591,2
90016,4.36325,49.49591,2
90017,4.36325,49.49591,2
90018,4.36325,49.49591,2
90019,4.36325,49.49591,2
90020,4.363259,49.495803,2
90021,4.36325,49.49591,2
90022,4.36325,49.49591,2
90023,4.36754,49.49083,2
90024,4.36325,49.49591,2
90025,4.36325,49.49591,2
90026,4.36325,49.49591,2
90027,4.36325,49.49591,2
90028,4.36325,49.49591,2
90029,4.36325,49.49591,2
90030,4.36325,49.49591,2
90031,4.36325,49.49591,2
90032,4.36251,49.49493,2
90033,4.36325,49.49591,2
90034,4.36325,49.49591,2
90035,4.36325,49.49591,2
90036,4.36325,49.49591,2
90037,4.36325,49.49591,2
90038,4.36325,49.49591,2
90039,4.36468,49.49549,2
90040,4.36468,49.49549,2
90041,4.36468,49.49549,2
90042,4.36468,49.49549,2
90043,4.36468,49.49549,2
90044,4.36468,49.49549,2
90045,4.36468,49.49549,2
90046,4.36468,49.49549,2
90047,4.36468,49.49549,2
90048,4.36468,49.49549,2
90049,4.36468,49.49549,2
90050,4.36468,49.49549,2
90051,4.36468,49.49549,2
90052,4.36468,49.49549,2
90053,4.36468,49.49549,2
90054,4.36468,49.49549,2
90055,4.36325,49.49591,2
90056,4.36325,49.49591,2
90057,4.36325,49.49591,2
90058,4.36325,49.49591,2
90059,4.36325,49.49591,2
90060,4.36325,49.49591,2
90061,4.36325,49.49591,2
90062,4.36325,49.49591,2
90063,4.36325,49.49591,2
90064,4.36325,49.49591,2
90065,4.36325,49.49591,2
90066,4.36325,49.49591,2
90067,4.36325,49.49591,2
90068,4.36754,49.49083,2
90069,4.36325,49.49591,2
90070,4.36857,49.49107,2
90071,4.36325,49.49591,2
90072,4.36754,49.49083,2
90073,4.36325,49.49591,2
90074,4.36754,49.49083,2
90075,4.364396,49.499072,2
90076,4.36325,49.49591,2
90077,4.366783,49.491071,2
90078,4.36754,49.49083,2
90079,4.365231,49.499265,2
90080,4.36325,49.49591,2
90081,4.36754,49.49083,2
90082,4.36325,49.49591,2
90083,4.36754,49.49083,2
90084,4.36325,49.49591,2
90085,4.36325,49.49591,2
90086,4.36325,49.49591,2
90087,4.36325,49.49591,2
90088,4.36325,49.49591,2
90089,4.36295,49.49642,2
90090,4.36325,49.49591,2
90091,4.36295,49.49642,2
90092,4.36325,49.49591,2
90093,4.36059,49.4963,2
90094,4.36325,49.49591,2
90095,4.36295,49.49636,2
90096,4.36174,49.495,2
90097,4.36081,49.4963,2
90098,4.36166,49.49457,2
90099,4.36225,49.4963,2
90100,4.36148,49.49487,2
90101,4.36345,49.49642,2
90102,4.36136,49.4963,2
90103,4.36153,49.4944,2
90104,4.36295,49.49636,2
90105,4.3612,49.4944,2
90106,4.36271,49.49497,2
90107,4.36271,49.49497,2
90108,4.36119,49.49468,2
90109,4.36251,49.49493,2
90110,4.36221,49.49522,2
90111,4.36154,49.49468,2
90112,4.36141,49.49548,2
90113,4.36044,49.49546,2
90114,4.36156,49.49502,2
90115,4.36325,49.49591,2
90116,4.36154,49.49523,2
90117,4.36325,49.49591,2
90118,4.36136,49.49535,2
90119,4.36468,49.49549,2
90120,4.36118,49.49547,2
90121,4.36104,49.49561,2
90122,4.36089,49.49559,2
90123,4.36055,49.49542,2
90124,4.36081,49.49517,2
90125,4.36072,49.49506,2
90126,4.36055,49.49521,2
90127,4.36039,49.49537,2
90128,4.36038,49.49552,2
90129,4.37147,49.48903,2
90130,4.36063,49.49562,2
90131,4.36088,49.49572,2
90132,4.36078,49.49586,2
90133,4.36051,49.49617,2
90134,4.36043,49.49631,2
90135,4.36035,49.49607,2
90136,4.36,49.49565,2
90137,4.3601,49.49586,2
90138,4.3668,49.49276,2
90139,4.36693,49.49266,2
90140,4.36706,49.49257,2
90141,4.36719,49.49247,2
90142,4.36732,49.49237,2
90143,4.367,49.49279,2
90144,4.36726,49.49259,2
90145,4.92575,49.73512,2
90146,4.92751,49.73657,2
90147,4.92597,49.73575,2
90148,4.92589,49.73574,2
90149,4.92572,49.73468,2
90150,4.92683,49.73681,2
90151,4.92603,49.73596,2
90152,4.92614,49.73616,2
90153,4.92626,49.73636,2
90154,4.92637,49.73656,2
90155,4.92648,49.73677,2
90156,4.92603,49.73765,2
90157,4.92714,49.73768,2
90158,4.92552,49.73731,2
90159,4.92527,49.73725,2
90160,4.92477,49.73714,2
90161,4.92502,49.7372,2
90162,4.92452,49.73708,2
90163,4.92299,49.73706,2
90164,4.93046,49.73857,2
90165,4.92351,49.73686,2
90166,4.92326,49.7368,2
90167,4.92427,49.73703,2
90168,4.92402,49.73697,2
90169,4.92311,49.73666,2
90170,4.92645,49.73807,2
90171,4.92302,49.73664,2
90172,4.92645,49.73807,2
90173,4.92293,49.73663,2
90174,4.92284,49.73662,2
90175,4.92247,49.73658,2
90176,4.92298,49.73664,2
90177,4.92406,49.73686,2
90178,4.92421,49.73689,2
90179,4.92256,49.73659,2
90180,4.92275,49.73661,2
90181,4.92552,49.73748,2
90182,4.92453,49.73696,2
90183,4.92437,49.73693,2
90184,4.92468,49.737,2
90185,4.92515,49.7371,2
90186,4.925,49.73707,2
90187,4.92484,49.73703,2
90188,4.92531,49.73714,2
90189,4.92563,49.73721,2
90190,4.91452,49.73608,2
90191,4.91452,49.73608,2
90192,4.91452,49.73608,2
90193,4.91452,49.73608,2
90194,4.91577,49.73597,2
90195,4.91452,49.73608,2
90196,4.91452,49.73608,2
90197,4.91452,49.73608,2
90198,4.91452,49.73608,2
90199,4.91452,49.73608,2
90200,4.91452,49.73608,2
90201,4.91452,49.73608,2
90202,4.91452,49.73608,2
90203,4.91452,49.73608,2
90204,4.91452,49.73608,2
90205,4.91452,49.73608,2
90206,4.91452,49.73608,2
90207,4.91452,49.73608,2
90208,4.91452,49.73608,2
90209,4.91452,49.73608,2
90210,4.91452,49.73608,2
90211,4.91452,49.73608,2
90212,4.92788,49.73482,2
90213,4.92788,49.73482,2
90214,4.92265,49.7366,2
90215,4.92382,49.73759,2
90216,4.92905,49.73893,2
90217,4.92382,49.73759,2
90218,4.92382,49.73759,2
90219,4.920633,49.736823,2
90220,4.91931,49.73649,2
90221,4.91999,49.73667,2
90222,4.92382,49.73759,2
90223,4.92382,49.73759,2
90224,4.91999,49.73667,2
90225,4.92675,49.74026,2
90226,4.92067,49.73685,2
90227,4.92153,49.73697,2
90228,4.92382,49.73759,2
90229,4.92382,49.73759,2
90230,4.92382,49.73759,2
90231,4.92382,49.73759,2
90232,4.92382,49.73759,2
90233,4.92382,49.73759,2
90234,4.92382,49.73759,2
90235,4.92382,49.73759,2
90236,4.92153,49.73697,2
90237,4.92153,49.73697,2
90238,4.92241,49.73724,2
90239,4.92241,49.73724,2
90240,4.9229,49.73737,2
90241,4.9229,49.73737,2
90242,4.92301,49.73739,2
90243,4.92313,49.73741,2
90244,4.92286,49.73749,2
90245,4.923,49.73751,2
90246,4.92324,49.73743,2
90247,4.92324,49.73743,2
90248,4.92335,49.73745,2
90249,4.92347,49.73747,2
90250,4.92369,49.73751,2
90251,4.92358,49.73749,2
90252,4.9238,49.73753,2
90253,4.92403,49.73757,2
90254,4.92901,49.73767,2
90255,4.92403,49.73757,2
90256,4.92414,49.7376,2
90257,4.92314,49.73754,2
90258,4.92314,49.73754,2
90259,4.92327,49.73756,2
90260,4.92327,49.73756,2
90261,4.92327,49.73756,2
90262,4.92354,49.73761,2
90263,4.92341,49.73758,2
90264,4.9265,49.73796,2
90265,4.92368,49.73763,2
90266,4.92381,49.73766,2
90267,4.92381,49.73766,2
90268,4.92381,49.73766,2
90269,4.92395,49.73768,2
90270,4.92408,49.73771,2
90271,4.92422,49.73773,2
90272,4.93046,49.73869,2
90273,4.92436,49.73775,2
90274,4.92449,49.73778,2
90275,4.92463,49.7378,2
90276,4.92476,49.73783,2
90277,4.92476,49.73783,2
90278,4.92426,49.73762,2
90279,4.92437,49.73764,2
90280,4.92382,49.73759,2
90281,4.92437,49.73764,2
90282,4.92448,49.73766,2
90283,4.9246,49.73768,2
90284,4.9246,49.73768,2
90285,4.92482,49.73772,2
90286,4.9249,49.73773,2
90287,4.92496,49.73774,2
90288,4.92496,49.73774,2
90289,4.92517,49.73777,2
90290,4.92526,49.73778,2
90291,4.92526,49.73778,2
90292,4.92538,49.7378,2
90293,4.92538,49.7378,2
90294,4.92585,49.73799,2
90295,4.92585,49.73799,2
90296,4.92585,49.73799,2
90297,4.92585,49.73799,2
90298,4.92585,49.73799,2
90299,4.926,49.73806,2
90300,4.92604,49.73806,2
90301,4.92604,49.73806,2
90302,4.9262,49.73799,2
90303,4.9262,49.73799,2
90304,4.92624,49.73768,2
90305,4.92845,49.7382,2
90306,4.92905,49.73829,2
90307,4.92634,49.73769,2
90308,4.92905,49.73829,2
90309,4.9262,49.73799,2
90310,4.92572,49.73801,2
90311,4.92645,49.73807,2
90312,4.92671,49.73808,2
90313,4.9265,49.73796,2
90314,4.92662,49.73796,2
90315,4.92674,49.73797,2
90316,4.92697,49.7381,2
90317,4.92685,49.73798,2
90318,4.92697,49.73798,2
90319,4.92708,49.73799,2
90320,4.9272,49.73799,2
90321,4.92731,49.738,2
90322,4.92743,49.738,2
90323,4.92697,49.7381,2
90324,4.92759,49.73813,2
90325,4.9278,49.73815,2
90326,4.92802,49.73817,2
90327,4.92901,49.73767,2
90328,4.92901,49.73767,2
90329,4.92824,49.73818,2
90330,4.92845,49.7382,2
90331,4.92901,49.73767,2
90332,4.92763,49.73802,2
90333,4.92789,49.73804,2
90334,4.92815,49.73806,2
90335,4.92867,49.73822,2
90336,4.92841,49.73808,2
90337,4.92867,49.73811,2
90338,4.92751,49.73657,2
90339,4.92867,49.73811,2
90340,4.92886,49.73825,2
90341,4.92892,49.73767,2
90342,4.92892,49.73767,2
90343,4.92925,49.73821,2
90344,4.92934,49.73823,2
90345,4.92905,49.73829,2
90346,4.92942,49.73825,2
90347,4.92901,49.73767,2
90348,4.93004,49.73856,2
90349,4.92901,49.73767,2
90350,4.93003,49.73843,2
90351,4.93083,49.73877,2
90352,4.93024,49.7385,2
90353,4.93118,49.73899,2
90354,4.92901,49.73767,2
90355,4.93133,49.73911,2
90356,4.9308,49.73891,2
90357,4.92905,49.73893,2
90358,4.92905,49.73893,2
90359,4.92905,49.73893,2
90360,4.93069,49.73906,2
90361,4.92905,49.73893,2
90362,4.92905,49.73893,2
90363,4.92905,49.73893,2
90364,4.92801,49.73877,2
90365,4.92743,49.73812,2
90366,4.93112,49.73924,2
90367,4.93072,49.73919,2
90368,4.93032,49.73914,2
90369,4.92697,49.7381,2
90370,4.92992,49.73908,2
90371,4.92952,49.73904,2
90372,4.92697,49.7381,2
90373,4.92745,49.7381,2
90374,4.92745,49.73818,2
90375,4.92745,49.73826,2
90376,4.92745,49.73834,2
90377,4.92727,49.7384,2
90378,4.92745,49.73842,2
90379,4.92745,49.7385,2
90380,4.91452,49.73608,2
90381,4.92745,49.73858,2
90382,4.92745,49.73866,2
90383,4.92742,49.73874,2
90384,4.92912,49.739,2
90385,4.92872,49.73896,2
90386,4.92589,49.73441,2
90387,4.92831,49.73892,2
90388,4.92935,49.73891,2
90389,4.92791,49.73888,2
90390,4.92791,49.73888,2
90391,4.92751,49.73884,2
90392,4.92722,49.73881,2
90393,4.92704,49.73879,2
90394,4.92687,49.73877,2
90395,4.92674,49.73877,2
90396,4.9266,49.73878,2
90397,4.92468,49.73939,2
90398,4.92648,49.73882,2
90399,4.9265,49.73845,2
90400,4.9265,49.73845,2
90401,4.92354,49.73761,2
90402,4.9265,49.73845,2
90403,4.9265,49.73845,2
90404,4.92669,49.73843,2
90405,4.92628,49.7384,2
90406,4.92632,49.73848,2
90407,4.92654,49.73943,2
90408,4.92649,49.73893,2
90409,4.92655,49.73916,2
90410,4.92665,49.73947,2
90411,4.9267,49.73958,2
90412,4.92678,49.7397,2
90413,4.92685,49.73981,2
90414,4.92692,49.73993,2
90415,4.92661,49.73974,2
90416,4.92675,49.73997,2
90417,4.92682,49.74009,2
90418,4.9269,49.74021,2
90419,4.92709,49.74056,2
90420,4.92699,49.74005,2
90421,4.92706,49.74016,2
90422,4.92714,49.74029,2
90423,4.92728,49.74055,2
90424,4.92572,49.73801,2
90425,4.92735,49.74068,2
90426,4.92714,49.74029,2
90427,4.9275,49.74094,2
90428,4.92777,49.74131,2
90429,4.9272,49.74075,2
90430,4.92864,49.74468,2
90431,4.939939,49.749752,2
90432,4.940521,49.759219,2
90433,4.92646,49.74005,2
90434,4.92664,49.74006,2
90435,4.92665,49.73985,2
90436,4.92646,49.74005,2
90437,4.92654,49.73962,2
90438,4.92647,49.73985,2
90439,4.92649,49.73964,2
90440,4.92645,49.73945,2
90441,4.92643,49.73938,2
90442,4.92643,49.73938,2
90443,4.92643,49.73938,2
90444,4.92604,49.73806,2
90445,4.92643,49.73938,2
90446,4.92604,49.73806,2
90447,4.92643,49.73938,2
90448,4.92643,49.73938,2
90449,4.92643,49.73938,2
90450,4.92643,49.73938,2
90451,4.92637,49.73926,2
90452,4.92611,49.73926,2
90453,4.92585,49.73926,2
90454,4.9263,49.73938,2
90455,4.92617,49.73938,2
90456,4.92249,49.73738,2
90457,4.92604,49.73938,2
90458,4.92381,49.73766,2
90459,4.92554,49.73785,2
90460,4.92591,49.73938,2
90461,4.92585,49.73799,2
90462,4.92598,49.73932,2
90463,4.92585,49.73799,2
90464,4.92598,49.73932,2
90465,4.92578,49.73938,2
90466,4.92578,49.73938,2
90467,4.92634,49.73906,2
90468,4.92565,49.73938,2
90469,4.92699,49.74005,2
90470,4.92552,49.73938,2
90471,4.92654,49.73943,2
90472,4.92525,49.73938,2
90473,4.939939,49.749752,2
90474,4.92497,49.73939,2
90475,4.92468,49.73939,2
90476,4.92559,49.73926,2
90477,4.92602,49.73753,2
90478,4.9223,49.74026,2
90479,4.92207,49.74214,2
90480,4.92512,49.73927,2
90481,4.92192,49.74243,2
90482,4.92482,49.73939,2
90483,4.92589,49.73848,2
90484,4.92468,49.73939,2
90485,4.92519,49.73851,2
90486,4.92519,49.73851,2
90487,4.92454,49.73939,2
90488,4.92574,49.7349,2
90489,4.91452,49.73608,2
90490,4.92468,49.73928,2
90491,4.92788,49.73482,2
90492,4.92446,49.73928,2
90493,4.92423,49.73928,2
90494,4.92401,49.73929,2
90495,4.92426,49.7394,2
90496,4.92412,49.7394,2
90497,4.92465,49.73856,2
90498,4.92465,49.73856,2
90499,4.92281,49.73999,2
90500,4.9223,49.74026,2
90501,4.9235,49.73971,2
90502,4.9235,49.73971,2
90503,4.92343,49.74049,2
90504,4.92233,49.74039,2
90505,4.92213,49.74041,2
90506,4.92135,49.74147,2
90507,4.92182,49.74173,2
90508,4.92178,49.74052,2
90509,4.92128,49.74079,2
90510,4.92107,49.74119,2
90511,4.92214,49.74199,2
90512,4.92265,49.7366,2
90513,4.92214,49.74199,2
90514,4.92233,49.74229,2
90515,4.92126,49.74157,2
90516,4.92173,49.74183,2
90517,4.92207,49.74214,2
90518,4.922,49.74254,2
90519,4.92531,49.73714,2
90520,4.92213,49.74041,2
90521,4.92213,49.74041,2
90522,4.92442,49.73893,2
90523,4.92442,49.73893,2
90524,4.92442,49.73893,2
90525,4.92442,49.73893,2
90526,4.92442,49.73893,2
90527,4.92442,49.73893,2
90528,4.92456,49.73876,2
90529,4.92555,49.73882,2
90530,4.92456,49.73876,2
90531,4.92468,49.73876,2
90532,4.92555,49.73882,2
90533,4.92478,49.73887,2
90534,4.92496,49.73887,2
90535,4.92496,49.73887,2
90536,4.92514,49.73887,2
90537,4.92532,49.73887,2
90538,4.92502,49.73876,2
90539,4.92513,49.73876,2
90540,4.92525,49.73876,2
90541,4.92536,49.7392,2
90542,4.92547,49.73887,2
90543,4.92788,49.73482,2
90544,4.92558,49.73887,2
90545,4.92579,49.73886,2
90546,4.92558,49.73876,2
90547,4.92617,49.7387,2
90548,4.92588,49.73885,2
90549,4.92597,49.73884,2
90550,4.92606,49.73883,2
90551,4.92615,49.73882,2
90552,4.92624,49.73881,2
90553,4.92634,49.7388,2
90554,4.92654,49.73943,2
90555,4.92619,49.7386,2
90556,4.9261,49.7384,2
90557,4.92589,49.73848,2
90558,4.92589,49.73848,2
90559,4.92571,49.73862,2
90560,4.92553,49.73862,2
90561,4.92554,49.73785,2
90562,4.92519,49.73851,2
90563,4.92519,49.73851,2
90564,4.92519,49.73851,2
90565,4.92519,49.73851,2
90566,4.92572,49.73801,2
90567,4.9251,49.73851,2
90568,4.92572,49.73801,2
90569,4.9251,49.73851,2
90570,4.925,49.73851,2
90571,4.92572,49.73801,2
90572,4.9249,49.73851,2
90573,4.92417,49.73921,2
90574,4.92463,49.7388,2
90575,4.92383,49.73931,2
90576,4.92383,49.73931,2
90577,4.92456,49.73865,2
90578,4.92465,49.73856,2
90579,4.92554,49.73785,2
90580,4.92473,49.73847,2
90581,4.92468,49.73865,2
90582,4.92468,49.73865,2
90583,4.92479,49.73838,2
90584,4.9248,49.73827,2
90585,4.92479,49.73813,2
90586,4.92478,49.738,2
90587,4.92589,49.73454,2
90588,4.92477,49.73786,2
90589,4.92589,49.73454,2
90590,4.92508,49.73795,2
90591,4.92489,49.73853,2
90592,4.92572,49.73801,2
90593,4.92505,49.7384,2
90594,4.92528,49.73801,2
90595,4.92567,49.73805,2
90596,4.92537,49.73776,2
90597,4.92546,49.7376,2
90598,4.92552,49.73748,2
90599,4.92554,49.73739,2
90600,4.92557,49.73731,2
90601,4.92572,49.73742,2
90602,4.92569,49.73749,2
90603,4.92585,49.73751,2
90604,4.92602,49.73753,2
90605,4.92618,49.73755,2
90606,4.92635,49.73757,2
90607,4.92653,49.7376,2
90608,4.92673,49.73762,2
90609,4.92694,49.73765,2
90610,4.92714,49.73768,2
90611,4.92734,49.7377,2
90612,4.92754,49.73774,2
90613,4.92758,49.73786,2
90614,4.92758,49.738,2
90615,4.92637,49.73781,2
90616,4.92637,49.73781,2
90617,4.92637,49.73781,2
90618,4.92639,49.73795,2
90619,4.92637,49.73781,2
90620,4.92626,49.73791,2
90621,4.9263,49.73772,2
90622,4.92603,49.73765,2
90623,4.92593,49.73764,2
90624,4.92583,49.73762,2
90625,4.92572,49.73761,2
90626,4.92562,49.73759,2
90627,4.92554,49.7378,2
90628,4.92589,49.73574,2
90629,4.92589,49.73574,2
90630,4.92648,49.73677,2
90631,4.92589,49.73574,2
90632,4.92648,49.73677,2
90633,4.92576,49.7372,2
90634,4.92572,49.73444,2
90635,4.92589,49.73574,2
90636,4.92788,49.73482,2
90637,4.92599,49.73714,2
90638,4.92788,49.73482,2
90639,4.92572,49.73453,2
90640,4.92623,49.73708,2
90641,4.92788,49.73482,2
90642,4.92788,49.73482,2
90643,4.92634,49.73696,2
90644,4.92788,49.73482,2
90645,4.92631,49.7368,2
90646,4.92788,49.73482,2
90647,4.9262,49.7366,2
90648,4.92788,49.73482,2
90649,4.92608,49.73639,2
90650,4.92788,49.73482,2
90651,4.92608,49.73639,2
90652,4.92608,49.73639,2
90653,4.92788,49.73482,2
90654,4.92608,49.73639,2
90655,4.92901,49.73767,2
90656,4.92597,49.73619,2
90657,4.92596,49.73553,2
90658,4.92585,49.73598,2
90659,4.92412,49.7394,2
90660,4.92412,49.7394,2
90661,4.92589,49.73454,2
90662,4.92579,49.73577,2
90663,4.92597,49.73575,2
90664,4.92654,49.73943,2
90665,4.92589,49.73454,2
90666,4.92578,49.73555,2
90667,4.92589,49.73447,2
90668,4.92577,49.73533,2
90669,4.92673,49.7367,2
90670,4.70201,49.4124,2
90671,4.70011,49.41111,2
90672,4.70133,49.40649,2
90673,4.70131,49.40653,2
90674,4.7013,49.40658,2
90675,4.70128,49.40663,2
90676,4.70097,49.40656,2
90677,4.70073,49.40637,2
90678,4.70045,49.40617,2
90679,4.70111,49.40648,2
90680,4.70059,49.40609,2
90681,4.70018,49.40596,2
90682,4.70025,49.40581,2
90683,4.70022,49.40566,2
90684,4.70046,49.40551,2
90685,4.70011,49.40574,2
90686,4.69991,49.40579,2
90687,4.70003,49.4057,2
90688,4.69975,49.40554,2
90689,4.69963,49.40563,2
90690,4.69951,49.40541,2
90691,4.69961,49.40528,2
90692,4.69971,49.40515,2
90693,4.69952,49.40513,2
90694,4.69937,49.40533,2
90695,4.69911,49.40545,2
90696,4.69917,49.40534,2
90697,4.69866,49.40524,2
90698,4.69814,49.40516,2
90699,4.69775,49.40511,2
90700,4.69836,49.40531,2
90701,4.69798,49.40512,2
90702,4.69803,49.40499,2
90703,4.69809,49.40486,2
90704,4.6979,49.40486,2
90705,4.69782,49.40506,2
90706,4.69879,49.40535,2
90707,4.69871,49.40549,2
90708,4.69858,49.40571,2
90709,4.69866,49.40556,2
90710,4.69875,49.40542,2
90711,4.69936,49.40563,2
90712,4.69914,49.40593,2
90713,4.69896,49.40625,2
90714,4.69913,49.40651,2
90715,4.69946,49.40655,2
90716,4.69977,49.40655,2
90717,4.70016,49.40684,2
90718,4.70001,49.40656,2
90719,4.69984,49.40634,2
90720,4.69969,49.40622,2
90721,4.69948,49.40615,2
90722,4.69926,49.40608,2
90723,4.70123,49.40681,2
90724,4.70064,49.40679,2
90725,4.70072,49.4069,2
90726,4.6995,49.407,2
90727,4.69999,49.40706,2
90728,4.69983,49.40694,2
90729,4.69967,49.40706,2
90730,4.69918,49.40694,2
90731,4.69934,49.40706,2
90732,4.69902,49.40706,2
90733,4.70115,49.40712,2
90734,4.70106,49.40743,2
90735,4.69894,49.41235,2
90736,4.70098,49.40768,2
90737,4.70092,49.40787,2
90738,4.6996,49.40794,2
90739,4.6991,49.40778,2
90740,4.70036,49.40814,2
90741,4.70034,49.40818,2
90742,4.69927,49.40797,2
90743,4.69933,49.4079,2
90744,4.69992,49.40796,2
90745,4.69996,49.40772,2
90746,4.69978,49.4077,2
90747,4.69974,49.40794,2
90748,4.69933,49.4079,2
90749,4.69933,49.4079,2
90750,4.69933,49.4079,2
90751,4.69885,49.408,2
90752,4.69874,49.40847,2
90753,4.69891,49.40751,2
90754,4.69893,49.40717,2
90755,4.69901,49.4067,2
90756,4.69873,49.40667,2
90757,4.69712,49.40432,2
90758,4.69849,49.40634,2
90759,4.69824,49.406,2
90760,4.698,49.40567,2
90761,4.69776,49.40534,2
90762,4.69743,49.40485,2
90763,4.6973,49.40439,2
90764,4.70085,49.4081,2
90765,4.70078,49.40836,2
90766,4.70071,49.40862,2
90767,4.70064,49.40888,2
90768,4.70057,49.40914,2
90769,4.7005,49.4094,2
90770,4.70011,49.41111,2
90771,4.70036,49.40991,2
90772,4.70021,49.41043,2
90773,4.70014,49.41069,2
90774,4.70011,49.41111,2
90775,4.70011,49.41111,2
90776,4.69994,49.41193,2
90777,4.70183,49.4053,2
90778,4.70031,49.41079,2
90779,4.70037,49.4108,2
90780,4.70043,49.41081,2
90781,4.70049,49.41082,2
90782,4.7006,49.41099,2
90783,4.70195,49.40486,2
90784,4.7006,49.41143,2
90785,4.70079,49.41141,2
90786,4.70191,49.40501,2
90787,4.70077,49.41153,2
90788,4.70061,49.41157,2
90789,4.70093,49.4115,2
90790,4.70141,49.41173,2
90791,4.70141,49.41182,2
90792,4.70141,49.41191,2
90793,4.7008,49.41145,2
90794,4.7008,49.41145,2
90795,4.7008,49.41145,2
90796,4.70143,49.41219,2
90797,4.70143,49.41228,2
90798,4.70109,49.41146,2
90799,4.70144,49.41237,2
90800,4.70144,49.41256,2
90801,4.7008,49.41145,2
90802,4.70273,49.41232,2
90803,4.70278,49.41232,2
90804,4.70271,49.41232,2
90805,4.70263,49.41233,2
90806,4.70162,49.41263,2
90807,4.70122,49.41281,2
90808,4.70126,49.41299,2
90809,4.70217,49.4124,2
90810,4.70202,49.41247,2
90811,4.70186,49.41254,2
90812,4.7017,49.4126,2
90813,4.70201,49.4124,2
90814,4.70024,49.41297,2
90815,4.70095,49.41313,2
90816,4.69795,49.41812,2
90817,4.69795,49.41812,2
90818,4.69795,49.41812,2
90819,4.70057,49.41327,2
90820,4.70075,49.41311,2
90821,4.70027,49.41292,2
90822,4.70032,49.41274,2
90823,4.69968,49.41288,2
90824,4.69968,49.41288,2
90825,4.69916,49.41306,2
90826,4.69757,49.41431,2
90827,4.69653,49.41461,2
90828,4.70011,49.41111,2
90829,4.70011,49.41111,2
90830,4.69894,49.41235,2
90831,4.70016,49.41125,2
90832,4.70013,49.41137,2
90833,4.70013,49.41137,2
90834,4.70156,49.40632,2
90835,4.7016,49.40617,2
90836,4.70164,49.40603,2
90837,4.70168,49.40588,2
90838,4.70176,49.40559,2
90839,4.69967,49.41212,2
90840,4.69958,49.41208,2
90841,4.69949,49.41204,2
90842,4.69941,49.41199,2
90843,4.69932,49.41195,2
90844,4.69923,49.41191,2
90845,4.699,49.41166,2
90846,4.69956,49.41192,2
90847,4.69753,49.41068,2
90848,4.69686,49.41049,2
90849,4.69919,49.41212,2
90850,4.6991,49.41278,2
90851,4.699,49.4127,2
90852,4.69889,49.41263,2
90853,4.69878,49.41255,2
90854,4.6988,49.41245,2
90855,4.69885,49.41235,2
90856,4.69891,49.41226,2
90857,4.69896,49.41216,2
90858,4.69902,49.41206,2
90859,4.69908,49.41197,2
90860,4.69913,49.41187,2
90861,4.70092,49.40787,2
90862,4.70071,49.40862,2
90863,4.70028,49.41017,2
90864,4.70021,49.41043,2
90865,4.70011,49.41111,2
90866,4.70021,49.41304,2
90867,4.69894,49.41235,2
90868,4.7002,49.41113,2
90869,4.70172,49.40574,2
90870,4.69921,49.41286,2
90871,4.70026,49.41168,2
90872,4.70028,49.41017,2
90873,4.70206,49.78255,2
90874,4.70771,49.7811,2
90875,4.70289,49.78244,2
90876,4.7031,49.78242,2
90877,4.71395,49.78067,2
90878,4.7034,49.7828,2
90879,4.7034,49.7828,2
90880,4.7034,49.7828,2
90881,4.7034,49.7828,2
90882,4.69847,49.78534,2
90883,4.72314,49.78617,2
90884,4.71668,49.77861,2
90885,4.7171,49.77718,2
90886,4.71626,49.77788,2
90887,4.71697,49.77649,2
90888,4.71668,49.77861,2
90889,4.75915,49.66911,2
90890,4.758697,49.66899,2
90891,4.75699,49.66463,2
90892,4.75854,49.66835,2
90893,4.75854,49.66835,2
90894,4.756063,49.664236,2
90895,4.756063,49.664236,2
90896,4.75525,49.66362,2
90897,4.75704,49.66461,2
90898,4.762738,49.670985,2
90899,4.82463,50.13631,2
90900,4.8193,50.13428,2
90901,4.82317,50.13521,2
90902,4.82355,50.13541,2
90903,4.82469,50.13641,2
90904,4.825,50.13645,2
90905,4.82522,50.13636,2
90906,4.82397,50.13641,2
90907,4.82485,50.1358,2
90908,4.82015,50.1346,2
90909,4.8127,50.1335,2
90910,4.8127,50.1335,2
90911,4.8127,50.1335,2
90912,4.82247,50.13505,2
90913,4.82247,50.13505,2
90914,4.82355,50.13541,2
90915,4.82355,50.13541,2
90916,4.82355,50.13541,2
90917,4.82355,50.13541,2
90918,4.82485,50.1358,2
90919,4.82463,50.13631,2
90920,4.82485,50.1358,2
90921,4.82485,50.1358,2
90922,4.82441,50.13638,2
90923,4.82463,50.13631,2
90924,4.82463,50.13631,2
90925,4.82511,50.1358,2
90926,4.82355,50.13541,2
90927,4.70171,49.64225,2
90928,4.70197,49.64228,2
90929,4.70171,49.64225,2
90930,4.697893,49.641386,2
90931,4.70197,49.64228,2
90932,4.70171,49.64225,2
90933,4.70171,49.64225,2
90934,4.70937,49.63601,2
90935,4.700169,49.641836,2
90936,4.72615,49.6334,2
90937,4.74159,49.62864,2
90938,4.726163,49.634668,2
90939,4.72783,49.63615,2
90940,4.726825,49.635796,2
90941,4.726075,49.634849,2
90942,4.72983,49.63584,2
90943,4.72126,49.62225,2
90944,4.73005,49.63584,2
90945,4.680007,49.664366,2
90946,4.680007,49.664366,2
90947,4.67961,49.6646,2
90948,4.65807,49.67806,2
90949,4.65889,49.68013,2
90950,4.65794,49.67784,2
90951,4.65794,49.67784,2
90952,4.654249,49.675365,2
90953,4.65815,49.68016,2
90954,4.657125,49.677098,2
90955,4.657667,49.676539,2
90956,4.654752,49.67363,2
90957,4.36325,49.49591,2
90958,4.36449,49.49281,2
90959,4.36418,49.49274,2
90960,4.36373,49.49265,2
90961,4.36321,49.49198,2
90962,4.36325,49.49591,2
90963,4.36325,49.49591,2
90964,4.36364,49.49687,2
90965,4.36269,49.49552,2
90966,4.36364,49.49687,2
90967,4.36135,49.49743,2
90968,4.36295,49.49636,2
90969,4.36222,49.49518,2
90970,4.36148,49.49482,2
90971,4.36779,49.49201,2
90972,4.36754,49.49083,2
90973,4.36356,49.49274,2
90974,4.92299,49.73706,2
90975,4.92299,49.73706,2
90976,4.91452,49.73608,2
90977,4.91452,49.73608,2
90978,4.91452,49.73608,2
90979,4.92788,49.73482,2
90980,4.9404,49.759024,2
90981,4.92632,49.73834,2
90982,4.9264,49.73863,2
90983,4.92654,49.73985,2
90984,4.92608,49.73639,2
90985,4.92382,49.73759,2
90986,4.92382,49.73759,2
90987,4.92382,49.73759,2
90988,4.92382,49.73759,2
90989,4.92572,49.73801,2
90990,4.92697,49.7381,2
90991,4.92572,49.73801,2
90992,4.92707,49.73868,2
90993,4.92632,49.73834,2
90994,4.92707,49.73868,2
90995,4.92654,49.73943,2
90996,4.92213,49.74041,2
90997,4.92343,49.74049,2
90998,4.92468,49.73865,2
90999,4.92572,49.73801,2
91000,4.92788,49.73482,2
91001,4.92589,49.73574,2
91002,4.69769,49.40421,2
91003,4.69795,49.41812,2
91004,4.70024,49.41297,2
91005,4.70011,49.41111,2
91006,4.69868,49.4134,2
91007,4.69773,49.41066,2
91008,4.69968,49.41288,2
91009,4.70011,49.41111,2
91010,4.70054,49.41122,2
