"ID","Longitude","Latitude","ServiceTime (min)"
70758,4.2347,49.7719,2
70759,4.23669,49.77713,2
70760,4.21727,49.77355,2
70761,4.22519,49.77673,2
70762,4.24837,49.77587,2
70763,4.24837,49.77587,2
70764,4.26347,49.77291,2
70765,4.26347,49.77291,2
70766,4.26347,49.77291,2
70767,4.26347,49.77291,2
70768,4.275846,49.759877,2
70769,4.276044,49.759972,2
70770,4.238246,49.77743,2
70771,4.22519,49.77673,2
70772,4.26347,49.77291,2
70773,4.23747,49.77746,2
70774,4.23747,49.77746,2
70775,4.23527,49.77732,2
70776,4.235986,49.777466,2
70777,4.235784,49.777999,2
70778,4.22519,49.77673,2
70779,4.235784,49.778008,2
70780,4.239172,49.784395,2
70781,4.235784,49.778008,2
70782,4.235712,49.777551,2
70783,4.235712,49.777551,2
70784,4.236262,49.777434,2
70785,4.22519,49.77673,2
70786,4.22519,49.77673,2
70787,4.233972,49.778494,2
70788,4.23527,49.77732,2
70789,4.2347,49.7719,2
70790,4.235649,49.777345,2
70791,4.23557,49.77768,2
70792,4.2347,49.7719,2
70793,4.2347,49.7719,2
70794,4.235011,49.775496,2
70795,4.2347,49.7719,2
70796,4.235022,49.775037,2
70797,4.2347,49.7719,2
70798,4.2347,49.7719,2
70799,4.2347,49.7719,2
70800,4.22519,49.77673,2
70801,4.2347,49.7719,2
70802,4.2347,49.7719,2
70803,4.2347,49.7719,2
70804,4.2347,49.7719,2
70805,4.2347,49.7719,2
70806,4.2347,49.7719,2
70807,4.25741,49.78726,2
70808,4.24465,49.78858,2
70809,4.22026,49.78056,2
70810,4.22026,49.78056,2
70811,4.22519,49.77673,2
70812,4.22519,49.77673,2
70813,4.22519,49.77673,2
70814,4.22519,49.77673,2
70815,4.24837,49.77587,2
70816,4.23527,49.77732,2
70817,4.26347,49.77291,2
70818,4.25901,49.76835,2
70819,4.25901,49.76835,2
70820,4.26347,49.77291,2
70821,4.26347,49.77291,2
70822,4.25901,49.76835,2
70823,4.27571,49.75229,2
70824,4.27571,49.75229,2
70825,4.23527,49.77732,2
70826,4.25274,49.78377,2
70827,4.25741,49.78726,2
70828,4.25741,49.78726,2
70829,4.22731,49.79374,2
70830,4.25274,49.78377,2
70831,4.25274,49.78377,2
70832,4.25274,49.78377,2
70833,4.25274,49.78377,2
70834,4.25274,49.78377,2
70835,4.25274,49.78377,2
70836,4.275846,49.759877,2
70837,4.275846,49.759877,2
70838,4.23527,49.77732,2
70839,4.22026,49.78056,2
70840,4.24465,49.78858,2
70841,4.26347,49.77291,2
70842,4.238398,49.777419,2
70843,4.24465,49.78858,2
70844,4.261414,49.771685,2
70845,4.26347,49.77291,2
70846,4.23527,49.77732,2
70847,4.25248,49.76629,2
70848,4.25741,49.78726,2
70849,4.25248,49.76629,2
70850,4.2522,49.766396,2
70851,4.25248,49.76629,2
70852,4.22519,49.77673,2
70853,4.250198,49.770299,2
70854,4.281127,49.747854,2
70855,4.27052,49.74212,2
70856,4.26347,49.77291,2
70857,4.26347,49.77291,2
70858,4.26347,49.77291,2
70859,4.26347,49.77291,2
70860,4.23527,49.77732,2
70861,4.26347,49.77291,2
70862,4.26347,49.77291,2
70863,4.260883,49.769744,2
70864,4.254428,49.766271,2
70865,4.235784,49.777999,2
70866,4.252711,49.765966,2
70867,4.235784,49.777999,2
70868,4.253159,49.765698,2
70869,4.253159,49.765698,2
70870,4.253856,49.765077,2
70871,4.25248,49.76629,2
70872,4.25248,49.76629,2
70873,4.254367,49.764646,2
70874,4.25741,49.78726,2
70875,4.23527,49.77732,2
70876,4.235649,49.777345,2
70877,4.2347,49.7719,2
70878,4.251772,49.766807,2
70879,4.235415,49.776648,2
70880,4.25274,49.78377,2
70881,4.25248,49.76629,2
70882,4.251772,49.766807,2
70883,4.25054,49.76665,2
70884,4.25248,49.76629,2
70885,4.25248,49.76629,2
70886,4.234955,49.773628,2
70887,4.235013,49.775163,2
70888,4.25248,49.76629,2
70889,4.23669,49.77713,2
70890,4.26758,49.76165,2
70891,4.26758,49.76165,2
70892,4.26758,49.76165,2
70893,4.26758,49.76165,2
70894,4.26758,49.76165,2
70895,4.270609,49.742112,2
70896,4.27052,49.74212,2
70897,4.270624,49.74213,2
70898,4.78653,49.73499,2
70899,4.78653,49.73499,2
70900,4.78653,49.73499,2
70901,4.78653,49.73499,2
70902,4.78653,49.73499,2
70903,4.78653,49.73499,2
70904,4.78653,49.73499,2
70905,4.78653,49.73499,2
70906,4.7877,49.73409,2
70907,4.7877,49.73409,2
70908,4.7877,49.73409,2
70909,4.7877,49.73409,2
70910,4.7877,49.73409,2
70911,4.7877,49.73409,2
70912,4.7877,49.73409,2
70913,4.7877,49.73409,2
70914,4.78782,49.73379,2
70915,4.7877,49.73409,2
70916,4.78782,49.73379,2
70917,4.7877,49.73409,2
70918,4.7877,49.73409,2
70919,4.7877,49.73409,2
70920,4.78653,49.73499,2
70921,4.78653,49.73499,2
70922,4.78653,49.73499,2
70923,4.78653,49.73499,2
70924,4.78661,49.73305,2
70925,4.78676,49.73351,2
70926,4.78678,49.73312,2
70927,4.78684,49.73273,2
70928,4.78685,49.73267,2
70929,4.78523,49.73274,2
70930,4.78686,49.73262,2
70931,4.78596,49.73283,2
70932,4.78559,49.73279,2
70933,4.78687,49.73256,2
70934,4.78,49.74634,2
70935,4.78679,49.73264,2
70936,4.78581,49.73269,2
70937,4.78669,49.73256,2
70938,4.78668,49.73263,2
70939,4.78666,49.73271,2
70940,4.78633,49.73287,2
70941,4.78659,49.73331,2
70942,4.78658,49.73357,2
70943,4.78522,49.73419,2
70944,4.78518,49.73412,2
70945,4.78514,49.73405,2
70946,4.78511,49.73398,2
70947,4.78507,49.73391,2
70948,4.78504,49.73384,2
70949,4.785,49.73377,2
70950,4.78497,49.73371,2
70951,4.78493,49.73364,2
70952,4.7849,49.73357,2
70953,4.78489,49.7335,2
70954,4.78489,49.73342,2
70955,4.799927,49.723819,2
70956,4.7849,49.73335,2
70957,4.786,49.73397,2
70958,4.78597,49.73382,2
70959,4.78358,49.73317,2
70960,4.78595,49.73367,2
70961,4.78593,49.73353,2
70962,4.78611,49.73352,2
70963,4.78613,49.73366,2
70964,4.78615,49.73381,2
70965,4.78618,49.73396,2
70966,4.78363,49.7339,2
70967,4.7839,49.73281,2
70968,4.7839,49.73281,2
70969,4.787758,49.725512,2
70970,4.78359,49.73331,2
70971,4.7835,49.73331,2
70972,4.78359,49.73331,2
70973,4.783648,49.735738,2
70974,4.78339,49.73374,2
70975,4.78359,49.73404,2
70976,4.78355,49.73413,2
70977,4.7832,49.73591,2
70978,4.78,49.74634,2
70979,4.78355,49.73413,2
70980,4.77536,49.744755,2
70981,4.7835,49.73331,2
70982,4.78067,49.73652,2
70983,4.77933,49.73649,2
70984,4.7849,49.73421,2
70985,4.77963,49.73638,2
70986,4.77913,49.7365,2
70987,4.78464,49.73417,2
70988,4.77913,49.7365,2
70989,4.78438,49.73414,2
70990,4.78121,49.73574,2
70991,4.78414,49.73418,2
70992,4.78168,49.73608,2
70993,4.78649,49.75401,2
70994,4.78392,49.73428,2
70995,4.7832,49.73591,2
70996,4.7835,49.73331,2
70997,4.78765,49.72612,2
70998,4.7835,49.73331,2
70999,4.78765,49.72612,2
71000,4.784094,49.734346,2
71001,4.7835,49.73331,2
71002,4.78229,49.74019,2
71003,4.78765,49.72612,2
71004,4.78421,49.73465,2
71005,4.78229,49.74019,2
71006,4.78765,49.72612,2
71007,4.78421,49.73465,2
71008,4.78959,49.72556,2
71009,4.7906,49.7531,2
71010,4.78879,49.72542,2
71011,4.78439,49.73467,2
71012,4.78765,49.72612,2
71013,4.78457,49.73468,2
71014,4.78765,49.72612,2
71015,4.78457,49.73468,2
71016,4.78765,49.72612,2
71017,4.78457,49.73468,2
71018,4.78765,49.72612,2
71019,4.78903,49.75325,2
71020,4.78954,49.72544,2
71021,4.78252,49.73729,2
71022,4.78765,49.72612,2
71023,4.78253,49.73718,2
71024,4.78254,49.73708,2
71025,4.78765,49.72612,2
71026,4.78254,49.73708,2
71027,4.78765,49.72612,2
71028,4.78256,49.73687,2
71029,4.788826,49.725535,2
71030,4.78255,49.73697,2
71031,4.78765,49.72612,2
71032,4.78256,49.73687,2
71033,4.78765,49.72612,2
71034,4.78256,49.73687,2
71035,4.78765,49.72612,2
71036,4.78257,49.73676,2
71037,4.78765,49.72612,2
71038,4.78389,49.7188,2
71039,4.78258,49.73666,2
71040,4.78765,49.72612,2
71041,4.7826,49.73656,2
71042,4.78765,49.72612,2
71043,4.78265,49.73646,2
71044,4.78765,49.72612,2
71045,4.78269,49.73636,2
71046,4.78765,49.72612,2
71047,4.78274,49.73626,2
71048,4.78765,49.72612,2
71049,4.78765,49.72612,2
71050,4.78243,49.73651,2
71051,4.7824,49.73674,2
71052,4.78237,49.73698,2
71053,4.78234,49.73721,2
71054,4.78221,49.73715,2
71055,4.7822,49.73729,2
71056,4.78188,49.73712,2
71057,4.78168,49.73686,2
71058,4.78124,49.73677,2
71059,4.78114,49.73657,2
71060,4.7816,49.73689,2
71061,4.78092,49.7366,2
71062,4.78156,49.73695,2
71063,4.78076,49.73652,2
71064,4.78057,49.73651,2
71065,4.78048,49.7365,2
71066,4.78039,49.7365,2
71067,4.78029,49.73649,2
71068,4.7802,49.73649,2
71069,4.7801,49.73648,2
71070,4.78001,49.73647,2
71071,4.77991,49.73646,2
71072,4.77984,49.73642,2
71073,4.77978,49.73638,2
71074,4.77978,49.73638,2
71075,4.77963,49.73638,2
71076,4.77963,49.73638,2
71077,4.77933,49.73649,2
71078,4.77933,49.73649,2
71079,4.78805,49.7254,2
71080,4.78648,49.73136,2
71081,4.77902,49.7366,2
71082,4.78822,49.72775,2
71083,4.77872,49.73671,2
71084,4.78822,49.72775,2
71085,4.77808,49.737,2
71086,4.77738,49.73714,2
71087,4.78822,49.72775,2
71088,4.77741,49.73697,2
71089,4.78822,49.72775,2
71090,4.7779,49.73674,2
71091,4.77818,49.73665,2
71092,4.77818,49.73665,2
71093,4.77818,49.73665,2
71094,4.77818,49.73665,2
71095,4.77818,49.73665,2
71096,4.77854,49.73652,2
71097,4.77839,49.73658,2
71098,4.7787,49.73646,2
71099,4.77886,49.73639,2
71100,4.77902,49.73633,2
71101,4.77918,49.73626,2
71102,4.77933,49.7362,2
71103,4.77949,49.73613,2
71104,4.77965,49.73607,2
71105,4.77984,49.73605,2
71106,4.78002,49.73602,2
71107,4.7802,49.736,2
71108,4.78879,49.72542,2
71109,4.78038,49.73597,2
71110,4.78056,49.73599,2
71111,4.78069,49.73608,2
71112,4.78121,49.73574,2
71113,4.78121,49.73574,2
71114,4.78121,49.73574,2
71115,4.78105,49.73574,2
71116,4.78675,49.73138,2
71117,4.7812,49.7358,2
71118,4.78085,49.73619,2
71119,4.7811,49.73605,2
71120,4.78146,49.73619,2
71121,4.78181,49.73621,2
71122,4.78168,49.73608,2
71123,4.78139,49.73607,2
71124,4.7825,49.73624,2
71125,4.78076,49.73652,2
71126,4.78215,49.73622,2
71127,4.78197,49.7361,2
71128,4.7825,49.73624,2
71129,4.78225,49.73611,2
71130,4.78254,49.73612,2
71131,4.78649,49.75401,2
71132,4.7832,49.73591,2
71133,4.78287,49.73616,2
71134,4.78265,49.73613,2
71135,4.78278,49.73606,2
71136,4.7825,49.73557,2
71137,4.78185,49.7355,2
71138,4.78285,49.73602,2
71139,4.78315,49.73565,2
71140,4.78363,49.73591,2
71141,4.78363,49.73591,2
71142,4.78731,49.72657,2
71143,4.78324,49.73604,2
71144,4.78731,49.72657,2
71145,4.78711,49.72548,2
71146,4.78363,49.73591,2
71147,4.78731,49.72657,2
71148,4.78731,49.72657,2
71149,4.78731,49.72657,2
71150,4.78731,49.72657,2
71151,4.78731,49.72657,2
71152,4.78424,49.73573,2
71153,4.78443,49.73538,2
71154,4.79051,49.75314,2
71155,4.784731,49.735204,2
71156,4.7906,49.7531,2
71157,4.784683,49.734774,2
71158,4.78464,49.73518,2
71159,4.78452,49.73519,2
71160,4.78477,49.73518,2
71161,4.78491,49.73518,2
71162,4.7851,49.73514,2
71163,4.78562,49.73552,2
71164,4.78519,49.73505,2
71165,4.78517,49.73494,2
71166,4.78516,49.73482,2
71167,4.7851,49.73472,2
71168,4.78493,49.7347,2
71169,4.78475,49.73469,2
71170,4.78457,49.73468,2
71171,4.78229,49.74019,2
71172,4.78229,49.74019,2
71173,4.78229,49.74019,2
71174,4.78229,49.74019,2
71175,4.78229,49.74019,2
71176,4.78229,49.74019,2
71177,4.78229,49.74019,2
71178,4.78205,49.74124,2
71179,4.78229,49.74019,2
71180,4.78229,49.74019,2
71181,4.78229,49.74019,2
71182,4.78229,49.74019,2
71183,4.78229,49.74019,2
71184,4.78,49.74634,2
71185,4.78229,49.74019,2
71186,4.78229,49.74019,2
71187,4.78205,49.74124,2
71188,4.78359,49.73406,2
71189,4.78229,49.74019,2
71190,4.78229,49.74019,2
71191,4.78229,49.74019,2
71192,4.78229,49.74019,2
71193,4.78594,49.72484,2
71194,4.78229,49.74019,2
71195,4.78594,49.72484,2
71196,4.78229,49.74019,2
71197,4.78,49.74634,2
71198,4.78,49.74634,2
71199,4.78476,49.72296,2
71200,4.78,49.74634,2
71201,4.78476,49.72296,2
71202,4.77965,49.75246,2
71203,4.78623,49.72554,2
71204,4.7875,49.72643,2
71205,4.78746,49.72629,2
71206,4.78393,49.71846,2
71207,4.787716,49.726088,2
71208,4.78476,49.72296,2
71209,4.78762,49.72605,2
71210,4.78594,49.72484,2
71211,4.78859,49.723231,2
71212,4.78777,49.72594,2
71213,4.78476,49.72296,2
71214,4.78765,49.72612,2
71215,4.78476,49.72296,2
71216,4.78789,49.72637,2
71217,4.78476,49.72296,2
71218,4.78476,49.72296,2
71219,4.78748,49.72616,2
71220,4.78476,49.72296,2
71221,4.78476,49.72296,2
71222,4.78806,49.72633,2
71223,4.78471,49.72308,2
71224,4.78573,49.727,2
71225,4.78844,49.7263,2
71226,4.78579,49.72733,2
71227,4.78852,49.72623,2
71228,4.78595,49.72812,2
71229,4.7886,49.72615,2
71230,4.78476,49.72296,2
71231,4.78766,49.72619,2
71232,4.78594,49.72484,2
71233,4.78787,49.72604,2
71234,4.78603,49.72753,2
71235,4.78867,49.72607,2
71236,4.78476,49.72296,2
71237,4.78476,49.72296,2
71238,4.78878,49.72601,2
71239,4.78611,49.72792,2
71240,4.78892,49.72599,2
71241,4.78389,49.7188,2
71242,4.78389,49.7188,2
71243,4.78907,49.72598,2
71244,4.78393,49.71846,2
71245,4.78921,49.72596,2
71246,4.78389,49.7188,2
71247,4.78389,49.7188,2
71248,4.78923,49.72608,2
71249,4.78607,49.72772,2
71250,4.78906,49.72609,2
71251,4.78389,49.7188,2
71252,4.78889,49.72611,2
71253,4.78877,49.72617,2
71254,4.78393,49.71846,2
71255,4.78869,49.72627,2
71256,4.78603,49.72851,2
71257,4.78804,49.72545,2
71258,4.78592,49.7289,2
71259,4.78895,49.72657,2
71260,4.78393,49.71846,2
71261,4.78925,49.72652,2
71262,4.78393,49.71846,2
71263,4.78938,49.72661,2
71264,4.78393,49.71846,2
71265,4.78923,49.72664,2
71266,4.78393,49.71846,2
71267,4.78822,49.72775,2
71268,4.78907,49.72667,2
71269,4.78566,49.72987,2
71270,4.78229,49.74019,2
71271,4.78892,49.7267,2
71272,4.78566,49.72987,2
71273,4.78766,49.72638,2
71274,4.78393,49.71846,2
71275,4.78912,49.7266,2
71276,4.78868,49.7266,2
71277,4.78561,49.73006,2
71278,4.78852,49.72647,2
71279,4.78359,49.73406,2
71280,4.78582,49.73015,2
71281,4.78379,49.73593,2
71282,4.7883,49.72643,2
71283,4.78582,49.73015,2
71284,4.78476,49.72296,2
71285,4.78577,49.73026,2
71286,4.78787,49.72685,2
71287,4.78577,49.73026,2
71288,4.78796,49.72687,2
71289,4.78476,49.72296,2
71290,4.78753,49.72701,2
71291,4.78476,49.72296,2
71292,4.78778,49.72665,2
71293,4.78476,49.72296,2
71294,4.78731,49.72657,2
71295,4.78543,49.73047,2
71296,4.78847,49.7273,2
71297,4.78513,49.73109,2
71298,4.78731,49.72657,2
71299,4.78393,49.71846,2
71300,4.78737,49.72756,2
71301,4.78476,49.72296,2
71302,4.78731,49.72657,2
71303,4.78421,49.73246,2
71304,4.78631,49.73287,2
71305,4.78822,49.72775,2
71306,4.78731,49.72657,2
71307,4.78414,49.73257,2
71308,4.78731,49.72657,2
71309,4.78421,49.73246,2
71310,4.78446,49.73251,2
71311,4.78731,49.72657,2
71312,4.78471,49.73255,2
71313,4.78731,49.72657,2
71314,4.78454,49.73264,2
71315,4.78454,49.73264,2
71316,4.78731,49.72657,2
71317,4.78434,49.73261,2
71318,4.78731,49.72657,2
71319,4.78471,49.73255,2
71320,4.78496,49.73259,2
71321,4.78731,49.72657,2
71322,4.78474,49.73267,2
71323,4.78494,49.73271,2
71324,4.78666,49.72705,2
71325,4.7851,49.73253,2
71326,4.78731,49.72657,2
71327,4.7851,49.73253,2
71328,4.78731,49.72657,2
71329,4.78501,49.73253,2
71330,4.78731,49.72657,2
71331,4.7851,49.73253,2
71332,4.78731,49.72657,2
71333,4.78582,49.73281,2
71334,4.78731,49.72657,2
71335,4.78574,49.7328,2
71336,4.78731,49.72657,2
71337,4.7851,49.73253,2
71338,4.7851,49.73253,2
71339,4.78731,49.72657,2
71340,4.78557,49.73278,2
71341,4.78731,49.72657,2
71342,4.78566,49.73279,2
71343,4.788694,49.726544,2
71344,4.78525,49.73275,2
71345,4.787467,49.727243,2
71346,4.78533,49.73276,2
71347,4.787467,49.727243,2
71348,4.78508,49.73273,2
71349,4.787878,49.726857,2
71350,4.78517,49.73274,2
71351,4.787878,49.726857,2
71352,4.7851,49.73253,2
71353,4.78743,49.727352,2
71354,4.78434,49.73261,2
71355,4.78743,49.727352,2
71356,4.78549,49.73278,2
71357,4.78541,49.73277,2
71358,4.787745,49.726968,2
71359,4.7851,49.73253,2
71360,4.78743,49.727334,2
71361,4.7851,49.73253,2
71362,4.7851,49.73253,2
71363,4.78675,49.73138,2
71364,4.78804,49.72545,2
71365,4.78675,49.73138,2
71366,4.78675,49.73138,2
71367,4.78675,49.73138,2
71368,4.78535,49.73213,2
71369,4.78675,49.73138,2
71370,4.78624,49.73155,2
71371,4.787,49.73136,2
71372,4.78675,49.73138,2
71373,4.78721,49.73136,2
71374,4.78708,49.73167,2
71375,4.78692,49.73198,2
71376,4.78654,49.73213,2
71377,4.78709,49.73188,2
71378,4.78709,49.73188,2
71379,4.78709,49.73188,2
71380,4.78709,49.73188,2
71381,4.78709,49.73188,2
71382,4.78709,49.73188,2
71383,4.7867,49.73223,2
71384,4.78715,49.73193,2
71385,4.78735,49.73146,2
71386,4.78747,49.73116,2
71387,4.7876,49.7309,2
71388,4.78753,49.73103,2
71389,4.78761,49.73076,2
71390,4.78675,49.73138,2
71391,4.78761,49.73062,2
71392,4.78753,49.73051,2
71393,4.78712,49.73043,2
71394,4.78732,49.73047,2
71395,4.78682,49.73053,2
71396,4.78691,49.73041,2
71397,4.78674,49.73066,2
71398,4.78666,49.73079,2
71399,4.78685,49.7308,2
71400,4.78697,49.73061,2
71401,4.78721,49.73057,2
71402,4.78743,49.73069,2
71403,4.78741,49.73089,2
71404,4.78731,49.73109,2
71405,4.78726,49.73051,2
71406,4.78726,49.73051,2
71407,4.78566,49.73172,2
71408,4.78595,49.7317,2
71409,4.78578,49.73166,2
71410,4.7856,49.73163,2
71411,4.78543,49.73159,2
71412,4.78546,49.73172,2
71413,4.78581,49.73179,2
71414,4.7858,49.73181,2
71415,4.7855,49.73196,2
71416,4.78514,49.732,2
71417,4.78476,49.73197,2
71418,4.78643,49.72684,2
71419,4.78619,49.72681,2
71420,4.78594,49.72682,2
71421,4.7859,49.72671,2
71422,4.78822,49.72775,2
71423,4.78617,49.72669,2
71424,4.78645,49.72672,2
71425,4.78665,49.7267,2
71426,4.78689,49.72662,2
71427,4.78693,49.72661,2
71428,4.78687,49.72652,2
71429,4.78681,49.72643,2
71430,4.78674,49.72634,2
71431,4.78,49.74634,2
71432,4.7851,49.73253,2
71433,4.78668,49.72625,2
71434,4.7851,49.73253,2
71435,4.78661,49.72617,2
71436,4.78678,49.72612,2
71437,4.78686,49.72623,2
71438,4.78694,49.72634,2
71439,4.78701,49.72644,2
71440,4.78709,49.72655,2
71441,4.78688,49.72635,2
71442,4.7875,49.72658,2
71443,4.78722,49.72665,2
71444,4.78669,49.72692,2
71445,4.78676,49.72718,2
71446,4.78653,49.73499,2
71447,4.78229,49.74019,2
71448,4.78701,49.73498,2
71449,4.78653,49.73499,2
71450,4.78649,49.75401,2
71451,4.78653,49.73499,2
71452,4.78653,49.73499,2
71453,4.7877,49.73409,2
71454,4.7877,49.73409,2
71455,4.7877,49.73409,2
71456,4.7877,49.73409,2
71457,4.78653,49.73499,2
71458,4.78653,49.73499,2
71459,4.78653,49.73499,2
71460,4.78653,49.73499,2
71461,4.64845,49.92981,2
71462,4.64845,49.92981,2
71463,4.64845,49.92981,2
71464,4.64845,49.92981,2
71465,4.64845,49.92981,2
71466,4.64845,49.92981,2
71467,4.64845,49.92981,2
71468,4.64845,49.92981,2
71469,4.64845,49.92981,2
71470,4.64845,49.92981,2
71471,4.64845,49.92981,2
71472,4.64845,49.92981,2
71473,4.64845,49.92981,2
71474,4.64845,49.92981,2
71475,4.64845,49.92981,2
71476,4.64845,49.92981,2
71477,4.64824,49.92917,2
71478,4.6482,49.92902,2
71479,4.64813,49.9288,2
71480,4.64823,49.92851,2
71481,4.64828,49.92869,2
71482,4.64836,49.92894,2
71483,4.64825,49.92858,2
71484,4.6482,49.92842,2
71485,4.6482,49.92842,2
71486,4.6482,49.92842,2
71487,4.64803,49.92847,2
71488,4.64796,49.92824,2
71489,4.64817,49.92834,2
71490,4.64811,49.92814,2
71491,4.64814,49.92823,2
71492,4.6479,49.92804,2
71493,4.64804,49.92786,2
71494,4.64806,49.92773,2
71495,4.64788,49.92773,2
71496,4.64791,49.92748,2
71497,4.64794,49.92722,2
71498,4.64811,49.92695,2
71499,4.64827,49.92674,2
71500,4.64789,49.92764,2
71501,4.64809,49.92745,2
71502,4.64812,49.92723,2
71503,4.64855,49.92663,2
71504,4.64825,49.92704,2
71505,4.64843,49.92652,2
71506,4.64812,49.92723,2
71507,4.64876,49.92608,2
71508,4.64861,49.92626,2
71509,4.6489,49.92616,2
71510,4.64861,49.92626,2
71511,4.64888,49.92617,2
71512,4.64872,49.92612,2
71513,4.64896,49.92596,2
71514,4.64918,49.92583,2
71515,4.64934,49.92573,2
71516,4.64925,49.92579,2
71517,4.64952,49.92562,2
71518,4.64957,49.9256,2
71519,4.65006,49.92543,2
71520,4.65044,49.92532,2
71521,4.65099,49.92526,2
71522,4.65146,49.92522,2
71523,4.665518,49.93152,2
71524,4.64674,49.92651,2
71525,4.63843,49.93866,2
71526,4.650183,49.92539,2
71527,4.650183,49.92539,2
71528,4.661703,49.930263,2
71529,4.65171,49.92828,2
71530,4.650183,49.92539,2
71531,4.64999,49.925448,2
71532,4.70586,49.90714,2
71533,4.63843,49.93866,2
71534,4.64868,49.9302,2
71535,4.64975,49.9342,2
71536,4.66456,49.931269,2
71537,4.63739,49.94061,2
71538,4.63739,49.94061,2
71539,4.63843,49.93866,2
71540,4.64948,49.93398,2
71541,4.64886,49.933607,2
71542,4.63843,49.93866,2
71543,4.663019,49.930732,2
71544,4.64879,49.93342,2
71545,4.64886,49.93348,2
71546,4.64744,49.9318,2
71547,4.663174,49.930783,2
71548,4.662948,49.930707,2
71549,4.63739,49.94061,2
71550,4.64621,49.92943,2
71551,4.64845,49.92981,2
71552,4.64925,49.92579,2
71553,4.64622,49.92931,2
71554,4.64405,49.94289,2
71555,4.64868,49.9302,2
71556,4.64617,49.93012,2
71557,4.63843,49.93866,2
71558,4.63843,49.93866,2
71559,4.64673,49.92702,2
71560,4.64734,49.93179,2
71561,4.64652,49.9272,2
71562,4.64626,49.93006,2
71563,4.64624,49.92909,2
71564,4.64626,49.93006,2
71565,4.64657,49.92697,2
71566,4.64628,49.92857,2
71567,4.64657,49.92787,2
71568,4.64645,49.92757,2
71569,4.64666,49.92673,2
71570,4.64648,49.92743,2
71571,4.64656,49.927,2
71572,4.64626,49.93006,2
71573,4.64683,49.92629,2
71574,4.64674,49.927,2
71575,4.647,49.92633,2
71576,4.64692,49.92605,2
71577,4.64721,49.92585,2
71578,4.64715,49.92569,2
71579,4.64766,49.92537,2
71580,4.64751,49.92531,2
71581,4.64651,49.92822,2
71582,4.64786,49.92787,2
71583,4.6463,49.92834,2
71584,4.64643,49.92902,2
71585,4.64787,49.93229,2
71586,4.64861,49.93308,2
71587,4.64626,49.93006,2
71588,4.64876,49.93339,2
71589,4.64985,49.92661,2
71590,4.64985,49.92661,2
71591,4.64985,49.92661,2
71592,4.64985,49.92661,2
71593,4.64963,49.92572,2
71594,4.64985,49.92661,2
71595,4.65001,49.92602,2
71596,4.64965,49.92702,2
71597,4.64987,49.92731,2
71598,4.64997,49.92722,2
71599,4.64982,49.92704,2
71600,4.64989,49.92684,2
71601,4.64995,49.92663,2
71602,4.65001,49.92642,2
71603,4.65008,49.92622,2
71604,4.65022,49.92603,2
71605,4.64986,49.92634,2
71606,4.64641,49.92779,2
71607,4.64626,49.93006,2
71608,4.64985,49.92661,2
71609,4.64626,49.93006,2
71610,4.64646,49.92857,2
71611,4.64623,49.92923,2
71612,4.650045,49.925429,2
71613,4.64626,49.93006,2
71614,4.64626,49.93006,2
71615,4.63739,49.94061,2
71616,4.63739,49.94061,2
71617,4.63739,49.94061,2
71618,4.63739,49.94061,2
71619,4.63739,49.94061,2
71620,4.63739,49.94061,2
71621,4.63739,49.94061,2
71622,4.63739,49.94061,2
71623,4.63739,49.94061,2
71624,4.63739,49.94061,2
71625,4.63739,49.94061,2
71626,4.63739,49.94061,2
71627,4.63739,49.94061,2
71628,4.64845,49.92981,2
71629,4.63739,49.94061,2
71630,4.63739,49.94061,2
71631,4.64845,49.92981,2
71632,4.63739,49.94061,2
71633,4.63739,49.94061,2
71634,4.63739,49.94061,2
71635,4.63739,49.94061,2
71636,4.63739,49.94061,2
71637,4.63739,49.94061,2
71638,4.63739,49.94061,2
71639,4.64673,49.92702,2
71640,4.64673,49.92702,2
71641,4.63739,49.94061,2
71642,4.63739,49.94061,2
71643,4.63739,49.94061,2
71644,4.63739,49.94061,2
71645,4.63739,49.94061,2
71646,4.63739,49.94061,2
71647,4.63739,49.94061,2
71648,4.63739,49.94061,2
71649,4.63739,49.94061,2
71650,4.63739,49.94061,2
71651,4.63739,49.94061,2
71652,4.63739,49.94061,2
71653,4.63739,49.94061,2
71654,4.63739,49.94061,2
71655,4.63739,49.94061,2
71656,4.63739,49.94061,2
71657,4.63739,49.94061,2
71658,4.63739,49.94061,2
71659,4.63739,49.94061,2
71660,4.63739,49.94061,2
71661,4.64845,49.92981,2
71662,4.64845,49.92981,2
71663,4.64845,49.92981,2
71664,4.64845,49.92981,2
71665,4.73989,49.75017,2
71666,4.73989,49.75017,2
71667,4.73668,49.75129,2
71668,4.73668,49.75129,2
71669,4.73885,49.75052,2
71670,4.73985,49.75038,2
71671,4.73654,49.75135,2
71672,4.74332,49.74986,2
71673,4.73647,49.75138,2
71674,4.73618,49.75151,2
71675,4.73647,49.75138,2
71676,4.73626,49.75148,2
71677,4.73654,49.75135,2
71678,4.73668,49.75129,2
71679,4.73868,49.75045,2
71680,4.73668,49.75129,2
71681,4.73668,49.75129,2
71682,4.73668,49.75129,2
71683,4.73668,49.75129,2
71684,4.73668,49.75129,2
71685,4.73668,49.75129,2
71686,4.73668,49.75129,2
71687,4.73712,49.75112,2
71688,4.73729,49.75106,2
71689,4.73743,49.75101,2
71690,4.73757,49.75096,2
71691,4.7377,49.75092,2
71692,4.73784,49.75087,2
71693,4.73798,49.75082,2
71694,4.73871,49.75067,2
71695,4.73875,49.75075,2
71696,4.73882,49.75092,2
71697,4.73886,49.75101,2
71698,4.73891,49.75109,2
71699,4.73867,49.75058,2
71700,4.73812,49.75077,2
71701,4.73901,49.75115,2
71702,4.73812,49.75077,2
71703,4.73879,49.75084,2
71704,4.73869,49.75058,2
71705,4.73869,49.75058,2
71706,4.73869,49.75058,2
71707,4.73869,49.75058,2
71708,4.73869,49.75058,2
71709,4.73869,49.75058,2
71710,4.73885,49.75052,2
71711,4.73935,49.75036,2
71712,4.73952,49.7503,2
71713,4.73969,49.75024,2
71714,4.73985,49.75038,2
71715,4.73985,49.75038,2
71716,4.73985,49.75038,2
71717,4.739805,49.750172,2
71718,4.73985,49.75038,2
71719,4.73985,49.75038,2
71720,4.73985,49.75038,2
71721,4.73985,49.75038,2
71722,4.73985,49.75038,2
71723,4.73979,49.75021,2
71724,4.73981,49.7502,2
71725,4.73984,49.75019,2
71726,4.73989,49.75017,2
71727,4.73994,49.75015,2
71728,4.73997,49.75014,2
71729,4.74,49.75013,2
71730,4.73855,49.75049,2
71731,4.740821,49.749963,2
71732,4.73868,49.75045,2
71733,4.73875,49.75043,2
71734,4.73881,49.75041,2
71735,4.73888,49.75038,2
71736,4.74002,49.75012,2
71737,4.74008,49.7501,2
71738,4.741694,49.749946,2
71739,4.73914,49.7503,2
71740,4.7401,49.7501,2
71741,4.74013,49.75009,2
71742,4.73927,49.75025,2
71743,4.73933,49.75023,2
71744,4.74016,49.75009,2
71745,4.74019,49.75009,2
71746,4.74022,49.75008,2
71747,4.74025,49.75008,2
71748,4.74028,49.75007,2
71749,4.74031,49.75007,2
71750,4.73946,49.75019,2
71751,4.73953,49.75017,2
71752,4.73959,49.75015,2
71753,4.73966,49.75012,2
71754,4.74034,49.75006,2
71755,4.74037,49.75006,2
71756,4.7404,49.75005,2
71757,4.74045,49.75004,2
71758,4.73978,49.75008,2
71759,4.73984,49.75006,2
71760,4.73868,49.75045,2
71761,4.73868,49.75045,2
71762,4.74401,49.74126,2
71763,4.74401,49.74126,2
71764,4.74401,49.74126,2
71765,4.74401,49.74126,2
71766,4.74401,49.74126,2
71767,4.74401,49.74126,2
71768,4.74401,49.74126,2
71769,4.74401,49.74126,2
71770,4.74401,49.74126,2
71771,4.74401,49.74126,2
71772,4.74401,49.74126,2
71773,4.74401,49.74126,2
71774,4.7442,49.74136,2
71775,4.7442,49.74136,2
71776,4.7442,49.74136,2
71777,4.7442,49.74136,2
71778,4.7442,49.74136,2
71779,4.7442,49.74136,2
71780,4.7442,49.74136,2
71781,4.74439,49.74145,2
71782,4.74439,49.74145,2
71783,4.74439,49.74145,2
71784,4.74439,49.74145,2
71785,4.74439,49.74145,2
71786,4.743903,49.742131,2
71787,4.744,49.74246,2
71788,4.743903,49.742131,2
71789,4.744,49.74246,2
71790,4.744,49.74246,2
71791,4.743903,49.742131,2
71792,4.744,49.74246,2
71793,4.744,49.74246,2
71794,4.744,49.74246,2
71795,4.744,49.74246,2
71796,4.743903,49.742131,2
71797,4.74373,49.741973,2
71798,4.744,49.74246,2
71799,4.744,49.74246,2
71800,4.74441,49.74278,2
71801,4.74441,49.74278,2
71802,4.74441,49.74278,2
71803,4.743822,49.742178,2
71804,4.74441,49.74278,2
71805,4.74441,49.74278,2
71806,4.743822,49.742178,2
71807,4.74441,49.74278,2
71808,4.74441,49.74278,2
71809,4.743822,49.742178,2
71810,4.74441,49.74278,2
71811,4.74441,49.74278,2
71812,4.743822,49.742178,2
71813,4.74441,49.74278,2
71814,4.74441,49.74278,2
71815,4.74441,49.74278,2
71816,4.74441,49.74278,2
71817,4.74441,49.74278,2
71818,4.74441,49.74278,2
71819,4.74441,49.74278,2
71820,4.743822,49.742178,2
71821,4.74441,49.74278,2
71822,4.74441,49.74278,2
71823,4.743822,49.742178,2
71824,4.742438,49.735467,2
71825,4.74514,49.73764,2
71826,4.745851,49.74256,2
71827,4.74077,49.73373,2
71828,4.74546,49.73787,2
71829,4.74533,49.74194,2
71830,4.74533,49.74194,2
71831,4.74422,49.74113,2
71832,4.74533,49.74194,2
71833,4.74422,49.74113,2
71834,4.74582,49.74217,2
71835,4.74401,49.74126,2
71836,4.74582,49.74217,2
71837,4.74401,49.74126,2
71838,4.7442,49.74136,2
71839,4.7442,49.74136,2
71840,4.74439,49.74145,2
71841,4.74845,49.74053,2
71842,4.74439,49.74145,2
71843,4.74877,49.73988,2
71844,4.74439,49.74145,2
71845,4.743103,49.741913,2
71846,4.742573,49.742131,2
71847,4.742573,49.742131,2
71848,4.742572,49.742122,2
71849,4.742121,49.742265,2
71850,4.74489,49.74239,2
71851,4.74489,49.74239,2
71852,4.742121,49.742265,2
71853,4.743103,49.741913,2
71854,4.743103,49.741913,2
71855,4.742572,49.742122,2
71856,4.743542,49.741815,2
71857,4.743103,49.741913,2
71858,4.742121,49.742265,2
71859,4.742572,49.742122,2
71860,4.742572,49.742122,2
71861,4.74771,49.73914,2
71862,4.74771,49.73914,2
71863,4.74719,49.73867,2
71864,4.74691,49.73852,2
71865,4.7468,49.73846,2
71866,4.74669,49.7384,2
71867,4.73757,49.73165,2
71868,4.74657,49.73833,2
71869,4.74646,49.73827,2
71870,4.74618,49.73827,2
71871,4.74313,49.7365,2
71872,4.74285,49.73619,2
71873,4.74077,49.73373,2
71874,4.7374,49.73061,2
71875,4.73895,49.73185,2
71876,4.73481,49.72741,2
71877,4.74592,49.73797,2
71878,4.74323,49.73661,2
71879,4.74364,49.73694,2
71880,4.7434,49.73677,2
71881,4.74388,49.73708,2
71882,4.74413,49.73722,2
71883,4.73466,49.72747,2
71884,4.74388,49.73693,2
71885,4.74546,49.73787,2
71886,4.74546,49.73787,2
71887,4.74546,49.73787,2
71888,4.74546,49.73787,2
71889,4.74546,49.73787,2
71890,4.74596,49.73815,2
71891,4.74546,49.73787,2
71892,4.74546,49.73787,2
71893,4.74779,49.73903,2
71894,4.74546,49.73787,2
71895,4.748,49.73916,2
71896,4.75037,49.73549,2
71897,4.75037,49.73549,2
71898,4.75037,49.73549,2
71899,4.75037,49.73549,2
71900,4.7451,49.73769,2
71901,4.74815,49.73855,2
71902,4.74832,49.73832,2
71903,4.74848,49.7381,2
71904,4.74848,49.7381,2
71905,4.74848,49.7381,2
71906,4.75037,49.73549,2
71907,4.74782,49.73927,2
71908,4.74782,49.73927,2
71909,4.74795,49.73929,2
71910,4.74782,49.73927,2
71911,4.74782,49.73927,2
71912,4.74782,49.73927,2
71913,4.74782,49.73927,2
71914,4.74782,49.73927,2
71915,4.74782,49.73927,2
71916,4.74782,49.73927,2
71917,4.74782,49.73927,2
71918,4.74782,49.73927,2
71919,4.74782,49.73927,2
71920,4.74782,49.73927,2
71921,4.74851,49.73957,2
71922,4.74782,49.73927,2
71923,4.74624,49.73815,2
71924,4.74782,49.73927,2
71925,4.74782,49.73927,2
71926,4.74782,49.73927,2
71927,4.74761,49.73944,2
71928,4.74739,49.73959,2
71929,4.74759,49.73963,2
71930,4.74759,49.73963,2
71931,4.74782,49.73927,2
71932,4.74782,49.73927,2
71933,4.74715,49.74,2
71934,4.74695,49.74028,2
71935,4.74685,49.74042,2
71936,4.74675,49.74056,2
71937,4.74665,49.7407,2
71938,4.74645,49.74098,2
71939,4.7463,49.7411,2
71940,4.74602,49.74135,2
71941,4.74589,49.74147,2
71942,4.74575,49.7416,2
71943,4.74561,49.74173,2
71944,4.74548,49.74185,2
71945,4.7453,49.74201,2
71946,4.74489,49.74239,2
71947,4.74468,49.74258,2
71948,4.74447,49.74277,2
71949,4.74367,49.74375,2
71950,4.74386,49.74357,2
71951,4.7441,49.74335,2
71952,4.7441,49.74335,2
71953,4.74459,49.74286,2
71954,4.74459,49.74286,2
71955,4.74474,49.74273,2
71956,4.74489,49.74259,2
71957,4.74518,49.74232,2
71958,4.74504,49.74246,2
71959,4.74548,49.74205,2
71960,4.74548,49.74205,2
71961,4.74572,49.74183,2
71962,4.74604,49.74154,2
71963,4.74668,49.74095,2
71964,4.74691,49.74062,2
71965,4.74714,49.74029,2
71966,4.746539,49.740992,2
71967,4.74759,49.73963,2
71968,4.74759,49.73963,2
71969,4.74495,49.74175,2
71970,4.74533,49.74194,2
71971,4.74533,49.74194,2
71972,4.74476,49.74165,2
71973,4.74457,49.74155,2
71974,4.74478,49.74151,2
71975,4.74418,49.7412,2
71976,4.74745,49.74281,2
71977,4.74587,49.74212,2
71978,4.74448,49.74135,2
71979,4.74508,49.74167,2
71980,4.74539,49.74182,2
71981,4.74608,49.74237,2
71982,4.74588,49.74257,2
71983,4.74669,49.74244,2
71984,4.74669,49.74244,2
71985,4.74694,49.74256,2
71986,4.74703,49.74339,2
71987,4.7473,49.74288,2
71988,4.74751,49.74299,2
71989,4.74771,49.74309,2
71990,4.74792,49.7432,2
71991,4.74792,49.7432,2
71992,4.74745,49.74281,2
71993,4.748,49.74309,2
71994,4.7485,49.74141,2
71995,4.7485,49.74129,2
71996,4.74849,49.74116,2
71997,4.74848,49.74103,2
71998,4.74847,49.74091,2
71999,4.74847,49.74078,2
72000,4.74868,49.74136,2
72001,4.74867,49.74115,2
72002,4.74866,49.74093,2
72003,4.74846,49.74066,2
72004,4.74845,49.74041,2
72005,4.74844,49.74028,2
72006,4.74842,49.74003,2
72007,4.74862,49.74028,2
72008,4.74863,49.7405,2
72009,4.74863,49.7405,2
72010,4.74864,49.74072,2
72011,4.74864,49.74072,2
72012,4.7484,49.73992,2
72013,4.7484,49.73992,2
72014,4.74836,49.7398,2
72015,4.74827,49.73956,2
72016,4.74851,49.73957,2
72017,4.74851,49.73957,2
72018,4.74851,49.73957,2
72019,4.74851,49.73957,2
72020,4.74851,49.73957,2
72021,4.74851,49.73957,2
72022,4.74851,49.73957,2
72023,4.74854,49.73951,2
72024,4.74828,49.73935,2
72025,4.74836,49.73942,2
72026,4.74836,49.73942,2
72027,4.74864,49.73996,2
72028,4.74877,49.73988,2
72029,4.74877,49.73988,2
72030,4.74877,49.73988,2
72031,4.74877,49.73988,2
72032,4.74985,49.73917,2
72033,4.74964,49.73926,2
72034,4.74935,49.73941,2
72035,4.74917,49.7395,2
72036,4.74422,49.74113,2
72037,4.74422,49.74113,2
72038,4.74422,49.74113,2
72039,4.74422,49.74113,2
72040,4.74422,49.74113,2
72041,4.74422,49.74113,2
72042,4.74422,49.74113,2
72043,4.74401,49.74126,2
72044,4.74401,49.74126,2
72045,4.705867,49.267647,2
72046,4.70673,49.274452,2
72047,4.70625,49.26783,2
72048,4.706979,49.268218,2
72049,4.706979,49.268218,2
72050,4.70703,49.27418,2
72051,4.706019,49.267662,2
72052,4.70526,49.27178,2
72053,4.706244,49.272242,2
72054,4.706397,49.275277,2
72055,4.706397,49.275277,2
72056,4.704556,49.267215,2
72057,4.703667,49.271475,2
72058,4.706858,49.267987,2
72059,4.70625,49.26783,2
72060,4.70616,49.26732,2
72061,4.707171,49.268808,2
72062,4.708036,49.268215,2
72063,4.707575,49.268045,2
72064,4.705978,49.267672,2
72065,4.705978,49.267672,2
72066,4.70625,49.26783,2
72067,4.705978,49.267672,2
72068,4.70625,49.26783,2
72069,4.70616,49.26732,2
72070,4.70616,49.26732,2
72071,4.706239,49.267361,2
72072,4.70616,49.26732,2
72073,4.70591,49.26667,2
72074,4.70616,49.26732,2
72075,4.70591,49.26667,2
72076,4.70492,49.26736,2
72077,4.70625,49.26783,2
72078,4.70526,49.27178,2
72079,4.704835,49.271784,2
72080,4.704807,49.271776,2
72081,4.704626,49.271716,2
72082,4.70526,49.27178,2
72083,4.70395,49.271352,2
72084,4.707266,49.272671,2
72085,4.706244,49.272242,2
72086,4.706244,49.272242,2
72087,4.706244,49.272242,2
72088,4.70526,49.27178,2
72089,4.706986,49.272551,2
72090,4.70342,49.271785,2
72091,4.707666,49.267944,2
72092,4.707588,49.272808,2
72093,4.707364,49.272714,2
72094,4.70735,49.272705,2
72095,4.707604,49.273734,2
72096,4.70526,49.27178,2
72097,4.706822,49.274369,2
72098,4.706519,49.274636,2
72099,4.706057,49.275041,2
72100,4.705059,49.267402,2
72101,4.707172,49.268835,2
72102,4.706678,49.272422,2
72103,4.636092,49.271313,2
72104,4.636249,49.271751,2
72105,4.63644,49.27392,2
72106,4.63644,49.27392,2
72107,4.63644,49.27392,2
72108,4.63644,49.27392,2
72109,4.63644,49.27392,2
72110,4.63644,49.27392,2
72111,4.63635,49.27186,2
72112,4.63644,49.27392,2
72113,4.638458,49.271996,2
72114,4.63644,49.27392,2
72115,4.63644,49.27392,2
72116,4.63635,49.27186,2
72117,4.636218,49.27167,2
72118,4.636249,49.271751,2
72119,4.63644,49.27392,2
72120,4.63562,49.27426,2
72121,4.63644,49.27392,2
72122,4.63644,49.27392,2
72123,4.63644,49.27392,2
72124,4.63644,49.27392,2
72125,4.63644,49.27392,2
72126,4.63644,49.27392,2
72127,4.63644,49.27392,2
72128,4.63644,49.27392,2
72129,4.63644,49.27392,2
72130,4.63406,49.27384,2
72131,4.63562,49.27426,2
72132,4.63635,49.27186,2
72133,4.63644,49.27392,2
72134,4.63644,49.27392,2
72135,4.63406,49.27384,2
72136,4.474492,49.519348,2
72137,4.474392,49.519592,2
72138,4.474266,49.519882,2
72139,4.474279,49.519873,2
72140,4.474279,49.519873,2
72141,4.474279,49.519873,2
72142,4.474392,49.519592,2
72143,4.474392,49.519592,2
72144,4.474186,49.520279,2
72145,4.47378,49.52034,2
72146,4.4736,49.52026,2
72147,4.47343,49.52017,2
72148,4.47326,49.52009,2
72149,4.47308,49.52,2
72150,4.47291,49.51991,2
72151,4.47273,49.51981,2
72152,4.47255,49.51971,2
72153,4.47237,49.51961,2
72154,4.47218,49.51951,2
72155,4.4556,49.50824,2
72156,4.47459,49.52082,2
72157,4.45894,49.5091,2
72158,4.455908,49.507177,2
72159,4.47487,49.52106,2
72160,4.47591,49.52226,2
72161,4.474467,49.519411,2
72162,4.4556,49.50824,2
72163,4.4556,49.50824,2
72164,4.45733,49.50527,2
72165,4.45733,49.50527,2
72166,4.45733,49.50527,2
72167,4.48086,49.52242,2
72168,4.48086,49.52242,2
72169,4.47459,49.52082,2
72170,4.47243,49.5198,2
72171,4.4601,49.50622,2
72172,4.45616,49.5033,2
72173,4.45638,49.50524,2
72174,4.45733,49.50527,2
72175,4.45733,49.50527,2
72176,4.48086,49.52242,2
72177,4.48086,49.52242,2
72178,4.45367,49.50314,2
72179,4.458438,49.508966,2
72180,4.4556,49.50824,2
72181,4.4556,49.50824,2
72182,4.45733,49.50527,2
72183,4.459375,49.509264,2
72184,4.458984,49.509145,2
72185,4.47459,49.52082,2
72186,4.45421,49.50338,2
72187,4.4601,49.50622,2
72188,4.4556,49.50824,2
72189,4.4556,49.50824,2
72190,4.4556,49.50824,2
72191,4.4556,49.50824,2
72192,4.4556,49.50824,2
72193,4.4556,49.50824,2
72194,4.455938,49.50723,2
72195,4.4556,49.50824,2
72196,4.4556,49.50824,2
72197,4.4556,49.50824,2
72198,4.4556,49.50824,2
72199,4.4556,49.50824,2
72200,4.4556,49.50824,2
72201,4.4556,49.50824,2
72202,4.4556,49.50824,2
72203,4.4556,49.50824,2
72204,4.456534,49.506968,2
72205,4.45733,49.50527,2
72206,4.45733,49.50527,2
72207,4.45733,49.50527,2
72208,4.45733,49.50527,2
72209,4.45733,49.50527,2
72210,4.45733,49.50527,2
72211,4.45733,49.50527,2
72212,4.45733,49.50527,2
72213,4.45733,49.50527,2
72214,4.45733,49.50527,2
72215,4.45733,49.50527,2
72216,4.45733,49.50527,2
72217,4.45733,49.50527,2
72218,4.45733,49.50527,2
72219,4.45733,49.50527,2
72220,4.45733,49.50527,2
72221,4.45733,49.50527,2
72222,4.45733,49.50527,2
72223,4.45733,49.50527,2
72224,4.45733,49.50527,2
72225,4.45733,49.50527,2
72226,4.45733,49.50527,2
72227,4.45733,49.50527,2
72228,4.45733,49.50527,2
72229,4.45733,49.50527,2
72230,4.45733,49.50527,2
72231,4.45733,49.50527,2
72232,4.45638,49.50518,2
72233,4.45638,49.50518,2
72234,4.45638,49.50518,2
72235,4.45638,49.50518,2
72236,4.45638,49.50518,2
72237,4.45755,49.50448,2
72238,4.45733,49.50527,2
72239,4.45735,49.50475,2
72240,4.4601,49.50622,2
72241,4.45761,49.5045,2
72242,4.45755,49.50448,2
72243,4.45755,49.50448,2
72244,4.45755,49.50448,2
72245,4.45755,49.50448,2
72246,4.45423,49.50332,2
72247,4.45755,49.50448,2
72248,4.45741,49.50424,2
72249,4.45719,49.50407,2
72250,4.45733,49.50399,2
72251,4.45703,49.50394,2
72252,4.45616,49.5033,2
72253,4.45616,49.5033,2
72254,4.45616,49.5033,2
72255,4.45616,49.5033,2
72256,4.45616,49.5033,2
72257,4.45616,49.5033,2
72258,4.45616,49.5033,2
72259,4.45616,49.5033,2
72260,4.45616,49.5033,2
72261,4.45616,49.5033,2
72262,4.45616,49.5033,2
72263,4.45519,49.5046,2
72264,4.45616,49.5033,2
72265,4.45616,49.5033,2
72266,4.45616,49.5033,2
72267,4.45504,49.50445,2
72268,4.45504,49.50445,2
72269,4.45504,49.50445,2
72270,4.45504,49.50445,2
72271,4.45504,49.50445,2
72272,4.45504,49.50445,2
72273,4.45504,49.50445,2
72274,4.45504,49.50445,2
72275,4.45519,49.5046,2
72276,4.45504,49.50445,2
72277,4.45501,49.50397,2
72278,4.45875,49.50525,2
72279,4.4601,49.50622,2
72280,4.45772,49.5049,2
72281,4.45835,49.50496,2
72282,4.45909,49.5056,2
72283,4.4601,49.50622,2
72284,4.45772,49.5049,2
72285,4.4601,49.50622,2
72286,4.4601,49.50622,2
72287,4.4601,49.50622,2
72288,4.4601,49.50622,2
72289,4.4601,49.50622,2
72290,4.4601,49.50622,2
72291,4.4601,49.50622,2
72292,4.4601,49.50622,2
72293,4.4601,49.50622,2
72294,4.45948,49.50592,2
72295,4.4601,49.50622,2
72296,4.45995,49.5062,2
72297,4.46042,49.50648,2
72298,4.46089,49.50677,2
72299,4.4601,49.50622,2
72300,4.45984,49.50608,2
72301,4.46136,49.50705,2
72302,4.48086,49.52242,2
72303,4.48086,49.52242,2
72304,4.48086,49.52242,2
72305,4.48086,49.52242,2
72306,4.48086,49.52242,2
72307,4.48086,49.52242,2
72308,4.48086,49.52242,2
72309,4.48086,49.52242,2
72310,4.48086,49.52242,2
72311,4.48086,49.52242,2
72312,4.48086,49.52242,2
72313,4.48086,49.52242,2
72314,4.45755,49.50448,2
72315,4.48086,49.52242,2
72316,4.48086,49.52242,2
72317,4.48086,49.52242,2
72318,4.48086,49.52242,2
72319,4.48086,49.52242,2
72320,4.48086,49.52242,2
72321,4.48086,49.52242,2
72322,4.48086,49.52242,2
72323,4.48086,49.52242,2
72324,4.48086,49.52242,2
72325,4.48086,49.52242,2
72326,4.48086,49.52242,2
72327,4.48086,49.52242,2
72328,4.47766,49.52287,2
72329,4.47766,49.52287,2
72330,4.47766,49.52287,2
72331,4.47766,49.52287,2
72332,4.47766,49.52287,2
72333,4.479015,49.522556,2
72334,4.479015,49.522556,2
72335,4.479015,49.522556,2
72336,4.479015,49.522556,2
72337,4.479015,49.522556,2
72338,4.47791,49.52274,2
72339,4.47766,49.52287,2
72340,4.47459,49.52082,2
72341,4.47459,49.52082,2
72342,4.47459,49.52082,2
72343,4.47459,49.52082,2
72344,4.48086,49.52242,2
72345,4.47459,49.52082,2
72346,4.47459,49.52082,2
72347,4.47604,49.52264,2
72348,4.47591,49.52226,2
72349,4.47459,49.52082,2
72350,4.47459,49.52082,2
72351,4.4758,49.52195,2
72352,4.47514,49.52121,2
72353,4.47459,49.52082,2
72354,4.47568,49.52164,2
72355,4.47551,49.52134,2
72356,4.475268,49.521086,2
72357,4.47528,49.52114,2
72358,4.47506,49.52101,2
72359,4.47483,49.52089,2
72360,4.47461,49.52077,2
72361,4.47438,49.52065,2
72362,4.47415,49.52053,2
72363,4.474951,49.521092,2
72364,4.47406,49.52063,2
72365,4.47433,49.52077,2
72366,4.4746,49.52092,2
72367,4.47487,49.52106,2
72368,4.47514,49.52121,2
72369,4.47459,49.52082,2
72370,4.47459,49.52082,2
72371,4.47459,49.52082,2
72372,4.47459,49.52082,2
72373,4.4746,49.52092,2
72374,4.4746,49.52092,2
72375,4.47433,49.52077,2
72376,4.47395,49.52043,2
72377,4.66072,49.30763,2
72378,4.66517,49.30806,2
72379,4.66117,49.30765,2
72380,4.66318,49.30778,2
72381,4.66164,49.30768,2
72382,4.66034,49.30763,2
72383,4.65789,49.30693,2
72384,4.65925,49.30731,2
72385,4.66023,49.30662,2
72386,4.65889,49.30611,2
72387,4.65889,49.30611,2
72388,4.65889,49.30611,2
72389,4.65889,49.30611,2
72390,4.6579,49.30629,2
72391,4.65774,49.3062,2
72392,4.65759,49.30608,2
72393,4.65759,49.30608,2
72394,4.65759,49.30608,2
72395,4.65889,49.30611,2
72396,4.65889,49.30611,2
72397,4.65759,49.30608,2
72398,4.65806,49.30637,2
72399,4.659722,49.306064,2
72400,4.65811,49.30699,2
72401,4.65811,49.30699,2
72402,4.65751,49.30674,2
72403,4.65846,49.3082,2
72404,4.65889,49.30611,2
72405,4.65917,49.30742,2
72406,4.65889,49.30611,2
72407,4.65811,49.30699,2
72408,4.65933,49.30767,2
72409,4.65956,49.30761,2
72410,4.65915,49.30747,2
72411,4.65881,49.30788,2
72412,4.65781,49.30877,2
72413,4.65893,49.30796,2
72414,4.65877,49.30968,2
72415,4.65916,49.31001,2
72416,4.65863,49.30976,2
72417,4.65956,49.31035,2
72418,4.65903,49.31009,2
72419,4.65942,49.31042,2
72420,4.65998,49.31066,2
72421,4.65985,49.31074,2
72422,4.6546,49.30842,2
72423,4.65547,49.3084,2
72424,4.65603,49.30845,2
72425,4.6557,49.3081,2
72426,4.65811,49.30699,2
72427,4.65864,49.30733,2
72428,4.67812,49.309239,2
72429,4.66248,49.30771,2
72430,4.66118,49.30761,2
72431,4.65995,49.30762,2
72432,4.65956,49.30508,2
72433,4.65802,49.30619,2
72434,4.65885,49.30606,2
72435,4.65925,49.30731,2
72436,4.65893,49.30796,2
72437,4.65915,49.30747,2
72438,4.65836,49.30837,2
72439,4.65375,49.30835,2
72440,4.65552,49.3081,2
72441,4.66287,49.26163,2
72442,4.66235,49.26183,2
72443,4.66391,49.26139,2
72444,4.66366,49.26125,2
72445,4.66303,49.26085,2
72446,4.6621,49.26013,2
72447,4.66271,49.26042,2
72448,4.66416,49.26169,2
72449,4.66415,49.26153,2
72450,4.66551,49.26221,2
72451,4.66309,49.26071,2
72452,4.6644,49.26167,2
72453,4.66463,49.26194,2
72454,4.66545,49.26163,2
72455,4.66469,49.26156,2
72456,4.66506,49.26215,2
72457,4.66463,49.26179,2
72458,4.66506,49.26201,2
72459,4.66399,49.26151,2
72460,4.66485,49.2619,2
72461,4.66528,49.26211,2
72462,4.66538,49.26213,2
72463,4.66511,49.26255,2
72464,4.66465,49.26257,2
72465,4.66583,49.26244,2
72466,4.66561,49.26239,2
72467,4.66556,49.26247,2
72468,4.66581,49.26232,2
72469,4.6659,49.26204,2
72470,4.66682,49.2629,2
72471,4.6668,49.26283,2
72472,4.66693,49.26281,2
72473,4.66836,49.26309,2
72474,4.66485,49.26455,2
72475,4.66595,49.264,2
72476,4.663831,49.265368,2
72477,4.664064,49.265058,2
72478,4.66607,49.26409,2
72479,4.66551,49.26221,2
72480,4.6659,49.26204,2
72481,4.66593,49.2615,2
72482,4.66608,49.26156,2
72483,4.66623,49.2604,2
72484,4.67028,49.26186,2
72485,4.66731,49.26105,2
72486,4.67028,49.26186,2
72487,4.67943,49.26453,2
72488,4.67021,49.26198,2
72489,4.66875,49.26145,2
72490,4.66506,49.26215,2
72491,4.66399,49.26151,2
72492,4.66248,49.26032,2
72493,4.6634,49.26103,2
72494,4.66196,49.25983,2
72495,4.6654,49.2623,2
72496,4.66418,49.26256,2
72497,4.6668,49.26283,2
72498,4.664843,49.26498,2
72499,4.66734,49.26363,2
72500,4.66662,49.26119,2
72501,4.66649,49.26111,2
72502,4.665133,49.265001,2
72503,4.6788,49.28967,2
72504,4.68293,49.29001,2
72505,4.67996,49.2896,2
72506,4.68083,49.28976,2
72507,4.68575,49.29043,2
72508,4.68103,49.28989,2
72509,4.68075,49.28964,2
72510,4.68103,49.28989,2
72511,4.68575,49.29043,2
72512,4.67995,49.28972,2
72513,4.68066,49.28929,2
72514,4.68048,49.28927,2
72515,4.68094,49.28778,2
72516,4.67965,49.29029,2
72517,4.67963,49.28994,2
72518,4.67965,49.29029,2
72519,4.67941,49.29038,2
72520,4.67969,49.29049,2
72521,4.68487,49.29048,2
72522,4.68116,49.2897,2
72523,4.69812,49.28135,2
72524,4.69506,49.281189,2
72525,4.694288,49.280827,2
72526,4.69812,49.28135,2
72527,4.69812,49.28135,2
72528,4.70707,49.27421,2
72529,4.71927,49.29255,2
72530,4.68696,49.29042,2
72531,4.68439,49.29029,2
72532,4.68192,49.28984,2
72533,4.68103,49.28989,2
72534,4.68575,49.29043,2
72535,4.67996,49.2896,2
72536,4.67965,49.29029,2
72537,4.67965,49.29043,2
72538,4.68116,49.2897,2
72539,4.69812,49.28135,2
72540,4.69506,49.281189,2
72541,4.69506,49.281189,2
72542,4.693399,49.281509,2
72543,4.70707,49.27421,2
72544,4.68116,49.2897,2
72545,4.85413,49.73722,2
72546,4.85413,49.73722,2
72547,4.85413,49.73722,2
72548,4.85413,49.73722,2
72549,4.85413,49.73722,2
72550,4.85413,49.73722,2
72551,4.85413,49.73722,2
72552,4.85413,49.73722,2
72553,4.85413,49.73722,2
72554,4.85413,49.73722,2
72555,4.85413,49.73722,2
72556,4.85648,49.73607,2
72557,4.85413,49.73722,2
72558,4.85648,49.73607,2
72559,4.85413,49.73722,2
72560,4.85492,49.73658,2
72561,4.85566,49.73341,2
72562,4.85582,49.73338,2
72563,4.85598,49.73336,2
72564,4.85668,49.73288,2
72565,4.85652,49.73287,2
72566,4.85636,49.73286,2
72567,4.85619,49.73284,2
72568,4.8562,49.73273,2
72569,4.85633,49.73274,2
72570,4.85646,49.73275,2
72571,4.85659,49.73276,2
72572,4.85672,49.73277,2
72573,4.85682,49.73277,2
72574,4.85695,49.73276,2
72575,4.85692,49.73288,2
72576,4.85681,49.73298,2
72577,4.8567,49.73323,2
72578,4.85749,49.73618,2
72579,4.85749,49.73618,2
72580,4.85792,49.73311,2
72581,4.85804,49.73309,2
72582,4.85808,49.73287,2
72583,4.8581,49.73277,2
72584,4.85827,49.7328,2
72585,4.85825,49.73294,2
72586,4.85822,49.73308,2
72587,4.8585,49.73304,2
72588,4.85867,49.73302,2
72589,4.85883,49.73301,2
72590,4.85899,49.73299,2
72591,4.85915,49.73297,2
72592,4.85932,49.73295,2
72593,4.8596,49.73275,2
72594,4.85962,49.73287,2
72595,4.85953,49.73297,2
72596,4.85616,49.737,2
72597,4.86735,49.73837,2
72598,4.86444,49.7401,2
72599,4.86453,49.73999,2
72600,4.86463,49.73988,2
72601,4.86473,49.73977,2
72602,4.86493,49.73978,2
72603,4.86512,49.73979,2
72604,4.86532,49.73981,2
72605,4.86551,49.7398,2
72606,4.86568,49.73974,2
72607,4.86582,49.73968,2
72608,4.86597,49.73959,2
72609,4.86613,49.73951,2
72610,4.86632,49.73947,2
72611,4.86581,49.73983,2
72612,4.8658,49.73983,2
72613,4.8658,49.73982,2
72614,4.86579,49.73982,2
72615,4.86575,49.73985,2
72616,4.86554,49.73992,2
72617,4.86531,49.73993,2
72618,4.86508,49.73991,2
72619,4.86485,49.7399,2
72620,4.86472,49.74002,2
72621,4.86461,49.74015,2
72622,4.86581,49.73983,2
72623,4.86582,49.73983,2
72624,4.855,49.73032,2
72625,4.86793,49.73936,2
72626,4.86812,49.73919,2
72627,4.86831,49.73902,2
72628,4.8685,49.73885,2
72629,4.86841,49.73866,2
72630,4.86813,49.73857,2
72631,4.86784,49.73847,2
72632,4.86756,49.73838,2
72633,4.86742,49.73819,2
72634,4.86749,49.73799,2
72635,4.86676,49.73943,2
72636,4.86753,49.73779,2
72637,4.86736,49.73784,2
72638,4.86727,49.73811,2
72639,4.86735,49.73837,2
72640,4.86766,49.73854,2
72641,4.86804,49.73867,2
72642,4.86831,49.73882,2
72643,4.85616,49.737,2
72644,4.86808,49.73904,2
72645,4.85616,49.737,2
72646,4.86782,49.73926,2
72647,4.86729,49.73927,2
72648,4.8671,49.73931,2
72649,4.86691,49.73935,2
72650,4.86671,49.73939,2
72651,4.86652,49.73943,2
72652,4.85526,49.73661,2
72653,4.86636,49.73993,2
72654,4.86636,49.73993,2
72655,4.85618,49.73714,2
72656,4.85648,49.73607,2
72657,4.86636,49.73993,2
72658,4.86636,49.73993,2
72659,4.85535,49.73233,2
72660,4.86638,49.73993,2
72661,4.86639,49.73993,2
72662,4.85275,49.72224,2
72663,4.85749,49.73618,2
72664,4.86637,49.73993,2
72665,4.85612,49.73711,2
72666,4.85612,49.73711,2
72667,4.86637,49.73993,2
72668,4.85612,49.73711,2
72669,4.85612,49.73711,2
72670,4.86637,49.73993,2
72671,4.85612,49.73711,2
72672,4.86637,49.73993,2
72673,4.85612,49.73711,2
72674,4.85612,49.73711,2
72675,4.86637,49.73993,2
72676,4.86637,49.73993,2
72677,4.85625,49.7371,2
72678,4.86637,49.73993,2
72679,4.85604,49.73722,2
72680,4.86637,49.73993,2
72681,4.85668,49.73758,2
72682,4.86638,49.73993,2
72683,4.85638,49.7375,2
72684,4.85612,49.73711,2
72685,4.86638,49.73993,2
72686,4.85612,49.73711,2
72687,4.86638,49.73993,2
72688,4.85612,49.73711,2
72689,4.86638,49.73993,2
72690,4.85612,49.73711,2
72691,4.86599,49.73974,2
72692,4.85612,49.73711,2
72693,4.86629,49.7398,2
72694,4.85621,49.73697,2
72695,4.86676,49.73943,2
72696,4.85582,49.73657,2
72697,4.86768,49.73977,2
72698,4.85599,49.73677,2
72699,4.86738,49.73992,2
72700,4.85611,49.73703,2
72701,4.86759,49.73991,2
72702,4.85599,49.73677,2
72703,4.85597,49.73711,2
72704,4.86759,49.73991,2
72705,4.85807,49.7363,2
72706,4.86759,49.73991,2
72707,4.86792,49.73978,2
72708,4.85469,49.73623,2
72709,4.86807,49.7397,2
72710,4.85492,49.73658,2
72711,4.85413,49.73722,2
72712,4.868433,49.739757,2
72713,4.85413,49.73722,2
72714,4.86842,49.73963,2
72715,4.85413,49.73722,2
72716,4.85413,49.73722,2
72717,4.8685,49.73959,2
72718,4.85413,49.73722,2
72719,4.85413,49.73722,2
72720,4.86858,49.73955,2
72721,4.85413,49.73722,2
72722,4.85413,49.73722,2
72723,4.86866,49.73951,2
72724,4.86874,49.73946,2
72725,4.86735,49.73837,2
72726,4.86834,49.73968,2
72727,4.86453,49.73999,2
72728,4.86797,49.73967,2
72729,4.86676,49.73943,2
72730,4.86676,49.73943,2
72731,4.85512,49.73675,2
72732,4.85505,49.7368,2
72733,4.85461,49.73523,2
72734,4.85553,49.73654,2
72735,4.85572,49.73647,2
72736,4.85596,49.73635,2
72737,4.85554,49.7364,2
72738,4.85554,49.7364,2
72739,4.85554,49.7364,2
72740,4.85554,49.7364,2
72741,4.85554,49.7364,2
72742,4.85526,49.73661,2
72743,4.85622,49.73621,2
72744,4.85586,49.7335,2
72745,4.85648,49.73607,2
72746,4.8558,49.73629,2
72747,4.85598,49.73618,2
72748,4.85617,49.73608,2
72749,4.85617,49.73608,2
72750,4.85636,49.73599,2
72751,4.85636,49.73599,2
72752,4.85655,49.73589,2
72753,4.85526,49.73661,2
72754,4.85674,49.73594,2
72755,4.85674,49.73594,2
72756,4.85674,49.73579,2
72757,4.857,49.7358,2
72758,4.85674,49.73579,2
72759,4.85749,49.73618,2
72760,4.85749,49.73618,2
72761,4.85721,49.73592,2
72762,4.85707,49.73578,2
72763,4.85535,49.73233,2
72764,4.85535,49.73233,2
72765,4.85535,49.73233,2
72766,4.85535,49.73233,2
72767,4.85535,49.73233,2
72768,4.85614,49.73482,2
72769,4.85535,49.73233,2
72770,4.85509,49.73454,2
72771,4.85509,49.73454,2
72772,4.8575,49.73599,2
72773,4.85535,49.73233,2
72774,4.85535,49.73233,2
72775,4.86735,49.73837,2
72776,4.85535,49.73233,2
72777,4.85535,49.73233,2
72778,4.85535,49.73233,2
72779,4.85535,49.73233,2
72780,4.85535,49.73233,2
72781,4.85535,49.73233,2
72782,4.85535,49.73233,2
72783,4.85535,49.73233,2
72784,4.85535,49.73233,2
72785,4.85535,49.73233,2
72786,4.85538,49.73306,2
72787,4.85535,49.73233,2
72788,4.85527,49.73132,2
72789,4.85559,49.73315,2
72790,4.85539,49.7325,2
72791,4.85545,49.73185,2
72792,4.85544,49.7312,2
72793,4.855,49.73032,2
72794,4.85491,49.72996,2
72795,4.86784,49.73847,2
72796,4.85469,49.72926,2
72797,4.86784,49.73847,2
72798,4.85469,49.73623,2
72799,4.85483,49.72961,2
72800,4.85554,49.73027,2
72801,4.85519,49.73035,2
72802,4.85513,49.73009,2
72803,4.85506,49.72984,2
72804,4.855,49.72958,2
72805,4.85455,49.72891,2
72806,4.8549,49.72933,2
72807,4.8548,49.72908,2
72808,4.8547,49.72883,2
72809,4.84462,49.72092,2
72810,4.85535,49.73233,2
72811,4.85275,49.72224,2
72812,4.85275,49.72224,2
72813,4.85612,49.73711,2
72814,4.85612,49.73711,2
72815,4.85612,49.73711,2
72816,4.85612,49.73711,2
72817,4.85612,49.73711,2
72818,4.85612,49.73711,2
72819,4.85612,49.73711,2
72820,4.85612,49.73711,2
72821,4.85612,49.73711,2
72822,4.85612,49.73711,2
72823,4.85612,49.73711,2
72824,4.85612,49.73711,2
72825,4.85612,49.73711,2
72826,4.85612,49.73711,2
72827,4.85612,49.73711,2
72828,4.85612,49.73711,2
72829,4.85612,49.73711,2
72830,4.85612,49.73711,2
72831,4.85612,49.73711,2
72832,4.85612,49.73711,2
72833,4.85612,49.73711,2
72834,4.85612,49.73711,2
72835,4.85612,49.73711,2
72836,4.85612,49.73711,2
72837,4.85612,49.73711,2
72838,4.85612,49.73711,2
72839,4.85612,49.73711,2
72840,4.85612,49.73711,2
72841,4.85612,49.73711,2
72842,4.85611,49.73718,2
72843,4.85611,49.73718,2
72844,4.85612,49.73711,2
72845,4.85618,49.73714,2
72846,4.85611,49.73718,2
72847,4.85612,49.73711,2
72848,4.85611,49.73718,2
72849,4.85612,49.73711,2
72850,4.85612,49.73711,2
72851,4.85612,49.73711,2
72852,4.85612,49.73711,2
72853,4.85612,49.73711,2
72854,4.85612,49.73711,2
72855,4.85612,49.73711,2
72856,4.85612,49.73711,2
72857,4.85632,49.73706,2
72858,4.85611,49.73718,2
72859,4.85612,49.73711,2
72860,4.85612,49.73711,2
72861,4.85612,49.73711,2
72862,4.85638,49.7375,2
72863,4.85612,49.73711,2
72864,4.85638,49.7375,2
72865,4.85638,49.7375,2
72866,4.85612,49.73711,2
72867,4.85605,49.73718,2
72868,4.85612,49.73722,2
72869,4.85638,49.7375,2
72870,4.85612,49.73711,2
72871,4.85633,49.73736,2
72872,4.85647,49.73745,2
72873,4.85654,49.73749,2
72874,4.85654,49.73749,2
72875,4.8564,49.7374,2
72876,4.85661,49.73754,2
72877,4.85661,49.73754,2
72878,4.85675,49.73763,2
72879,4.86784,49.73847,2
72880,4.86784,49.73847,2
72881,4.85682,49.73767,2
72882,4.85638,49.7375,2
72883,4.85638,49.7375,2
72884,4.85638,49.7375,2
72885,4.85648,49.73607,2
72886,4.85671,49.73827,2
72887,4.85648,49.73607,2
72888,4.85612,49.73711,2
72889,4.85413,49.73722,2
72890,4.85612,49.73711,2
72891,4.85612,49.73711,2
72892,4.85612,49.73711,2
72893,4.85612,49.73711,2
72894,4.85612,49.73711,2
72895,4.85612,49.73711,2
72896,4.85612,49.73711,2
72897,4.85612,49.73711,2
72898,4.85612,49.73711,2
72899,4.85616,49.737,2
72900,4.85616,49.737,2
72901,4.85616,49.737,2
72902,4.85616,49.737,2
72903,4.85612,49.73711,2
72904,4.85612,49.73711,2
72905,4.85612,49.73711,2
72906,4.85632,49.73691,2
72907,4.85621,49.73679,2
72908,4.85611,49.73667,2
72909,4.85611,49.73667,2
72910,4.85611,49.73667,2
72911,4.856,49.73655,2
72912,4.85633,49.73736,2
72913,4.856,49.73655,2
72914,4.85591,49.73642,2
72915,4.85574,49.73646,2
72916,4.85582,49.73657,2
72917,4.85582,49.73657,2
72918,4.8559,49.73667,2
72919,4.85599,49.73677,2
72920,4.85599,49.73677,2
72921,4.85599,49.73677,2
72922,4.85599,49.73677,2
72923,4.85599,49.73677,2
72924,4.85602,49.73708,2
72925,4.85853,49.73642,2
72926,4.85602,49.73708,2
72927,4.85853,49.73642,2
72928,4.85602,49.73708,2
72929,4.85853,49.73642,2
72930,4.85602,49.73708,2
72931,4.85602,49.73708,2
72932,4.85602,49.73708,2
72933,4.85423,49.73554,2
72934,4.85592,49.73714,2
72935,4.85548,49.73731,2
72936,4.85548,49.73731,2
72937,4.85548,49.73731,2
72938,4.85548,49.73731,2
72939,4.85548,49.73731,2
72940,4.85548,49.73731,2
72941,4.85548,49.73731,2
72942,4.85548,49.73731,2
72943,4.85497,49.73667,2
72944,4.85486,49.7365,2
72945,4.85474,49.73632,2
72946,4.85434,49.73571,2
72947,4.85446,49.73589,2
72948,4.85469,49.73623,2
72949,4.85446,49.73589,2
72950,4.85446,49.73589,2
72951,4.85446,49.73589,2
72952,4.85457,49.73606,2
72953,4.85469,49.73623,2
72954,4.85648,49.73607,2
72955,4.85469,49.73623,2
72956,4.8548,49.73641,2
72957,4.85492,49.73658,2
72958,4.85492,49.73658,2
72959,4.85484,49.7373,2
72960,4.85466,49.73726,2
72961,4.85413,49.73722,2
72962,4.85448,49.73722,2
72963,4.85448,49.73722,2
72964,4.85436,49.73714,2
72965,4.85648,49.73607,2
72966,4.85413,49.73722,2
72967,4.85648,49.73607,2
72968,4.85413,49.73722,2
72969,4.85648,49.73607,2
72970,4.85413,49.73722,2
72971,4.85648,49.73607,2
72972,4.85413,49.73722,2
72973,4.85413,49.73722,2
72974,4.85648,49.73607,2
72975,4.85413,49.73722,2
72976,4.85413,49.73722,2
72977,4.85413,49.73722,2
72978,4.85413,49.73722,2
72979,4.85413,49.73722,2
72980,4.85413,49.73722,2
72981,4.85413,49.73722,2
72982,4.85413,49.73722,2
72983,4.85413,49.73722,2
72984,4.85413,49.73722,2
72985,4.85413,49.73722,2
72986,4.85413,49.73722,2
72987,4.22519,49.77673,2
72988,4.235694,49.777452,2
72989,4.23522,49.77735,2
72990,4.2347,49.7719,2
72991,4.24837,49.77587,2
72992,4.26347,49.77291,2
72993,4.24837,49.77587,2
72994,4.260709,49.769908,2
72995,4.23527,49.77732,2
72996,4.25248,49.76629,2
72997,4.251772,49.766807,2
72998,4.23522,49.77735,2
72999,4.25248,49.76629,2
73000,4.785336,49.724142,2
73001,4.78476,49.72296,2
73002,4.78476,49.72296,2
73003,4.78476,49.72296,2
73004,4.78726,49.73051,2
73005,4.78731,49.72657,2
73006,4.7877,49.73409,2
73007,4.78476,49.73513,2
73008,4.78679,49.73264,2
73009,4.780251,49.733417,2
73010,4.780196,49.733427,2
73011,4.780196,49.733427,2
73012,4.78517,49.73424,2
73013,4.784677,49.734667,2
73014,4.78439,49.73467,2
73015,4.7906,49.7531,2
73016,4.77913,49.7365,2
73017,4.77913,49.7365,2
73018,4.78082,49.73613,2
73019,4.7832,49.73591,2
73020,4.783676,49.735747,2
73021,4.78393,49.73578,2
73022,4.786057,49.725016,2
73023,4.799927,49.723819,2
73024,4.784689,49.735205,2
73025,4.79511,49.731122,2
73026,4.78229,49.74019,2
73027,4.78229,49.74019,2
73028,4.7832,49.73591,2
73029,4.78476,49.73513,2
73030,4.7832,49.73591,2
73031,4.78379,49.73593,2
73032,4.78393,49.73578,2
73033,4.78398,49.73454,2
73034,4.784162,49.742403,2
73035,4.78229,49.74019,2
73036,4.78229,49.74019,2
73037,4.64868,49.9302,2
73038,4.64924,49.92595,2
73039,4.63739,49.94061,2
73040,4.63739,49.94061,2
73041,4.64626,49.93006,2
73042,4.73668,49.75129,2
73043,4.74332,49.74986,2
73044,4.74332,49.74986,2
73045,4.74332,49.74986,2
73046,4.73647,49.75138,2
73047,4.74514,49.73764,2
73048,4.74514,49.73764,2
73049,4.74741,49.73958,2
73050,4.74705,49.74014,2
73051,4.74306,49.74424,2
73052,4.74669,49.74244,2
73053,4.74694,49.74256,2
73054,4.74741,49.73958,2
73055,4.74718,49.74268,2
73056,4.74851,49.73957,2
73057,4.743903,49.742131,2
73058,4.743903,49.742131,2
73059,4.743822,49.742178,2
73060,4.743822,49.742178,2
73061,4.743822,49.742178,2
73062,4.743822,49.742178,2
73063,4.73757,49.73165,2
73064,4.70616,49.26732,2
73065,4.70625,49.26783,2
73066,4.70625,49.26783,2
73067,4.70625,49.26783,2
73068,4.70526,49.27178,2
73069,4.70625,49.26783,2
73070,4.74155,49.4695,2
73071,4.638506,49.272148,2
73072,4.63644,49.27392,2
73073,4.63644,49.27392,2
73074,4.63644,49.27392,2
73075,4.63644,49.27392,2
73076,4.63644,49.27392,2
73077,4.45733,49.50527,2
73078,4.4601,49.50622,2
73079,4.4601,49.50622,2
73080,4.45755,49.50448,2
73081,4.45733,49.50527,2
73082,4.45755,49.50448,2
73083,4.45733,49.50399,2
73084,4.48086,49.52242,2
73085,4.47459,49.52082,2
73086,4.474478,49.519357,2
73087,4.47487,49.52106,2
73088,4.45984,49.50608,2
73089,4.66118,49.30761,2
73090,4.65833,49.30831,2
73091,4.65908,49.30752,2
73092,4.65846,49.3082,2
73093,4.65565,49.30809,2
73094,4.66399,49.26151,2
73095,4.66399,49.26151,2
73096,4.66366,49.26141,2
73097,4.66555,49.2623,2
73098,4.665133,49.265001,2
73099,4.66555,49.2623,2
73100,4.68575,49.29043,2
73101,4.68575,49.29043,2
73102,4.684873,49.290359,2
73103,4.67965,49.29043,2
73104,4.68575,49.29043,2
73105,4.69812,49.28135,2
73106,4.695012,49.281037,2
73107,4.681056,49.281697,2
73108,4.86676,49.73943,2
73109,4.85721,49.73592,2
73110,4.85535,49.73233,2
73111,4.85535,49.73233,2
73112,4.85535,49.73233,2
73113,4.85535,49.73233,2
73114,4.85535,49.73233,2
73115,4.85612,49.73711,2
73116,4.85548,49.73731,2
73117,4.85398,49.73709,2
73118,4.85535,49.73233,2
73119,4.85734,49.73325,2
73120,4.85535,49.73233,2
73121,4.85759,49.73633,2
73122,4.85634,49.73343,2
