"ID","Longitude","Latitude","ServiceTime (min)"
160304,4.70599,49.87955,2
160305,4.705987,49.879486,2
160306,4.70677,49.878105,2
160307,4.707178,49.877316,2
160308,4.70824,49.87493,2
160309,4.70659,49.88002,2
160310,4.70678,49.88008,2
160311,4.70659,49.88002,2
160312,4.70659,49.88002,2
160313,4.70599,49.87955,2
160314,4.70628,49.87998,2
160315,4.70603,49.87995,2
160316,4.70603,49.87995,2
160317,4.7034,49.87983,2
160318,4.706066,49.8797,2
160319,4.706066,49.8797,2
160320,4.70539,49.879812,2
160321,4.705445,49.879784,2
160322,4.70565,49.87953,2
160323,4.706038,49.879386,2
160324,4.706358,49.878796,2
160325,4.706358,49.878796,2
160326,4.706358,49.878796,2
160327,4.706344,49.878805,2
160328,4.706358,49.878796,2
160329,4.705987,49.879495,2
160330,4.705987,49.879495,2
160331,4.706012,49.879441,2
160332,4.706049,49.879332,2
160333,4.706074,49.879278,2
160334,4.70599,49.87955,2
160335,4.70627,49.87891,2
160336,4.70614,49.8789,2
160337,4.70614,49.8789,2
160338,4.70614,49.8789,2
160339,4.70601,49.87888,2
160340,4.70586,49.87886,2
160341,4.706266,49.878915,2
160342,4.706358,49.878796,2
160343,4.706344,49.878805,2
160344,4.70662,49.87849,2
160345,4.70655,49.879,2
160346,4.70655,49.879,2
160347,4.70655,49.879,2
160348,4.70655,49.879,2
160349,4.70655,49.879,2
160350,4.70655,49.879,2
160351,4.706593,49.878477,2
160352,4.70667,49.87835,2
160353,4.706658,49.878386,2
160354,4.706693,49.878242,2
160355,4.706719,49.878196,2
160356,4.706901,49.877923,2
160357,4.706771,49.878114,2
160358,4.706771,49.878114,2
160359,4.706771,49.878114,2
160360,4.706771,49.878114,2
160361,4.7082,49.8742,2
160362,4.706771,49.878114,2
160363,4.706771,49.878114,2
160364,4.706836,49.878014,2
160365,4.706836,49.878014,2
160366,4.706874,49.877951,2
160367,4.706875,49.87796,2
160368,4.706927,49.877887,2
160369,4.706927,49.877887,2
160370,4.706979,49.877805,2
160371,4.706862,49.877987,2
160372,4.707044,49.877714,2
160373,4.707174,49.877523,2
160374,4.707179,49.877325,2
160375,4.707179,49.877334,2
160376,4.707179,49.877325,2
160377,4.707179,49.877325,2
160378,4.707179,49.877325,2
160379,4.707179,49.877325,2
160380,4.707179,49.877325,2
160381,4.707179,49.877325,2
160382,4.707178,49.877316,2
160383,4.707178,49.877316,2
160384,4.707178,49.877316,2
160385,4.707178,49.877316,2
160386,4.707178,49.877316,2
160387,4.707178,49.877316,2
160388,4.707178,49.877316,2
160389,4.707178,49.877316,2
160390,4.707178,49.877316,2
160391,4.707178,49.877316,2
160392,4.707178,49.877316,2
160393,4.7034,49.87983,2
160394,4.7034,49.87983,2
160395,4.7034,49.87983,2
160396,4.707587,49.875655,2
160397,4.707559,49.875638,2
160398,4.707587,49.875655,2
160399,4.707606,49.875161,2
160400,4.707606,49.875161,2
160401,4.70824,49.87493,2
160402,4.70787,49.8776,2
160403,4.70846,49.87494,2
160404,4.70854,49.87511,2
160405,4.70824,49.87493,2
160406,4.70792,49.87726,2
160407,4.70824,49.87493,2
160408,4.70824,49.87493,2
160409,4.70824,49.87493,2
160410,4.70824,49.87493,2
160411,4.70824,49.87493,2
160412,4.7082,49.8742,2
160413,4.7082,49.8742,2
160414,4.70874,49.87284,2
160415,4.70889,49.87263,2
160416,4.7089,49.87259,2
160417,4.70924,49.87202,2
160418,4.7093,49.87199,2
160419,4.71013,49.87155,2
160420,4.71019,49.87152,2
160421,4.71101,49.87128,2
160422,4.70811,49.87391,2
160423,4.70813,49.87403,2
160424,4.70815,49.87415,2
160425,4.70811,49.87422,2
160426,4.70788,49.87451,2
160427,4.7078,49.87462,2
160428,4.70777,49.87465,2
160429,4.70766,49.8748,2
160430,4.7082,49.8742,2
160431,4.70766,49.87479,2
160432,4.68943,49.87236,2
160433,4.70771,49.875302,2
160434,4.7074,49.87497,2
160435,4.70673,49.87997,2
160436,4.706358,49.878796,2
160437,4.70824,49.87493,2
160438,4.47061,49.6744,2
160439,4.50443,49.66723,2
160440,4.47316,49.67501,2
160441,4.47614,49.67619,2
160442,4.47316,49.67501,2
160443,4.47316,49.67501,2
160444,4.47437,49.67641,2
160445,4.47437,49.67641,2
160446,4.47061,49.6744,2
160447,4.47316,49.67501,2
160448,4.47316,49.67501,2
160449,4.46953,49.67742,2
160450,4.47437,49.67641,2
160451,4.47437,49.67641,2
160452,4.47402,49.67633,2
160453,4.47316,49.67501,2
160454,4.47316,49.67501,2
160455,4.47402,49.67633,2
160456,4.47402,49.67633,2
160457,4.46429,49.67809,2
160458,4.471327,49.680694,2
160459,4.47402,49.67633,2
160460,4.46953,49.67742,2
160461,4.47437,49.67641,2
160462,4.46953,49.67742,2
160463,4.47437,49.67641,2
160464,4.471573,49.67698,2
160465,4.47437,49.67641,2
160466,4.4726,49.67661,2
160467,4.47437,49.67641,2
160468,4.47402,49.67633,2
160469,4.47437,49.67641,2
160470,4.510975,49.664986,2
160471,4.47437,49.67641,2
160472,4.47228,49.676015,2
160473,4.47402,49.67633,2
160474,4.47437,49.67641,2
160475,4.47402,49.67633,2
160476,4.47402,49.67633,2
160477,4.47424,49.6758,2
160478,4.47597,49.67518,2
160479,4.47402,49.67633,2
160480,4.47424,49.6758,2
160481,4.47316,49.67501,2
160482,4.47316,49.67501,2
160483,4.47316,49.67501,2
160484,4.47316,49.67501,2
160485,4.47316,49.67501,2
160486,4.47316,49.67501,2
160487,4.47316,49.67501,2
160488,4.47316,49.67501,2
160489,4.47402,49.67633,2
160490,4.47316,49.67501,2
160491,4.47887,49.67661,2
160492,4.47316,49.67501,2
160493,4.47887,49.67661,2
160494,4.47061,49.6744,2
160495,4.47316,49.67501,2
160496,4.47316,49.67501,2
160497,4.47316,49.67501,2
160498,4.47402,49.67633,2
160499,4.47402,49.67633,2
160500,4.474302,49.67403,2
160501,4.47489,49.67423,2
160502,4.474302,49.67403,2
160503,4.47402,49.67633,2
160504,4.47614,49.67619,2
160505,4.47424,49.6758,2
160506,4.4726,49.67661,2
160507,4.47402,49.67633,2
160508,4.4726,49.67661,2
160509,4.47402,49.67633,2
160510,4.47402,49.67633,2
160511,4.47316,49.67501,2
160512,4.47614,49.67619,2
160513,4.47614,49.67619,2
160514,4.47402,49.67633,2
160515,4.47614,49.67619,2
160516,4.47887,49.67661,2
160517,4.47887,49.67661,2
160518,4.47887,49.67661,2
160519,4.47316,49.67501,2
160520,4.47437,49.67641,2
160521,4.47437,49.67641,2
160522,4.47437,49.67641,2
160523,4.47437,49.67641,2
160524,4.47437,49.67641,2
160525,4.47437,49.67641,2
160526,4.47437,49.67641,2
160527,4.473309,49.678099,2
160528,4.47381,49.67748,2
160529,4.47381,49.67748,2
160530,4.47381,49.67748,2
160531,4.47381,49.67748,2
160532,4.47381,49.67748,2
160533,4.473546,49.678454,2
160534,4.47308,49.678256,2
160535,4.47402,49.67633,2
160536,4.46953,49.67742,2
160537,4.46953,49.67742,2
160538,4.5024,49.66407,2
160539,4.46953,49.67742,2
160540,4.47402,49.67633,2
160541,4.47402,49.67633,2
160542,4.4726,49.67661,2
160543,4.4726,49.67661,2
160544,4.47402,49.67633,2
160545,4.473309,49.678099,2
160546,4.47467,49.67714,2
160547,4.49803,49.66874,2
160548,4.49803,49.66874,2
160549,4.49803,49.66874,2
160550,4.5024,49.66407,2
160551,4.5024,49.66407,2
160552,4.49803,49.66874,2
160553,4.501836,49.664251,2
160554,4.5024,49.66407,2
160555,4.505441,49.663728,2
160556,4.5024,49.66407,2
160557,4.5024,49.66407,2
160558,4.50611,49.663851,2
160559,4.505441,49.663728,2
160560,4.50611,49.663851,2
160561,4.5024,49.66407,2
160562,4.486186,49.676811,2
160563,4.4726,49.67661,2
160564,4.50443,49.66723,2
160565,4.4726,49.67661,2
160566,4.47381,49.67748,2
160567,4.47437,49.67641,2
160568,4.8387,50.13786,2
160569,4.83399,50.13452,2
160570,4.84793,50.13526,2
160571,4.84793,50.13526,2
160572,4.83884,50.13796,2
160573,4.83414,50.1345,2
160574,4.84793,50.13526,2
160575,4.83899,50.13806,2
160576,4.83414,50.1345,2
160577,4.84793,50.13526,2
160578,4.83877,50.13774,2
160579,4.83414,50.1345,2
160580,4.84793,50.13526,2
160581,4.83892,50.13784,2
160582,4.83429,50.13449,2
160583,4.84793,50.13526,2
160584,4.83907,50.13795,2
160585,4.8344,50.13449,2
160586,4.84793,50.13526,2
160587,4.8344,50.13449,2
160588,4.83913,50.13815,2
160589,4.8344,50.13449,2
160590,4.83461,50.13449,2
160591,4.83927,50.13825,2
160592,4.83461,50.13449,2
160593,4.83461,50.13449,2
160594,4.83941,50.13835,2
160595,4.83461,50.13449,2
160596,4.8347,50.13447,2
160597,4.83955,50.13845,2
160598,4.8347,50.13447,2
160599,4.8349,50.13442,2
160600,4.83922,50.13805,2
160601,4.835,50.13439,2
160602,4.83938,50.13816,2
160603,4.84351,50.1381,2
160604,4.83509,50.13437,2
160605,4.83953,50.13826,2
160606,4.83519,50.13434,2
160607,4.84403,50.13876,2
160608,4.83968,50.13837,2
160609,4.83527,50.1343,2
160610,4.83928,50.13864,2
160611,4.83534,50.13425,2
160612,4.83919,50.13869,2
160613,4.83541,50.1342,2
160614,4.83547,50.13415,2
160615,4.83911,50.13874,2
160616,4.83554,50.1341,2
160617,4.83902,50.13879,2
160618,4.83554,50.1341,2
160619,4.83554,50.1341,2
160620,4.83893,50.13884,2
160621,4.83561,50.13404,2
160622,4.83568,50.13399,2
160623,4.8386,50.13899,2
160624,4.83575,50.13394,2
160625,4.83848,50.13879,2
160626,4.83582,50.13389,2
160627,4.83885,50.13889,2
160628,4.83588,50.13384,2
160629,4.8384,50.13883,2
160630,4.83595,50.13379,2
160631,4.83848,50.13879,2
160632,4.83876,50.13894,2
160633,4.83595,50.13379,2
160634,4.83848,50.13879,2
160635,4.83595,50.13379,2
160636,4.83831,50.13863,2
160637,4.83595,50.13379,2
160638,4.83458,50.13302,2
160639,4.83899,50.13896,2
160640,4.83465,50.13386,2
160641,4.83929,50.13878,2
160642,4.8359,50.1338,2
160643,4.83946,50.13874,2
160644,4.83603,50.13302,2
160645,4.83969,50.13876,2
160646,4.83591,50.13293,2
160647,4.83994,50.13874,2
160648,4.8401,50.13863,2
160649,4.8402,50.13849,2
160650,4.83502,50.13366,2
160651,4.84012,50.13835,2
160652,4.83608,50.13369,2
160653,4.84021,50.13824,2
160654,4.84329,50.13917,2
160655,4.84054,50.13804,2
160656,4.83608,50.13369,2
160657,4.84078,50.13819,2
160658,4.8406,50.13895,2
160659,4.83608,50.13369,2
160660,4.84016,50.13918,2
160661,4.83608,50.13369,2
160662,4.83905,50.1391,2
160663,4.83959,50.13923,2
160664,4.83608,50.13369,2
160665,4.8388,50.13912,2
160666,4.83904,50.13922,2
160667,4.83664,50.13326,2
160668,4.83932,50.13929,2
160669,4.83989,50.13932,2
160670,4.83664,50.13326,2
160671,4.84018,50.13929,2
160672,4.84043,50.13919,2
160673,4.83664,50.13326,2
160674,4.84066,50.13907,2
160675,4.84084,50.13893,2
160676,4.83664,50.13326,2
160677,4.84093,50.13875,2
160678,4.84102,50.13857,2
160679,4.83664,50.13326,2
160680,4.84119,50.13853,2
160681,4.84121,50.13841,2
160682,4.83664,50.13326,2
160683,4.83662,50.13441,2
160684,4.84102,50.13829,2
160685,4.83662,50.13441,2
160686,4.84083,50.13801,2
160687,4.83683,50.13312,2
160688,4.84094,50.13782,2
160689,4.83998,50.13822,2
160690,4.83683,50.13312,2
160691,4.84007,50.13817,2
160692,4.83683,50.13312,2
160693,4.84016,50.13811,2
160694,4.83683,50.13312,2
160695,4.84025,50.13806,2
160696,4.83683,50.13312,2
160697,4.84035,50.138,2
160698,4.83683,50.13312,2
160699,4.84044,50.13794,2
160700,4.83702,50.13298,2
160701,4.84053,50.13789,2
160702,4.83702,50.13298,2
160703,4.84066,50.13782,2
160704,4.83702,50.13298,2
160705,4.84081,50.13774,2
160706,4.83702,50.13298,2
160707,4.841,50.13771,2
160708,4.83702,50.13298,2
160709,4.8412,50.13772,2
160710,4.83702,50.13298,2
160711,4.8414,50.13772,2
160712,4.83685,50.13283,2
160713,4.8416,50.13773,2
160714,4.83654,50.13258,2
160715,4.8418,50.13773,2
160716,4.83654,50.13258,2
160717,4.84157,50.13784,2
160718,4.8419,50.13789,2
160719,4.836917,50.132116,2
160720,4.84206,50.13801,2
160721,4.83826,50.12989,2
160722,4.84222,50.13813,2
160723,4.8422,50.13794,2
160724,4.83676,50.1323,2
160725,4.84207,50.13776,2
160726,4.84228,50.13763,2
160727,4.83755,50.13149,2
160728,4.84206,50.13741,2
160729,4.84161,50.13724,2
160730,4.84176,50.13424,2
160731,4.84127,50.13726,2
160732,4.84176,50.13424,2
160733,4.84138,50.13715,2
160734,4.83645,50.1334,2
160735,4.84161,50.13712,2
160736,4.84183,50.1371,2
160737,4.83645,50.1334,2
160738,4.844883,50.136946,2
160739,4.842,50.1372,2
160740,4.84216,50.13731,2
160741,4.83645,50.1334,2
160742,4.84231,50.13742,2
160743,4.84289,50.1373,2
160744,4.83645,50.1334,2
160745,4.8431,50.13716,2
160746,4.84276,50.13721,2
160747,4.83645,50.1334,2
160748,4.84298,50.13708,2
160749,4.84332,50.13703,2
160750,4.83645,50.1334,2
160751,4.84353,50.13689,2
160752,4.84319,50.13694,2
160753,4.83645,50.1334,2
160754,4.84341,50.13681,2
160755,4.84375,50.13676,2
160756,4.83645,50.1334,2
160757,4.84397,50.13663,2
160758,4.84363,50.13668,2
160759,4.83645,50.1334,2
160760,4.84384,50.13654,2
160761,4.84429,50.13657,2
160762,4.83645,50.1334,2
160763,4.84429,50.13646,2
160764,4.84411,50.13634,2
160765,4.83552,50.13361,2
160766,4.84414,50.13598,2
160767,4.83552,50.13361,2
160768,4.8431,50.13918,2
160769,4.83552,50.13361,2
160770,4.84354,50.13586,2
160771,4.83552,50.13361,2
160772,4.84354,50.13586,2
160773,4.83679,50.13333,2
160774,4.84354,50.13586,2
160775,4.84393,50.13633,2
160776,4.83679,50.13333,2
160777,4.84393,50.13633,2
160778,4.84393,50.13633,2
160779,4.83679,50.13333,2
160780,4.84393,50.13633,2
160781,4.84393,50.13633,2
160782,4.83679,50.13333,2
160783,4.84393,50.13633,2
160784,4.84396,50.13597,2
160785,4.83679,50.13333,2
160786,4.84396,50.13597,2
160787,4.84396,50.13597,2
160788,4.83679,50.13333,2
160789,4.84396,50.13597,2
160790,4.84396,50.13597,2
160791,4.83679,50.13333,2
160792,4.84389,50.13586,2
160793,4.83679,50.13333,2
160794,4.84389,50.13586,2
160795,4.84389,50.13586,2
160796,4.83679,50.13333,2
160797,4.85919,50.15118,2
160798,4.84389,50.13586,2
160799,4.84364,50.13575,2
160800,4.83679,50.13333,2
160801,4.84308,50.13576,2
160802,4.84319,50.13587,2
160803,4.83679,50.13333,2
160804,4.84281,50.13576,2
160805,4.84336,50.13575,2
160806,4.83689,50.13325,2
160807,4.84285,50.13588,2
160808,4.84392,50.13574,2
160809,4.83689,50.13325,2
160810,4.8441,50.13569,2
160811,4.8443,50.13557,2
160812,4.84371,50.13513,2
160813,4.83689,50.13325,2
160814,4.8431,50.13508,2
160815,4.84343,50.13508,2
160816,4.83689,50.13325,2
160817,4.8419,50.13966,2
160818,4.84376,50.13509,2
160819,4.84324,50.13519,2
160820,4.83689,50.13325,2
160821,4.84385,50.13521,2
160822,4.84409,50.1351,2
160823,4.83689,50.13325,2
160824,4.84438,50.13534,2
160825,4.84438,50.13517,2
160826,4.83689,50.13325,2
160827,4.84461,50.13532,2
160828,4.8445,50.13545,2
160829,4.83689,50.13325,2
160830,4.84422,50.13578,2
160831,4.84473,50.13532,2
160832,4.83689,50.13325,2
160833,4.84639,50.13821,2
160834,4.84442,50.13566,2
160835,4.84462,50.13554,2
160836,4.83689,50.13325,2
160837,4.84484,50.13541,2
160838,4.84507,50.13528,2
160839,4.83689,50.13325,2
160840,4.84529,50.13514,2
160841,4.84497,50.13518,2
160842,4.83761,50.13356,2
160843,4.8452,50.13503,2
160844,4.84556,50.13505,2
160845,4.83761,50.13356,2
160846,4.84587,50.135,2
160847,4.84549,50.13494,2
160848,4.83761,50.13356,2
160849,4.84581,50.1349,2
160850,4.84819,50.13457,2
160851,4.84617,50.13496,2
160852,4.83761,50.13356,2
160853,4.8463,50.13516,2
160854,4.84614,50.13543,2
160855,4.83761,50.13356,2
160856,4.84584,50.13565,2
160857,4.84599,50.13571,2
160858,4.83761,50.13356,2
160859,4.84638,50.13549,2
160860,4.84672,50.13545,2
160861,4.83761,50.13356,2
160862,4.84718,50.13546,2
160863,4.84764,50.13543,2
160864,4.83761,50.13356,2
160865,4.83645,50.1334,2
160866,4.84639,50.13513,2
160867,4.83679,50.13333,2
160868,4.84751,50.13533,2
160869,4.83761,50.13356,2
160870,4.83679,50.13333,2
160871,4.8465,50.13491,2
160872,4.83689,50.13325,2
160873,4.84613,50.13485,2
160874,4.83761,50.13356,2
160875,4.83689,50.13325,2
160876,4.84642,50.13481,2
160877,4.83761,50.13356,2
160878,4.8467,50.13477,2
160879,4.83761,50.13356,2
160880,4.83761,50.13356,2
160881,4.84698,50.13473,2
160882,4.83761,50.13356,2
160883,4.84684,50.13486,2
160884,4.83761,50.13356,2
160885,4.844327,50.13729,2
160886,4.84793,50.13526,2
160887,4.84719,50.13482,2
160888,4.84726,50.13469,2
160889,4.83761,50.13356,2
160890,4.84753,50.13465,2
160891,4.84657,50.132,2
160892,4.84764,50.13486,2
160893,4.83761,50.13356,2
160894,4.84773,50.1352,2
160895,4.84789,50.13509,2
160896,4.83761,50.13356,2
160897,4.84784,50.13493,2
160898,4.8478,50.13476,2
160899,4.83761,50.13356,2
160900,4.84805,50.13471,2
160901,4.84785,50.13461,2
160902,4.83761,50.13356,2
160903,4.84278,50.1384,2
160904,4.84154,50.13937,2
160905,4.83761,50.13356,2
160906,4.83814,50.13747,2
160907,4.8431,50.13918,2
160908,4.84081,50.13861,2
160909,4.83761,50.13356,2
160910,4.8396,50.13934,2
160911,4.84315,50.13825,2
160912,4.83761,50.13356,2
160913,4.83519,50.1374,2
160914,4.85919,50.15118,2
160915,4.83221,50.13692,2
160916,4.84267,50.13742,2
160917,4.83749,50.13387,2
160918,4.83207,50.13701,2
160919,4.83608,50.13369,2
160920,4.83178,50.13718,2
160921,4.83251,50.13675,2
160922,4.83265,50.13666,2
160923,4.8328,50.13658,2
160924,4.83295,50.13649,2
160925,4.84354,50.13903,2
160926,4.83324,50.13632,2
160927,4.84648,50.13513,2
160928,4.84754,50.13477,2
160929,4.83311,50.13533,2
160930,4.83309,50.13641,2
160931,4.83311,50.13533,2
160932,4.83335,50.13469,2
160933,4.83344,50.13468,2
160934,4.83354,50.13467,2
160935,4.83363,50.13466,2
160936,4.83373,50.13465,2
160937,4.83392,50.13464,2
160938,4.83382,50.13465,2
160939,4.83449,50.13461,2
160940,4.83449,50.13461,2
160941,4.84533,50.13331,2
160942,4.83517,50.13447,2
160943,4.84533,50.13331,2
160944,4.8347,50.13459,2
160945,4.8347,50.13459,2
160946,4.84793,50.13526,2
160947,4.8347,50.13459,2
160948,4.83479,50.13457,2
160949,4.83479,50.13457,2
160950,4.83479,50.13457,2
160951,4.83479,50.13457,2
160952,4.83489,50.13454,2
160953,4.83489,50.13454,2
160954,4.83545,50.13539,2
160955,4.83498,50.13452,2
160956,4.83498,50.13452,2
160957,4.83498,50.13452,2
160958,4.85919,50.15121,2
160959,4.83498,50.13452,2
160960,4.83498,50.13452,2
160961,4.83555,50.13528,2
160962,4.83508,50.1345,2
160963,4.844305,50.141071,2
160964,4.844305,50.141071,2
160965,4.83642,50.13444,2
160966,4.844319,50.141062,2
160967,4.83508,50.1345,2
160968,4.844823,50.13772,2
160969,4.83535,50.13441,2
160970,4.83542,50.13436,2
160971,4.83662,50.13441,2
160972,4.84176,50.13424,2
160973,4.84321,50.13906,2
160974,4.83542,50.13436,2
160975,4.84176,50.13424,2
160976,4.84176,50.13424,2
160977,4.83542,50.13436,2
160978,4.84176,50.13424,2
160979,4.84176,50.13424,2
160980,4.83549,50.13431,2
160981,4.84176,50.13424,2
160982,4.84176,50.13424,2
160983,4.83555,50.13426,2
160984,4.84176,50.13424,2
160985,4.84176,50.13424,2
160986,4.83562,50.13421,2
160987,4.84176,50.13424,2
160988,4.83562,50.13421,2
160989,4.84176,50.13424,2
160990,4.83569,50.13416,2
160991,4.84176,50.13424,2
160992,4.83576,50.13411,2
160993,4.83582,50.13406,2
160994,4.84288,50.13924,2
160995,4.83589,50.13401,2
160996,4.83596,50.13396,2
160997,4.83602,50.13391,2
160998,4.83609,50.13386,2
160999,4.83617,50.1338,2
161000,4.84622,50.13885,2
161001,4.83628,50.13372,2
161002,4.83638,50.13364,2
161003,4.83648,50.13356,2
161004,4.84515,50.13821,2
161005,4.84229,50.13971,2
161006,4.83648,50.13356,2
161007,4.83648,50.13356,2
161008,4.83648,50.13356,2
161009,4.83648,50.13356,2
161010,4.83658,50.13349,2
161011,4.83648,50.13356,2
161012,4.83658,50.13349,2
161013,4.84255,50.13942,2
161014,4.83658,50.13349,2
161015,4.83669,50.13341,2
161016,4.83699,50.13317,2
161017,4.83699,50.13317,2
161018,4.83699,50.13317,2
161019,4.83709,50.13309,2
161020,4.83709,50.13309,2
161021,4.83709,50.13309,2
161022,4.83711,50.13301,2
161023,4.82671,50.13635,2
161024,4.844901,50.140682,2
161025,4.844927,50.140654,2
161026,4.82325,50.15947,2
161027,4.83717,50.13313,2
161028,4.845336,50.140439,2
161029,4.8431,50.13918,2
161030,4.84448,50.140924,2
161031,4.83728,50.13324,2
161032,4.844901,50.140682,2
161033,4.83739,50.13335,2
161034,4.845293,50.140422,2
161035,4.84599,50.13554,2
161036,4.8375,50.13345,2
161037,4.81855,50.13775,2
161038,4.845336,50.140439,2
161039,4.84254,50.13851,2
161040,4.8375,50.13345,2
161041,4.843774,50.140498,2
161042,4.84234,50.13865,2
161043,4.844167,50.140266,2
161044,4.84213,50.13878,2
161045,4.844777,50.139885,2
161046,4.84193,50.13891,2
161047,4.83662,50.13441,2
161048,4.82671,50.13635,2
161049,4.84156,50.13919,2
161050,4.844805,50.139884,2
161051,4.83662,50.13441,2
161052,4.843774,50.140498,2
161053,4.844167,50.140266,2
161054,4.84389,50.13586,2
161055,4.84176,50.13424,2
161056,4.844194,50.140247,2
161057,4.83662,50.13441,2
161058,4.844779,50.139912,2
161059,4.83662,50.13441,2
161060,4.844805,50.139884,2
161061,4.843317,50.137769,2
161062,4.837513,50.132302,2
161063,4.84265,50.13845,2
161064,4.837513,50.132302,2
161065,4.8429,50.13835,2
161066,4.844275,50.137641,2
161067,4.83562,50.13582,2
161068,4.84315,50.13825,2
161069,4.81852,50.13405,2
161070,4.84114,50.1328,2
161071,4.84339,50.13815,2
161072,4.845788,50.139694,2
161073,4.83562,50.13582,2
161074,4.84114,50.1328,2
161075,4.84361,50.1382,2
161076,4.81839,50.13401,2
161077,4.84237,50.13871,2
161078,4.84622,50.13885,2
161079,4.83778,50.13441,2
161080,4.84278,50.1384,2
161081,4.83562,50.13582,2
161082,4.84302,50.1383,2
161083,4.846368,50.139556,2
161084,4.84327,50.1382,2
161085,4.83562,50.13582,2
161086,4.84351,50.1381,2
161087,4.844842,50.137809,2
161088,4.83562,50.13582,2
161089,4.84237,50.13871,2
161090,4.84127,50.13499,2
161091,4.83891,50.12868,2
161092,4.83443,50.13304,2
161093,4.84237,50.13871,2
161094,4.84127,50.13499,2
161095,4.84623,50.139586,2
161096,4.84502,50.13188,2
161097,4.842838,50.140221,2
161098,4.84502,50.13188,2
161099,4.842838,50.140221,2
161100,4.844969,50.138112,2
161101,4.842838,50.140221,2
161102,4.84994,50.13086,2
161103,4.84442,50.13203,2
161104,4.843481,50.140504,2
161105,4.843481,50.140504,2
161106,4.84383,50.13219,2
161107,4.843481,50.140504,2
161108,4.84657,50.132,2
161109,4.843481,50.140504,2
161110,4.84657,50.132,2
161111,4.843481,50.140504,2
161112,4.84657,50.132,2
161113,4.843813,50.140722,2
161114,4.84657,50.132,2
161115,4.83554,50.1341,2
161116,4.843813,50.140722,2
161117,4.84617,50.13559,2
161118,4.84747,50.13241,2
161119,4.83554,50.1341,2
161120,4.843813,50.140722,2
161121,4.84657,50.132,2
161122,4.83554,50.1341,2
161123,4.843813,50.140722,2
161124,4.84162,50.13911,2
161125,4.84657,50.132,2
161126,4.83554,50.1341,2
161127,4.843813,50.140722,2
161128,4.84237,50.13871,2
161129,4.84182,50.13898,2
161130,4.84747,50.13241,2
161131,4.84203,50.13884,2
161132,4.84747,50.13241,2
161133,4.84224,50.13871,2
161134,4.84747,50.13241,2
161135,4.84244,50.13858,2
161136,4.84747,50.13241,2
161137,4.84265,50.13845,2
161138,4.84747,50.13241,2
161139,4.84657,50.132,2
161140,4.84657,50.132,2
161141,4.84657,50.132,2
161142,4.84657,50.132,2
161143,4.84657,50.132,2
161144,4.84559,50.13168,2
161145,4.84633,50.13141,2
161146,4.84994,50.13086,2
161147,4.84994,50.13086,2
161148,4.84702,50.13115,2
161149,4.84793,50.13526,2
161150,4.83562,50.13582,2
161151,4.84793,50.13526,2
161152,4.8499,50.13093,2
161153,4.8475,50.13097,2
161154,4.84845,50.1306,2
161155,4.84893,50.13042,2
161156,4.84172,50.13951,2
161157,4.84797,50.13079,2
161158,4.84994,50.13086,2
161159,4.84163,50.13944,2
161160,4.84994,50.13086,2
161161,4.83765,50.13133,2
161162,4.83826,50.12989,2
161163,4.83628,50.13372,2
161164,4.83826,50.12989,2
161165,4.8396,50.12868,2
161166,4.83981,50.12884,2
161167,4.83913,50.12869,2
161168,4.83941,50.12863,2
161169,4.83921,50.12859,2
161170,4.847015,50.139372,2
161171,4.83873,50.12887,2
161172,4.83826,50.12989,2
161173,4.83776,50.13116,2
161174,4.83765,50.13133,2
161175,4.83755,50.13149,2
161176,4.83744,50.13166,2
161177,4.83845,50.12964,2
161178,4.83768,50.13097,2
161179,4.83729,50.1316,2
161180,4.83779,50.13077,2
161181,4.83854,50.12906,2
161182,4.83824,50.12969,2
161183,4.83788,50.13055,2
161184,4.83826,50.12989,2
161185,4.846459,50.13774,2
161186,4.83826,50.12989,2
161187,4.83826,50.12989,2
161188,4.84639,50.13821,2
161189,4.83842,50.12926,2
161190,4.83826,50.12989,2
161191,4.83836,50.12984,2
161192,4.83742,50.13139,2
161193,4.843962,50.137531,2
161194,4.83662,50.13441,2
161195,4.83662,50.13441,2
161196,4.8265,50.13607,2
161197,4.84339,50.13815,2
161198,4.83662,50.13441,2
161199,4.844883,50.136946,2
161200,4.83604,50.13181,2
161201,4.84237,50.13871,2
161202,4.83604,50.13181,2
161203,4.845129,50.136555,2
161204,4.84994,50.13086,2
161205,4.84361,50.1382,2
161206,4.84994,50.13086,2
161207,4.845146,50.136617,2
161208,4.84994,50.13086,2
161209,4.84994,50.13086,2
161210,4.845146,50.136617,2
161211,4.844163,50.136521,2
161212,4.84994,50.13086,2
161213,4.84484,50.13657,2
161214,4.84994,50.13086,2
161215,4.8265,50.13607,2
161216,4.84994,50.13086,2
161217,4.84994,50.13086,2
161218,4.844788,50.137002,2
161219,4.84994,50.13086,2
161220,4.84994,50.13086,2
161221,4.844273,50.137318,2
161222,4.84994,50.13086,2
161223,4.84994,50.13086,2
161224,4.844422,50.137225,2
161225,4.84994,50.13086,2
161226,4.84994,50.13086,2
161227,4.844883,50.136946,2
161228,4.84994,50.13086,2
161229,4.84994,50.13086,2
161230,4.84994,50.13086,2
161231,4.84994,50.13086,2
161232,4.84994,50.13086,2
161233,4.84994,50.13086,2
161234,4.84994,50.13086,2
161235,4.84994,50.13086,2
161236,4.84351,50.13212,2
161237,4.84338,50.13199,2
161238,4.84325,50.13186,2
161239,4.84305,50.1318,2
161240,4.8428,50.1318,2
161241,4.84258,50.13185,2
161242,4.84239,50.13195,2
161243,4.8422,50.13204,2
161244,4.84201,50.13214,2
161245,4.84181,50.13223,2
161246,4.84162,50.13233,2
161247,4.84119,50.13247,2
161248,4.83128,50.13288,2
161249,4.84092,50.13253,2
161250,4.83223,50.13376,2
161251,4.84058,50.1326,2
161252,4.83227,50.13357,2
161253,4.8429,50.13835,2
161254,4.84023,50.1326,2
161255,4.83987,50.13258,2
161256,4.8349,50.13442,2
161257,4.84237,50.13871,2
161258,4.83561,50.13404,2
161259,4.84043,50.13272,2
161260,4.83608,50.13369,2
161261,4.83664,50.13326,2
161262,4.84237,50.13871,2
161263,4.84105,50.13262,2
161264,4.83683,50.13312,2
161265,4.84105,50.13262,2
161266,4.84109,50.13271,2
161267,4.84176,50.13424,2
161268,4.84176,50.13424,2
161269,4.84327,50.1382,2
161270,4.84114,50.1328,2
161271,4.84176,50.13424,2
161272,4.8413,50.13274,2
161273,4.83552,50.13361,2
161274,4.847919,50.129439,2
161275,4.83702,50.13298,2
161276,4.84994,50.13086,2
161277,4.84123,50.13261,2
161278,4.84827,50.129755,2
161279,4.84126,50.13257,2
161280,4.84827,50.129755,2
161281,4.84148,50.13251,2
161282,4.83498,50.13452,2
161283,4.84994,50.13086,2
161284,4.83587,50.13496,2
161285,4.848529,50.129903,2
161286,4.8417,50.13243,2
161287,4.849537,50.129388,2
161288,4.84189,50.13234,2
161289,4.84994,50.13086,2
161290,4.84208,50.13224,2
161291,4.848529,50.129903,2
161292,4.8372,50.13302,2
161293,4.84994,50.13086,2
161294,4.84227,50.13215,2
161295,4.84172,50.13904,2
161296,4.84246,50.13205,2
161297,4.84265,50.13196,2
161298,4.84287,50.13191,2
161299,4.83891,50.12868,2
161300,4.84994,50.13086,2
161301,4.84311,50.13192,2
161302,4.8351,50.14004,2
161303,4.84323,50.13205,2
161304,4.8265,50.13607,2
161305,4.83603,50.13302,2
161306,4.84336,50.13218,2
161307,4.8265,50.13607,2
161308,4.84352,50.13261,2
161309,4.84354,50.13586,2
161310,4.849898,50.136646,2
161311,4.84601,50.13323,2
161312,4.8265,50.13607,2
161313,4.84593,50.13326,2
161314,4.8265,50.13607,2
161315,4.83276,50.13414,2
161316,4.84583,50.13328,2
161317,4.846638,50.137673,2
161318,4.84639,50.13821,2
161319,4.84573,50.13328,2
161320,4.8265,50.13607,2
161321,4.83276,50.13414,2
161322,4.84563,50.13329,2
161323,4.847793,50.137308,2
161324,4.84553,50.1333,2
161325,4.847228,50.137473,2
161326,4.83276,50.13414,2
161327,4.84199,50.13973,2
161328,4.84543,50.1333,2
161329,4.8265,50.13607,2
161330,4.84533,50.13331,2
161331,4.846858,50.137606,2
161332,4.83276,50.13414,2
161333,4.85919,50.15121,2
161334,4.84523,50.13332,2
161335,4.8265,50.13607,2
161336,4.84513,50.13332,2
161337,4.84151,50.13928,2
161338,4.8265,50.13607,2
161339,4.84503,50.13333,2
161340,4.84493,50.13333,2
161341,4.84483,50.13334,2
161342,4.85919,50.15121,2
161343,4.84473,50.13335,2
161344,4.84463,50.13336,2
161345,4.8461,50.13287,2
161346,4.84612,50.13296,2
161347,4.84614,50.13305,2
161348,4.84611,50.13313,2
161349,4.84413,50.13339,2
161350,4.843243,50.137689,2
161351,4.84403,50.1334,2
161352,4.84393,50.13341,2
161353,4.84383,50.13341,2
161354,4.84373,50.1334,2
161355,4.84366,50.13335,2
161356,4.84358,50.13331,2
161357,4.84351,50.13327,2
161358,4.8434,50.13292,2
161359,4.84343,50.13323,2
161360,4.84336,50.13314,2
161361,4.84336,50.13308,2
161362,4.84337,50.13303,2
161363,4.84475,50.13247,2
161364,4.84475,50.13247,2
161365,4.84339,50.13298,2
161366,4.84475,50.13247,2
161367,4.84475,50.13247,2
161368,4.84343,50.13282,2
161369,4.84341,50.13287,2
161370,4.84341,50.1379,2
161371,4.84589,50.13314,2
161372,4.84341,50.1379,2
161373,4.84575,50.13317,2
161374,4.84341,50.1379,2
161375,4.84341,50.1379,2
161376,4.8456,50.13318,2
161377,4.84341,50.1379,2
161378,4.84545,50.13319,2
161379,4.84341,50.1379,2
161380,4.84529,50.1332,2
161381,4.84341,50.1379,2
161382,4.84514,50.13321,2
161383,4.84341,50.1379,2
161384,4.84499,50.13321,2
161385,4.84341,50.1379,2
161386,4.84484,50.13322,2
161387,4.84341,50.1379,2
161388,4.84469,50.13324,2
161389,4.84341,50.1379,2
161390,4.84454,50.13325,2
161391,4.84341,50.1379,2
161392,4.84341,50.1379,2
161393,4.84439,50.13326,2
161394,4.847534,50.131818,2
161395,4.84595,50.13299,2
161396,4.847506,50.131818,2
161397,4.84408,50.13328,2
161398,4.847727,50.13176,2
161399,4.848937,50.131376,2
161400,4.84393,50.13329,2
161401,4.848283,50.131425,2
161402,4.84302,50.1383,2
161403,4.84379,50.13328,2
161404,4.83142,50.13281,2
161405,4.848283,50.131425,2
161406,4.84368,50.13322,2
161407,4.848742,50.13138,2
161408,4.84357,50.13315,2
161409,4.83154,50.1329,2
161410,4.848742,50.13138,2
161411,4.84475,50.13247,2
161412,4.848909,50.131376,2
161413,4.84354,50.13312,2
161414,4.83128,50.13288,2
161415,4.848979,50.131366,2
161416,4.84355,50.13304,2
161417,4.848506,50.131412,2
161418,4.83128,50.13288,2
161419,4.848686,50.13139,2
161420,4.843243,50.137689,2
161421,4.84357,50.13296,2
161422,4.84622,50.13885,2
161423,4.848159,50.131455,2
161424,4.84359,50.13288,2
161425,4.83128,50.13288,2
161426,4.84622,50.13885,2
161427,4.847758,50.131535,2
161428,4.843243,50.137689,2
161429,4.84362,50.1328,2
161430,4.84439,50.13326,2
161431,4.847758,50.131535,2
161432,4.84152,50.1354,2
161433,4.83128,50.13288,2
161434,4.84439,50.13326,2
161435,4.847758,50.131535,2
161436,4.845802,50.139693,2
161437,4.847373,50.131659,2
161438,4.8409,50.1346,2
161439,4.83128,50.13288,2
161440,4.847373,50.131659,2
161441,4.85919,50.15121,2
161442,4.83128,50.13288,2
161443,4.84483,50.13784,2
161444,4.84174,50.13517,2
161445,4.83128,50.13288,2
161446,4.8265,50.13607,2
161447,4.8409,50.1346,2
161448,4.84157,50.13504,2
161449,4.83166,50.133,2
161450,4.843243,50.137689,2
161451,4.85919,50.15121,2
161452,4.84139,50.13491,2
161453,4.83177,50.13309,2
161454,4.8265,50.13607,2
161455,4.84122,50.13477,2
161456,4.83137,50.13296,2
161457,4.844883,50.136946,2
161458,4.85919,50.15118,2
161459,4.83147,50.13304,2
161460,4.84104,50.13464,2
161461,4.83157,50.13312,2
161462,4.84086,50.13451,2
161463,4.84069,50.13438,2
161464,4.83167,50.13319,2
161465,4.84639,50.13821,2
161466,4.85919,50.15118,2
161467,4.84051,50.13425,2
161468,4.83177,50.13327,2
161469,4.832602,50.133004,2
161470,4.84029,50.13417,2
161471,4.84003,50.13412,2
161472,4.83196,50.13344,2
161473,4.8265,50.13607,2
161474,4.84003,50.13412,2
161475,4.83196,50.13344,2
161476,4.83981,50.13416,2
161477,4.83196,50.13344,2
161478,4.84499,50.13771,2
161479,4.83986,50.13433,2
161480,4.83214,50.13365,2
161481,4.84003,50.13446,2
161482,4.843243,50.137689,2
161483,4.84793,50.13526,2
161484,4.84019,50.1346,2
161485,4.83205,50.13355,2
161486,4.84036,50.13474,2
161487,4.83205,50.13355,2
161488,4.843243,50.137689,2
161489,4.84793,50.13526,2
161490,4.83205,50.13355,2
161491,4.84045,50.13463,2
161492,4.84793,50.13526,2
161493,4.84018,50.13441,2
161494,4.83214,50.13365,2
161495,4.84006,50.13424,2
161496,4.84793,50.13526,2
161497,4.84043,50.13436,2
161498,4.83214,50.13365,2
161499,4.84071,50.13457,2
161500,4.83205,50.13355,2
161501,4.84793,50.13526,2
161502,4.84099,50.13478,2
161503,4.83232,50.13387,2
161504,4.84127,50.13499,2
161505,4.83251,50.13408,2
161506,4.84155,50.1352,2
161507,4.84648,50.13818,2
161508,4.83242,50.13398,2
161509,4.84142,50.13557,2
161510,4.83242,50.13398,2
161511,4.84117,50.13571,2
161512,4.83227,50.13357,2
161513,4.83227,50.13357,2
161514,4.84102,50.13553,2
161515,4.83227,50.13357,2
161516,4.83227,50.13357,2
161517,4.8127,50.1335,2
161518,4.84246,50.14001,2
161519,4.8408,50.13522,2
161520,4.83227,50.13357,2
161521,4.83227,50.13357,2
161522,4.84142,50.13557,2
161523,4.83235,50.13366,2
161524,4.8408,50.13549,2
161525,4.8326,50.13395,2
161526,4.83252,50.13385,2
161527,4.84142,50.13557,2
161528,4.84092,50.13578,2
161529,4.83252,50.13385,2
161530,4.84142,50.13557,2
161531,4.83252,50.13385,2
161532,4.84142,50.13557,2
161533,4.84258,50.139535,2
161534,4.84152,50.1354,2
161535,4.83252,50.13385,2
161536,4.84211,50.13555,2
161537,4.83252,50.13385,2
161538,4.84526,50.13914,2
161539,4.84217,50.13555,2
161540,4.83252,50.13385,2
161541,4.844065,50.137645,2
161542,4.84211,50.13555,2
161543,4.84228,50.13579,2
161544,4.83252,50.13385,2
161545,4.844865,50.137997,2
161546,4.84211,50.13555,2
161547,4.83252,50.13385,2
161548,4.84219,50.136,2
161549,4.83252,50.13385,2
161550,4.84639,50.13821,2
161551,4.84203,50.13564,2
161552,4.84354,50.13888,2
161553,4.84211,50.13555,2
161554,4.83252,50.13385,2
161555,4.844969,50.138112,2
161556,4.84158,50.13554,2
161557,4.83252,50.13385,2
161558,4.84175,50.13538,2
161559,4.83276,50.13414,2
161560,4.84631,50.13821,2
161561,4.84116,50.13613,2
161562,4.8412,50.136,2
161563,4.83276,50.13414,2
161564,4.84639,50.13821,2
161565,4.84129,50.13623,2
161566,4.8416,50.13652,2
161567,4.83276,50.13414,2
161568,4.84341,50.1379,2
161569,4.84194,50.1365,2
161570,4.84228,50.13647,2
161571,4.8326,50.13419,2
161572,4.844842,50.137809,2
161573,4.84233,50.13658,2
161574,4.84205,50.1366,2
161575,4.8326,50.13419,2
161576,4.84451,50.13871,2
161577,4.84178,50.13663,2
161578,4.8415,50.13665,2
161579,4.8326,50.13419,2
161580,4.84125,50.13662,2
161581,4.84119,50.13645,2
161582,4.83251,50.13425,2
161583,4.84107,50.13614,2
161584,4.84116,50.13613,2
161585,4.83293,50.13429,2
161586,4.83562,50.13582,2
161587,4.83261,50.1342,2
161588,4.83562,50.13582,2
161589,4.83278,50.13436,2
161590,4.83278,50.13436,2
161591,4.83562,50.13582,2
161592,4.83519,50.1374,2
161593,4.83433,50.13336,2
161594,4.84354,50.13586,2
161595,4.83757,50.13708,2
161596,4.83771,50.137,2
161597,4.83771,50.13717,2
161598,4.83296,50.13457,2
161599,4.83786,50.13711,2
161600,4.83335,50.13457,2
161601,4.83786,50.13727,2
161602,4.83351,50.13456,2
161603,4.83801,50.13721,2
161604,4.838,50.13737,2
161605,4.83367,50.13454,2
161606,4.83816,50.13732,2
161607,4.83832,50.13742,2
161608,4.83367,50.13454,2
161609,4.83828,50.13757,2
161610,4.83367,50.13454,2
161611,4.83847,50.13753,2
161612,4.83842,50.13766,2
161613,4.83383,50.13453,2
161614,4.83862,50.13763,2
161615,4.83856,50.13776,2
161616,4.83238,50.1338,2
161617,4.84793,50.13526,2
161618,4.83414,50.1345,2
161619,4.78553,49.85795,2
161620,4.784842,49.858647,2
161621,4.78546,49.861,2
161622,4.78571,49.8621,2
161623,4.788049,49.863191,2
161624,4.788305,49.864461,2
161625,4.788049,49.863191,2
161626,4.78575,49.86258,2
161627,4.78571,49.86135,2
161628,4.7858,49.86184,2
161629,4.785796,49.861421,2
161630,4.78562,49.86053,2
161631,4.7858,49.86163,2
161632,4.7858,49.86135,2
161633,4.7858,49.86107,2
161634,4.78563,49.86099,2
161635,4.78515,49.8592,2
161636,4.78562,49.86058,2
161637,4.78528,49.86101,2
161638,4.7845,49.8609,2
161639,4.78518,49.8609,2
161640,4.78511,49.86102,2
161641,4.78494,49.86103,2
161642,4.78476,49.86104,2
161643,4.7845,49.8609,2
161644,4.7845,49.8609,2
161645,4.7845,49.8609,2
161646,4.7845,49.8609,2
161647,4.7845,49.8609,2
161648,4.7845,49.8609,2
161649,4.78562,49.86063,2
161650,4.78562,49.86048,2
161651,4.78562,49.86038,2
161652,4.78562,49.86033,2
161653,4.78562,49.86028,2
161654,4.78562,49.86023,2
161655,4.78592,49.86018,2
161656,4.78601,49.86025,2
161657,4.78601,49.86003,2
161658,4.78601,49.86003,2
161659,4.78615,49.85921,2
161660,4.7859,49.85903,2
161661,4.78504,49.85917,2
161662,4.78483,49.8593,2
161663,4.78447,49.85931,2
161664,4.78561,49.85799,2
161665,4.78444,49.85898,2
161666,4.78709,49.85779,2
161667,4.78757,49.8575,2
161668,4.78757,49.8575,2
161669,4.78412,49.85917,2
161670,4.78626,49.85966,2
161671,4.78383,49.85929,2
161672,4.78561,49.85799,2
161673,4.78553,49.85795,2
161674,4.78389,49.85926,2
161675,4.78462,49.85943,2
161676,4.78553,49.85795,2
161677,4.78757,49.8575,2
161678,4.78455,49.85963,2
161679,4.78553,49.85795,2
161680,4.78464,49.85978,2
161681,4.788886,49.865554,2
161682,4.78473,49.85993,2
161683,4.78473,49.85993,2
161684,4.78451,49.85915,2
161685,4.78447,49.85947,2
161686,4.78447,49.85931,2
161687,4.78467,49.85923,2
161688,4.7858,49.86043,2
161689,4.7858,49.86058,2
161690,4.78601,49.86035,2
161691,4.78601,49.86052,2
161692,4.78601,49.86052,2
161693,4.78601,49.86069,2
161694,4.78584,49.86076,2
161695,4.78571,49.8621,2
161696,4.78553,49.85795,2
161697,4.78562,49.86043,2
161698,4.78553,49.85795,2
161699,4.78456,49.85899,2
161700,4.78529,49.85907,2
161701,4.78554,49.85898,2
161702,4.78627,49.85942,2
161703,4.78627,49.85942,2
161704,4.74445,49.81566,2
161705,4.74633,49.8171,2
161706,4.74719,49.81679,2
161707,4.74719,49.81679,2
161708,4.74708,49.81672,2
161709,4.74633,49.8171,2
161710,4.74688,49.81681,2
161711,4.74633,49.8171,2
161712,4.74505,49.81755,2
161713,4.74505,49.81755,2
161714,4.74505,49.81755,2
161715,4.74505,49.81755,2
161716,4.74633,49.8171,2
161717,4.74406,49.81748,2
161718,4.74417,49.81733,2
161719,4.74633,49.8171,2
161720,4.74423,49.81726,2
161721,4.74427,49.81719,2
161722,4.74428,49.81711,2
161723,4.74429,49.81703,2
161724,4.7443,49.81694,2
161725,4.74431,49.81681,2
161726,4.74431,49.81676,2
161727,4.74431,49.81672,2
161728,4.74431,49.81672,2
161729,4.74431,49.81672,2
161730,4.74442,49.81727,2
161731,4.74445,49.81717,2
161732,4.74435,49.81735,2
161733,4.74428,49.81744,2
161734,4.74422,49.81753,2
161735,4.74442,49.81727,2
161736,4.74447,49.81698,2
161737,4.74449,49.81688,2
161738,4.74446,49.81708,2
161739,4.74463,49.81676,2
161740,4.74447,49.81677,2
161741,4.74479,49.81675,2
161742,4.74498,49.81674,2
161743,4.745,49.817,2
161744,4.74536,49.81686,2
161745,4.74657,49.81683,2
161746,4.74642,49.81684,2
161747,4.74673,49.81682,2
161748,4.74704,49.8168,2
161749,4.74704,49.8168,2
161750,4.74688,49.81681,2
161751,4.74688,49.81681,2
161752,4.74688,49.81681,2
161753,4.74688,49.81681,2
161754,4.74709,49.81668,2
161755,4.7453,49.81674,2
161756,4.74747,49.81665,2
161757,4.74797,49.81672,2
161758,4.74833,49.81669,2
161759,4.74794,49.81692,2
161760,4.74855,49.81778,2
161761,4.75021,49.81653,2
161762,4.74708,49.81672,2
161763,4.74821,49.81859,2
161764,4.74708,49.81672,2
161765,4.74554,49.81541,2
161766,4.74816,49.81614,2
161767,4.74762,49.81586,2
161768,4.74849,49.81695,2
161769,4.74708,49.81672,2
161770,4.74853,49.81757,2
161771,4.74781,49.81674,2
161772,4.7475,49.81676,2
161773,4.74735,49.81677,2
161774,4.74449,49.81677,2
161775,4.74447,49.81665,2
161776,4.74445,49.81657,2
161777,4.74445,49.81657,2
161778,4.74445,49.81652,2
161779,4.74445,49.81646,2
161780,4.74445,49.81634,2
161781,4.74445,49.8164,2
161782,4.74445,49.81634,2
161783,4.74445,49.81628,2
161784,4.74445,49.81628,2
161785,4.74445,49.81622,2
161786,4.74445,49.81616,2
161787,4.74445,49.81616,2
161788,4.74445,49.81616,2
161789,4.74445,49.81616,2
161790,4.74445,49.81616,2
161791,4.74445,49.81616,2
161792,4.74445,49.81616,2
161793,4.74445,49.81616,2
161794,4.74445,49.8161,2
161795,4.74445,49.8161,2
161796,4.74445,49.81604,2
161797,4.74445,49.81598,2
161798,4.74445,49.81592,2
161799,4.74445,49.81592,2
161800,4.74445,49.8158,2
161801,4.74445,49.81586,2
161802,4.74445,49.8158,2
161803,4.74445,49.81566,2
161804,4.74449,49.81549,2
161805,4.74423,49.81535,2
161806,4.74411,49.81585,2
161807,4.74445,49.81535,2
161808,4.74428,49.81664,2
161809,4.74426,49.81662,2
161810,4.7442,49.81658,2
161811,4.74418,49.81652,2
161812,4.74417,49.81646,2
161813,4.74417,49.8164,2
161814,4.74416,49.81627,2
161815,4.74417,49.81634,2
161816,4.74416,49.81621,2
161817,4.74416,49.81621,2
161818,4.74415,49.81615,2
161819,4.74633,49.8171,2
161820,4.74415,49.81615,2
161821,4.74415,49.81615,2
161822,4.74414,49.81603,2
161823,4.74414,49.81597,2
161824,4.74399,49.81542,2
161825,4.74414,49.81597,2
161826,4.74412,49.81591,2
161827,4.74411,49.81585,2
161828,4.74409,49.81578,2
161829,4.74406,49.81566,2
161830,4.74402,49.81554,2
161831,4.74402,49.81554,2
161832,4.74402,49.81554,2
161833,4.74402,49.81554,2
161834,4.74402,49.81554,2
161835,4.74401,49.81548,2
161836,4.74633,49.8171,2
161837,4.74633,49.8171,2
161838,4.74633,49.8171,2
161839,4.74633,49.8171,2
161840,4.74633,49.8171,2
161841,4.74633,49.8171,2
161842,4.74633,49.8171,2
161843,4.74633,49.8171,2
161844,4.74633,49.8171,2
161845,4.74633,49.8171,2
161846,4.74453,49.81688,2
161847,4.74453,49.81688,2
161848,4.74453,49.81688,2
161849,4.74453,49.81688,2
161850,4.74453,49.81688,2
161851,4.74633,49.8171,2
161852,4.74453,49.81688,2
161853,4.74505,49.81755,2
161854,4.74453,49.81688,2
161855,4.74505,49.81755,2
161856,4.74453,49.81688,2
161857,4.74453,49.81688,2
161858,4.74453,49.81688,2
161859,4.74505,49.81755,2
161860,4.74477,49.81686,2
161861,4.74505,49.81755,2
161862,4.74505,49.81755,2
161863,4.74505,49.81755,2
161864,4.74505,49.81755,2
161865,4.74505,49.81755,2
161866,4.74505,49.81755,2
161867,4.74505,49.81755,2
161868,4.74505,49.81755,2
161869,4.74505,49.81755,2
161870,4.74505,49.81755,2
161871,4.74505,49.81755,2
161872,4.74505,49.81755,2
161873,4.74505,49.81755,2
161874,4.74505,49.81755,2
161875,4.74505,49.81755,2
161876,4.74505,49.81755,2
161877,4.74505,49.81755,2
161878,4.74505,49.81755,2
161879,4.74505,49.81755,2
161880,4.74505,49.81755,2
161881,4.744,49.81755,2
161882,4.74505,49.81755,2
161883,4.74505,49.81755,2
161884,4.744,49.81755,2
161885,4.74505,49.81755,2
161886,4.74505,49.81755,2
161887,4.74505,49.81755,2
161888,4.74505,49.81755,2
161889,4.74505,49.81755,2
161890,4.74505,49.81755,2
161891,4.74505,49.81755,2
161892,4.74505,49.81755,2
161893,4.74505,49.81755,2
161894,4.74445,49.81616,2
161895,4.74505,49.81755,2
161896,4.74505,49.81755,2
161897,4.74517,49.81757,2
161898,4.74517,49.81757,2
161899,4.74517,49.81757,2
161900,4.74517,49.81757,2
161901,4.74517,49.81757,2
161902,4.74517,49.81757,2
161903,4.74517,49.81757,2
161904,4.74517,49.81757,2
161905,4.74505,49.81755,2
161906,4.74633,49.8171,2
161907,4.74633,49.8171,2
161908,4.74633,49.8171,2
161909,4.7485,49.81715,2
161910,4.73902,49.81514,2
161911,4.73902,49.81519,2
161912,4.73901,49.81509,2
161913,4.739,49.81503,2
161914,4.73907,49.81541,2
161915,4.73888,49.8154,2
161916,4.73892,49.81555,2
161917,4.73912,49.8156,2
161918,4.73917,49.8158,2
161919,4.73896,49.8157,2
161920,4.739,49.81584,2
161921,4.73902,49.81599,2
161922,4.73902,49.81599,2
161923,4.73931,49.816,2
161924,4.73921,49.81599,2
161925,4.73978,49.81595,2
161926,4.7388,49.81604,2
161927,4.7388,49.81604,2
161928,4.73899,49.81614,2
161929,4.73879,49.81616,2
161930,4.73845,49.81607,2
161931,4.73845,49.81607,2
161932,4.73845,49.81607,2
161933,4.73862,49.81606,2
161934,4.73809,49.8161,2
161935,4.73809,49.8161,2
161936,4.73859,49.81618,2
161937,4.73791,49.81612,2
161938,4.73791,49.81612,2
161939,4.73756,49.81614,2
161940,4.73774,49.81613,2
161941,4.73738,49.81615,2
161942,4.73839,49.8162,2
161943,4.7372,49.81616,2
161944,4.73799,49.81623,2
161945,4.73702,49.81617,2
161946,4.73778,49.81624,2
161947,4.73758,49.81625,2
161948,4.73738,49.81626,2
161949,4.73738,49.81626,2
161950,4.73684,49.81618,2
161951,4.73666,49.81619,2
161952,4.73666,49.81619,2
161953,4.73649,49.8162,2
161954,4.73631,49.81621,2
161955,4.73718,49.81627,2
161956,4.73613,49.81622,2
161957,4.73595,49.81623,2
161958,4.73657,49.81631,2
161959,4.73637,49.81632,2
161960,4.73616,49.81633,2
161961,4.73616,49.81633,2
161962,4.73596,49.81635,2
161963,4.7356,49.81621,2
161964,4.7356,49.81621,2
161965,4.73576,49.81635,2
161966,4.73556,49.81632,2
161967,4.73556,49.81632,2
161968,4.73556,49.81632,2
161969,4.73543,49.81618,2
161970,4.73525,49.81615,2
161971,4.73508,49.81612,2
161972,4.73536,49.81629,2
161973,4.73517,49.81626,2
161974,4.73477,49.81619,2
161975,4.7349,49.81609,2
161976,4.73473,49.81607,2
161977,4.73457,49.81616,2
161978,4.73456,49.81604,2
161979,4.73418,49.8161,2
161980,4.73418,49.8161,2
161981,4.73438,49.81601,2
161982,4.73421,49.81598,2
161983,4.73404,49.81594,2
161984,4.73389,49.81589,2
161985,4.73373,49.81583,2
161986,4.73358,49.81577,2
161987,4.73363,49.81593,2
161988,4.73326,49.81566,2
161989,4.73328,49.8158,2
161990,4.73295,49.81554,2
161991,4.7328,49.81548,2
161992,4.73293,49.81567,2
161993,4.73293,49.81567,2
161994,4.73275,49.8156,2
161995,4.73258,49.81554,2
161996,4.7324,49.81547,2
161997,4.73205,49.81534,2
161998,4.73169,49.81521,2
161999,4.73922,49.81694,2
162000,4.73152,49.81514,2
162001,4.73922,49.81694,2
162002,4.73264,49.81543,2
162003,4.73922,49.81694,2
162004,4.73233,49.81531,2
162005,4.73922,49.81694,2
162006,4.73222,49.8154,2
162007,4.73922,49.81694,2
162008,4.73218,49.81525,2
162009,4.73922,49.81694,2
162010,4.73202,49.8152,2
162011,4.73187,49.81514,2
162012,4.73171,49.81508,2
162013,4.73156,49.81502,2
162014,4.73134,49.81508,2
162015,4.7314,49.81497,2
162016,4.73124,49.81491,2
162017,4.73117,49.81501,2
162018,4.73164,49.81659,2
162019,4.73121,49.81482,2
162020,4.73121,49.8146,2
162021,4.73121,49.81437,2
162022,4.73112,49.8156,2
162023,4.73995,49.81611,2
162024,4.73997,49.81635,2
162025,4.73997,49.81635,2
162026,4.73997,49.81635,2
162027,4.74001,49.81662,2
162028,4.74001,49.81662,2
162029,4.73996,49.81675,2
162030,4.73996,49.81675,2
162031,4.73726,49.8175,2
162032,4.73996,49.81675,2
162033,4.73996,49.81675,2
162034,4.73971,49.81681,2
162035,4.73922,49.81694,2
162036,4.72859,49.81483,2
162037,4.72838,49.81481,2
162038,4.73903,49.81524,2
162039,4.72758,49.81461,2
162040,4.72787,49.81456,2
162041,4.72844,49.81465,2
162042,4.72859,49.81483,2
162043,4.72819,49.81456,2
162044,4.72961,49.8149,2
162045,4.72844,49.81465,2
162046,4.73996,49.81675,2
162047,4.73996,49.81675,2
162048,4.7441,49.81437,2
162049,4.7441,49.81437,2
162050,4.73862,49.81606,2
162051,4.73346,49.81586,2
162052,4.74001,49.81662,2
162053,4.73996,49.81675,2
162054,4.73103,49.81387,2
162055,4.73121,49.81418,2
162056,4.73022,49.81434,2
162057,4.731,49.81432,2
162058,4.73233,49.81422,2
162059,4.73339,49.81454,2
162060,4.73651,49.81485,2
162061,4.73269,49.81479,2
162062,4.73186,49.81415,2
162063,4.73138,49.81407,2
162064,4.73267,49.81437,2
162065,4.73284,49.81489,2
162066,4.73262,49.81466,2
162067,4.73256,49.81453,2
162068,4.73274,49.81452,2
162069,4.73293,49.81479,2
162070,4.73311,49.81489,2
162071,4.73401,49.81545,2
162072,4.73363,49.81533,2
162073,4.73345,49.81526,2
162074,4.73345,49.8151,2
162075,4.73363,49.8152,2
162076,4.73363,49.8152,2
162077,4.73384,49.81527,2
162078,4.73328,49.815,2
162079,4.73406,49.81534,2
162080,4.73427,49.81541,2
162081,4.73448,49.81547,2
162082,4.73469,49.81554,2
162083,4.73469,49.81554,2
162084,4.73538,49.81579,2
162085,4.7349,49.81561,2
162086,4.73602,49.81583,2
162087,4.73623,49.81584,2
162088,4.73513,49.81566,2
162089,4.73536,49.81567,2
162090,4.73862,49.81606,2
162091,4.7356,49.81568,2
162092,4.73584,49.8157,2
162093,4.73607,49.81571,2
162094,4.73631,49.81573,2
162095,4.73654,49.81572,2
162096,4.73677,49.81568,2
162097,4.73786,49.81559,2
162098,4.73786,49.81559,2
162099,4.73722,49.81559,2
162100,4.73745,49.81555,2
162101,4.73768,49.81551,2
162102,4.73768,49.81551,2
162103,4.73847,49.81547,2
162104,4.7379,49.81546,2
162105,4.73813,49.81542,2
162106,4.73888,49.8154,2
162107,4.73881,49.81529,2
162108,4.73857,49.81382,2
162109,4.73904,49.81529,2
162110,4.3149,49.67865,2
162111,4.31477,49.6791,2
162112,4.251549,49.716994,2
162113,4.31615,49.67935,2
162114,4.31477,49.6791,2
162115,4.31615,49.67935,2
162116,4.302765,49.688919,2
162117,4.31477,49.6791,2
162118,4.31615,49.67935,2
162119,4.31658,49.67725,2
162120,4.31477,49.6791,2
162121,4.31279,49.680339,2
162122,4.31477,49.6791,2
162123,4.31477,49.6791,2
162124,4.315242,49.678942,2
162125,4.31368,49.67865,2
162126,4.31368,49.67865,2
162127,4.31368,49.67865,2
162128,4.30054,49.67829,2
162129,4.30054,49.67829,2
162130,4.289046,49.686087,2
162131,4.30724,49.67081,2
162132,4.29266,49.69038,2
162133,4.3149,49.67865,2
162134,4.294858,49.689263,2
162135,4.3149,49.67865,2
162136,4.29266,49.69038,2
162137,4.325546,49.682609,2
162138,4.30823,49.69617,2
162139,4.31477,49.6791,2
162140,4.309101,49.682681,2
162141,4.31572,49.67854,2
162142,4.312136,49.68061,2
162143,4.31477,49.6791,2
162144,4.31477,49.6791,2
162145,4.31477,49.6791,2
162146,4.31477,49.6791,2
162147,4.31279,49.680339,2
162148,4.31477,49.6791,2
162149,4.31477,49.6791,2
162150,4.31477,49.6791,2
162151,4.31477,49.6791,2
162152,4.31477,49.6791,2
162153,4.31477,49.6791,2
162154,4.31477,49.6791,2
162155,4.31477,49.6791,2
162156,4.31477,49.6791,2
162157,4.31477,49.6791,2
162158,4.314037,49.679645,2
162159,4.31529,49.68016,2
162160,4.31368,49.67865,2
162161,4.31529,49.68016,2
162162,4.31529,49.68016,2
162163,4.31529,49.68016,2
162164,4.315242,49.678942,2
162165,4.315242,49.678942,2
162166,4.31477,49.6791,2
162167,4.31477,49.6791,2
162168,4.315951,49.678311,2
162169,4.31615,49.67935,2
162170,4.31615,49.67935,2
162171,4.31477,49.6791,2
162172,4.31477,49.6791,2
162173,4.31477,49.6791,2
162174,4.315951,49.678311,2
162175,4.316475,49.678248,2
162176,4.31477,49.6791,2
162177,4.317234,49.677841,2
162178,4.31477,49.6791,2
162179,4.31477,49.6791,2
162180,4.31477,49.6791,2
162181,4.31368,49.67865,2
162182,4.31368,49.67865,2
162183,4.31368,49.67865,2
162184,4.31368,49.67865,2
162185,4.31368,49.67865,2
162186,4.31368,49.67865,2
162187,4.3149,49.67865,2
162188,4.31368,49.67865,2
162189,4.31368,49.67865,2
162190,4.31368,49.67865,2
162191,4.31368,49.67865,2
162192,4.31053,49.68058,2
162193,4.31368,49.67865,2
162194,4.3149,49.67865,2
162195,4.3149,49.67865,2
162196,4.78317,49.87573,2
162197,4.78309,49.87551,2
162198,4.783298,49.87535,2
162199,4.78317,49.87573,2
162200,4.78402,49.87429,2
162201,4.783826,49.874477,2
162202,4.78402,49.87429,2
162203,4.78402,49.87429,2
162204,4.78286,49.87519,2
162205,4.78402,49.87429,2
162206,4.78431,49.87408,2
162207,4.78491,49.87324,2
162208,4.78403,49.87334,2
162209,4.78345,49.87306,2
162210,4.78406,49.87328,2
162211,4.784811,49.873865,2
162212,4.78986,49.87334,2
162213,4.78439,49.8737,2
162214,4.78406,49.87328,2
162215,4.78605,49.86996,2
162216,4.78423,49.87359,2
162217,4.78205,49.87332,2
162218,4.78598,49.86942,2
162219,4.78578,49.86936,2
162220,4.78225,49.87239,2
162221,4.78641,49.87074,2
162222,4.78199,49.87334,2
162223,4.78605,49.86996,2
162224,4.78402,49.87429,2
162225,4.78192,49.87339,2
162226,4.78402,49.87429,2
162227,4.78997,49.86955,2
162228,4.78402,49.87429,2
162229,4.78993,49.87074,2
162230,4.78402,49.87429,2
162231,4.78977,49.87014,2
162232,4.78608,49.87035,2
162233,4.78927,49.86756,2
162234,4.78653,49.87129,2
162235,4.78633,49.87167,2
162236,4.78626,49.87085,2
162237,4.78595,49.872,2
162238,4.78595,49.872,2
162239,4.78551,49.8723,2
162240,4.78605,49.86996,2
162241,4.78544,49.87219,2
162242,4.78718,49.87345,2
162243,4.78518,49.87253,2
162244,4.78943,49.87356,2
162245,4.78476,49.87107,2
162246,4.78534,49.87248,2
162247,4.78533,49.87243,2
162248,4.78552,49.87263,2
162249,4.786197,49.872911,2
162250,4.78557,49.87267,2
162251,4.78943,49.87356,2
162252,4.78943,49.87356,2
162253,4.78943,49.87356,2
162254,4.78943,49.87356,2
162255,4.78943,49.87356,2
162256,4.78943,49.87356,2
162257,4.78718,49.87345,2
162258,4.78943,49.87356,2
162259,4.78943,49.87356,2
162260,4.78943,49.87356,2
162261,4.78943,49.87356,2
162262,4.78943,49.87356,2
162263,4.78943,49.87356,2
162264,4.78947,49.87366,2
162265,4.78404,49.87688,2
162266,4.78584,49.87674,2
162267,4.78933,49.87357,2
162268,4.78943,49.87356,2
162269,4.78974,49.87317,2
162270,4.785393,49.870655,2
162271,4.78958,49.87312,2
162272,4.78945,49.87334,2
162273,4.78943,49.87356,2
162274,4.78943,49.87356,2
162275,4.7928,49.87635,2
162276,4.79014,49.873964,2
162277,4.78404,49.87688,2
162278,4.78943,49.87356,2
162279,4.78536,49.87261,2
162280,4.78938,49.87437,2
162281,4.78938,49.87437,2
162282,4.78938,49.87437,2
162283,4.78938,49.87437,2
162284,4.78938,49.87437,2
162285,4.78938,49.87437,2
162286,4.78938,49.87437,2
162287,4.78938,49.87437,2
162288,4.78199,49.87334,2
162289,4.788726,49.875196,2
162290,4.78947,49.87366,2
162291,4.78947,49.87366,2
162292,4.78943,49.87356,2
162293,4.78718,49.87345,2
162294,4.78615,49.870496,2
162295,4.78402,49.87429,2
162296,4.785324,49.870656,2
162297,4.784837,49.870657,2
162298,4.788527,49.876269,2
162299,4.785046,49.870662,2
162300,4.785393,49.870655,2
162301,4.785324,49.870656,2
162302,4.78605,49.86996,2
162303,4.78743,49.87627,2
162304,4.78605,49.86996,2
162305,4.78423,49.87359,2
162306,4.78605,49.86996,2
162307,4.789505,49.875216,2
162308,4.78933,49.87458,2
162309,4.78199,49.87334,2
162310,4.78981,49.87392,2
162311,4.78718,49.87345,2
162312,4.78402,49.87429,2
162313,4.78605,49.86996,2
162314,4.78938,49.87437,2
162315,4.78908,49.87462,2
162316,4.78383,49.87439,2
162317,4.79274,49.87645,2
162318,4.784811,49.873865,2
162319,4.784469,49.873692,2
162320,4.78406,49.87328,2
162321,4.78541,49.87256,2
162322,4.78943,49.87356,2
162323,4.78943,49.87356,2
162324,4.79274,49.87645,2
162325,4.78605,49.86996,2
162326,4.78605,49.86996,2
162327,4.78225,49.87239,2
162328,4.78225,49.87239,2
162329,4.788999,49.875963,2
162330,4.78199,49.87334,2
162331,4.5726,49.47953,2
162332,4.5726,49.47953,2
162333,4.5726,49.47953,2
162334,4.5726,49.47953,2
162335,4.5726,49.47953,2
162336,4.5726,49.47953,2
162337,4.57554,49.47877,2
162338,4.5683,49.48011,2
162339,4.56776,49.48008,2
162340,4.56776,49.48008,2
162341,4.56776,49.48008,2
162342,4.56776,49.48008,2
162343,4.56776,49.48008,2
162344,4.56776,49.48008,2
162345,4.56776,49.48008,2
162346,4.57307,49.47692,2
162347,4.57307,49.47692,2
162348,4.57318,49.47689,2
162349,4.57307,49.47692,2
162350,4.57307,49.47692,2
162351,4.57307,49.47692,2
162352,4.57307,49.47692,2
162353,4.57307,49.47692,2
162354,4.57307,49.47692,2
162355,4.57307,49.47692,2
162356,4.57337,49.47926,2
162357,4.57452,49.47953,2
162358,4.5771,49.47739,2
162359,4.57452,49.47953,2
162360,4.5771,49.47734,2
162361,4.5771,49.47734,2
162362,4.5726,49.47953,2
162363,4.57443,49.47559,2
162364,4.58186,49.47603,2
162365,4.58,49.47374,2
162366,4.57307,49.47692,2
162367,4.57812,49.47304,2
162368,4.57411,49.47588,2
162369,4.57411,49.47588,2
162370,4.577271,49.479249,2
162371,4.57191,49.47731,2
162372,4.58193,49.47674,2
162373,4.58191,49.47651,2
162374,4.57891,49.47641,2
162375,4.57915,49.47674,2
162376,4.57907,49.47649,2
162377,4.57911,49.47662,2
162378,4.57882,49.47588,2
162379,4.57875,49.47571,2
162380,4.57879,49.4758,2
162381,4.58143,49.47556,2
162382,4.58169,49.47563,2
162383,4.57885,49.47596,2
162384,4.57872,49.47563,2
162385,4.57869,49.47555,2
162386,4.57854,49.47563,2
162387,4.57862,49.47538,2
162388,4.57865,49.47546,2
162389,4.5771,49.46468,2
162390,4.57859,49.4753,2
162391,4.57411,49.47588,2
162392,4.57867,49.47596,2
162393,4.5786,49.4758,2
162394,4.57795,49.47532,2
162395,4.57858,49.47528,2
162396,4.58012,49.47537,2
162397,4.58186,49.47603,2
162398,4.57922,49.47534,2
162399,4.58012,49.47537,2
162400,4.58012,49.47537,2
162401,4.58012,49.47537,2
162402,4.58211,49.47676,2
162403,4.5818,49.47583,2
162404,4.58209,49.47657,2
162405,4.58207,49.47638,2
162406,4.58204,49.476,2
162407,4.58206,49.47619,2
162408,4.57953,49.47537,2
162409,4.58012,49.47537,2
162410,4.58048,49.47546,2
162411,4.58012,49.47537,2
162412,4.58012,49.47537,2
162413,4.58012,49.47537,2
162414,4.57891,49.47641,2
162415,4.57985,49.4754,2
162416,4.5808,49.47549,2
162417,4.57938,49.47459,2
162418,4.57891,49.47641,2
162419,4.57979,49.47422,2
162420,4.5797,49.47406,2
162421,4.58007,49.47377,2
162422,4.58063,49.47286,2
162423,4.57409,49.47597,2
162424,4.58035,49.47332,2
162425,4.57741,49.47172,2
162426,4.57692,49.47137,2
162427,4.57656,49.47095,2
162428,4.57044,49.46916,2
162429,4.57855,49.47521,2
162430,4.57865,49.47471,2
162431,4.57852,49.47461,2
162432,4.57904,49.47453,2
162433,4.5781,49.47436,2
162434,4.57805,49.47391,2
162435,4.57799,49.47346,2
162436,4.57298,49.4769,2
162437,4.57789,49.47267,2
162438,4.57298,49.4769,2
162439,4.57891,49.47641,2
162440,4.57807,49.47266,2
162441,4.57818,49.47357,2
162442,4.5731,49.47705,2
162443,4.57818,49.47357,2
162444,4.57812,49.47304,2
162445,4.57818,49.47357,2
162446,4.57818,49.47357,2
162447,4.5775,49.4687,2
162448,4.57732,49.47462,2
162449,4.57791,49.47456,2
162450,4.57807,49.47466,2
162451,4.57356,49.47615,2
162452,4.57298,49.47653,2
162453,4.57491,49.47544,2
162454,4.57471,49.47557,2
162455,4.57389,49.4761,2
162456,4.57409,49.47597,2
162457,4.57471,49.4754,2
162458,4.57603,49.47488,2
162459,4.57414,49.47578,2
162460,4.57348,49.47637,2
162461,4.57662,49.47537,2
162462,4.57761,49.47534,2
162463,4.57726,49.47532,2
162464,4.57614,49.47538,2
162465,4.57603,49.47559,2
162466,4.5763,49.47546,2
162467,4.57692,49.47529,2
162468,4.5726,49.47953,2
162469,4.57507,49.47737,2
162470,4.57604,49.4769,2
162471,4.57604,49.4769,2
162472,4.57576,49.47638,2
162473,4.57593,49.47706,2
162474,4.57502,49.47731,2
162475,4.57583,49.47637,2
162476,4.57459,49.47697,2
162477,4.57576,49.47638,2
162478,4.57585,49.47709,2
162479,4.57459,49.47697,2
162480,4.57658,49.47829,2
162481,4.57459,49.47697,2
162482,4.57459,49.47697,2
162483,4.57459,49.47697,2
162484,4.57459,49.47697,2
162485,4.5759,49.47551,2
162486,4.57588,49.47571,2
162487,4.57562,49.47582,2
162488,4.57572,49.47596,2
162489,4.57643,49.4753,2
162490,4.57611,49.47703,2
162491,4.57623,49.47729,2
162492,4.57572,49.4766,2
162493,4.57597,49.47677,2
162494,4.57591,49.47664,2
162495,4.57411,49.47742,2
162496,4.57577,49.47676,2
162497,4.5759,49.4772,2
162498,4.57459,49.47697,2
162499,4.57459,49.47697,2
162500,4.57459,49.47697,2
162501,4.57459,49.47697,2
162502,4.57488,49.47728,2
162503,4.57459,49.47697,2
162504,4.57459,49.47697,2
162505,4.57553,49.47727,2
162506,4.57459,49.47697,2
162507,4.57646,49.47742,2
162508,4.57662,49.4774,2
162509,4.57576,49.47638,2
162510,4.57606,49.47733,2
162511,4.57694,49.47736,2
162512,4.5726,49.47953,2
162513,4.57742,49.4773,2
162514,4.5771,49.47734,2
162515,4.57678,49.47738,2
162516,4.5771,49.47739,2
162517,4.5771,49.47739,2
162518,4.5771,49.47739,2
162519,4.5764,49.47755,2
162520,4.57806,49.47721,2
162521,4.57775,49.47726,2
162522,4.57811,49.47732,2
162523,4.57855,49.47721,2
162524,4.57822,49.47717,2
162525,4.57913,49.47707,2
162526,4.57906,49.47697,2
162527,4.57617,49.47763,2
162528,4.57633,49.47828,2
162529,4.57628,49.47806,2
162530,4.57653,49.47855,2
162531,4.57663,49.47864,2
162532,4.57681,49.47881,2
162533,4.57688,49.47905,2
162534,4.57691,49.47889,2
162535,4.57644,49.47847,2
162536,4.57701,49.47914,2
162537,4.57672,49.47872,2
162538,4.57822,49.479196,2
162539,4.5774,49.47884,2
162540,4.57658,49.47829,2
162541,4.5771,49.4786,2
162542,4.57822,49.479196,2
162543,4.5771,49.4786,2
162544,4.57554,49.47597,2
162545,4.5771,49.4786,2
162546,4.57764,49.47912,2
162547,4.577271,49.479249,2
162548,4.57822,49.479196,2
162549,4.5771,49.47916,2
162550,4.57822,49.479196,2
162551,4.578467,49.479173,2
162552,4.57822,49.479196,2
162553,4.57822,49.479196,2
162554,4.57822,49.479196,2
162555,4.57822,49.479196,2
162556,4.57822,49.479196,2
162557,4.57536,49.47971,2
162558,4.57708,49.4792,2
162559,4.57701,49.47905,2
162560,4.5771,49.47916,2
162561,4.57555,49.47874,2
162562,4.57558,49.47882,2
162563,4.57576,49.47905,2
162564,4.57578,49.47936,2
162565,4.57561,49.4789,2
162566,4.57564,49.47897,2
162567,4.57567,49.47905,2
162568,4.57573,49.47921,2
162569,4.57576,49.47929,2
162570,4.57576,49.47929,2
162571,4.57611,49.47933,2
162572,4.57707,49.47942,2
162573,4.57657,49.47933,2
162574,4.57507,49.4789,2
162575,4.57483,49.47896,2
162576,4.57302,49.47936,2
162577,4.5753,49.47884,2
162578,4.57267,49.47947,2
162579,4.57285,49.47941,2
162580,4.57411,49.47918,2
162581,4.5725,49.47952,2
162582,4.57442,49.47921,2
162583,4.57452,49.47953,2
162584,4.57437,49.47939,2
162585,4.57437,49.47939,2
162586,4.57437,49.47939,2
162587,4.57632,49.47939,2
162588,4.57481,49.47965,2
162589,4.57632,49.47939,2
162590,4.57298,49.4769,2
162591,4.57632,49.47939,2
162592,4.57127,49.47987,2
162593,4.567037,49.471307,2
162594,4.57317,49.47715,2
162595,4.5732,49.47718,2
162596,4.570785,49.475686,2
162597,4.57337,49.47926,2
162598,4.57313,49.47709,2
162599,4.570785,49.475686,2
162600,4.570727,49.475615,2
162601,4.57315,49.47712,2
162602,4.5716,49.47647,2
162603,4.57273,49.47658,2
162604,4.5716,49.47647,2
162605,4.57307,49.47692,2
162606,4.57241,49.47721,2
162607,4.57276,49.47717,2
162608,4.57206,49.47725,2
162609,4.5731,49.47713,2
162610,4.57172,49.47729,2
162611,4.5716,49.47647,2
162612,4.57303,49.47696,2
162613,4.5716,49.47647,2
162614,4.5716,49.47647,2
162615,4.5716,49.47647,2
162616,4.57305,49.47672,2
162617,4.57137,49.47732,2
162618,4.5716,49.47647,2
162619,4.5716,49.47647,2
162620,4.5716,49.47647,2
162621,4.5716,49.47647,2
162622,4.567698,49.471609,2
162623,4.57103,49.47736,2
162624,4.5716,49.47647,2
162625,4.57307,49.47692,2
162626,4.57068,49.4774,2
162627,4.57308,49.47702,2
162628,4.57291,49.4768,2
162629,4.57286,49.47674,2
162630,4.57362,49.47766,2
162631,4.57331,49.47706,2
162632,4.57296,49.47686,2
162633,4.57288,49.47677,2
162634,4.57283,49.47671,2
162635,4.57512,49.4753,2
162636,4.566315,49.470889,2
162637,4.566315,49.470889,2
162638,4.57394,49.47923,2
162639,4.57394,49.47923,2
162640,4.57394,49.47923,2
162641,4.57394,49.47923,2
162642,4.57841,49.47531,2
162643,4.57394,49.47923,2
162644,4.57214,49.47962,2
162645,4.57044,49.46916,2
162646,4.57197,49.47967,2
162647,4.57807,49.47266,2
162648,4.57394,49.47923,2
162649,4.5779,49.47107,2
162650,4.57368,49.4793,2
162651,4.57593,49.47706,2
162652,4.57584,49.47868,2
162653,4.57291,49.47952,2
162654,4.578696,49.479672,2
162655,4.57266,49.4796,2
162656,4.57822,49.479196,2
162657,4.57189,49.47982,2
162658,4.57658,49.47829,2
162659,4.57163,49.47989,2
162660,4.57394,49.47923,2
162661,4.57138,49.47997,2
162662,4.5726,49.47953,2
162663,4.5726,49.47953,2
162664,4.57127,49.47987,2
162665,4.5726,49.47953,2
162666,4.57337,49.47926,2
162667,4.5726,49.47953,2
162668,4.5726,49.47953,2
162669,4.5726,49.47953,2
162670,4.5726,49.47953,2
162671,4.22925,49.52793,2
162672,4.22925,49.52793,2
162673,4.22925,49.52793,2
162674,4.22925,49.52793,2
162675,4.229147,49.528186,2
162676,4.22925,49.52793,2
162677,4.23018,49.5283,2
162678,4.22925,49.52793,2
162679,4.229239,49.528428,2
162680,4.22925,49.52793,2
162681,4.22925,49.52793,2
162682,4.22925,49.52793,2
162683,4.22925,49.52793,2
162684,4.22579,49.52798,2
162685,4.22766,49.52797,2
162686,4.22733,49.52795,2
162687,4.22709,49.52804,2
162688,4.22685,49.52813,2
162689,4.22661,49.52822,2
162690,4.22694,49.52824,2
162691,4.2267,49.52833,2
162692,4.22441,49.52838,2
162693,4.22618,49.52849,2
162694,4.22602,49.52896,2
162695,4.22547,49.52845,2
162696,4.22643,49.52982,2
162697,4.22603,49.52943,2
162698,4.22662,49.5304,2
162699,4.22678,49.53034,2
162700,4.22543,49.52856,2
162701,4.22475,49.52848,2
162702,4.2254,49.52852,2
162703,4.22579,49.52798,2
162704,4.22579,49.52798,2
162705,4.22579,49.52798,2
162706,4.22579,49.52798,2
162707,4.22579,49.52798,2
162708,4.2254,49.52852,2
162709,4.22515,49.52829,2
162710,4.22515,49.52829,2
162711,4.22515,49.52829,2
162712,4.22399,49.52839,2
162713,4.2244,49.52832,2
162714,4.22311,49.52812,2
162715,4.22346,49.52835,2
162716,4.2235,49.52793,2
162717,4.2235,49.52793,2
162718,4.2235,49.52793,2
162719,4.22311,49.52812,2
162720,4.22311,49.52812,2
162721,4.22311,49.52812,2
162722,4.21944,49.52638,2
162723,4.21944,49.52638,2
162724,4.22303,49.52784,2
162725,4.22303,49.52784,2
162726,4.22303,49.52784,2
162727,4.22272,49.52989,2
162728,4.222928,49.527978,2
162729,4.22441,49.53051,2
162730,4.222572,49.528424,2
162731,4.222572,49.528424,2
162732,4.22184,49.528409,2
162733,4.22184,49.528409,2
162734,4.221826,49.5284,2
162735,4.20499,49.52518,2
162736,4.22356,49.5284,2
162737,4.22441,49.53051,2
162738,4.2254,49.52852,2
162739,4.22441,49.53051,2
162740,4.22441,49.53051,2
162741,4.22441,49.53051,2
162742,4.22441,49.53051,2
162743,4.22441,49.53051,2
162744,4.22441,49.53051,2
162745,4.22441,49.53051,2
162746,4.22272,49.52877,2
162747,4.22272,49.52989,2
162748,4.22272,49.52989,2
162749,4.22272,49.52989,2
162750,4.22272,49.52989,2
162751,4.22272,49.52989,2
162752,4.22272,49.52989,2
162753,4.20493,49.52548,2
162754,4.20434,49.52599,2
162755,4.222901,49.529479,2
162756,4.20434,49.52599,2
162757,4.20423,49.52618,2
162758,4.20434,49.52599,2
162759,4.222548,49.530392,2
162760,4.22416,49.53057,2
162761,4.22468,49.53026,2
162762,4.22925,49.52793,2
162763,4.22925,49.52793,2
162764,4.22441,49.53051,2
162765,4.22272,49.52877,2
162766,4.22441,49.53051,2
162767,4.229294,49.528427,2
162768,4.21944,49.52638,2
162769,4.22303,49.52784,2
162770,4.20353,49.52756,2
162771,4.22416,49.53057,2
162772,4.22416,49.53057,2
162773,4.20434,49.52599,2
162774,4.22403,49.52885,2
162775,4.22441,49.53051,2
162776,4.22605,49.5293,2
162777,4.2235,49.52793,2
162778,4.20434,49.52599,2
162779,4.21303,49.52504,2
162780,4.20927,49.52355,2
162781,4.20925,49.52367,2
162782,4.210615,49.524181,2
162783,4.20493,49.52548,2
162784,4.20434,49.52599,2
162785,4.20642,49.52346,2
162786,4.20642,49.52346,2
162787,4.20642,49.52346,2
162788,4.20642,49.52346,2
162789,4.20782,49.52218,2
162790,4.20847,49.52166,2
162791,4.20901,49.52197,2
162792,4.20884,49.52346,2
162793,4.21146,49.52431,2
162794,4.21146,49.52431,2
162795,4.20752,49.52235,2
162796,4.21303,49.52504,2
162797,4.21303,49.52504,2
162798,4.20841,49.52169,2
162799,4.20841,49.52169,2
162800,4.21107,49.5243,2
162801,4.21085,49.52409,2
162802,4.21085,49.52409,2
162803,4.21303,49.52504,2
162804,4.21264,49.52478,2
162805,4.21236,49.52466,2
162806,4.21303,49.52504,2
162807,4.21206,49.52454,2
162808,4.21036,49.52404,2
162809,4.21176,49.52442,2
162810,4.2124,49.52482,2
162811,4.21146,49.52431,2
162812,4.21177,49.52456,2
162813,4.21115,49.5242,2
162814,4.21085,49.52409,2
162815,4.21107,49.5243,2
162816,4.21055,49.52397,2
162817,4.21001,49.52259,2
162818,4.20977,49.5238,2
162819,4.20874,49.52375,2
162820,4.20848,49.52383,2
162821,4.20884,49.52346,2
162822,4.20832,49.52377,2
162823,4.20803,49.524,2
162824,4.20842,49.52388,2
162825,4.20832,49.52395,2
162826,4.20819,49.52406,2
162827,4.20805,49.52416,2
162828,4.20759,49.52436,2
162829,4.20791,49.52427,2
162830,4.20778,49.52438,2
162831,4.2071,49.52453,2
162832,4.2066,49.52458,2
162833,4.2075,49.52459,2
162834,4.20765,49.52469,2
162835,4.20808,49.52503,2
162836,4.20701,49.52466,2
162837,4.2078,49.52489,2
162838,4.20609,49.52464,2
162839,4.20625,49.52474,2
162840,4.20659,49.52464,2
162841,4.20567,49.52468,2
162842,4.20536,49.52501,2
162843,4.20499,49.52518,2
162844,4.20456,49.52587,2
162845,4.20434,49.52599,2
162846,4.20335,49.52755,2
162847,4.20754,49.52242,2
162848,4.20583,49.52414,2
162849,4.20642,49.52346,2
162850,4.20642,49.52346,2
162851,4.210992,49.524283,2
162852,4.20642,49.52346,2
162853,4.20642,49.52346,2
162854,4.20677,49.5224,2
162855,4.20754,49.52242,2
162856,4.20754,49.52242,2
162857,4.20823,49.52167,2
162858,4.20841,49.52169,2
162859,4.20841,49.52169,2
162860,4.20884,49.52346,2
162861,4.20992,49.52217,2
162862,4.20884,49.52346,2
162863,4.2091,49.52248,2
162864,4.2091,49.52248,2
162865,4.2091,49.52248,2
162866,4.2091,49.52296,2
162867,4.2089,49.52288,2
162868,4.20916,49.52294,2
162869,4.20989,49.5225,2
162870,4.20943,49.5227,2
162871,4.209,49.523,2
162872,4.2091,49.52312,2
162873,4.20916,49.52294,2
162874,4.20884,49.52346,2
162875,4.2091,49.52296,2
162876,4.20568,49.52473,2
162877,4.20568,49.52473,2
162878,4.20568,49.52473,2
162879,4.21085,49.52409,2
162880,4.211798,49.524441,2
162881,4.210615,49.524181,2
162882,4.20677,49.5224,2
162883,4.20848,49.52383,2
162884,4.20759,49.52436,2
162885,4.2091,49.52312,2
162886,4.2091,49.52312,2
162887,4.2091,49.52312,2
162888,4.94432,49.70185,2
162889,4.94432,49.70185,2
162890,4.94432,49.70185,2
162891,4.94432,49.70185,2
162892,4.94432,49.70185,2
162893,4.94432,49.70185,2
162894,4.94416,49.70181,2
162895,4.94436,49.70188,2
162896,4.94424,49.70161,2
162897,4.94428,49.70151,2
162898,4.94428,49.70151,2
162899,4.94428,49.70151,2
162900,4.94428,49.70151,2
162901,4.94428,49.70151,2
162902,4.94428,49.70151,2
162903,4.94428,49.70151,2
162904,4.94428,49.70151,2
162905,4.94428,49.70151,2
162906,4.94428,49.70151,2
162907,4.94428,49.70151,2
162908,4.94428,49.70151,2
162909,4.94428,49.70151,2
162910,4.94428,49.70151,2
162911,4.94428,49.70151,2
162912,4.94428,49.70151,2
162913,4.94428,49.70151,2
162914,4.94428,49.70151,2
162915,4.94358,49.70288,2
162916,4.94358,49.70288,2
162917,4.9433,49.70277,2
162918,4.94428,49.70151,2
162919,4.94406,49.70231,2
162920,4.94435,49.7013,2
162921,4.94435,49.7013,2
162922,4.94439,49.7012,2
162923,4.94363,49.70196,2
162924,4.94432,49.70185,2
162925,4.94443,49.7011,2
162926,4.94432,49.70185,2
162927,4.94443,49.7011,2
162928,4.94432,49.70185,2
162929,4.94443,49.7011,2
162930,4.94416,49.70181,2
162931,4.94443,49.7011,2
162932,4.9442,49.70171,2
162933,4.94443,49.7011,2
162934,4.94428,49.70151,2
162935,4.94443,49.7011,2
162936,4.94428,49.70151,2
162937,4.94443,49.7011,2
162938,4.94428,49.70151,2
162939,4.94443,49.7011,2
162940,4.94443,49.7011,2
162941,4.94428,49.70151,2
162942,4.94443,49.7011,2
162943,4.94443,49.7011,2
162944,4.94435,49.7013,2
162945,4.94443,49.7011,2
162946,4.94435,49.7013,2
162947,4.94443,49.7011,2
162948,4.94443,49.7011,2
162949,4.94443,49.7011,2
162950,4.94443,49.7011,2
162951,4.94443,49.7011,2
162952,4.94443,49.7011,2
162953,4.94448,49.70098,2
162954,4.94443,49.7011,2
162955,4.94443,49.7011,2
162956,4.94461,49.70068,2
162957,4.94443,49.7011,2
162958,4.94467,49.70053,2
162959,4.94443,49.7011,2
162960,4.94443,49.7011,2
162961,4.94443,49.7011,2
162962,4.94482,49.70022,2
162963,4.94443,49.7011,2
162964,4.94443,49.7011,2
162965,4.94454,49.70083,2
162966,4.94461,49.70068,2
162967,4.94461,49.70068,2
162968,4.94461,49.70068,2
162969,4.94461,49.70068,2
162970,4.94461,49.70068,2
162971,4.94461,49.70068,2
162972,4.94461,49.70068,2
162973,4.94461,49.70068,2
162974,4.94461,49.70068,2
162975,4.94461,49.70068,2
162976,4.94461,49.70068,2
162977,4.94461,49.70068,2
162978,4.94461,49.70068,2
162979,4.94461,49.70068,2
162980,4.94461,49.70068,2
162981,4.94461,49.70068,2
162982,4.94461,49.70068,2
162983,4.94461,49.70068,2
162984,4.94461,49.70068,2
162985,4.94461,49.70068,2
162986,4.94461,49.70068,2
162987,4.94461,49.70068,2
162988,4.94329,49.70187,2
162989,4.94329,49.70187,2
162990,4.94329,49.70187,2
162991,4.94329,49.70187,2
162992,4.94461,49.70068,2
162993,4.94461,49.70068,2
162994,4.94461,49.70068,2
162995,4.94482,49.70022,2
162996,4.94482,49.70022,2
162997,4.94482,49.70022,2
162998,4.94482,49.70022,2
162999,4.94482,49.70022,2
163000,4.94482,49.70022,2
163001,4.94482,49.70022,2
163002,4.94482,49.70022,2
163003,4.94482,49.70022,2
163004,4.94482,49.70022,2
163005,4.94482,49.70022,2
163006,4.94482,49.70022,2
163007,4.94482,49.70022,2
163008,4.94482,49.70022,2
163009,4.94482,49.70022,2
163010,4.94482,49.70022,2
163011,4.94482,49.70022,2
163012,4.94482,49.70022,2
163013,4.94482,49.70022,2
163014,4.94482,49.70022,2
163015,4.94482,49.70022,2
163016,4.9433,49.70277,2
163017,4.9433,49.70277,2
163018,4.9433,49.70277,2
163019,4.9433,49.70277,2
163020,4.94406,49.70231,2
163021,4.94406,49.70206,2
163022,4.94406,49.70231,2
163023,4.94406,49.70206,2
163024,4.94406,49.70206,2
163025,4.94406,49.70231,2
163026,4.94406,49.70231,2
163027,4.94406,49.70206,2
163028,4.94406,49.70231,2
163029,4.9435,49.70185,2
163030,4.9435,49.70185,2
163031,4.9435,49.70185,2
163032,4.94363,49.70196,2
163033,4.94363,49.70196,2
163034,4.94363,49.70196,2
163035,4.94363,49.70196,2
163036,4.94432,49.70185,2
163037,4.94432,49.70185,2
163038,4.94432,49.70185,2
163039,4.94568,49.70031,2
163040,4.94554,49.70028,2
163041,4.94554,49.70028,2
163042,4.94554,49.70028,2
163043,4.94499,49.70026,2
163044,4.94499,49.70026,2
163045,4.9454,49.70026,2
163046,4.94494,49.70035,2
163047,4.9449,49.70045,2
163048,4.94484,49.70059,2
163049,4.94484,49.70059,2
163050,4.9449,49.70045,2
163051,4.94475,49.70079,2
163052,4.94518,49.70056,2
163053,4.94518,49.70056,2
163054,4.94501,49.70109,2
163055,4.94501,49.70109,2
163056,4.94533,49.7011,2
163057,4.94523,49.70113,2
163058,4.94523,49.70113,2
163059,4.94551,49.70098,2
163060,4.94551,49.70098,2
163061,4.94551,49.70098,2
163062,4.94568,49.70086,2
163063,4.94568,49.70086,2
163064,4.94568,49.70086,2
163065,4.94568,49.70086,2
163066,4.94581,49.70076,2
163067,4.94581,49.70076,2
163068,4.94581,49.70076,2
163069,4.94593,49.70066,2
163070,4.94604,49.70056,2
163071,4.94615,49.70045,2
163072,4.94615,49.70045,2
163073,4.94615,49.70045,2
163074,4.94615,49.70045,2
163075,4.94616,49.70025,2
163076,4.94573,49.70018,2
163077,4.94582,49.70033,2
163078,4.94582,49.70033,2
163079,4.94582,49.70033,2
163080,4.94568,49.70031,2
163081,4.94568,49.70031,2
163082,4.94568,49.70031,2
163083,4.94568,49.70031,2
163084,4.94568,49.70031,2
163085,4.94568,49.70031,2
163086,4.94568,49.70031,2
163087,4.94554,49.70028,2
163088,4.94554,49.70028,2
163089,4.94554,49.70028,2
163090,4.94554,49.70028,2
163091,4.94504,49.7006,2
163092,4.9454,49.70026,2
163093,4.9454,49.70026,2
163094,4.9454,49.70026,2
163095,4.9454,49.70026,2
163096,4.9454,49.70026,2
163097,4.9454,49.70026,2
163098,4.9454,49.70026,2
163099,4.9454,49.70026,2
163100,4.9454,49.70026,2
163101,4.9454,49.70026,2
163102,4.94519,49.70035,2
163103,4.94519,49.70035,2
163104,4.94519,49.70035,2
163105,4.94519,49.70035,2
163106,4.94519,49.70035,2
163107,4.94511,49.70047,2
163108,4.94511,49.70047,2
163109,4.94484,49.70059,2
163110,4.94511,49.70047,2
163111,4.94511,49.70047,2
163112,4.94511,49.70047,2
163113,4.94511,49.70047,2
163114,4.94507,49.70007,2
163115,4.94511,49.70047,2
163116,4.94518,49.70056,2
163117,4.94518,49.70056,2
163118,4.94518,49.70056,2
163119,4.94518,49.70056,2
163120,4.94518,49.70056,2
163121,4.94518,49.70056,2
163122,4.94518,49.70056,2
163123,4.94518,49.70056,2
163124,4.94518,49.70056,2
163125,4.94518,49.70056,2
163126,4.94518,49.70056,2
163127,4.94518,49.70056,2
163128,4.94518,49.70056,2
163129,4.94518,49.70056,2
163130,4.94501,49.70109,2
163131,4.94501,49.70109,2
163132,4.94501,49.70109,2
163133,4.94501,49.70109,2
163134,4.94501,49.70109,2
163135,4.94523,49.70113,2
163136,4.94523,49.70113,2
163137,4.94551,49.70098,2
163138,4.94551,49.70098,2
163139,4.94551,49.70098,2
163140,4.94551,49.70098,2
163141,4.94551,49.70098,2
163142,4.94551,49.70098,2
163143,4.94551,49.70098,2
163144,4.94568,49.70086,2
163145,4.94568,49.70086,2
163146,4.94568,49.70086,2
163147,4.94568,49.70086,2
163148,4.94568,49.70086,2
163149,4.94568,49.70086,2
163150,4.94581,49.70076,2
163151,4.94581,49.70076,2
163152,4.94581,49.70076,2
163153,4.94581,49.70076,2
163154,4.94581,49.70076,2
163155,4.94581,49.70076,2
163156,4.94593,49.70066,2
163157,4.94593,49.70066,2
163158,4.94593,49.70066,2
163159,4.94593,49.70066,2
163160,4.94593,49.70066,2
163161,4.94604,49.70056,2
163162,4.94604,49.70056,2
163163,4.94604,49.70056,2
163164,4.94604,49.70056,2
163165,4.94604,49.70056,2
163166,4.94615,49.70045,2
163167,4.94615,49.70045,2
163168,4.94615,49.70045,2
163169,4.94615,49.70045,2
163170,4.94615,49.70045,2
163171,4.94615,49.70045,2
163172,4.94615,49.70045,2
163173,4.94626,49.70035,2
163174,4.94626,49.70035,2
163175,4.94626,49.70035,2
163176,4.94626,49.70035,2
163177,4.94626,49.70035,2
163178,4.94499,49.70026,2
163179,4.94593,49.70066,2
163180,4.94593,49.70066,2
163181,4.94573,49.70018,2
163182,4.94567,49.70005,2
163183,4.94614,49.70006,2
163184,4.94614,49.70006,2
163185,4.94778,49.69913,2
163186,4.94766,49.70063,2
163187,4.94614,49.70006,2
163188,4.94619,49.69989,2
163189,4.94619,49.69989,2
163190,4.94619,49.69989,2
163191,4.94621,49.6998,2
163192,4.94621,49.6998,2
163193,4.94621,49.6998,2
163194,4.94769,49.70079,2
163195,4.94567,49.70005,2
163196,4.94567,49.70005,2
163197,4.94769,49.70079,2
163198,4.94657,49.69965,2
163199,4.94667,49.70011,2
163200,4.94679,49.70011,2
163201,4.94692,49.7001,2
163202,4.94704,49.7001,2
163203,4.94729,49.70009,2
163204,4.94742,49.70009,2
163205,4.94743,49.70029,2
163206,4.94757,49.70006,2
163207,4.9476,49.70023,2
163208,4.94766,49.70063,2
163209,4.94749,49.7007,2
163210,4.94747,49.70059,2
163211,4.94746,49.70049,2
163212,4.94746,49.70049,2
163213,4.94744,49.70039,2
163214,4.94743,49.70029,2
163215,4.94741,49.70019,2
163216,4.94741,49.70019,2
163217,4.94766,49.70009,2
163218,4.94777,49.70009,2
163219,4.94793,49.70009,2
163220,4.9481,49.70009,2
163221,4.9481,49.70009,2
163222,4.94826,49.70009,2
163223,4.94824,49.70005,2
163224,4.94824,49.70005,2
163225,4.94778,49.69913,2
163226,4.94778,49.69913,2
163227,4.94778,49.6988,2
163228,4.9481,49.69909,2
163229,4.94822,49.70011,2
163230,4.9482,49.70017,2
163231,4.94818,49.70022,2
163232,4.94815,49.70034,2
163233,4.94813,49.7004,2
163234,4.94813,49.7004,2
163235,4.94813,49.7004,2
163236,4.94813,49.7004,2
163237,4.9482,49.70017,2
163238,4.94813,49.7004,2
163239,4.94813,49.7004,2
163240,4.94813,49.7004,2
163241,4.94811,49.70046,2
163242,4.94805,49.70061,2
163243,4.94803,49.70066,2
163244,4.94801,49.7007,2
163245,4.94801,49.7007,2
163246,4.94796,49.70079,2
163247,4.94835,49.69955,2
163248,4.9483,49.69976,2
163249,4.9483,49.69976,2
163250,4.94828,49.69986,2
163251,4.94828,49.69986,2
163252,4.9483,49.69976,2
163253,4.94826,49.69997,2
163254,4.94802,49.69997,2
163255,4.9478,49.69997,2
163256,4.9478,49.69997,2
163257,4.94778,49.69982,2
163258,4.94778,49.69932,2
163259,4.94782,49.69926,2
163260,4.94845,49.69915,2
163261,4.94837,49.69944,2
163262,4.94764,49.69997,2
163263,4.94726,49.69998,2
163264,4.94712,49.69998,2
163265,4.94712,49.69998,2
163266,4.94712,49.69998,2
163267,4.94697,49.69999,2
163268,4.94683,49.69999,2
163269,4.94683,49.69999,2
163270,4.94669,49.69999,2
163271,4.94657,49.69971,2
163272,4.94657,49.69974,2
163273,4.94657,49.69976,2
163274,4.94657,49.69979,2
163275,4.94709,49.69968,2
163276,4.94709,49.69968,2
163277,4.94733,49.69968,2
163278,4.94553,49.70003,2
163279,4.94581,49.70008,2
163280,4.94746,49.70049,2
163281,4.94596,49.7001,2
163282,4.94639,49.70011,2
163283,4.94639,49.70011,2
163284,4.94619,49.69989,2
163285,4.94637,49.69935,2
163286,4.94648,49.69995,2
163287,4.94648,49.69995,2
163288,4.94769,49.70079,2
163289,4.94835,49.69955,2
163290,4.94596,49.70003,2
163291,4.94596,49.70003,2
163292,4.94692,49.7001,2
163293,4.94692,49.7001,2
163294,4.94692,49.7001,2
163295,4.94692,49.7001,2
163296,4.94704,49.7001,2
163297,4.94704,49.7001,2
163298,4.94704,49.7001,2
163299,4.94704,49.7001,2
163300,4.94777,49.70009,2
163301,4.94717,49.7001,2
163302,4.94717,49.7001,2
163303,4.94717,49.7001,2
163304,4.94743,49.70029,2
163305,4.94743,49.70029,2
163306,4.94743,49.70029,2
163307,4.94739,49.70009,2
163308,4.94739,49.70009,2
163309,4.94757,49.70006,2
163310,4.94757,49.70006,2
163311,4.94757,49.70006,2
163312,4.94761,49.70031,2
163313,4.9476,49.70023,2
163314,4.9476,49.70023,2
163315,4.9476,49.70023,2
163316,4.9476,49.70023,2
163317,4.94761,49.70031,2
163318,4.94761,49.70031,2
163319,4.94764,49.70047,2
163320,4.94766,49.70063,2
163321,4.94766,49.70063,2
163322,4.94766,49.70063,2
163323,4.94766,49.70063,2
163324,4.94765,49.70093,2
163325,4.94749,49.7007,2
163326,4.94749,49.7007,2
163327,4.94747,49.70059,2
163328,4.94747,49.70059,2
163329,4.94747,49.70059,2
163330,4.94741,49.70019,2
163331,4.94741,49.70019,2
163332,4.94741,49.70019,2
163333,4.94741,49.70019,2
163334,4.9481,49.70009,2
163335,4.94777,49.70009,2
163336,4.94777,49.70009,2
163337,4.9481,49.70009,2
163338,4.94824,49.70005,2
163339,4.9481,49.70009,2
163340,4.94824,49.70005,2
163341,4.94824,49.70005,2
163342,4.94778,49.69863,2
163343,4.94778,49.69913,2
163344,4.94778,49.69913,2
163345,4.94778,49.69913,2
163346,4.94778,49.69913,2
163347,4.94778,49.69897,2
163348,4.94778,49.69913,2
163349,4.94822,49.70011,2
163350,4.9482,49.70017,2
163351,4.94813,49.7004,2
163352,4.94813,49.7004,2
163353,4.94813,49.7004,2
163354,4.94813,49.7004,2
163355,4.94811,49.70046,2
163356,4.94811,49.70046,2
163357,4.94811,49.70046,2
163358,4.9476,49.69996,2
163359,4.9476,49.69996,2
163360,4.94807,49.70057,2
163361,4.94801,49.7007,2
163362,4.94801,49.7007,2
163363,4.94801,49.7007,2
163364,4.94801,49.7007,2
163365,4.94803,49.70066,2
163366,4.94835,49.69955,2
163367,4.94835,49.69955,2
163368,4.94746,49.70049,2
163369,4.94746,49.70049,2
163370,4.94835,49.69955,2
163371,4.9483,49.69976,2
163372,4.9483,49.69976,2
163373,4.94769,49.70079,2
163374,4.9483,49.69976,2
163375,4.94769,49.70079,2
163376,4.94828,49.69986,2
163377,4.94769,49.70079,2
163378,4.94605,49.70003,2
163379,4.94828,49.69986,2
163380,4.94596,49.70003,2
163381,4.94769,49.70079,2
163382,4.94605,49.70003,2
163383,4.94826,49.69997,2
163384,4.94826,49.69997,2
163385,4.94826,49.69997,2
163386,4.94802,49.69997,2
163387,4.9478,49.69997,2
163388,4.9478,49.69997,2
163389,4.9478,49.69997,2
163390,4.94778,49.69982,2
163391,4.94605,49.70003,2
163392,4.94778,49.69982,2
163393,4.94778,49.69982,2
163394,4.94778,49.69968,2
163395,4.94778,49.69968,2
163396,4.94778,49.69968,2
163397,4.94778,49.69951,2
163398,4.94778,49.69951,2
163399,4.94778,49.69932,2
163400,4.94778,49.69932,2
163401,4.94778,49.69932,2
163402,4.94782,49.69926,2
163403,4.94782,49.69926,2
163404,4.94567,49.70005,2
163405,4.94782,49.69926,2
163406,4.94782,49.69926,2
163407,4.94782,49.69926,2
163408,4.94782,49.69926,2
163409,4.94804,49.69922,2
163410,4.94825,49.69919,2
163411,4.94845,49.69915,2
163412,4.94845,49.69915,2
163413,4.94845,49.69915,2
163414,4.94845,49.69915,2
163415,4.9484,49.6993,2
163416,4.94837,49.69944,2
163417,4.94837,49.69944,2
163418,4.94837,49.69944,2
163419,4.9476,49.69982,2
163420,4.9476,49.69982,2
163421,4.9476,49.69996,2
163422,4.94692,49.7001,2
163423,4.94726,49.69998,2
163424,4.94726,49.69998,2
163425,4.94726,49.69998,2
163426,4.94712,49.69998,2
163427,4.94712,49.69998,2
163428,4.94697,49.69999,2
163429,4.94697,49.69999,2
163430,4.94697,49.69999,2
163431,4.94697,49.69999,2
163432,4.94683,49.69999,2
163433,4.94683,49.69999,2
163434,4.94683,49.69999,2
163435,4.94683,49.69999,2
163436,4.94669,49.69999,2
163437,4.94669,49.69999,2
163438,4.94657,49.69971,2
163439,4.94657,49.69968,2
163440,4.94657,49.69971,2
163441,4.94657,49.69968,2
163442,4.94657,49.69974,2
163443,4.94657,49.69974,2
163444,4.94657,49.69976,2
163445,4.94657,49.69974,2
163446,4.94657,49.69974,2
163447,4.94657,49.69974,2
163448,4.94657,49.69974,2
163449,4.94657,49.69979,2
163450,4.94657,49.69979,2
163451,4.9466,49.69969,2
163452,4.94685,49.69969,2
163453,4.94685,49.69969,2
163454,4.94685,49.69969,2
163455,4.94567,49.70005,2
163456,4.94553,49.70003,2
163457,4.94709,49.69968,2
163458,4.94709,49.69968,2
163459,4.94709,49.69968,2
163460,4.94709,49.69968,2
163461,4.94733,49.69968,2
163462,4.94733,49.69968,2
163463,4.94733,49.69968,2
163464,4.9476,49.69968,2
163465,4.9476,49.69968,2
163466,4.9476,49.69968,2
163467,4.9476,49.69968,2
163468,4.94553,49.70003,2
163469,4.94553,49.70003,2
163470,4.94553,49.70003,2
163471,4.94553,49.70003,2
163472,4.94553,49.70003,2
163473,4.94553,49.70003,2
163474,4.94553,49.70003,2
163475,4.94567,49.70005,2
163476,4.9476,49.69996,2
163477,4.94567,49.70005,2
163478,4.94567,49.70005,2
163479,4.94567,49.70005,2
163480,4.94777,49.70009,2
163481,4.94567,49.70005,2
163482,4.70614,49.87996,2
163483,4.70651,49.88001,2
163484,4.70677,49.88027,2
163485,4.70599,49.87955,2
163486,4.70673,49.87997,2
163487,4.70599,49.87955,2
163488,4.706137,49.879133,2
163489,4.70824,49.87493,2
163490,4.707591,49.875143,2
163491,4.70741,49.87484,2
163492,4.70599,49.87955,2
163493,4.47385,49.67616,2
163494,4.47385,49.67616,2
163495,4.5024,49.66407,2
163496,4.47424,49.6758,2
163497,4.47402,49.67633,2
163498,4.84176,50.13424,2
163499,4.84639,50.13821,2
163500,4.83238,50.1338,2
163501,4.83662,50.13441,2
163502,4.84176,50.13424,2
163503,4.82034,50.14148,2
163504,4.83562,50.13582,2
163505,4.84657,50.132,2
163506,4.84994,50.13086,2
163507,4.84141,50.1324,2
163508,4.84475,50.13247,2
163509,4.84116,50.13613,2
163510,4.83562,50.13582,2
163511,4.84029,50.1381,2
163512,4.84176,50.13424,2
163513,4.84553,50.13499,2
163514,4.84354,50.13586,2
163515,4.84354,50.13586,2
163516,4.84393,50.13633,2
163517,4.84396,50.13597,2
163518,4.84389,50.13586,2
163519,4.84553,50.13499,2
163520,4.84176,50.13424,2
163521,4.84176,50.13424,2
163522,4.84176,50.13424,2
163523,4.84793,50.13526,2
163524,4.83826,50.12989,2
163525,4.84176,50.13424,2
163526,4.83364,50.13616,2
163527,4.83648,50.13356,2
163528,4.83658,50.13349,2
163529,4.83662,50.13441,2
163530,4.83826,50.12989,2
163531,4.84994,50.13086,2
163532,4.78651,49.8629,2
163533,4.78571,49.8621,2
163534,4.78571,49.86074,2
163535,4.78571,49.86074,2
163536,4.778652,49.862562,2
163537,4.78571,49.86074,2
163538,4.78562,49.86038,2
163539,4.778267,49.862633,2
163540,4.78571,49.8621,2
163541,4.78571,49.8621,2
163542,4.74902,49.81645,2
163543,4.74708,49.81672,2
163544,4.74633,49.8171,2
163545,4.74633,49.8171,2
163546,4.74633,49.8171,2
163547,4.74633,49.8171,2
163548,4.74431,49.81672,2
163549,4.74431,49.81672,2
163550,4.74708,49.81672,2
163551,4.73922,49.81694,2
163552,4.73895,49.81515,2
163553,4.72961,49.8149,2
163554,4.73112,49.8156,2
163555,4.74012,49.81663,2
163556,4.73922,49.81694,2
163557,4.73556,49.81632,2
163558,4.31529,49.68016,2
163559,4.31563,49.67854,2
163560,4.31485,49.67806,2
163561,4.315242,49.678942,2
163562,4.315269,49.678933,2
163563,4.31368,49.67865,2
163564,4.31563,49.67854,2
163565,4.78406,49.87328,2
163566,4.78454,49.8708,2
163567,4.78938,49.87437,2
163568,4.78536,49.87261,2
163569,4.78943,49.87356,2
163570,4.788143,49.873789,2
163571,4.57044,49.46916,2
163572,4.57907,49.47649,2
163573,4.58,49.47374,2
163574,4.57891,49.47641,2
163575,4.57891,49.47641,2
163576,4.57762,49.46868,2
163577,4.57812,49.47304,2
163578,4.57791,49.47723,2
163579,4.57791,49.47723,2
163580,4.57576,49.47638,2
163581,4.57191,49.47731,2
163582,4.5726,49.47953,2
163583,4.5726,49.47953,2
163584,4.5716,49.47647,2
163585,4.580388,49.485563,2
163586,4.57806,49.47721,2
163587,4.57818,49.47357,2
163588,4.566643,49.471143,2
163589,4.5771,49.47739,2
163590,4.5726,49.47953,2
163591,4.22925,49.52793,2
163592,4.22605,49.5293,2
163593,4.22311,49.52812,2
163594,4.2254,49.52852,2
163595,4.22311,49.52812,2
163596,4.2254,49.52852,2
163597,4.22441,49.53051,2
163598,4.22441,49.53051,2
163599,4.22311,49.52812,2
163600,4.21303,49.52504,2
163601,4.21303,49.52504,2
163602,4.20642,49.52346,2
163603,4.20754,49.52242,2
163604,4.20884,49.52346,2
163605,4.2091,49.52296,2
163606,4.94406,49.70206,2
163607,4.94406,49.70206,2
163608,4.94428,49.70151,2
163609,4.94428,49.70151,2
163610,4.94431,49.70141,2
163611,4.94439,49.7012,2
163612,4.94443,49.7011,2
163613,4.94443,49.7011,2
163614,4.94443,49.7011,2
163615,4.94454,49.70083,2
163616,4.94461,49.70068,2
163617,4.94461,49.70068,2
163618,4.94489,49.70006,2
163619,4.94489,49.70006,2
163620,4.94482,49.70022,2
163621,4.94482,49.70022,2
163622,4.94482,49.70022,2
163623,4.9433,49.70277,2
163624,4.9433,49.70277,2
163625,4.9435,49.70185,2
163626,4.9435,49.70185,2
163627,4.9435,49.70185,2
163628,4.94554,49.70028,2
163629,4.94511,49.70047,2
163630,4.94475,49.70079,2
163631,4.94518,49.70056,2
163632,4.94518,49.70056,2
163633,4.94593,49.70066,2
163634,4.94518,49.70056,2
163635,4.94743,49.70029,2
163636,4.94761,49.70031,2
163637,4.94766,49.70063,2
163638,4.94769,49.70079,2
163639,4.94813,49.7004,2
163640,4.94813,49.7004,2
163641,4.94807,49.70057,2
163642,4.94753,49.69997,2
163643,4.94726,49.69998,2
163644,4.94657,49.69971,2
163645,4.94709,49.69961,2
163646,4.94553,49.70003,2
163647,4.94539,49.70001,2
163648,4.94596,49.7001,2
163649,4.94637,49.69935,2
163650,4.94621,49.6998,2
163651,4.94756,49.70042,2
163652,4.94804,49.69922,2
