"ID","Longitude","Latitude","ServiceTime (min)"
67874,4.83058,50.13667,2
67875,4.83058,50.13667,2
67876,4.83095,50.13704,2
67877,4.8309,50.13691,2
67878,4.83095,50.13704,2
67879,4.83095,50.13704,2
67880,4.83104,50.13702,2
67881,4.83104,50.13702,2
67882,4.83095,50.13704,2
67883,4.83095,50.13704,2
67884,4.83095,50.13704,2
67885,4.83095,50.13704,2
67886,4.83095,50.13704,2
67887,4.83095,50.13704,2
67888,4.83095,50.13704,2
67889,4.83132,50.13723,2
67890,4.83095,50.13704,2
67891,4.83095,50.13704,2
67892,4.83095,50.13704,2
67893,4.83095,50.13704,2
67894,4.83095,50.13704,2
67895,4.83095,50.13704,2
67896,4.83095,50.13704,2
67897,4.83519,50.1374,2
67898,4.83095,50.13704,2
67899,4.83147,50.13734,2
67900,4.83147,50.13734,2
67901,4.83147,50.13734,2
67902,4.83095,50.13704,2
67903,4.83236,50.13782,2
67904,4.83176,50.13523,2
67905,4.83236,50.13782,2
67906,4.83261,50.138,2
67907,4.83261,50.138,2
67908,4.83562,50.13582,2
67909,4.83233,50.13819,2
67910,4.83216,50.1379,2
67911,4.83337,50.13965,2
67912,4.83307,50.13806,2
67913,4.83307,50.13806,2
67914,4.83355,50.13809,2
67915,4.83331,50.13808,2
67916,4.8342,50.13815,2
67917,4.8348,50.13904,2
67918,4.83288,50.13793,2
67919,4.83342,50.13797,2
67920,4.83392,50.13801,2
67921,4.83436,50.13792,2
67922,4.83461,50.13755,2
67923,4.8348,50.13904,2
67924,4.83436,50.13832,2
67925,4.83513,50.13736,2
67926,4.83569,50.13719,2
67927,4.83569,50.13731,2
67928,4.83519,50.1374,2
67929,4.83498,50.13752,2
67930,4.83519,50.1374,2
67931,4.83457,50.13866,2
67932,4.83562,50.13582,2
67933,4.83327,50.13702,2
67934,4.83252,50.13758,2
67935,4.83562,50.13582,2
67936,4.83469,50.13901,2
67937,4.8351,50.14004,2
67938,4.83482,50.13937,2
67939,4.83497,50.13984,2
67940,4.83523,50.14011,2
67941,4.83493,50.13916,2
67942,4.83514,50.14041,2
67943,4.83501,50.14152,2
67944,4.8351,50.14004,2
67945,4.83528,50.14114,2
67946,4.83623,50.14686,2
67947,4.8348,50.13904,2
67948,4.83571,50.14091,2
67949,4.83635,50.14034,2
67950,4.83571,50.14091,2
67951,4.83498,50.14166,2
67952,4.8351,50.14004,2
67953,4.83623,50.14686,2
67954,4.8348,50.13904,2
67955,4.8351,50.14004,2
67956,4.8351,50.14004,2
67957,4.83517,50.14163,2
67958,4.83517,50.14163,2
67959,4.83517,50.14163,2
67960,4.8351,50.14004,2
67961,4.8348,50.13904,2
67962,4.83523,50.14011,2
67963,4.8348,50.13904,2
67964,4.83284,50.13804,2
67965,4.837079,50.14922,2
67966,4.83395,50.14096,2
67967,4.83623,50.14686,2
67968,4.82025,50.13997,2
67969,4.83215,50.13822,2
67970,4.83229,50.13826,2
67971,4.8327,50.13863,2
67972,4.83283,50.1388,2
67973,4.83229,50.13826,2
67974,4.83335,50.13949,2
67975,4.83348,50.13966,2
67976,4.83358,50.13984,2
67977,4.83229,50.13826,2
67978,4.83562,50.13582,2
67979,4.8351,50.14004,2
67980,4.83464,50.13844,2
67981,4.83128,50.13584,2
67982,4.83133,50.1358,2
67983,4.83133,50.1358,2
67984,4.83133,50.1358,2
67985,4.83133,50.1358,2
67986,4.83138,50.13576,2
67987,4.83138,50.13576,2
67988,4.83143,50.13571,2
67989,4.83143,50.13571,2
67990,4.83143,50.13571,2
67991,4.83149,50.13567,2
67992,4.83154,50.13563,2
67993,4.83159,50.13559,2
67994,4.83164,50.13555,2
67995,4.83139,50.13556,2
67996,4.83148,50.13549,2
67997,4.83155,50.13544,2
67998,4.83155,50.13544,2
67999,4.83155,50.13544,2
68000,4.83155,50.13544,2
68001,4.83159,50.1354,2
68002,4.83159,50.1354,2
68003,4.83159,50.1354,2
68004,4.83163,50.13536,2
68005,4.83163,50.13536,2
68006,4.83163,50.13536,2
68007,4.83163,50.13536,2
68008,4.83163,50.13536,2
68009,4.8351,50.14004,2
68010,4.83168,50.13531,2
68011,4.83176,50.13523,2
68012,4.83187,50.13517,2
68013,4.83197,50.13492,2
68014,4.83183,50.13499,2
68015,4.83212,50.13504,2
68016,4.83183,50.1348,2
68017,4.83183,50.1348,2
68018,4.83183,50.1348,2
68019,4.83174,50.13546,2
68020,4.83174,50.13546,2
68021,4.83545,50.14492,2
68022,4.83208,50.13558,2
68023,4.83187,50.13534,2
68024,4.83187,50.13534,2
68025,4.83197,50.13526,2
68026,4.8321,50.13521,2
68027,4.83208,50.13558,2
68028,4.8321,50.13521,2
68029,4.83221,50.13516,2
68030,4.83176,50.13523,2
68031,4.83228,50.13513,2
68032,4.83235,50.13509,2
68033,4.83242,50.13506,2
68034,4.83249,50.13503,2
68035,4.83249,50.13503,2
68036,4.83256,50.13499,2
68037,4.83256,50.13499,2
68038,4.83212,50.13506,2
68039,4.83212,50.13506,2
68040,4.83212,50.13506,2
68041,4.83223,50.13501,2
68042,4.83223,50.13501,2
68043,4.83234,50.13495,2
68044,4.83234,50.13495,2
68045,4.83234,50.13495,2
68046,4.83244,50.13553,2
68047,4.8351,50.14004,2
68048,4.83234,50.13495,2
68049,4.83245,50.1349,2
68050,4.83256,50.13485,2
68051,4.83256,50.13485,2
68052,4.83256,50.13485,2
68053,4.83256,50.13485,2
68054,4.83256,50.13485,2
68055,4.83267,50.1348,2
68056,4.83267,50.1348,2
68057,4.83267,50.1348,2
68058,4.83278,50.13474,2
68059,4.833,50.13464,2
68060,4.83289,50.13469,2
68061,4.83289,50.13469,2
68062,4.83289,50.13469,2
68063,4.83263,50.13496,2
68064,4.83263,50.13496,2
68065,4.8327,50.13492,2
68066,4.8327,50.13492,2
68067,4.83278,50.13489,2
68068,4.83285,50.13486,2
68069,4.83292,50.13482,2
68070,4.83299,50.13479,2
68071,4.83306,50.13476,2
68072,4.83313,50.13472,2
68073,4.83322,50.13471,2
68074,4.83322,50.13471,2
68075,4.8322,50.13546,2
68076,4.8297,50.13507,2
68077,4.83286,50.13557,2
68078,4.8333,50.1351,2
68079,4.83306,50.13617,2
68080,4.83256,50.13579,2
68081,4.83342,50.13502,2
68082,4.83334,50.13524,2
68083,4.83311,50.13533,2
68084,4.83267,50.13552,2
68085,4.83231,50.13562,2
68086,4.83217,50.13573,2
68087,4.83234,50.13578,2
68088,4.83243,50.13569,2
68089,4.83255,50.1356,2
68090,4.83231,50.13562,2
68091,4.83244,50.13553,2
68092,4.83208,50.13547,2
68093,4.83197,50.13539,2
68094,4.8321,50.13531,2
68095,4.83313,50.13472,2
68096,4.832,50.13568,2
68097,4.82932,50.13471,2
68098,4.82945,50.13483,2
68099,4.82995,50.13546,2
68100,4.83087,50.13599,2
68101,4.83083,50.13629,2
68102,4.8327,50.13492,2
68103,4.83101,50.13605,2
68104,4.83047,50.13587,2
68105,4.835513,50.137336,2
68106,4.83093,50.13593,2
68107,4.8348,50.13904,2
68108,4.83623,50.14686,2
68109,4.832,50.13511,2
68110,4.83187,50.13534,2
68111,4.83306,50.13476,2
68112,4.83172,50.13527,2
68113,4.8297,50.13507,2
68114,4.83176,50.13523,2
68115,4.83139,50.13556,2
68116,4.83139,50.13556,2
68117,4.83139,50.13556,2
68118,4.83139,50.13556,2
68119,4.8297,50.13507,2
68120,4.83342,50.13502,2
68121,4.83342,50.13502,2
68122,4.83302,50.13546,2
68123,4.83073,50.13644,2
68124,4.82932,50.13471,2
68125,4.82932,50.13471,2
68126,4.82932,50.13471,2
68127,4.82945,50.13483,2
68128,4.83569,50.13731,2
68129,4.8297,50.13507,2
68130,4.8297,50.13507,2
68131,4.8297,50.13507,2
68132,4.82982,50.13517,2
68133,4.82982,50.13517,2
68134,4.82982,50.13517,2
68135,4.82982,50.13517,2
68136,4.82969,50.13525,2
68137,4.82993,50.13525,2
68138,4.82982,50.13535,2
68139,4.82995,50.13546,2
68140,4.82995,50.13546,2
68141,4.82995,50.13546,2
68142,4.82995,50.13546,2
68143,4.82995,50.13546,2
68144,4.82995,50.13546,2
68145,4.82995,50.13546,2
68146,4.82995,50.13546,2
68147,4.82995,50.13546,2
68148,4.82995,50.13546,2
68149,4.82995,50.13546,2
68150,4.82995,50.13546,2
68151,4.83004,50.13534,2
68152,4.83004,50.13534,2
68153,4.83015,50.13543,2
68154,4.83083,50.13629,2
68155,4.83025,50.13552,2
68156,4.83036,50.13561,2
68157,4.83036,50.13561,2
68158,4.83036,50.13561,2
68159,4.83036,50.13561,2
68160,4.83036,50.13561,2
68161,4.83008,50.13556,2
68162,4.83014,50.13571,2
68163,4.83014,50.13571,2
68164,4.83048,50.1357,2
68165,4.83061,50.13579,2
68166,4.83074,50.13589,2
68167,4.83034,50.13577,2
68168,4.83034,50.13577,2
68169,4.83047,50.13587,2
68170,4.8306,50.13597,2
68171,4.83063,50.13659,2
68172,4.83058,50.13667,2
68173,4.83068,50.13651,2
68174,4.83073,50.13644,2
68175,4.83078,50.13636,2
68176,4.83083,50.13629,2
68177,4.83083,50.13629,2
68178,4.83083,50.13629,2
68179,4.83083,50.13629,2
68180,4.83083,50.13629,2
68181,4.83087,50.13621,2
68182,4.8351,50.14004,2
68183,4.83092,50.13613,2
68184,4.83092,50.13613,2
68185,4.83092,50.13613,2
68186,4.83096,50.13609,2
68187,4.83107,50.13601,2
68188,4.83112,50.13596,2
68189,4.83117,50.13592,2
68190,4.83122,50.13588,2
68191,4.83122,50.13588,2
68192,4.83122,50.13588,2
68193,4.8351,50.14004,2
68194,4.83084,50.136,2
68195,4.83073,50.13606,2
68196,4.83102,50.13586,2
68197,4.83102,50.13586,2
68198,4.83121,50.13571,2
68199,4.83112,50.13578,2
68200,4.83112,50.13578,2
68201,4.83121,50.13571,2
68202,4.83121,50.13571,2
68203,4.83121,50.13571,2
68204,4.83121,50.13571,2
68205,4.83121,50.13571,2
68206,4.83121,50.13571,2
68207,4.83121,50.13571,2
68208,4.83121,50.13571,2
68209,4.83058,50.13667,2
68210,4.83058,50.13667,2
68211,4.83139,50.13556,2
68212,4.83058,50.13667,2
68213,4.8313,50.13564,2
68214,4.82976,49.67292,2
68215,4.83191,49.67248,2
68216,4.83191,49.67248,2
68217,4.82976,49.67292,2
68218,4.82961,49.67331,2
68219,4.82976,49.67292,2
68220,4.82961,49.67331,2
68221,4.839392,49.687898,2
68222,4.839233,49.68747,2
68223,4.83966,49.687416,2
68224,4.839661,49.687434,2
68225,4.826071,49.674318,2
68226,4.82818,49.67434,2
68227,4.82818,49.67434,2
68228,4.826234,49.674252,2
68229,4.826249,49.674269,2
68230,4.839659,49.687398,2
68231,4.837756,49.684464,2
68232,4.837756,49.684464,2
68233,4.837756,49.684464,2
68234,4.837582,49.684306,2
68235,4.837522,49.684217,2
68236,4.837582,49.684306,2
68237,4.83132,49.67742,2
68238,4.830111,49.675951,2
68239,4.83264,49.6791,2
68240,4.83026,49.6761,2
68241,4.828588,49.675677,2
68242,4.83154,49.67779,2
68243,4.83264,49.6791,2
68244,4.83026,49.6761,2
68245,4.83154,49.67779,2
68246,4.83154,49.67779,2
68247,4.830722,49.67769,2
68248,4.830963,49.677793,2
68249,4.830892,49.677759,2
68250,4.83264,49.6791,2
68251,4.83026,49.6761,2
68252,4.83264,49.6791,2
68253,4.83092,49.67684,2
68254,4.83034,49.67607,2
68255,4.82976,49.67529,2
68256,4.83018,49.67612,2
68257,4.83018,49.67612,2
68258,4.83018,49.67612,2
68259,4.82976,49.67529,2
68260,4.830722,49.67769,2
68261,4.82876,49.67459,2
68262,4.82775,49.67487,2
68263,4.82861,49.67454,2
68264,4.828854,49.674306,2
68265,4.82775,49.67487,2
68266,4.82961,49.67331,2
68267,4.82913,49.67452,2
68268,4.82922,49.67434,2
68269,4.82939,49.67397,2
68270,4.8292,49.673732,2
68271,4.82918,49.67473,2
68272,4.82974,49.67375,2
68273,4.82918,49.67473,2
68274,4.82974,49.67375,2
68275,4.82994,49.67369,2
68276,4.82974,49.67375,2
68277,4.82974,49.67375,2
68278,4.82974,49.67375,2
68279,4.82974,49.67375,2
68280,4.82974,49.67375,2
68281,4.82974,49.67375,2
68282,4.82922,49.67394,2
68283,4.82913,49.67412,2
68284,4.82896,49.67449,2
68285,4.8287,49.6742,2
68286,4.8287,49.6742,2
68287,4.8287,49.6742,2
68288,4.8287,49.6742,2
68289,4.8287,49.6742,2
68290,4.82809,49.67423,2
68291,4.82918,49.67473,2
68292,4.82879,49.67392,2
68293,4.82879,49.67392,2
68294,4.82879,49.67392,2
68295,4.82879,49.67392,2
68296,4.82879,49.67392,2
68297,4.82879,49.67392,2
68298,4.8283,49.67445,2
68299,4.82879,49.67392,2
68300,4.82879,49.67392,2
68301,4.8279,49.67427,2
68302,4.82796,49.67415,2
68303,4.82793,49.67411,2
68304,4.82784,49.67336,2
68305,4.82775,49.67487,2
68306,4.82506,49.676854,2
68307,4.82775,49.67487,2
68308,4.8279,49.67448,2
68309,4.82767,49.67486,2
68310,4.82831,49.67353,2
68311,4.82831,49.67353,2
68312,4.827209,49.672668,2
68313,4.82831,49.67353,2
68314,4.82847,49.67349,2
68315,4.82775,49.67487,2
68316,4.82775,49.67487,2
68317,4.827682,49.674419,2
68318,4.82775,49.67487,2
68319,4.82747,49.67525,2
68320,4.82775,49.67487,2
68321,4.82823,49.67344,2
68322,4.82799,49.67339,2
68323,4.82974,49.67375,2
68324,4.82841,49.6736,2
68325,4.83014,49.67286,2
68326,4.82831,49.67353,2
68327,4.83293,49.67152,2
68328,4.82871,49.67354,2
68329,4.83272,49.67032,2
68330,4.82895,49.67359,2
68331,4.83273,49.67022,2
68332,4.82916,49.67363,2
68333,4.830872,49.666025,2
68334,4.82933,49.67366,2
68335,4.830331,49.664877,2
68336,4.82951,49.67368,2
68337,4.82956,49.67357,2
68338,4.82961,49.67345,2
68339,4.82966,49.67333,2
68340,4.82953,49.67322,2
68341,4.83272,49.67032,2
68342,4.82976,49.67292,2
68343,4.82971,49.67322,2
68344,4.82977,49.6731,2
68345,4.82988,49.673,2
68346,4.83,49.67291,2
68347,4.83009,49.67275,2
68348,4.83009,49.67275,2
68349,4.82961,49.67331,2
68350,4.83031,49.67271,2
68351,4.83053,49.67267,2
68352,4.83014,49.67286,2
68353,4.83036,49.67282,2
68354,4.83036,49.67282,2
68355,4.83059,49.67278,2
68356,4.83104,49.67269,2
68357,4.83082,49.67274,2
68358,4.83149,49.67261,2
68359,4.83172,49.67256,2
68360,4.83098,49.67259,2
68361,4.83142,49.6725,2
68362,4.83127,49.67265,2
68363,4.8312,49.67255,2
68364,4.83164,49.67245,2
68365,4.83183,49.67237,2
68366,4.8326,49.67204,2
68367,4.83202,49.67229,2
68368,4.82961,49.67331,2
68369,4.83241,49.67212,2
68370,4.83211,49.67239,2
68371,4.8325,49.67222,2
68372,4.8327,49.67214,2
68373,4.8323,49.67231,2
68374,4.83289,49.67205,2
68375,4.83299,49.67246,2
68376,4.83344,49.67319,2
68377,4.83394,49.67392,2
68378,4.83499,49.67598,2
68379,4.83553,49.6795,2
68380,4.83344,49.67319,2
68381,4.83516,49.67593,2
68382,4.83364,49.67316,2
68383,4.83412,49.6739,2
68384,4.83359,49.67319,2
68385,4.83359,49.67319,2
68386,4.83359,49.67319,2
68387,4.83317,49.67244,2
68388,4.83327,49.67213,2
68389,4.83386,49.67218,2
68390,4.83446,49.67224,2
68391,4.83505,49.67223,2
68392,4.83415,49.67209,2
68393,4.83289,49.67205,2
68394,4.83286,49.67199,2
68395,4.83288,49.67202,2
68396,4.83283,49.67188,2
68397,4.83292,49.67144,2
68398,4.83288,49.67127,2
68399,4.83278,49.67167,2
68400,4.8327,49.67082,2
68401,4.83271,49.67133,2
68402,4.83287,49.67099,2
68403,4.83269,49.67119,2
68404,4.8329,49.67037,2
68405,4.83272,49.67063,2
68406,4.83286,49.67118,2
68407,4.83286,49.6711,2
68408,4.83286,49.6711,2
68409,4.82818,49.67434,2
68410,4.83276,49.67154,2
68411,4.83273,49.6714,2
68412,4.8327,49.67126,2
68413,4.8329,49.67044,2
68414,4.83,49.67291,2
68415,4.8329,49.67044,2
68416,4.8329,49.67031,2
68417,4.83305,49.67034,2
68418,4.83349,49.67028,2
68419,4.83271,49.67073,2
68420,4.83272,49.67055,2
68421,4.83272,49.6704,2
68422,4.83294,49.66994,2
68423,4.83296,49.66984,2
68424,4.83283,49.66953,2
68425,4.83104,49.67269,2
68426,4.83276,49.66999,2
68427,4.83104,49.67269,2
68428,4.83281,49.66965,2
68429,4.83298,49.66974,2
68430,4.83301,49.66954,2
68431,4.83303,49.66944,2
68432,4.83305,49.66934,2
68433,4.83306,49.66924,2
68434,4.83287,49.6693,2
68435,4.83289,49.66919,2
68436,4.83014,49.67286,2
68437,4.83004,49.66083,2
68438,4.83073,49.6567,2
68439,4.83048,49.66477,2
68440,4.83298,49.6688,2
68441,4.83277,49.67087,2
68442,4.83299,49.66909,2
68443,4.82916,49.67363,2
68444,4.82861,49.67454,2
68445,4.837742,49.684455,2
68446,4.83031,49.67271,2
68447,4.828743,49.675431,2
68448,4.83069,49.6721,2
68449,4.62506,49.9362,2
68450,4.62506,49.93632,2
68451,4.63252,49.94307,2
68452,4.63183,49.94274,2
68453,4.63217,49.94322,2
68454,4.63259,49.94312,2
68455,4.63259,49.94312,2
68456,4.63259,49.94312,2
68457,4.63311,49.94405,2
68458,4.6321,49.94349,2
68459,4.62822,49.94083,2
68460,4.63217,49.94338,2
68461,4.63353,49.94408,2
68462,4.63368,49.94348,2
68463,4.63255,49.94309,2
68464,4.63311,49.94337,2
68465,4.63373,49.94348,2
68466,4.63387,49.94348,2
68467,4.63419,49.94348,2
68468,4.63419,49.94348,2
68469,4.63514,49.94359,2
68470,4.63423,49.94407,2
68471,4.63447,49.94406,2
68472,4.63399,49.94408,2
68473,4.63535,49.9438,2
68474,4.63536,49.94386,2
68475,4.63539,49.94399,2
68476,4.63517,49.94382,2
68477,4.63519,49.94393,2
68478,4.63522,49.94404,2
68479,4.63449,49.94412,2
68480,4.63519,49.94404,2
68481,4.63738,49.94412,2
68482,4.63724,49.94413,2
68483,4.63717,49.94413,2
68484,4.63703,49.94413,2
68485,4.63682,49.94413,2
68486,4.63675,49.94414,2
68487,4.63668,49.94414,2
68488,4.63668,49.94414,2
68489,4.63661,49.94414,2
68490,4.63647,49.94414,2
68491,4.63654,49.94414,2
68492,4.63654,49.94414,2
68493,4.6364,49.94414,2
68494,4.63633,49.94415,2
68495,4.63626,49.94415,2
68496,4.63619,49.94415,2
68497,4.63612,49.94415,2
68498,4.63605,49.94415,2
68499,4.63598,49.94415,2
68500,4.63591,49.94415,2
68501,4.6357,49.94415,2
68502,4.63577,49.94415,2
68503,4.63556,49.94415,2
68504,4.63549,49.94415,2
68505,4.63535,49.94415,2
68506,4.63368,49.94348,2
68507,4.63753,49.944,2
68508,4.63792,49.94398,2
68509,4.63779,49.94398,2
68510,4.63818,49.94396,2
68511,4.63831,49.94395,2
68512,4.63831,49.94395,2
68513,4.63844,49.94394,2
68514,4.6387,49.94393,2
68515,4.63883,49.94392,2
68516,4.63896,49.94391,2
68517,4.63909,49.94391,2
68518,4.63974,49.94387,2
68519,4.63948,49.94388,2
68520,4.64013,49.94384,2
68521,4.64146,49.94392,2
68522,4.64059,49.94348,2
68523,4.64057,49.94337,2
68524,4.63975,49.9434,2
68525,4.64046,49.94337,2
68526,4.64034,49.94337,2
68527,4.64048,49.94349,2
68528,4.64011,49.94338,2
68529,4.63964,49.9434,2
68530,4.63964,49.9434,2
68531,4.63964,49.9434,2
68532,4.63964,49.9434,2
68533,4.64038,49.94349,2
68534,4.64017,49.9435,2
68535,4.63952,49.9434,2
68536,4.63952,49.9434,2
68537,4.63952,49.9434,2
68538,4.63952,49.9434,2
68539,4.63996,49.9435,2
68540,4.63985,49.94351,2
68541,4.6394,49.94341,2
68542,4.63987,49.94339,2
68543,4.63929,49.94341,2
68544,4.63917,49.94342,2
68545,4.62397,49.93714,2
68546,4.63905,49.94342,2
68547,4.62325,49.93616,2
68548,4.63964,49.94351,2
68549,4.62325,49.93616,2
68550,4.63954,49.94352,2
68551,4.62325,49.93616,2
68552,4.63894,49.94342,2
68553,4.62325,49.93616,2
68554,4.63882,49.94343,2
68555,4.62325,49.93616,2
68556,4.63943,49.94352,2
68557,4.62325,49.93616,2
68558,4.63933,49.94353,2
68559,4.62325,49.93616,2
68560,4.6387,49.94343,2
68561,4.62325,49.93616,2
68562,4.63922,49.94353,2
68563,4.62325,49.93616,2
68564,4.63847,49.94344,2
68565,4.62325,49.93616,2
68566,4.63901,49.94354,2
68567,4.62325,49.93616,2
68568,4.63858,49.94344,2
68569,4.6389,49.94354,2
68570,4.6388,49.94354,2
68571,4.63835,49.94344,2
68572,4.63869,49.94355,2
68573,4.63823,49.94345,2
68574,4.63859,49.94355,2
68575,4.63788,49.94346,2
68576,4.63838,49.94356,2
68577,4.63827,49.94356,2
68578,4.63827,49.94356,2
68579,4.63848,49.94356,2
68580,4.63848,49.94356,2
68581,4.63848,49.94356,2
68582,4.63848,49.94356,2
68583,4.63817,49.94357,2
68584,4.63806,49.94357,2
68585,4.63796,49.94357,2
68586,4.63785,49.94358,2
68587,4.63806,49.94357,2
68588,4.63764,49.94359,2
68589,4.63775,49.94358,2
68590,4.63753,49.94347,2
68591,4.63753,49.94347,2
68592,4.63757,49.94357,2
68593,4.63757,49.94372,2
68594,4.63757,49.94372,2
68595,4.63757,49.9438,2
68596,4.63757,49.94387,2
68597,4.62325,49.93616,2
68598,4.63757,49.94387,2
68599,4.63757,49.94387,2
68600,4.63766,49.94399,2
68601,4.63757,49.94347,2
68602,4.63757,49.94387,2
68603,4.63757,49.94357,2
68604,4.63757,49.94351,2
68605,4.63757,49.94347,2
68606,4.63757,49.94387,2
68607,4.63796,49.94357,2
68608,4.63757,49.94395,2
68609,4.63757,49.94402,2
68610,4.63739,49.94386,2
68611,4.63739,49.9438,2
68612,4.63641,49.94364,2
68613,4.63641,49.94364,2
68614,4.63739,49.9438,2
68615,4.63739,49.94374,2
68616,4.63739,49.94368,2
68617,4.63739,49.94362,2
68618,4.63526,49.94358,2
68619,4.62506,49.93717,2
68620,4.63542,49.94358,2
68621,4.63549,49.94357,2
68622,4.63573,49.94356,2
68623,4.63573,49.94356,2
68624,4.6358,49.94355,2
68625,4.63594,49.94366,2
68626,4.6358,49.94355,2
68627,4.6358,49.94355,2
68628,4.63588,49.94355,2
68629,4.63619,49.94353,2
68630,4.63611,49.94354,2
68631,4.63635,49.94353,2
68632,4.63627,49.94353,2
68633,4.63642,49.94352,2
68634,4.63658,49.94352,2
68635,4.63689,49.9435,2
68636,4.63705,49.94349,2
68637,4.63712,49.94349,2
68638,4.6372,49.94349,2
68639,4.63728,49.94348,2
68640,4.63734,49.9436,2
68641,4.63734,49.9436,2
68642,4.63734,49.9436,2
68643,4.63716,49.94361,2
68644,4.63697,49.94361,2
68645,4.63688,49.94362,2
68646,4.63688,49.94362,2
68647,4.63659,49.94363,2
68648,4.63659,49.94363,2
68649,4.63659,49.94363,2
68650,4.63659,49.94363,2
68651,4.63641,49.94364,2
68652,4.63631,49.94364,2
68653,4.63622,49.94365,2
68654,4.63613,49.94365,2
68655,4.63594,49.94366,2
68656,4.63585,49.94367,2
68657,4.63575,49.94367,2
68658,4.63566,49.94368,2
68659,4.63556,49.94368,2
68660,4.63547,49.94369,2
68661,4.63528,49.9437,2
68662,4.63528,49.9437,2
68663,4.63528,49.9437,2
68664,4.6365,49.94363,2
68665,4.63449,49.94412,2
68666,4.63533,49.94367,2
68667,4.63848,49.94356,2
68668,4.63757,49.94387,2
68669,4.63673,49.94351,2
68670,4.63673,49.94351,2
68671,4.63697,49.9435,2
68672,4.63659,49.94363,2
68673,4.63659,49.94363,2
68674,4.6365,49.94363,2
68675,4.63641,49.94364,2
68676,4.62871,49.9412,2
68677,4.62862,49.94115,2
68678,4.62858,49.94113,2
68679,4.62852,49.94109,2
68680,4.62835,49.941,2
68681,4.62835,49.941,2
68682,4.62829,49.94096,2
68683,4.6282,49.94091,2
68684,4.62805,49.94066,2
68685,4.62804,49.94081,2
68686,4.62785,49.94047,2
68687,4.62783,49.94069,2
68688,4.62779,49.94064,2
68689,4.62773,49.94057,2
68690,4.62774,49.94035,2
68691,4.62752,49.9401,2
68692,4.6354,49.94405,2
68693,4.62744,49.94001,2
68694,4.62756,49.94038,2
68695,4.62741,49.94021,2
68696,4.62731,49.9401,2
68697,4.62707,49.93983,2
68698,4.62725,49.94004,2
68699,4.62718,49.93996,2
68700,4.62776,49.94037,2
68701,4.62729,49.93985,2
68702,4.62718,49.93973,2
68703,4.62701,49.93977,2
68704,4.62695,49.93969,2
68705,4.62717,49.93971,2
68706,4.62683,49.93955,2
68707,4.62674,49.93944,2
68708,4.62621,49.93855,2
68709,4.62612,49.93868,2
68710,4.63952,49.9434,2
68711,4.62564,49.93785,2
68712,4.62605,49.93834,2
68713,4.62822,49.94083,2
68714,4.62578,49.93827,2
68715,4.62559,49.93803,2
68716,4.62593,49.93845,2
68717,4.62654,49.93919,2
68718,4.62651,49.93915,2
68719,4.62688,49.93936,2
68720,4.62625,49.93885,2
68721,4.62664,49.93931,2
68722,4.62645,49.93908,2
68723,4.6264,49.93878,2
68724,4.62612,49.93868,2
68725,4.62519,49.93751,2
68726,4.62534,49.93771,2
68727,4.62545,49.93787,2
68728,4.62822,49.94083,2
68729,4.62547,49.93789,2
68730,4.63472,49.94352,2
68731,4.63757,49.94357,2
68732,4.62822,49.94083,2
68733,4.62506,49.93714,2
68734,4.62822,49.94083,2
68735,4.62506,49.93712,2
68736,4.62524,49.93711,2
68737,4.62524,49.93621,2
68738,4.62506,49.93673,2
68739,4.62506,49.93648,2
68740,4.62508,49.93586,2
68741,4.62507,49.93607,2
68742,4.62769,49.94053,2
68743,4.62506,49.93613,2
68744,4.62524,49.93618,2
68745,4.6252,49.93518,2
68746,4.62512,49.93536,2
68747,4.62509,49.93575,2
68748,4.62328,49.93572,2
68749,4.62532,49.93498,2
68750,4.62549,49.93468,2
68751,4.6251,49.93541,2
68752,4.62822,49.94083,2
68753,4.62514,49.93531,2
68754,4.62558,49.93451,2
68755,4.62554,49.93458,2
68756,4.62508,49.93585,2
68757,4.62507,49.93595,2
68758,4.62507,49.93601,2
68759,4.62506,49.93618,2
68760,4.62467,49.93611,2
68761,4.62707,49.93983,2
68762,4.625,49.93612,2
68763,4.62558,49.93451,2
68764,4.62441,49.93604,2
68765,4.6241,49.93599,2
68766,4.63259,49.94312,2
68767,4.62378,49.93596,2
68768,4.63187,49.94381,2
68769,4.62347,49.93592,2
68770,4.62345,49.93577,2
68771,4.62342,49.93585,2
68772,4.62339,49.93593,2
68773,4.63514,49.94359,2
68774,4.62326,49.93577,2
68775,4.62325,49.93582,2
68776,4.62323,49.93587,2
68777,4.62321,49.93592,2
68778,4.62319,49.936,2
68779,4.63757,49.94357,2
68780,4.62316,49.9361,2
68781,4.63528,49.9437,2
68782,4.62312,49.93619,2
68783,4.62309,49.93629,2
68784,4.62327,49.93631,2
68785,4.6233,49.93622,2
68786,4.62333,49.93612,2
68787,4.62336,49.93602,2
68788,4.62336,49.93603,2
68789,4.62354,49.93605,2
68790,4.62372,49.93606,2
68791,4.62389,49.93608,2
68792,4.6247,49.93623,2
68793,4.62488,49.93623,2
68794,4.74646,49.74673,2
68795,4.74628,49.74658,2
68796,4.73877,49.74464,2
68797,4.74611,49.74642,2
68798,4.74592,49.74628,2
68799,4.74545,49.74606,2
68800,4.74533,49.74615,2
68801,4.74326,49.73776,2
68802,4.74597,49.7465,2
68803,4.74615,49.74665,2
68804,4.74632,49.7468,2
68805,4.74559,49.74624,2
68806,4.74508,49.74607,2
68807,4.74192,49.7395,2
68808,4.74482,49.74598,2
68809,4.74519,49.74597,2
68810,4.74746,49.74742,2
68811,4.74467,49.7458,2
68812,4.74493,49.74589,2
68813,4.7444,49.74571,2
68814,4.74457,49.7459,2
68815,4.74431,49.74581,2
68816,4.74406,49.74573,2
68817,4.74378,49.74565,2
68818,4.74378,49.74565,2
68819,4.74378,49.74565,2
68820,4.74378,49.74565,2
68821,4.74387,49.74555,2
68822,4.74361,49.74548,2
68823,4.74335,49.74541,2
68824,4.74287,49.74541,2
68825,4.74257,49.74533,2
68826,4.74309,49.74535,2
68827,4.74902,49.7508,2
68828,4.74845,49.7509,2
68829,4.74227,49.74526,2
68830,4.74822,49.75091,2
68831,4.74801,49.75089,2
68832,4.74283,49.74528,2
68833,4.74257,49.74521,2
68834,4.74237,49.74485,2
68835,4.74237,49.74485,2
68836,4.73938,49.74184,2
68837,4.74237,49.74485,2
68838,4.74237,49.74485,2
68839,4.74237,49.74485,2
68840,4.74166,49.74391,2
68841,4.74237,49.74484,2
68842,4.74252,49.74477,2
68843,4.74237,49.74485,2
68844,4.74237,49.74485,2
68845,4.74237,49.74485,2
68846,4.74237,49.74485,2
68847,4.74237,49.74485,2
68848,4.74237,49.74484,2
68849,4.74237,49.74484,2
68850,4.74302,49.74351,2
68851,4.74179,49.74359,2
68852,4.74169,49.74347,2
68853,4.7416,49.74336,2
68854,4.7415,49.74324,2
68855,4.74141,49.74312,2
68856,4.74132,49.74301,2
68857,4.74122,49.74289,2
68858,4.74113,49.74277,2
68859,4.74103,49.74265,2
68860,4.74094,49.74254,2
68861,4.74761,49.74943,2
68862,4.7435,49.7437,2
68863,4.74038,49.74993,2
68864,4.7435,49.7437,2
68865,4.74131,49.74803,2
68866,4.74333,49.74387,2
68867,4.74299,49.74421,2
68868,4.74281,49.74437,2
68869,4.74264,49.74454,2
68870,4.74247,49.74471,2
68871,4.74313,49.74427,2
68872,4.743,49.7444,2
68873,4.75199,49.74874,2
68874,4.74287,49.74453,2
68875,4.74273,49.74466,2
68876,4.7426,49.74479,2
68877,4.74238,49.74502,2
68878,4.75199,49.74874,2
68879,4.75199,49.74874,2
68880,4.74233,49.74485,2
68881,4.75199,49.74874,2
68882,4.74223,49.74496,2
68883,4.75199,49.74874,2
68884,4.75199,49.74874,2
68885,4.74212,49.74508,2
68886,4.75199,49.74874,2
68887,4.75199,49.74874,2
68888,4.74077,49.74541,2
68889,4.75199,49.74874,2
68890,4.74198,49.74522,2
68891,4.7418,49.7454,2
68892,4.74218,49.74524,2
68893,4.74209,49.74532,2
68894,4.742,49.74541,2
68895,4.74191,49.74549,2
68896,4.74182,49.74558,2
68897,4.74173,49.74567,2
68898,4.74164,49.74575,2
68899,4.74155,49.74584,2
68900,4.74155,49.74584,2
68901,4.74155,49.74584,2
68902,4.74155,49.74584,2
68903,4.74843,49.75051,2
68904,4.74202,49.74524,2
68905,4.74796,49.75061,2
68906,4.74161,49.74557,2
68907,4.7411,49.7454,2
68908,4.73657,49.74442,2
68909,4.73657,49.74442,2
68910,4.74127,49.74609,2
68911,4.74118,49.74618,2
68912,4.73657,49.74442,2
68913,4.74131,49.74803,2
68914,4.74136,49.74601,2
68915,4.74146,49.74592,2
68916,4.74123,49.74593,2
68917,4.74103,49.74611,2
68918,4.74084,49.74628,2
68919,4.74065,49.74646,2
68920,4.74109,49.74626,2
68921,4.74109,49.74626,2
68922,4.74109,49.74626,2
68923,4.74109,49.74626,2
68924,4.74109,49.74626,2
68925,4.74109,49.74626,2
68926,4.74099,49.74634,2
68927,4.74099,49.74634,2
68928,4.74109,49.74626,2
68929,4.74099,49.74634,2
68930,4.74099,49.74634,2
68931,4.74099,49.74634,2
68932,4.74046,49.74663,2
68933,4.74081,49.74651,2
68934,4.74072,49.7466,2
68935,4.74007,49.74699,2
68936,4.73988,49.74716,2
68937,4.74062,49.74668,2
68938,4.74053,49.74677,2
68939,4.73986,49.74738,2
68940,4.73957,49.74765,2
68941,4.74016,49.74711,2
68942,4.74016,49.74711,2
68943,4.74111,49.74794,2
68944,4.74528,49.73927,2
68945,4.74123,49.74813,2
68946,4.74095,49.748,2
68947,4.74095,49.748,2
68948,4.7407,49.74785,2
68949,4.7407,49.74785,2
68950,4.74044,49.7477,2
68951,4.73986,49.7472,2
68952,4.73993,49.7474,2
68953,4.73973,49.74728,2
68954,4.73921,49.74689,2
68955,4.74107,49.74416,2
68956,4.73973,49.7471,2
68957,4.73961,49.74701,2
68958,4.73948,49.74691,2
68959,4.73935,49.74682,2
68960,4.73873,49.74119,2
68961,4.73922,49.74672,2
68962,4.73892,49.74131,2
68963,4.73956,49.74199,2
68964,4.73909,49.74663,2
68965,4.73938,49.74184,2
68966,4.73896,49.74653,2
68967,4.73896,49.74653,2
68968,4.73896,49.74653,2
68969,4.73908,49.7468,2
68970,4.73895,49.7467,2
68971,4.73883,49.74644,2
68972,4.73871,49.74634,2
68973,4.73858,49.74625,2
68974,4.73845,49.74615,2
68975,4.73832,49.74606,2
68976,4.73856,49.74641,2
68977,4.73856,49.74641,2
68978,4.73843,49.74632,2
68979,4.7383,49.74622,2
68980,4.7383,49.74622,2
68981,4.73818,49.74613,2
68982,4.73805,49.74603,2
68983,4.74029,49.74418,2
68984,4.73793,49.74593,2
68985,4.73819,49.74596,2
68986,4.73819,49.74596,2
68987,4.73807,49.74586,2
68988,4.73796,49.74576,2
68989,4.74519,49.74597,2
68990,4.73785,49.74565,2
68991,4.73775,49.74555,2
68992,4.73764,49.74544,2
68993,4.73754,49.74533,2
68994,4.7459,49.75004,2
68995,4.73743,49.74523,2
68996,4.74077,49.74999,2
68997,4.7408,49.74998,2
68998,4.73743,49.74523,2
68999,4.73743,49.74523,2
69000,4.74083,49.74998,2
69001,4.73733,49.74512,2
69002,4.74003,49.74999,2
69003,4.73722,49.74502,2
69004,4.74024,49.74996,2
69005,4.73728,49.74529,2
69006,4.74045,49.74992,2
69007,4.73717,49.74519,2
69008,4.74052,49.74991,2
69009,4.73707,49.74508,2
69010,4.74059,49.7499,2
69011,4.73695,49.74497,2
69012,4.74066,49.74989,2
69013,4.73682,49.74485,2
69014,4.74073,49.74987,2
69015,4.7408,49.74986,2
69016,4.73739,49.7454,2
69017,4.73749,49.74551,2
69018,4.74629,49.74973,2
69019,4.7376,49.74561,2
69020,4.74641,49.7497,2
69021,4.73771,49.74572,2
69022,4.74665,49.74965,2
69023,4.73781,49.74583,2
69024,4.74086,49.74997,2
69025,4.73711,49.74491,2
69026,4.74645,49.74982,2
69027,4.74048,49.75004,2
69028,4.737,49.74481,2
69029,4.74676,49.74975,2
69030,4.74051,49.75003,2
69031,4.737,49.74481,2
69032,4.74707,49.74967,2
69033,4.74054,49.75003,2
69034,4.737,49.74481,2
69035,4.74738,49.7496,2
69036,4.7406,49.75002,2
69037,4.7399,49.75003,2
69038,4.73689,49.74472,2
69039,4.74677,49.74962,2
69040,4.74057,49.75002,2
69041,4.73679,49.74462,2
69042,4.74689,49.74959,2
69043,4.74075,49.74999,2
69044,4.73668,49.74452,2
69045,4.74701,49.74956,2
69046,4.74063,49.75001,2
69047,4.74066,49.75001,2
69048,4.73669,49.74473,2
69049,4.74725,49.74951,2
69050,4.73656,49.74462,2
69051,4.74737,49.74948,2
69052,4.74069,49.75,2
69053,4.74072,49.75,2
69054,4.73643,49.7445,2
69055,4.74761,49.74943,2
69056,4.73643,49.7445,2
69057,4.74773,49.7494,2
69058,4.73714,49.74492,2
69059,4.74786,49.74937,2
69060,4.74038,49.74993,2
69061,4.73714,49.74492,2
69062,4.74814,49.7493,2
69063,4.74031,49.74995,2
69064,4.748,49.74933,2
69065,4.73714,49.74492,2
69066,4.73714,49.74492,2
69067,4.74872,49.75051,2
69068,4.73714,49.74492,2
69069,4.74902,49.7508,2
69070,4.73714,49.74492,2
69071,4.73714,49.74492,2
69072,4.73714,49.74492,2
69073,4.74845,49.7509,2
69074,4.73749,49.74483,2
69075,4.74822,49.75091,2
69076,4.73766,49.74479,2
69077,4.74063,49.75001,2
69078,4.74801,49.75089,2
69079,4.74063,49.75001,2
69080,4.73784,49.74474,2
69081,4.73818,49.74466,2
69082,4.74797,49.75075,2
69083,4.73836,49.74461,2
69084,4.74821,49.7508,2
69085,4.73853,49.74457,2
69086,4.74843,49.75051,2
69087,4.7387,49.74453,2
69088,4.74849,49.75033,2
69089,4.74832,49.75042,2
69090,4.73888,49.74449,2
69091,4.73922,49.7444,2
69092,4.74832,49.75042,2
69093,4.7394,49.74436,2
69094,4.74816,49.75058,2
69095,4.74814,49.75051,2
69096,4.73957,49.74432,2
69097,4.74746,49.74742,2
69098,4.74003,49.74433,2
69099,4.74796,49.75061,2
69100,4.7409,49.74418,2
69101,4.74796,49.75061,2
69102,4.7406,49.74407,2
69103,4.74828,49.74927,2
69104,4.7412,49.74403,2
69105,4.73982,49.74442,2
69106,4.74842,49.74924,2
69107,4.73993,49.74459,2
69108,4.74856,49.7492,2
69109,4.74004,49.74477,2
69110,4.74839,49.74937,2
69111,4.74015,49.74495,2
69112,4.74749,49.74945,2
69113,4.74839,49.74937,2
69114,4.74931,49.74915,2
69115,4.74026,49.74512,2
69116,4.74854,49.74933,2
69117,4.7585,49.7443,2
69118,4.75632,49.74946,2
69119,4.74038,49.7453,2
69120,4.74912,49.74907,2
69121,4.74085,49.74532,2
69122,4.7487,49.74917,2
69123,4.74099,49.74634,2
69124,4.74056,49.74537,2
69125,4.7494,49.74901,2
69126,4.74131,49.74803,2
69127,4.74142,49.74523,2
69128,4.74131,49.74803,2
69129,4.7494,49.74901,2
69130,4.74131,49.74803,2
69131,4.7417,49.74518,2
69132,4.74131,49.74803,2
69133,4.74199,49.74513,2
69134,4.74982,49.74885,2
69135,4.74131,49.74803,2
69136,4.74079,49.74546,2
69137,4.74946,49.74912,2
69138,4.74131,49.74803,2
69139,4.74048,49.74551,2
69140,4.74977,49.74902,2
69141,4.74111,49.74794,2
69142,4.74025,49.74543,2
69143,4.75014,49.74824,2
69144,4.74131,49.74803,2
69145,4.74014,49.74523,2
69146,4.75014,49.74824,2
69147,4.73856,49.74641,2
69148,4.74002,49.74504,2
69149,4.74996,49.74903,2
69150,4.7399,49.74485,2
69151,4.73714,49.74492,2
69152,4.75074,49.74903,2
69153,4.73978,49.74466,2
69154,4.74987,49.74891,2
69155,4.73966,49.74447,2
69156,4.75054,49.74905,2
69157,4.74066,49.74417,2
69158,4.75063,49.74892,2
69159,4.73963,49.74443,2
69160,4.75025,49.74892,2
69161,4.73946,49.74447,2
69162,4.75112,49.74899,2
69163,4.73929,49.74451,2
69164,4.73911,49.74455,2
69165,4.75131,49.74897,2
69166,4.7515,49.74895,2
69167,4.73895,49.74502,2
69168,4.75168,49.74892,2
69169,4.75138,49.74884,2
69170,4.7388,49.74496,2
69171,4.73889,49.7451,2
69172,4.75162,49.74881,2
69173,4.73889,49.7451,2
69174,4.75162,49.74881,2
69175,4.73896,49.74492,2
69176,4.75162,49.74881,2
69177,4.73906,49.74505,2
69178,4.75162,49.74881,2
69179,4.73878,49.74465,2
69180,4.75174,49.74879,2
69181,4.73915,49.74519,2
69182,4.75187,49.74876,2
69183,4.73925,49.74532,2
69184,4.75199,49.74874,2
69185,4.73908,49.74537,2
69186,4.75199,49.74874,2
69187,4.73899,49.74523,2
69188,4.75182,49.74889,2
69189,4.74669,49.74251,2
69190,4.75182,49.74889,2
69191,4.73858,49.74468,2
69192,4.75212,49.74872,2
69193,4.73839,49.74473,2
69194,4.75224,49.74869,2
69195,4.75237,49.74867,2
69196,4.7378,49.74488,2
69197,4.75249,49.74864,2
69198,4.73761,49.74493,2
69199,4.75262,49.74862,2
69200,4.73728,49.74344,2
69201,4.75274,49.7486,2
69202,4.73713,49.7435,2
69203,4.75274,49.7486,2
69204,4.73705,49.74353,2
69205,4.75196,49.74887,2
69206,4.73698,49.74357,2
69207,4.75287,49.74857,2
69208,4.73691,49.7436,2
69209,4.75299,49.74855,2
69210,4.73676,49.74366,2
69211,4.75225,49.74881,2
69212,4.73668,49.74369,2
69213,4.74077,49.74541,2
69214,4.73661,49.74372,2
69215,4.75239,49.74878,2
69216,4.73646,49.74379,2
69217,4.75268,49.74873,2
69218,4.75253,49.74876,2
69219,4.73871,49.74483,2
69220,4.73639,49.74382,2
69221,4.73621,49.74376,2
69222,4.75282,49.7487,2
69223,4.73629,49.74372,2
69224,4.75296,49.74867,2
69225,4.73636,49.74369,2
69226,4.7531,49.74865,2
69227,4.73644,49.74366,2
69228,4.75325,49.74852,2
69229,4.73651,49.74363,2
69230,4.75325,49.74852,2
69231,4.73666,49.74356,2
69232,4.75325,49.74852,2
69233,4.75338,49.74852,2
69234,4.73673,49.74353,2
69235,4.73681,49.7435,2
69236,4.75325,49.74863,2
69237,4.73688,49.74347,2
69238,4.73695,49.74344,2
69239,4.7537,49.74864,2
69240,4.75384,49.74865,2
69241,4.73703,49.7434,2
69242,4.7371,49.74337,2
69243,4.75351,49.74852,2
69244,4.73718,49.74334,2
69245,4.75016,49.74904,2
69246,4.73725,49.74331,2
69247,4.75351,49.74852,2
69248,4.73732,49.74328,2
69249,4.75364,49.74853,2
69250,4.73739,49.74325,2
69251,4.73754,49.74319,2
69252,4.75364,49.74853,2
69253,4.73746,49.74322,2
69254,4.75399,49.74865,2
69255,4.73761,49.74316,2
69256,4.73768,49.74313,2
69257,4.75403,49.74854,2
69258,4.73775,49.7431,2
69259,4.75377,49.74853,2
69260,4.73782,49.74307,2
69261,4.75416,49.74854,2
69262,4.75416,49.74854,2
69263,4.73789,49.74304,2
69264,4.75414,49.74866,2
69265,4.73796,49.74301,2
69266,4.75442,49.74873,2
69267,4.73803,49.74298,2
69268,4.7585,49.7443,2
69269,4.7585,49.7443,2
69270,4.73811,49.74295,2
69271,4.7585,49.7443,2
69272,4.75491,49.74888,2
69273,4.73818,49.74292,2
69274,4.73825,49.74289,2
69275,4.75538,49.74904,2
69276,4.73832,49.74287,2
69277,4.75538,49.74904,2
69278,4.73839,49.74284,2
69279,4.73849,49.74293,2
69280,4.75571,49.74922,2
69281,4.73841,49.74297,2
69282,4.75595,49.74938,2
69283,4.73833,49.743,2
69284,4.75441,49.74859,2
69285,4.73826,49.74303,2
69286,4.75445,49.7481,2
69287,4.73811,49.74309,2
69288,4.755,49.74878,2
69289,4.73803,49.74312,2
69290,4.75558,49.74899,2
69291,4.73803,49.74312,2
69292,4.75558,49.74899,2
69293,4.73796,49.74315,2
69294,4.75583,49.74914,2
69295,4.73788,49.74319,2
69296,4.7553,49.74887,2
69297,4.7378,49.74322,2
69298,4.7553,49.74887,2
69299,4.73773,49.74325,2
69300,4.75583,49.74914,2
69301,4.73765,49.74328,2
69302,4.7562,49.74954,2
69303,4.73758,49.74331,2
69304,4.7375,49.74334,2
69305,4.74669,49.74251,2
69306,4.73743,49.74337,2
69307,4.75599,49.74933,2
69308,4.74927,49.74857,2
69309,4.73735,49.74341,2
69310,4.74919,49.74865,2
69311,4.74918,49.74845,2
69312,4.74929,49.74833,2
69313,4.74941,49.74821,2
69314,4.74935,49.74849,2
69315,4.74943,49.74841,2
69316,4.7495,49.74833,2
69317,4.74958,49.74825,2
69318,4.74881,49.74842,2
69319,4.74859,49.74829,2
69320,4.74903,49.74855,2
69321,4.74887,49.74861,2
69322,4.74912,49.74876,2
69323,4.74859,49.74844,2
69324,4.74832,49.74826,2
69325,4.74811,49.74805,2
69326,4.74766,49.74765,2
69327,4.74245,49.73864,2
69328,4.74734,49.74751,2
69329,4.74809,49.74782,2
69330,4.74793,49.74765,2
69331,4.74706,49.74734,2
69332,4.7468,49.74716,2
69333,4.7463,49.74687,2
69334,4.74771,49.74753,2
69335,4.74617,49.74722,2
69336,4.74123,49.74813,2
69337,4.74603,49.74738,2
69338,4.74599,49.74719,2
69339,4.74579,49.74741,2
69340,4.74588,49.74753,2
69341,4.7457,49.74766,2
69342,4.74554,49.74759,2
69343,4.74523,49.74775,2
69344,4.74548,49.74777,2
69345,4.74527,49.74787,2
69346,4.74501,49.74793,2
69347,4.74474,49.74796,2
69348,4.74487,49.74783,2
69349,4.74449,49.74788,2
69350,4.74447,49.748,2
69351,4.74416,49.74804,2
69352,4.7438,49.7481,2
69353,4.74343,49.74815,2
69354,4.74302,49.74811,2
69355,4.74256,49.7482,2
69356,4.7421,49.74829,2
69357,4.74163,49.7482,2
69358,4.74167,49.74809,2
69359,4.74654,49.74697,2
69360,4.74214,49.74818,2
69361,4.74259,49.74807,2
69362,4.74305,49.74799,2
69363,4.74338,49.74803,2
69364,4.7434,49.74793,2
69365,4.74413,49.74793,2
69366,4.7442,49.74792,2
69367,4.74413,49.74781,2
69368,4.74392,49.74747,2
69369,4.74107,49.74416,2
69370,4.74738,49.7496,2
69371,4.74381,49.74733,2
69372,4.74403,49.74734,2
69373,4.74442,49.74735,2
69374,4.74302,49.74351,2
69375,4.74433,49.74782,2
69376,4.7442,49.7476,2
69377,4.74468,49.74727,2
69378,4.74495,49.7472,2
69379,4.74512,49.74727,2
69380,4.74443,49.74747,2
69381,4.74521,49.74712,2
69382,4.74548,49.74705,2
69383,4.74581,49.74714,2
69384,4.74575,49.74702,2
69385,4.74603,49.74705,2
69386,4.74609,49.74702,2
69387,4.74724,49.7473,2
69388,4.74684,49.74701,2
69389,4.74664,49.74687,2
69390,4.74646,49.74673,2
69391,4.76283,49.25287,2
69392,4.76283,49.25287,2
69393,4.76386,49.25493,2
69394,4.763,49.25507,2
69395,4.787783,49.273374,2
69396,4.787783,49.273374,2
69397,4.764617,49.256083,2
69398,4.763,49.25507,2
69399,4.763,49.25507,2
69400,4.76257,49.25363,2
69401,4.76283,49.25287,2
69402,4.764875,49.254577,2
69403,4.763873,49.254876,2
69404,4.763,49.25507,2
69405,4.763,49.25507,2
69406,4.76257,49.2549,2
69407,4.76114,49.256,2
69408,4.76386,49.25493,2
69409,4.76317,49.2541,2
69410,4.76304,49.25377,2
69411,4.76257,49.25363,2
69412,4.76292,49.25386,2
69413,4.7614,49.25479,2
69414,4.7614,49.25479,2
69415,4.76114,49.256,2
69416,4.76114,49.256,2
69417,4.76114,49.256,2
69418,4.76257,49.2549,2
69419,4.7616,49.255596,2
69420,4.76257,49.2549,2
69421,4.76257,49.2549,2
69422,4.76114,49.256,2
69423,4.7614,49.25479,2
69424,4.76114,49.256,2
69425,4.76114,49.256,2
69426,4.76114,49.256,2
69427,4.76291,49.25456,2
69428,4.213216,49.41633,2
69429,4.21247,49.41733,2
69430,4.214053,49.416254,2
69431,4.214053,49.416254,2
69432,4.21247,49.41733,2
69433,4.2126,49.41643,2
69434,4.214924,49.416339,2
69435,4.21247,49.41733,2
69436,4.21247,49.41733,2
69437,4.20832,49.41691,2
69438,4.20832,49.41691,2
69439,4.214509,49.416292,2
69440,4.21354,49.41727,2
69441,4.2126,49.41643,2
69442,4.212819,49.416381,2
69443,4.213586,49.416279,2
69444,4.20793,49.41699,2
69445,4.21046,49.41618,2
69446,4.21589,49.41674,2
69447,4.21199,49.4175,2
69448,4.21199,49.4175,2
69449,4.214169,49.418283,2
69450,4.212835,49.418339,2
69451,4.20832,49.41691,2
69452,4.212793,49.418322,2
69453,4.20793,49.41699,2
69454,4.21438,49.41679,2
69455,4.21057,49.41617,2
69456,4.2126,49.41643,2
69457,4.21438,49.41679,2
69458,4.20832,49.41691,2
69459,4.20832,49.41691,2
69460,4.21104,49.41693,2
69461,4.2126,49.41643,2
69462,4.2144,49.41905,2
69463,4.21412,49.41853,2
69464,4.21452,49.41893,2
69465,4.21463,49.41857,2
69466,4.21458,49.41853,2
69467,4.21457,49.41901,2
69468,4.21383,49.41789,2
69469,4.21368,49.41758,2
69470,4.21465,49.41917,2
69471,4.213869,49.417613,2
69472,4.21199,49.4175,2
69473,4.21422,49.41691,2
69474,4.21433,49.41673,2
69475,4.21463,49.41675,2
69476,4.21488,49.41651,2
69477,4.21504,49.41659,2
69478,4.21589,49.41674,2
69479,4.21582,49.41677,2
69480,4.21305,49.41727,2
69481,4.21438,49.41679,2
69482,4.2126,49.41643,2
69483,4.21438,49.41679,2
69484,4.21438,49.41679,2
69485,4.21438,49.41679,2
69486,4.21438,49.41679,2
69487,4.21438,49.41679,2
69488,4.21438,49.41679,2
69489,4.21438,49.41679,2
69490,4.21438,49.41679,2
69491,4.21438,49.41679,2
69492,4.2114,49.41769,2
69493,4.21149,49.41795,2
69494,4.20949,49.41812,2
69495,4.21159,49.4182,2
69496,4.21182,49.41851,2
69497,4.2106,49.41738,2
69498,4.21126,49.41759,2
69499,4.21095,49.41755,2
69500,4.20892,49.41711,2
69501,4.21064,49.41751,2
69502,4.21033,49.41747,2
69503,4.2097,49.41739,2
69504,4.21252,49.41733,2
69505,4.2094,49.41733,2
69506,4.20909,49.41726,2
69507,4.20758,49.41702,2
69508,4.20831,49.41687,2
69509,4.208002,49.416869,2
69510,4.20972,49.41668,2
69511,4.20837,49.41697,2
69512,4.20832,49.41691,2
69513,4.20832,49.41691,2
69514,4.21025,49.41584,2
69515,4.2126,49.41643,2
69516,4.20914,49.41578,2
69517,4.20869,49.4159,2
69518,4.21411,49.41637,2
69519,4.21104,49.41693,2
69520,4.21104,49.41693,2
69521,4.213424,49.41824,2
69522,4.21247,49.41727,2
69523,4.2097,49.41739,2
69524,4.20879,49.4172,2
69525,4.20832,49.41691,2
69526,4.20832,49.41691,2
69527,4.21063,49.41614,2
69528,4.216,49.41674,2
69529,4.21057,49.41617,2
69530,4.214703,49.416307,2
69531,4.20832,49.41691,2
69532,4.21252,49.41733,2
69533,4.21438,49.41679,2
69534,4.20832,49.41691,2
69535,4.20832,49.41691,2
69536,4.20832,49.41691,2
69537,4.20832,49.41691,2
69538,4.21068,49.41653,2
69539,4.1766,49.42402,2
69540,4.1766,49.42402,2
69541,4.1751,49.42405,2
69542,4.17649,49.42532,2
69543,4.17649,49.42532,2
69544,4.17524,49.42492,2
69545,4.1776,49.42575,2
69546,4.1751,49.42405,2
69547,4.178859,49.427975,2
69548,4.17271,49.42403,2
69549,4.17653,49.42616,2
69550,4.17653,49.42616,2
69551,4.17653,49.42616,2
69552,4.18053,49.42597,2
69553,4.17653,49.42616,2
69554,4.17653,49.42616,2
69555,4.17649,49.42532,2
69556,4.17653,49.42616,2
69557,4.17581,49.42554,2
69558,4.177862,49.427451,2
69559,4.177862,49.427451,2
69560,4.177245,49.426777,2
69561,4.177245,49.426777,2
69562,4.17659,49.42609,2
69563,4.1771,49.4265,2
69564,4.17653,49.42616,2
69565,4.17524,49.42492,2
69566,4.17653,49.42616,2
69567,4.1763,49.42591,2
69568,4.17688,49.42628,2
69569,4.17653,49.42616,2
69570,4.17653,49.42616,2
69571,4.17653,49.42616,2
69572,4.17653,49.42616,2
69573,4.17653,49.42616,2
69574,4.17653,49.42616,2
69575,4.17653,49.42616,2
69576,4.17653,49.42616,2
69577,4.17653,49.42616,2
69578,4.17653,49.42616,2
69579,4.17653,49.42616,2
69580,4.17653,49.42616,2
69581,4.17425,49.42398,2
69582,4.17347,49.42387,2
69583,4.17309,49.42395,2
69584,4.17744,49.42607,2
69585,4.17774,49.42631,2
69586,4.17809,49.42649,2
69587,4.17856,49.42653,2
69588,4.17649,49.42532,2
69589,4.17765,49.4258,2
69590,4.17813,49.42501,2
69591,4.17649,49.42532,2
69592,4.17649,49.42532,2
69593,4.17649,49.42532,2
69594,4.17649,49.42532,2
69595,4.17649,49.42532,2
69596,4.17644,49.42516,2
69597,4.17649,49.42532,2
69598,4.17649,49.42532,2
69599,4.17649,49.42532,2
69600,4.1751,49.42405,2
69601,4.17644,49.42516,2
69602,4.17644,49.42516,2
69603,4.17644,49.42516,2
69604,4.17649,49.42532,2
69605,4.17947,49.42631,2
69606,4.17649,49.42532,2
69607,4.177245,49.426777,2
69608,4.17565,49.42432,2
69609,4.17659,49.42609,2
69610,4.17612,49.42417,2
69611,4.17653,49.42616,2
69612,4.17558,49.42447,2
69613,4.17653,49.42616,2
69614,4.17577,49.42441,2
69615,4.17653,49.42616,2
69616,4.17596,49.42435,2
69617,4.17615,49.42429,2
69618,4.17634,49.42423,2
69619,4.17386,49.42392,2
69620,4.17672,49.42412,2
69621,4.1766,49.42402,2
69622,4.17707,49.42388,2
69623,4.17794,49.42425,2
69624,4.17691,49.42406,2
69625,4.17801,49.42502,2
69626,4.1771,49.424,2
69627,4.17771,49.42385,2
69628,4.17653,49.42616,2
69629,4.17729,49.42394,2
69630,4.1764,49.42414,2
69631,4.17774,49.42373,2
69632,4.17653,49.42616,2
69633,4.1781,49.42416,2
69634,4.17801,49.42502,2
69635,4.17801,49.42502,2
69636,4.17653,49.42616,2
69637,4.17801,49.42502,2
69638,4.17801,49.42502,2
69639,4.17801,49.42502,2
69640,4.17801,49.42502,2
69641,4.17801,49.42502,2
69642,4.17801,49.42502,2
69643,4.17813,49.42501,2
69644,4.17649,49.42532,2
69645,4.17534,49.42442,2
69646,4.17649,49.42532,2
69647,4.17649,49.42532,2
69648,4.17271,49.42403,2
69649,4.17233,49.42412,2
69650,4.17653,49.42616,2
69651,4.17653,49.42616,2
69652,4.17653,49.42616,2
69653,4.17148,49.42475,2
69654,4.17653,49.42616,2
69655,4.17653,49.42616,2
69656,4.17405,49.42395,2
69657,4.17366,49.42388,2
69658,4.17653,49.42616,2
69659,4.177862,49.427451,2
69660,4.17233,49.42412,2
69661,4.1751,49.42405,2
69662,4.17558,49.42447,2
69663,4.17148,49.42475,2
69664,4.17718,49.42681,2
69665,4.17801,49.42502,2
69666,4.1607,49.42658,2
69667,4.16006,49.42694,2
69668,4.16489,49.42678,2
69669,4.1635,49.42741,2
69670,4.16204,49.42583,2
69671,4.16082,49.42692,2
69672,4.16082,49.42692,2
69673,4.16009,49.42698,2
69674,4.16104,49.42667,2
69675,4.16303,49.42636,2
69676,4.15845,49.42715,2
69677,4.16303,49.42636,2
69678,4.16303,49.42636,2
69679,4.15701,49.42756,2
69680,4.16278,49.4267,2
69681,4.16278,49.4267,2
69682,4.16204,49.42583,2
69683,4.16196,49.42637,2
69684,4.16295,49.42501,2
69685,4.1607,49.42658,2
69686,4.15941,49.42712,2
69687,4.15665,49.42754,2
69688,4.161696,49.426079,2
69689,4.1608,49.42631,2
69690,4.16303,49.42636,2
69691,4.16303,49.42636,2
69692,4.16303,49.42636,2
69693,4.16303,49.42636,2
69694,4.16303,49.42636,2
69695,4.16303,49.42636,2
69696,4.16303,49.42636,2
69697,4.16278,49.4267,2
69698,4.16303,49.42636,2
69699,4.16104,49.42667,2
69700,4.16178,49.42607,2
69701,4.16204,49.42583,2
69702,4.16132,49.42592,2
69703,4.16204,49.42549,2
69704,4.16072,49.42614,2
69705,4.16204,49.42549,2
69706,4.16204,49.42549,2
69707,4.16205,49.42599,2
69708,4.16204,49.42549,2
69709,4.16204,49.42583,2
69710,4.16204,49.42583,2
69711,4.162897,49.424992,2
69712,4.16351,49.42498,2
69713,4.16303,49.42636,2
69714,4.16195,49.42668,2
69715,4.16184,49.42692,2
69716,4.16202,49.4269,2
69717,4.16202,49.42738,2
69718,4.16209,49.42711,2
69719,4.16209,49.42711,2
69720,4.16219,49.42734,2
69721,4.16351,49.42746,2
69722,4.16351,49.42746,2
69723,4.16351,49.42746,2
69724,4.16351,49.42746,2
69725,4.16351,49.42746,2
69726,4.164084,49.427391,2
69727,4.16351,49.42746,2
69728,4.16351,49.42746,2
69729,4.16351,49.42746,2
69730,4.16213,49.42737,2
69731,4.16351,49.42746,2
69732,4.16351,49.42746,2
69733,4.16082,49.42692,2
69734,4.16088,49.42649,2
69735,4.15845,49.42715,2
69736,4.16104,49.42667,2
69737,4.1607,49.42658,2
69738,4.16075,49.42681,2
69739,4.16027,49.42703,2
69740,4.1599,49.42707,2
69741,4.16006,49.42694,2
69742,4.15906,49.42704,2
69743,4.15644,49.42773,2
69744,4.15781,49.42719,2
69745,4.15816,49.42724,2
69746,4.16009,49.42698,2
69747,4.157304,49.450217,2
69748,4.1608,49.42631,2
69749,4.157304,49.450217,2
69750,4.73709,49.26498,2
69751,4.73839,49.26498,2
69752,4.73674,49.26297,2
69753,4.73839,49.26498,2
69754,4.73839,49.26498,2
69755,4.73839,49.26498,2
69756,4.715832,49.256206,2
69757,4.735586,49.262545,2
69758,4.73839,49.26498,2
69759,4.73839,49.26498,2
69760,4.73674,49.26297,2
69761,4.73839,49.26498,2
69762,4.73839,49.26498,2
69763,4.73683,49.26427,2
69764,4.73683,49.26427,2
69765,4.73683,49.26427,2
69766,4.73839,49.26498,2
69767,4.73839,49.26498,2
69768,4.73839,49.26498,2
69769,4.73839,49.26498,2
69770,4.73839,49.26498,2
69771,4.73839,49.26498,2
69772,4.73839,49.26498,2
69773,4.73674,49.26297,2
69774,4.73709,49.26498,2
69775,4.73674,49.26297,2
69776,4.73839,49.26498,2
69777,4.73839,49.26498,2
69778,4.736179,49.264663,2
69779,4.73839,49.26498,2
69780,4.73709,49.26498,2
69781,4.73839,49.26498,2
69782,4.739845,49.2661,2
69783,4.73709,49.26498,2
69784,4.73709,49.26498,2
69785,4.73839,49.26498,2
69786,4.73709,49.26498,2
69787,4.73839,49.26498,2
69788,4.74799,49.28442,2
69789,4.74799,49.28442,2
69790,4.74799,49.28442,2
69791,4.69064,49.33594,2
69792,4.69064,49.33594,2
69793,4.68311,49.33138,2
69794,4.69064,49.33594,2
69795,4.71335,49.333265,2
69796,4.713296,49.333005,2
69797,4.713296,49.333005,2
69798,4.69522,49.33721,2
69799,4.6941,49.3381,2
69800,4.69406,49.33866,2
69801,4.69349,49.33914,2
69802,4.69281,49.33987,2
69803,4.69276,49.33989,2
69804,4.69276,49.33989,2
69805,4.69302,49.34006,2
69806,4.69312,49.34015,2
69807,4.69292,49.33998,2
69808,4.682539,49.340691,2
69809,4.688202,49.337911,2
69810,4.69656,49.33763,2
69811,4.68337,49.34011,2
69812,4.69609,49.338,2
69813,4.69707,49.33795,2
69814,4.69462,49.3369,2
69815,4.69277,49.33699,2
69816,4.694481,49.336863,2
69817,4.69257,49.33698,2
69818,4.690062,49.337066,2
69819,4.69389,49.33826,2
69820,4.69379,49.33844,2
69821,4.69202,49.33758,2
69822,4.69106,49.3376,2
69823,4.69129,49.33766,2
69824,4.69179,49.33771,2
69825,4.71335,49.333265,2
69826,4.6946,49.33807,2
69827,4.69533,49.33756,2
69828,4.69565,49.33759,2
69829,4.69656,49.3376,2
69830,4.695809,49.337618,2
69831,4.69631,49.33755,2
69832,4.69656,49.3376,2
69833,4.69623,49.33767,2
69834,4.69657,49.33756,2
69835,4.69636,49.33767,2
69836,4.69683,49.33757,2
69837,4.69675,49.33768,2
69838,4.69656,49.33763,2
69839,4.69688,49.33769,2
69840,4.69732,49.33761,2
69841,4.69705,49.33773,2
69842,4.69799,49.33746,2
69843,4.690621,49.336066,2
69844,4.69887,49.33724,2
69845,4.69346,49.33703,2
69846,4.69356,49.33704,2
69847,4.69656,49.33763,2
69848,4.69337,49.33703,2
69849,4.69317,49.33702,2
69850,4.69297,49.337,2
69851,4.69287,49.337,2
69852,4.69462,49.3369,2
69853,4.69656,49.33763,2
69854,4.69551,49.33746,2
69855,4.69533,49.33705,2
69856,4.69513,49.33719,2
69857,4.69662,49.33768,2
69858,4.69516,49.33699,2
69859,4.69267,49.33699,2
69860,4.69257,49.33698,2
69861,4.69401,49.33664,2
69862,4.69237,49.33697,2
69863,4.69218,49.33696,2
69864,4.69529,49.33735,2
69865,4.69247,49.33698,2
69866,4.69208,49.33695,2
69867,4.69188,49.33694,2
69868,4.69228,49.33696,2
69869,4.69198,49.33695,2
69870,4.69128,49.3369,2
69871,4.69393,49.33729,2
69872,4.6948,49.33739,2
69873,4.69402,49.33718,2
69874,4.6951,49.33739,2
69875,4.69503,49.33754,2
69876,4.69477,49.33751,2
69877,4.69452,49.33748,2
69878,4.69431,49.33751,2
69879,4.69403,49.33763,2
69880,4.69388,49.33783,2
69881,4.69388,49.33783,2
69882,4.69389,49.33826,2
69883,4.69511,49.33804,2
69884,4.69435,49.33809,2
69885,4.69258,49.33899,2
69886,4.69258,49.33845,2
69887,4.69276,49.33844,2
69888,4.6925,49.33791,2
69889,4.69267,49.33856,2
69890,4.69036,49.33772,2
69891,4.69129,49.33766,2
69892,4.6898,49.33714,2
69893,4.68885,49.33757,2
69894,4.6902,49.33704,2
69895,4.68655,49.33861,2
69896,4.6844,49.33958,2
69897,4.68785,49.33342,2
69898,4.69092,49.33655,2
69899,4.69101,49.33685,2
69900,4.68976,49.33482,2
69901,4.6906,49.33694,2
69902,4.69064,49.33594,2
69903,4.68579,49.3322,2
69904,4.69064,49.33594,2
69905,4.68579,49.3322,2
69906,4.69064,49.33594,2
69907,4.69064,49.33594,2
69908,4.85868,49.73826,2
69909,4.85868,49.73826,2
69910,4.85868,49.73826,2
69911,4.86098,49.73906,2
69912,4.85868,49.73826,2
69913,4.85868,49.73826,2
69914,4.85868,49.73826,2
69915,4.85868,49.73826,2
69916,4.85763,49.73778,2
69917,4.85868,49.73826,2
69918,4.85868,49.73826,2
69919,4.85868,49.73826,2
69920,4.85868,49.73826,2
69921,4.85868,49.73826,2
69922,4.8612,49.73906,2
69923,4.84698,49.73697,2
69924,4.86127,49.73925,2
69925,4.86114,49.73916,2
69926,4.84698,49.73697,2
69927,4.85868,49.73826,2
69928,4.84698,49.73697,2
69929,4.8614,49.73935,2
69930,4.84698,49.73697,2
69931,4.85868,49.73826,2
69932,4.84698,49.73697,2
69933,4.84698,49.73697,2
69934,4.85794,49.73801,2
69935,4.86153,49.73939,2
69936,4.84698,49.73697,2
69937,4.86177,49.73941,2
69938,4.84698,49.73697,2
69939,4.86159,49.73951,2
69940,4.84718,49.73712,2
69941,4.86198,49.73954,2
69942,4.84718,49.73712,2
69943,4.86234,49.73967,2
69944,4.8627,49.73979,2
69945,4.84718,49.73712,2
69946,4.86304,49.73989,2
69947,4.862,49.73943,2
69948,4.84718,49.73712,2
69949,4.84737,49.73727,2
69950,4.84757,49.73764,2
69951,4.86222,49.73949,2
69952,4.84718,49.73712,2
69953,4.84802,49.73791,2
69954,4.84878,49.73733,2
69955,4.86369,49.73999,2
69956,4.84718,49.73712,2
69957,4.84859,49.7382,2
69958,4.84859,49.7382,2
69959,4.86243,49.73957,2
69960,4.84718,49.73712,2
69961,4.84859,49.7382,2
69962,4.86358,49.73943,2
69963,4.84925,49.73863,2
69964,4.84737,49.73727,2
69965,4.84925,49.73863,2
69966,4.86321,49.73981,2
69967,4.84925,49.73863,2
69968,4.86373,49.73994,2
69969,4.84737,49.73727,2
69970,4.84969,49.73822,2
69971,4.8677,49.74013,2
69972,4.84948,49.7381,2
69973,4.86335,49.73997,2
69974,4.84737,49.73727,2
69975,4.84927,49.73799,2
69976,4.86285,49.73971,2
69977,4.86264,49.73964,2
69978,4.84737,49.73727,2
69979,4.86366,49.74004,2
69980,4.84737,49.73727,2
69981,4.86397,49.74012,2
69982,4.86428,49.7402,2
69983,4.84737,49.73727,2
69984,4.85606,49.73819,2
69985,4.86159,49.73951,2
69986,4.8484,49.73788,2
69987,4.86304,49.73989,2
69988,4.84734,49.73742,2
69989,4.85625,49.73837,2
69990,4.86674,49.74031,2
69991,4.86876,49.74003,2
69992,4.84756,49.73742,2
69993,4.85625,49.73837,2
69994,4.85868,49.73826,2
69995,4.86152,49.73947,2
69996,4.84756,49.73742,2
69997,4.85625,49.73837,2
69998,4.84756,49.73742,2
69999,4.85625,49.73837,2
70000,4.86158,49.73958,2
70001,4.84756,49.73742,2
70002,4.85625,49.73837,2
70003,4.86166,49.73975,2
70004,4.86204,49.74036,2
70005,4.84756,49.73742,2
70006,4.85625,49.73837,2
70007,4.86227,49.74052,2
70008,4.84756,49.73742,2
70009,4.85625,49.73837,2
70010,4.86227,49.74052,2
70011,4.84756,49.73742,2
70012,4.85625,49.73837,2
70013,4.86227,49.74052,2
70014,4.84756,49.73742,2
70015,4.85625,49.73837,2
70016,4.86227,49.74052,2
70017,4.84757,49.73764,2
70018,4.85625,49.73837,2
70019,4.86204,49.74036,2
70020,4.84757,49.73764,2
70021,4.85625,49.73837,2
70022,4.86251,49.74068,2
70023,4.84757,49.73764,2
70024,4.85625,49.73837,2
70025,4.86227,49.74052,2
70026,4.84757,49.73764,2
70027,4.85586,49.73876,2
70028,4.86271,49.7408,2
70029,4.84757,49.73764,2
70030,4.85586,49.73876,2
70031,4.86289,49.7409,2
70032,4.86306,49.74099,2
70033,4.84757,49.73764,2
70034,4.87146,49.74421,2
70035,4.85586,49.73876,2
70036,4.86341,49.74118,2
70037,4.87146,49.74421,2
70038,4.86341,49.74118,2
70039,4.84757,49.73764,2
70040,4.85586,49.73876,2
70041,4.86323,49.74109,2
70042,4.86323,49.74109,2
70043,4.84757,49.73764,2
70044,4.86323,49.74109,2
70045,4.8478,49.73777,2
70046,4.86358,49.74128,2
70047,4.8478,49.73777,2
70048,4.86375,49.74137,2
70049,4.8478,49.73777,2
70050,4.86392,49.74147,2
70051,4.8641,49.74156,2
70052,4.8478,49.73777,2
70053,4.86427,49.74166,2
70054,4.8478,49.73777,2
70055,4.86436,49.74171,2
70056,4.8478,49.73777,2
70057,4.86668,49.74239,2
70058,4.8478,49.73777,2
70059,4.87146,49.74421,2
70060,4.86679,49.74236,2
70061,4.8478,49.73777,2
70062,4.86668,49.74239,2
70063,4.86668,49.74239,2
70064,4.84802,49.73791,2
70065,4.86679,49.74236,2
70066,4.84802,49.73791,2
70067,4.87587,49.74603,2
70068,4.87558,49.74595,2
70069,4.84802,49.73791,2
70070,4.87311,49.74523,2
70071,4.84802,49.73791,2
70072,4.87174,49.74455,2
70073,4.86811,49.74283,2
70074,4.84802,49.73791,2
70075,4.86474,49.74203,2
70076,4.86488,49.74215,2
70077,4.84802,49.73791,2
70078,4.86296,49.73562,2
70079,4.86521,49.74256,2
70080,4.86553,49.74297,2
70081,4.84802,49.73791,2
70082,4.86618,49.74378,2
70083,4.84802,49.73791,2
70084,4.86678,49.74461,2
70085,4.84825,49.73804,2
70086,4.86649,49.74419,2
70087,4.86708,49.74503,2
70088,4.84825,49.73804,2
70089,4.86746,49.74542,2
70090,4.84825,49.73804,2
70091,4.86814,49.74607,2
70092,4.86793,49.74594,2
70093,4.84825,49.73804,2
70094,4.86788,49.74603,2
70095,4.84825,49.73804,2
70096,4.86731,49.74548,2
70097,4.86633,49.74425,2
70098,4.84825,49.73804,2
70099,4.86663,49.74467,2
70100,4.84825,49.73804,2
70101,4.86693,49.74509,2
70102,4.84825,49.73804,2
70103,4.86602,49.74383,2
70104,4.84878,49.73733,2
70105,4.86569,49.74342,2
70106,4.86536,49.74301,2
70107,4.8484,49.73788,2
70108,4.86503,49.7426,2
70109,4.84878,49.73733,2
70110,4.86793,49.74594,2
70111,4.8677,49.74013,2
70112,4.84878,49.73733,2
70113,4.86793,49.74594,2
70114,4.8484,49.73788,2
70115,4.86425,49.7418,2
70116,4.8641,49.74172,2
70117,4.84878,49.73733,2
70118,4.86381,49.74156,2
70119,4.84878,49.73733,2
70120,4.86294,49.74108,2
70121,4.84878,49.73733,2
70122,4.86294,49.74108,2
70123,4.84878,49.73733,2
70124,4.86265,49.74092,2
70125,4.84878,49.73733,2
70126,4.8627,49.73639,2
70127,4.86222,49.74065,2
70128,4.84878,49.73733,2
70129,4.86167,49.74027,2
70130,4.8616,49.7401,2
70131,4.8484,49.73788,2
70132,4.86668,49.74239,2
70133,4.86154,49.73993,2
70134,4.8484,49.73788,2
70135,4.86147,49.73975,2
70136,4.84878,49.73733,2
70137,4.8613,49.73944,2
70138,4.8484,49.73788,2
70139,4.86122,49.73939,2
70140,4.84859,49.7382,2
70141,4.86114,49.73933,2
70142,4.84859,49.7382,2
70143,4.86106,49.73927,2
70144,4.84859,49.7382,2
70145,4.86098,49.73922,2
70146,4.84859,49.7382,2
70147,4.85868,49.73826,2
70148,4.84859,49.7382,2
70149,4.85868,49.73826,2
70150,4.84859,49.7382,2
70151,4.85868,49.73826,2
70152,4.84859,49.7382,2
70153,4.85868,49.73826,2
70154,4.84859,49.7382,2
70155,4.85868,49.73826,2
70156,4.86793,49.74594,2
70157,4.84859,49.7382,2
70158,4.85868,49.73826,2
70159,4.84859,49.7382,2
70160,4.85868,49.73826,2
70161,4.86358,49.74128,2
70162,4.84859,49.7382,2
70163,4.86358,49.74128,2
70164,4.85868,49.73826,2
70165,4.85868,49.73826,2
70166,4.84859,49.7382,2
70167,4.84859,49.7382,2
70168,4.85868,49.73826,2
70169,4.85868,49.73826,2
70170,4.84859,49.7382,2
70171,4.85868,49.73826,2
70172,4.84859,49.7382,2
70173,4.85868,49.73826,2
70174,4.84859,49.7382,2
70175,4.85868,49.73826,2
70176,4.84859,49.7382,2
70177,4.85868,49.73826,2
70178,4.84859,49.7382,2
70179,4.86084,49.73913,2
70180,4.84859,49.7382,2
70181,4.8606,49.739,2
70182,4.84859,49.7382,2
70183,4.86033,49.7389,2
70184,4.86006,49.73879,2
70185,4.84925,49.73863,2
70186,4.85979,49.73869,2
70187,4.84925,49.73863,2
70188,4.85952,49.7386,2
70189,4.84925,49.73863,2
70190,4.85924,49.7385,2
70191,4.859,49.73842,2
70192,4.84925,49.73863,2
70193,4.85876,49.73836,2
70194,4.84925,49.73863,2
70195,4.85852,49.73829,2
70196,4.84925,49.73863,2
70197,4.84925,49.73863,2
70198,4.85852,49.73829,2
70199,4.85829,49.73823,2
70200,4.84925,49.73863,2
70201,4.85829,49.73823,2
70202,4.84925,49.73863,2
70203,4.85809,49.73818,2
70204,4.84925,49.73863,2
70205,4.85794,49.73814,2
70206,4.84925,49.73863,2
70207,4.85781,49.7381,2
70208,4.84925,49.73863,2
70209,4.85781,49.7381,2
70210,4.84925,49.73863,2
70211,4.85781,49.7381,2
70212,4.84925,49.73863,2
70213,4.85781,49.7381,2
70214,4.84925,49.73863,2
70215,4.85781,49.7381,2
70216,4.84925,49.73863,2
70217,4.85781,49.7381,2
70218,4.84925,49.73863,2
70219,4.85769,49.73807,2
70220,4.84925,49.73863,2
70221,4.84925,49.73863,2
70222,4.85758,49.73805,2
70223,4.84925,49.73863,2
70224,4.84969,49.73822,2
70225,4.85758,49.73805,2
70226,4.84969,49.73822,2
70227,4.85735,49.73799,2
70228,4.84969,49.73822,2
70229,4.85735,49.73799,2
70230,4.84969,49.73822,2
70231,4.85723,49.73796,2
70232,4.84969,49.73822,2
70233,4.85706,49.73809,2
70234,4.84969,49.73822,2
70235,4.85672,49.73777,2
70236,4.84948,49.7381,2
70237,4.85657,49.73768,2
70238,4.84948,49.7381,2
70239,4.85642,49.73758,2
70240,4.84948,49.7381,2
70241,4.85627,49.73748,2
70242,4.84948,49.7381,2
70243,4.85627,49.73748,2
70244,4.84948,49.7381,2
70245,4.85611,49.73738,2
70246,4.84948,49.7381,2
70247,4.85611,49.73738,2
70248,4.84927,49.73799,2
70249,4.85611,49.73738,2
70250,4.85611,49.73738,2
70251,4.84927,49.73799,2
70252,4.85596,49.73729,2
70253,4.84927,49.73799,2
70254,4.86793,49.74594,2
70255,4.85566,49.7391,2
70256,4.84927,49.73799,2
70257,4.85703,49.73831,2
70258,4.84927,49.73799,2
70259,4.85695,49.73837,2
70260,4.84927,49.73799,2
70261,4.84906,49.73788,2
70262,4.85723,49.73864,2
70263,4.84906,49.73788,2
70264,4.85703,49.73831,2
70265,4.84906,49.73788,2
70266,4.85703,49.73831,2
70267,4.84906,49.73788,2
70268,4.85703,49.73831,2
70269,4.85695,49.73837,2
70270,4.84906,49.73788,2
70271,4.85717,49.7385,2
70272,4.85606,49.73819,2
70273,4.84906,49.73788,2
70274,4.85625,49.73837,2
70275,4.84883,49.73783,2
70276,4.85625,49.73837,2
70277,4.85566,49.7391,2
70278,4.84883,49.73783,2
70279,4.85566,49.7391,2
70280,4.85566,49.7391,2
70281,4.84883,49.73783,2
70282,4.85566,49.7391,2
70283,4.85566,49.7391,2
70284,4.84883,49.73783,2
70285,4.85566,49.7391,2
70286,4.85566,49.7391,2
70287,4.84883,49.73783,2
70288,4.85566,49.7391,2
70289,4.86127,49.73925,2
70290,4.85566,49.7391,2
70291,4.84883,49.73783,2
70292,4.85566,49.7391,2
70293,4.85635,49.73836,2
70294,4.84859,49.73783,2
70295,4.85625,49.73837,2
70296,4.85717,49.7385,2
70297,4.84859,49.73783,2
70298,4.8572,49.73857,2
70299,4.85601,49.73789,2
70300,4.85603,49.73804,2
70301,4.84859,49.73783,2
70302,4.85606,49.73819,2
70303,4.84859,49.73783,2
70304,4.85625,49.73837,2
70305,4.84859,49.73783,2
70306,4.85625,49.73837,2
70307,4.84859,49.73783,2
70308,4.85625,49.73837,2
70309,4.85639,49.73909,2
70310,4.84959,49.73884,2
70311,4.85657,49.73949,2
70312,4.85635,49.73836,2
70313,4.84961,49.73885,2
70314,4.85625,49.73837,2
70315,4.8497,49.73891,2
70316,4.85829,49.73816,2
70317,4.85728,49.73885,2
70318,4.84973,49.73892,2
70319,4.85703,49.73831,2
70320,4.84982,49.73898,2
70321,4.85703,49.73831,2
70322,4.84984,49.73899,2
70323,4.8622,49.73773,2
70324,4.84993,49.73905,2
70325,4.86207,49.73798,2
70326,4.86219,49.73807,2
70327,4.84995,49.73906,2
70328,4.86266,49.73818,2
70329,4.85004,49.73912,2
70330,4.86276,49.73831,2
70331,4.85007,49.73913,2
70332,4.86242,49.73823,2
70333,4.85016,49.73919,2
70334,4.86208,49.73817,2
70335,4.85018,49.7392,2
70336,4.86177,49.73834,2
70337,4.85027,49.73926,2
70338,4.86163,49.73859,2
70339,4.85029,49.73927,2
70340,4.86141,49.73883,2
70341,4.86114,49.7389,2
70342,4.85767,49.73629,2
70343,4.86156,49.73845,2
70344,4.85779,49.73631,2
70345,4.8616,49.73828,2
70346,4.85792,49.73634,2
70347,4.85792,49.73634,2
70348,4.86135,49.73824,2
70349,4.86111,49.73817,2
70350,4.86219,49.73765,2
70351,4.85625,49.73837,2
70352,4.86088,49.73809,2
70353,4.86219,49.73765,2
70354,4.86094,49.73799,2
70355,4.86225,49.73765,2
70356,4.86115,49.73805,2
70357,4.86249,49.73768,2
70358,4.85625,49.73837,2
70359,4.86136,49.73812,2
70360,4.86255,49.73768,2
70361,4.86157,49.73817,2
70362,4.86261,49.73769,2
70363,4.86176,49.7381,2
70364,4.85862,49.73662,2
70365,4.86196,49.73782,2
70366,4.85879,49.73672,2
70367,4.86205,49.73765,2
70368,4.85927,49.73698,2
70369,4.85982,49.7372,2
70370,4.85983,49.73726,2
70371,4.85972,49.73743,2
70372,4.85948,49.73777,2
70373,4.85948,49.73777,2
70374,4.85936,49.73794,2
70375,4.85936,49.73794,2
70376,4.8596,49.7376,2
70377,4.85954,49.73797,2
70378,4.85954,49.73797,2
70379,4.85975,49.73767,2
70380,4.86003,49.73727,2
70381,4.85975,49.73767,2
70382,4.85954,49.73797,2
70383,4.85975,49.73767,2
70384,4.85995,49.73737,2
70385,4.85975,49.73767,2
70386,4.8602,49.73731,2
70387,4.86036,49.73735,2
70388,4.86053,49.73738,2
70389,4.8607,49.73742,2
70390,4.8612,49.73754,2
70391,4.8612,49.73754,2
70392,4.86138,49.73757,2
70393,4.86155,49.73758,2
70394,4.86173,49.7376,2
70395,4.86793,49.74594,2
70396,4.86191,49.73761,2
70397,4.8638,49.73781,2
70398,4.86386,49.73782,2
70399,4.8627,49.73639,2
70400,4.86392,49.73782,2
70401,4.86398,49.73783,2
70402,4.86398,49.73783,2
70403,4.86404,49.73784,2
70404,4.86395,49.73815,2
70405,4.86465,49.73842,2
70406,4.86421,49.73831,2
70407,4.86513,49.73862,2
70408,4.86227,49.74052,2
70409,4.86431,49.73842,2
70410,4.86376,49.73821,2
70411,4.86393,49.73785,2
70412,4.86433,49.73785,2
70413,4.86483,49.73788,2
70414,4.86534,49.7379,2
70415,4.86534,49.7379,2
70416,4.86632,49.73784,2
70417,4.8668,49.73773,2
70418,4.86728,49.73763,2
70419,4.8608,49.73739,2
70420,4.86714,49.73754,2
70421,4.8608,49.73739,2
70422,4.8608,49.73739,2
70423,4.8608,49.73739,2
70424,4.8608,49.73739,2
70425,4.86738,49.73749,2
70426,4.86495,49.73267,2
70427,4.86698,49.73549,2
70428,4.86698,49.73549,2
70429,4.86698,49.73549,2
70430,4.8608,49.73739,2
70431,4.8608,49.73739,2
70432,4.86648,49.73768,2
70433,4.86582,49.73781,2
70434,4.86513,49.73777,2
70435,4.86398,49.73771,2
70436,4.86374,49.73769,2
70437,4.85725,49.73871,2
70438,4.8635,49.73766,2
70439,4.86326,49.73764,2
70440,4.86303,49.73762,2
70441,4.86303,49.73762,2
70442,4.86303,49.73762,2
70443,4.86303,49.73762,2
70444,4.86279,49.73759,2
70445,4.86255,49.73757,2
70446,4.86231,49.73754,2
70447,4.86211,49.73752,2
70448,4.8621,49.73755,2
70449,4.86222,49.73719,2
70450,4.86239,49.73691,2
70451,4.85625,49.73837,2
70452,4.86248,49.73677,2
70453,4.86274,49.73631,2
70454,4.86266,49.73645,2
70455,4.86284,49.73615,2
70456,4.86294,49.73598,2
70457,4.86315,49.73561,2
70458,4.86337,49.73511,2
70459,4.86342,49.73498,2
70460,4.86348,49.73483,2
70461,4.84906,49.73788,2
70462,4.86351,49.73478,2
70463,4.84883,49.73783,2
70464,4.84859,49.73783,2
70465,4.8636,49.73456,2
70466,4.86317,49.73532,2
70467,4.86317,49.73532,2
70468,4.86237,49.73767,2
70469,4.86317,49.73532,2
70470,4.85975,49.73767,2
70471,4.86303,49.73545,2
70472,4.8608,49.73739,2
70473,4.86436,49.73298,2
70474,4.86698,49.73549,2
70475,4.86303,49.73762,2
70476,4.86317,49.73532,2
70477,4.86414,49.73211,2
70478,4.86317,49.73532,2
70479,4.85646,49.73817,2
70480,4.86417,49.73223,2
70481,4.86317,49.73532,2
70482,4.85743,49.73765,2
70483,4.86379,49.73369,2
70484,4.85763,49.73778,2
70485,4.86366,49.73401,2
70486,4.85773,49.73785,2
70487,4.86353,49.7343,2
70488,4.86317,49.73532,2
70489,4.85868,49.73826,2
70490,4.86317,49.73532,2
70491,4.85868,49.73826,2
70492,4.86343,49.73453,2
70493,4.85868,49.73826,2
70494,4.86227,49.74052,2
70495,4.86329,49.73484,2
70496,4.86652,49.74231,2
70497,4.86323,49.735,2
70498,4.86668,49.74239,2
70499,4.86314,49.73519,2
70500,4.86311,49.73527,2
70501,4.86286,49.73579,2
70502,4.86618,49.74378,2
70503,4.86274,49.73599,2
70504,4.86241,49.73656,2
70505,4.86793,49.74594,2
70506,4.86248,49.73643,2
70507,4.86766,49.74583,2
70508,4.86254,49.73632,2
70509,4.86167,49.74027,2
70510,4.86263,49.73617,2
70511,4.86167,49.74027,2
70512,4.85781,49.7381,2
70513,4.86235,49.73665,2
70514,4.85746,49.73802,2
70515,4.8623,49.73674,2
70516,4.85566,49.7391,2
70517,4.86219,49.73692,2
70518,4.85625,49.73837,2
70519,4.86208,49.7371,2
70520,4.8615,49.73746,2
70521,4.8605,49.73725,2
70522,4.8598,49.73706,2
70523,4.85938,49.73688,2
70524,4.85891,49.73664,2
70525,4.8608,49.73739,2
70526,4.8608,49.73739,2
70527,4.8578,49.73619,2
70528,4.8578,49.73619,2
70529,4.8578,49.73619,2
70530,4.8578,49.73619,2
70531,4.8569,49.73714,2
70532,4.8569,49.73714,2
70533,4.8569,49.73714,2
70534,4.8569,49.73714,2
70535,4.8569,49.73714,2
70536,4.8569,49.73714,2
70537,4.85656,49.73828,2
70538,4.85646,49.73817,2
70539,4.85646,49.73817,2
70540,4.85719,49.73761,2
70541,4.85703,49.73831,2
70542,4.85646,49.73817,2
70543,4.85717,49.73753,2
70544,4.85717,49.73753,2
70545,4.85612,49.73711,2
70546,4.85719,49.73761,2
70547,4.85713,49.73737,2
70548,4.85713,49.73737,2
70549,4.86586,49.74337,2
70550,4.85705,49.73731,2
70551,4.85748,49.73768,2
70552,4.85705,49.73731,2
70553,4.85738,49.73762,2
70554,4.85753,49.73772,2
70555,4.85743,49.73765,2
70556,4.85758,49.73775,2
70557,4.85758,49.73775,2
70558,4.85763,49.73778,2
70559,4.85763,49.73778,2
70560,4.85768,49.73782,2
70561,4.85773,49.73785,2
70562,4.86674,49.74031,2
70563,4.85773,49.73785,2
70564,4.85773,49.73785,2
70565,4.85773,49.73785,2
70566,4.85773,49.73785,2
70567,4.85777,49.73788,2
70568,4.85786,49.73794,2
70569,4.8579,49.73798,2
70570,4.85781,49.73791,2
70571,4.86436,49.73298,2
70572,4.85786,49.73794,2
70573,4.86436,49.73298,2
70574,4.8579,49.73798,2
70575,4.85794,49.73801,2
70576,4.85832,49.73813,2
70577,4.85801,49.73803,2
70578,4.85829,49.73816,2
70579,4.85816,49.73807,2
70580,4.85835,49.73812,2
70581,4.85835,49.73812,2
70582,4.85859,49.73819,2
70583,4.85883,49.73825,2
70584,4.85907,49.73831,2
70585,4.85913,49.73829,2
70586,4.85913,49.73829,2
70587,4.8593,49.73839,2
70588,4.85934,49.73827,2
70589,4.85952,49.73846,2
70590,4.85995,49.73862,2
70591,4.86016,49.7387,2
70592,4.86038,49.73878,2
70593,4.86059,49.73886,2
70594,4.86038,49.73878,2
70595,4.86038,49.73878,2
70596,4.85995,49.73862,2
70597,4.85995,49.73862,2
70598,4.86038,49.73878,2
70599,4.85995,49.73862,2
70600,4.86079,49.73895,2
70601,4.85868,49.73826,2
70602,4.85868,49.73826,2
70603,4.86038,49.73878,2
70604,4.85868,49.73826,2
70605,4.82469,50.13656,2
70606,4.8255,50.13638,2
70607,4.82932,50.13541,2
70608,4.82982,50.13517,2
70609,4.83173,50.13538,2
70610,4.83095,50.13704,2
70611,4.8351,50.14004,2
70612,4.83623,50.14686,2
70613,4.83212,50.13506,2
70614,4.83256,50.13579,2
70615,4.82932,50.13541,2
70616,4.83273,50.13591,2
70617,4.82932,50.13541,2
70618,4.82896,50.13559,2
70619,4.82896,50.13559,2
70620,4.83036,50.13561,2
70621,4.83095,50.13704,2
70622,4.83095,50.13704,2
70623,4.82857,50.13535,2
70624,4.83095,50.13704,2
70625,4.83562,50.13582,2
70626,4.83562,50.13582,2
70627,4.8265,50.13607,2
70628,4.83623,50.14686,2
70629,4.83545,50.14492,2
70630,4.8348,50.13904,2
70631,4.83121,50.13435,2
70632,4.8322,50.13546,2
70633,4.83095,50.13704,2
70634,4.831519,50.145302,2
70635,4.806597,49.672443,2
70636,4.805796,49.669611,2
70637,4.830722,49.67769,2
70638,4.82793,49.67411,2
70639,4.82922,49.67394,2
70640,4.82918,49.67473,2
70641,4.82918,49.67473,2
70642,4.82831,49.67353,2
70643,4.829205,49.673283,2
70644,4.829571,49.672557,2
70645,4.82956,49.672602,2
70646,4.82918,49.67473,2
70647,4.82918,49.67473,2
70648,4.83359,49.67319,2
70649,4.83277,49.67087,2
70650,4.63471,49.94405,2
70651,4.63527,49.94248,2
70652,4.63449,49.94412,2
70653,4.63311,49.94405,2
70654,4.63449,49.94412,2
70655,4.62822,49.94083,2
70656,4.63402,49.94348,2
70657,4.63434,49.94348,2
70658,4.63434,49.94348,2
70659,4.64254,49.94381,2
70660,4.64121,49.94381,2
70661,4.63788,49.94346,2
70662,4.63739,49.94403,2
70663,4.738489,49.742858,2
70664,4.74809,49.74782,2
70665,4.738,49.74483,2
70666,4.74171,49.7453,2
70667,4.74384,49.74804,2
70668,4.74111,49.74794,2
70669,4.73938,49.74184,2
70670,4.74816,49.75058,2
70671,4.7585,49.7443,2
70672,4.74816,49.75058,2
70673,4.75182,49.74889,2
70674,4.75599,49.74933,2
70675,4.744265,49.74773,2
70676,4.74142,49.74575,2
70677,4.74142,49.74575,2
70678,4.74306,49.74424,2
70679,4.73865,49.74636,2
70680,4.73856,49.74641,2
70681,4.73957,49.74432,2
70682,4.738264,49.741892,2
70683,4.738264,49.741892,2
70684,4.764617,49.256083,2
70685,4.76257,49.2549,2
70686,4.763,49.25507,2
70687,4.76257,49.2549,2
70688,4.76257,49.2549,2
70689,4.755938,49.260186,2
70690,4.76257,49.2549,2
70691,4.76257,49.2549,2
70692,4.21438,49.41679,2
70693,4.21438,49.41679,2
70694,4.20832,49.41691,2
70695,4.21182,49.41851,2
70696,4.20832,49.41691,2
70697,4.21108,49.417046,2
70698,4.21182,49.41851,2
70699,4.21057,49.41617,2
70700,4.195789,49.3972,2
70701,4.2126,49.41643,2
70702,4.17653,49.42616,2
70703,4.17649,49.42532,2
70704,4.17649,49.42532,2
70705,4.17813,49.42501,2
70706,4.17718,49.42681,2
70707,4.17653,49.42616,2
70708,4.17653,49.42616,2
70709,4.17718,49.42681,2
70710,4.1607,49.42658,2
70711,4.1607,49.42658,2
70712,4.15845,49.42715,2
70713,4.1607,49.42658,2
70714,4.16303,49.42636,2
70715,4.73839,49.26498,2
70716,4.73674,49.26297,2
70717,4.73839,49.26498,2
70718,4.73839,49.26498,2
70719,4.73854,49.265227,2
70720,4.69656,49.33763,2
70721,4.6941,49.33665,2
70722,4.69388,49.33783,2
70723,4.69656,49.33763,2
70724,4.69129,49.33766,2
70725,4.69129,49.33766,2
70726,4.68337,49.34011,2
70727,4.69656,49.33763,2
70728,4.713329,49.333112,2
70729,4.69636,49.33767,2
70730,4.68337,49.34011,2
70731,4.69649,49.33767,2
70732,4.86191,49.73761,2
70733,4.8608,49.73739,2
70734,4.86698,49.73549,2
70735,4.8608,49.73739,2
70736,4.8608,49.73739,2
70737,4.8608,49.73739,2
70738,4.8578,49.73619,2
70739,4.8578,49.73619,2
70740,4.86793,49.74594,2
70741,4.86381,49.74156,2
70742,4.86343,49.74128,2
70743,4.8613,49.73944,2
70744,4.85924,49.7385,2
70745,4.85625,49.73837,2
70746,4.85703,49.73831,2
70747,4.85625,49.73837,2
70748,4.85625,49.73837,2
70749,4.86317,49.73532,2
70750,4.85703,49.73831,2
70751,4.85758,49.73805,2
70752,4.86237,49.73767,2
70753,4.86317,49.73532,2
70754,4.85612,49.73711,2
70755,4.86793,49.74594,2
70756,4.8578,49.73619,2
70757,4.85807,49.7363,2
