"ID","Longitude","Latitude","ServiceTime (min)"
149421,4.71962,49.76569,2
149422,4.71962,49.76569,2
149423,4.71962,49.76569,2
149424,4.71962,49.76569,2
149425,4.71962,49.76574,2
149426,4.71962,49.76574,2
149427,4.71962,49.76574,2
149428,4.71962,49.76574,2
149429,4.71962,49.76579,2
149430,4.71962,49.76579,2
149431,4.71962,49.76579,2
149432,4.71962,49.76579,2
149433,4.69825,49.77442,2
149434,4.71893,49.76563,2
149435,4.71962,49.76579,2
149436,4.71893,49.76563,2
149437,4.71893,49.76563,2
149438,4.71858,49.76564,2
149439,4.71841,49.76564,2
149440,4.71841,49.76564,2
149441,4.71841,49.76564,2
149442,4.71841,49.76564,2
149443,4.71841,49.76564,2
149444,4.71841,49.76564,2
149445,4.69825,49.77442,2
149446,4.69825,49.77442,2
149447,4.69825,49.77442,2
149448,4.69825,49.77442,2
149449,4.69825,49.77442,2
149450,4.71398,49.76789,2
149451,4.71396,49.76802,2
149452,4.69825,49.77442,2
149453,4.69825,49.77442,2
149454,4.69825,49.77442,2
149455,4.7146,49.76717,2
149456,4.71448,49.76736,2
149457,4.71435,49.76756,2
149458,4.71423,49.76775,2
149459,4.71416,49.7679,2
149460,4.708208,49.769561,2
149461,4.71415,49.76795,2
149462,4.71413,49.76809,2
149463,4.71662,49.76577,2
149464,4.71557,49.76609,2
149465,4.71704,49.76565,2
149466,4.71704,49.76565,2
149467,4.71735,49.76551,2
149468,4.71735,49.76551,2
149469,4.71735,49.76551,2
149470,4.71735,49.76551,2
149471,4.71749,49.76558,2
149472,4.71759,49.76557,2
149473,4.71779,49.76556,2
149474,4.71769,49.76557,2
149475,4.71779,49.76556,2
149476,4.71779,49.76556,2
149477,4.71789,49.76555,2
149478,4.71789,49.76555,2
149479,4.71789,49.76555,2
149480,4.71789,49.76555,2
149481,4.71789,49.76555,2
149482,4.71799,49.76554,2
149483,4.71809,49.76554,2
149484,4.71809,49.76554,2
149485,4.71823,49.76553,2
149486,4.71823,49.76553,2
149487,4.71823,49.76553,2
149488,4.71823,49.76553,2
149489,4.71823,49.76553,2
149490,4.7184,49.76553,2
149491,4.7184,49.76553,2
149492,4.7184,49.76553,2
149493,4.71944,49.7655,2
149494,4.71944,49.7655,2
149495,4.71438,49.76738,2
149496,4.71964,49.7655,2
149497,4.71964,49.7655,2
149498,4.71964,49.7655,2
149499,4.71964,49.7655,2
149500,4.71964,49.7655,2
149501,4.71964,49.7655,2
149502,4.71945,49.76562,2
149503,4.71964,49.7655,2
149504,4.71964,49.7655,2
149505,4.71964,49.7655,2
149506,4.71964,49.7655,2
149507,4.71986,49.76548,2
149508,4.72009,49.76547,2
149509,4.72009,49.76547,2
149510,4.72032,49.76545,2
149511,4.72009,49.76547,2
149512,4.72032,49.76545,2
149513,4.72032,49.76545,2
149514,4.72032,49.76545,2
149515,4.72032,49.76545,2
149516,4.72101,49.76541,2
149517,4.72101,49.76541,2
149518,4.72169,49.76537,2
149519,4.72147,49.76538,2
149520,4.72192,49.76536,2
149521,4.72238,49.76533,2
149522,4.72261,49.76531,2
149523,4.72261,49.76531,2
149524,4.72261,49.76531,2
149525,4.72287,49.7653,2
149526,4.6978,49.77455,2
149527,4.72287,49.7653,2
149528,4.72261,49.76531,2
149529,4.72287,49.7653,2
149530,4.69825,49.77442,2
149531,4.721,49.76553,2
149532,4.69825,49.77442,2
149533,4.69825,49.77442,2
149534,4.69825,49.77442,2
149535,4.69825,49.77442,2
149536,4.69825,49.77442,2
149537,4.69825,49.77442,2
149538,4.69825,49.77442,2
149539,4.69825,49.77442,2
149540,4.69825,49.77442,2
149541,4.69825,49.77442,2
149542,4.72114,49.76552,2
149543,4.72267,49.76543,2
149544,4.72253,49.76544,2
149545,4.72225,49.76545,2
149546,4.72211,49.76546,2
149547,4.72128,49.76551,2
149548,4.721,49.76553,2
149549,4.721,49.76553,2
149550,4.72086,49.76554,2
149551,4.72086,49.76554,2
149552,4.71975,49.76561,2
149553,4.71824,49.76564,2
149554,4.7194,49.764,2
149555,4.71927,49.76562,2
149556,4.71927,49.76562,2
149557,4.71927,49.76562,2
149558,4.7194,49.764,2
149559,4.71945,49.76562,2
149560,4.7194,49.764,2
149561,4.71962,49.76564,2
149562,4.71962,49.76569,2
149563,4.71962,49.76569,2
149564,4.71962,49.76574,2
149565,4.71962,49.76574,2
149566,4.72183,49.76548,2
149567,4.72128,49.76551,2
149568,4.71893,49.76563,2
149569,4.71841,49.76564,2
149570,4.71617,49.76603,2
149571,4.6998,49.773705,2
149572,4.71398,49.76789,2
149573,4.71414,49.768,2
149574,4.71436,49.76725,2
149575,4.71413,49.76809,2
149576,4.71472,49.76635,2
149577,4.71704,49.76565,2
149578,4.71557,49.76609,2
149579,4.71944,49.7655,2
149580,4.71779,49.76556,2
149581,4.71789,49.76555,2
149582,4.71858,49.76552,2
149583,4.71809,49.76554,2
149584,4.71944,49.7655,2
149585,4.7184,49.76553,2
149586,4.71927,49.76551,2
149587,4.71944,49.7655,2
149588,4.71964,49.7655,2
149589,4.72169,49.76537,2
149590,4.72009,49.76547,2
149591,4.72009,49.76547,2
149592,4.69825,49.77442,2
149593,4.72009,49.76547,2
149594,4.69825,49.77442,2
149595,4.72124,49.7654,2
149596,4.72261,49.76531,2
149597,4.72287,49.7653,2
149598,4.69825,49.77442,2
149599,4.71035,49.7685,2
149600,4.71035,49.7685,2
149601,4.71035,49.7685,2
149602,4.71638,49.76597,2
149603,4.7231,49.7654,2
149604,4.72286,49.76542,2
149605,4.69825,49.77442,2
149606,4.72286,49.76542,2
149607,4.72286,49.76542,2
149608,4.72286,49.76542,2
149609,4.72267,49.76543,2
149610,4.72267,49.76543,2
149611,4.72267,49.76543,2
149612,4.72267,49.76543,2
149613,4.72267,49.76543,2
149614,4.72253,49.76544,2
149615,4.72253,49.76544,2
149616,4.72253,49.76544,2
149617,4.72253,49.76544,2
149618,4.72253,49.76544,2
149619,4.72253,49.76544,2
149620,4.72239,49.76544,2
149621,4.72239,49.76544,2
149622,4.72225,49.76545,2
149623,4.72225,49.76545,2
149624,4.72225,49.76545,2
149625,4.72211,49.76546,2
149626,4.72211,49.76546,2
149627,4.72211,49.76546,2
149628,4.72239,49.76544,2
149629,4.72183,49.76548,2
149630,4.72156,49.7655,2
149631,4.72156,49.7655,2
149632,4.72156,49.7655,2
149633,4.72156,49.7655,2
149634,4.72142,49.7655,2
149635,4.72114,49.76552,2
149636,4.72114,49.76552,2
149637,4.72128,49.76551,2
149638,4.72128,49.76551,2
149639,4.721,49.76553,2
149640,4.721,49.76553,2
149641,4.72086,49.76554,2
149642,4.71975,49.76561,2
149643,4.71927,49.76562,2
149644,4.71945,49.76562,2
149645,4.71945,49.76562,2
149646,4.71945,49.76562,2
149647,4.71945,49.76562,2
149648,4.71945,49.76562,2
149649,4.71945,49.76562,2
149650,4.71945,49.76562,2
149651,4.71945,49.76562,2
149652,4.71945,49.76562,2
149653,4.71945,49.76562,2
149654,4.71927,49.76562,2
149655,4.71927,49.76562,2
149656,4.71927,49.76562,2
149657,4.71944,49.7656,2
149658,4.71944,49.76569,2
149659,4.71944,49.76577,2
149660,4.71944,49.76577,2
149661,4.7194,49.764,2
149662,4.7194,49.764,2
149663,4.71557,49.76609,2
149664,4.7194,49.764,2
149665,4.71962,49.76564,2
149666,4.71962,49.76564,2
149667,4.71962,49.76564,2
149668,4.71962,49.76564,2
149669,4.71962,49.76564,2
149670,4.71962,49.76569,2
149671,4.71962,49.76569,2
149672,4.71962,49.76569,2
149673,4.73186,49.76167,2
149674,4.73165,49.76171,2
149675,4.73151,49.76177,2
149676,4.73137,49.76189,2
149677,4.73123,49.76201,2
149678,4.73109,49.76213,2
149679,4.7335,49.76168,2
149680,4.7335,49.76168,2
149681,4.7335,49.76168,2
149682,4.7335,49.76168,2
149683,4.7335,49.76168,2
149684,4.7335,49.76168,2
149685,4.7335,49.76168,2
149686,4.7335,49.76168,2
149687,4.7335,49.76168,2
149688,4.7335,49.76168,2
149689,4.7335,49.76168,2
149690,4.7335,49.76168,2
149691,4.7335,49.76168,2
149692,4.7335,49.76168,2
149693,4.7335,49.76168,2
149694,4.7335,49.76168,2
149695,4.7335,49.76168,2
149696,4.7335,49.76168,2
149697,4.7335,49.76168,2
149698,4.7335,49.76168,2
149699,4.7335,49.76168,2
149700,4.73257,49.75947,2
149701,4.73349,49.75887,2
149702,4.73369,49.75891,2
149703,4.73389,49.75895,2
149704,4.7341,49.75899,2
149705,4.73402,49.75983,2
149706,4.73491,49.75918,2
149707,4.73398,49.7598,2
149708,4.73455,49.75958,2
149709,4.73426,49.75978,2
149710,4.73397,49.75998,2
149711,4.73367,49.76017,2
149712,4.73319,49.7603,2
149713,4.73304,49.76039,2
149714,4.7329,49.76047,2
149715,4.73033,49.7587,2
149716,4.73334,49.76026,2
149717,4.73334,49.76026,2
149718,4.73276,49.76055,2
149719,4.73402,49.75983,2
149720,4.73402,49.75983,2
149721,4.73276,49.76055,2
149722,4.73402,49.75983,2
149723,4.73262,49.76064,2
149724,4.73262,49.76064,2
149725,4.73243,49.76065,2
149726,4.73224,49.76066,2
149727,4.73205,49.76066,2
149728,4.73186,49.76067,2
149729,4.73148,49.76068,2
149730,4.73129,49.76068,2
149731,4.7311,49.76069,2
149732,4.7311,49.76069,2
149733,4.73091,49.76069,2
149734,4.73117,49.75969,2
149735,4.73141,49.75936,2
149736,4.73211,49.75936,2
149737,4.73234,49.75936,2
149738,4.73234,49.75936,2
149739,4.73257,49.75936,2
149740,4.73281,49.75936,2
149741,4.73304,49.75936,2
149742,4.73341,49.75934,2
149743,4.73281,49.75947,2
149744,4.73327,49.75946,2
149745,4.73304,49.75947,2
149746,4.73348,49.75945,2
149747,4.73389,49.75942,2
149748,4.7341,49.7594,2
149749,4.73431,49.75939,2
149750,4.73449,49.75945,2
149751,4.73445,49.7593,2
149752,4.73518,49.75955,2
149753,4.73615,49.75973,2
149754,4.73491,49.75956,2
149755,4.73608,49.75985,2
149756,4.73672,49.75989,2
149757,4.73737,49.75993,2
149758,4.73333,49.76014,2
149759,4.73301,49.76007,2
149760,4.73269,49.76001,2
149761,4.73244,49.75995,2
149762,4.73224,49.7599,2
149763,4.73204,49.75986,2
149764,4.73183,49.75982,2
149765,4.73163,49.75978,2
149766,4.73142,49.75974,2
149767,4.73334,49.76026,2
149768,4.73964,49.76022,2
149769,4.73334,49.76026,2
149770,4.73314,49.76022,2
149771,4.73276,49.76014,2
149772,4.73237,49.76006,2
149773,4.73218,49.76001,2
149774,4.73197,49.75997,2
149775,4.73117,49.75981,2
149776,4.73098,49.75977,2
149777,4.7291,49.75935,2
149778,4.73079,49.75973,2
149779,4.73061,49.75969,2
149780,4.73042,49.75964,2
149781,4.73023,49.7596,2
149782,4.73004,49.75956,2
149783,4.72929,49.75939,2
149784,4.7291,49.75935,2
149785,4.72891,49.75931,2
149786,4.72872,49.75927,2
149787,4.73964,49.76022,2
149788,4.73964,49.76022,2
149789,4.72872,49.75927,2
149790,4.73964,49.76022,2
149791,4.73964,49.76022,2
149792,4.73964,49.76022,2
149793,4.72913,49.75923,2
149794,4.73964,49.76022,2
149795,4.72913,49.75923,2
149796,4.73964,49.76022,2
149797,4.73964,49.76022,2
149798,4.72971,49.75936,2
149799,4.73964,49.76022,2
149800,4.73964,49.76022,2
149801,4.72871,49.75933,2
149802,4.73964,49.76022,2
149803,4.72857,49.75956,2
149804,4.73964,49.76022,2
149805,4.73964,49.76022,2
149806,4.7283,49.75974,2
149807,4.73964,49.76022,2
149808,4.73964,49.76022,2
149809,4.72805,49.75994,2
149810,4.73964,49.76022,2
149811,4.7335,49.76168,2
149812,4.72805,49.76002,2
149813,4.73964,49.76022,2
149814,4.73964,49.76022,2
149815,4.7283,49.7601,2
149816,4.73964,49.76022,2
149817,4.73964,49.76022,2
149818,4.72856,49.76018,2
149819,4.73964,49.76022,2
149820,4.73964,49.76022,2
149821,4.72882,49.76027,2
149822,4.73964,49.76022,2
149823,4.73964,49.76022,2
149824,4.72907,49.76035,2
149825,4.73964,49.76022,2
149826,4.73964,49.76022,2
149827,4.72933,49.76043,2
149828,4.73964,49.76022,2
149829,4.73964,49.76022,2
149830,4.72958,49.76052,2
149831,4.73964,49.76022,2
149832,4.73964,49.76022,2
149833,4.72985,49.76058,2
149834,4.73964,49.76022,2
149835,4.73964,49.76022,2
149836,4.73013,49.76061,2
149837,4.73964,49.76022,2
149838,4.73964,49.76022,2
149839,4.73041,49.76065,2
149840,4.73964,49.76022,2
149841,4.73964,49.76022,2
149842,4.7307,49.76068,2
149843,4.73964,49.76022,2
149844,4.73964,49.76022,2
149845,4.73964,49.76022,2
149846,4.7307,49.76068,2
149847,4.73964,49.76022,2
149848,4.7307,49.76068,2
149849,4.73203,49.76082,2
149850,4.7291,49.75757,2
149851,4.72927,49.7574,2
149852,4.72945,49.75723,2
149853,4.7296,49.75729,2
149854,4.72942,49.75746,2
149855,4.72925,49.75763,2
149856,4.728883,49.758806,2
149857,4.72891,49.75894,2
149858,4.72891,49.75894,2
149859,4.72907,49.75888,2
149860,4.72907,49.75888,2
149861,4.72925,49.75886,2
149862,4.72925,49.75886,2
149863,4.730876,49.75874,2
149864,4.730904,49.75873,2
149865,4.731554,49.75869,2
149866,4.73324,49.76101,2
149867,4.73324,49.76101,2
149868,4.731554,49.75869,2
149869,4.731554,49.75869,2
149870,4.73033,49.7587,2
149871,4.72913,49.75923,2
149872,4.73033,49.7587,2
149873,4.73324,49.76101,2
149874,4.731554,49.75869,2
149875,4.73051,49.75869,2
149876,4.73051,49.75869,2
149877,4.73363,49.75866,2
149878,4.73051,49.75869,2
149879,4.73051,49.75869,2
149880,4.73051,49.75869,2
149881,4.7307,49.75867,2
149882,4.73088,49.75866,2
149883,4.73727,49.76117,2
149884,4.73106,49.75864,2
149885,4.73125,49.75863,2
149886,4.73143,49.75861,2
149887,4.73161,49.75859,2
149888,4.7318,49.75858,2
149889,4.73268,49.758767,2
149890,4.73234,49.75863,2
149891,4.73252,49.75865,2
149892,4.73271,49.75867,2
149893,4.73307,49.75871,2
149894,4.73289,49.75869,2
149895,4.73441,49.75799,2
149896,4.73325,49.75873,2
149897,4.73359,49.75877,2
149898,4.73389,49.75883,2
149899,4.7342,49.75888,2
149900,4.7345,49.75894,2
149901,4.73493,49.75898,2
149902,4.731554,49.75869,2
149903,4.731554,49.75869,2
149904,4.73091,49.75877,2
149905,4.73128,49.75874,2
149906,4.73128,49.75874,2
149907,4.73128,49.75874,2
149908,4.73128,49.75874,2
149909,4.73165,49.75871,2
149910,4.73165,49.75871,2
149911,4.73202,49.75871,2
149912,4.73268,49.758767,2
149913,4.73276,49.75879,2
149914,4.73313,49.75884,2
149915,4.73333,49.75912,2
149916,4.73359,49.75802,2
149917,4.73372,49.75799,2
149918,4.73333,49.75788,2
149919,4.73392,49.75805,2
149920,4.73353,49.75794,2
149921,4.73395,49.75797,2
149922,4.73391,49.75785,2
149923,4.73387,49.75773,2
149924,4.73405,49.75753,2
149925,4.73439,49.7574,2
149926,4.73467,49.75758,2
149927,4.7348,49.75782,2
149928,4.73425,49.75759,2
149929,4.73405,49.75773,2
149930,4.73412,49.75791,2
149931,4.73461,49.75778,2
149932,4.73459,49.75803,2
149933,4.73425,49.75806,2
149934,4.73392,49.75832,2
149935,4.73473,49.75812,2
149936,4.73494,49.75815,2
149937,4.73487,49.75801,2
149938,4.73097,49.76204,2
149939,4.73116,49.76188,2
149940,4.73135,49.76172,2
149941,4.73163,49.76159,2
149942,4.73192,49.76154,2
149943,4.73221,49.76152,2
149944,4.73033,49.7587,2
149945,4.73251,49.76154,2
149946,4.73282,49.76156,2
149947,4.73312,49.76159,2
149948,4.73342,49.76161,2
149949,4.73372,49.76163,2
149950,4.73402,49.76166,2
149951,4.73431,49.7617,2
149952,4.73461,49.76174,2
149953,4.73491,49.76178,2
149954,4.73521,49.76178,2
149955,4.7355,49.76175,2
149956,4.7358,49.76172,2
149957,4.7358,49.76165,2
149958,4.73562,49.76139,2
149959,4.73203,49.76082,2
149960,4.73444,49.76105,2
149961,4.73661,49.76117,2
149962,4.73595,49.76117,2
149963,4.73324,49.76101,2
149964,4.73595,49.76117,2
149965,4.73324,49.76101,2
149966,4.73324,49.76101,2
149967,4.73324,49.76101,2
149968,4.73324,49.76101,2
149969,4.73324,49.76101,2
149970,4.73324,49.76101,2
149971,4.73324,49.76101,2
149972,4.74056,49.76102,2
149973,4.73324,49.76101,2
149974,4.73925,49.76109,2
149975,4.73793,49.76117,2
149976,4.73727,49.76117,2
149977,4.73609,49.76172,2
149978,4.7363,49.76174,2
149979,4.73652,49.76177,2
149980,4.73673,49.76179,2
149981,4.73695,49.76182,2
149982,4.73716,49.76184,2
149983,4.7373,49.76194,2
149984,4.73739,49.76206,2
149985,4.73722,49.7621,2
149986,4.73711,49.76195,2
149987,4.73685,49.76192,2
149988,4.7366,49.76189,2
149989,4.73634,49.76186,2
149990,4.73608,49.76183,2
149991,4.73587,49.76183,2
149992,4.73565,49.76185,2
149993,4.73542,49.76187,2
149994,4.7352,49.76189,2
149995,4.73497,49.7619,2
149996,4.73475,49.76188,2
149997,4.73453,49.76185,2
149998,4.73431,49.76182,2
149999,4.73409,49.76179,2
150000,4.73334,49.76026,2
150001,4.73387,49.76176,2
150002,4.73364,49.76174,2
150003,4.73342,49.76173,2
150004,4.7332,49.76171,2
150005,4.73297,49.76169,2
150006,4.73275,49.76167,2
150007,4.73252,49.76166,2
150008,4.7323,49.76164,2
150009,4.73208,49.76162,2
150010,4.378034,49.671549,2
150011,4.376655,49.669605,2
150012,4.37653,49.66849,2
150013,4.37653,49.66849,2
150014,4.377453,49.670885,2
150015,4.36823,49.684,2
150016,4.358609,49.667617,2
150017,4.35629,49.67664,2
150018,4.38198,49.67672,2
150019,4.376419,49.669258,2
150020,4.376953,49.670139,2
150021,4.377691,49.671276,2
150022,4.37934,49.66846,2
150023,4.375116,49.663306,2
150024,4.38215,49.65917,2
150025,4.36615,49.66625,2
150026,4.36615,49.66625,2
150027,4.36615,49.66625,2
150028,4.37856,49.67277,2
150029,4.36615,49.66625,2
150030,4.36615,49.66625,2
150031,4.36615,49.66625,2
150032,4.36615,49.66625,2
150033,4.36615,49.66625,2
150034,4.358609,49.667617,2
150035,4.35785,49.65886,2
150036,4.35629,49.67664,2
150037,4.36615,49.66625,2
150038,4.35629,49.67664,2
150039,4.35629,49.67664,2
150040,4.35629,49.67664,2
150041,4.35629,49.67664,2
150042,4.35629,49.67664,2
150043,4.35629,49.67664,2
150044,4.35629,49.67664,2
150045,4.35629,49.67664,2
150046,4.35629,49.67664,2
150047,4.36823,49.684,2
150048,4.36823,49.684,2
150049,4.35629,49.67664,2
150050,4.36823,49.684,2
150051,4.35629,49.67664,2
150052,4.35244,49.68377,2
150053,4.36823,49.684,2
150054,4.36823,49.684,2
150055,4.37856,49.67277,2
150056,4.36823,49.684,2
150057,4.37182,49.68375,2
150058,4.37182,49.68375,2
150059,4.37182,49.68375,2
150060,4.37182,49.68375,2
150061,4.37541,49.67697,2
150062,4.37182,49.68375,2
150063,4.37541,49.67697,2
150064,4.379099,49.673948,2
150065,4.379099,49.673957,2
150066,4.38198,49.67672,2
150067,4.38198,49.67672,2
150068,4.382223,49.676949,2
150069,4.38198,49.67672,2
150070,4.37856,49.67277,2
150071,4.37856,49.67277,2
150072,4.375221,49.66697,2
150073,4.375221,49.66697,2
150074,4.375221,49.66697,2
150075,4.37856,49.67277,2
150076,4.375462,49.66746,2
150077,4.37579,49.668056,2
150078,4.375841,49.668298,2
150079,4.37856,49.67277,2
150080,4.376048,49.668618,2
150081,4.376048,49.668618,2
150082,4.376772,49.669774,2
150083,4.37696,49.67,2
150084,4.37696,49.67,2
150085,4.376048,49.668627,2
150086,4.376434,49.669267,2
150087,4.376434,49.669267,2
150088,4.376434,49.669267,2
150089,4.37856,49.67277,2
150090,4.376434,49.669267,2
150091,4.376434,49.669267,2
150092,4.37856,49.67277,2
150093,4.376434,49.669267,2
150094,4.376669,49.669614,2
150095,4.376434,49.669267,2
150096,4.376772,49.669765,2
150097,4.37729,49.6706,2
150098,4.37729,49.6706,2
150099,4.37729,49.6706,2
150100,4.37729,49.6706,2
150101,4.378139,49.672095,2
150102,4.378139,49.672095,2
150103,4.378486,49.672808,2
150104,4.378486,49.672808,2
150105,4.378139,49.672104,2
150106,4.378139,49.672104,2
150107,4.377691,49.671276,2
150108,4.377691,49.671276,2
150109,4.377691,49.671276,2
150110,4.377691,49.671276,2
150111,4.377691,49.671276,2
150112,4.37729,49.6706,2
150113,4.37729,49.670609,2
150114,4.37729,49.670609,2
150115,4.37729,49.670609,2
150116,4.376655,49.669605,2
150117,4.376434,49.669267,2
150118,4.376434,49.669267,2
150119,4.376434,49.669267,2
150120,4.376434,49.669267,2
150121,4.376302,49.669081,2
150122,4.37718,49.66922,2
150123,4.37718,49.66922,2
150124,4.37934,49.66846,2
150125,4.37934,49.66846,2
150126,4.37934,49.66846,2
150127,4.379379,49.66849,2
150128,4.402842,49.677093,2
150129,4.37856,49.67277,2
150130,4.37856,49.67277,2
150131,4.377534,49.669087,2
150132,4.37729,49.670609,2
150133,4.37653,49.66849,2
150134,4.37856,49.67277,2
150135,4.376849,49.668568,2
150136,4.376874,49.668864,2
150137,4.38215,49.65917,2
150138,4.374272,49.664695,2
150139,4.374272,49.664695,2
150140,4.37408,49.663701,2
150141,4.374079,49.663692,2
150142,4.37583,49.663177,2
150143,4.37856,49.67277,2
150144,4.378053,49.669258,2
150145,4.38215,49.65917,2
150146,4.38215,49.65917,2
150147,4.38215,49.65917,2
150148,4.38215,49.65917,2
150149,4.38215,49.65917,2
150150,4.38215,49.65917,2
150151,4.37679,49.66885,2
150152,4.62694,49.89059,2
150153,4.62696,49.8907,2
150154,4.62692,49.89087,2
150155,4.627,49.89093,2
150156,4.62713,49.89099,2
150157,4.62729,49.89104,2
150158,4.62745,49.8911,2
150159,4.62692,49.89087,2
150160,4.6261,49.89321,2
150161,4.62692,49.89087,2
150162,4.62891,49.89051,2
150163,4.62891,49.89051,2
150164,4.62891,49.89051,2
150165,4.62891,49.89051,2
150166,4.62891,49.89051,2
150167,4.62891,49.89051,2
150168,4.62891,49.89051,2
150169,4.62884,49.89054,2
150170,4.62891,49.89051,2
150171,4.62899,49.89047,2
150172,4.6261,49.89321,2
150173,4.62891,49.89051,2
150174,4.62891,49.89051,2
150175,4.62846,49.8901,2
150176,4.6284,49.88977,2
150177,4.62797,49.8896,2
150178,4.62891,49.89051,2
150179,4.62717,49.8892,2
150180,4.62717,49.8892,2
150181,4.62792,49.88934,2
150182,4.62814,49.8892,2
150183,4.62792,49.88934,2
150184,4.62818,49.88925,2
150185,4.62814,49.8892,2
150186,4.62814,49.8892,2
150187,4.62814,49.8892,2
150188,4.62844,49.88915,2
150189,4.62814,49.8892,2
150190,4.62814,49.8892,2
150191,4.62814,49.8892,2
150192,4.62814,49.8892,2
150193,4.62928,49.88889,2
150194,4.62814,49.8892,2
150195,4.62814,49.8892,2
150196,4.62814,49.8892,2
150197,4.62818,49.88925,2
150198,4.62814,49.8892,2
150199,4.62809,49.88915,2
150200,4.6258,49.89117,2
150201,4.6258,49.89117,2
150202,4.63514,49.88596,2
150203,4.6258,49.89117,2
150204,4.62835,49.88872,2
150205,4.62835,49.88872,2
150206,4.62835,49.88872,2
150207,4.62835,49.88872,2
150208,4.63157,49.88903,2
150209,4.62835,49.88872,2
150210,4.62835,49.88872,2
150211,4.6293,49.88841,2
150212,4.62842,49.88905,2
150213,4.62835,49.88872,2
150214,4.62649,49.88858,2
150215,4.62669,49.88855,2
150216,4.62662,49.88844,2
150217,4.62664,49.88856,2
150218,4.62654,49.8886,2
150219,4.6268,49.8889,2
150220,4.62674,49.88855,2
150221,4.62683,49.88853,2
150222,4.62677,49.88866,2
150223,4.62649,49.89032,2
150224,4.62683,49.88914,2
150225,4.62676,49.88912,2
150226,4.62717,49.8892,2
150227,4.6258,49.89117,2
150228,4.62665,49.88904,2
150229,4.62665,49.88904,2
150230,4.62112,49.88938,2
150231,4.62665,49.88904,2
150232,4.6258,49.89117,2
150233,4.6258,49.89117,2
150234,4.6258,49.89117,2
150235,4.6258,49.89117,2
150236,4.62615,49.89088,2
150237,4.62623,49.89074,2
150238,4.62665,49.88904,2
150239,4.62665,49.88904,2
150240,4.6264,49.89046,2
150241,4.62632,49.8906,2
150242,4.62659,49.88857,2
150243,4.62654,49.88874,2
150244,4.6258,49.88867,2
150245,4.62626,49.88885,2
150246,4.62639,49.88886,2
150247,4.62602,49.8888,2
150248,4.62567,49.88871,2
150249,4.62555,49.88868,2
150250,4.62543,49.88865,2
150251,4.62531,49.88862,2
150252,4.62531,49.88862,2
150253,4.6258,49.88867,2
150254,4.6258,49.88867,2
150255,4.6258,49.88867,2
150256,4.6258,49.88867,2
150257,4.62455,49.88863,2
150258,4.62427,49.88869,2
150259,4.62441,49.88866,2
150260,4.62414,49.88873,2
150261,4.59072,49.87874,2
150262,4.59072,49.87874,2
150263,4.59072,49.87874,2
150264,4.59072,49.87874,2
150265,4.59159,49.88046,2
150266,4.59072,49.87874,2
150267,4.59089,49.87917,2
150268,4.59122,49.87998,2
150269,4.59037,49.87865,2
150270,4.58963,49.87636,2
150271,4.59072,49.87874,2
150272,4.59003,49.87833,2
150273,4.5899,49.87841,2
150274,4.59072,49.87874,2
150275,4.59072,49.87874,2
150276,4.59072,49.87874,2
150277,4.58981,49.87788,2
150278,4.58985,49.87727,2
150279,4.58958,49.87606,2
150280,4.587598,49.8801,2
150281,4.590008,49.879597,2
150282,4.6258,49.89117,2
150283,4.59002,49.8771,2
150284,4.62669,49.88855,2
150285,4.58906,49.87815,2
150286,4.59072,49.87874,2
150287,4.58963,49.87636,2
150288,4.58959,49.8782,2
150289,4.58979,49.87697,2
150290,4.62891,49.89051,2
150291,4.59072,49.87874,2
150292,4.587827,49.879009,2
150293,4.58901,49.87795,2
150294,4.58983,49.87758,2
150295,4.588128,49.877952,2
150296,4.58999,49.87838,2
150297,4.59072,49.87874,2
150298,4.58942,49.87824,2
150299,4.59072,49.87874,2
150300,4.59072,49.87874,2
150301,4.59072,49.87874,2
150302,4.58977,49.87819,2
150303,4.59007,49.88647,2
150304,4.59072,49.87874,2
150305,4.58979,49.87697,2
150306,4.58969,49.87667,2
150307,4.58958,49.87606,2
150308,4.59072,49.87874,2
150309,4.59072,49.87874,2
150310,4.59072,49.87874,2
150311,4.58772,49.877529,2
150312,4.58783,49.879081,2
150313,4.58772,49.877529,2
150314,4.587831,49.879098,2
150315,4.589648,49.878373,2
150316,4.62835,49.88872,2
150317,4.62814,49.8892,2
150318,4.59072,49.87874,2
150319,4.62126,49.88934,2
150320,4.62126,49.88934,2
150321,4.62126,49.88934,2
150322,4.62126,49.88934,2
150323,4.63056,49.889267,2
150324,4.62602,49.8888,2
150325,4.58936,49.87827,2
150326,4.62688,49.88883,2
150327,4.62614,49.88882,2
150328,4.6259,49.88877,2
150329,4.62694,49.89059,2
150330,4.62717,49.8892,2
150331,4.6259,49.89093,2
150332,4.6258,49.89117,2
150333,4.6258,49.89117,2
150334,4.62698,49.89082,2
150335,4.638654,49.890848,2
150336,4.6258,49.89117,2
150337,4.6258,49.89117,2
150338,4.6258,49.89117,2
150339,4.62674,49.88855,2
150340,4.6258,49.89117,2
150341,4.6258,49.89117,2
150342,4.58999,49.87838,2
150343,4.58999,49.87838,2
150344,4.62717,49.8892,2
150345,4.6261,49.89321,2
150346,4.62674,49.88855,2
150347,4.590118,49.879568,2
150348,4.6258,49.89117,2
150349,4.6258,49.89117,2
150350,4.6258,49.89117,2
150351,4.6258,49.89117,2
150352,4.6258,49.89117,2
150353,4.6258,49.89117,2
150354,4.6258,49.89117,2
150355,4.6258,49.89117,2
150356,4.6258,49.89117,2
150357,4.6258,49.89117,2
150358,4.6258,49.89117,2
150359,4.6258,49.89117,2
150360,4.6258,49.89117,2
150361,4.6258,49.89117,2
150362,4.6258,49.89117,2
150363,4.6258,49.89117,2
150364,4.6258,49.89117,2
150365,4.6258,49.89117,2
150366,4.6258,49.89117,2
150367,4.59072,49.87874,2
150368,4.6258,49.89117,2
150369,4.6258,49.89117,2
150370,4.6258,49.89117,2
150371,4.6258,49.89117,2
150372,4.62561,49.89352,2
150373,4.6258,49.89117,2
150374,4.62588,49.89119,2
150375,4.62561,49.89352,2
150376,4.62588,49.89119,2
150377,4.62605,49.891,2
150378,4.62543,49.89354,2
150379,4.62605,49.891,2
150380,4.6258,49.89117,2
150381,4.6259,49.89093,2
150382,4.587666,49.879766,2
150383,4.62605,49.89073,2
150384,4.62626,49.89038,2
150385,4.6258,49.89117,2
150386,4.6258,49.89117,2
150387,4.6258,49.89117,2
150388,4.6258,49.89117,2
150389,4.6258,49.89117,2
150390,4.62655,49.89068,2
150391,4.62658,49.89061,2
150392,4.62661,49.89054,2
150393,4.6258,49.89117,2
150394,4.62669,49.89033,2
150395,4.6258,49.89117,2
150396,4.62667,49.8904,2
150397,4.6258,49.89117,2
150398,4.62664,49.89047,2
150399,4.62676,49.8906,2
150400,4.6266,49.88991,2
150401,4.6266,49.88991,2
150402,4.62658,49.89061,2
150403,4.62651,49.8893,2
150404,4.62672,49.88979,2
150405,4.62682,49.88995,2
150406,4.62689,49.89019,2
150407,4.62689,49.89036,2
150408,4.62414,49.88873,2
150409,4.62691,49.89047,2
150410,4.73567,49.81869,2
150411,4.73837,49.81716,2
150412,4.73837,49.81716,2
150413,4.74017,49.81711,2
150414,4.74067,49.81816,2
150415,4.73726,49.8175,2
150416,4.73726,49.8175,2
150417,4.73726,49.8175,2
150418,4.73726,49.8175,2
150419,4.73726,49.8175,2
150420,4.73803,49.81737,2
150421,4.73726,49.8175,2
150422,4.73102,49.8189,2
150423,4.73057,49.819,2
150424,4.73034,49.81905,2
150425,4.73011,49.81911,2
150426,4.72989,49.81916,2
150427,4.72966,49.81921,2
150428,4.72943,49.81926,2
150429,4.74046,49.81688,2
150430,4.74012,49.81663,2
150431,4.7405,49.81705,2
150432,4.74043,49.81672,2
150433,4.74054,49.81721,2
150434,4.74049,49.81736,2
150435,4.73942,49.81765,2
150436,4.73942,49.81765,2
150437,4.73897,49.81712,2
150438,4.73895,49.81701,2
150439,4.7391,49.81709,2
150440,4.7391,49.81709,2
150441,4.7391,49.81709,2
150442,4.73897,49.81712,2
150443,4.73885,49.81716,2
150444,4.73885,49.81716,2
150445,4.73872,49.81719,2
150446,4.73872,49.81719,2
150447,4.73872,49.81719,2
150448,4.7386,49.81722,2
150449,4.73848,49.81725,2
150450,4.73926,49.81705,2
150451,4.73866,49.81708,2
150452,4.73866,49.81708,2
150453,4.73866,49.81708,2
150454,4.73866,49.81708,2
150455,4.73837,49.81716,2
150456,4.73835,49.81728,2
150457,4.73712,49.81718,2
150458,4.73814,49.81722,2
150459,4.73912,49.81741,2
150460,4.73824,49.81731,2
150461,4.73921,49.81739,2
150462,4.73921,49.81714,2
150463,4.73813,49.81734,2
150464,4.73803,49.81737,2
150465,4.73793,49.81739,2
150466,4.73782,49.81742,2
150467,4.73795,49.81726,2
150468,4.73751,49.8175,2
150469,4.7373,49.81755,2
150470,4.73719,49.81758,2
150471,4.73777,49.81731,2
150472,4.73709,49.8176,2
150473,4.73709,49.8176,2
150474,4.73759,49.81735,2
150475,4.73741,49.8174,2
150476,4.73723,49.81744,2
150477,4.73698,49.81763,2
150478,4.73698,49.81763,2
150479,4.73688,49.81766,2
150480,4.73705,49.81749,2
150481,4.73705,49.81749,2
150482,4.73705,49.81749,2
150483,4.73705,49.81749,2
150484,4.73705,49.81749,2
150485,4.73687,49.81753,2
150486,4.73651,49.81763,2
150487,4.73677,49.81768,2
150488,4.73667,49.81771,2
150489,4.73651,49.81763,2
150490,4.7411,49.81907,2
150491,4.73651,49.81763,2
150492,4.73656,49.81774,2
150493,4.73837,49.81716,2
150494,4.73646,49.81776,2
150495,4.73633,49.81767,2
150496,4.73633,49.81767,2
150497,4.73633,49.81767,2
150498,4.73635,49.81779,2
150499,4.7362,49.81783,2
150500,4.73598,49.81788,2
150501,4.73587,49.81778,2
150502,4.73608,49.81766,2
150503,4.73593,49.81763,2
150504,4.73579,49.81761,2
150505,4.73565,49.81758,2
150506,4.73536,49.81754,2
150507,4.73508,49.81749,2
150508,4.73284,49.8174,2
150509,4.73267,49.81735,2
150510,4.73112,49.8156,2
150511,4.73258,49.81733,2
150512,4.73249,49.81731,2
150513,4.73241,49.81728,2
150514,4.73385,49.81747,2
150515,4.73232,49.81726,2
150516,4.73348,49.81745,2
150517,4.73311,49.81743,2
150518,4.73164,49.81659,2
150519,4.73206,49.81719,2
150520,4.73206,49.81719,2
150521,4.73215,49.81722,2
150522,4.73288,49.81741,2
150523,4.73206,49.81719,2
150524,4.73192,49.8169,2
150525,4.73181,49.81701,2
150526,4.73311,49.81743,2
150527,4.73192,49.8169,2
150528,4.73206,49.81719,2
150529,4.73162,49.8168,2
150530,4.73164,49.81659,2
150531,4.73422,49.81749,2
150532,4.73454,49.81751,2
150533,4.73464,49.81767,2
150534,4.73474,49.81784,2
150535,4.73483,49.81801,2
150536,4.73513,49.81796,2
150537,4.73514,49.81808,2
150538,4.73577,49.81793,2
150539,4.73535,49.81803,2
150540,4.73494,49.81814,2
150541,4.73726,49.8175,2
150542,4.73471,49.81819,2
150543,4.73466,49.81808,2
150544,4.73447,49.81825,2
150545,4.73424,49.8183,2
150546,4.734,49.81835,2
150547,4.73376,49.81841,2
150548,4.73443,49.81813,2
150549,4.7342,49.81818,2
150550,4.73352,49.81846,2
150551,4.73352,49.81846,2
150552,4.73329,49.81851,2
150553,4.73305,49.81857,2
150554,4.73281,49.81862,2
150555,4.73397,49.81824,2
150556,4.73329,49.81839,2
150557,4.73375,49.81829,2
150558,4.73307,49.81844,2
150559,4.73284,49.81849,2
150560,4.73234,49.81873,2
150561,4.7391,49.81709,2
150562,4.73872,49.81719,2
150563,4.73238,49.81859,2
150564,4.73651,49.81763,2
150565,4.73216,49.81865,2
150566,4.73633,49.81767,2
150567,4.73187,49.81883,2
150568,4.7317,49.81875,2
150569,4.7317,49.81875,2
150570,4.73139,49.81894,2
150571,4.74067,49.81816,2
150572,4.74068,49.81842,2
150573,4.73148,49.8188,2
150574,4.74097,49.8188,2
150575,4.73125,49.81885,2
150576,4.74073,49.81829,2
150577,4.7308,49.81895,2
150578,4.73116,49.81899,2
150579,4.7411,49.81907,2
150580,4.74068,49.81842,2
150581,4.73044,49.81915,2
150582,4.7411,49.81907,2
150583,4.72997,49.81926,2
150584,4.7411,49.81907,2
150585,4.73021,49.81921,2
150586,4.7411,49.81907,2
150587,4.73837,49.81716,2
150588,4.72997,49.81926,2
150589,4.72997,49.81926,2
150590,4.74194,49.82085,2
150591,4.73837,49.81716,2
150592,4.72973,49.81931,2
150593,4.72973,49.81931,2
150594,4.74068,49.81842,2
150595,4.72973,49.81931,2
150596,4.74068,49.81842,2
150597,4.73837,49.81716,2
150598,4.7295,49.81937,2
150599,4.73837,49.81716,2
150600,4.73479,49.81827,2
150601,4.73523,49.81872,2
150602,4.73837,49.81716,2
150603,4.735,49.8183,2
150604,4.73531,49.81886,2
150605,4.73718,49.81828,2
150606,4.73718,49.81828,2
150607,4.73549,49.81878,2
150608,4.73449,49.81927,2
150609,4.73415,49.8193,2
150610,4.73224,49.81977,2
150611,4.73287,49.8196,2
150612,4.73256,49.81969,2
150613,4.73606,49.81855,2
150614,4.73382,49.81935,2
150615,4.73511,49.81883,2
150616,4.73718,49.81828,2
150617,4.7349,49.81908,2
150618,4.73688,49.81832,2
150619,4.73667,49.81838,2
150620,4.73749,49.81815,2
150621,4.7379,49.81804,2
150622,4.73769,49.81809,2
150623,4.7381,49.81798,2
150624,4.73697,49.81843,2
150625,4.73875,49.81792,2
150626,4.73916,49.81789,2
150627,4.73886,49.81788,2
150628,4.73878,49.81778,2
150629,4.73851,49.81786,2
150630,4.73831,49.81792,2
150631,4.73898,49.81785,2
150632,4.73903,49.81757,2
150633,4.73903,49.8172,2
150634,4.73921,49.81763,2
150635,4.73916,49.81789,2
150636,4.73962,49.81733,2
150637,4.73962,49.81733,2
150638,4.73962,49.81733,2
150639,4.74017,49.81711,2
150640,4.7402,49.81721,2
150641,4.74023,49.81732,2
150642,4.74023,49.81732,2
150643,4.74039,49.81785,2
150644,4.74042,49.81796,2
150645,4.74045,49.81807,2
150646,4.74067,49.81816,2
150647,4.74067,49.81816,2
150648,4.74067,49.81816,2
150649,4.74067,49.81816,2
150650,4.74079,49.81842,2
150651,4.74079,49.81842,2
150652,4.74122,49.81968,2
150653,4.74104,49.81893,2
150654,4.7411,49.81907,2
150655,4.74117,49.8192,2
150656,4.74132,49.81949,2
150657,4.74139,49.81964,2
150658,4.74147,49.81979,2
150659,4.74174,49.82038,2
150660,4.74155,49.81994,2
150661,4.74184,49.82061,2
150662,4.74204,49.82109,2
150663,4.74204,49.82109,2
150664,4.74204,49.82109,2
150665,4.74204,49.82109,2
150666,4.74204,49.82109,2
150667,4.74204,49.82109,2
150668,4.74204,49.82109,2
150669,4.74204,49.82109,2
150670,4.74204,49.82109,2
150671,4.74068,49.81842,2
150672,4.74214,49.82133,2
150673,4.74214,49.82133,2
150674,4.74511,49.80971,2
150675,4.73034,50.08385,2
150676,4.73013,50.08545,2
150677,4.73034,50.08371,2
150678,4.73034,50.08343,2
150679,4.73034,50.08314,2
150680,4.73034,50.083,2
150681,4.73034,50.08286,2
150682,4.73034,50.08286,2
150683,4.73104,50.08317,2
150684,4.73104,50.08317,2
150685,4.73104,50.08317,2
150686,4.73104,50.08317,2
150687,4.73104,50.08317,2
150688,4.72948,50.08361,2
150689,4.72839,50.08406,2
150690,4.72986,50.08384,2
150691,4.72983,50.0838,2
150692,4.7298,50.08376,2
150693,4.72977,50.08372,2
150694,4.72974,50.08368,2
150695,4.72913,50.08343,2
150696,4.72973,50.08388,2
150697,4.72973,50.08388,2
150698,4.7292,50.084,2
150699,4.72946,50.08394,2
150700,4.72933,50.08397,2
150701,4.72933,50.08397,2
150702,4.72907,50.08403,2
150703,4.7296,50.08403,2
150704,4.72944,50.08407,2
150705,4.72893,50.08406,2
150706,4.7288,50.08409,2
150707,4.72927,50.0841,2
150708,4.72911,50.08414,2
150709,4.72867,50.08411,2
150710,4.7287,50.08419,2
150711,4.72887,50.08447,2
150712,4.72927,50.08436,2
150713,4.72974,50.08433,2
150714,4.72942,50.08444,2
150715,4.72927,50.08449,2
150716,4.72895,50.08459,2
150717,4.72814,50.08481,2
150718,4.72814,50.08481,2
150719,4.72872,50.08467,2
150720,4.72857,50.08474,2
150721,4.72843,50.08482,2
150722,4.72828,50.08489,2
150723,4.72813,50.08496,2
150724,4.7269,50.08505,2
150725,4.72798,50.08503,2
150726,4.72781,50.08506,2
150727,4.72753,50.08487,2
150728,4.72762,50.08498,2
150729,4.72762,50.08485,2
150730,4.72762,50.08479,2
150731,4.72753,50.08487,2
150732,4.72749,50.08403,2
150733,4.72727,50.08387,2
150734,4.72744,50.08415,2
150735,4.72744,50.08415,2
150736,4.72742,50.08379,2
150737,4.72711,50.08331,2
150738,4.72739,50.08367,2
150739,4.72736,50.08355,2
150740,4.72733,50.08343,2
150741,4.72712,50.08312,2
150742,4.72716,50.08293,2
150743,4.72721,50.08273,2
150744,4.72918,50.08009,2
150745,4.72736,50.08284,2
150746,4.7273,50.08332,2
150747,4.72884,50.08107,2
150748,4.72739,50.08272,2
150749,4.72746,50.08249,2
150750,4.72723,50.08345,2
150751,4.729,50.0776,2
150752,4.72864,50.08002,2
150753,4.72867,50.07914,2
150754,4.72861,50.07826,2
150755,4.72701,50.08395,2
150756,4.72836,50.08087,2
150757,4.72836,50.08087,2
150758,4.7277,50.08165,2
150759,4.72705,50.08242,2
150760,4.72701,50.08395,2
150761,4.72688,50.0833,2
150762,4.72729,50.08407,2
150763,4.72692,50.08379,2
150764,4.72692,50.08379,2
150765,4.72676,50.08385,2
150766,4.7269,50.08395,2
150767,4.7271,50.08393,2
150768,4.72704,50.08406,2
150769,4.72718,50.08416,2
150770,4.72733,50.08425,2
150771,4.72735,50.08427,2
150772,4.72732,50.08436,2
150773,4.72728,50.08454,2
150774,4.72726,50.08464,2
150775,4.72726,50.08464,2
150776,4.72719,50.08481,2
150777,4.72744,50.0848,2
150778,4.72744,50.08488,2
150779,4.72744,50.08488,2
150780,4.72744,50.08497,2
150781,4.72713,50.08504,2
150782,4.7269,50.08505,2
150783,4.7269,50.08505,2
150784,4.7269,50.08505,2
150785,4.7269,50.08505,2
150786,4.72666,50.08504,2
150787,4.72678,50.08516,2
150788,4.72735,50.085,2
150789,4.72727,50.08514,2
150790,4.72836,50.08087,2
150791,4.72741,50.0851,2
150792,4.72742,50.08521,2
150793,4.72744,50.08545,2
150794,4.72736,50.08559,2
150795,4.72732,50.08548,2
150796,4.72697,50.08565,2
150797,4.72693,50.08553,2
150798,4.72701,50.08395,2
150799,4.72701,50.08395,2
150800,4.72701,50.08395,2
150801,4.72664,50.08569,2
150802,4.764705,50.092918,2
150803,4.72661,50.08572,2
150804,4.72684,50.08612,2
150805,4.72748,50.0856,2
150806,4.72729,50.08599,2
150807,4.72701,50.08604,2
150808,4.72673,50.08605,2
150809,4.7269,50.08505,2
150810,4.72667,50.08588,2
150811,4.72771,50.08606,2
150812,4.72788,50.08631,2
150813,4.7278,50.08619,2
150814,4.72797,50.08643,2
150815,4.72806,50.08655,2
150816,4.73004,50.08659,2
150817,4.72822,50.08676,2
150818,4.72845,50.08706,2
150819,4.72868,50.08735,2
150820,4.72908,50.08756,2
150821,4.73723,50.08669,2
150822,4.72854,50.08693,2
150823,4.72866,50.08707,2
150824,4.72877,50.08722,2
150825,4.72913,50.08744,2
150826,4.72933,50.08754,2
150827,4.72952,50.08764,2
150828,4.72972,50.08775,2
150829,4.72992,50.08785,2
150830,4.73011,50.08795,2
150831,4.73031,50.08805,2
150832,4.73051,50.08815,2
150833,4.7322,50.08911,2
150834,4.7307,50.08826,2
150835,4.7309,50.08836,2
150836,4.7311,50.08846,2
150837,4.73129,50.08856,2
150838,4.73149,50.08867,2
150839,4.73149,50.08867,2
150840,4.73129,50.08856,2
150841,4.73169,50.08877,2
150842,4.73203,50.08894,2
150843,4.73203,50.08894,2
150844,4.73253,50.08919,2
150845,4.73232,50.0898,2
150846,4.73232,50.0898,2
150847,4.73257,50.08936,2
150848,4.73316,50.08948,2
150849,4.73306,50.08958,2
150850,4.73257,50.08936,2
150851,4.73404,50.0898,2
150852,4.73396,50.0899,2
150853,4.73363,50.0898,2
150854,4.73149,50.08867,2
150855,4.73322,50.09021,2
150856,4.735489,50.093234,2
150857,4.7322,50.08911,2
150858,4.7322,50.08911,2
150859,4.7322,50.08911,2
150860,4.7322,50.08911,2
150861,4.73034,50.08272,2
150862,4.7322,50.08911,2
150863,4.73034,50.08272,2
150864,4.73237,50.08926,2
150865,4.73034,50.08272,2
150866,4.73217,50.08916,2
150867,4.73197,50.08906,2
150868,4.73177,50.08896,2
150869,4.73147,50.08881,2
150870,4.73107,50.0886,2
150871,4.73067,50.08839,2
150872,4.73027,50.08818,2
150873,4.72988,50.08797,2
150874,4.72843,50.08678,2
150875,4.72843,50.08678,2
150876,4.72832,50.08664,2
150877,4.72991,50.08589,2
150878,4.72991,50.08589,2
150879,4.72991,50.08589,2
150880,4.72958,50.08614,2
150881,4.73071,50.08699,2
150882,4.72991,50.08589,2
150883,4.72958,50.08614,2
150884,4.72991,50.08589,2
150885,4.7302,50.08664,2
150886,4.72989,50.08639,2
150887,4.73005,50.08652,2
150888,4.73004,50.08659,2
150889,4.72896,50.08509,2
150890,4.72896,50.08509,2
150891,4.72896,50.08509,2
150892,4.72824,50.08653,2
150893,4.72818,50.08645,2
150894,4.72813,50.08637,2
150895,4.72807,50.0863,2
150896,4.72802,50.08622,2
150897,4.72802,50.08622,2
150898,4.72797,50.08614,2
150899,4.72786,50.08599,2
150900,4.72791,50.08607,2
150901,4.72781,50.0859,2
150902,4.72781,50.0859,2
150903,4.72775,50.08578,2
150904,4.7277,50.08567,2
150905,4.72765,50.08555,2
150906,4.73034,50.08272,2
150907,4.72762,50.08547,2
150908,4.72762,50.08547,2
150909,4.72762,50.08547,2
150910,4.72762,50.08539,2
150911,4.72762,50.08539,2
150912,4.72762,50.08539,2
150913,4.72762,50.08531,2
150914,4.72762,50.08531,2
150915,4.72761,50.08523,2
150916,4.72762,50.08531,2
150917,4.72758,50.08507,2
150918,4.72758,50.08507,2
150919,4.72762,50.08506,2
150920,4.72684,50.08612,2
150921,4.72705,50.08242,2
150922,4.72705,50.08242,2
150923,4.72705,50.08242,2
150924,4.72705,50.08242,2
150925,4.72705,50.08242,2
150926,4.72705,50.08242,2
150927,4.731504,50.084835,2
150928,4.73004,50.08659,2
150929,4.72718,50.08416,2
150930,4.72718,50.08416,2
150931,4.73013,50.08545,2
150932,4.72879,50.08459,2
150933,4.73034,50.08272,2
150934,4.72724,50.08473,2
150935,4.72735,50.085,2
150936,4.72763,50.08592,2
150937,4.72678,50.08516,2
150938,4.72742,50.08521,2
150939,4.72758,50.08595,2
150940,4.7322,50.08911,2
150941,4.72832,50.08664,2
150942,4.72762,50.08539,2
150943,4.7322,50.08911,2
150944,4.72761,50.08523,2
150945,4.7276,50.08515,2
150946,4.73428,50.07535,2
150947,4.73623,50.07535,2
150948,4.7322,50.08911,2
150949,4.73004,50.08659,2
150950,4.72797,50.08614,2
150951,4.72736,50.08559,2
150952,4.72755,50.08576,2
150953,4.73013,50.08545,2
150954,4.73013,50.08545,2
150955,4.73013,50.08545,2
150956,4.73013,50.08545,2
150957,4.73013,50.08545,2
150958,4.73013,50.08545,2
150959,4.73013,50.08545,2
150960,4.73004,50.08659,2
150961,4.73013,50.08545,2
150962,4.73013,50.08545,2
150963,4.73013,50.08545,2
150964,4.73013,50.08545,2
150965,4.73013,50.08545,2
150966,4.7316,50.08491,2
150967,4.73076,50.08542,2
150968,4.72991,50.08589,2
150969,4.73192,50.08463,2
150970,4.73175,50.0846,2
150971,4.73161,50.08456,2
150972,4.73147,50.08452,2
150973,4.73132,50.08448,2
150974,4.73013,50.08545,2
150975,4.73118,50.08444,2
150976,4.73013,50.08545,2
150977,4.7309,50.08436,2
150978,4.73077,50.0843,2
150979,4.73067,50.08423,2
150980,4.73056,50.08416,2
150981,4.73046,50.08408,2
150982,4.73104,50.08317,2
150983,4.73022,50.08418,2
150984,4.73104,50.08317,2
150985,4.73104,50.08317,2
150986,4.73104,50.08317,2
150987,4.72982,49.47399,2
150988,4.7431,49.4686,2
150989,4.72982,49.47399,2
150990,4.7431,49.4686,2
150991,4.7431,49.4686,2
150992,4.726884,49.473664,2
150993,4.72982,49.47399,2
150994,4.730103,49.473789,2
150995,4.72982,49.47399,2
150996,4.72982,49.47399,2
150997,4.73402,49.47203,2
150998,4.7431,49.4686,2
150999,4.7431,49.4686,2
151000,4.7431,49.4686,2
151001,4.7431,49.4686,2
151002,4.7431,49.4686,2
151003,4.7431,49.4686,2
151004,4.7431,49.4686,2
151005,4.7431,49.4686,2
151006,4.7431,49.4686,2
151007,4.7431,49.4686,2
151008,4.73402,49.47203,2
151009,4.736367,49.471211,2
151010,4.7431,49.4686,2
151011,4.73402,49.47203,2
151012,4.7431,49.4686,2
151013,4.732319,49.472819,2
151014,4.7431,49.4686,2
151015,4.7431,49.4686,2
151016,4.7431,49.4686,2
151017,4.739556,49.470392,2
151018,4.7431,49.4686,2
151019,4.75919,49.47641,2
151020,4.73402,49.47203,2
151021,4.736367,49.471211,2
151022,4.7431,49.4686,2
151023,4.7431,49.4686,2
151024,4.734467,49.471869,2
151025,4.742076,49.469156,2
151026,4.740434,49.470006,2
151027,4.7431,49.4686,2
151028,4.7431,49.4686,2
151029,4.7431,49.4686,2
151030,4.74622,49.47287,2
151031,4.75919,49.47641,2
151032,4.75919,49.47641,2
151033,4.73627,49.47267,2
151034,4.74155,49.4695,2
151035,4.74155,49.4695,2
151036,4.7431,49.4686,2
151037,4.7431,49.4686,2
151038,4.7431,49.4686,2
151039,4.7431,49.4686,2
151040,4.7431,49.4686,2
151041,4.7431,49.4686,2
151042,4.745118,49.474029,2
151043,4.71819,49.46255,2
151044,4.57623,49.57297,2
151045,4.57623,49.57297,2
151046,4.56892,49.56895,2
151047,4.57005,49.5682,2
151048,4.567128,49.572195,2
151049,4.567128,49.572195,2
151050,4.567769,49.572004,2
151051,4.567968,49.571497,2
151052,4.56888,49.56954,2
151053,4.567847,49.570627,2
151054,4.567885,49.570555,2
151055,4.568018,49.570427,2
151056,4.568568,49.570048,2
151057,4.569011,49.5688,2
151058,4.56996,49.57089,2
151059,4.568517,49.570157,2
151060,4.56996,49.57089,2
151061,4.56931,49.57123,2
151062,4.56931,49.57123,2
151063,4.56931,49.57123,2
151064,4.56931,49.57123,2
151065,4.56996,49.57089,2
151066,4.56996,49.57089,2
151067,4.56996,49.57089,2
151068,4.56996,49.57089,2
151069,4.56892,49.56895,2
151070,4.56892,49.56895,2
151071,4.56892,49.56895,2
151072,4.56892,49.56895,2
151073,4.56892,49.56895,2
151074,4.56892,49.56895,2
151075,4.56892,49.56895,2
151076,4.56814,49.56932,2
151077,4.56814,49.56932,2
151078,4.56814,49.56932,2
151079,4.56814,49.56932,2
151080,4.56892,49.56895,2
151081,4.56892,49.56895,2
151082,4.56892,49.56895,2
151083,4.56892,49.56895,2
151084,4.56948,49.56797,2
151085,4.56948,49.56797,2
151086,4.56948,49.56797,2
151087,4.56888,49.56954,2
151088,4.56948,49.56797,2
151089,4.56888,49.56954,2
151090,4.56858,49.56831,2
151091,4.56858,49.56831,2
151092,4.56858,49.56831,2
151093,4.56858,49.56831,2
151094,4.56858,49.56831,2
151095,4.56858,49.56831,2
151096,4.56948,49.56797,2
151097,4.56948,49.56797,2
151098,4.56858,49.56831,2
151099,4.56858,49.56831,2
151100,4.5681,49.56881,2
151101,4.5681,49.56881,2
151102,4.56728,49.56823,2
151103,4.56853,49.56708,2
151104,4.56853,49.56708,2
151105,4.56853,49.56708,2
151106,4.56853,49.56708,2
151107,4.56948,49.56797,2
151108,4.56948,49.56797,2
151109,4.56948,49.56797,2
151110,4.56948,49.56797,2
151111,4.57005,49.5682,2
151112,4.56948,49.56797,2
151113,4.57005,49.5682,2
151114,4.57005,49.5682,2
151115,4.569614,49.569328,2
151116,4.569812,49.569432,2
151117,4.569784,49.569424,2
151118,4.570112,49.569651,2
151119,4.57048,49.56971,2
151120,4.57048,49.56971,2
151121,4.5707,49.570143,2
151122,4.57623,49.57297,2
151123,4.57675,49.57313,2
151124,4.57675,49.57313,2
151125,4.57623,49.57297,2
151126,4.57623,49.57297,2
151127,4.56931,49.57123,2
151128,4.56814,49.56932,2
151129,4.5681,49.56881,2
151130,4.56853,49.56708,2
151131,4.568888,49.571992,2
151132,4.568545,49.570147,2
151133,4.568568,49.570048,2
151134,4.56931,49.57123,2
151135,4.56931,49.57123,2
151136,4.56996,49.57089,2
151137,4.56996,49.57089,2
151138,4.56853,49.56708,2
151139,4.570557,49.570038,2
151140,4.57048,49.56971,2
151141,4.57623,49.57297,2
151142,4.54107,49.5924,2
151143,4.54098,49.58637,2
151144,4.54098,49.58637,2
151145,4.537485,49.591283,2
151146,4.539667,49.593472,2
151147,4.54098,49.58637,2
151148,4.54172,49.59274,2
151149,4.54172,49.59274,2
151150,4.542065,49.592682,2
151151,4.54146,49.59366,2
151152,4.54146,49.59366,2
151153,4.54146,49.59366,2
151154,4.54146,49.59366,2
151155,4.54146,49.59366,2
151156,4.541655,49.593418,2
151157,4.54146,49.59366,2
151158,4.54146,49.59366,2
151159,4.541655,49.593418,2
151160,4.541561,49.592853,2
151161,4.541654,49.592771,2
151162,4.541828,49.592642,2
151163,4.54133,49.59195,2
151164,4.54133,49.59195,2
151165,4.539948,49.59326,2
151166,4.54059,49.59218,2
151167,4.54059,49.59218,2
151168,4.54059,49.59218,2
151169,4.54059,49.59218,2
151170,4.54059,49.59218,2
151171,4.538525,49.592001,2
151172,4.527903,49.590541,2
151173,4.527903,49.590541,2
151174,4.54107,49.5924,2
151175,4.54098,49.58637,2
151176,4.54098,49.58637,2
151177,4.54107,49.5924,2
151178,4.54107,49.5924,2
151179,4.54232,49.59198,2
151180,4.54107,49.5924,2
151181,4.54232,49.59198,2
151182,4.54232,49.59198,2
151183,4.54107,49.5924,2
151184,4.54107,49.5924,2
151185,4.54098,49.58637,2
151186,4.54098,49.58637,2
151187,4.54098,49.58637,2
151188,4.54098,49.58637,2
151189,4.54107,49.5924,2
151190,4.540108,49.59217,2
151191,4.538434,49.592138,2
151192,4.540336,49.592975,2
151193,4.538434,49.592138,2
151194,4.53832,49.59165,2
151195,4.54098,49.58637,2
151196,4.54059,49.59218,2
151197,4.54098,49.58637,2
151198,4.54146,49.59366,2
151199,4.54146,49.59366,2
151200,4.54146,49.59366,2
151201,4.54172,49.59274,2
151202,4.54172,49.59274,2
151203,4.54146,49.59366,2
151204,4.541565,49.591991,2
151205,4.54107,49.5924,2
151206,4.54059,49.59218,2
151207,4.54107,49.5924,2
151208,4.54107,49.5924,2
151209,4.76895,49.44789,2
151210,4.76916,49.44701,2
151211,4.77155,49.44674,2
151212,4.77005,49.4465,2
151213,4.76754,49.44529,2
151214,4.76542,49.44473,2
151215,4.76733,49.44514,2
151216,4.76754,49.44529,2
151217,4.76403,49.44318,2
151218,4.7633,49.44515,2
151219,4.769182,49.446118,2
151220,4.77045,49.44673,2
151221,4.77196,49.44658,2
151222,4.766647,49.441217,2
151223,4.76566,49.44425,2
151224,4.77045,49.44673,2
151225,4.77045,49.44673,2
151226,4.76933,49.44711,2
151227,4.77072,49.44891,2
151228,4.77042,49.44838,2
151229,4.76963,49.44738,2
151230,4.76914,49.44709,2
151231,4.76914,49.44709,2
151232,4.76884,49.4473,2
151233,4.76822,49.44842,2
151234,4.76709,49.44502,2
151235,4.76537,49.44402,2
151236,4.76809,49.44551,2
151237,4.76263,49.44371,2
151238,4.76837,49.44583,2
151239,4.76859,49.44595,2
151240,4.76443,49.44352,2
151241,4.77102,49.44945,2
151242,4.76347,49.44398,2
151243,4.768155,49.44888,2
151244,4.76507,49.44379,2
151245,4.765564,49.444241,2
151246,4.76836,49.44841,2
151247,4.76598,49.44446,2
151248,4.76906,49.44671,2
151249,4.76754,49.44529,2
151250,4.76816,49.44571,2
151251,4.76782,49.44538,2
151252,4.76929,49.44625,2
151253,4.76895,49.4462,2
151254,4.76314,49.44397,2
151255,4.76375,49.44424,2
151256,4.76686,49.44491,2
151257,4.76698,49.44511,2
151258,4.76901,49.446,2
151259,4.77011,49.44785,2
151260,4.76435,49.44451,2
151261,4.77005,49.4465,2
151262,4.764334,49.444454,2
151263,4.76568,49.44366,2
151264,4.76382,49.44419,2
151265,4.76443,49.44352,2
151266,4.76924,49.44706,2
151267,4.77171,49.44684,2
151268,4.77196,49.44658,2
151269,4.76493,49.44462,2
151270,4.77108,49.44682,2
151271,4.76443,49.44352,2
151272,4.76901,49.44731,2
151273,4.76443,49.44352,2
151274,4.76471,49.44332,2
151275,4.76417,49.4431,2
151276,4.760326,49.441605,2
151277,4.7651,49.4431,2
151278,4.767528,49.445262,2
151279,4.77066,49.44668,2
151280,4.76663,49.44479,2
151281,4.76634,49.44464,2
151282,4.76634,49.44464,2
151283,4.76737,49.4453,2
151284,4.76942,49.44617,2
151285,4.76382,49.44419,2
151286,4.76542,49.44473,2
151287,4.76244,49.44189,2
151288,4.76196,49.44222,2
151289,4.76836,49.44841,2
151290,4.76836,49.44841,2
151291,4.76757,49.44526,2
151292,4.76327,49.44273,2
151293,4.76053,49.44183,2
151294,4.76774,49.44549,2
151295,4.76907,49.44696,2
151296,4.76291,49.44386,2
151297,4.76443,49.44352,2
151298,4.76443,49.44352,2
151299,4.76277,49.44379,2
151300,4.76984,49.44634,2
151301,4.76564,49.44486,2
151302,4.76587,49.44494,2
151303,4.7654,49.44478,2
151304,4.76675,49.445,2
151305,4.76867,49.44584,2
151306,4.77025,49.44651,2
151307,4.76809,49.44551,2
151308,4.766738,49.444882,2
151309,4.76652,49.44489,2
151310,4.76795,49.44559,2
151311,4.76719,49.44521,2
151312,4.76539,49.44287,2
151313,4.76568,49.44366,2
151314,4.76568,49.44366,2
151315,4.76196,49.44222,2
151316,4.76053,49.44183,2
151317,4.76517,49.4447,2
151318,4.76122,49.44205,2
151319,4.7632,49.44251,2
151320,4.7619,49.44228,2
151321,4.76838,49.44568,2
151322,4.76756,49.4454,2
151323,4.76477,49.44357,2
151324,4.76244,49.44483,2
151325,4.76445,49.44468,2
151326,4.76379,49.44511,2
151327,4.76408,49.44487,2
151328,4.76287,49.44499,2
151329,4.76745,49.45069,2
151330,4.76859,49.44595,2
151331,4.76408,49.44487,2
151332,4.76859,49.44595,2
151333,4.76314,49.44397,2
151334,4.76412,49.44489,2
151335,4.76408,49.44487,2
151336,4.99419,49.65061,2
151337,4.99419,49.65061,2
151338,4.99433,49.65057,2
151339,4.99448,49.65052,2
151340,4.99462,49.65048,2
151341,4.99151,49.64993,2
151342,4.99477,49.65043,2
151343,4.99492,49.65038,2
151344,5.01465,49.64567,2
151345,4.99506,49.65034,2
151346,4.99538,49.65028,2
151347,4.99455,49.65018,2
151348,4.99465,49.65018,2
151349,4.99475,49.65019,2
151350,4.99289,49.64968,2
151351,4.99485,49.65019,2
151352,4.99527,49.65024,2
151353,4.99495,49.6502,2
151354,4.99505,49.6502,2
151355,4.99371,49.65018,2
151356,4.99512,49.6502,2
151357,4.9952,49.65019,2
151358,4.99368,49.65254,2
151359,4.99529,49.65017,2
151360,4.99538,49.65016,2
151361,4.98558,49.65698,2
151362,4.99579,49.65013,2
151363,4.99036,49.6546,2
151364,4.99652,49.65008,2
151365,4.98964,49.65482,2
151366,4.99527,49.65024,2
151367,4.98776,49.6558,2
151368,4.99569,49.65025,2
151369,4.98238,49.65861,2
151370,4.99569,49.65025,2
151371,4.98238,49.65861,2
151372,4.9958,49.65068,2
151373,4.977936,49.659168,2
151374,4.99613,49.65095,2
151375,4.99648,49.65122,2
151376,5.0005,49.64973,2
151377,4.99724,49.65004,2
151378,4.99506,49.65174,2
151379,4.99615,49.65022,2
151380,4.99662,49.65019,2
151381,4.995,49.65149,2
151382,4.99709,49.65016,2
151383,4.99794,49.65007,2
151384,5.01465,49.64567,2
151385,4.99527,49.65024,2
151386,4.99756,49.65013,2
151387,5.01465,49.64567,2
151388,4.998,49.65021,2
151389,5.01465,49.64567,2
151390,4.998,49.65021,2
151391,5.01465,49.64567,2
151392,4.99851,49.65046,2
151393,5.01465,49.64567,2
151394,4.99458,49.65,2
151395,4.98709,49.64769,2
151396,5.01465,49.64567,2
151397,4.99407,49.64987,2
151398,4.98709,49.64769,2
151399,5.01465,49.64567,2
151400,4.99467,49.64987,2
151401,4.99407,49.64987,2
151402,4.994,49.64997,2
151403,4.99389,49.65014,2
151404,4.99325,49.64963,2
151405,4.99318,49.64974,2
151406,4.99458,49.65,2
151407,4.99407,49.64987,2
151408,4.99329,49.65004,2
151409,4.99354,49.65003,2
151410,4.99354,49.65003,2
151411,4.99405,49.65026,2
151412,4.9943,49.65016,2
151413,4.99329,49.65004,2
151414,4.99289,49.64968,2
151415,4.99329,49.65004,2
151416,4.99432,49.6518,2
151417,4.99432,49.6518,2
151418,4.99432,49.6518,2
151419,4.99259,49.651,2
151420,4.99245,49.65087,2
151421,4.99215,49.65061,2
151422,4.992,49.65048,2
151423,4.99185,49.65034,2
151424,4.9917,49.65021,2
151425,4.99229,49.65054,2
151426,4.99229,49.65054,2
151427,4.9917,49.65021,2
151428,4.99155,49.65008,2
151429,4.9917,49.65021,2
151430,4.99155,49.65008,2
151431,4.99099,49.65043,2
151432,4.99099,49.65043,2
151433,4.99145,49.64999,2
151434,4.99141,49.64995,2
151435,4.99135,49.6499,2
151436,4.99128,49.64984,2
151437,4.99121,49.64977,2
151438,4.99008,49.64934,2
151439,4.99121,49.64977,2
151440,4.99151,49.64985,2
151441,4.99151,49.64985,2
151442,4.99147,49.64981,2
151443,4.99139,49.64973,2
151444,4.99423,49.65242,2
151445,4.99134,49.64969,2
151446,4.99114,49.64966,2
151447,4.99199,49.64889,2
151448,4.99177,49.64906,2
151449,4.99132,49.64939,2
151450,4.99112,49.64955,2
151451,4.99087,49.64952,2
151452,4.99031,49.64945,2
151453,4.98912,49.64951,2
151454,4.9901,49.64927,2
151455,4.9901,49.64927,2
151456,4.99151,49.64993,2
151457,4.99099,49.6487,2
151458,4.98709,49.64769,2
151459,4.98855,49.64826,2
151460,4.99036,49.64932,2
151461,4.98709,49.64769,2
151462,4.98709,49.64769,2
151463,4.98709,49.64769,2
151464,4.98709,49.64769,2
151465,4.98709,49.64769,2
151466,4.98709,49.64769,2
151467,4.9826,49.66709,2
151468,5.01465,49.64567,2
151469,4.98363,49.65659,2
151470,5.01465,49.64567,2
151471,5.01465,49.64567,2
151472,5.01465,49.64567,2
151473,5.01465,49.64567,2
151474,5.01465,49.64567,2
151475,5.01465,49.64567,2
151476,5.01465,49.64567,2
151477,5.01465,49.64567,2
151478,5.01465,49.64567,2
151479,5.01465,49.64567,2
151480,5.0005,49.64973,2
151481,5.01465,49.64567,2
151482,5.01465,49.64567,2
151483,5.01465,49.64567,2
151484,5.01465,49.64567,2
151485,5.01465,49.64567,2
151486,5.01465,49.64567,2
151487,5.01465,49.64567,2
151488,5.01465,49.64567,2
151489,5.01465,49.64567,2
151490,5.01465,49.64567,2
151491,5.01465,49.64567,2
151492,5.01465,49.64567,2
151493,5.01465,49.64567,2
151494,5.01465,49.64567,2
151495,5.01465,49.64567,2
151496,4.99323,49.64986,2
151497,4.99323,49.64986,2
151498,4.99323,49.64986,2
151499,5.01465,49.64567,2
151500,4.99289,49.64968,2
151501,4.99407,49.64987,2
151502,4.99588,49.65189,2
151503,4.99099,49.65043,2
151504,4.99588,49.65189,2
151505,4.99192,49.64864,2
151506,4.978314,49.658441,2
151507,4.99229,49.65054,2
151508,4.99229,49.65054,2
151509,5.01465,49.64567,2
151510,4.9991,49.65056,2
151511,5.01465,49.64567,2
151512,4.99151,49.64993,2
151513,4.99165,49.64861,2
151514,4.99289,49.64968,2
151515,4.99148,49.64843,2
151516,4.99141,49.6483,2
151517,4.99133,49.64816,2
151518,4.99123,49.64799,2
151519,4.99113,49.64783,2
151520,4.99103,49.64766,2
151521,4.99096,49.64749,2
151522,4.9909,49.64732,2
151523,4.99085,49.64715,2
151524,4.9908,49.64697,2
151525,4.991,49.64703,2
151526,4.9911,49.64738,2
151527,4.99125,49.64771,2
151528,4.99145,49.64804,2
151529,4.99166,49.64801,2
151530,4.99172,49.64805,2
151531,4.99166,49.64801,2
151532,4.99172,49.64805,2
151533,4.99172,49.64805,2
151534,4.99179,49.64809,2
151535,4.99192,49.64864,2
151536,4.99191,49.64882,2
151537,4.99289,49.64968,2
151538,4.99289,49.64968,2
151539,4.99208,49.64895,2
151540,4.994,49.64997,2
151541,4.99215,49.649,2
151542,4.99221,49.64905,2
151543,4.99229,49.64915,2
151544,4.99238,49.64924,2
151545,4.99247,49.64934,2
151546,4.99172,49.64805,2
151547,4.99423,49.65239,2
151548,4.99255,49.64943,2
151549,4.99423,49.65239,2
151550,4.99239,49.64903,2
151551,4.99254,49.64918,2
151552,4.99254,49.64918,2
151553,4.99281,49.64947,2
151554,4.99268,49.64934,2
151555,4.99267,49.64954,2
151556,4.99445,49.65015,2
151557,4.99445,49.65015,2
151558,4.99289,49.64968,2
151559,4.99298,49.6499,2
151560,4.99307,49.65001,2
151561,4.99445,49.65015,2
151562,4.99314,49.65011,2
151563,4.99322,49.65022,2
151564,4.9933,49.65033,2
151565,4.99338,49.65044,2
151566,4.99349,49.65064,2
151567,4.99335,49.65075,2
151568,4.99346,49.65054,2
151569,4.99319,49.65086,2
151570,4.99303,49.65096,2
151571,4.99286,49.65107,2
151572,4.99351,49.65081,2
151573,4.99341,49.65088,2
151574,4.99331,49.65095,2
151575,4.9931,49.65108,2
151576,4.99299,49.64966,2
151577,4.99302,49.65122,2
151578,4.99274,49.65113,2
151579,4.991286,49.653439,2
151580,4.99277,49.65119,2
151581,4.99269,49.65127,2
151582,4.99251,49.65143,2
151583,4.99243,49.65151,2
151584,4.99289,49.65129,2
151585,4.99275,49.65142,2
151586,4.99047,49.65315,2
151587,4.9926,49.65155,2
151588,4.99282,49.65125,2
151589,4.99284,49.65135,2
151590,4.9929,49.65156,2
151591,4.99292,49.65166,2
151592,4.99298,49.65176,2
151593,4.99307,49.65185,2
151594,4.99315,49.65193,2
151595,4.99323,49.65202,2
151596,4.99313,49.65135,2
151597,4.99324,49.65147,2
151598,4.99335,49.6516,2
151599,4.99289,49.64968,2
151600,4.98238,49.65861,2
151601,4.99412,49.65166,2
151602,4.98238,49.65861,2
151603,4.99346,49.65228,2
151604,4.99346,49.65228,2
151605,4.99346,49.65228,2
151606,4.99338,49.65219,2
151607,4.99095,49.65056,2
151608,4.99353,49.65237,2
151609,4.99335,49.65304,2
151610,4.98558,49.65698,2
151611,4.98558,49.65698,2
151612,4.98558,49.65698,2
151613,4.98558,49.65698,2
151614,4.98558,49.65698,2
151615,4.98558,49.65698,2
151616,4.98558,49.65698,2
151617,4.99218,49.65351,2
151618,4.99047,49.65315,2
151619,4.99047,49.65315,2
151620,4.98764,49.65012,2
151621,4.98932,49.65195,2
151622,4.9908,49.65341,2
151623,4.9908,49.65341,2
151624,4.98839,49.65108,2
151625,4.99115,49.65404,2
151626,4.99036,49.6546,2
151627,4.98714,49.6569,2
151628,4.98714,49.6569,2
151629,4.98714,49.6569,2
151630,4.99077,49.65424,2
151631,4.99039,49.65443,2
151632,4.99002,49.65463,2
151633,4.98964,49.65482,2
151634,4.98964,49.65482,2
151635,4.9884,49.65562,2
151636,4.98926,49.65502,2
151637,4.98889,49.65522,2
151638,4.9884,49.65562,2
151639,4.98814,49.65561,2
151640,4.98776,49.6558,2
151641,4.98738,49.656,2
151642,4.98701,49.6562,2
151643,4.98742,49.65613,2
151644,4.98599,49.65686,2
151645,4.985383,49.657028,2
151646,4.98486,49.65742,2
151647,4.98448,49.65761,2
151648,4.98406,49.65826,2
151649,4.98422,49.65808,2
151650,4.98485,49.662,2
151651,4.98485,49.662,2
151652,4.9826,49.66709,2
151653,4.98369,49.65802,2
151654,4.983,49.65839,2
151655,4.98164,49.65907,2
151656,4.98047,49.65969,2
151657,4.98016,49.6597,2
151658,4.98094,49.65929,2
151659,4.98172,49.65888,2
151660,4.98323,49.65811,2
151661,4.98558,49.65698,2
151662,4.98558,49.65698,2
151663,4.98419,49.6574,2
151664,4.9845,49.65598,2
151665,4.98238,49.65861,2
151666,4.9845,49.65598,2
151667,4.98238,49.65861,2
151668,4.98238,49.65861,2
151669,4.98238,49.65861,2
151670,4.98238,49.65861,2
151671,4.98238,49.65861,2
151672,4.9783,49.65845,2
151673,4.97806,49.65864,2
151674,4.979622,49.658044,2
151675,4.98238,49.65861,2
151676,4.99313,49.65135,2
151677,4.98238,49.65861,2
151678,4.98428,49.65604,2
151679,4.98238,49.65861,2
151680,4.984128,49.656858,2
151681,4.98238,49.65861,2
151682,4.981165,49.657633,2
151683,4.98416,49.65672,2
151684,4.984134,49.657235,2
151685,4.984132,49.65719,2
151686,4.97776,49.65891,2
151687,4.97786,49.65913,2
151688,4.97831,49.6593,2
151689,4.97875,49.65947,2
151690,4.9792,49.65964,2
151691,4.97965,49.65982,2
151692,4.98407,49.65715,2
151693,4.98407,49.65715,2
151694,4.98407,49.65715,2
151695,4.98407,49.65715,2
151696,4.99588,49.65189,2
151697,4.99427,49.65246,2
151698,4.99491,49.65224,2
151699,4.99532,49.65212,2
151700,4.99558,49.65204,2
151701,4.99584,49.65197,2
151702,4.99597,49.65194,2
151703,4.99597,49.65194,2
151704,4.99597,49.65194,2
151705,4.9961,49.65191,2
151706,4.99623,49.65187,2
151707,4.99643,49.65182,2
151708,4.99643,49.65182,2
151709,4.99643,49.65182,2
151710,4.99669,49.65175,2
151711,4.99695,49.65168,2
151712,4.99747,49.65153,2
151713,4.99588,49.65189,2
151714,4.99588,49.65189,2
151715,4.99588,49.65189,2
151716,4.99588,49.65189,2
151717,4.99099,49.65043,2
151718,5.00379,49.6553,2
151719,5.00379,49.6553,2
151720,5.00379,49.6553,2
151721,5.00379,49.6553,2
151722,5.00379,49.6553,2
151723,5.00379,49.6553,2
151724,5.00379,49.6553,2
151725,5.0005,49.64973,2
151726,4.9989,49.65071,2
151727,4.9991,49.65056,2
151728,4.9993,49.65041,2
151729,5.0005,49.64973,2
151730,5.0005,49.64973,2
151731,5.00005,49.65004,2
151732,5.00058,49.64978,2
151733,5.00111,49.64952,2
151734,5.00144,49.64921,2
151735,5.00626,49.64722,2
151736,4.99551,49.65192,2
151737,4.99541,49.65185,2
151738,4.99172,49.64805,2
151739,4.99532,49.65177,2
151740,4.99522,49.65169,2
151741,4.99513,49.65161,2
151742,4.99588,49.65189,2
151743,4.99492,49.65152,2
151744,4.99476,49.65127,2
151745,4.99446,49.651,2
151746,4.99415,49.65073,2
151747,4.99432,49.6518,2
151748,4.99432,49.6518,2
151749,4.98839,49.65108,2
151750,4.99422,49.65166,2
151751,4.99289,49.64968,2
151752,4.99417,49.65166,2
151753,4.99313,49.65135,2
151754,4.9953,49.65194,2
151755,4.99313,49.65135,2
151756,4.99506,49.65174,2
151757,4.99467,49.65139,2
151758,4.99449,49.65123,2
151759,4.99431,49.65107,2
151760,4.98485,49.662,2
151761,4.99413,49.65091,2
151762,4.9826,49.66709,2
151763,4.99395,49.65074,2
151764,5.00379,49.6553,2
151765,4.99379,49.65072,2
151766,4.99404,49.65066,2
151767,4.56287,49.57664,2
151768,4.56287,49.57664,2
151769,4.56287,49.57664,2
151770,4.56287,49.57664,2
151771,4.563894,49.595634,2
151772,4.56001,49.6,2
151773,4.56287,49.57664,2
151774,4.56287,49.57664,2
151775,4.56287,49.57664,2
151776,4.56287,49.57664,2
151777,4.56287,49.57664,2
151778,4.56243,49.57781,2
151779,4.56252,49.57782,2
151780,4.56287,49.57664,2
151781,4.562278,49.578215,2
151782,4.562314,49.578726,2
151783,4.56287,49.57664,2
151784,4.562314,49.578726,2
151785,4.56287,49.57664,2
151786,4.56287,49.57664,2
151787,4.56339,49.57771,2
151788,4.56287,49.57664,2
151789,4.56287,49.57664,2
151790,4.56287,49.57664,2
151791,4.56425,49.57656,2
151792,4.56287,49.57664,2
151793,4.56425,49.57656,2
151794,4.56287,49.57664,2
151795,4.56287,49.57664,2
151796,4.56326,49.5767,2
151797,4.56287,49.57664,2
151798,4.56287,49.57664,2
151799,4.56287,49.57664,2
151800,4.56287,49.57664,2
151801,4.56287,49.57664,2
151802,4.562743,49.575556,2
151803,4.56144,49.57499,2
151804,4.562742,49.575547,2
151805,4.56287,49.57664,2
151806,4.56144,49.57499,2
151807,4.56287,49.57664,2
151808,4.562592,49.575262,2
151809,4.56287,49.57664,2
151810,4.56144,49.57499,2
151811,4.56144,49.57499,2
151812,4.56287,49.57664,2
151813,4.56287,49.57664,2
151814,4.562899,49.575966,2
151815,4.562742,49.575547,2
151816,4.56287,49.57664,2
151817,4.564027,49.595838,2
151818,4.564027,49.595838,2
151819,4.563606,49.596313,2
151820,4.563552,49.59635,2
151821,4.563606,49.596313,2
151822,4.563606,49.596313,2
151823,4.547481,49.60925,2
151824,4.562273,49.597146,2
151825,4.56425,49.57656,2
151826,4.56144,49.57499,2
151827,4.56144,49.57499,2
151828,4.562482,49.574976,2
151829,4.56425,49.57656,2
151830,4.56425,49.57656,2
151831,4.58025,49.57619,2
151832,4.58025,49.57619,2
151833,4.59176,49.58006,2
151834,4.59176,49.58006,2
151835,4.58142,49.57667,2
151836,4.578624,49.579144,2
151837,4.57688,49.58127,2
151838,4.57688,49.58127,2
151839,4.57688,49.58127,2
151840,4.57688,49.58127,2
151841,4.58142,49.57667,2
151842,4.57969,49.57557,2
151843,4.57969,49.57557,2
151844,4.57969,49.57557,2
151845,4.57969,49.57557,2
151846,4.57969,49.57557,2
151847,4.58142,49.57667,2
151848,4.58142,49.57667,2
151849,4.58142,49.57667,2
151850,4.58142,49.57667,2
151851,4.59176,49.58006,2
151852,4.59176,49.58006,2
151853,4.58142,49.57667,2
151854,4.58142,49.57667,2
151855,4.58142,49.57667,2
151856,4.57926,49.57712,2
151857,4.57926,49.57712,2
151858,4.58142,49.57667,2
151859,4.58025,49.57619,2
151860,4.58142,49.57667,2
151861,4.58142,49.57667,2
151862,4.58142,49.57667,2
151863,4.58142,49.57667,2
151864,4.58142,49.57667,2
151865,4.58142,49.57667,2
151866,4.58142,49.57667,2
151867,4.578696,49.5789,2
151868,4.57883,49.578475,2
151869,4.578696,49.5789,2
151870,4.578624,49.579144,2
151871,4.578612,49.57918,2
151872,4.57552,49.580827,2
151873,4.57688,49.58127,2
151874,4.57688,49.58127,2
151875,4.57552,49.580827,2
151876,4.576741,49.581263,2
151877,4.576741,49.581263,2
151878,4.089444,49.509424,2
151879,4.568658,49.587298,2
151880,4.089444,49.509424,2
151881,4.57926,49.57712,2
151882,4.58142,49.57667,2
151883,4.58142,49.57667,2
151884,4.71003,49.7691,2
151885,4.721,49.76553,2
151886,4.71927,49.76562,2
151887,4.71927,49.76562,2
151888,4.7194,49.764,2
151889,4.71962,49.76579,2
151890,4.71893,49.76563,2
151891,4.714545,49.766868,2
151892,4.71893,49.76563,2
151893,4.714029,49.767992,2
151894,4.71944,49.7655,2
151895,4.71438,49.76738,2
151896,4.71964,49.7655,2
151897,4.71986,49.76548,2
151898,4.7081,49.769626,2
151899,4.72032,49.76545,2
151900,4.71035,49.7685,2
151901,4.7335,49.76168,2
151902,4.73964,49.76022,2
151903,4.73398,49.7598,2
151904,4.73324,49.76101,2
151905,4.72882,49.76027,2
151906,4.73392,49.75832,2
151907,4.7335,49.76168,2
151908,4.7191,49.76014,2
151909,4.73325,49.75873,2
151910,4.73444,49.76105,2
151911,4.37668,49.669533,2
151912,4.37653,49.66849,2
151913,4.36615,49.66625,2
151914,4.35629,49.67664,2
151915,4.35629,49.67664,2
151916,4.35629,49.67664,2
151917,4.36823,49.684,2
151918,4.37182,49.68375,2
151919,4.37579,49.668056,2
151920,4.376889,49.668882,2
151921,4.376048,49.668627,2
151922,4.376772,49.669765,2
151923,4.37856,49.67277,2
151924,4.38215,49.65917,2
151925,4.38215,49.65917,2
151926,4.38215,49.65917,2
151927,4.58999,49.87838,2
151928,4.62649,49.88858,2
151929,4.62126,49.88934,2
151930,4.63106,49.865563,2
151931,4.6258,49.89117,2
151932,4.6258,49.89117,2
151933,4.6258,49.89117,2
151934,4.6258,49.89117,2
151935,4.6258,49.89117,2
151936,4.6258,49.89117,2
151937,4.6258,49.89117,2
151938,4.6258,49.89117,2
151939,4.62814,49.8892,2
151940,4.6258,49.89117,2
151941,4.59072,49.87874,2
151942,4.590863,49.879438,2
151943,4.59072,49.87874,2
151944,4.59072,49.87874,2
151945,4.59072,49.87874,2
151946,4.59072,49.87874,2
151947,4.622532,49.891898,2
151948,4.73112,49.8156,2
151949,4.73112,49.8156,2
151950,4.7287,49.81621,2
151951,4.73726,49.8175,2
151952,4.73726,49.8175,2
151953,4.7401,49.81693,2
151954,4.73718,49.81828,2
151955,4.74068,49.81842,2
151956,4.73718,49.81828,2
151957,4.73718,49.81828,2
151958,4.7322,50.08911,2
151959,4.73104,50.08317,2
151960,4.73104,50.08317,2
151961,4.73104,50.08317,2
151962,4.73104,50.08317,2
151963,4.73104,50.08317,2
151964,4.73104,50.08317,2
151965,4.7255,50.08506,2
151966,4.72753,50.08487,2
151967,4.7273,50.08445,2
151968,4.72701,50.08395,2
151969,4.72684,50.08612,2
151970,4.72682,50.08606,2
151971,4.72758,50.08507,2
151972,4.7322,50.08911,2
151973,4.7322,50.08911,2
151974,4.7322,50.08911,2
151975,4.73623,50.07535,2
151976,4.73623,50.07535,2
151977,4.73104,50.08317,2
151978,4.73104,50.08317,2
151979,4.7431,49.4686,2
151980,4.736367,49.471211,2
151981,4.75919,49.47641,2
151982,4.7431,49.4686,2
151983,4.742773,49.468729,2
151984,4.56948,49.56797,2
151985,4.569091,49.570649,2
151986,4.56892,49.56895,2
151987,4.569642,49.569345,2
151988,4.56888,49.56954,2
151989,4.56948,49.56797,2
151990,4.57623,49.57297,2
151991,4.56892,49.56895,2
151992,4.56892,49.56895,2
151993,4.56892,49.56895,2
151994,4.54107,49.5924,2
151995,4.541565,49.591991,2
151996,4.54107,49.5924,2
151997,4.54107,49.5924,2
151998,4.76823,49.44563,2
151999,4.76542,49.44473,2
152000,4.76914,49.44709,2
152001,4.76836,49.44841,2
152002,4.77005,49.4465,2
152003,4.768673,49.449624,2
152004,4.76443,49.44352,2
152005,4.76542,49.44473,2
152006,4.76754,49.44529,2
152007,4.99372,49.65062,2
152008,5.0005,49.64973,2
152009,4.99432,49.6518,2
152010,4.99151,49.64993,2
152011,5.01465,49.64567,2
152012,4.99588,49.65189,2
152013,4.9933,49.65211,2
152014,4.98558,49.65698,2
152015,4.98452,49.65745,2
152016,4.98238,49.65861,2
152017,5.01465,49.64567,2
152018,4.99423,49.65242,2
152019,4.99432,49.6518,2
152020,4.99323,49.64986,2
152021,4.99423,49.65242,2
152022,4.99148,49.64843,2
152023,4.99289,49.64968,2
152024,4.99289,49.64968,2
152025,4.98558,49.65698,2
152026,4.99588,49.65189,2
152027,4.98714,49.6569,2
152028,4.98714,49.6569,2
152029,4.98238,49.65861,2
152030,4.98407,49.65715,2
152031,4.99492,49.65152,2
152032,4.562878,49.576766,2
152033,4.56287,49.57664,2
152034,4.564027,49.595838,2
152035,4.56298,49.576566,2
152036,4.569095,49.581476,2
152037,4.569095,49.581476,2
152038,4.569095,49.581476,2
152039,4.56287,49.57664,2
152040,4.57883,49.578475,2
152041,4.57883,49.578475,2
152042,4.578738,49.578602,2
152043,4.57552,49.580827,2
152044,4.568033,49.590068,2
