"ID","Longitude","Latitude","ServiceTime (min)"
47167,4.7628,49.77932,2
47168,4.76295,49.77918,2
47169,4.76284,49.77879,2
47170,4.76305,49.7794,2
47171,4.77775,49.78143,2
47172,4.76334,49.77962,2
47173,4.76362,49.77984,2
47174,4.76377,49.77995,2
47175,4.76391,49.78006,2
47176,4.7642,49.78028,2
47177,4.76434,49.78039,2
47178,4.76468,49.78059,2
47179,4.76087,49.77688,2
47180,4.76442,49.7806,2
47181,4.7647,49.78075,2
47182,4.76486,49.78066,2
47183,4.77386,49.78679,2
47184,4.76482,49.78115,2
47185,4.76482,49.78115,2
47186,4.76481,49.78101,2
47187,4.76483,49.78075,2
47188,4.76555,49.78017,2
47189,4.76488,49.78057,2
47190,4.76547,49.78029,2
47191,4.76511,49.78046,2
47192,4.76502,49.78073,2
47193,4.76505,49.78062,2
47194,4.765,49.78076,2
47195,4.7651,49.7808,2
47196,4.778668,49.782223,2
47197,4.76519,49.78085,2
47198,4.76529,49.78089,2
47199,4.76538,49.78094,2
47200,4.76553,49.78103,2
47201,4.76572,49.78114,2
47202,4.76588,49.78127,2
47203,4.76617,49.78124,2
47204,4.76639,49.7811,2
47205,4.76634,49.78103,2
47206,4.76629,49.78095,2
47207,4.76629,49.78095,2
47208,4.76619,49.78079,2
47209,4.76614,49.78074,2
47210,4.76608,49.7807,2
47211,4.76601,49.78065,2
47212,4.76555,49.78017,2
47213,4.76588,49.78055,2
47214,4.76581,49.7805,2
47215,4.76574,49.78045,2
47216,4.76568,49.78041,2
47217,4.76561,49.78036,2
47218,4.76554,49.78031,2
47219,4.76862,49.77964,2
47220,4.76862,49.77964,2
47221,4.7687,49.77971,2
47222,4.76862,49.77964,2
47223,4.76862,49.77964,2
47224,4.76423,49.78174,2
47225,4.76676,49.77808,2
47226,4.76676,49.77808,2
47227,4.76431,49.7819,2
47228,4.76676,49.77808,2
47229,4.76572,49.78013,2
47230,4.76551,49.77998,2
47231,4.76501,49.77978,2
47232,4.76425,49.77915,2
47233,4.76397,49.77879,2
47234,4.76606,49.77954,2
47235,4.76572,49.78013,2
47236,4.76397,49.77879,2
47237,4.76586,49.7802,2
47238,4.76612,49.78035,2
47239,4.76612,49.78035,2
47240,4.76617,49.78046,2
47241,4.76624,49.78055,2
47242,4.76646,49.78076,2
47243,4.76667,49.78096,2
47244,4.76663,49.78114,2
47245,4.76663,49.78114,2
47246,4.76663,49.78114,2
47247,4.76726,49.78102,2
47248,4.7674,49.78099,2
47249,4.76668,49.78113,2
47250,4.76755,49.78097,2
47251,4.76769,49.78094,2
47252,4.7683,49.7808,2
47253,4.7683,49.7808,2
47254,4.76798,49.78088,2
47255,4.76876,49.78049,2
47256,4.76963,49.78055,2
47257,4.76884,49.78053,2
47258,4.76884,49.78053,2
47259,4.76924,49.78025,2
47260,4.76874,49.78071,2
47261,4.76919,49.78063,2
47262,4.76884,49.78053,2
47263,4.76884,49.78053,2
47264,4.77775,49.78143,2
47265,4.76884,49.78053,2
47266,4.76818,49.78225,2
47267,4.76853,49.78209,2
47268,4.76846,49.78183,2
47269,4.76858,49.78143,2
47270,4.77775,49.78143,2
47271,4.76879,49.78154,2
47272,4.769096,49.781661,2
47273,4.76865,49.78152,2
47274,4.76858,49.78151,2
47275,4.769096,49.781661,2
47276,4.76846,49.78152,2
47277,4.76841,49.78155,2
47278,4.76841,49.7816,2
47279,4.76873,49.78141,2
47280,4.76787,49.78102,2
47281,4.76848,49.78137,2
47282,4.768531,49.781466,2
47283,4.768454,49.781889,2
47284,4.76829,49.78191,2
47285,4.768454,49.781889,2
47286,4.76175,49.78366,2
47287,4.767643,49.78319,2
47288,4.77775,49.78143,2
47289,4.77389,49.78806,2
47290,4.77389,49.78806,2
47291,4.767737,49.783422,2
47292,4.76283,49.77766,2
47293,4.76862,49.77964,2
47294,4.767643,49.78319,2
47295,4.77046,49.78053,2
47296,4.76897,49.78073,2
47297,4.76978,49.78064,2
47298,4.76952,49.78069,2
47299,4.76927,49.78074,2
47300,4.76902,49.78078,2
47301,4.76876,49.78083,2
47302,4.76826,49.78093,2
47303,4.76812,49.78097,2
47304,4.76726,49.78102,2
47305,4.76774,49.78105,2
47306,4.76761,49.78107,2
47307,4.76749,49.7811,2
47308,4.76736,49.78112,2
47309,4.76711,49.78105,2
47310,4.7671,49.78117,2
47311,4.76698,49.7812,2
47312,4.76685,49.78122,2
47313,4.76672,49.78125,2
47314,4.76657,49.7813,2
47315,4.76648,49.78141,2
47316,4.76644,49.78147,2
47317,4.76638,49.78152,2
47318,4.76626,49.78163,2
47319,4.76669,49.78184,2
47320,4.76706,49.78202,2
47321,4.76724,49.78207,2
47322,4.76724,49.78207,2
47323,4.76743,49.78213,2
47324,4.76766,49.7822,2
47325,4.76789,49.78226,2
47326,4.7735,49.78267,2
47327,4.76854,49.78252,2
47328,4.77412,49.78819,2
47329,4.77368,49.78216,2
47330,4.77066,49.78331,2
47331,4.77093,49.7834,2
47332,4.77121,49.78348,2
47333,4.77281,49.78417,2
47334,4.77152,49.78358,2
47335,4.77186,49.78369,2
47336,4.77216,49.78382,2
47337,4.7726,49.78405,2
47338,4.77238,49.78393,2
47339,4.77303,49.78429,2
47340,4.77324,49.78441,2
47341,4.77421,49.78239,2
47342,4.77292,49.78303,2
47343,4.77623,49.78278,2
47344,4.77356,49.78245,2
47345,4.77368,49.78465,2
47346,4.77369,49.78342,2
47347,4.77371,49.78362,2
47348,4.77293,49.78318,2
47349,4.77335,49.78334,2
47350,4.77346,49.78453,2
47351,4.7736,49.78305,2
47352,4.77374,49.78247,2
47353,4.76588,49.78127,2
47354,4.77403,49.78186,2
47355,4.77351,49.78325,2
47356,4.77366,49.78306,2
47357,4.77365,49.78288,2
47358,4.77368,49.78323,2
47359,4.77568,49.78118,2
47360,4.77351,49.78343,2
47361,4.77353,49.78362,2
47362,4.77358,49.78423,2
47363,4.77374,49.78401,2
47364,4.773822,49.784755,2
47365,4.77384,49.78488,2
47366,4.77395,49.7859,2
47367,4.77394,49.7857,2
47368,4.773857,49.785186,2
47369,4.77392,49.78553,2
47370,4.77476,49.78611,2
47371,4.77476,49.78606,2
47372,4.77437,49.78119,2
47373,4.77775,49.78143,2
47374,4.77394,49.78611,2
47375,4.77394,49.7863,2
47376,4.77386,49.78679,2
47377,4.77623,49.78278,2
47378,4.77403,49.78186,2
47379,4.7742,49.78153,2
47380,4.77376,49.78422,2
47381,4.77354,49.78382,2
47382,4.76862,49.77964,2
47383,4.77388,49.78514,2
47384,4.76862,49.77964,2
47385,4.76862,49.77964,2
47386,4.7742,49.78153,2
47387,4.76862,49.77964,2
47388,4.77393,49.7865,2
47389,4.76862,49.77964,2
47390,4.77522,49.78259,2
47391,4.77393,49.78669,2
47392,4.774116,49.788577,2
47393,4.77922,49.796326,2
47394,4.77944,49.78173,2
47395,4.77944,49.78173,2
47396,4.773694,49.789025,2
47397,4.773746,49.787506,2
47398,4.772653,49.78583,2
47399,4.772653,49.78583,2
47400,4.772704,49.785739,2
47401,4.772654,49.785569,2
47402,4.772644,49.785363,2
47403,4.77272,49.785209,2
47404,4.772847,49.784955,2
47405,4.77315,49.78451,2
47406,4.773131,49.789162,2
47407,4.77228,49.78926,2
47408,4.77775,49.78143,2
47409,4.773131,49.789162,2
47410,4.771911,49.789465,2
47411,4.77389,49.78806,2
47412,4.77392,49.78708,2
47413,4.773978,49.788292,2
47414,4.77399,49.78838,2
47415,4.77374,49.78692,2
47416,4.772103,49.789425,2
47417,4.77373,49.78718,2
47418,4.77373,49.78744,2
47419,4.773786,49.787191,2
47420,4.77375,49.78666,2
47421,4.767826,49.783546,2
47422,4.77376,49.7864,2
47423,4.77376,49.78614,2
47424,4.77377,49.7859,2
47425,4.77353,49.78528,2
47426,4.77386,49.78679,2
47427,4.76897,49.78073,2
47428,4.77358,49.78539,2
47429,4.76657,49.7813,2
47430,4.7735,49.7847,2
47431,4.77374,49.78554,2
47432,4.77303,49.78429,2
47433,4.7737,49.78524,2
47434,4.77315,49.78451,2
47435,4.789848,49.806622,2
47436,4.7728,49.78432,2
47437,4.77944,49.78173,2
47438,4.77246,49.78413,2
47439,4.76909,49.78288,2
47440,4.77144,49.78369,2
47441,4.76508,49.78168,2
47442,4.77211,49.78394,2
47443,4.76508,49.78168,2
47444,4.76631,49.78164,2
47445,4.77099,49.78386,2
47446,4.76601,49.78176,2
47447,4.77178,49.7838,2
47448,4.76624,49.78188,2
47449,4.77115,49.78359,2
47450,4.76624,49.78188,2
47451,4.77091,49.78352,2
47452,4.76472,49.78146,2
47453,4.76975,49.78314,2
47454,4.76442,49.7806,2
47455,4.77068,49.78345,2
47456,4.76998,49.78323,2
47457,4.75264,49.77555,2
47458,4.77021,49.7833,2
47459,4.7645,49.78191,2
47460,4.76931,49.78296,2
47461,4.76391,49.78106,2
47462,4.76953,49.78305,2
47463,4.76207,49.77853,2
47464,4.76887,49.78279,2
47465,4.76263,49.77869,2
47466,4.76594,49.78145,2
47467,4.76551,49.77998,2
47468,4.76538,49.78094,2
47469,4.76843,49.78261,2
47470,4.76521,49.78027,2
47471,4.7656,49.7819,2
47472,4.76826,49.78254,2
47473,4.76817,49.7825,2
47474,4.76663,49.78114,2
47475,4.76808,49.78246,2
47476,4.76897,49.78073,2
47477,4.76884,49.78053,2
47478,4.76798,49.78242,2
47479,4.76776,49.78235,2
47480,4.76765,49.78232,2
47481,4.76788,49.78239,2
47482,4.76753,49.78229,2
47483,4.76742,49.78226,2
47484,4.76715,49.78223,2
47485,4.76654,49.7823,2
47486,4.76624,49.78233,2
47487,4.76252,49.77653,2
47488,4.76735,49.78288,2
47489,4.76252,49.77653,2
47490,4.76735,49.78288,2
47491,4.76565,49.78219,2
47492,4.76575,49.7821,2
47493,4.76508,49.78168,2
47494,4.76508,49.78168,2
47495,4.76549,49.78197,2
47496,4.76508,49.78168,2
47497,4.76508,49.78168,2
47498,4.7657,49.78183,2
47499,4.76581,49.78176,2
47500,4.7659,49.7817,2
47501,4.76591,49.7817,2
47502,4.76624,49.78188,2
47503,4.76635,49.78194,2
47504,4.77775,49.78143,2
47505,4.76647,49.782,2
47506,4.77775,49.78143,2
47507,4.76658,49.78207,2
47508,4.76671,49.7821,2
47509,4.76686,49.7821,2
47510,4.76596,49.78157,2
47511,4.76589,49.7815,2
47512,4.76582,49.78144,2
47513,4.76573,49.78135,2
47514,4.76538,49.78109,2
47515,4.7647,49.78075,2
47516,4.76521,49.78115,2
47517,4.76513,49.78119,2
47518,4.76504,49.78123,2
47519,4.76487,49.78131,2
47520,4.7649,49.78141,2
47521,4.7651,49.7816,2
47522,4.7653,49.78178,2
47523,4.7654,49.78188,2
47524,4.7654,49.78186,2
47525,4.76528,49.78197,2
47526,4.76557,49.78175,2
47527,4.76507,49.7821,2
47528,4.76523,49.78192,2
47529,4.76518,49.78187,2
47530,4.76513,49.78183,2
47531,4.76503,49.78173,2
47532,4.76508,49.78178,2
47533,4.76498,49.78169,2
47534,4.7697,49.78305,2
47535,4.76493,49.78164,2
47536,4.76488,49.7816,2
47537,4.76508,49.78168,2
47538,4.76483,49.78155,2
47539,4.76472,49.78146,2
47540,4.75264,49.77555,2
47541,4.75264,49.77555,2
47542,4.75264,49.77555,2
47543,4.76458,49.78133,2
47544,4.76445,49.78118,2
47545,4.76441,49.78113,2
47546,4.76432,49.78108,2
47547,4.76423,49.78102,2
47548,4.76555,49.78017,2
47549,4.76457,49.781,2
47550,4.76459,49.78107,2
47551,4.76413,49.78105,2
47552,4.76413,49.78105,2
47553,4.76447,49.78223,2
47554,4.76175,49.78366,2
47555,4.76453,49.7824,2
47556,4.76175,49.78366,2
47557,4.76428,49.78158,2
47558,4.76426,49.78137,2
47559,4.76449,49.78125,2
47560,4.76381,49.78115,2
47561,4.76196,49.78081,2
47562,4.76195,49.78068,2
47563,4.76391,49.78106,2
47564,4.76363,49.78108,2
47565,4.76363,49.78108,2
47566,4.76376,49.78104,2
47567,4.76389,49.781,2
47568,4.76415,49.78092,2
47569,4.76439,49.78207,2
47570,4.76391,49.78106,2
47571,4.76424,49.78049,2
47572,4.76424,49.78049,2
47573,4.76422,49.78047,2
47574,4.76378,49.78014,2
47575,4.76367,49.78005,2
47576,4.76356,49.77997,2
47577,4.76334,49.7798,2
47578,4.76312,49.77964,2
47579,4.7629,49.77947,2
47580,4.76274,49.77939,2
47581,4.76249,49.7793,2
47582,4.7623,49.77917,2
47583,4.76207,49.77853,2
47584,4.76251,49.77915,2
47585,4.76201,49.7777,2
47586,4.76202,49.77885,2
47587,4.76186,49.7785,2
47588,4.76179,49.77786,2
47589,4.76185,49.77763,2
47590,4.76195,49.77738,2
47591,4.76209,49.77716,2
47592,4.76252,49.77653,2
47593,4.76238,49.77672,2
47594,4.76224,49.77694,2
47595,4.76272,49.77636,2
47596,4.76293,49.77619,2
47597,4.76314,49.77603,2
47598,4.76221,49.77729,2
47599,4.76231,49.77712,2
47600,4.76242,49.77695,2
47601,4.76253,49.77679,2
47602,4.76265,49.77662,2
47603,4.76281,49.77647,2
47604,4.76299,49.77633,2
47605,4.76317,49.77618,2
47606,4.76335,49.77604,2
47607,4.76353,49.7759,2
47608,4.76356,49.77569,2
47609,4.76371,49.77575,2
47610,4.76335,49.77586,2
47611,4.76339,49.77661,2
47612,4.76359,49.77575,2
47613,4.76349,49.77599,2
47614,4.76338,49.77622,2
47615,4.76284,49.77741,2
47616,4.76316,49.7767,2
47617,4.76274,49.77764,2
47618,4.76262,49.77808,2
47619,4.76323,49.77798,2
47620,4.76256,49.77829,2
47621,4.76283,49.77766,2
47622,4.76259,49.7785,2
47623,4.76263,49.77869,2
47624,4.76283,49.77766,2
47625,4.447026,49.837872,2
47626,4.44448,49.84626,2
47627,4.44448,49.84626,2
47628,4.447342,49.860196,2
47629,4.447054,49.83788,2
47630,4.4463,49.84372,2
47631,4.4463,49.84372,2
47632,4.4463,49.84372,2
47633,4.44383,49.84727,2
47634,4.44379,49.84735,2
47635,4.443668,49.846329,2
47636,4.44379,49.84735,2
47637,4.443683,49.846679,2
47638,4.443625,49.846949,2
47639,4.443683,49.846679,2
47640,4.443684,49.847379,2
47641,4.44379,49.84735,2
47642,4.44448,49.84626,2
47643,4.44448,49.84626,2
47644,4.44448,49.84626,2
47645,4.44379,49.84735,2
47646,4.44379,49.84735,2
47647,4.443324,49.8484,2
47648,4.448062,49.850115,2
47649,4.444318,49.848257,2
47650,4.443556,49.848307,2
47651,4.443085,49.848665,2
47652,4.44379,49.84735,2
47653,4.443097,49.848952,2
47654,4.443097,49.848952,2
47655,4.443097,49.848952,2
47656,4.447072,49.86038,2
47657,4.447072,49.86038,2
47658,4.448291,49.85929,2
47659,4.447072,49.86038,2
47660,4.44747,49.86085,2
47661,4.44815,49.860577,2
47662,4.44715,49.860927,2
47663,4.44815,49.860577,2
47664,4.44815,49.860577,2
47665,4.446822,49.860726,2
47666,4.446888,49.860653,2
47667,4.443101,49.846365,2
47668,4.447235,49.860305,2
47669,4.444875,49.845948,2
47670,4.447456,49.838188,2
47671,4.4463,49.84372,2
47672,4.4463,49.84372,2
47673,4.4463,49.84372,2
47674,4.44379,49.84735,2
47675,4.44379,49.84735,2
47676,4.44383,49.84727,2
47677,4.447891,49.85971,2
47678,4.44484,49.845769,2
47679,4.37454,49.85081,2
47680,4.39331,49.84738,2
47681,4.41438,49.85382,2
47682,4.4014,49.86285,2
47683,4.401509,49.860624,2
47684,4.399011,49.85931,2
47685,4.393214,49.856147,2
47686,4.36836,49.85427,2
47687,4.389175,49.84453,2
47688,4.38972,49.84459,2
47689,4.390405,49.844384,2
47690,4.38972,49.84459,2
47691,4.390172,49.844819,2
47692,4.38933,49.84679,2
47693,4.39331,49.84738,2
47694,4.38972,49.84459,2
47695,4.391449,49.846163,2
47696,4.3913,49.846947,2
47697,4.38972,49.84459,2
47698,4.39331,49.84738,2
47699,4.38972,49.84459,2
47700,4.39331,49.84738,2
47701,4.38972,49.84459,2
47702,4.38933,49.84679,2
47703,4.38972,49.84459,2
47704,4.39141,49.84908,2
47705,4.38972,49.84459,2
47706,4.390088,49.847192,2
47707,4.3883,49.84473,2
47708,4.389153,49.84674,2
47709,4.3883,49.84473,2
47710,4.3883,49.84473,2
47711,4.38972,49.84459,2
47712,4.38972,49.84459,2
47713,4.3883,49.84473,2
47714,4.3883,49.84473,2
47715,4.3883,49.84473,2
47716,4.37459,49.84913,2
47717,4.387637,49.844287,2
47718,4.36836,49.85427,2
47719,4.36836,49.85427,2
47720,4.36836,49.85427,2
47721,4.36836,49.85427,2
47722,4.36836,49.85427,2
47723,4.36836,49.85427,2
47724,4.36836,49.85427,2
47725,4.36836,49.85427,2
47726,4.37497,49.84894,2
47727,4.36836,49.85427,2
47728,4.36836,49.85427,2
47729,4.37454,49.85081,2
47730,4.36836,49.85427,2
47731,4.36836,49.85427,2
47732,4.36836,49.85427,2
47733,4.36836,49.85427,2
47734,4.36836,49.85427,2
47735,4.36836,49.85427,2
47736,4.36836,49.85427,2
47737,4.36836,49.85427,2
47738,4.36836,49.85427,2
47739,4.374552,49.849097,2
47740,4.36836,49.85427,2
47741,4.387,49.86824,2
47742,4.36836,49.85427,2
47743,4.38933,49.84679,2
47744,4.387,49.86824,2
47745,4.37558,49.85088,2
47746,4.401509,49.860624,2
47747,4.4014,49.86285,2
47748,4.36836,49.85427,2
47749,4.4014,49.86285,2
47750,4.39331,49.84738,2
47751,4.38972,49.84459,2
47752,4.40504,49.87091,2
47753,4.39331,49.84738,2
47754,4.390997,49.84564,2
47755,4.39141,49.84908,2
47756,4.38972,49.84459,2
47757,4.37459,49.84913,2
47758,4.390349,49.842669,2
47759,4.390405,49.844384,2
47760,4.36836,49.85427,2
47761,4.36836,49.85427,2
47762,4.36836,49.85427,2
47763,4.36836,49.85427,2
47764,4.37666,49.85017,2
47765,4.36836,49.85427,2
47766,4.36836,49.85427,2
47767,4.36836,49.85427,2
47768,4.36836,49.85427,2
47769,4.36836,49.85427,2
47770,4.58406,49.60874,2
47771,4.594593,49.610626,2
47772,4.58406,49.60874,2
47773,4.58687,49.60787,2
47774,4.5841,49.60877,2
47775,4.58406,49.60874,2
47776,4.5841,49.60877,2
47777,4.5841,49.60877,2
47778,4.5841,49.60877,2
47779,4.583428,49.60733,2
47780,4.583257,49.607827,2
47781,4.58255,49.60636,2
47782,4.58255,49.60636,2
47783,4.58406,49.60874,2
47784,4.58406,49.60874,2
47785,4.58406,49.60874,2
47786,4.58406,49.60874,2
47787,4.58406,49.60874,2
47788,4.58687,49.60787,2
47789,4.58406,49.60874,2
47790,4.58406,49.60874,2
47791,4.58406,49.60874,2
47792,4.58687,49.60787,2
47793,4.58687,49.60787,2
47794,4.588662,49.607493,2
47795,4.58406,49.60874,2
47796,4.58406,49.60874,2
47797,4.58406,49.60874,2
47798,4.58406,49.60874,2
47799,4.58406,49.60874,2
47800,4.58406,49.60874,2
47801,4.58406,49.60874,2
47802,4.58583,49.607555,2
47803,4.58687,49.60787,2
47804,4.588542,49.607603,2
47805,4.5841,49.60877,2
47806,4.61231,49.61034,2
47807,4.61322,49.6095,2
47808,4.61274,49.61089,2
47809,4.61767,49.6118,2
47810,4.60962,49.61062,2
47811,4.61231,49.61034,2
47812,4.61231,49.61034,2
47813,4.618562,49.611713,2
47814,4.618562,49.611713,2
47815,4.618562,49.611713,2
47816,4.61624,49.61033,2
47817,4.6162,49.61045,2
47818,4.6162,49.61045,2
47819,4.61609,49.61041,2
47820,4.61448,49.60977,2
47821,4.61489,49.6093,2
47822,4.6141,49.60988,2
47823,4.61378,49.61003,2
47824,4.61327,49.61028,2
47825,4.61062,49.61042,2
47826,4.61335,49.60929,2
47827,4.61321,49.61023,2
47828,4.61321,49.61023,2
47829,4.61265,49.61017,2
47830,4.60962,49.61062,2
47831,4.61107,49.61041,2
47832,4.61183,49.61028,2
47833,4.60962,49.61062,2
47834,4.61153,49.61034,2
47835,4.61265,49.61017,2
47836,4.61062,49.61042,2
47837,4.61322,49.60972,2
47838,4.61322,49.60972,2
47839,4.6162,49.61045,2
47840,4.61306,49.60961,2
47841,4.6129,49.60966,2
47842,4.61503,49.60928,2
47843,4.61422,49.60894,2
47844,4.61322,49.6095,2
47845,4.61371,49.60925,2
47846,4.61474,49.60859,2
47847,4.61456,49.60854,2
47848,4.61477,49.60841,2
47849,4.61435,49.60868,2
47850,4.61368,49.60912,2
47851,4.6128,49.60956,2
47852,4.612241,49.609181,2
47853,4.61103,49.6103,2
47854,4.61265,49.60982,2
47855,4.60962,49.61062,2
47856,4.60962,49.61062,2
47857,4.61027,49.61055,2
47858,4.60986,49.61064,2
47859,4.60822,49.61093,2
47860,4.605402,49.611484,2
47861,4.591065,49.601482,2
47862,4.5912,49.60064,2
47863,4.613419,49.612034,2
47864,4.61321,49.61023,2
47865,4.6127,49.61049,2
47866,4.6127,49.61049,2
47867,4.6127,49.61049,2
47868,4.61339,49.60933,2
47869,4.6162,49.61045,2
47870,4.61321,49.61023,2
47871,4.61251,49.61078,2
47872,4.61302,49.60945,2
47873,4.612368,49.609871,2
47874,4.60945,49.61072,2
47875,4.60822,49.61093,2
47876,4.64098,49.65068,2
47877,4.64098,49.64713,2
47878,4.64098,49.65068,2
47879,4.65815,49.64206,2
47880,4.64052,49.65066,2
47881,4.65815,49.64206,2
47882,4.64098,49.65068,2
47883,4.650883,49.644495,2
47884,4.63995,49.65044,2
47885,4.63939,49.65029,2
47886,4.644897,49.647054,2
47887,4.64271,49.64914,2
47888,4.63834,49.64961,2
47889,4.64056,49.64839,2
47890,4.64081,49.65013,2
47891,4.64192,49.64943,2
47892,4.64204,49.64876,2
47893,4.64136,49.64892,2
47894,4.65893,49.6413,2
47895,4.6386,49.65169,2
47896,4.641003,49.649688,2
47897,4.63999,49.6499,2
47898,4.641003,49.649688,2
47899,4.64063,49.6485,2
47900,4.64063,49.64849,2
47901,4.641599,49.650018,2
47902,4.640958,49.650237,2
47903,4.641599,49.650018,2
47904,4.641726,49.649764,2
47905,4.641726,49.649764,2
47906,4.641726,49.649764,2
47907,4.641726,49.649764,2
47908,4.641727,49.649782,2
47909,4.641824,49.6504,2
47910,4.641823,49.650382,2
47911,4.64054,49.64835,2
47912,4.64139,49.649384,2
47913,4.64068,49.64857,2
47914,4.64069,49.64858,2
47915,4.64139,49.649384,2
47916,4.641376,49.649376,2
47917,4.6406,49.64845,2
47918,4.64162,49.64901,2
47919,4.641,49.648718,2
47920,4.641003,49.649688,2
47921,4.641181,49.649352,2
47922,4.64066,49.64854,2
47923,4.64066,49.64854,2
47924,4.64051,49.64802,2
47925,4.64051,49.64802,2
47926,4.64051,49.64802,2
47927,4.64051,49.64802,2
47928,4.64051,49.64802,2
47929,4.64051,49.64802,2
47930,4.64051,49.64802,2
47931,4.64051,49.64801,2
47932,4.64051,49.64801,2
47933,4.64051,49.64801,2
47934,4.64051,49.64801,2
47935,4.64051,49.64801,2
47936,4.641181,49.649352,2
47937,4.64071,49.64861,2
47938,4.64071,49.64861,2
47939,4.64071,49.64862,2
47940,4.64072,49.64864,2
47941,4.63787,49.64968,2
47942,4.64333,49.64852,2
47943,4.64071,49.64874,2
47944,4.63981,49.649,2
47945,4.63952,49.64909,2
47946,4.64077,49.64885,2
47947,4.64044,49.64895,2
47948,4.64266,49.64917,2
47949,4.63977,49.64914,2
47950,4.64266,49.64917,2
47951,4.63944,49.64924,2
47952,4.640171,49.649048,2
47953,4.63911,49.64933,2
47954,4.63922,49.64918,2
47955,4.63892,49.64926,2
47956,4.640179,49.648904,2
47957,4.64041,49.64883,2
47958,4.63832,49.64944,2
47959,4.63787,49.64956,2
47960,4.63043,49.64186,2
47961,4.63802,49.64952,2
47962,4.63811,49.64962,2
47963,4.63832,49.64973,2
47964,4.63906,49.64995,2
47965,4.63787,49.64962,2
47966,4.63666,49.64945,2
47967,4.63666,49.64945,2
47968,4.63666,49.64945,2
47969,4.63666,49.64945,2
47970,4.63787,49.64962,2
47971,4.63666,49.64945,2
47972,4.63666,49.64945,2
47973,4.6386,49.65169,2
47974,4.6386,49.65169,2
47975,4.6386,49.65169,2
47976,4.6386,49.65169,2
47977,4.6386,49.65169,2
47978,4.6386,49.65169,2
47979,4.6386,49.65169,2
47980,4.63856,49.65145,2
47981,4.6386,49.65169,2
47982,4.6386,49.65169,2
47983,4.63999,49.6499,2
47984,4.6386,49.65169,2
47985,4.6386,49.65169,2
47986,4.63743,49.64981,2
47987,4.6386,49.65169,2
47988,4.6386,49.65169,2
47989,4.6386,49.65169,2
47990,4.6386,49.65169,2
47991,4.6386,49.65169,2
47992,4.6386,49.65169,2
47993,4.63787,49.64962,2
47994,4.63787,49.64962,2
47995,4.63772,49.64972,2
47996,4.63701,49.64982,2
47997,4.63695,49.64984,2
47998,4.6386,49.65169,2
47999,4.6386,49.65169,2
48000,4.6386,49.65169,2
48001,4.63765,49.64927,2
48002,4.63771,49.64951,2
48003,4.63744,49.64853,2
48004,4.63771,49.64951,2
48005,4.63707,49.6498,2
48006,4.63726,49.64834,2
48007,4.63751,49.64879,2
48008,4.63726,49.64834,2
48009,4.63702,49.64788,2
48010,4.63738,49.64856,2
48011,4.636866,49.647557,2
48012,4.64172,49.65007,2
48013,4.63651,49.6478,2
48014,4.64172,49.65007,2
48015,4.636555,49.647724,2
48016,4.64172,49.65007,2
48017,4.64172,49.65007,2
48018,4.63298,49.64781,2
48019,4.64172,49.65007,2
48020,4.636516,49.647474,2
48021,4.64172,49.65007,2
48022,4.63651,49.64768,2
48023,4.63335,49.64776,2
48024,4.63605,49.64772,2
48025,4.63605,49.64772,2
48026,4.63605,49.64772,2
48027,4.63351,49.64774,2
48028,4.63605,49.64772,2
48029,4.64046,49.64824,2
48030,4.639864,49.64776,2
48031,4.64046,49.64824,2
48032,4.64046,49.64824,2
48033,4.63951,49.64673,2
48034,4.64046,49.64824,2
48035,4.63951,49.64673,2
48036,4.63976,49.64712,2
48037,4.64172,49.65007,2
48038,4.64172,49.65007,2
48039,4.63898,49.64597,2
48040,4.6386,49.65169,2
48041,4.6386,49.65169,2
48042,4.6386,49.65169,2
48043,4.6386,49.65169,2
48044,4.6398,49.64688,2
48045,4.640244,49.6476,2
48046,4.64045,49.64787,2
48047,4.640467,49.647938,2
48048,4.640467,49.647938,2
48049,4.64081,49.64877,2
48050,4.640528,49.648359,2
48051,4.64079,49.64874,2
48052,4.640528,49.648359,2
48053,4.634739,49.64333,2
48054,4.64078,49.64872,2
48055,4.641599,49.650018,2
48056,4.64076,49.64869,2
48057,4.641599,49.650018,2
48058,4.64076,49.64869,2
48059,4.641599,49.650018,2
48060,4.641599,49.650018,2
48061,4.641599,49.650018,2
48062,4.641599,49.650018,2
48063,4.64073,49.64865,2
48064,4.640689,49.648248,2
48065,4.640674,49.648239,2
48066,4.640528,49.648359,2
48067,4.64513,49.65525,2
48068,4.6428,49.64878,2
48069,4.642074,49.650728,2
48070,4.645626,49.659807,2
48071,4.64144,49.64851,2
48072,4.64156,49.64847,2
48073,4.64168,49.64843,2
48074,4.6418,49.64839,2
48075,4.6418,49.64839,2
48076,4.6418,49.64839,2
48077,4.64192,49.64835,2
48078,4.64192,49.64835,2
48079,4.64192,49.64835,2
48080,4.64202,49.64828,2
48081,4.64209,49.64809,2
48082,4.64098,49.64713,2
48083,4.64193,49.64815,2
48084,4.64183,49.64801,2
48085,4.64172,49.64788,2
48086,4.64157,49.64776,2
48087,4.64142,49.64764,2
48088,4.64142,49.64764,2
48089,4.64209,49.64809,2
48090,4.64108,49.64715,2
48091,4.64172,49.64769,2
48092,4.64077,49.64591,2
48093,4.64087,49.64689,2
48094,4.64055,49.6465,2
48095,4.64058,49.64591,2
48096,4.64082,49.64533,2
48097,4.63964,49.64598,2
48098,4.64294,49.64798,2
48099,4.63939,49.64597,2
48100,4.63964,49.64598,2
48101,4.63964,49.64598,2
48102,4.64172,49.649,2
48103,4.63964,49.64598,2
48104,4.640611,49.645904,2
48105,4.64231,49.64832,2
48106,4.640199,49.644762,2
48107,4.64303,49.64778,2
48108,4.64294,49.64798,2
48109,4.644136,49.647373,2
48110,4.65328,49.64389,2
48111,4.64273,49.6481,2
48112,4.643304,49.645808,2
48113,4.64336,49.64776,2
48114,4.64252,49.64821,2
48115,4.643784,49.647542,2
48116,4.64315,49.64787,2
48117,4.6428,49.64878,2
48118,4.64988,49.6448,2
48119,4.64172,49.65007,2
48120,4.65328,49.64389,2
48121,4.64077,49.64885,2
48122,4.64387,49.64753,2
48123,4.64483,49.65408,2
48124,4.64805,49.64575,2
48125,4.643433,49.647737,2
48126,4.64471,49.64718,2
48127,4.647685,49.645994,2
48128,4.64077,49.64885,2
48129,4.64212,49.64839,2
48130,4.64077,49.64885,2
48131,4.64212,49.64839,2
48132,4.64077,49.64885,2
48133,4.64077,49.64885,2
48134,4.64721,49.64611,2
48135,4.64077,49.64885,2
48136,4.64221,49.6485,2
48137,4.64077,49.64885,2
48138,4.64225,49.64856,2
48139,4.64241,49.64884,2
48140,4.6423,49.64861,2
48141,4.64234,49.64867,2
48142,4.64239,49.64872,2
48143,4.64246,49.64879,2
48144,4.64253,49.64885,2
48145,4.64253,49.64885,2
48146,4.64278,49.64908,2
48147,4.64273,49.64903,2
48148,4.64284,49.64914,2
48149,4.64172,49.65007,2
48150,4.64289,49.6492,2
48151,4.650883,49.644495,2
48152,4.642918,49.649194,2
48153,4.64172,49.65007,2
48154,4.64339,49.64963,2
48155,4.64334,49.64995,2
48156,4.64513,49.65525,2
48157,4.64271,49.64914,2
48158,4.64298,49.64946,2
48159,4.6428,49.64878,2
48160,4.64298,49.64946,2
48161,4.64321,49.64983,2
48162,4.64321,49.64983,2
48163,4.64321,49.65025,2
48164,4.64271,49.64914,2
48165,4.64266,49.64917,2
48166,4.643363,49.65047,2
48167,4.64243,49.64962,2
48168,4.64221,49.6496,2
48169,4.64221,49.6496,2
48170,4.64203,49.64988,2
48171,4.6418,49.64998,2
48172,4.64223,49.64976,2
48173,4.641727,49.649782,2
48174,4.64057,49.6484,2
48175,4.64166,49.64955,2
48176,4.64179,49.64949,2
48177,4.64179,49.64949,2
48178,4.64218,49.64931,2
48179,4.64205,49.64937,2
48180,4.63765,49.64927,2
48181,4.64191,49.64881,2
48182,4.63765,49.64927,2
48183,4.64178,49.64887,2
48184,4.64166,49.64895,2
48185,4.6415,49.64907,2
48186,4.6413,49.64874,2
48187,4.64136,49.64892,2
48188,4.64136,49.64892,2
48189,4.6386,49.65169,2
48190,4.6386,49.65169,2
48191,4.6428,49.64878,2
48192,4.63744,49.64853,2
48193,4.64051,49.64802,2
48194,4.64051,49.64801,2
48195,4.63666,49.64945,2
48196,4.6386,49.65169,2
48197,4.636904,49.649623,2
48198,4.64172,49.65007,2
48199,4.63249,49.6476,2
48200,4.63605,49.64772,2
48201,4.633923,49.647658,2
48202,4.618998,49.630132,2
48203,4.618998,49.630132,2
48204,4.641599,49.650018,2
48205,4.64172,49.649,2
48206,4.63772,49.64972,2
48207,4.63772,49.64972,2
48208,4.63043,49.64186,2
48209,4.642937,49.648699,2
48210,4.6386,49.65169,2
48211,4.63043,49.64186,2
48212,4.63605,49.64772,2
48213,4.64321,49.65025,2
48214,4.63964,49.64598,2
48215,4.64179,49.64949,2
48216,4.64483,49.65408,2
48217,4.64172,49.65007,2
48218,4.64172,49.65007,2
48219,4.63743,49.64981,2
48220,4.646497,49.657346,2
48221,4.64336,49.64776,2
48222,4.63743,49.64981,2
48223,4.6428,49.64878,2
48224,4.646497,49.657346,2
48225,4.6428,49.64878,2
48226,4.63743,49.64981,2
48227,4.63043,49.64186,2
48228,4.63043,49.64186,2
48229,4.64071,49.64874,2
48230,4.64071,49.64874,2
48231,4.653925,49.656351,2
48232,4.63605,49.64772,2
48233,4.63605,49.64772,2
48234,4.63605,49.64772,2
48235,4.63701,49.64982,2
48236,4.63701,49.64982,2
48237,4.63701,49.64982,2
48238,4.63701,49.64982,2
48239,4.63695,49.64984,2
48240,4.63695,49.64984,2
48241,4.643492,49.621492,2
48242,4.645626,49.659807,2
48243,4.64035,49.64806,2
48244,4.64034,49.64806,2
48245,4.64498,49.65441,2
48246,4.644835,49.653955,2
48247,4.644835,49.653955,2
48248,4.64513,49.65525,2
48249,4.644835,49.653955,2
48250,4.64517,49.65503,2
48251,4.64498,49.65452,2
48252,4.6449,49.6543,2
48253,4.644622,49.653528,2
48254,4.644651,49.653563,2
48255,4.64037,49.6481,2
48256,4.642973,49.651645,2
48257,4.642973,49.651645,2
48258,4.642973,49.651645,2
48259,4.642973,49.651645,2
48260,4.643863,49.652347,2
48261,4.643892,49.652374,2
48262,4.643892,49.652374,2
48263,4.643877,49.652365,2
48264,4.643877,49.652365,2
48265,4.642973,49.651645,2
48266,4.64041,49.64816,2
48267,4.642973,49.651645,2
48268,4.64483,49.65408,2
48269,4.64241,49.651432,2
48270,4.64044,49.6482,2
48271,4.6386,49.65169,2
48272,4.642853,49.651136,2
48273,4.6386,49.65169,2
48274,4.64213,49.65148,2
48275,4.645626,49.659807,2
48276,4.64518,49.65522,2
48277,4.642839,49.651118,2
48278,4.641545,49.647603,2
48279,4.64044,49.6482,2
48280,4.64517,49.65503,2
48281,4.642839,49.651118,2
48282,4.642939,49.651188,2
48283,4.64046,49.64824,2
48284,4.64045,49.64822,2
48285,4.64046,49.64823,2
48286,4.64048,49.64826,2
48287,4.642939,49.651188,2
48288,4.642274,49.650563,2
48289,4.64048,49.64827,2
48290,4.64258,49.651213,2
48291,4.642074,49.650728,2
48292,4.64052,49.64833,2
48293,4.642939,49.651188,2
48294,4.642274,49.650563,2
48295,4.64007,49.65038,2
48296,4.64049,49.64828,2
48297,4.64062,49.64848,2
48298,4.64098,49.65068,2
48299,4.642074,49.650728,2
48300,4.635015,49.643019,2
48301,4.642274,49.650563,2
48302,4.641181,49.649352,2
48303,4.63714,49.6499,2
48304,4.641966,49.650173,2
48305,4.64174,49.649782,2
48306,4.63605,49.64772,2
48307,4.64052,49.64832,2
48308,4.63605,49.64772,2
48309,4.64134,49.65071,2
48310,4.63605,49.64772,2
48311,4.64055,49.64837,2
48312,4.63927,49.64634,2
48313,4.6421,49.649784,2
48314,4.63927,49.64634,2
48315,4.641965,49.650164,2
48316,4.6405,49.6483,2
48317,4.641181,49.649352,2
48318,4.64053,49.64834,2
48319,4.64144,49.64851,2
48320,4.64098,49.65068,2
48321,4.6418,49.64839,2
48322,4.64098,49.65068,2
48323,4.6418,49.64839,2
48324,4.64098,49.65068,2
48325,4.64172,49.64769,2
48326,4.63225,49.93574,2
48327,4.63042,49.93446,2
48328,4.63133,49.93626,2
48329,4.63143,49.93602,2
48330,4.63143,49.93602,2
48331,4.63143,49.93602,2
48332,4.63143,49.93602,2
48333,4.63143,49.93602,2
48334,4.63133,49.93626,2
48335,4.63143,49.93602,2
48336,4.63143,49.93602,2
48337,4.63194,49.93549,2
48338,4.63183,49.93666,2
48339,4.63209,49.93649,2
48340,4.63235,49.93632,2
48341,4.63261,49.93614,2
48342,4.63285,49.93599,2
48343,4.63303,49.93615,2
48344,4.63322,49.93627,2
48345,4.63282,49.93618,2
48346,4.63296,49.93627,2
48347,4.63309,49.93635,2
48348,4.62699,49.93309,2
48349,4.63341,49.93638,2
48350,4.63323,49.93643,2
48351,4.63307,49.93584,2
48352,4.63328,49.9357,2
48353,4.62753,49.93302,2
48354,4.62753,49.93302,2
48355,4.6335,49.93555,2
48356,4.6335,49.93555,2
48357,4.6335,49.93555,2
48358,4.63026,49.93649,2
48359,4.6335,49.93555,2
48360,4.6335,49.93555,2
48361,4.63326,49.93555,2
48362,4.63026,49.93649,2
48363,4.63263,49.93591,2
48364,4.63026,49.93649,2
48365,4.63336,49.93652,2
48366,4.63351,49.9366,2
48367,4.63341,49.93668,2
48368,4.6333,49.93675,2
48369,4.6332,49.93683,2
48370,4.63309,49.93691,2
48371,4.63299,49.93698,2
48372,4.63288,49.93706,2
48373,4.63211,49.93746,2
48374,4.63243,49.93736,2
48375,4.6326,49.93733,2
48376,4.63277,49.93729,2
48377,4.6329,49.93721,2
48378,4.63303,49.93712,2
48379,4.63315,49.93704,2
48380,4.63327,49.93695,2
48381,4.6334,49.93686,2
48382,4.63352,49.93677,2
48383,4.63364,49.93668,2
48384,4.6336,49.9365,2
48385,4.63026,49.93649,2
48386,4.63385,49.9373,2
48387,4.63225,49.93574,2
48388,4.63313,49.93798,2
48389,4.63026,49.93649,2
48390,4.63334,49.93761,2
48391,4.63387,49.93681,2
48392,4.63362,49.93733,2
48393,4.63216,49.93578,2
48394,4.6324,49.93577,2
48395,4.63186,49.9356,2
48396,4.63079,49.93491,2
48397,4.63152,49.93538,2
48398,4.63115,49.93515,2
48399,4.63019,49.93503,2
48400,4.63035,49.93463,2
48401,4.63131,49.93508,2
48402,4.6311,49.93495,2
48403,4.63089,49.93481,2
48404,4.63068,49.93468,2
48405,4.63042,49.93467,2
48406,4.63225,49.93574,2
48407,4.63048,49.93431,2
48408,4.63054,49.93417,2
48409,4.6306,49.93402,2
48410,4.63066,49.93388,2
48411,4.63062,49.93347,2
48412,4.63048,49.93385,2
48413,4.63042,49.93399,2
48414,4.6303,49.93428,2
48415,4.63002,49.93498,2
48416,4.62935,49.93417,2
48417,4.62963,49.93425,2
48418,4.6302,49.93442,2
48419,4.62991,49.93434,2
48420,4.6301,49.93479,2
48421,4.62995,49.93517,2
48422,4.63036,49.93414,2
48423,4.63047,49.93454,2
48424,4.62979,49.93556,2
48425,4.63011,49.93523,2
48426,4.63003,49.93543,2
48427,4.62987,49.93537,2
48428,4.63043,49.93415,2
48429,4.63015,49.93634,2
48430,4.6304,49.9365,2
48431,4.62965,49.93602,2
48432,4.62974,49.93601,2
48433,4.62961,49.93593,2
48434,4.62948,49.93607,2
48435,4.62878,49.93622,2
48436,4.62932,49.93595,2
48437,4.62927,49.93592,2
48438,4.62931,49.93576,2
48439,4.62905,49.93557,2
48440,4.62916,49.93565,2
48441,4.62875,49.93531,2
48442,4.62891,49.93565,2
48443,4.62874,49.93552,2
48444,4.62857,49.93534,2
48445,4.62845,49.93522,2
48446,4.62861,49.93517,2
48447,4.62854,49.9351,2
48448,4.62817,49.93471,2
48449,4.62831,49.93485,2
48450,4.6284,49.93516,2
48451,4.62831,49.93507,2
48452,4.62823,49.93498,2
48453,4.62811,49.93486,2
48454,4.62865,49.93543,2
48455,4.62797,49.93472,2
48456,4.62789,49.93463,2
48457,4.62776,49.93427,2
48458,4.62753,49.93302,2
48459,4.62744,49.93312,2
48460,4.62744,49.93312,2
48461,4.6271,49.93352,2
48462,4.6271,49.93337,2
48463,4.6275,49.93266,2
48464,4.62785,49.93228,2
48465,4.62797,49.9323,2
48466,4.62718,49.93283,2
48467,4.62731,49.93263,2
48468,4.63026,49.93649,2
48469,4.63026,49.93649,2
48470,4.42272,49.42891,2
48471,4.42272,49.42891,2
48472,4.4213,49.42855,2
48473,4.42382,49.42789,2
48474,4.43358,49.41915,2
48475,4.41732,49.43027,2
48476,4.41831,49.4276,2
48477,4.42241,49.42892,2
48478,4.42251,49.42882,2
48479,4.42213,49.42869,2
48480,4.42172,49.42859,2
48481,4.42123,49.4286,2
48482,4.42083,49.4285,2
48483,4.42043,49.4284,2
48484,4.42006,49.4283,2
48485,4.41961,49.42795,2
48486,4.41987,49.42803,2
48487,4.42023,49.42742,2
48488,4.42017,49.42737,2
48489,4.42017,49.42737,2
48490,4.41974,49.42821,2
48491,4.41941,49.42811,2
48492,4.41909,49.42801,2
48493,4.41871,49.42811,2
48494,4.41831,49.4276,2
48495,4.41873,49.42773,2
48496,4.4213,49.42855,2
48497,4.4183,49.42849,2
48498,4.4213,49.42855,2
48499,4.4213,49.42855,2
48500,4.4213,49.42855,2
48501,4.4213,49.42855,2
48502,4.4213,49.42855,2
48503,4.41815,49.42811,2
48504,4.41787,49.42841,2
48505,4.41788,49.42993,2
48506,4.41799,49.42872,2
48507,4.41795,49.42897,2
48508,4.41791,49.42922,2
48509,4.41598,49.43002,2
48510,4.4213,49.42855,2
48511,4.41732,49.43027,2
48512,4.41732,49.43027,2
48513,4.42272,49.42891,2
48514,4.42164,49.42869,2
48515,4.42131,49.42849,2
48516,4.4209,49.42839,2
48517,4.4213,49.42855,2
48518,4.4213,49.42855,2
48519,4.4213,49.42855,2
48520,4.4182,49.42778,2
48521,4.41797,49.42808,2
48522,4.41788,49.42993,2
48523,4.4178,49.42877,2
48524,4.41788,49.42993,2
48525,4.41788,49.42993,2
48526,4.42241,49.42892,2
48527,4.41933,49.42795,2
48528,4.41797,49.42808,2
48529,4.41797,49.42808,2
48530,4.42017,49.42737,2
48531,4.4213,49.42855,2
48532,4.4213,49.42855,2
48533,4.41788,49.42993,2
48534,4.41941,49.42811,2
48535,4.4178,49.42877,2
48536,4.4178,49.42877,2
48537,4.42006,49.4283,2
48538,4.42006,49.4283,2
48539,4.42056,49.42703,2
48540,5.04907,49.70195,2
48541,5.05037,49.70179,2
48542,5.05085,49.70169,2
48543,5.04605,49.69029,2
48544,5.04605,49.69029,2
48545,5.047749,49.695491,2
48546,5.047749,49.695491,2
48547,5.047559,49.697903,2
48548,5.047876,49.697626,2
48549,5.047559,49.697912,2
48550,5.047559,49.697912,2
48551,5.047559,49.697912,2
48552,5.05133,49.70031,2
48553,5.048262,49.698885,2
48554,5.047559,49.697912,2
48555,5.047559,49.697912,2
48556,5.049825,49.699353,2
48557,5.05133,49.70031,2
48558,5.04856,49.69893,2
48559,5.045725,49.698591,2
48560,5.04956,49.69928,2
48561,5.04979,49.69925,2
48562,5.05065,49.69979,2
48563,5.05053,49.69988,2
48564,5.04861,49.70057,2
48565,5.05174,49.70054,2
48566,5.04823,49.70089,2
48567,5.0516,49.70061,2
48568,5.04825,49.70116,2
48569,5.05133,49.70031,2
48570,5.04837,49.70166,2
48571,5.047701,49.698763,2
48572,5.04945,49.7004,2
48573,5.05214,49.70106,2
48574,5.0446,49.7014,2
48575,5.05199,49.70074,2
48576,5.04774,49.69885,2
48577,5.04812,49.699,2
48578,5.04908,49.70302,2
48579,5.04819,49.69916,2
48580,5.05094,49.70165,2
48581,5.04812,49.699,2
48582,5.04827,49.69932,2
48583,5.04799,49.69912,2
48584,5.04804,49.69922,2
48585,5.04809,49.69933,2
48586,5.04814,49.69944,2
48587,5.04819,49.69955,2
48588,5.04818,49.69964,2
48589,5.04835,49.69948,2
48590,5.04841,49.69963,2
48591,5.04847,49.69976,2
48592,5.04908,49.70302,2
48593,5.04929,49.69992,2
48594,5.04907,49.70195,2
48595,5.04825,49.6997,2
48596,5.04834,49.69989,2
48597,5.0484,49.70001,2
48598,5.04842,49.70006,2
48599,5.04844,49.70011,2
48600,5.04846,49.70015,2
48601,5.04848,49.7002,2
48602,5.0485,49.70025,2
48603,5.04853,49.70031,2
48604,5.04856,49.7004,2
48605,5.04858,49.7005,2
48606,5.04858,49.7,2
48607,5.04862,49.7001,2
48608,5.04867,49.70019,2
48609,5.04871,49.70031,2
48610,5.04875,49.70045,2
48611,5.0481,49.70059,2
48612,5.04821,49.70068,2
48613,5.04822,49.70075,2
48614,5.04822,49.70082,2
48615,5.04823,49.70089,2
48616,5.04823,49.70089,2
48617,5.04823,49.70089,2
48618,5.04824,49.70095,2
48619,5.04873,49.70101,2
48620,5.04824,49.70102,2
48621,5.04825,49.70109,2
48622,5.04792,49.70159,2
48623,5.04797,49.70159,2
48624,5.04802,49.70158,2
48625,5.04808,49.70158,2
48626,5.04813,49.70157,2
48627,5.04874,49.70152,2
48628,5.04739,49.70308,2
48629,5.0483,49.70227,2
48630,5.04814,49.70193,2
48631,5.04821,49.70227,2
48632,5.0483,49.70227,2
48633,5.04822,49.70168,2
48634,5.04829,49.70167,2
48635,5.04837,49.70166,2
48636,5.04837,49.70166,2
48637,5.04837,49.70166,2
48638,5.04877,49.70163,2
48639,5.04977,49.70136,2
48640,5.04952,49.70112,2
48641,5.0494,49.70089,2
48642,5.04952,49.70072,2
48643,5.04958,49.70058,2
48644,5.04962,49.70042,2
48645,5.04929,49.69992,2
48646,5.04941,49.70053,2
48647,5.04929,49.69992,2
48648,5.04929,49.69992,2
48649,5.0496,49.69987,2
48650,5.04944,49.69997,2
48651,5.04937,49.70067,2
48652,5.04904,49.70073,2
48653,5.04873,49.70101,2
48654,5.04811,49.69979,2
48655,5.04805,49.69995,2
48656,5.04798,49.7001,2
48657,5.04792,49.70025,2
48658,5.04786,49.7004,2
48659,5.04783,49.70056,2
48660,5.04782,49.70069,2
48661,5.04782,49.70078,2
48662,5.04782,49.70087,2
48663,5.04782,49.70096,2
48664,5.04721,49.70096,2
48665,5.04782,49.70117,2
48666,5.04739,49.70308,2
48667,5.048,49.70133,2
48668,5.04782,49.70149,2
48669,5.0478,49.70169,2
48670,5.04776,49.70181,2
48671,5.04771,49.70192,2
48672,5.0472,49.70198,2
48673,5.04608,49.70186,2
48674,5.05053,49.69988,2
48675,5.04527,49.70174,2
48676,5.04482,49.70164,2
48677,5.04799,49.70167,2
48678,5.04785,49.70204,2
48679,5.04782,49.70212,2
48680,5.0483,49.70227,2
48681,5.04778,49.7022,2
48682,5.0483,49.70227,2
48683,5.04775,49.70227,2
48684,5.04766,49.70205,2
48685,5.0476,49.7022,2
48686,5.04739,49.70308,2
48687,5.04739,49.70308,2
48688,5.04739,49.70308,2
48689,5.04739,49.70308,2
48690,5.04739,49.70308,2
48691,5.04798,49.7017,2
48692,5.04798,49.7017,2
48693,5.04798,49.7017,2
48694,5.04739,49.70308,2
48695,5.04739,49.70308,2
48696,5.04739,49.70308,2
48697,5.04724,49.7032,2
48698,5.04741,49.70472,2
48699,5.04722,49.70451,2
48700,5.0474,49.70577,2
48701,5.05066,49.70294,2
48702,5.04696,49.70677,2
48703,5.04722,49.70451,2
48704,5.04724,49.70513,2
48705,5.04723,49.70575,2
48706,5.04706,49.70635,2
48707,5.04665,49.70691,2
48708,5.04644,49.70792,2
48709,5.04821,49.70331,2
48710,5.04744,49.70416,2
48711,5.04732,49.70406,2
48712,5.04751,49.70386,2
48713,5.04771,49.70365,2
48714,5.04757,49.70402,2
48715,5.04782,49.70375,2
48716,5.04795,49.70362,2
48717,5.04821,49.70331,2
48718,5.0481,49.7035,2
48719,5.0483,49.70341,2
48720,5.04861,49.70271,2
48721,5.04876,49.70298,2
48722,5.04852,49.70317,2
48723,5.0483,49.70227,2
48724,5.0483,49.70227,2
48725,5.04861,49.70307,2
48726,5.04853,49.70291,2
48727,5.04835,49.70258,2
48728,5.04846,49.70244,2
48729,5.04826,49.70242,2
48730,5.0485,49.70332,2
48731,5.0487,49.70323,2
48732,5.04882,49.70317,2
48733,5.04893,49.70314,2
48734,5.04904,49.70311,2
48735,5.04915,49.70307,2
48736,5.04926,49.70304,2
48737,5.04913,49.7026,2
48738,5.04936,49.70301,2
48739,5.05366,49.7101,2
48740,5.05366,49.7101,2
48741,5.04975,49.70288,2
48742,5.04989,49.70276,2
48743,5.05006,49.70286,2
48744,5.05098,49.70299,2
48745,5.05158,49.70316,2
48746,5.0513,49.70304,2
48747,5.05185,49.70328,2
48748,5.05213,49.7034,2
48749,5.05133,49.70031,2
48750,5.05268,49.70364,2
48751,5.05293,49.70377,2
48752,5.05318,49.70392,2
48753,5.05113,49.70289,2
48754,5.05271,49.70351,2
48755,5.0503,49.70273,2
48756,5.05031,49.70259,2
48757,5.05012,49.70275,2
48758,5.05033,49.70231,2
48759,5.05035,49.7022,2
48760,5.0504,49.70209,2
48761,5.05059,49.70211,2
48762,5.05145,49.70192,2
48763,5.05068,49.70106,2
48764,5.05067,49.70167,2
48765,5.05062,49.70154,2
48766,5.05103,49.70172,2
48767,5.05121,49.70175,2
48768,5.05139,49.70178,2
48769,5.05094,49.70165,2
48770,5.05094,49.70165,2
48771,5.05094,49.70165,2
48772,5.05094,49.70165,2
48773,5.05094,49.70165,2
48774,5.05094,49.70165,2
48775,5.05133,49.70031,2
48776,5.05238,49.70197,2
48777,5.05299,49.70209,2
48778,5.05134,49.70165,2
48779,5.05178,49.70185,2
48780,5.05068,49.70106,2
48781,5.05094,49.70165,2
48782,5.05014,49.70247,2
48783,5.05014,49.70238,2
48784,5.05015,49.70228,2
48785,5.05049,49.70164,2
48786,5.05032,49.70162,2
48787,5.04983,49.7016,2
48788,5.05036,49.70151,2
48789,5.05023,49.7015,2
48790,5.0501,49.70149,2
48791,5.04997,49.70149,2
48792,5.04957,49.7016,2
48793,5.05094,49.70165,2
48794,5.0494,49.7016,2
48795,5.04917,49.70161,2
48796,5.04894,49.70162,2
48797,5.04875,49.70164,2
48798,5.0488,49.70174,2
48799,5.04884,49.70185,2
48800,5.04888,49.70196,2
48801,5.04893,49.70206,2
48802,5.04896,49.70169,2
48803,5.04907,49.70195,2
48804,5.04914,49.70213,2
48805,5.04916,49.70221,2
48806,5.048913,49.702276,2
48807,5.04919,49.7023,2
48808,5.04908,49.70221,2
48809,5.04908,49.70221,2
48810,5.04908,49.70221,2
48811,5.04908,49.70221,2
48812,5.04908,49.70221,2
48813,5.04908,49.70221,2
48814,5.04908,49.70221,2
48815,5.04908,49.70221,2
48816,5.04908,49.70221,2
48817,5.04908,49.70221,2
48818,5.04897,49.70218,2
48819,5.045822,49.705894,2
48820,5.045808,49.705894,2
48821,5.044652,49.707861,2
48822,5.044652,49.707861,2
48823,5.044938,49.707765,2
48824,5.044951,49.707756,2
48825,5.045264,49.70765,2
48826,5.044882,49.707236,2
48827,5.045129,49.707195,2
48828,5.045129,49.707195,2
48829,5.045453,49.707035,2
48830,5.045827,49.706505,2
48831,5.04565,49.706563,2
48832,5.045963,49.706448,2
48833,5.045963,49.706448,2
48834,5.045963,49.706448,2
48835,5.045958,49.706367,2
48836,5.045546,49.706691,2
48837,5.045546,49.706691,2
48838,5.045546,49.706691,2
48839,5.045353,49.707235,2
48840,5.045353,49.707235,2
48841,5.04989,49.70276,2
48842,5.04962,49.70042,2
48843,5.04724,49.7032,2
48844,5.04724,49.7032,2
48845,5.05133,49.70031,2
48846,5.04823,49.70089,2
48847,5.05034,49.70288,2
48848,5.05034,49.70288,2
48849,5.04722,49.70451,2
48850,5.04722,49.70451,2
48851,5.04979,49.69925,2
48852,5.05037,49.70179,2
48853,5.04908,49.70302,2
48854,5.04989,49.70276,2
48855,5.04989,49.70276,2
48856,5.05241,49.70193,2
48857,5.05241,49.70193,2
48858,5.05089,49.7021,2
48859,5.05089,49.7021,2
48860,5.05213,49.7034,2
48861,5.05213,49.7034,2
48862,5.04908,49.70302,2
48863,5.04908,49.70302,2
48864,5.05113,49.70218,2
48865,4.44098,49.44146,2
48866,4.44098,49.44146,2
48867,4.44098,49.44146,2
48868,4.439729,49.436465,2
48869,4.44099,49.437323,2
48870,4.44098,49.44146,2
48871,4.44098,49.44146,2
48872,4.44344,49.438916,2
48873,4.44098,49.44146,2
48874,4.41974,49.42821,2
48875,4.44777,49.43795,2
48876,4.446063,49.438699,2
48877,4.447711,49.437907,2
48878,4.447346,49.438075,2
48879,4.445824,49.440267,2
48880,4.443932,49.439824,2
48881,4.4213,49.42855,2
48882,4.443312,49.440167,2
48883,4.4428,49.440446,2
48884,4.441789,49.440993,2
48885,4.441789,49.440993,2
48886,4.44098,49.44146,2
48887,4.44777,49.43795,2
48888,4.44777,49.43795,2
48889,4.439729,49.436465,2
48890,4.440578,49.437007,2
48891,4.440578,49.437007,2
48892,4.440578,49.437007,2
48893,4.440991,49.437332,2
48894,4.443157,49.438741,2
48895,4.442846,49.438549,2
48896,4.442832,49.43854,2
48897,4.44344,49.438916,2
48898,4.44098,49.44146,2
48899,4.44098,49.44146,2
48900,4.44375,49.439099,2
48901,4.444103,49.439309,2
48902,4.444103,49.439309,2
48903,4.444401,49.439501,2
48904,4.445388,49.439043,2
48905,4.4209,49.42839,2
48906,4.44777,49.43795,2
48907,4.42123,49.4286,2
48908,4.447225,49.43814,2
48909,4.447225,49.43814,2
48910,4.447225,49.43814,2
48911,4.447225,49.43814,2
48912,4.44479,49.4393,2
48913,4.41933,49.42795,2
48914,4.44777,49.43795,2
48915,4.41909,49.42801,2
48916,4.4155,49.42763,2
48917,4.44777,49.43795,2
48918,4.443312,49.440167,2
48919,4.44777,49.43795,2
48920,4.442786,49.440455,2
48921,4.44479,49.4393,2
48922,4.442786,49.440455,2
48923,4.442786,49.440455,2
48924,4.441789,49.440993,2
48925,4.441789,49.440993,2
48926,4.44777,49.43795,2
48927,4.47867,49.38888,2
48928,4.47979,49.3888,2
48929,4.47946,49.38894,2
48930,4.48018,49.38878,2
48931,4.48052,49.38889,2
48932,4.48083,49.38876,2
48933,4.4834,49.38883,2
48934,4.48112,49.3891,2
48935,4.48315,49.38876,2
48936,4.47923,49.38884,2
48937,4.47861,49.389,2
48938,4.47903,49.38897,2
48939,4.4804,49.38878,2
48940,4.48315,49.38876,2
48941,4.482,49.38885,2
48942,4.48119,49.38875,2
48943,4.4827,49.38884,2
48944,4.4841,49.38882,2
48945,4.48269,49.38873,2
48946,4.4832,49.38872,2
48947,4.48475,49.3888,2
48948,4.48533,49.38878,2
48949,4.48503,49.38867,2
48950,4.48542,49.38865,2
48951,4.48578,49.38861,2
48952,4.49461,49.41187,2
48953,4.49461,49.41187,2
48954,4.49939,49.41289,2
48955,4.49794,49.41264,2
48956,4.49758,49.41256,2
48957,4.49687,49.4124,2
48958,4.49652,49.41232,2
48959,4.49639,49.41217,2
48960,4.49616,49.41224,2
48961,4.49581,49.41216,2
48962,4.49545,49.41208,2
48963,4.49555,49.41197,2
48964,4.49461,49.41187,2
48965,4.49478,49.41194,2
48966,4.49444,49.41188,2
48967,4.49411,49.41182,2
48968,4.49416,49.4117,2
48969,4.49379,49.41165,2
48970,4.4934,49.41161,2
48971,4.49341,49.41173,2
48972,4.49264,49.41152,2
48973,4.49461,49.41187,2
48974,4.49276,49.41167,2
48975,4.49214,49.41153,2
48976,4.49176,49.41171,2
48977,4.49092,49.41139,2
48978,4.49003,49.41174,2
48979,4.48422,49.41506,2
48980,4.48896,49.41179,2
48981,4.48221,49.41638,2
48982,4.47932,49.4181,2
48983,4.48947,49.41156,2
48984,4.49112,49.41097,2
48985,4.49057,49.41083,2
48986,4.48991,49.41074,2
48987,4.48958,49.41069,2
48988,4.49938,49.41277,2
48989,4.49037,49.41092,2
48990,4.49902,49.41285,2
48991,4.487,49.41041,2
48992,4.49383,49.41499,2
48993,4.48839,49.41065,2
48994,4.49461,49.41187,2
48995,4.48827,49.41051,2
48996,4.49384,49.41178,2
48997,4.48795,49.41047,2
48998,4.49297,49.41171,2
48999,4.48765,49.41043,2
49000,4.49234,49.41157,2
49001,4.48789,49.41058,2
49002,4.49383,49.41499,2
49003,4.48612,49.41035,2
49004,4.48422,49.41506,2
49005,4.487,49.41041,2
49006,4.49024,49.41079,2
49007,4.48613,49.41023,2
49008,4.48893,49.4106,2
49009,4.4915,49.41114,2
49010,4.48734,49.41039,2
49011,4.49161,49.41114,2
49012,4.48718,49.41049,2
49013,4.49146,49.41105,2
49014,4.48683,49.41044,2
49015,4.49159,49.41072,2
49016,4.49063,49.4104,2
49017,4.49163,49.41077,2
49018,4.49159,49.41072,2
49019,4.49159,49.41072,2
49020,4.49159,49.41072,2
49021,4.49159,49.41072,2
49022,4.49159,49.41072,2
49023,4.49159,49.41072,2
49024,4.49159,49.41072,2
49025,4.49159,49.41072,2
49026,4.49159,49.41072,2
49027,4.49159,49.41072,2
49028,4.49159,49.41072,2
49029,4.49159,49.41072,2
49030,4.49159,49.41072,2
49031,4.49159,49.41072,2
49032,4.49461,49.41187,2
49033,4.49146,49.41105,2
49034,4.49146,49.41105,2
49035,4.49723,49.41248,2
49036,4.49461,49.41187,2
49037,4.49461,49.41187,2
49038,4.49159,49.41072,2
49039,4.91006,49.69611,2
49040,4.91006,49.69611,2
49041,4.91006,49.69611,2
49042,4.91006,49.69611,2
49043,4.91006,49.69611,2
49044,4.91006,49.69611,2
49045,4.90944,49.69572,2
49046,4.92782,49.69943,2
49047,4.91335,49.69577,2
49048,4.9131,49.69571,2
49049,4.91286,49.69564,2
49050,4.91386,49.69602,2
49051,4.916,49.69642,2
49052,4.916,49.69642,2
49053,4.916,49.69642,2
49054,4.916,49.69642,2
49055,4.916,49.69642,2
49056,4.916,49.69642,2
49057,4.91308,49.6962,2
49058,4.91362,49.69584,2
49059,4.91047,49.6952,2
49060,4.91009,49.69513,2
49061,4.91009,49.69513,2
49062,4.90509,49.69108,2
49063,4.90509,49.69108,2
49064,4.90509,49.69108,2
49065,4.90932,49.695,2
49066,4.90932,49.695,2
49067,4.90932,49.695,2
49068,4.91019,49.69527,2
49069,4.91051,49.69533,2
49070,4.9128,49.69522,2
49071,4.9128,49.69522,2
49072,4.9128,49.69522,2
49073,4.9128,49.69522,2
49074,4.9128,49.69522,2
49075,4.9128,49.69522,2
49076,4.9128,49.69522,2
49077,4.9128,49.69522,2
49078,4.912844,49.6952,2
49079,4.9128,49.69522,2
49080,4.91258,49.69502,2
49081,4.91258,49.69502,2
49082,4.91258,49.69502,2
49083,4.91258,49.69502,2
49084,4.91258,49.69502,2
49085,4.91258,49.69502,2
49086,4.91258,49.69502,2
49087,4.91258,49.69502,2
49088,4.91236,49.69481,2
49089,4.91236,49.69481,2
49090,4.91236,49.69481,2
49091,4.91236,49.69481,2
49092,4.91236,49.69481,2
49093,4.91236,49.69481,2
49094,4.91236,49.69481,2
49095,4.91236,49.69481,2
49096,4.91236,49.69481,2
49097,4.91231,49.69466,2
49098,4.91231,49.69466,2
49099,4.91231,49.69466,2
49100,4.91231,49.69466,2
49101,4.91231,49.69466,2
49102,4.91231,49.69466,2
49103,4.91231,49.69466,2
49104,4.91231,49.69466,2
49105,4.91231,49.69466,2
49106,4.91327,49.69488,2
49107,4.91327,49.69488,2
49108,4.91327,49.69488,2
49109,4.91327,49.69488,2
49110,4.91327,49.69488,2
49111,4.91327,49.69488,2
49112,4.91327,49.69488,2
49113,4.91327,49.69488,2
49114,4.91338,49.69484,2
49115,4.91338,49.69484,2
49116,4.91338,49.69484,2
49117,4.91338,49.69484,2
49118,4.91338,49.69484,2
49119,4.91338,49.69484,2
49120,4.91338,49.69484,2
49121,4.91338,49.69484,2
49122,4.91348,49.6948,2
49123,4.91348,49.6948,2
49124,4.91348,49.6948,2
49125,4.91348,49.6948,2
49126,4.9131,49.69571,2
49127,4.9131,49.69571,2
49128,4.91348,49.6948,2
49129,4.9131,49.69571,2
49130,4.91348,49.6948,2
49131,4.91348,49.6948,2
49132,4.91348,49.6948,2
49133,4.91358,49.69476,2
49134,4.91358,49.69476,2
49135,4.91358,49.69476,2
49136,4.91358,49.69476,2
49137,4.91358,49.69476,2
49138,4.91358,49.69476,2
49139,4.91358,49.69476,2
49140,4.91358,49.69476,2
49141,4.91368,49.69472,2
49142,4.91368,49.69472,2
49143,4.91368,49.69472,2
49144,4.91368,49.69472,2
49145,4.91368,49.69472,2
49146,4.91368,49.69472,2
49147,4.91368,49.69472,2
49148,4.91378,49.69468,2
49149,4.91378,49.69468,2
49150,4.91378,49.69468,2
49151,4.91378,49.69468,2
49152,4.91378,49.69468,2
49153,4.91378,49.69468,2
49154,4.91378,49.69468,2
49155,4.91378,49.69468,2
49156,4.91389,49.69464,2
49157,4.91389,49.69464,2
49158,4.91389,49.69464,2
49159,4.91389,49.69464,2
49160,4.91389,49.69464,2
49161,4.91389,49.69464,2
49162,4.91389,49.69464,2
49163,4.91399,49.6946,2
49164,4.91399,49.6946,2
49165,4.91399,49.6946,2
49166,4.91399,49.6946,2
49167,4.91399,49.6946,2
49168,4.91399,49.6946,2
49169,4.91399,49.6946,2
49170,4.91399,49.6946,2
49171,4.91409,49.69456,2
49172,4.91409,49.69456,2
49173,4.91409,49.69456,2
49174,4.91409,49.69456,2
49175,4.91409,49.69456,2
49176,4.91409,49.69456,2
49177,4.91419,49.69452,2
49178,4.91419,49.69452,2
49179,4.91419,49.69452,2
49180,4.91419,49.69452,2
49181,4.91419,49.69452,2
49182,4.91419,49.69452,2
49183,4.91419,49.69452,2
49184,4.90988,49.69522,2
49185,4.90881,49.69535,2
49186,4.90914,49.69568,2
49187,4.90953,49.6957,2
49188,4.90963,49.69569,2
49189,4.90973,49.69567,2
49190,4.90954,49.69564,2
49191,4.90982,49.69566,2
49192,4.90991,49.69564,2
49193,4.90999,49.69563,2
49194,4.91007,49.69561,2
49195,4.91016,49.6956,2
49196,4.91024,49.69558,2
49197,4.91236,49.69481,2
49198,4.91032,49.69557,2
49199,4.91327,49.69488,2
49200,4.91338,49.69484,2
49201,4.91041,49.69555,2
49202,4.91348,49.6948,2
49203,4.91358,49.69476,2
49204,4.91049,49.69554,2
49205,4.91368,49.69472,2
49206,4.91057,49.69552,2
49207,4.91378,49.69468,2
49208,4.91066,49.69551,2
49209,4.91378,49.69468,2
49210,4.91389,49.69464,2
49211,4.91074,49.69549,2
49212,4.91399,49.6946,2
49213,4.91409,49.69456,2
49214,4.91082,49.69548,2
49215,4.91267,49.69573,2
49216,4.91419,49.69452,2
49217,4.91257,49.69575,2
49218,4.91246,49.69577,2
49219,4.91236,49.69578,2
49220,4.91225,49.6958,2
49221,4.91215,49.69582,2
49222,4.91204,49.69584,2
49223,4.91194,49.69585,2
49224,4.91183,49.69587,2
49225,4.91173,49.69589,2
49226,4.91162,49.69591,2
49227,4.91152,49.69593,2
49228,4.91141,49.69594,2
49229,4.91131,49.69596,2
49230,4.9112,49.69598,2
49231,4.9111,49.696,2
49232,4.91099,49.69601,2
49233,4.91089,49.69603,2
49234,4.91079,49.69605,2
49235,4.91068,49.69607,2
49236,4.91058,49.69609,2
49237,4.91047,49.69611,2
49238,4.91037,49.69612,2
49239,4.91026,49.69614,2
49240,4.91018,49.69615,2
49241,4.91009,49.69617,2
49242,4.91,49.69619,2
49243,4.9099,49.6962,2
49244,4.90982,49.69621,2
49245,4.90973,49.69622,2
49246,4.91018,49.69667,2
49247,4.91017,49.69667,2
49248,4.91179,49.69636,2
49249,4.91179,49.69636,2
49250,4.91179,49.69636,2
49251,4.91179,49.69636,2
49252,4.91179,49.69636,2
49253,4.91179,49.69636,2
49254,4.91179,49.69636,2
49255,4.91179,49.69636,2
49256,4.91179,49.69636,2
49257,4.91043,49.69664,2
49258,4.91059,49.69661,2
49259,4.91075,49.69659,2
49260,4.91083,49.69657,2
49261,4.91107,49.69653,2
49262,4.91115,49.69652,2
49263,4.91131,49.69649,2
49264,4.91139,49.69648,2
49265,4.91155,49.69645,2
49266,4.91163,49.69644,2
49267,4.91171,49.69643,2
49268,4.91179,49.69641,2
49269,4.91163,49.69644,2
49270,4.91196,49.69639,2
49271,4.91204,49.69637,2
49272,4.91212,49.69636,2
49273,4.91252,49.6963,2
49274,4.91236,49.69632,2
49275,4.91268,49.69627,2
49276,4.91276,49.69626,2
49277,4.91284,49.69624,2
49278,4.91292,49.69623,2
49279,4.913,49.69622,2
49280,4.91308,49.6962,2
49281,4.91316,49.69619,2
49282,4.91324,49.69618,2
49283,4.91179,49.69636,2
49284,4.91386,49.69602,2
49285,4.91386,49.69602,2
49286,4.91386,49.69602,2
49287,4.91356,49.69595,2
49288,4.91335,49.6959,2
49289,4.91335,49.6959,2
49290,4.91326,49.69588,2
49291,4.91317,49.69585,2
49292,4.91308,49.69583,2
49293,4.91299,49.6958,2
49294,4.91289,49.69578,2
49295,4.9128,49.69576,2
49296,4.91271,49.69573,2
49297,4.69812,49.40179,2
49298,4.69812,49.40179,2
49299,4.69812,49.40179,2
49300,4.69812,49.40179,2
49301,4.69812,49.40179,2
49302,4.69812,49.40179,2
49303,4.69812,49.40179,2
49304,4.69812,49.40179,2
49305,4.69812,49.40179,2
49306,4.69812,49.40179,2
49307,4.69812,49.40179,2
49308,4.69812,49.40179,2
49309,4.69812,49.40179,2
49310,4.69812,49.40179,2
49311,4.69812,49.40179,2
49312,4.69812,49.40179,2
49313,4.69981,49.39763,2
49314,4.69812,49.40179,2
49315,4.69981,49.39763,2
49316,4.69812,49.40179,2
49317,4.69812,49.40179,2
49318,4.69788,49.40167,2
49319,4.69788,49.40167,2
49320,4.69788,49.40167,2
49321,4.69788,49.40167,2
49322,4.69788,49.40167,2
49323,4.69788,49.40167,2
49324,4.69788,49.40167,2
49325,4.6973,49.40495,2
49326,4.69788,49.40167,2
49327,4.69788,49.40167,2
49328,4.69788,49.40167,2
49329,4.69788,49.40167,2
49330,4.69788,49.40167,2
49331,4.69788,49.40167,2
49332,4.69788,49.40167,2
49333,4.69788,49.40167,2
49334,4.69788,49.40167,2
49335,4.69788,49.40167,2
49336,4.69788,49.40167,2
49337,4.69788,49.40167,2
49338,4.69763,49.40177,2
49339,4.69763,49.40177,2
49340,4.69763,49.40177,2
49341,4.69763,49.40177,2
49342,4.69763,49.40177,2
49343,4.69763,49.40177,2
49344,4.69763,49.40177,2
49345,4.69763,49.40177,2
49346,4.69763,49.40177,2
49347,4.69763,49.40177,2
49348,4.69763,49.40177,2
49349,4.69644,49.40476,2
49350,4.69763,49.40177,2
49351,4.69763,49.40177,2
49352,4.69763,49.40177,2
49353,4.69763,49.40177,2
49354,4.69763,49.40177,2
49355,4.69763,49.40177,2
49356,4.69763,49.40177,2
49357,4.69871,49.40179,2
49358,4.69871,49.40179,2
49359,4.69871,49.40179,2
49360,4.69871,49.40179,2
49361,4.69871,49.40179,2
49362,4.69871,49.40179,2
49363,4.69871,49.40179,2
49364,4.69871,49.40179,2
49365,4.69871,49.40179,2
49366,4.69871,49.40179,2
49367,4.69871,49.40179,2
49368,4.69871,49.40179,2
49369,4.69871,49.40179,2
49370,4.69871,49.40179,2
49371,4.69871,49.40179,2
49372,4.69812,49.40179,2
49373,4.69812,49.40179,2
49374,4.69812,49.40179,2
49375,4.69812,49.40179,2
49376,4.69812,49.40179,2
49377,4.69812,49.40179,2
49378,4.69812,49.40179,2
49379,4.69812,49.40179,2
49380,4.69812,49.40179,2
49381,4.69812,49.40179,2
49382,4.69812,49.40179,2
49383,4.69812,49.40179,2
49384,4.69812,49.40179,2
49385,4.69812,49.40179,2
49386,4.69812,49.40179,2
49387,4.69812,49.40179,2
49388,4.69812,49.40179,2
49389,4.69812,49.40179,2
49390,4.69812,49.40179,2
49391,4.69779,49.40167,2
49392,4.69779,49.40167,2
49393,4.69779,49.40167,2
49394,4.69779,49.40167,2
49395,4.69779,49.40167,2
49396,4.69779,49.40167,2
49397,4.69779,49.40167,2
49398,4.69779,49.40167,2
49399,4.69779,49.40167,2
49400,4.69779,49.40167,2
49401,4.69779,49.40167,2
49402,4.69779,49.40167,2
49403,4.69779,49.40167,2
49404,4.69779,49.40167,2
49405,4.69779,49.40167,2
49406,4.6977,49.40166,2
49407,4.6977,49.40166,2
49408,4.6977,49.40166,2
49409,4.6977,49.40166,2
49410,4.69594,49.40402,2
49411,4.6977,49.40166,2
49412,4.69701,49.40419,2
49413,4.6977,49.40166,2
49414,4.6977,49.40166,2
49415,4.6977,49.40166,2
49416,4.69762,49.40165,2
49417,4.6963,49.40407,2
49418,4.69762,49.40165,2
49419,4.69675,49.40559,2
49420,4.69666,49.40413,2
49421,4.69762,49.40165,2
49422,4.69762,49.40165,2
49423,4.69762,49.40165,2
49424,4.69762,49.40165,2
49425,4.69762,49.40165,2
49426,4.69762,49.40165,2
49427,4.69753,49.40164,2
49428,4.69753,49.40164,2
49429,4.69753,49.40164,2
49430,4.69753,49.40164,2
49431,4.69753,49.40164,2
49432,4.69753,49.40164,2
49433,4.69769,49.40421,2
49434,4.69753,49.40164,2
49435,4.69753,49.40164,2
49436,4.69744,49.40163,2
49437,4.69744,49.40163,2
49438,4.69744,49.40163,2
49439,4.69744,49.40163,2
49440,4.69744,49.40163,2
49441,4.69744,49.40163,2
49442,4.69744,49.40163,2
49443,4.69744,49.40163,2
49444,4.69769,49.40421,2
49445,4.69769,49.40421,2
49446,4.69769,49.40421,2
49447,4.69769,49.40421,2
49448,4.69769,49.40421,2
49449,4.69769,49.40421,2
49450,4.69769,49.40421,2
49451,4.69675,49.40534,2
49452,4.69769,49.40421,2
49453,4.69769,49.40421,2
49454,4.69769,49.40421,2
49455,4.69592,49.40466,2
49456,4.69769,49.40421,2
49457,4.69769,49.40421,2
49458,4.69769,49.40421,2
49459,4.69769,49.40421,2
49460,4.69769,49.40421,2
49461,4.69769,49.40421,2
49462,4.696559,49.402142,2
49463,4.696559,49.402142,2
49464,4.696559,49.402142,2
49465,4.696559,49.402142,2
49466,4.69645,49.40268,2
49467,4.69619,49.40265,2
49468,4.69642,49.40279,2
49469,4.69616,49.40277,2
49470,4.69751,49.4025,2
49471,4.69751,49.4025,2
49472,4.69751,49.4025,2
49473,4.69751,49.4025,2
49474,4.69751,49.4025,2
49475,4.69751,49.4025,2
49476,4.69751,49.4025,2
49477,4.69751,49.4025,2
49478,4.69751,49.4025,2
49479,4.69751,49.4025,2
49480,4.69751,49.4025,2
49481,4.69751,49.4025,2
49482,4.69751,49.4025,2
49483,4.69715,49.4028,2
49484,4.69715,49.4028,2
49485,4.69715,49.4028,2
49486,4.69715,49.4028,2
49487,4.69573,49.40464,2
49488,4.69571,49.40477,2
49489,4.695672,49.404999,2
49490,4.69567,49.40504,2
49491,4.695623,49.405441,2
49492,4.695623,49.405441,2
49493,4.695592,49.40536,2
49494,4.695709,49.405511,2
49495,4.695705,49.404828,2
49496,4.696367,49.404842,2
49497,4.69593,49.404635,2
49498,4.69593,49.404635,2
49499,4.69664,49.40512,2
49500,4.69763,49.40543,2
49501,4.69769,49.40421,2
49502,4.69769,49.40421,2
49503,4.69769,49.40421,2
49504,4.69769,49.40421,2
49505,4.69769,49.40421,2
49506,4.69769,49.40421,2
49507,4.69769,49.40421,2
49508,4.69769,49.40421,2
49509,4.69769,49.40421,2
49510,4.69769,49.40421,2
49511,4.69769,49.40421,2
49512,4.69769,49.40421,2
49513,4.69769,49.40421,2
49514,4.69769,49.40421,2
49515,4.69769,49.40421,2
49516,4.69769,49.40421,2
49517,4.69769,49.40421,2
49518,4.69769,49.40421,2
49519,4.69769,49.40421,2
49520,4.69769,49.40421,2
49521,4.69769,49.40421,2
49522,4.69769,49.40421,2
49523,4.69769,49.40421,2
49524,4.69769,49.40421,2
49525,4.69769,49.40421,2
49526,4.69769,49.40421,2
49527,4.69769,49.40421,2
49528,4.69769,49.40421,2
49529,4.69769,49.40421,2
49530,4.69769,49.40421,2
49531,4.69769,49.40421,2
49532,4.69769,49.40421,2
49533,4.69769,49.40421,2
49534,4.69769,49.40421,2
49535,4.69769,49.40421,2
49536,4.69769,49.40421,2
49537,4.69769,49.40421,2
49538,4.69769,49.40421,2
49539,4.69769,49.40421,2
49540,4.69769,49.40421,2
49541,4.69769,49.40421,2
49542,4.69769,49.40421,2
49543,4.69769,49.40421,2
49544,4.69769,49.40421,2
49545,4.69769,49.40421,2
49546,4.69769,49.40421,2
49547,4.69769,49.40421,2
49548,4.69769,49.40421,2
49549,4.69769,49.40421,2
49550,4.69769,49.40421,2
49551,4.69769,49.40421,2
49552,4.69769,49.40421,2
49553,4.69769,49.40421,2
49554,4.69769,49.40421,2
49555,4.69769,49.40421,2
49556,4.69769,49.40421,2
49557,4.69769,49.40421,2
49558,4.69769,49.40421,2
49559,4.69712,49.40465,2
49560,4.69812,49.40179,2
49561,4.69788,49.40167,2
49562,4.69763,49.40177,2
49563,4.69763,49.40177,2
49564,4.69593,49.404635,2
49565,4.69763,49.40177,2
49566,4.69763,49.40177,2
49567,4.69763,49.40177,2
49568,4.69871,49.40179,2
49569,4.69871,49.40179,2
49570,4.69812,49.40179,2
49571,4.69812,49.40179,2
49572,4.69779,49.40167,2
49573,4.69779,49.40167,2
49574,4.6977,49.40166,2
49575,4.6977,49.40166,2
49576,4.69753,49.40164,2
49577,4.69769,49.40421,2
49578,4.69744,49.40309,2
49579,4.69731,49.40351,2
49580,4.69744,49.40309,2
49581,4.69769,49.40421,2
49582,4.69769,49.40421,2
49583,4.69769,49.40421,2
49584,4.69769,49.40421,2
49585,4.69769,49.40421,2
49586,4.69769,49.40421,2
49587,4.69769,49.40421,2
49588,4.695709,49.405511,2
49589,4.76594,49.78145,2
49590,4.76611,49.78159,2
49591,4.77374,49.78247,2
49592,4.7736,49.78305,2
49593,4.774982,49.786951,2
49594,4.773769,49.786832,2
49595,4.76283,49.77766,2
49596,4.76267,49.77787,2
49597,4.76283,49.77766,2
49598,4.76283,49.77766,2
49599,4.76283,49.77766,2
49600,4.76105,49.77712,2
49601,4.76495,49.78098,2
49602,4.76555,49.78017,2
49603,4.76555,49.78017,2
49604,4.76588,49.78127,2
49605,4.778668,49.782223,2
49606,4.768454,49.781889,2
49607,4.76897,49.78073,2
49608,4.76447,49.77444,2
49609,4.76862,49.77964,2
49610,4.76632,49.78158,2
49611,4.76611,49.78159,2
49612,4.76829,49.78073,2
49613,4.77946,49.78168,2
49614,4.4463,49.84372,2
49615,4.443696,49.84666,2
49616,4.44375,49.84724,2
49617,4.44379,49.84735,2
49618,4.447328,49.860861,2
49619,4.44448,49.84626,2
49620,4.401532,49.863228,2
49621,4.3913,49.846947,2
49622,4.3883,49.84473,2
49623,4.3883,49.84473,2
49624,4.38968,49.84459,2
49625,4.374552,49.849097,2
49626,4.386836,49.868174,2
49627,4.38972,49.84459,2
49628,4.387,49.86824,2
49629,4.401496,49.860624,2
49630,4.58687,49.61177,2
49631,4.58406,49.60874,2
49632,4.58406,49.60874,2
49633,4.58406,49.60874,2
49634,4.58406,49.60874,2
49635,4.588767,49.607374,2
49636,4.58687,49.60787,2
49637,4.61096,49.61037,2
49638,4.61096,49.61037,2
49639,4.61096,49.61037,2
49640,4.613886,49.613508,2
49641,4.61321,49.61023,2
49642,4.613346,49.609771,2
49643,4.61378,49.61003,2
49644,4.612014,49.609985,2
49645,4.61096,49.61037,2
49646,4.64513,49.65525,2
49647,4.65893,49.6413,2
49648,4.64098,49.65068,2
49649,4.64098,49.65068,2
49650,4.64172,49.649,2
49651,4.646203,49.657882,2
49652,4.64211,49.65141,2
49653,4.641779,49.65156,2
49654,4.643906,49.652391,2
49655,4.642973,49.651645,2
49656,4.64137,49.65077,2
49657,4.640449,49.649995,2
49658,4.64098,49.65068,2
49659,4.64518,49.65522,2
49660,4.63605,49.64772,2
49661,4.63744,49.64853,2
49662,4.63605,49.64772,2
49663,4.639856,49.647284,2
49664,4.64098,49.64713,2
49665,4.6428,49.64878,2
49666,4.65477,49.64353,2
49667,4.64172,49.649,2
49668,4.63043,49.64186,2
49669,4.63605,49.64772,2
49670,4.64172,49.65007,2
49671,4.639823,49.647761,2
49672,4.643863,49.652347,2
49673,4.643892,49.652374,2
49674,4.643921,49.652418,2
49675,4.641451,49.649491,2
49676,4.64052,49.64832,2
49677,4.64098,49.65068,2
49678,4.61937,49.630395,2
49679,4.621877,49.631093,2
49680,4.64112,49.64862,2
49681,4.63026,49.93649,2
49682,4.63026,49.93649,2
49683,4.63143,49.93602,2
49684,4.63147,49.93616,2
49685,4.63147,49.93616,2
49686,4.63173,49.93535,2
49687,4.63173,49.93535,2
49688,4.63173,49.93535,2
49689,4.63173,49.93535,2
49690,4.63173,49.93535,2
49691,4.63173,49.93535,2
49692,4.63225,49.93574,2
49693,4.62962,49.936,2
49694,4.42389,49.42794,2
49695,4.41831,49.4276,2
49696,4.41598,49.43002,2
49697,4.4213,49.42855,2
49698,4.41831,49.42763,2
49699,4.4213,49.42855,2
49700,4.4213,49.42855,2
49701,5.046265,49.698579,2
49702,5.051597,49.700122,2
49703,5.05094,49.70165,2
49704,5.04929,49.69992,2
49705,5.04873,49.70101,2
49706,5.04873,49.70101,2
49707,5.04873,49.70101,2
49708,5.04937,49.70067,2
49709,5.04813,49.69925,2
49710,5.04782,49.70149,2
49711,5.04739,49.70308,2
49712,5.047109,49.703781,2
49713,5.05366,49.7101,2
49714,5.05094,49.70165,2
49715,5.045963,49.706448,2
49716,5.04873,49.70101,2
49717,4.44098,49.44146,2
49718,4.44098,49.44146,2
49719,4.444103,49.439309,2
49720,4.4155,49.42763,2
49721,4.44098,49.44146,2
49722,4.48062,49.38877,2
49723,4.48315,49.38876,2
49724,4.48062,49.38877,2
49725,4.479534,49.417944,2
49726,4.487,49.41041,2
49727,4.4915,49.41114,2
49728,4.49461,49.41187,2
49729,4.49461,49.41187,2
49730,4.49089,49.41088,2
49731,4.48947,49.41156,2
49732,4.4915,49.41114,2
49733,4.4915,49.41114,2
49734,4.4886,49.41056,2
49735,4.91975,49.69737,2
49736,4.91006,49.69611,2
49737,4.91386,49.69602,2
49738,4.9232,49.69821,2
49739,4.90932,49.695,2
49740,4.91564,49.6939,2
49741,4.91564,49.6939,2
49742,4.916,49.69642,2
49743,4.916,49.69642,2
49744,4.91019,49.69527,2
49745,4.90509,49.69108,2
49746,4.91409,49.69456,2
49747,4.91419,49.69452,2
49748,4.91564,49.6939,2
49749,4.91564,49.6939,2
49750,4.91006,49.69611,2
49751,4.91975,49.69737,2
49752,4.69812,49.40179,2
49753,4.69812,49.40179,2
49754,4.69609,49.40241,2
49755,4.69763,49.40177,2
49756,4.69769,49.40421,2
49757,4.69769,49.40421,2
