"ID","Longitude","Latitude","ServiceTime (min)"
53021,4.71915,49.76289,2
53022,4.71935,49.76299,2
53023,4.72253,49.7636,2
53024,4.72245,49.76443,2
53025,4.71935,49.76299,2
53026,4.72245,49.76443,2
53027,4.71917,49.76301,2
53028,4.7245,49.76369,2
53029,4.72245,49.76443,2
53030,4.71917,49.76301,2
53031,4.71933,49.76288,2
53032,4.71919,49.76313,2
53033,4.72245,49.76443,2
53034,4.71933,49.76288,2
53035,4.71921,49.76325,2
53036,4.72245,49.76443,2
53037,4.71933,49.76288,2
53038,4.72245,49.76443,2
53039,4.71923,49.76338,2
53040,4.71944,49.76546,2
53041,4.7193,49.76265,2
53042,4.71925,49.76336,2
53043,4.7193,49.76265,2
53044,4.72245,49.76443,2
53045,4.71944,49.76546,2
53046,4.7193,49.76265,2
53047,4.72243,49.7642,2
53048,4.7193,49.76265,2
53049,4.71944,49.76546,2
53050,4.7193,49.76265,2
53051,4.72241,49.764,2
53052,4.7223,49.76485,2
53053,4.71912,49.76266,2
53054,4.72238,49.76382,2
53055,4.72245,49.76443,2
53056,4.71912,49.76266,2
53057,4.72225,49.76303,2
53058,4.71913,49.76277,2
53059,4.72243,49.76292,2
53060,4.71913,49.76277,2
53061,4.72243,49.76306,2
53062,4.72178,49.76358,2
53063,4.71913,49.76277,2
53064,4.72253,49.7636,2
53065,4.71913,49.76277,2
53066,4.72253,49.7636,2
53067,4.72024,49.76426,2
53068,4.72024,49.76426,2
53069,4.71915,49.76289,2
53070,4.72253,49.7636,2
53071,4.71961,49.76487,2
53072,4.71915,49.76289,2
53073,4.72272,49.76359,2
53074,4.71956,49.76445,2
53075,4.71915,49.76289,2
53076,4.72272,49.76359,2
53077,4.72272,49.76359,2
53078,4.71915,49.76289,2
53079,4.72272,49.76359,2
53080,4.71915,49.76289,2
53081,4.72272,49.76359,2
53082,4.71917,49.76301,2
53083,4.72291,49.76358,2
53084,4.71917,49.76301,2
53085,4.72291,49.76358,2
53086,4.71871,49.76404,2
53087,4.71917,49.76301,2
53088,4.7231,49.76357,2
53089,4.71917,49.76301,2
53090,4.7231,49.76357,2
53091,4.7231,49.76357,2
53092,4.71919,49.76313,2
53093,4.72349,49.76354,2
53094,4.71919,49.76313,2
53095,4.7237,49.76352,2
53096,4.71919,49.76313,2
53097,4.71816,49.7645,2
53098,4.7237,49.76352,2
53099,4.71919,49.76313,2
53100,4.72475,49.76347,2
53101,4.71925,49.76336,2
53102,4.7239,49.7635,2
53103,4.71925,49.76336,2
53104,4.71925,49.76336,2
53105,4.72233,49.7635,2
53106,4.71925,49.76336,2
53107,4.72233,49.7635,2
53108,4.72233,49.7635,2
53109,4.7229,49.76346,2
53110,4.7229,49.76346,2
53111,4.7229,49.76346,2
53112,4.7229,49.76346,2
53113,4.72352,49.76342,2
53114,4.723733,49.763444,2
53115,4.72382,49.76339,2
53116,4.72407,49.76338,2
53117,4.72424,49.76338,2
53118,4.72437,49.76338,2
53119,4.72448,49.76337,2
53120,4.72448,49.76337,2
53121,4.72458,49.76336,2
53122,4.72468,49.76336,2
53123,4.72478,49.76335,2
53124,4.72489,49.76334,2
53125,4.72499,49.76333,2
53126,4.72509,49.76333,2
53127,4.72414,49.76349,2
53128,4.72432,49.76359,2
53129,4.72432,49.76359,2
53130,4.7245,49.76369,2
53131,4.7245,49.76369,2
53132,4.72469,49.76379,2
53133,4.72457,49.76388,2
53134,4.72439,49.76378,2
53135,4.72421,49.76368,2
53136,4.72403,49.76358,2
53137,4.7239,49.76348,2
53138,4.72388,49.76357,2
53139,4.72384,49.76373,2
53140,4.72381,49.7639,2
53141,4.72377,49.76407,2
53142,4.72374,49.76423,2
53143,4.72371,49.7644,2
53144,4.72365,49.76456,2
53145,4.72356,49.76472,2
53146,4.72347,49.76488,2
53147,4.72377,49.76469,2
53148,4.72387,49.76448,2
53149,4.72387,49.76448,2
53150,4.72392,49.76426,2
53151,4.72396,49.76404,2
53152,4.72401,49.76383,2
53153,4.72405,49.76361,2
53154,4.72408,49.76348,2
53155,4.72329,49.76365,2
53156,4.72329,49.76375,2
53157,4.72329,49.76385,2
53158,4.72329,49.76395,2
53159,4.72329,49.76405,2
53160,4.72329,49.76415,2
53161,4.72329,49.76425,2
53162,4.72347,49.7642,2
53163,4.72347,49.76427,2
53164,4.72347,49.76413,2
53165,4.72347,49.76407,2
53166,4.72347,49.764,2
53167,4.72347,49.76393,2
53168,4.72347,49.76386,2
53169,4.72347,49.7638,2
53170,4.72347,49.76373,2
53171,4.72347,49.76373,2
53172,4.72347,49.76366,2
53173,4.72347,49.76359,2
53174,4.72347,49.76359,2
53175,4.72235,49.76364,2
53176,4.72235,49.76364,2
53177,4.72235,49.76364,2
53178,4.72235,49.76364,2
53179,4.72235,49.76364,2
53180,4.72235,49.76364,2
53181,4.72235,49.76364,2
53182,4.72235,49.76364,2
53183,4.72001,49.76377,2
53184,4.72235,49.76364,2
53185,4.72235,49.76364,2
53186,4.72235,49.76364,2
53187,4.72235,49.76364,2
53188,4.72235,49.76364,2
53189,4.72235,49.76364,2
53190,4.72235,49.76364,2
53191,4.72235,49.76364,2
53192,4.72235,49.76364,2
53193,4.72235,49.76364,2
53194,4.72235,49.76364,2
53195,4.72235,49.76364,2
53196,4.72235,49.76364,2
53197,4.72235,49.76364,2
53198,4.72235,49.76364,2
53199,4.72235,49.76364,2
53200,4.71818,49.76387,2
53201,4.71818,49.76387,2
53202,4.71818,49.76387,2
53203,4.71818,49.76387,2
53204,4.71818,49.76387,2
53205,4.71818,49.76387,2
53206,4.71818,49.76387,2
53207,4.71818,49.76387,2
53208,4.71818,49.76387,2
53209,4.71818,49.76387,2
53210,4.71818,49.76387,2
53211,4.72272,49.76359,2
53212,4.71818,49.76387,2
53213,4.71818,49.76387,2
53214,4.71818,49.76387,2
53215,4.71818,49.76387,2
53216,4.71818,49.76387,2
53217,4.71857,49.76384,2
53218,4.71857,49.76384,2
53219,4.71809,49.76376,2
53220,4.71809,49.76376,2
53221,4.71835,49.76374,2
53222,4.71835,49.76374,2
53223,4.71835,49.76374,2
53224,4.71835,49.76374,2
53225,4.71835,49.76374,2
53226,4.71861,49.76372,2
53227,4.71861,49.76372,2
53228,4.71861,49.76372,2
53229,4.71861,49.76372,2
53230,4.72178,49.76358,2
53231,4.72178,49.76358,2
53232,4.72178,49.76358,2
53233,4.72178,49.76358,2
53234,4.72178,49.76358,2
53235,4.72081,49.7636,2
53236,4.72081,49.7636,2
53237,4.72026,49.76375,2
53238,4.72026,49.76375,2
53239,4.72026,49.76375,2
53240,4.72026,49.76375,2
53241,4.72051,49.76373,2
53242,4.72051,49.76373,2
53243,4.72051,49.76373,2
53244,4.72051,49.76373,2
53245,4.72051,49.76373,2
53246,4.72018,49.76364,2
53247,4.72018,49.76364,2
53248,4.72018,49.76364,2
53249,4.72018,49.76364,2
53250,4.72018,49.76364,2
53251,4.72018,49.76364,2
53252,4.72018,49.76364,2
53253,4.72018,49.76364,2
53254,4.72018,49.76364,2
53255,4.72076,49.76372,2
53256,4.72076,49.76372,2
53257,4.72076,49.76372,2
53258,4.72121,49.76357,2
53259,4.72121,49.76357,2
53260,4.7214,49.76356,2
53261,4.72262,49.7653,2
53262,4.72159,49.76355,2
53263,4.72177,49.76353,2
53264,4.72177,49.76353,2
53265,4.72177,49.76353,2
53266,4.72177,49.76353,2
53267,4.72177,49.76353,2
53268,4.72177,49.76353,2
53269,4.72222,49.76319,2
53270,4.72222,49.76319,2
53271,4.72233,49.76361,2
53272,4.72233,49.76361,2
53273,4.72233,49.76361,2
53274,4.72233,49.76361,2
53275,4.72211,49.76363,2
53276,4.7219,49.76364,2
53277,4.72146,49.76367,2
53278,4.72168,49.76366,2
53279,4.72146,49.76367,2
53280,4.72146,49.76367,2
53281,4.72146,49.76367,2
53282,4.72125,49.76368,2
53283,4.72106,49.7639,2
53284,4.72105,49.76372,2
53285,4.72105,49.76372,2
53286,4.72102,49.76353,2
53287,4.72098,49.7633,2
53288,4.72098,49.7633,2
53289,4.72094,49.76311,2
53290,4.72094,49.76311,2
53291,4.72094,49.76311,2
53292,4.72094,49.76311,2
53293,4.72094,49.76311,2
53294,4.72094,49.76311,2
53295,4.72094,49.76311,2
53296,4.72094,49.76311,2
53297,4.72094,49.76311,2
53298,4.72094,49.76311,2
53299,4.72088,49.76265,2
53300,4.72083,49.76262,2
53301,4.72109,49.76287,2
53302,4.72109,49.76287,2
53303,4.72109,49.76287,2
53304,4.72109,49.76287,2
53305,4.72109,49.76287,2
53306,4.72109,49.76287,2
53307,4.72109,49.76287,2
53308,4.71731,49.76526,2
53309,4.72112,49.76312,2
53310,4.71731,49.76526,2
53311,4.72128,49.76312,2
53312,4.72128,49.76312,2
53313,4.71742,49.76504,2
53314,4.72123,49.76372,2
53315,4.71742,49.76504,2
53316,4.71763,49.76473,2
53317,4.72124,49.7639,2
53318,4.71763,49.76473,2
53319,4.72128,49.76427,2
53320,4.71758,49.76467,2
53321,4.72133,49.76449,2
53322,4.71783,49.76443,2
53323,4.71816,49.7645,2
53324,4.72137,49.76472,2
53325,4.71816,49.7645,2
53326,4.72137,49.76472,2
53327,4.72137,49.76472,2
53328,4.71816,49.7645,2
53329,4.72137,49.76472,2
53330,4.71816,49.7645,2
53331,4.72137,49.76472,2
53332,4.71816,49.7645,2
53333,4.7213,49.7641,2
53334,4.71816,49.7645,2
53335,4.72184,49.76406,2
53336,4.71816,49.7645,2
53337,4.72157,49.76408,2
53338,4.71816,49.7645,2
53339,4.7221,49.76405,2
53340,4.71816,49.7645,2
53341,4.72157,49.76408,2
53342,4.7221,49.76405,2
53343,4.71816,49.7645,2
53344,4.71816,49.7645,2
53345,4.7221,49.76405,2
53346,4.7221,49.76405,2
53347,4.71816,49.7645,2
53348,4.72237,49.76403,2
53349,4.71816,49.7645,2
53350,4.7223,49.76415,2
53351,4.71816,49.7645,2
53352,4.7223,49.76415,2
53353,4.7223,49.76415,2
53354,4.71816,49.7645,2
53355,4.7223,49.76415,2
53356,4.71816,49.7645,2
53357,4.71818,49.76485,2
53358,4.71998,49.76498,2
53359,4.7223,49.76415,2
53360,4.71852,49.76495,2
53361,4.7223,49.76415,2
53362,4.71881,49.76493,2
53363,4.7223,49.76415,2
53364,4.71881,49.76493,2
53365,4.71909,49.76491,2
53366,4.72185,49.76418,2
53367,4.71829,49.76508,2
53368,4.72141,49.76421,2
53369,4.72396,49.76404,2
53370,4.72141,49.76421,2
53371,4.71829,49.76508,2
53372,4.72141,49.76421,2
53373,4.71865,49.76506,2
53374,4.72141,49.76421,2
53375,4.719,49.76504,2
53376,4.72141,49.76421,2
53377,4.71865,49.76506,2
53378,4.72108,49.76423,2
53379,4.71865,49.76506,2
53380,4.72066,49.76425,2
53381,4.71865,49.76506,2
53382,4.71865,49.76506,2
53383,4.72045,49.76425,2
53384,4.71936,49.76501,2
53385,4.72079,49.76412,2
53386,4.71944,49.76546,2
53387,4.71944,49.76525,2
53388,4.72054,49.76413,2
53389,4.71944,49.76525,2
53390,4.72054,49.76413,2
53391,4.71944,49.76525,2
53392,4.72003,49.76427,2
53393,4.71944,49.76525,2
53394,4.72003,49.76427,2
53395,4.72003,49.76427,2
53396,4.71944,49.76525,2
53397,4.72003,49.76427,2
53398,4.71944,49.76525,2
53399,4.72003,49.76427,2
53400,4.71969,49.76499,2
53401,4.72028,49.76496,2
53402,4.72003,49.76427,2
53403,4.71962,49.7653,2
53404,4.72003,49.76427,2
53405,4.71998,49.76498,2
53406,4.72057,49.76494,2
53407,4.72003,49.76427,2
53408,4.71998,49.76498,2
53409,4.72024,49.76426,2
53410,4.7203,49.76484,2
53411,4.72024,49.76426,2
53412,4.7203,49.76484,2
53413,4.72024,49.76426,2
53414,4.72052,49.76483,2
53415,4.72024,49.76426,2
53416,4.72074,49.76481,2
53417,4.72074,49.76481,2
53418,4.72024,49.76426,2
53419,4.72024,49.76426,2
53420,4.72074,49.76481,2
53421,4.72024,49.76426,2
53422,4.72074,49.76481,2
53423,4.72029,49.76414,2
53424,4.72074,49.76481,2
53425,4.7194,49.764,2
53426,4.72074,49.76481,2
53427,4.71954,49.76431,2
53428,4.72074,49.76481,2
53429,4.71956,49.76445,2
53430,4.72096,49.7648,2
53431,4.71956,49.76445,2
53432,4.72118,49.76478,2
53433,4.71742,49.76504,2
53434,4.71956,49.76445,2
53435,4.71763,49.76473,2
53436,4.72137,49.76477,2
53437,4.71956,49.76445,2
53438,4.71816,49.7645,2
53439,4.72137,49.76477,2
53440,4.71865,49.76506,2
53441,4.71956,49.76445,2
53442,4.71944,49.76525,2
53443,4.71963,49.76488,2
53444,4.72137,49.76477,2
53445,4.71944,49.76546,2
53446,4.71963,49.76488,2
53447,4.72137,49.76477,2
53448,4.71962,49.76551,2
53449,4.71963,49.76488,2
53450,4.72137,49.76477,2
53451,4.71961,49.76487,2
53452,4.72137,49.76477,2
53453,4.71962,49.7651,2
53454,4.71961,49.76487,2
53455,4.72074,49.76481,2
53456,4.72087,49.76492,2
53457,4.72137,49.76477,2
53458,4.71961,49.76487,2
53459,4.72258,49.76516,2
53460,4.7214,49.76489,2
53461,4.72262,49.7653,2
53462,4.71961,49.76487,2
53463,4.72265,49.76474,2
53464,4.72158,49.76488,2
53465,4.71961,49.76487,2
53466,4.72264,49.76467,2
53467,4.72158,49.76488,2
53468,4.72264,49.76467,2
53469,4.71961,49.76487,2
53470,4.72176,49.76487,2
53471,4.72253,49.7636,2
53472,4.71961,49.76487,2
53473,4.72176,49.76487,2
53474,4.71961,49.76487,2
53475,4.72176,49.76487,2
53476,4.71961,49.76487,2
53477,4.72176,49.76487,2
53478,4.72235,49.76364,2
53479,4.71956,49.76445,2
53480,4.72176,49.76487,2
53481,4.72235,49.76364,2
53482,4.71956,49.76445,2
53483,4.72176,49.76487,2
53484,4.71818,49.76387,2
53485,4.71956,49.76445,2
53486,4.72176,49.76487,2
53487,4.71835,49.76374,2
53488,4.71905,49.7637,2
53489,4.71938,49.7649,2
53490,4.72176,49.76487,2
53491,4.71938,49.7649,2
53492,4.72194,49.76486,2
53493,4.71938,49.7649,2
53494,4.72194,49.76486,2
53495,4.72026,49.76375,2
53496,4.72018,49.76364,2
53497,4.71938,49.7649,2
53498,4.72212,49.76486,2
53499,4.72018,49.76364,2
53500,4.7194,49.7646,2
53501,4.7223,49.76485,2
53502,4.72018,49.76364,2
53503,4.72076,49.76372,2
53504,4.7194,49.7646,2
53505,4.7223,49.76485,2
53506,4.72118,49.7634,2
53507,4.71937,49.76437,2
53508,4.7223,49.76485,2
53509,4.72115,49.76451,2
53510,4.71937,49.76437,2
53511,4.7223,49.76485,2
53512,4.72115,49.76451,2
53513,4.71937,49.76437,2
53514,4.7223,49.76485,2
53515,4.72105,49.76372,2
53516,4.72098,49.7633,2
53517,4.71937,49.76437,2
53518,4.7223,49.76485,2
53519,4.72094,49.76311,2
53520,4.71937,49.76437,2
53521,4.72247,49.76484,2
53522,4.7209,49.76281,2
53523,4.72151,49.76477,2
53524,4.71845,49.76438,2
53525,4.72109,49.76287,2
53526,4.71845,49.76438,2
53527,4.72165,49.76476,2
53528,4.72128,49.76312,2
53529,4.71845,49.76438,2
53530,4.72165,49.76476,2
53531,4.72137,49.76472,2
53532,4.71845,49.76438,2
53533,4.72087,49.76424,2
53534,4.71813,49.76427,2
53535,4.7223,49.76485,2
53536,4.72054,49.76413,2
53537,4.71813,49.76427,2
53538,4.72179,49.76475,2
53539,4.71954,49.76431,2
53540,4.71813,49.76427,2
53541,4.71829,49.76427,2
53542,4.72192,49.76475,2
53543,4.71954,49.76431,2
53544,4.71829,49.76427,2
53545,4.71954,49.76431,2
53546,4.71844,49.76426,2
53547,4.72206,49.76474,2
53548,4.71954,49.76431,2
53549,4.7186,49.76425,2
53550,4.7222,49.76474,2
53551,4.71956,49.76445,2
53552,4.71874,49.76426,2
53553,4.72234,49.76473,2
53554,4.71943,49.76483,2
53555,4.71872,49.76415,2
53556,4.72234,49.76473,2
53557,4.71961,49.76729,2
53558,4.7194,49.7646,2
53559,4.71872,49.76415,2
53560,4.72248,49.76472,2
53561,4.7194,49.7646,2
53562,4.71872,49.76415,2
53563,4.72253,49.76501,2
53564,4.71937,49.76437,2
53565,4.71872,49.76415,2
53566,4.72258,49.76516,2
53567,4.71872,49.76415,2
53568,4.72258,49.76516,2
53569,4.71937,49.76437,2
53570,4.72258,49.76516,2
53571,4.71871,49.76404,2
53572,4.7194,49.764,2
53573,4.72258,49.76516,2
53574,4.72262,49.7653,2
53575,4.71869,49.76394,2
53576,4.71845,49.76438,2
53577,4.72,49.76413,2
53578,4.72262,49.7653,2
53579,4.71845,49.76438,2
53580,4.71845,49.76438,2
53581,4.72262,49.7653,2
53582,4.71845,49.76438,2
53583,4.71997,49.7638,2
53584,4.71845,49.76438,2
53585,4.72281,49.76531,2
53586,4.71845,49.76438,2
53587,4.71997,49.7638,2
53588,4.71845,49.76438,2
53589,4.72278,49.76523,2
53590,4.71845,49.76438,2
53591,4.71997,49.7638,2
53592,4.71845,49.76438,2
53593,4.72276,49.76514,2
53594,4.71845,49.76438,2
53595,4.71997,49.7638,2
53596,4.71813,49.76427,2
53597,4.71997,49.7638,2
53598,4.72273,49.76506,2
53599,4.71872,49.76415,2
53600,4.71871,49.76404,2
53601,4.71997,49.7638,2
53602,4.72271,49.76498,2
53603,4.71871,49.76404,2
53604,4.72268,49.76489,2
53605,4.71871,49.76404,2
53606,4.71997,49.7638,2
53607,4.71871,49.76404,2
53608,4.72266,49.76481,2
53609,4.71999,49.76396,2
53610,4.72264,49.76467,2
53611,4.71997,49.7638,2
53612,4.71997,49.7638,2
53613,4.71944,49.76369,2
53614,4.72264,49.76467,2
53615,4.72264,49.76467,2
53616,4.71997,49.7638,2
53617,4.71944,49.76369,2
53618,4.72264,49.76467,2
53619,4.71944,49.76369,2
53620,4.71944,49.76369,2
53621,4.72264,49.76467,2
53622,4.71944,49.76369,2
53623,4.71944,49.76369,2
53624,4.72264,49.76467,2
53625,4.71944,49.76369,2
53626,4.72264,49.76467,2
53627,4.71943,49.76357,2
53628,4.72264,49.7646,2
53629,4.71944,49.76369,2
53630,4.71943,49.76357,2
53631,4.72263,49.76453,2
53632,4.71939,49.76323,2
53633,4.71944,49.76369,2
53634,4.72263,49.76446,2
53635,4.71943,49.76357,2
53636,4.71935,49.76299,2
53637,4.72262,49.76439,2
53638,4.71935,49.76299,2
53639,4.72262,49.76432,2
53640,4.71933,49.76288,2
53641,4.71939,49.76323,2
53642,4.72262,49.76425,2
53643,4.71933,49.76288,2
53644,4.71939,49.76323,2
53645,4.7193,49.76265,2
53646,4.72261,49.76418,2
53647,4.7193,49.76265,2
53648,4.71939,49.76323,2
53649,4.7193,49.76265,2
53650,4.71939,49.76323,2
53651,4.72261,49.76411,2
53652,4.7191,49.76255,2
53653,4.71939,49.76323,2
53654,4.7226,49.76402,2
53655,4.71937,49.76311,2
53656,4.72258,49.76391,2
53657,4.71912,49.76266,2
53658,4.71937,49.76311,2
53659,4.72256,49.76381,2
53660,4.71912,49.76266,2
53661,4.7209,49.76281,2
53662,4.71937,49.76311,2
53663,4.72256,49.76381,2
53664,4.71913,49.76277,2
53665,4.7209,49.76281,2
53666,4.71935,49.76299,2
53667,4.72254,49.7637,2
53668,4.71913,49.76277,2
53669,4.71657,49.78371,2
53670,4.71657,49.78371,2
53671,4.71657,49.78371,2
53672,4.71657,49.78371,2
53673,4.71657,49.78371,2
53674,4.72485,49.7859,2
53675,4.71657,49.78371,2
53676,4.72485,49.7859,2
53677,4.71657,49.78371,2
53678,4.71657,49.78371,2
53679,4.71657,49.78371,2
53680,4.71657,49.78371,2
53681,4.71657,49.78371,2
53682,4.71657,49.78371,2
53683,4.71657,49.78371,2
53684,4.71657,49.78371,2
53685,4.71657,49.78371,2
53686,4.71657,49.78371,2
53687,4.71657,49.78371,2
53688,4.71657,49.78371,2
53689,4.71657,49.78371,2
53690,4.71657,49.78371,2
53691,4.71657,49.78371,2
53692,4.71657,49.78371,2
53693,4.71657,49.78371,2
53694,4.71657,49.78371,2
53695,4.71657,49.78371,2
53696,4.71657,49.78371,2
53697,4.71657,49.78371,2
53698,4.71657,49.78371,2
53699,4.73263,49.79172,2
53700,4.71657,49.78371,2
53701,4.71553,49.78491,2
53702,4.71516,49.78309,2
53703,4.72423,49.78621,2
53704,4.72423,49.78621,2
53705,4.71541,49.78328,2
53706,4.71666,49.78661,2
53707,4.71666,49.78661,2
53708,4.71988,49.78467,2
53709,4.71619,49.78716,2
53710,4.72483,49.78643,2
53711,4.71619,49.78716,2
53712,4.71434,49.78391,2
53713,4.71585,49.7852,2
53714,4.71657,49.78371,2
53715,4.71657,49.78371,2
53716,4.71657,49.78371,2
53717,4.71657,49.78371,2
53718,4.71657,49.78371,2
53719,4.716845,49.783712,2
53720,4.716845,49.783712,2
53721,4.72485,49.7859,2
53722,4.72415,49.78587,2
53723,4.72485,49.7859,2
53724,4.72485,49.7859,2
53725,4.72485,49.7859,2
53726,4.72485,49.7859,2
53727,4.72485,49.7859,2
53728,4.72427,49.78598,2
53729,4.72485,49.7859,2
53730,4.71553,49.78491,2
53731,4.71484,49.78465,2
53732,4.71507,49.78474,2
53733,4.72432,49.78579,2
53734,4.71484,49.78465,2
53735,4.71469,49.78453,2
53736,4.71463,49.78436,2
53737,4.71458,49.78419,2
53738,4.71453,49.78402,2
53739,4.71452,49.78385,2
53740,4.71451,49.78368,2
53741,4.71451,49.78351,2
53742,4.71462,49.78335,2
53743,4.71495,49.78308,2
53744,4.71504,49.7832,2
53745,4.721,49.7869,2
53746,4.71535,49.78339,2
53747,4.721,49.7869,2
53748,4.71555,49.78347,2
53749,4.71555,49.78347,2
53750,4.71564,49.78351,2
53751,4.71574,49.78354,2
53752,4.71584,49.78358,2
53753,4.71595,49.7836,2
53754,4.71606,49.78361,2
53755,4.71617,49.78363,2
53756,4.71657,49.78371,2
53757,4.71541,49.78328,2
53758,4.71582,49.78344,2
53759,4.71615,49.78351,2
53760,4.71615,49.78351,2
53761,4.71615,49.78351,2
53762,4.71615,49.78351,2
53763,4.71615,49.78351,2
53764,4.71582,49.78344,2
53765,4.71615,49.78351,2
53766,4.71615,49.78351,2
53767,4.71639,49.78355,2
53768,4.71663,49.7836,2
53769,4.7171,49.7837,2
53770,4.71734,49.78375,2
53771,4.71729,49.78386,2
53772,4.71772,49.78418,2
53773,4.71772,49.78418,2
53774,4.71715,49.78615,2
53775,4.71715,49.78615,2
53776,4.71715,49.78615,2
53777,4.71729,49.78386,2
53778,4.71715,49.78615,2
53779,4.71715,49.78615,2
53780,4.7166,49.78615,2
53781,4.71742,49.78577,2
53782,4.71709,49.78612,2
53783,4.71688,49.78626,2
53784,4.71734,49.78585,2
53785,4.7175,49.78569,2
53786,4.71637,49.78549,2
53787,4.71635,49.78608,2
53788,4.71618,49.78605,2
53789,4.71768,49.78555,2
53790,4.7176,49.78553,2
53791,4.71756,49.78562,2
53792,4.71753,49.7855,2
53793,4.71772,49.78544,2
53794,4.71655,49.78598,2
53795,4.71655,49.78598,2
53796,4.71655,49.78598,2
53797,4.71655,49.78598,2
53798,4.71745,49.78547,2
53799,4.71738,49.78545,2
53800,4.71731,49.78542,2
53801,4.71723,49.7854,2
53802,4.71931,49.78452,2
53803,4.71716,49.78537,2
53804,4.71708,49.78534,2
53805,4.71701,49.78532,2
53806,4.71715,49.78615,2
53807,4.71931,49.78452,2
53808,4.71931,49.78452,2
53809,4.71858,49.78413,2
53810,4.71931,49.78452,2
53811,4.71693,49.78529,2
53812,4.71931,49.78452,2
53813,4.71686,49.78527,2
53814,4.71679,49.78524,2
53815,4.72043,49.78519,2
53816,4.71671,49.78521,2
53817,4.71652,49.78526,2
53818,4.72043,49.78519,2
53819,4.71646,49.78533,2
53820,4.71661,49.78562,2
53821,4.71758,49.7838,2
53822,4.7271,49.7875,2
53823,4.71858,49.78413,2
53824,4.71858,49.78413,2
53825,4.7208,49.78531,2
53826,4.7208,49.78531,2
53827,4.7208,49.78531,2
53828,4.7208,49.78531,2
53829,4.7208,49.78531,2
53830,4.72123,49.78568,2
53831,4.72136,49.7858,2
53832,4.72149,49.78591,2
53833,4.72074,49.78544,2
53834,4.72074,49.78544,2
53835,4.72074,49.78544,2
53836,4.72074,49.78544,2
53837,4.72074,49.78544,2
53838,4.72074,49.78544,2
53839,4.72074,49.78544,2
53840,4.72074,49.78544,2
53841,4.72074,49.78544,2
53842,4.72074,49.78544,2
53843,4.72074,49.78544,2
53844,4.72074,49.78544,2
53845,4.72074,49.78544,2
53846,4.72074,49.78544,2
53847,4.72074,49.78544,2
53848,4.72144,49.78636,2
53849,4.72131,49.78642,2
53850,4.72118,49.78648,2
53851,4.72131,49.78642,2
53852,4.72131,49.78642,2
53853,4.72131,49.78642,2
53854,4.72131,49.78642,2
53855,4.72131,49.78642,2
53856,4.72089,49.78663,2
53857,4.72106,49.78654,2
53858,4.72075,49.78674,2
53859,4.72102,49.78701,2
53860,4.72087,49.78688,2
53861,4.71553,49.78491,2
53862,4.71715,49.78615,2
53863,4.72087,49.78688,2
53864,4.71715,49.78615,2
53865,4.71715,49.78615,2
53866,4.72087,49.78688,2
53867,4.72087,49.78688,2
53868,4.72087,49.78688,2
53869,4.7214,49.78694,2
53870,4.72151,49.7868,2
53871,4.72151,49.7868,2
53872,4.721,49.7869,2
53873,4.72121,49.78704,2
53874,4.72136,49.78654,2
53875,4.72136,49.78654,2
53876,4.72136,49.78654,2
53877,4.72136,49.78654,2
53878,4.72136,49.78654,2
53879,4.72153,49.78646,2
53880,4.72118,49.78663,2
53881,4.72122,49.78689,2
53882,4.72135,49.78676,2
53883,4.72135,49.78676,2
53884,4.72135,49.78676,2
53885,4.72135,49.78676,2
53886,4.72135,49.78676,2
53887,4.72135,49.78676,2
53888,4.721,49.78672,2
53889,4.72106,49.78685,2
53890,4.72106,49.78685,2
53891,4.72106,49.78685,2
53892,4.72106,49.78685,2
53893,4.72052,49.78607,2
53894,4.72052,49.78607,2
53895,4.72052,49.78607,2
53896,4.72052,49.78607,2
53897,4.72052,49.78607,2
53898,4.72052,49.78607,2
53899,4.72052,49.78607,2
53900,4.72321,49.79173,2
53901,4.72203,49.78634,2
53902,4.72225,49.78633,2
53903,4.72247,49.78632,2
53904,4.72269,49.78631,2
53905,4.72291,49.7863,2
53906,4.72313,49.78629,2
53907,4.72336,49.78628,2
53908,4.72358,49.78627,2
53909,4.72164,49.78608,2
53910,4.72208,49.78622,2
53911,4.72208,49.78622,2
53912,4.72208,49.78622,2
53913,4.72208,49.78622,2
53914,4.72208,49.78622,2
53915,4.72243,49.7862,2
53916,4.72415,49.78631,2
53917,4.72431,49.78637,2
53918,4.72447,49.78643,2
53919,4.72463,49.78649,2
53920,4.72479,49.78655,2
53921,4.72479,49.78655,2
53922,4.72479,49.78655,2
53923,4.72479,49.78655,2
53924,4.72479,49.78655,2
53925,4.72511,49.78667,2
53926,4.7255,49.78682,2
53927,4.72479,49.78694,2
53928,4.72479,49.78694,2
53929,4.72479,49.78694,2
53930,4.72611,49.78707,2
53931,4.72665,49.78738,2
53932,4.72717,49.7877,2
53933,4.72717,49.7877,2
53934,4.72717,49.7877,2
53935,4.7279,49.78901,2
53936,4.7279,49.78901,2
53937,4.7279,49.78901,2
53938,4.7279,49.78901,2
53939,4.7279,49.78901,2
53940,4.7279,49.78901,2
53941,4.7279,49.78901,2
53942,4.72412,49.78569,2
53943,4.7274,49.78769,2
53944,4.7274,49.78769,2
53945,4.7271,49.7875,2
53946,4.7268,49.78731,2
53947,4.7265,49.78712,2
53948,4.7265,49.78712,2
53949,4.72617,49.78696,2
53950,4.72582,49.78681,2
53951,4.72582,49.78681,2
53952,4.72546,49.78667,2
53953,4.73263,49.79172,2
53954,4.73263,49.79172,2
53955,4.72546,49.78667,2
53956,4.73263,49.79172,2
53957,4.73263,49.79172,2
53958,4.72546,49.78667,2
53959,4.72546,49.78667,2
53960,4.72513,49.78654,2
53961,4.72483,49.78643,2
53962,4.72483,49.78643,2
53963,4.72483,49.78643,2
53964,4.72483,49.78643,2
53965,4.72483,49.78643,2
53966,4.72717,49.7877,2
53967,4.72453,49.78632,2
53968,4.72423,49.78621,2
53969,4.72423,49.78621,2
53970,4.72423,49.78621,2
53971,4.72423,49.78621,2
53972,4.72423,49.78621,2
53973,4.72423,49.78621,2
53974,4.72423,49.78621,2
53975,4.72423,49.78621,2
53976,4.72423,49.78621,2
53977,4.72423,49.78621,2
53978,4.72423,49.78621,2
53979,4.72423,49.78621,2
53980,4.72423,49.78621,2
53981,4.72423,49.78621,2
53982,4.72504,49.7858,2
53983,4.72453,49.78589,2
53984,4.72427,49.78593,2
53985,4.72453,49.78589,2
53986,4.72453,49.78589,2
53987,4.72453,49.78589,2
53988,4.72513,49.78579,2
53989,4.72453,49.78589,2
53990,4.72504,49.7858,2
53991,4.72504,49.7858,2
53992,4.72504,49.7858,2
53993,4.72504,49.7858,2
53994,4.71657,49.78371,2
53995,4.71657,49.78371,2
53996,4.71657,49.78371,2
53997,4.71657,49.78371,2
53998,4.71657,49.78371,2
53999,4.71657,49.78371,2
54000,4.71657,49.78371,2
54001,4.71657,49.78371,2
54002,4.71657,49.78371,2
54003,4.71657,49.78371,2
54004,4.71657,49.78371,2
54005,4.71657,49.78371,2
54006,4.71657,49.78371,2
54007,4.71657,49.78371,2
54008,4.72035,49.78493,2
54009,4.71657,49.78371,2
54010,4.71657,49.78371,2
54011,4.71657,49.78371,2
54012,4.70961,49.78208,2
54013,4.70961,49.78208,2
54014,4.70961,49.78208,2
54015,4.70961,49.78208,2
54016,4.70961,49.78208,2
54017,4.70961,49.78208,2
54018,4.70961,49.78208,2
54019,4.70961,49.78208,2
54020,4.70921,49.78219,2
54021,4.70921,49.78219,2
54022,4.70921,49.78219,2
54023,4.70882,49.7823,2
54024,4.70882,49.7823,2
54025,4.70882,49.7823,2
54026,4.70882,49.7823,2
54027,4.70882,49.7823,2
54028,4.70882,49.7823,2
54029,4.70882,49.7823,2
54030,4.70882,49.7823,2
54031,4.70882,49.7823,2
54032,4.70882,49.7823,2
54033,4.70882,49.7823,2
54034,4.70882,49.7823,2
54035,4.70882,49.7823,2
54036,4.70882,49.7823,2
54037,4.70882,49.7823,2
54038,4.70882,49.7823,2
54039,4.70882,49.7823,2
54040,4.70882,49.7823,2
54041,4.70882,49.7823,2
54042,4.70803,49.7834,2
54043,4.70803,49.78361,2
54044,4.70882,49.7823,2
54045,4.70893,49.78313,2
54046,4.70893,49.78313,2
54047,4.70882,49.7823,2
54048,4.70893,49.78313,2
54049,4.70862,49.78263,2
54050,4.70893,49.78313,2
54051,4.70882,49.7823,2
54052,4.70944,49.78241,2
54053,4.70964,49.78462,2
54054,4.70906,49.78257,2
54055,4.70964,49.78462,2
54056,4.70882,49.7823,2
54057,4.70906,49.78257,2
54058,4.70964,49.78462,2
54059,4.70921,49.78219,2
54060,4.71082,49.78467,2
54061,4.70882,49.7823,2
54062,4.70729,49.78143,2
54063,4.71092,49.78494,2
54064,4.70882,49.7823,2
54065,4.71098,49.78522,2
54066,4.70882,49.7823,2
54067,4.70882,49.7823,2
54068,4.70882,49.7823,2
54069,4.70882,49.7823,2
54070,4.70882,49.7823,2
54071,4.70804,49.78383,2
54072,4.70862,49.78263,2
54073,4.70862,49.78263,2
54074,4.70882,49.7823,2
54075,4.70804,49.78404,2
54076,4.70862,49.78263,2
54077,4.70862,49.78263,2
54078,4.70882,49.7823,2
54079,4.70804,49.78404,2
54080,4.70862,49.78263,2
54081,4.70862,49.78263,2
54082,4.70882,49.7823,2
54083,4.70893,49.78313,2
54084,4.70862,49.78263,2
54085,4.70893,49.78313,2
54086,4.70944,49.78241,2
54087,4.70944,49.78241,2
54088,4.70944,49.78241,2
54089,4.71092,49.78494,2
54090,4.70944,49.78241,2
54091,4.70944,49.78241,2
54092,4.70944,49.78241,2
54093,4.70944,49.78241,2
54094,4.70906,49.78257,2
54095,4.70906,49.78257,2
54096,4.70906,49.78257,2
54097,4.70906,49.78257,2
54098,4.70906,49.78257,2
54099,4.70906,49.78257,2
54100,4.70803,49.7834,2
54101,4.70906,49.78257,2
54102,4.70906,49.78257,2
54103,4.70803,49.7834,2
54104,4.70906,49.78257,2
54105,4.70906,49.78257,2
54106,4.70803,49.7834,2
54107,4.70906,49.78257,2
54108,4.70906,49.78257,2
54109,4.70803,49.7834,2
54110,4.70906,49.78257,2
54111,4.70906,49.78257,2
54112,4.70803,49.7834,2
54113,4.70961,49.78208,2
54114,4.70961,49.78208,2
54115,4.70803,49.7834,2
54116,4.70961,49.78208,2
54117,4.70921,49.78219,2
54118,4.70803,49.7834,2
54119,4.70921,49.78219,2
54120,4.70921,49.78219,2
54121,4.70803,49.7834,2
54122,4.70882,49.7823,2
54123,4.70882,49.7823,2
54124,4.70803,49.78361,2
54125,4.70882,49.7823,2
54126,4.70729,49.78143,2
54127,4.70803,49.78361,2
54128,4.70729,49.78143,2
54129,4.70729,49.78143,2
54130,4.70803,49.78361,2
54131,4.70729,49.78143,2
54132,4.70803,49.78361,2
54133,4.70803,49.78361,2
54134,4.70803,49.78361,2
54135,4.70803,49.78361,2
54136,4.70803,49.78361,2
54137,4.70804,49.78383,2
54138,4.70807,49.78319,2
54139,4.70807,49.78319,2
54140,4.70804,49.78383,2
54141,4.70807,49.78319,2
54142,4.70807,49.78319,2
54143,4.70804,49.78383,2
54144,4.70807,49.78319,2
54145,4.70807,49.78319,2
54146,4.70804,49.78383,2
54147,4.70807,49.78319,2
54148,4.70807,49.78319,2
54149,4.70804,49.78383,2
54150,4.70807,49.78319,2
54151,4.70807,49.78319,2
54152,4.70804,49.78383,2
54153,4.70807,49.78319,2
54154,4.70807,49.78319,2
54155,4.70804,49.78383,2
54156,4.70807,49.78319,2
54157,4.70807,49.78319,2
54158,4.70804,49.78404,2
54159,4.70807,49.78319,2
54160,4.70807,49.78319,2
54161,4.70804,49.78404,2
54162,4.70807,49.78319,2
54163,4.70807,49.78319,2
54164,4.70804,49.78404,2
54165,4.70807,49.78319,2
54166,4.70807,49.78319,2
54167,4.70804,49.78404,2
54168,4.70807,49.78319,2
54169,4.70807,49.78319,2
54170,4.70804,49.78404,2
54171,4.70807,49.78319,2
54172,4.70807,49.78319,2
54173,4.70804,49.78404,2
54174,4.70807,49.78319,2
54175,4.70807,49.78319,2
54176,4.70815,49.78422,2
54177,4.70807,49.78319,2
54178,4.70807,49.78319,2
54179,4.70815,49.78422,2
54180,4.70807,49.78319,2
54181,4.70807,49.78319,2
54182,4.70815,49.78422,2
54183,4.70815,49.78422,2
54184,4.70815,49.78422,2
54185,4.70815,49.78422,2
54186,4.70815,49.78422,2
54187,4.70815,49.78422,2
54188,4.70893,49.78313,2
54189,4.70893,49.78313,2
54190,4.70893,49.78313,2
54191,4.70893,49.78313,2
54192,4.70893,49.78313,2
54193,4.70893,49.78313,2
54194,4.70893,49.78313,2
54195,4.70893,49.78313,2
54196,4.70893,49.78313,2
54197,4.70893,49.78313,2
54198,4.70893,49.78313,2
54199,4.70893,49.78313,2
54200,4.70893,49.78313,2
54201,4.70893,49.78313,2
54202,4.70893,49.78313,2
54203,4.70893,49.78313,2
54204,4.70893,49.78313,2
54205,4.70893,49.78313,2
54206,4.70893,49.78313,2
54207,4.70893,49.78313,2
54208,4.70893,49.78313,2
54209,4.70893,49.78313,2
54210,4.70893,49.78313,2
54211,4.70893,49.78313,2
54212,4.70893,49.78313,2
54213,4.70893,49.78313,2
54214,4.70893,49.78313,2
54215,4.70893,49.78313,2
54216,4.70893,49.78313,2
54217,4.70893,49.78313,2
54218,4.70893,49.78313,2
54219,4.70893,49.78313,2
54220,4.70893,49.78313,2
54221,4.70893,49.78313,2
54222,4.70893,49.78313,2
54223,4.70893,49.78313,2
54224,4.70893,49.78313,2
54225,4.70893,49.78313,2
54226,4.70893,49.78313,2
54227,4.70893,49.78313,2
54228,4.70893,49.78313,2
54229,4.70893,49.78313,2
54230,4.70893,49.78313,2
54231,4.70893,49.78313,2
54232,4.70893,49.78313,2
54233,4.70893,49.78313,2
54234,4.70893,49.78313,2
54235,4.70893,49.78313,2
54236,4.70893,49.78313,2
54237,4.70893,49.78313,2
54238,4.70893,49.78313,2
54239,4.70893,49.78313,2
54240,4.70893,49.78313,2
54241,4.70893,49.78313,2
54242,4.70893,49.78313,2
54243,4.70893,49.78313,2
54244,4.70893,49.78313,2
54245,4.70893,49.78313,2
54246,4.70893,49.78313,2
54247,4.70893,49.78313,2
54248,4.70893,49.78313,2
54249,4.70893,49.78313,2
54250,4.70893,49.78313,2
54251,4.70893,49.78313,2
54252,4.70893,49.78313,2
54253,4.70893,49.78313,2
54254,4.70893,49.78313,2
54255,4.70893,49.78313,2
54256,4.70893,49.78313,2
54257,4.70893,49.78313,2
54258,4.70893,49.78313,2
54259,4.70893,49.78313,2
54260,4.70893,49.78313,2
54261,4.70893,49.78313,2
54262,4.70893,49.78313,2
54263,4.70893,49.78313,2
54264,4.70961,49.78208,2
54265,4.70882,49.7823,2
54266,4.70893,49.78313,2
54267,4.70729,49.78143,2
54268,4.70893,49.78313,2
54269,4.70893,49.78313,2
54270,4.70893,49.78313,2
54271,4.70893,49.78313,2
54272,4.70893,49.78313,2
54273,4.70893,49.78313,2
54274,4.70893,49.78313,2
54275,4.70893,49.78313,2
54276,4.70893,49.78313,2
54277,4.70893,49.78313,2
54278,4.70964,49.78462,2
54279,4.70964,49.78462,2
54280,4.70964,49.78462,2
54281,4.70964,49.78462,2
54282,4.70964,49.78462,2
54283,4.70964,49.78462,2
54284,4.70964,49.78462,2
54285,4.70964,49.78462,2
54286,4.70964,49.78462,2
54287,4.70964,49.78462,2
54288,4.70964,49.78462,2
54289,4.70964,49.78462,2
54290,4.70964,49.78462,2
54291,4.70964,49.78462,2
54292,4.70964,49.78462,2
54293,4.70964,49.78462,2
54294,4.70964,49.78462,2
54295,4.70964,49.78462,2
54296,4.71082,49.78467,2
54297,4.71082,49.78467,2
54298,4.71082,49.78467,2
54299,4.71082,49.78467,2
54300,4.71082,49.78467,2
54301,4.71082,49.78467,2
54302,4.71082,49.78467,2
54303,4.71082,49.78467,2
54304,4.71082,49.78467,2
54305,4.71082,49.78467,2
54306,4.71082,49.78467,2
54307,4.71082,49.78467,2
54308,4.71082,49.78467,2
54309,4.71082,49.78467,2
54310,4.71082,49.78467,2
54311,4.71082,49.78467,2
54312,4.71082,49.78467,2
54313,4.71092,49.78494,2
54314,4.71092,49.78494,2
54315,4.71092,49.78494,2
54316,4.71092,49.78494,2
54317,4.71092,49.78494,2
54318,4.71092,49.78494,2
54319,4.71092,49.78494,2
54320,4.71098,49.78522,2
54321,4.71098,49.78522,2
54322,4.71098,49.78522,2
54323,4.71098,49.78522,2
54324,4.71098,49.78522,2
54325,4.71098,49.78522,2
54326,4.71098,49.78522,2
54327,4.71098,49.78522,2
54328,4.70807,49.78319,2
54329,4.7104,49.78186,2
54330,4.650139,49.927789,2
54331,4.650139,49.927789,2
54332,4.63767,49.94091,2
54333,4.650139,49.927789,2
54334,4.650139,49.927789,2
54335,4.63767,49.94091,2
54336,4.650415,49.92835,2
54337,4.649617,49.929461,2
54338,4.650748,49.92864,2
54339,4.650748,49.92864,2
54340,4.650748,49.92864,2
54341,4.650941,49.929202,2
54342,4.65094,49.929193,2
54343,4.650308,49.928756,2
54344,4.650322,49.928756,2
54345,4.64812,49.929902,2
54346,4.650251,49.928101,2
54347,4.6486,49.9294,2
54348,4.650202,49.927959,2
54349,4.650139,49.927789,2
54350,4.649617,49.929461,2
54351,4.650139,49.927789,2
54352,4.649617,49.929461,2
54353,4.649617,49.929461,2
54354,4.650415,49.92835,2
54355,4.649617,49.929461,2
54356,4.6486,49.9294,2
54357,4.649617,49.929461,2
54358,4.649617,49.929461,2
54359,4.649617,49.929461,2
54360,4.649617,49.929461,2
54361,4.6486,49.9294,2
54362,4.648898,49.929564,2
54363,4.6486,49.9294,2
54364,4.6486,49.9294,2
54365,4.6486,49.9294,2
54366,4.649617,49.929461,2
54367,4.649617,49.929461,2
54368,4.649617,49.929461,2
54369,4.649617,49.929461,2
54370,4.649617,49.929461,2
54371,4.649617,49.929461,2
54372,4.6488,49.92954,2
54373,4.6488,49.92954,2
54374,4.649617,49.929461,2
54375,4.6488,49.92954,2
54376,4.649617,49.929461,2
54377,4.6488,49.92954,2
54378,4.6488,49.92954,2
54379,4.6488,49.92954,2
54380,4.649617,49.929461,2
54381,4.6488,49.92954,2
54382,4.649617,49.929461,2
54383,4.6488,49.92954,2
54384,4.649617,49.929461,2
54385,4.649617,49.929461,2
54386,4.649617,49.929461,2
54387,4.649617,49.929461,2
54388,4.64902,49.92962,2
54389,4.64902,49.92962,2
54390,4.649617,49.929461,2
54391,4.649617,49.929461,2
54392,4.649617,49.929461,2
54393,4.649617,49.929461,2
54394,4.64902,49.92962,2
54395,4.649617,49.929461,2
54396,4.649617,49.929461,2
54397,4.64932,49.92956,2
54398,4.64932,49.92956,2
54399,4.64932,49.92956,2
54400,4.649617,49.929461,2
54401,4.64932,49.92956,2
54402,4.649617,49.929461,2
54403,4.649617,49.929461,2
54404,4.64932,49.92956,2
54405,4.64932,49.92956,2
54406,4.649617,49.929461,2
54407,4.650749,49.928649,2
54408,4.650749,49.928649,2
54409,4.650749,49.928649,2
54410,4.650749,49.928649,2
54411,4.650749,49.928649,2
54412,4.650749,49.928649,2
54413,4.650749,49.928649,2
54414,4.650749,49.928649,2
54415,4.650749,49.928649,2
54416,4.650749,49.928649,2
54417,4.650749,49.928649,2
54418,4.650749,49.928649,2
54419,4.650749,49.928649,2
54420,4.650749,49.928649,2
54421,4.650749,49.928649,2
54422,4.650749,49.928649,2
54423,4.6498,49.92978,2
54424,4.650748,49.92864,2
54425,4.650748,49.92864,2
54426,4.650748,49.92864,2
54427,4.650748,49.92864,2
54428,4.650748,49.92864,2
54429,4.650748,49.92864,2
54430,4.650748,49.92864,2
54431,4.650748,49.92864,2
54432,4.650748,49.92864,2
54433,4.650748,49.92864,2
54434,4.650748,49.92864,2
54435,4.650748,49.92864,2
54436,4.650748,49.92864,2
54437,4.650748,49.92864,2
54438,4.650748,49.92864,2
54439,4.650748,49.92864,2
54440,4.650748,49.92864,2
54441,4.650748,49.92864,2
54442,4.650748,49.92864,2
54443,4.650748,49.92864,2
54444,4.650748,49.92864,2
54445,4.650748,49.92864,2
54446,4.650748,49.92864,2
54447,4.650748,49.92864,2
54448,4.650748,49.92864,2
54449,4.650748,49.92864,2
54450,4.650748,49.92864,2
54451,4.650748,49.92864,2
54452,4.650748,49.92864,2
54453,4.650748,49.92864,2
54454,4.650748,49.92864,2
54455,4.650748,49.92864,2
54456,4.65042,49.92938,2
54457,4.650748,49.92864,2
54458,4.650748,49.92864,2
54459,4.650748,49.92864,2
54460,4.65042,49.92938,2
54461,4.65083,49.92931,2
54462,4.650748,49.92864,2
54463,4.650748,49.92864,2
54464,4.650748,49.92864,2
54465,4.65083,49.92931,2
54466,4.65083,49.92931,2
54467,4.650748,49.92864,2
54468,4.650748,49.92864,2
54469,4.65083,49.92931,2
54470,4.650942,49.92922,2
54471,4.65094,49.929193,2
54472,4.65097,49.92929,2
54473,4.65094,49.929193,2
54474,4.65094,49.929193,2
54475,4.65097,49.92929,2
54476,4.65094,49.929193,2
54477,4.65097,49.92929,2
54478,4.65097,49.92929,2
54479,4.65094,49.929193,2
54480,4.65094,49.929193,2
54481,4.65094,49.929193,2
54482,4.65094,49.929193,2
54483,4.65094,49.929193,2
54484,4.65094,49.929193,2
54485,4.650371,49.928306,2
54486,4.65094,49.929193,2
54487,4.6509,49.92906,2
54488,4.6509,49.92906,2
54489,4.650941,49.929202,2
54490,4.650941,49.929202,2
54491,4.65075,49.92864,2
54492,4.650941,49.929202,2
54493,4.65075,49.92864,2
54494,4.650941,49.929202,2
54495,4.650941,49.929202,2
54496,4.650941,49.929202,2
54497,4.650941,49.929202,2
54498,4.650941,49.929202,2
54499,4.65075,49.92864,2
54500,4.65094,49.929193,2
54501,4.65094,49.929193,2
54502,4.65094,49.929193,2
54503,4.65094,49.929193,2
54504,4.64972,49.92878,2
54505,4.65094,49.929193,2
54506,4.65094,49.929193,2
54507,4.65094,49.929193,2
54508,4.65094,49.929193,2
54509,4.64972,49.92878,2
54510,4.65094,49.929193,2
54511,4.64972,49.92878,2
54512,4.65094,49.929193,2
54513,4.65094,49.929193,2
54514,4.64972,49.92878,2
54515,4.65094,49.929193,2
54516,4.65094,49.929193,2
54517,4.64972,49.92878,2
54518,4.65094,49.929193,2
54519,4.64972,49.92878,2
54520,4.64972,49.92878,2
54521,4.650322,49.928756,2
54522,4.650322,49.928756,2
54523,4.650322,49.928756,2
54524,4.650322,49.928756,2
54525,4.650322,49.928756,2
54526,4.650322,49.928756,2
54527,4.650322,49.928756,2
54528,4.650322,49.928756,2
54529,4.64981,49.92927,2
54530,4.650128,49.928768,2
54531,4.650128,49.928768,2
54532,4.65028,49.92897,2
54533,4.650128,49.928768,2
54534,4.650128,49.928768,2
54535,4.65028,49.92897,2
54536,4.650139,49.927789,2
54537,4.63497,49.9361,2
54538,4.650128,49.928768,2
54539,4.65028,49.92897,2
54540,4.650128,49.928768,2
54541,4.650128,49.928768,2
54542,4.650128,49.928768,2
54543,4.650128,49.928768,2
54544,4.649879,49.9288,2
54545,4.649879,49.9288,2
54546,4.649879,49.9288,2
54547,4.64978,49.9287,2
54548,4.649879,49.9288,2
54549,4.649879,49.9288,2
54550,4.649879,49.9288,2
54551,4.64978,49.9287,2
54552,4.650749,49.928649,2
54553,4.649879,49.9288,2
54554,4.649879,49.9288,2
54555,4.649879,49.9288,2
54556,4.649879,49.9288,2
54557,4.64978,49.9287,2
54558,4.649879,49.9288,2
54559,4.649879,49.9288,2
54560,4.650415,49.92835,2
54561,4.649617,49.929461,2
54562,4.649617,49.929461,2
54563,4.650415,49.92835,2
54564,4.650415,49.92835,2
54565,4.650415,49.92835,2
54566,4.650415,49.92835,2
54567,4.63771,49.94106,2
54568,4.650371,49.928306,2
54569,4.650371,49.928306,2
54570,4.650371,49.928306,2
54571,4.63771,49.94106,2
54572,4.650371,49.928306,2
54573,4.63771,49.94106,2
54574,4.650371,49.928306,2
54575,4.63771,49.94106,2
54576,4.649617,49.929461,2
54577,4.63791,49.94095,2
54578,4.650251,49.92811,2
54579,4.650251,49.92811,2
54580,4.650251,49.92811,2
54581,4.650251,49.92811,2
54582,4.650251,49.92811,2
54583,4.650251,49.92811,2
54584,4.650251,49.92811,2
54585,4.650251,49.92811,2
54586,4.650202,49.92795,2
54587,4.650202,49.92795,2
54588,4.63773,49.94098,2
54589,4.63773,49.94098,2
54590,4.650202,49.92795,2
54591,4.63773,49.94098,2
54592,4.650202,49.92795,2
54593,4.650202,49.92795,2
54594,4.650202,49.92795,2
54595,4.63761,49.94067,2
54596,4.63761,49.94067,2
54597,4.650139,49.927789,2
54598,4.650139,49.927789,2
54599,4.63761,49.94067,2
54600,4.63761,49.94067,2
54601,4.63761,49.94067,2
54602,4.63761,49.94067,2
54603,4.650139,49.927789,2
54604,4.63761,49.94067,2
54605,4.650139,49.927789,2
54606,4.650139,49.927789,2
54607,4.650139,49.927789,2
54608,4.650139,49.927789,2
54609,4.650139,49.927789,2
54610,4.650139,49.927789,2
54611,4.650139,49.927789,2
54612,4.87811,49.33621,2
54613,4.87247,49.34031,2
54614,4.87247,49.34031,2
54615,4.87247,49.34031,2
54616,4.86737,49.33225,2
54617,4.87247,49.34031,2
54618,4.86737,49.33225,2
54619,4.87247,49.34031,2
54620,4.87247,49.34031,2
54621,4.86737,49.33225,2
54622,4.87247,49.34031,2
54623,4.87247,49.34031,2
54624,4.87028,49.33969,2
54625,4.87014,49.33969,2
54626,4.87021,49.33969,2
54627,4.87001,49.33969,2
54628,4.86994,49.33969,2
54629,4.87053,49.34014,2
54630,4.87003,49.3398,2
54631,4.86987,49.3398,2
54632,4.86987,49.3398,2
54633,4.87027,49.3398,2
54634,4.8706,49.34046,2
54635,4.86971,49.34017,2
54636,4.86971,49.34017,2
54637,4.87047,49.34043,2
54638,4.87014,49.34062,2
54639,4.87021,49.34036,2
54640,4.87021,49.34036,2
54641,4.87021,49.34036,2
54642,4.87021,49.34036,2
54643,4.87008,49.34033,2
54644,4.86995,49.3403,2
54645,4.86995,49.3403,2
54646,4.8703,49.34095,2
54647,4.86971,49.34017,2
54648,4.86977,49.34025,2
54649,4.86977,49.34025,2
54650,4.87015,49.34022,2
54651,4.87054,49.34032,2
54652,4.87054,49.34032,2
54653,4.87054,49.34032,2
54654,4.87054,49.34032,2
54655,4.86987,49.34015,2
54656,4.87054,49.34032,2
54657,4.87054,49.34032,2
54658,4.86956,49.34008,2
54659,4.86849,49.33941,2
54660,4.86953,49.3402,2
54661,4.86895,49.33947,2
54662,4.86866,49.33939,2
54663,4.86849,49.33941,2
54664,4.86836,49.33932,2
54665,4.86747,49.3391,2
54666,4.86776,49.33917,2
54667,4.87161,49.3409,2
54668,4.86977,49.33968,2
54669,4.86925,49.33955,2
54670,4.86441,49.34203,2
54671,4.86354,49.34172,2
54672,4.86407,49.34184,2
54673,4.86372,49.34166,2
54674,4.86335,49.3415,2
54675,4.86297,49.34135,2
54676,4.86284,49.34111,2
54677,4.863,49.34084,2
54678,4.86317,49.34057,2
54679,4.86346,49.34035,2
54680,4.86377,49.34014,2
54681,4.86663,49.34296,2
54682,4.86663,49.34296,2
54683,4.86663,49.34296,2
54684,4.86663,49.34296,2
54685,4.86663,49.34296,2
54686,4.86663,49.34296,2
54687,4.86663,49.34296,2
54688,4.86663,49.34296,2
54689,4.86663,49.34296,2
54690,4.86301,49.34052,2
54691,4.87118,49.3413,2
54692,4.86924,49.34003,2
54693,4.86912,49.34014,2
54694,4.86933,49.34016,2
54695,4.86909,49.34001,2
54696,4.86894,49.34,2
54697,4.86879,49.33998,2
54698,4.870147,49.343258,2
54699,4.8685,49.34007,2
54700,4.86832,49.33993,2
54701,4.86832,49.33993,2
54702,4.87087,49.34149,2
54703,4.86832,49.33993,2
54704,4.86971,49.34017,2
54705,4.86832,49.34005,2
54706,4.86832,49.34005,2
54707,4.86891,49.34011,2
54708,4.8685,49.33995,2
54709,4.87105,49.34255,2
54710,4.87022,49.342,2
54711,4.86971,49.34017,2
54712,4.86971,49.34017,2
54713,4.86971,49.34017,2
54714,4.8679,49.33989,2
54715,4.86832,49.33943,2
54716,4.86832,49.33943,2
54717,4.86832,49.33943,2
54718,4.86971,49.34017,2
54719,4.86849,49.33941,2
54720,4.86715,49.33908,2
54721,4.86773,49.33999,2
54722,4.86758,49.33997,2
54723,4.86743,49.33995,2
54724,4.8677,49.33986,2
54725,4.830856,49.359314,2
54726,4.86749,49.33984,2
54727,4.86712,49.33952,2
54728,4.86971,49.34017,2
54729,4.86971,49.34017,2
54730,4.86971,49.34017,2
54731,4.86971,49.34017,2
54732,4.86971,49.34017,2
54733,4.86971,49.34017,2
54734,4.84173,49.34577,2
54735,4.86971,49.34017,2
54736,4.86971,49.34017,2
54737,4.86971,49.34017,2
54738,4.86971,49.34017,2
54739,4.86971,49.34017,2
54740,4.86971,49.34017,2
54741,4.86971,49.34017,2
54742,4.84038,49.34657,2
54743,4.86971,49.34017,2
54744,4.86971,49.34017,2
54745,4.86971,49.34017,2
54746,4.86971,49.34017,2
54747,4.86971,49.34017,2
54748,4.86971,49.34017,2
54749,4.86971,49.34017,2
54750,4.86971,49.34017,2
54751,4.86971,49.34017,2
54752,4.86971,49.34017,2
54753,4.86971,49.34017,2
54754,4.86971,49.34017,2
54755,4.86955,49.33963,2
54756,4.83968,49.3477,2
54757,4.830978,49.359276,2
54758,4.84038,49.34657,2
54759,4.84038,49.34657,2
54760,4.83938,49.3482,2
54761,4.8402,49.35126,2
54762,4.84038,49.34657,2
54763,4.84731,49.362351,2
54764,4.87103,49.34112,2
54765,4.87095,49.34124,2
54766,4.8709,49.34136,2
54767,4.87087,49.34149,2
54768,4.87118,49.3413,2
54769,4.87087,49.34217,2
54770,4.87087,49.34158,2
54771,4.87087,49.34188,2
54772,4.87087,49.34168,2
54773,4.87118,49.3413,2
54774,4.87087,49.34197,2
54775,4.870937,49.341417,2
54776,4.870937,49.341417,2
54777,4.870937,49.341417,2
54778,4.870875,49.342389,2
54779,4.87087,49.34207,2
54780,4.86971,49.34017,2
54781,4.8703,49.34095,2
54782,4.87022,49.342,2
54783,4.87019,49.3398,2
54784,4.87014,49.34187,2
54785,4.87028,49.34309,2
54786,4.87016,49.34156,2
54787,4.87018,49.34125,2
54788,4.86987,49.3398,2
54789,4.87022,49.342,2
54790,4.87105,49.3416,2
54791,4.87105,49.34191,2
54792,4.87054,49.34032,2
54793,4.87105,49.34223,2
54794,4.86663,49.34296,2
54795,4.87087,49.34227,2
54796,4.86971,49.34017,2
54797,4.87087,49.34236,2
54798,4.87087,49.34246,2
54799,4.87087,49.34256,2
54800,4.87118,49.3413,2
54801,4.87087,49.34266,2
54802,4.87118,49.3413,2
54803,4.87118,49.3413,2
54804,4.87118,49.3413,2
54805,4.87118,49.3413,2
54806,4.87118,49.3413,2
54807,4.87118,49.3413,2
54808,4.87118,49.3413,2
54809,4.87118,49.3413,2
54810,4.87118,49.3413,2
54811,4.87118,49.3413,2
54812,4.87118,49.3413,2
54813,4.87118,49.3413,2
54814,4.87118,49.3413,2
54815,4.86663,49.34296,2
54816,4.87118,49.3413,2
54817,4.86663,49.34296,2
54818,4.87118,49.3413,2
54819,4.895738,49.343058,2
54820,4.88065,49.35662,2
54821,4.87118,49.3413,2
54822,4.87559,49.35234,2
54823,4.87118,49.3413,2
54824,4.87233,49.34172,2
54825,4.86966,49.34321,2
54826,4.87006,49.3433,2
54827,4.86848,49.34341,2
54828,4.86927,49.34336,2
54829,4.87181,49.34118,2
54830,4.87022,49.342,2
54831,4.86663,49.34296,2
54832,4.872,49.34115,2
54833,4.86663,49.34296,2
54834,4.87161,49.3409,2
54835,4.86663,49.34296,2
54836,4.8717,49.34087,2
54837,4.86663,49.34296,2
54838,4.88359,49.33476,2
54839,4.86663,49.34296,2
54840,4.86663,49.34296,2
54841,4.86663,49.34296,2
54842,4.87247,49.34031,2
54843,4.86663,49.34296,2
54844,4.87007,49.33969,2
54845,4.86663,49.34296,2
54846,4.86987,49.33969,2
54847,4.86663,49.34296,2
54848,4.87011,49.3398,2
54849,4.86663,49.34296,2
54850,4.86663,49.34296,2
54851,4.86995,49.3398,2
54852,4.87034,49.34039,2
54853,4.86971,49.34011,2
54854,4.86811,49.34324,2
54855,4.86939,49.34005,2
54856,4.87118,49.3413,2
54857,4.86971,49.34017,2
54858,4.8687,49.34009,2
54859,4.86802,49.34002,2
54860,4.86971,49.34017,2
54861,4.84666,49.339203,2
54862,4.86663,49.34296,2
54863,4.84038,49.34657,2
54864,4.84038,49.34657,2
54865,4.84038,49.34657,2
54866,4.84038,49.34657,2
54867,4.84038,49.34657,2
54868,4.84038,49.34657,2
54869,4.84596,49.36271,2
54870,4.87087,49.34178,2
54871,4.87012,49.34218,2
54872,4.86849,49.33941,2
54873,4.84934,49.34202,2
54874,4.87118,49.3413,2
54875,4.873158,49.334296,2
54876,4.86806,49.33924,2
54877,4.87118,49.3413,2
54878,4.87047,49.34043,2
54879,4.87047,49.34043,2
54880,4.87047,49.34043,2
54881,4.84173,49.34577,2
54882,4.8703,49.34095,2
54883,4.87118,49.3413,2
54884,4.87118,49.3413,2
54885,4.87765,49.34979,2
54886,4.87648,49.34981,2
54887,4.87459,49.34887,2
54888,4.87745,49.34982,2
54889,4.895738,49.343058,2
54890,4.876949,49.350054,2
54891,4.87924,49.35156,2
54892,4.8707,49.34315,2
54893,4.88041,49.35545,2
54894,4.87715,49.34947,2
54895,4.87242,49.3419,2
54896,4.87636,49.34989,2
54897,4.87239,49.34184,2
54898,4.87437,49.34986,2
54899,4.87236,49.34178,2
54900,4.87131,49.34065,2
54901,4.87259,49.34187,2
54902,4.87118,49.3413,2
54903,4.87256,49.34181,2
54904,4.8723,49.34166,2
54905,4.87254,49.34176,2
54906,4.87251,49.3417,2
54907,4.87225,49.3416,2
54908,4.87219,49.34155,2
54909,4.87214,49.3415,2
54910,4.87249,49.34164,2
54911,4.8724,49.34154,2
54912,4.87245,49.34159,2
54913,4.8723,49.34144,2
54914,4.87203,49.34139,2
54915,4.87235,49.34149,2
54916,4.87208,49.34144,2
54917,4.87225,49.34139,2
54918,4.87195,49.3411,2
54919,4.87198,49.34134,2
54920,4.87161,49.3409,2
54921,4.8722,49.34134,2
54922,4.87215,49.34129,2
54923,4.8721,49.34125,2
54924,4.87022,49.342,2
54925,4.87205,49.3412,2
54926,4.87176,49.34112,2
54927,4.87195,49.3411,2
54928,4.8719,49.34105,2
54929,4.87161,49.3409,2
54930,4.87161,49.3409,2
54931,4.87185,49.341,2
54932,4.87161,49.3409,2
54933,4.870972,49.341299,2
54934,4.36888,49.51125,2
54935,4.36888,49.51125,2
54936,4.36888,49.51125,2
54937,4.36888,49.51125,2
54938,4.36888,49.51125,2
54939,4.36888,49.51125,2
54940,4.36888,49.51125,2
54941,4.36888,49.51125,2
54942,4.36888,49.51125,2
54943,4.36888,49.51125,2
54944,4.37603,49.50841,2
54945,4.37434,49.5085,2
54946,4.37525,49.50893,2
54947,4.37919,49.51071,2
54948,4.37919,49.51071,2
54949,4.3716,49.50909,2
54950,4.3716,49.50909,2
54951,4.3716,49.50909,2
54952,4.36952,49.50958,2
54953,4.37125,49.50937,2
54954,4.37125,49.50937,2
54955,4.37125,49.50937,2
54956,4.37125,49.50937,2
54957,4.36888,49.51125,2
54958,4.36888,49.51125,2
54959,4.36888,49.51125,2
54960,4.37372,49.50821,2
54961,4.36804,49.50802,2
54962,4.36881,49.50796,2
54963,4.36893,49.50797,2
54964,4.36905,49.50797,2
54965,4.3693,49.50797,2
54966,4.36942,49.50797,2
54967,4.36942,49.50797,2
54968,4.36955,49.50797,2
54969,4.36967,49.50797,2
54970,4.36992,49.50798,2
54971,4.37016,49.50798,2
54972,4.37004,49.50798,2
54973,4.37004,49.50798,2
54974,4.37004,49.50798,2
54975,4.37372,49.50821,2
54976,4.37029,49.50798,2
54977,4.37041,49.50798,2
54978,4.37029,49.50798,2
54979,4.37053,49.50798,2
54980,4.37041,49.50798,2
54981,4.37066,49.50799,2
54982,4.37053,49.50798,2
54983,4.37103,49.50799,2
54984,4.37053,49.50798,2
54985,4.37115,49.50799,2
54986,4.37053,49.50798,2
54987,4.37553,49.5086,2
54988,4.37603,49.50841,2
54989,4.37078,49.50799,2
54990,4.37683,49.50867,2
54991,4.37103,49.50799,2
54992,4.37747,49.50913,2
54993,4.37103,49.50799,2
54994,4.36815,49.51205,2
54995,4.37103,49.50799,2
54996,4.37103,49.50799,2
54997,4.36815,49.51205,2
54998,4.37103,49.50799,2
54999,4.36815,49.51205,2
55000,4.37103,49.50799,2
55001,4.36811,49.512,2
55002,4.37103,49.50799,2
55003,4.36815,49.51205,2
55004,4.37103,49.50799,2
55005,4.36815,49.51205,2
55006,4.37139,49.50799,2
55007,4.3715,49.508,2
55008,4.36815,49.51205,2
55009,4.37161,49.508,2
55010,4.37171,49.50801,2
55011,4.37182,49.50801,2
55012,4.37207,49.50802,2
55013,4.37224,49.50803,2
55014,4.37241,49.50804,2
55015,4.3731,49.50811,2
55016,4.37293,49.50809,2
55017,4.37276,49.50807,2
55018,4.37259,49.50805,2
55019,4.37343,49.50817,2
55020,4.37327,49.50813,2
55021,4.37373,49.50828,2
55022,4.37358,49.50823,2
55023,4.37388,49.50834,2
55024,4.37403,49.50839,2
55025,4.37486,49.50896,2
55026,4.37453,49.50882,2
55027,4.37423,49.50881,2
55028,4.37394,49.50879,2
55029,4.37364,49.50878,2
55030,4.37607,49.50951,2
55031,4.37385,49.50937,2
55032,4.37385,49.50937,2
55033,4.37325,49.50939,2
55034,4.37112,49.50872,2
55035,4.37287,49.50885,2
55036,4.37245,49.50871,2
55037,4.37245,49.50871,2
55038,4.37186,49.50922,2
55039,4.37202,49.50928,2
55040,4.37233,49.50903,2
55041,4.37261,49.50916,2
55042,4.37279,49.5093,2
55043,4.37277,49.50913,2
55044,4.37314,49.50916,2
55045,4.3735,49.50919,2
55046,4.37387,49.50921,2
55047,4.37333,49.50911,2
55048,4.37371,49.50908,2
55049,4.37395,49.5091,2
55050,4.37346,49.50906,2
55051,4.37322,49.50905,2
55052,4.37297,49.50903,2
55053,4.37273,49.50901,2
55054,4.37275,49.50873,2
55055,4.37305,49.50874,2
55056,4.37334,49.50876,2
55057,4.37525,49.50893,2
55058,4.38241,49.51199,2
55059,4.37552,49.50895,2
55060,4.37584,49.50909,2
55061,4.37624,49.50927,2
55062,4.37372,49.50821,2
55063,4.37372,49.50821,2
55064,4.38112,49.51148,2
55065,4.3755,49.5088,2
55066,4.3756,49.50884,2
55067,4.37569,49.50888,2
55068,4.37569,49.50888,2
55069,4.37578,49.50892,2
55070,4.37587,49.50896,2
55071,4.37973,49.51106,2
55072,4.37597,49.509,2
55073,4.37635,49.50918,2
55074,4.37688,49.50945,2
55075,4.37746,49.50977,2
55076,4.37746,49.50977,2
55077,4.37804,49.51008,2
55078,4.37861,49.5104,2
55079,4.37919,49.51071,2
55080,4.37984,49.51096,2
55081,4.38048,49.51122,2
55082,4.38176,49.51173,2
55083,4.38305,49.51225,2
55084,4.37372,49.50821,2
55085,4.37527,49.50869,2
55086,4.3757,49.50854,2
55087,4.3757,49.50854,2
55088,4.37586,49.50848,2
55089,4.37619,49.50835,2
55090,4.37632,49.50831,2
55091,4.37651,49.50825,2
55092,4.37651,49.50825,2
55093,4.37637,49.50834,2
55094,4.37683,49.50867,2
55095,4.37668,49.50856,2
55096,4.37699,49.50879,2
55097,4.37714,49.5089,2
55098,4.37653,49.50828,2
55099,4.37675,49.50844,2
55100,4.37697,49.5086,2
55101,4.37765,49.50926,2
55102,4.37783,49.50939,2
55103,4.37802,49.50951,2
55104,4.37762,49.50907,2
55105,4.37718,49.50875,2
55106,4.3774,49.50891,2
55107,4.37827,49.50956,2
55108,4.37851,49.50963,2
55109,4.37786,49.50923,2
55110,4.37869,49.50976,2
55111,4.37888,49.50988,2
55112,4.37809,49.5094,2
55113,4.37841,49.50947,2
55114,4.37906,49.51001,2
55115,4.37925,49.51013,2
55116,4.37869,49.50959,2
55117,4.37893,49.50975,2
55118,4.37943,49.51026,2
55119,4.37961,49.51038,2
55120,4.37916,49.50991,2
55121,4.3794,49.51008,2
55122,4.3794,49.51008,2
55123,4.37987,49.51039,2
55124,4.38013,49.51035,2
55125,4.38039,49.51038,2
55126,4.3716,49.50909,2
55127,4.3716,49.50909,2
55128,4.3716,49.50909,2
55129,4.3716,49.50909,2
55130,4.36952,49.50958,2
55131,4.3716,49.50909,2
55132,4.3716,49.50909,2
55133,4.3716,49.50909,2
55134,4.3716,49.50909,2
55135,4.3716,49.50909,2
55136,4.3716,49.50909,2
55137,4.3716,49.50909,2
55138,4.3716,49.50909,2
55139,4.3716,49.50909,2
55140,4.3716,49.50909,2
55141,4.3716,49.50909,2
55142,4.3716,49.50909,2
55143,4.3716,49.50909,2
55144,4.3716,49.50909,2
55145,4.36952,49.50958,2
55146,4.36952,49.50958,2
55147,4.36952,49.50958,2
55148,4.36952,49.50958,2
55149,4.36952,49.50958,2
55150,4.37125,49.50937,2
55151,4.36952,49.50958,2
55152,4.36952,49.50958,2
55153,4.36952,49.50958,2
55154,4.36952,49.50958,2
55155,4.36952,49.50958,2
55156,4.36952,49.50958,2
55157,4.36952,49.50958,2
55158,4.37125,49.50937,2
55159,4.36952,49.50958,2
55160,4.36952,49.50958,2
55161,4.36952,49.50958,2
55162,4.36952,49.50958,2
55163,4.36952,49.50958,2
55164,4.37125,49.50937,2
55165,4.37125,49.50937,2
55166,4.37125,49.50937,2
55167,4.37125,49.50937,2
55168,4.37125,49.50937,2
55169,4.37125,49.50937,2
55170,4.37125,49.50937,2
55171,4.37125,49.50937,2
55172,4.37125,49.50937,2
55173,4.37125,49.50937,2
55174,4.37125,49.50937,2
55175,4.37125,49.50937,2
55176,4.37125,49.50937,2
55177,4.37125,49.50937,2
55178,4.37125,49.50937,2
55179,4.37125,49.50937,2
55180,4.37125,49.50937,2
55181,4.37125,49.50937,2
55182,4.37125,49.50937,2
55183,4.37125,49.50937,2
55184,4.37125,49.50937,2
55185,4.37125,49.50937,2
55186,4.37125,49.50937,2
55187,4.37125,49.50937,2
55188,4.37125,49.50937,2
55189,4.37125,49.50937,2
55190,4.37125,49.50937,2
55191,4.37125,49.50937,2
55192,4.37125,49.50937,2
55193,4.37125,49.50937,2
55194,4.37125,49.50937,2
55195,4.37125,49.50937,2
55196,4.37125,49.50937,2
55197,4.37125,49.50937,2
55198,4.37125,49.50937,2
55199,4.37125,49.50937,2
55200,4.37125,49.50937,2
55201,4.37125,49.50937,2
55202,4.36815,49.51205,2
55203,4.36815,49.51205,2
55204,4.36815,49.51205,2
55205,4.36815,49.51205,2
55206,4.36815,49.51205,2
55207,4.36815,49.51205,2
55208,4.36815,49.51205,2
55209,4.36815,49.51205,2
55210,4.36815,49.51205,2
55211,4.36815,49.51205,2
55212,4.36815,49.51205,2
55213,4.36815,49.51205,2
55214,4.36815,49.51205,2
55215,4.36815,49.51205,2
55216,4.36815,49.51205,2
55217,4.36815,49.51205,2
55218,4.36815,49.51205,2
55219,4.36815,49.51205,2
55220,4.36815,49.51205,2
55221,4.36815,49.51205,2
55222,4.36815,49.51205,2
55223,4.36815,49.51205,2
55224,4.36815,49.51205,2
55225,4.36815,49.51205,2
55226,4.36815,49.51205,2
55227,4.36815,49.51205,2
55228,4.36815,49.51205,2
55229,4.36815,49.51205,2
55230,4.36815,49.51205,2
55231,4.36815,49.51205,2
55232,4.36815,49.51205,2
55233,4.36815,49.51205,2
55234,4.36815,49.51205,2
55235,4.36815,49.51205,2
55236,4.36815,49.51205,2
55237,4.36815,49.51205,2
55238,4.36815,49.51205,2
55239,4.36815,49.51205,2
55240,4.36815,49.51205,2
55241,4.36815,49.51205,2
55242,4.36815,49.51205,2
55243,4.36815,49.51205,2
55244,4.36815,49.51205,2
55245,4.36815,49.51205,2
55246,4.36815,49.51205,2
55247,4.36888,49.51125,2
55248,4.36888,49.51125,2
55249,4.36888,49.51125,2
55250,4.36888,49.51125,2
55251,4.36888,49.51125,2
55252,4.36888,49.51125,2
55253,4.36888,49.51125,2
55254,4.36888,49.51125,2
55255,4.83015,49.73331,2
55256,4.83015,49.73331,2
55257,4.83015,49.73331,2
55258,4.83005,49.73335,2
55259,4.82995,49.73338,2
55260,4.82985,49.73341,2
55261,4.83026,49.73337,2
55262,4.83143,49.73395,2
55263,4.83143,49.73395,2
55264,4.83021,49.73396,2
55265,4.83021,49.73396,2
55266,4.83021,49.73396,2
55267,4.83021,49.73396,2
55268,4.83021,49.73396,2
55269,4.83021,49.73396,2
55270,4.83023,49.73414,2
55271,4.83025,49.73432,2
55272,4.83013,49.73423,2
55273,4.83012,49.73473,2
55274,4.83011,49.73465,2
55275,4.8301,49.73456,2
55276,4.83891,49.72165,2
55277,4.83009,49.73448,2
55278,4.83008,49.7344,2
55279,4.83007,49.73432,2
55280,4.83007,49.73432,2
55281,4.83007,49.73432,2
55282,4.83006,49.73424,2
55283,4.83005,49.73416,2
55284,4.83005,49.73416,2
55285,4.83005,49.73416,2
55286,4.83003,49.73399,2
55287,4.83002,49.73391,2
55288,4.83002,49.73391,2
55289,4.82368,49.74458,2
55290,4.83002,49.73391,2
55291,4.82368,49.74458,2
55292,4.83001,49.73383,2
55293,4.83,49.73375,2
55294,4.82994,49.7337,2
55295,4.82966,49.73361,2
55296,4.82936,49.73369,2
55297,4.82951,49.73365,2
55298,4.82922,49.73373,2
55299,4.82907,49.73378,2
55300,4.82892,49.73382,2
55301,4.82301,49.73928,2
55302,4.82877,49.73386,2
55303,4.82862,49.7339,2
55304,4.82862,49.7339,2
55305,4.82862,49.7339,2
55306,4.82862,49.7339,2
55307,4.82862,49.7339,2
55308,4.82833,49.73398,2
55309,4.82818,49.73403,2
55310,4.82818,49.73403,2
55311,4.82715,49.73429,2
55312,4.82715,49.73429,2
55313,4.82715,49.73429,2
55314,4.83203,49.73283,2
55315,4.82451,49.73485,2
55316,4.82451,49.73485,2
55317,4.82451,49.73485,2
55318,4.82451,49.73485,2
55319,4.83203,49.73283,2
55320,4.82833,49.73398,2
55321,4.82247,49.73789,2
55322,4.82862,49.7339,2
55323,4.83203,49.73283,2
55324,4.82424,49.74254,2
55325,4.83203,49.73283,2
55326,4.822349,49.735427,2
55327,4.83203,49.73283,2
55328,4.82412,49.73717,2
55329,4.83203,49.73283,2
55330,4.83891,49.72165,2
55331,4.83203,49.73283,2
55332,4.83203,49.73283,2
55333,4.83203,49.73283,2
55334,4.83203,49.73283,2
55335,4.83203,49.73283,2
55336,4.83203,49.73283,2
55337,4.83203,49.73283,2
55338,4.83203,49.73283,2
55339,4.83203,49.73283,2
55340,4.83203,49.73283,2
55341,4.83203,49.73283,2
55342,4.83203,49.73283,2
55343,4.83203,49.73283,2
55344,4.83203,49.73283,2
55345,4.83203,49.73283,2
55346,4.82714,49.73423,2
55347,4.82644,49.73434,2
55348,4.82652,49.73432,2
55349,4.82678,49.73425,2
55350,4.82686,49.73423,2
55351,4.82694,49.73421,2
55352,4.82694,49.73421,2
55353,4.8272,49.73415,2
55354,4.8272,49.73415,2
55355,4.82728,49.73413,2
55356,4.82877,49.73386,2
55357,4.82736,49.73411,2
55358,4.82762,49.73405,2
55359,4.82779,49.73401,2
55360,4.82787,49.73399,2
55361,4.82833,49.73386,2
55362,4.82863,49.73377,2
55363,4.82892,49.73369,2
55364,4.82922,49.73361,2
55365,4.82548,49.73319,2
55366,4.83065,49.73217,2
55367,4.83058,49.73198,2
55368,4.82538,49.73297,2
55369,4.83051,49.7318,2
55370,4.83037,49.73148,2
55371,4.82531,49.73281,2
55372,4.83007,49.73187,2
55373,4.82524,49.73265,2
55374,4.83013,49.7318,2
55375,4.82518,49.73249,2
55376,4.83013,49.7318,2
55377,4.83013,49.7318,2
55378,4.82511,49.73233,2
55379,4.83013,49.7318,2
55380,4.83013,49.7318,2
55381,4.82504,49.73217,2
55382,4.83013,49.7318,2
55383,4.82497,49.73201,2
55384,4.82492,49.73187,2
55385,4.8249,49.73177,2
55386,4.82487,49.73167,2
55387,4.82485,49.73157,2
55388,4.82482,49.73147,2
55389,4.825,49.73145,2
55390,4.82502,49.73155,2
55391,4.82505,49.73165,2
55392,4.82507,49.73175,2
55393,4.8251,49.73185,2
55394,4.82552,49.73185,2
55395,4.82566,49.73197,2
55396,4.82575,49.73211,2
55397,4.82584,49.73225,2
55398,4.82594,49.73239,2
55399,4.82603,49.73253,2
55400,4.82611,49.73267,2
55401,4.82597,49.73279,2
55402,4.82581,49.7329,2
55403,4.82565,49.73301,2
55404,4.82557,49.73289,2
55405,4.82583,49.7327,2
55406,4.82578,49.73246,2
55407,4.82563,49.73222,2
55408,4.82548,49.73198,2
55409,4.82267,49.73864,2
55410,4.82272,49.73873,2
55411,4.82277,49.73882,2
55412,4.82412,49.74151,2
55413,4.82282,49.73891,2
55414,4.83029,49.73467,2
55415,4.82282,49.73891,2
55416,4.82292,49.7391,2
55417,4.82301,49.73928,2
55418,4.82301,49.73928,2
55419,4.82862,49.7339,2
55420,4.82296,49.73919,2
55421,4.82301,49.73928,2
55422,4.82309,49.73937,2
55423,4.82367,49.739,2
55424,4.82347,49.74047,2
55425,4.82367,49.739,2
55426,4.82312,49.73942,2
55427,4.82312,49.73942,2
55428,4.8232,49.73957,2
55429,4.82335,49.73988,2
55430,4.82343,49.74004,2
55431,4.82364,49.74043,2
55432,4.82364,49.74043,2
55433,4.82364,49.74043,2
55434,4.82364,49.74043,2
55435,4.82412,49.74151,2
55436,4.82412,49.74151,2
55437,4.82416,49.74186,2
55438,4.82416,49.74186,2
55439,4.82416,49.74186,2
55440,4.82714,49.74142,2
55441,4.82583,49.74099,2
55442,4.82663,49.74116,2
55443,4.82714,49.74142,2
55444,4.82392,49.74101,2
55445,4.82714,49.74142,2
55446,4.82392,49.74101,2
55447,4.82392,49.74101,2
55448,4.82392,49.74101,2
55449,4.82412,49.74151,2
55450,4.82422,49.74203,2
55451,4.82424,49.74254,2
55452,4.82403,49.74402,2
55453,4.82416,49.74186,2
55454,4.83891,49.72165,2
55455,4.82416,49.74186,2
55456,4.82353,49.74543,2
55457,4.82321,49.74575,2
55458,4.82331,49.74552,2
55459,4.82341,49.74528,2
55460,4.8235,49.74504,2
55461,4.8236,49.74481,2
55462,4.82368,49.74458,2
55463,4.82377,49.74434,2
55464,4.82282,49.74416,2
55465,4.82164,49.7442,2
55466,4.82282,49.74416,2
55467,4.82192,49.74405,2
55468,4.82237,49.74408,2
55469,4.82281,49.74411,2
55470,4.82325,49.74414,2
55471,4.82369,49.74417,2
55472,4.82383,49.74412,2
55473,4.82124,49.7366,2
55474,4.82388,49.74389,2
55475,4.82392,49.74366,2
55476,4.82396,49.74343,2
55477,4.82404,49.74289,2
55478,4.82404,49.74289,2
55479,4.82404,49.74289,2
55480,4.82404,49.74204,2
55481,4.82404,49.74204,2
55482,4.82381,49.7412,2
55483,4.82381,49.7412,2
55484,4.82381,49.7412,2
55485,4.82347,49.74047,2
55486,4.82322,49.73999,2
55487,4.82347,49.74047,2
55488,4.82347,49.74047,2
55489,4.82745,49.73409,2
55490,4.82322,49.73999,2
55491,4.82307,49.73969,2
55492,4.82297,49.7395,2
55493,4.82292,49.73942,2
55494,4.83209,49.73289,2
55495,4.82283,49.73931,2
55496,4.83209,49.73289,2
55497,4.82277,49.73919,2
55498,4.82271,49.73907,2
55499,4.8369,49.7333,2
55500,4.82265,49.73894,2
55501,4.82258,49.73882,2
55502,4.837,49.73137,2
55503,4.837,49.73137,2
55504,4.82258,49.73882,2
55505,4.83581,49.72999,2
55506,4.83662,49.73057,2
55507,4.82252,49.7387,2
55508,4.83653,49.73032,2
55509,4.83891,49.72165,2
55510,4.82252,49.7387,2
55511,4.83891,49.72165,2
55512,4.8226,49.73853,2
55513,4.8226,49.73847,2
55514,4.83891,49.72165,2
55515,4.82257,49.73842,2
55516,4.83891,49.72165,2
55517,4.82254,49.73836,2
55518,4.83891,49.72165,2
55519,4.82251,49.7383,2
55520,4.83679,49.73118,2
55521,4.82248,49.73824,2
55522,4.83891,49.72165,2
55523,4.82244,49.73819,2
55524,4.83891,49.72165,2
55525,4.82241,49.73813,2
55526,4.83891,49.72165,2
55527,4.82241,49.73813,2
55528,4.82238,49.73807,2
55529,4.82235,49.73801,2
55530,4.83891,49.72165,2
55531,4.82235,49.73801,2
55532,4.83891,49.72165,2
55533,4.82232,49.73796,2
55534,4.83891,49.72165,2
55535,4.83891,49.72165,2
55536,4.82228,49.7379,2
55537,4.83891,49.72165,2
55538,4.82225,49.73784,2
55539,4.83891,49.72165,2
55540,4.82222,49.73778,2
55541,4.82222,49.73778,2
55542,4.83891,49.72165,2
55543,4.83891,49.72165,2
55544,4.82219,49.73773,2
55545,4.83891,49.72165,2
55546,4.83203,49.73283,2
55547,4.82216,49.73767,2
55548,4.83054,49.73145,2
55549,4.82392,49.74101,2
55550,4.83076,49.73195,2
55551,4.83102,49.73267,2
55552,4.82212,49.73761,2
55553,4.83025,49.73328,2
55554,4.82206,49.7375,2
55555,4.83013,49.73423,2
55556,4.82194,49.73733,2
55557,4.8218,49.73716,2
55558,4.82994,49.7337,2
55559,4.8218,49.73716,2
55560,4.82977,49.7336,2
55561,4.82848,49.73394,2
55562,4.82175,49.73709,2
55563,4.8217,49.73702,2
55564,4.82818,49.73403,2
55565,4.82164,49.73695,2
55566,4.82164,49.73695,2
55567,4.82892,49.73382,2
55568,4.83203,49.73283,2
55569,4.82159,49.73686,2
55570,4.82661,49.7343,2
55571,4.82154,49.73678,2
55572,4.82412,49.74151,2
55573,4.8215,49.7367,2
55574,4.82745,49.73409,2
55575,4.82124,49.7366,2
55576,4.82753,49.73407,2
55577,4.82124,49.7366,2
55578,4.82762,49.73405,2
55579,4.82124,49.7366,2
55580,4.82124,49.7366,2
55581,4.82803,49.73394,2
55582,4.82124,49.7366,2
55583,4.82367,49.739,2
55584,4.82132,49.73635,2
55585,4.82132,49.73635,2
55586,4.82252,49.7387,2
55587,4.82132,49.73635,2
55588,4.82132,49.73635,2
55589,4.82122,49.73617,2
55590,4.82132,49.73635,2
55591,4.82122,49.73617,2
55592,4.82132,49.73635,2
55593,4.82145,49.73624,2
55594,4.82132,49.73635,2
55595,4.82132,49.73635,2
55596,4.8223,49.73758,2
55597,4.82132,49.73635,2
55598,4.8227,49.7383,2
55599,4.82119,49.7361,2
55600,4.82119,49.7361,2
55601,4.82119,49.7361,2
55602,4.82863,49.73377,2
55603,4.82115,49.73604,2
55604,4.82115,49.73604,2
55605,4.82119,49.7361,2
55606,4.82115,49.73604,2
55607,4.82119,49.7361,2
55608,4.82109,49.73592,2
55609,4.82109,49.73592,2
55610,4.82109,49.73592,2
55611,4.82109,49.73592,2
55612,4.82109,49.73592,2
55613,4.81953,49.74195,2
55614,4.82109,49.73592,2
55615,4.83891,49.72165,2
55616,4.82109,49.73592,2
55617,4.82109,49.73592,2
55618,4.82109,49.73592,2
55619,4.83891,49.72165,2
55620,4.82105,49.73585,2
55621,4.82105,49.73585,2
55622,4.82105,49.73585,2
55623,4.82105,49.73585,2
55624,4.82105,49.73585,2
55625,4.82102,49.73579,2
55626,4.82102,49.73579,2
55627,4.82095,49.73566,2
55628,4.82102,49.73579,2
55629,4.82095,49.73566,2
55630,4.82059,49.73502,2
55631,4.82201,49.73717,2
55632,4.8221,49.73728,2
55633,4.83203,49.73283,2
55634,4.82013,49.73434,2
55635,4.83686,49.7335,2
55636,4.81953,49.73442,2
55637,4.8369,49.7333,2
55638,4.81923,49.73446,2
55639,4.83695,49.7331,2
55640,4.83687,49.73271,2
55641,4.82104,49.73548,2
55642,4.83689,49.73239,2
55643,4.83203,49.73283,2
55644,4.83688,49.73162,2
55645,4.8212,49.73578,2
55646,4.83679,49.73118,2
55647,4.82127,49.7359,2
55648,4.83691,49.73207,2
55649,4.83679,49.73118,2
55650,4.82133,49.73601,2
55651,4.83708,49.73224,2
55652,4.82416,49.74186,2
55653,4.82139,49.73613,2
55654,4.8371,49.73183,2
55655,4.82151,49.73636,2
55656,4.82151,49.73636,2
55657,4.83709,49.73202,2
55658,4.82158,49.73648,2
55659,4.8369,49.73117,2
55660,4.83621,49.73097,2
55661,4.82169,49.7367,2
55662,4.83706,49.73161,2
55663,4.82183,49.73693,2
55664,4.83706,49.73161,2
55665,4.82183,49.73693,2
55666,4.83581,49.72999,2
55667,4.8368,49.73096,2
55668,4.82183,49.73693,2
55669,4.83679,49.73118,2
55670,4.82194,49.73707,2
55671,4.83571,49.7271,2
55672,4.83891,49.72165,2
55673,4.82268,49.73694,2
55674,4.83891,49.72165,2
55675,4.82201,49.73717,2
55676,4.8356,49.72736,2
55677,4.82201,49.73717,2
55678,4.83679,49.73118,2
55679,4.82206,49.73723,2
55680,4.82206,49.73723,2
55681,4.83891,49.72165,2
55682,4.83891,49.72165,2
55683,4.82206,49.73723,2
55684,4.83901,49.72169,2
55685,4.82206,49.73723,2
55686,4.83891,49.72165,2
55687,4.82206,49.73723,2
55688,4.83891,49.72165,2
55689,4.82214,49.73734,2
55690,4.83891,49.72165,2
55691,4.82214,49.73734,2
55692,4.83891,49.72165,2
55693,4.835439,49.731008,2
55694,4.82219,49.73739,2
55695,4.83629,49.73025,2
55696,4.83581,49.72999,2
55697,4.82219,49.73739,2
55698,4.82661,49.7343,2
55699,4.83581,49.72999,2
55700,4.82224,49.73748,2
55701,4.83461,49.73119,2
55702,4.82224,49.73748,2
55703,4.83259,49.73264,2
55704,4.82236,49.73768,2
55705,4.83203,49.73283,2
55706,4.82241,49.73779,2
55707,4.83203,49.73283,2
55708,4.82247,49.73789,2
55709,4.82253,49.73799,2
55710,4.83342,49.73317,2
55711,4.83203,49.73283,2
55712,4.82253,49.73799,2
55713,4.83407,49.73292,2
55714,4.8227,49.7383,2
55715,4.83342,49.73317,2
55716,4.82278,49.73851,2
55717,4.83342,49.73317,2
55718,4.83203,49.73283,2
55719,4.83342,49.73317,2
55720,4.83342,49.73317,2
55721,4.83203,49.73283,2
55722,4.83203,49.73283,2
55723,4.83203,49.73283,2
55724,4.83203,49.73283,2
55725,4.83901,49.72169,2
55726,4.83185,49.73321,2
55727,4.83203,49.73283,2
55728,4.83203,49.73283,2
55729,4.83203,49.73283,2
55730,4.83203,49.73283,2
55731,4.83203,49.73283,2
55732,4.83203,49.73283,2
55733,4.83203,49.73283,2
55734,4.83203,49.73283,2
55735,4.83203,49.73283,2
55736,4.83203,49.73283,2
55737,4.81953,49.74195,2
55738,4.83203,49.73283,2
55739,4.83203,49.73283,2
55740,4.83203,49.73283,2
55741,4.83203,49.73283,2
55742,4.83203,49.73283,2
55743,4.83142,49.73295,2
55744,4.83131,49.73298,2
55745,4.8312,49.73301,2
55746,4.8311,49.73304,2
55747,4.83092,49.73291,2
55748,4.83069,49.73197,2
55749,4.83102,49.73267,2
55750,4.83069,49.73197,2
55751,4.83077,49.73248,2
55752,4.83077,49.73248,2
55753,4.83891,49.72165,2
55754,4.83047,49.73223,2
55755,4.82994,49.73236,2
55756,4.83088,49.7331,2
55757,4.83084,49.73321,2
55758,4.83084,49.73321,2
55759,4.83093,49.73335,2
55760,4.83097,49.73342,2
55761,4.83101,49.73349,2
55762,4.83107,49.73356,2
55763,4.83107,49.73356,2
55764,4.83112,49.73364,2
55765,4.83117,49.73371,2
55766,4.83124,49.73378,2
55767,4.83132,49.73384,2
55768,4.83132,49.73384,2
55769,4.83143,49.73395,2
55770,4.83143,49.73395,2
55771,4.83143,49.73395,2
55772,4.83143,49.73395,2
55773,4.83149,49.73396,2
55774,4.83158,49.73401,2
55775,4.83167,49.73407,2
55776,4.83167,49.73407,2
55777,4.83167,49.73407,2
55778,4.83167,49.73407,2
55779,4.83175,49.73437,2
55780,4.83122,49.73393,2
55781,4.83175,49.73413,2
55782,4.83175,49.73413,2
55783,4.83184,49.73419,2
55784,4.83054,49.73145,2
55785,4.83054,49.73145,2
55786,4.83054,49.73145,2
55787,4.83054,49.73145,2
55788,4.83054,49.73145,2
55789,4.83076,49.73195,2
55790,4.83076,49.73195,2
55791,4.83891,49.72165,2
55792,4.83076,49.73195,2
55793,4.83076,49.73195,2
55794,4.83076,49.73195,2
55795,4.83076,49.73195,2
55796,4.83102,49.73267,2
55797,4.83102,49.73267,2
55798,4.83102,49.73267,2
55799,4.83102,49.73267,2
55800,4.83102,49.73267,2
55801,4.83102,49.73267,2
55802,4.83012,49.73103,2
55803,4.83047,49.73223,2
55804,4.83029,49.731,2
55805,4.83069,49.73197,2
55806,4.83055,49.73319,2
55807,4.71915,49.76289,2
55808,4.71917,49.76301,2
55809,4.7178,49.76562,2
55810,4.72247,49.76383,2
55811,4.7229,49.76346,2
55812,4.72178,49.76358,2
55813,4.7194,49.764,2
55814,4.72081,49.7636,2
55815,4.71944,49.76525,2
55816,4.71962,49.7653,2
55817,4.7229,49.76346,2
55818,4.7229,49.76346,2
55819,4.72235,49.76364,2
55820,4.71961,49.76367,2
55821,4.7194,49.764,2
55822,4.71959,49.76473,2
55823,4.71937,49.76437,2
55824,4.71937,49.76437,2
55825,4.71845,49.76438,2
55826,4.71944,49.76369,2
55827,4.71943,49.76357,2
55828,4.71939,49.76323,2
55829,4.71912,49.76266,2
55830,4.71772,49.78418,2
55831,4.72052,49.78607,2
55832,4.72447,49.78643,2
55833,4.7279,49.78901,2
55834,4.72321,49.79173,2
55835,4.71756,49.78562,2
55836,4.72131,49.78642,2
55837,4.72087,49.78688,2
55838,4.72151,49.7868,2
55839,4.721,49.7869,2
55840,4.71988,49.78467,2
55841,4.71119,49.78165,2
55842,4.70961,49.78208,2
55843,4.70961,49.78208,2
55844,4.70961,49.78208,2
55845,4.71082,49.78467,2
55846,4.71098,49.78522,2
55847,4.7108,49.78175,2
55848,4.71082,49.78467,2
55849,4.7108,49.78175,2
55850,4.7108,49.78175,2
55851,4.649617,49.929461,2
55852,4.650981,49.92948,2
55853,4.65067,49.92822,2
55854,4.68532,49.90466,2
55855,4.650128,49.928768,2
55856,4.650139,49.927789,2
55857,4.87011,49.3398,2
55858,4.86971,49.34017,2
55859,4.878142,49.350244,2
55860,4.87161,49.3409,2
55861,4.87105,49.34191,2
55862,4.869467,49.350652,2
55863,4.88065,49.35662,2
55864,4.87161,49.3409,2
55865,4.87247,49.34031,2
55866,4.87247,49.34031,2
55867,4.87247,49.34031,2
55868,4.87247,49.34031,2
55869,4.87247,49.34031,2
55870,4.86971,49.34017,2
55871,4.86977,49.34025,2
55872,4.86849,49.33941,2
55873,4.86663,49.34296,2
55874,4.86971,49.34017,2
55875,4.86817,49.34003,2
55876,4.86817,49.34003,2
55877,4.86832,49.33993,2
55878,4.86802,49.34002,2
55879,4.87022,49.342,2
55880,4.86811,49.33991,2
55881,4.8679,49.33989,2
55882,4.8679,49.33989,2
55883,4.86849,49.33941,2
55884,4.86787,49.34,2
55885,4.86971,49.34017,2
55886,4.86971,49.34017,2
55887,4.86971,49.34017,2
55888,4.87111,49.341,2
55889,4.87111,49.341,2
55890,4.870985,49.341272,2
55891,4.87118,49.3413,2
55892,4.86663,49.34296,2
55893,4.87161,49.3409,2
55894,4.8717,49.34107,2
55895,4.86737,49.33225,2
55896,4.86737,49.33225,2
55897,4.87011,49.3398,2
55898,4.86971,49.34017,2
55899,4.85465,49.3378,2
55900,4.86987,49.33969,2
55901,4.87019,49.3398,2
55902,4.37372,49.50821,2
55903,4.37333,49.50911,2
55904,4.37372,49.50821,2
55905,4.37372,49.50821,2
55906,4.37372,49.50821,2
55907,4.37372,49.50821,2
55908,4.36931,49.51102,2
55909,4.36815,49.51205,2
55910,4.36815,49.51205,2
55911,4.36815,49.51205,2
55912,4.36718,49.50799,2
55913,4.83045,49.73322,2
55914,4.82714,49.73423,2
55915,4.83035,49.73325,2
55916,4.83021,49.73396,2
55917,4.83536,49.73099,2
55918,4.82451,49.73485,2
55919,4.82926,49.7349,2
55920,4.83679,49.73118,2
55921,4.83679,49.73118,2
55922,4.83891,49.72165,2
55923,4.83891,49.72165,2
55924,4.83891,49.72165,2
55925,4.83891,49.72165,2
55926,4.83536,49.73099,2
55927,4.83342,49.73317,2
55928,4.83069,49.73197,2
55929,4.83065,49.73316,2
55930,4.82965,49.73348,2
55931,4.83026,49.73337,2
55932,4.83143,49.73395,2
55933,4.83143,49.73395,2
55934,4.83021,49.73396,2
55935,4.83013,49.73423,2
55936,4.83013,49.73423,2
55937,4.83013,49.73423,2
55938,4.83013,49.73423,2
55939,4.82715,49.73429,2
55940,4.82714,49.73423,2
55941,4.82451,49.73485,2
55942,4.83203,49.73283,2
55943,4.83203,49.73283,2
55944,4.83203,49.73283,2
55945,4.82714,49.73423,2
55946,4.82922,49.73361,2
55947,4.82524,49.73247,2
55948,4.82416,49.74186,2
55949,4.82661,49.7343,2
55950,4.82392,49.74101,2
55951,4.83091,49.73669,2
55952,4.82416,49.74186,2
55953,4.82416,49.74186,2
55954,4.82132,49.73635,2
55955,4.82119,49.7361,2
55956,4.82109,49.73592,2
55957,4.82102,49.73579,2
55958,4.82131,49.73613,2
55959,4.82611,49.73619,2
55960,4.83706,49.73161,2
55961,4.83891,49.72165,2
55962,4.83891,49.72165,2
55963,4.83003,49.73399,2
55964,4.82728,49.73413,2
55965,4.82787,49.73399,2
55966,4.83891,49.72165,2
